0.21600000000000005,0.637,190640,0.853,0,0.0,1,0.0357,-4.664,1,70,0.109,93.87,0.861,1
0.18,0.84,209253,0.8640000000000001,0,0.0,3,0.0729,-2.698,1,51,0.102,144.945,0.966,1
0.211,0.64,353106,0.611,0,0.7559999999999999,0,0.0942,-9.817,1,38,0.0284,149.774,0.68,4
0.961,0.387,209893,0.0946,0,0.00173,10,0.0929,-11.935,1,36,0.032,111.31,0.266,3
0.486,0.387,191293,0.532,0,3.54e-06,10,0.0901,-7.6,1,34,0.0443,94.237,0.594,5
0.0799,0.619,201616,0.6679999999999999,1,0.0,4,0.122,-2.115,0,64,0.271,76.514,0.147,0
0.981,0.542,171440,0.238,0,0.00255,7,0.092,-10.132,1,44,0.0298,138.69799999999998,0.515,5
0.604,0.648,190759,0.5820000000000001,0,0.253,10,0.111,-9.687,1,48,0.0464,144.998,0.361,1
0.885,0.529,324173,0.386,0,0.00613,6,0.39,-12.425999999999998,1,0,0.0487,134.45,0.581,7
0.0234,0.458,248240,0.888,0,5.12e-06,10,0.24,-5.856,1,37,0.0593,145.236,0.606,5
0.444,0.319,258800,0.275,0,0.000365,7,0.183,-13.195,1,50,0.0303,75.75399999999998,0.253,5
0.000252,0.6,246720,0.799,0,0.0121,2,0.0932,-3.51,1,57,0.0332,130.031,0.647,1
0.34700000000000003,0.78,228333,0.384,0,0.0441,5,0.109,-18.831,1,34,0.0453,106.688,0.7170000000000001,4
0.00785,0.506,134800,0.915,0,0.0,9,0.11,-6.03,1,41,0.0473,112.792,0.963,2
0.129,0.336,204680,0.273,0,0.0,8,0.138,-9.544,1,38,0.0365,80.083,0.327,4
0.00353,0.235,208133,0.977,0,0.00604,6,0.172,0.878,1,51,0.107,152.952,0.241,5
0.112,0.539,271773,0.731,1,1.19e-06,3,0.129,-5.085,0,62,0.453,81.11399999999998,0.568,1
0.0113,0.438,299366,0.529,0,0.0,9,0.109,-9.224,1,65,0.0324,136.14700000000002,0.395,1
0.294,0.812,240987,0.542,0,6.92e-05,7,0.141,-5.403,0,50,0.0444,110.268,0.733,1
0.992,0.552,194283,0.181,0,0.0302,0,0.113,-13.4,1,0,0.34600000000000003,139.61700000000002,0.546,7
0.463,0.426,211600,0.418,0,0.00139,9,0.0624,-10.935,0,51,0.0302,125.284,0.17800000000000002,4
0.789,0.725,180373,0.219,0,2.94e-06,2,0.132,-14.283,1,3,0.0626,106.046,0.417,7
0.898,0.447,125747,0.657,0,0.0,4,0.445,-6.7410000000000005,0,29,0.0514,171.016,0.735,5
0.491,0.579,217067,0.29,0,0.0,7,0.06,-15.12,1,42,0.0304,142.185,0.236,4
0.0004,0.527,227107,0.763,0,4.52e-06,11,0.108,-5.303,0,52,0.0325,113.406,0.26,2
0.987,0.675,194601,0.194,0,2.94e-05,7,0.231,-6.901,1,0,0.0791,126.068,0.643,8
0.383,0.966,201400,0.539,0,0.0,7,0.0534,-5.942,0,43,0.0657,111.993,0.772,2
0.895,0.445,144600,0.0626,0,0.0,2,0.12,-18.494,0,33,0.115,75.375,0.271,7
0.7020000000000001,0.595,249293,0.473,0,0.0,8,0.0725,-9.828,1,58,0.0347,204.016,0.716,2
0.00232,0.764,332853,0.521,0,0.000411,7,0.0751,-11.174,1,50,0.0937,174.009,0.512,2
0.737,0.489,161920,0.631,0,0.0,0,0.328,-7.447999999999999,1,13,0.036000000000000004,115.659,0.644,6
0.65,0.413,175827,0.48,0,0.000166,9,0.406,-9.27,1,21,0.0281,88.802,0.363,6
0.311,0.659,215481,0.44,0,0.00072,0,0.0786,-11.661,1,58,0.0827,107.994,0.228,1
0.0354,0.664,209000,0.426,0,0.0368,0,0.067,-12.234000000000002,1,38,0.184,78.73100000000002,0.523,3
0.989,0.265,55693,0.158,0,0.00356,0,0.196,-22.873,0,0,0.0536,163.64700000000005,0.14300000000000002,8
0.0398,0.364,200733,0.72,0,0.000458,6,0.213,-4.237,1,47,0.0274,170.093,0.393,2
0.0007700000000000001,0.406,137107,0.903,0,0.0172,10,0.124,-6.745,0,42,0.124,62.865,0.402,2
0.155,0.706,113800,0.236,1,6.26e-06,1,0.0934,-17.802,1,0,0.941,108.211,0.463,8
0.835,0.35,223333,0.219,0,0.0,8,0.181,-10.278,1,2,0.0282,76.533,0.219,8
0.935,0.407,229293,0.253,0,9.82e-05,5,0.0616,-11.922,0,6,0.0371,74.146,0.136,7
0.209,0.821,223173,0.8079999999999999,0,1.81e-06,8,0.447,-6.619,1,58,0.0544,122.362,0.964,1
0.805,0.6729999999999999,138693,0.297,0,0.897,9,0.2,-9.875,1,23,0.0332,108.494,0.34,7
0.7929999999999999,0.185,128400,0.35200000000000004,0,0.934,10,0.155,-12.529000000000002,1,4,0.0329,180.291,0.488,7
0.262,0.8370000000000001,240760,0.5589999999999999,0,9.09e-05,9,0.0778,-8.671,0,30,0.0697,155.685,0.914,4
0.294,0.52,209893,0.684,0,0.0,0,0.0882,-5.521,1,37,0.161,178.24,0.882,3
0.674,0.6,231880,0.53,0,6.72e-06,9,0.398,-7.0870000000000015,1,42,0.429,145.47799999999995,0.5820000000000001,2
0.529,0.73,200867,0.526,0,0.0,2,0.185,-10.241,1,39,0.051,83.944,0.765,3
0.0699,0.348,172733,0.7509999999999999,0,0.0007379999999999999,0,0.208,-12.823,1,63,0.0494,156.509,0.8859999999999999,3
0.122,0.644,242267,0.748,0,0.000114,9,0.112,-6.303,0,42,0.0253,116.083,0.5539999999999999,3
0.957,0.595,226467,0.195,0,0.006840000000000001,0,0.153,-16.718,0,15,0.049,132.933,0.408,7
0.968,0.5529999999999999,199658,0.17800000000000002,0,0.0,8,0.263,-11.271,1,0,0.0407,132.384,0.35700000000000004,8
0.8690000000000001,0.598,310840,0.626,0,0.0,8,0.953,-11.955,1,15,0.939,139.593,0.454,6
0.8759999999999999,0.552,175613,0.193,0,0.00323,5,0.13699999999999998,-14.913,1,13,0.0352,108.319,0.384,6
0.555,0.838,195173,0.536,0,0.000376,1,0.111,-8.645,0,70,0.0478,104.988,0.107,1
0.33,0.7859999999999999,249293,0.5820000000000001,0,0.0,1,0.0959,-5.732,1,38,0.0865,85.02,0.841,2
0.993,0.853,206719,0.161,0,0.0665,2,0.109,-8.189,1,0,0.215,78.92699999999998,0.7509999999999999,7
0.197,0.633,193511,0.5920000000000001,0,0.0,0,0.099,-7.245,0,68,0.112,90.066,0.679,1
0.755,0.423,212107,0.397,0,1.55e-06,4,0.17800000000000002,-11.472,1,52,0.0321,82.764,0.309,2
0.5770000000000001,0.517,166893,0.182,0,3.53e-05,0,0.18600000000000005,-14.994000000000002,1,23,0.0279,84.962,0.294,6
0.251,0.792,411360,0.446,0,0.0206,5,0.097,-12.178,1,23,0.039,112.252,0.66,4
0.935,0.257,980507,0.0851,0,0.5820000000000001,5,0.349,-22.028,1,43,0.0399,107.62,0.0392,6
0.973,0.162,228717,0.0546,0,0.00124,6,0.116,-20.565,1,47,0.0443,84.43799999999997,0.0902,4
0.000235,0.493,268613,0.8079999999999999,0,0.0,5,0.0983,-3.365,0,69,0.0362,117.971,0.38,2
0.0179,0.52,342049,0.61,1,0.0,1,0.111,-7.797999999999999,1,52,0.219,80.101,0.523,1
0.0333,0.617,285093,0.773,0,1.46e-06,7,0.0994,-10.03,1,36,0.0323,121.675,0.794,4
0.0135,0.7509999999999999,264400,0.7759999999999999,0,0.000928,2,0.698,-9.901,1,51,0.07400000000000001,137.931,0.66,4
0.105,0.607,273173,0.43,0,0.0,9,0.106,-6.778,1,53,0.0251,128.398,0.289,2
0.122,0.836,193271,0.684,1,0.0,11,0.0854,-5.818,1,61,0.241,151.007,0.514,1
0.254,0.6409999999999999,236733,0.4970000000000001,0,2.2e-06,7,0.159,-12.228,0,54,0.029,102.274,0.743,5
0.371,0.71,211933,0.49,0,4.31e-06,5,0.124,-8.968,1,20,0.0266,106.867,0.344,5
0.022,0.91,276333,0.444,1,0.0,1,0.13699999999999998,-8.126,0,70,0.344,149.953,0.53,1
0.957,0.377,223453,0.106,0,0.903,2,0.14,-28.036,1,33,0.045,118.529,0.76,4
0.909,0.341,258107,0.0446,0,0.00785,10,0.157,-18.109,1,54,0.0348,174.365,0.128,6
0.956,0.506,160467,0.098,0,0.732,9,0.116,-17.801,0,32,0.0365,103.136,0.109,6
0.0771,0.732,253714,0.884,0,0.0,1,0.138,-4.872,1,55,0.107,140.017,0.745,1
0.28800000000000003,0.475,298747,0.417,0,0.0,5,0.313,-12.438,1,29,0.0344,109.096,0.534,5
0.6659999999999999,0.594,181827,0.7390000000000001,0,0.0321,0,0.129,-5.704,1,45,0.16699999999999998,202.879,0.921,2
0.94,0.52,187220,0.327,0,5.01e-05,6,0.195,-9.122,1,0,0.035,133.183,0.609,8
0.00205,0.407,146147,0.794,0,0.119,6,0.0763,-11.547,0,23,0.0402,155.153,0.584,6
0.8640000000000001,0.535,256200,0.114,0,0.0072099999999999985,9,0.107,-16.671,1,44,0.0341,109.28,0.35600000000000004,2
0.991,0.617,49760,0.349,0,0.0,0,0.912,-12.916,0,18,0.5529999999999999,126.959,0.672,6
0.00387,0.8,211107,0.368,1,9.54e-05,4,0.114,-13.217,1,47,0.431,145.822,0.496,1
0.951,0.37,216880,0.0393,0,0.000126,9,0.0785,-27.541,1,23,0.0346,109.092,0.16699999999999998,6
0.0942,0.564,196680,0.629,0,0.387,9,0.192,-7.277,1,56,0.0272,93.969,0.34600000000000003,2
0.853,0.401,333067,0.0407,0,0.0134,5,0.603,-22.053,1,19,0.0369,105.823,0.227,6
0.934,0.456,300960,0.476,0,0.0271,10,0.17,-8.895,1,14,0.0514,141.317,0.48,6
0.0261,0.6559999999999999,229280,0.899,0,0.0,5,0.0936,-5.039,1,53,0.0565,113.239,0.865,2
0.433,0.8909999999999999,220547,0.759,0,0.000242,1,0.107,-2.66,0,44,0.0293,127.965,0.8370000000000001,2
0.13,0.679,225827,0.619,0,0.0105,4,0.104,-8.872,0,55,0.0741,89.32700000000001,0.6709999999999999,1
0.617,0.461,190533,0.271,0,2.85e-05,6,0.0379,-14.56,1,20,0.0416,200.976,0.594,6
0.958,0.363,267947,0.107,0,3.87e-05,9,0.118,-16.59,0,37,0.0386,91.573,0.125,5
0.0056700000000000006,0.392,278973,0.6759999999999999,0,0.000111,7,0.155,-11.914,1,32,0.0327,120.926,0.5479999999999999,3
0.976,0.45,297147,0.134,0,4.26e-05,10,0.157,-15.419,1,1,0.0532,122.97,0.163,7
0.0992,0.664,196893,0.852,0,0.0,6,0.0772,-3.007,0,54,0.0491,95.019,0.922,2
0.0103,0.7979999999999999,247440,0.792,0,0.00031,10,0.309,-5.6670000000000025,0,56,0.0448,94.967,0.7979999999999999,3
0.995,0.599,151133,0.093,0,0.905,6,0.129,-22.846,1,0,0.0799,122.349,0.6409999999999999,10
0.541,0.816,271200,0.845,1,0.0,9,0.104,-6.9179999999999975,0,40,0.199,103.007,0.565,2
0.818,0.368,147507,0.547,0,5.67e-05,0,0.187,-8.551,1,32,0.0428,164.055,0.936,4
0.927,0.447,98800,0.204,0,0.846,0,0.154,-14.134,1,40,0.0357,121.365,0.655,4
0.306,0.838,140236,0.482,1,0.0,4,0.0959,-5.273,0,66,0.0352,100.049,0.862,1
0.622,0.66,149200,0.264,0,0.0,2,0.354,-12.593,0,21,0.037000000000000005,98.929,0.7809999999999999,6
0.136,0.547,225560,0.655,0,0.0073700000000000015,2,0.116,-11.707,1,52,0.0414,125.545,0.649,5
0.102,0.579,211173,0.96,1,0.0,1,0.0674,-3.152,0,54,0.245,133.63,0.5660000000000001,2
0.995,0.7929999999999999,181920,0.116,0,0.491,2,0.117,-15.914,1,0,0.162,118.269,0.851,10
0.5920000000000001,0.462,218686,0.6970000000000001,0,0.0,4,0.957,-11.049,1,28,0.129,138.82,0.4920000000000001,3
0.7659999999999999,0.284,190093,0.522,0,0.897,9,0.7090000000000001,-10.59,1,16,0.0447,80.78699999999998,0.135,9
0.47,0.5720000000000001,223293,0.125,0,0.0669,4,0.142,-22.173,0,27,0.0288,79.406,0.415,4
0.251,0.774,212000,0.614,0,0.0,1,0.0605,-4.582,1,55,0.0393,129.97899999999998,0.193,2
0.727,0.866,336867,0.691,0,0.503,5,0.0737,-4.371,0,57,0.0478,94.997,0.87,2
0.228,0.378,312440,0.448,0,0.00517,6,0.0969,-8.312999999999999,1,37,0.0316,163.627,0.223,3
0.073,0.76,210293,0.77,0,0.0,5,0.109,-6.7970000000000015,0,55,0.099,113.272,0.895,2
0.00272,0.639,311813,0.7909999999999999,0,0.00067,4,0.4,-5.186,1,25,0.026,112.759,0.652,5
0.948,0.161,546400,0.0569,0,0.76,5,0.0996,-24.697,1,42,0.0489,80.268,0.136,3
0.406,0.5660000000000001,396968,0.5379999999999999,0,0.0004969999999999999,6,0.979,-5.729,1,48,0.0346,121.154,0.315,1
0.96,0.368,200733,0.14,0,0.467,6,0.124,-24.957,0,0,0.0356,102.998,0.361,8
0.867,0.42,236506,0.262,0,0.0,5,0.132,-15.335,0,32,0.0278,138.445,0.303,4
0.0697,0.763,100900,0.141,1,5.700000000000001e-06,1,0.105,-21.062,1,0,0.7190000000000001,103.121,0.499,8
0.962,0.272,157760,0.128,0,0.215,2,0.382,-21.784,1,0,0.0487,114.503,0.246,9
0.00823,0.879,270000,0.92,0,3.2200000000000003e-05,11,0.0341,-6.522,0,29,0.0703,126.272,0.87,3
0.589,0.523,175027,0.461,0,0.799,7,0.55,-12.004,0,17,0.0365,149.877,0.889,6
0.00366,0.634,170347,0.964,0,1.12e-06,4,0.0486,-3.869,1,51,0.0808,144.97799999999995,0.604,1
0.0175,0.295,360440,0.8059999999999999,0,0.000948,4,0.133,-12.755999999999998,0,21,0.11,124.633,0.379,4
0.964,0.16899999999999998,197733,0.183,0,0.0,5,0.151,-14.955,1,24,0.0373,82.68299999999998,0.0729,7
0.362,0.444,299800,0.902,0,0.0705,7,0.8809999999999999,-7.808,1,25,0.366,78.08,0.755,5
0.8340000000000001,0.444,168173,0.171,0,0.0,10,0.281,-14.522,1,32,0.0593,81.431,0.43,6
0.884,0.313,185267,0.14300000000000002,0,2.31e-05,0,0.403,-12.87,1,12,0.033,80.653,0.135,8
0.358,0.334,223933,0.86,0,0.0,5,0.314,-8.86,0,39,0.129,204.896,0.6940000000000001,6
0.98,0.407,206053,0.0896,0,0.0,8,0.118,-20.546,1,0,0.062,102.707,0.276,8
0.951,0.65,182493,0.48,0,0.008879999999999999,3,0.258,-9.874,1,2,0.0398,121.017,0.574,9
0.0633,0.809,298907,0.858,1,1.91e-06,10,0.565,-6.089,0,45,0.246,93.113,0.528,3
0.13699999999999998,0.76,230547,0.843,0,2.19e-06,9,0.7,-2.632,1,53,0.103,122.988,0.757,2
0.315,0.564,276400,0.112,0,0.107,8,0.114,-21.826,1,16,0.0767,102.049,0.58,7
0.986,0.368,200733,0.231,0,0.00118,7,0.0805,-12.921,1,0,0.0503,83.631,0.138,7
0.638,0.481,360107,0.281,0,0.000388,4,0.121,-15.732,0,30,0.0259,91.425,0.414,5
0.964,0.467,246000,0.168,0,0.0134,10,0.217,-18.329,1,21,0.0294,102.561,0.386,7
0.973,0.691,41146,0.198,0,0.00256,9,0.0969,-8.312000000000001,1,1,0.0706,103.373,0.967,9
0.0207,0.523,144773,0.731,0,0.000464,2,0.081,-8.613,1,50,0.0559,117.089,0.81,6
0.979,0.53,193000,0.233,0,0.00417,11,0.214,-12.423,1,0,0.0505,112.621,0.779,9
0.0717,0.7809999999999999,280827,0.344,0,0.0,0,0.0628,-12.779000000000002,1,60,0.0836,89.605,0.5579999999999999,3
0.179,0.851,273293,0.923,0,0.00707,7,0.102,-5.159,1,57,0.105,108.697,0.8290000000000001,3
0.927,0.34700000000000003,222427,0.173,0,0.43,5,0.343,-16.147000000000002,1,15,0.0423,115.464,0.175,6
0.464,0.461,330907,0.353,0,0.0013,1,0.253,-12.686,1,27,0.0366,135.879,0.26,5
0.329,0.573,254613,0.6779999999999999,0,3.65e-06,0,0.153,-7.315,1,42,0.0277,112.306,0.488,2
0.919,0.32299999999999995,681467,0.225,0,0.897,3,0.314,-15.161,1,17,0.0389,129.412,0.239,6
0.7090000000000001,0.42,142600,0.485,0,8.159999999999999e-05,3,0.11,-11.007,1,31,0.0422,94.65,0.539,7
0.056,0.4970000000000001,259573,0.526,0,0.37,0,0.563,-11.987,1,32,0.0543,177.282,0.705,5
0.16899999999999998,0.597,149467,0.96,0,2.89e-05,11,0.105,-3.989,1,63,0.042,163.017,0.937,5
0.919,0.75,131240,0.245,0,0.0143,2,0.123,-13.575,1,24,0.0455,136.674,0.81,4
0.259,0.534,249813,0.642,0,0.0,9,0.29,-3.971,1,77,0.0504,92.963,0.131,1
0.75,0.624,105253,0.477,0,0.00321,1,0.107,-13.239,1,17,0.0993,165.61700000000005,0.8859999999999999,7
0.00505,0.463,203825,0.95,1,3.66e-05,6,0.285,-9.206,0,27,0.0812,153.20600000000005,0.565,4
0.168,0.789,356493,0.258,0,0.007140000000000001,5,0.326,-11.759,1,53,0.104,127.491,0.335,2
0.774,0.583,145787,0.229,0,0.0,0,0.0737,-11.294,1,1,0.0274,108.26,0.5589999999999999,7
0.795,0.614,182840,0.785,0,7.170000000000001e-05,5,0.128,-5.2860000000000005,0,0,0.0506,132.931,0.805,7
0.7929999999999999,0.184,256093,0.334,0,3.3799999999999995e-05,0,0.328,-11.539,1,17,0.0342,83.023,0.192,7
0.16399999999999998,0.596,344584,0.7070000000000001,0,0.00196,7,0.99,-6.401,1,50,0.0269,132.211,0.43,3
0.135,0.4,180000,0.295,0,0.000162,7,0.297,-14.375,1,50,0.0373,121.568,0.234,5
0.0088,0.518,200787,0.772,0,0.000421,7,0.224,-5.124,1,53,0.023,100.137,0.499,1
0.0198,0.547,232973,0.575,0,0.0,10,0.205,-6.282,0,49,0.0258,143.752,0.311,2
0.989,0.5770000000000001,198333,0.32299999999999995,0,0.892,10,0.101,-13.556,0,0,0.0444,115.902,0.794,8
4.25e-05,0.388,188733,0.989,0,0.4370000000000001,5,0.408,-2.475,0,43,0.0659,110.139,0.311,2
0.994,0.476,152467,0.0039,0,0.956,5,0.112,-35.85,1,41,0.0425,132.97899999999998,0.417,4
0.14,0.621,383760,0.621,1,0.0,0,0.29600000000000004,-6.9929999999999986,1,36,0.339,135.996,0.575,3
0.00381,0.606,160027,0.7809999999999999,0,0.00872,9,0.0373,-10.945,1,45,0.0387,164.58,0.977,5
0.215,0.635,152067,0.813,0,9.7e-06,8,0.0941,-6.4670000000000005,1,40,0.027000000000000003,131.982,0.83,2
0.000456,0.616,303773,0.995,1,0.374,9,0.165,-8.78,0,26,0.0859,111.405,0.0393,4
0.8270000000000001,0.327,196667,0.0261,0,3.5600000000000005e-05,7,0.972,-31.68,1,26,0.044,150.963,0.511,3
0.00131,0.447,261733,0.8009999999999999,0,1.16e-06,8,0.0803,-5.237,0,39,0.0308,95.46,0.42,2
0.138,0.634,205413,0.649,0,0.0,11,0.28800000000000003,-6.056,1,69,0.0255,111.03,0.491,2
0.863,0.539,229093,0.171,0,0.0,9,0.132,-14.496,0,35,0.0265,80.01,0.0759,4
0.945,0.523,224347,0.153,1,0.000944,1,0.114,-12.785,1,63,0.0689,84.65899999999998,0.184,1
0.442,0.5589999999999999,390173,0.684,0,0.154,11,0.09,-10.583,0,25,0.0398,79.627,0.84,5
0.602,0.573,186707,0.426,0,0.0,0,0.393,-14.448,1,47,0.0349,98.719,0.7240000000000001,5
0.574,0.7140000000000001,172747,0.435,0,0.00297,2,0.0985,-13.165,1,32,0.0338,132.865,0.6729999999999999,5
0.457,0.157,166333,0.382,0,0.0,6,0.16699999999999998,-8.875,1,45,0.0313,178.017,0.38,2
0.000367,0.416,192787,0.967,1,0.0,9,0.0632,-2.289,0,53,0.109,171.032,0.431,2
0.111,0.863,161800,0.871,0,0.264,10,0.0887,-7.524,1,49,0.0391,91.732,0.969,1
0.00972,0.652,211547,0.823,0,0.0,10,0.0778,-3.386,0,46,0.0417,116.982,0.655,1
0.7509999999999999,0.5539999999999999,121440,0.405,0,3.19e-06,8,0.0754,-11.004,1,10,0.0336,137.518,0.757,7
0.000117,0.575,223867,0.8809999999999999,0,2.69e-05,9,0.147,-13.012,1,58,0.0357,132.127,0.6990000000000001,4
0.8420000000000001,0.53,168573,0.366,0,1.29e-05,1,0.071,-10.08,1,0,0.0407,109.241,0.813,8
0.00137,0.6629999999999999,219253,0.977,0,1.77e-05,0,0.173,-3.024,1,63,0.0575,129.975,0.746,2
0.24,0.772,328920,0.76,0,0.006220000000000001,1,0.032,-8.817,0,42,0.0478,111.257,0.927,5
0.29600000000000004,0.706,178533,0.7490000000000001,0,6.55e-06,0,0.086,-6.848,1,47,0.129,182.875,0.8320000000000001,2
0.294,0.76,161990,0.476,1,0.0,8,0.1,-8.103,1,62,0.241,147.01,0.354,1
0.556,0.634,234693,0.607,0,2.95e-06,0,0.12,-7.745,1,54,0.0543,128.41299999999998,0.7979999999999999,2
0.465,0.464,235627,0.754,1,1.57e-05,9,0.37,-6.653,0,68,0.128,86.501,0.444,2
0.612,0.6940000000000001,333947,0.314,1,2.04e-06,0,0.117,-7.82,1,64,0.117,119.906,0.338,1
0.958,0.481,210360,0.212,0,0.00175,0,0.17,-12.158,1,1,0.0607,117.551,0.392,8
0.909,0.453,157213,0.29100000000000004,0,0.0,7,0.101,-10.502,1,13,0.0272,86.427,0.326,6
0.342,0.428,132000,0.313,0,9.49e-05,8,0.0953,-14.832,1,13,0.0359,94.394,0.544,7
0.534,0.4270000000000001,415000,0.746,0,0.027000000000000003,9,0.529,-8.594,1,35,0.0356,171.46,0.8029999999999999,3
0.000537,0.325,88493,0.898,0,5.58e-05,1,0.193,-11.991,1,29,0.0692,102.488,0.306,4
0.0218,0.328,258600,0.4970000000000001,0,0.00519,0,0.487,-12.033,1,38,0.0286,94.567,0.265,5
0.785,0.762,193093,0.537,0,0.000669,9,0.0551,-9.58,1,66,0.0478,105.603,0.958,5
4.72e-05,0.385,228080,0.947,0,0.616,4,0.662,-3.141,1,50,0.0729,176.28,0.831,4
0.945,0.774,164133,0.417,0,0.00976,3,0.0972,-12.237,1,0,0.0453,115.894,0.914,10
0.0406,0.794,453533,0.688,0,0.000187,7,0.271,-7.282,1,40,0.0447,102.088,0.5670000000000001,2
0.984,0.302,267093,0.256,0,0.00125,5,0.131,-14.662,1,0,0.0431,130.29399999999998,0.16,7
0.662,0.691,144453,0.399,0,0.0,0,0.0536,-10.267,1,13,0.0314,107.156,0.645,6
0.45,0.574,204373,0.787,0,0.000192,5,0.104,-6.768,1,33,0.061,161.836,0.787,4
0.586,0.757,161627,0.805,0,0.465,7,0.316,-9.776,0,24,0.029,109.79,0.95,6
0.234,0.617,205773,0.363,0,0.0,10,0.34,-19.002,0,13,0.954,76.649,0.742,9
0.00512,0.685,289427,0.511,0,3.51e-06,0,0.27,-8.87,1,32,0.0255,125.997,0.547,3
0.319,0.388,313320,0.368,0,2.02e-06,9,0.0992,-10.984000000000002,1,61,0.0289,128.52700000000002,0.175,5
0.764,0.664,162787,0.25,0,0.0,8,0.0568,-12.880999999999998,0,24,0.0406,104.088,0.575,5
0.299,0.693,205987,0.624,0,7.64e-06,0,0.0955,-7.482,0,75,0.0448,105.002,0.369,1
0.18600000000000005,0.532,190573,0.29600000000000004,0,0.0,0,0.235,-13.525,0,38,0.0292,94.109,0.242,3
0.5670000000000001,0.5660000000000001,158627,0.508,0,0.0,6,0.32299999999999995,-7.402,1,18,0.0431,120.727,0.6829999999999999,6
0.629,0.5660000000000001,171240,0.318,0,5.95e-05,7,0.107,-14.862,1,21,0.0344,114.992,0.7040000000000001,5
0.991,0.531,174093,0.0697,0,0.0621,7,0.155,-19.312,0,0,0.049,130.869,0.422,9
0.0605,0.795,275093,0.607,1,0.0,1,0.0999,-5.9929999999999986,0,44,0.287,78.031,0.628,2
0.763,0.574,159213,0.534,0,0.0,1,0.14,-8.016,1,10,0.0448,136.863,0.884,6
0.483,0.3720000000000001,212207,0.273,0,4.41e-05,9,0.0588,-7.961,1,31,0.0311,138.401,0.499,3
0.976,0.343,755587,0.157,0,0.866,10,0.111,-15.713,1,0,0.0355,136.532,0.202,8
0.995,0.3670000000000001,190400,0.172,0,0.845,9,0.0923,-17.327,1,0,0.0558,75.747,0.593,9
7.159999999999999e-05,0.428,430733,0.972,0,0.0736,2,0.0787,-1.998,0,50,0.0666,118.306,0.225,2
0.835,0.628,270560,0.387,0,0.0139,10,0.105,-19.485,0,26,0.0389,99.848,0.935,6
0.8390000000000001,0.377,267029,0.5870000000000001,0,0.266,0,0.708,-13.797,1,0,0.18,100.71,0.279,9
0.851,0.6659999999999999,210027,0.258,0,0.924,8,0.14,-14.833,1,2,0.0909,104.992,0.6859999999999999,7
0.331,0.593,111200,0.8240000000000001,0,1.87e-05,8,0.0535,-8.191,1,29,0.0436,159.921,0.98,6
0.0187,0.48,228227,0.6729999999999999,0,0.0,0,0.0819,-4.517,1,50,0.0354,164.049,0.273,1
0.0233,0.4270000000000001,234400,0.745,0,6.23e-05,2,0.183,-5.516,1,42,0.049,83.96,0.562,2
0.795,0.0615,292973,0.298,0,0.879,11,0.332,-18.412,0,8,0.0494,61.253,0.122,7
0.0558,0.7290000000000001,259467,0.6629999999999999,0,3.01e-06,9,0.0595,-5.096,1,40,0.0326,101.254,0.927,5
0.476,0.324,200600,0.426,0,1.99e-06,7,0.411,-10.898,0,14,0.0315,140.858,0.414,6
0.0211,0.815,234000,0.493,1,1.56e-06,11,0.0876,-8.318999999999999,0,63,0.399,159.889,0.7190000000000001,0
0.551,0.5820000000000001,332827,0.395,0,0.000118,10,0.258,-8.279,1,45,0.0274,117.179,0.226,2
0.00148,0.189,393293,0.991,0,0.199,4,0.13699999999999998,-4.332,0,33,0.15,185.156,0.447,4
0.591,0.514,225773,0.365,0,0.000148,5,0.106,-17.179000000000002,0,32,0.0423,141.78,0.7440000000000001,5
0.7909999999999999,0.581,158267,0.542,0,0.941,9,0.266,-9.336,1,40,0.0867,104.216,0.6659999999999999,5
0.621,0.501,253453,0.394,0,0.0,3,0.274,-8.657,1,41,0.0295,66.781,0.217,3
0.4970000000000001,0.6779999999999999,271787,0.4920000000000001,0,2.660000000000001e-05,8,0.096,-11.116,1,24,0.0273,132.695,0.371,5
0.713,0.7509999999999999,463702,0.8590000000000001,0,0.265,5,0.304,-6.791,0,29,0.0446,123.945,0.6559999999999999,5
0.0216,0.456,330720,0.7979999999999999,0,0.000184,4,0.691,-8.52,1,24,0.16399999999999998,139.092,0.835,4
0.974,0.5429999999999999,1822119,0.248,0,1.0800000000000003e-05,10,0.358,-22.438,1,0,0.956,70.017,0.418,7
0.484,0.457,228440,0.368,0,0.0,7,0.155,-15.62,1,23,0.0316,133.862,0.6659999999999999,4
0.64,0.5820000000000001,154733,0.368,0,0.807,0,0.0601,-12.024,1,5,0.0415,112.5,0.856,8
0.916,0.35,205490,0.315,1,2.82e-06,3,0.0959,-9.753,1,66,0.064,88.449,0.4270000000000001,1
0.0932,0.7120000000000001,333387,0.654,0,0.071,8,0.131,-8.039,0,35,0.0667,93.959,0.55,3
0.00107,0.611,323560,0.937,0,0.259,7,0.34700000000000003,-6.5520000000000005,1,47,0.0455,121.989,0.392,1
0.841,0.35200000000000004,180733,0.214,0,0.284,8,0.243,-15.715,1,12,0.0285,58.035,0.101,6
0.000566,0.455,331200,0.8809999999999999,0,6.06e-05,11,0.11,-5.5870000000000015,1,51,0.0401,137.94899999999998,0.201,2
0.0845,0.5660000000000001,243234,0.976,0,0.000173,7,0.204,-6.593,1,28,0.0544,132.161,0.364,4
0.879,0.45,142240,0.234,0,0.0,9,0.141,-12.948,1,43,0.0486,180.503,0.5870000000000001,2
0.561,0.606,182219,0.794,0,1.01e-05,0,0.16,-6.565,0,45,0.0536,156.191,0.967,3
0.342,0.665,198107,0.448,0,4.07e-05,0,0.0655,-7.41,1,46,0.0422,100.251,0.376,4
0.994,0.403,94867,0.141,0,0.0,11,0.451,-12.086,0,0,0.0362,94.337,0.463,7
0.294,0.6809999999999999,279693,0.476,0,6.18e-06,7,0.079,-15.447,1,47,0.0294,120.535,0.6679999999999999,4
0.981,0.35600000000000004,402107,0.094,0,0.5529999999999999,3,0.361,-20.508000000000006,1,0,0.0396,96.523,0.238,9
0.00413,0.523,252227,0.934,0,0.00107,9,0.284,-6.394,1,30,0.0972,126.912,0.439,4
0.34,0.937,180387,0.5920000000000001,1,0.0,6,0.0935,-4.659,1,51,0.287,99.636,0.8109999999999999,2
0.8640000000000001,0.315,498893,0.207,0,0.483,7,0.0748,-17.644000000000005,0,1,0.0428,106.297,0.17800000000000002,8
0.0458,0.483,183273,0.8170000000000001,0,0.584,1,0.363,-3.927,0,49,0.0894,110.011,0.211,1
0.0301,0.725,248560,0.575,0,4.84e-05,2,0.136,-9.769,1,50,0.0511,144.157,0.757,3
0.986,0.326,130192,0.00891,0,0.934,0,0.111,-24.103,1,66,0.0518,69.79,0.299,1
0.984,0.28600000000000003,502027,0.209,0,0.0661,5,0.0994,-14.565,1,0,0.0568,84.18,0.201,8
0.0179,0.606,308067,0.5660000000000001,0,0.206,6,0.101,-8.526,0,46,0.0289,123.945,0.205,2
0.995,0.469,181493,0.175,0,0.972,1,0.105,-16.875999999999998,0,0,0.0685,78.456,0.318,9
0.911,0.308,204920,0.0734,0,0.0,7,0.28300000000000003,-23.964,1,0,0.0392,77.665,0.224,7
0.964,0.489,229267,0.393,0,0.725,10,0.132,-12.019,1,2,0.0376,131.085,0.483,7
0.14,0.812,235827,0.532,0,0.0136,7,0.12,-11.84,1,29,0.239,141.694,0.914,4
0.685,0.4920000000000001,141987,0.35200000000000004,0,0.0,7,0.116,-7.3210000000000015,1,37,0.0314,134.312,0.784,6
0.883,0.242,183040,0.316,0,0.000787,10,0.154,-9.124,1,46,0.0301,84.585,0.197,2
0.0995,0.754,350788,0.852,0,0.8490000000000001,7,0.0661,-8.123,1,48,0.0598,101.673,0.604,2
0.243,0.5870000000000001,110067,0.779,1,1.35e-05,4,0.124,-5.992000000000001,1,42,0.0499,175.797,0.948,2
0.000509,0.4970000000000001,185733,0.96,0,0.0151,1,0.151,-3.532,1,50,0.125,171.835,0.669,1
0.978,0.407,209493,0.141,0,0.0,1,0.161,-16.414,1,9,0.0696,64.86,0.326,10
0.113,0.499,232707,0.765,0,0.0,9,0.0509,-4.148,1,51,0.0521,83.916,0.665,2
0.266,0.57,136467,0.7290000000000001,0,3.75e-05,1,0.0616,-8.646,1,31,0.0276,126.582,0.86,6
0.000292,0.493,229733,0.979,0,0.00124,0,0.378,-3.08,1,45,0.0722,134.056,0.435,2
0.539,0.349,186307,0.129,0,0.405,5,0.192,-15.883,1,51,0.0294,104.837,0.163,6
0.901,0.546,170493,0.274,0,0.0,2,0.888,-17.961,1,0,0.173,125.416,0.904,7
0.965,0.459,171507,0.333,0,0.0654,3,0.534,-7.235,1,0,0.111,215.431,0.856,9
0.539,0.333,295569,0.389,0,0.0772,7,0.163,-9.132,1,64,0.0364,144.204,0.25,1
0.8270000000000001,0.405,644173,0.326,0,0.00117,8,0.873,-19.9,1,9,0.056,94.08,0.502,7
0.8340000000000001,0.495,153093,0.228,0,1.29e-06,3,0.183,-13.33,1,36,0.0686,169.59799999999996,0.5670000000000001,8
0.379,0.6990000000000001,252933,0.568,0,0.00913,2,0.336,-11.261,1,50,0.105,96.565,0.7020000000000001,5
0.8009999999999999,0.682,237627,0.207,0,0.0,11,0.0637,-16.552,0,43,0.0292,108.973,0.14400000000000002,4
0.0439,0.8109999999999999,210815,0.315,1,0.0,0,0.126,-11.55,1,51,0.0438,100.024,0.972,1
0.992,0.466,233600,0.15,0,0.877,5,0.0889,-24.581,1,51,0.062,159.517,0.7959999999999999,3
0.00354,0.4,50547,0.882,0,0.409,8,0.253,-9.858,1,29,0.0621,108.002,0.622,5
0.16699999999999998,0.6509999999999999,225667,0.648,0,1.7e-05,9,0.192,-7.44,1,58,0.0346,97.017,0.868,5
0.192,0.6920000000000001,230747,0.369,0,2.49e-05,9,0.102,-8.465,1,36,0.0336,96.826,0.614,2
0.8340000000000001,0.39,132760,0.234,0,0.0,5,0.0798,-11.467,1,11,0.0296,100.348,0.5479999999999999,6
0.8009999999999999,0.696,408499,0.249,0,0.0,0,0.375,-18.434,1,0,0.962,104.393,0.633,9
0.994,0.414,194733,0.0911,0,0.604,9,0.119,-15.125,1,0,0.0491,68.205,0.375,8
0.948,0.6859999999999999,136467,0.63,0,0.95,0,0.119,-12.219,1,0,0.0377,117.627,0.973,8
0.975,0.355,432546,0.188,0,0.8590000000000001,7,0.122,-18.089,0,40,0.0369,113.537,0.214,3
0.968,0.273,193333,0.35700000000000004,0,0.0,7,0.19,-6.171,1,0,0.0408,93.003,0.0837,7
0.0507,0.443,214107,0.8340000000000001,0,0.00119,2,0.3,-8.35,1,27,0.0355,137.999,0.845,5
0.0648,0.7340000000000001,303533,0.892,1,0.0,2,0.58,-1.856,1,62,0.125,138.031,0.605,1
0.125,0.385,123000,0.604,0,0.885,0,0.841,-7.601,1,30,0.0334,125.098,0.5579999999999999,6
0.196,0.597,190587,0.86,0,0.0,1,0.087,-2.315,1,67,0.0461,172.06400000000005,0.818,1
0.8370000000000001,0.136,161400,0.247,0,0.0,10,0.16399999999999998,-13.646,1,12,0.0376,187.34,0.046,8
0.818,0.483,59987,0.892,0,0.931,9,0.109,-5.438,1,42,0.112,129.565,0.183,3
0.995,0.4920000000000001,190563,0.119,0,0.6459999999999999,11,0.139,-17.877,0,0,0.0513,124.934,0.6,7
0.96,0.73,192000,0.456,0,0.8059999999999999,10,0.111,-9.37,1,2,0.123,113.298,0.774,8
0.795,0.605,127600,0.126,0,0.0,7,0.11,-20.592,1,0,0.4270000000000001,132.236,0.25,8
0.994,0.395,170373,0.0511,0,4.44e-06,7,0.194,-22.13300000000001,0,0,0.138,69.132,0.111,7
0.8059999999999999,0.875,115640,0.0744,0,0.000723,7,0.179,-16.7,1,35,0.16399999999999998,115.837,0.782,5
0.292,0.489,249757,0.494,0,0.918,4,0.211,-9.972,0,0,0.0347,104.38,0.457,8
0.0028,0.677,276547,0.764,0,2.26e-06,0,0.0793,-6.856,1,28,0.0347,126.849,0.746,4
0.0264,0.8220000000000001,241933,0.7390000000000001,0,4.26e-05,1,0.181,-4.541,0,54,0.0311,118.992,0.745,2
0.8959999999999999,0.511,150467,0.0704,0,2.94e-05,1,0.114,-18.801,1,13,0.0387,94.015,0.403,6
0.972,0.23,273293,0.259,0,0.00974,7,0.218,-12.496,0,1,0.0403,168.581,0.136,8
0.996,0.374,93387,0.00526,0,0.912,7,0.0735,-35.546,1,46,0.0533,69.813,0.386,6
0.00555,0.35700000000000004,209373,0.599,0,0.8140000000000001,1,0.111,-8.304,0,43,0.033,167.82299999999995,0.138,2
0.652,0.408,182307,0.299,0,0.0209,9,0.231,-16.016,1,34,0.0281,96.217,0.584,5
0.7140000000000001,0.536,93200,0.319,0,0.0,1,0.232,-11.751,1,13,0.0367,102.262,0.518,6
0.0243,0.764,271053,0.6920000000000001,0,0.127,1,0.197,-8.787,1,29,0.0376,126.295,0.7,4
0.996,0.371,151000,0.429,0,0.968,0,0.193,-13.349,0,0,0.3670000000000001,83.762,0.614,10
0.403,0.723,225267,0.7390000000000001,1,0.0,0,0.365,-7.943,1,46,0.401,177.886,0.805,3
0.449,0.5589999999999999,181800,0.6579999999999999,0,2.8e-06,2,0.239,-16.085,1,44,0.0459,114.086,0.799,3
0.0351,0.602,246696,0.721,1,0.0,10,0.194,-8.296,1,44,0.14,150.1,0.478,1
0.995,0.708,106827,0.0699,0,0.7,8,0.109,-18.047,1,0,0.262,96.693,0.79,7
0.00365,0.447,208467,0.863,0,0.0138,6,0.0448,-6.303,0,56,0.0585,162.311,0.835,2
0.901,0.5379999999999999,130093,0.235,0,0.00108,2,0.123,-14.401,1,22,0.0587,146.38299999999995,0.312,6
0.00176,0.413,157960,0.967,0,1.09e-06,6,0.101,-3.96,0,36,0.136,130.451,0.279,3
0.00593,0.428,276400,0.959,0,0.917,11,0.0991,-9.658,0,41,0.0739,124.63,0.399,4
0.988,0.281,178667,0.302,0,0.804,10,0.147,-9.264,1,53,0.0298,83.992,0.237,4
0.141,0.774,244800,0.79,0,0.0144,0,0.16899999999999998,-11.305,1,22,0.0614,106.471,0.815,4
0.0204,0.542,391067,0.877,0,0.161,7,0.972,-6.266,1,45,0.0616,82.676,0.584,3
0.987,0.525,166213,0.131,0,0.0123,5,0.33,-17.858,1,4,0.0306,106.412,0.314,8
0.6679999999999999,0.807,152413,0.483,0,0.0,5,0.0923,-11.297,1,9,0.0327,115.363,0.858,6
0.635,0.503,576000,0.478,0,0.000759,0,0.91,-15.573,1,22,0.0592,136.54399999999998,0.691,6
0.0049,0.459,242120,0.525,0,0.483,11,0.339,-7.254,0,35,0.033,123.244,0.231,4
0.0427,0.556,220587,0.504,0,0.000356,9,0.0582,-11.513,1,56,0.0293,84.421,0.616,1
0.981,0.451,170933,0.233,0,0.00263,7,0.305,-16.136,1,0,0.0995,110.758,0.177,7
0.988,0.271,359213,0.0843,0,0.915,2,0.11,-25.501,1,42,0.0526,136.15,0.0789,2
0.511,0.731,286760,0.489,0,3.04e-06,10,0.0775,-8.361,1,54,0.0244,108.019,0.363,2
0.219,0.6579999999999999,110300,0.179,1,0.0,0,0.39,-23.401,1,0,0.922,89.044,0.605,10
0.975,0.173,169533,0.129,0,0.964,6,0.101,-20.377,0,52,0.042,62.98,0.0339,1
0.986,0.466,204507,0.568,0,0.102,5,0.6809999999999999,-7.047999999999999,0,0,0.158,175.08900000000003,0.61,9
0.5379999999999999,0.7170000000000001,178509,0.639,0,0.0,8,0.0749,-5.216,1,65,0.15,99.184,0.721,1
0.00368,0.601,231960,0.911,0,0.0,9,0.094,-3.585,1,53,0.0406,115.047,0.518,2
0.65,0.5,206640,0.251,0,0.0,2,0.156,-9.912,1,27,0.0311,132.29,0.35200000000000004,5
0.853,0.515,40848,0.457,0,0.953,5,0.161,-9.317,1,0,0.0604,63.77,0.675,7
0.919,0.596,256560,0.0724,0,0.0647,7,0.115,-19.799,0,18,0.055,82.524,0.614,7
0.99,0.436,197680,0.213,0,0.8690000000000001,3,0.219,-16.213,1,0,0.0603,90.076,0.7290000000000001,7
0.0586,0.731,247160,0.445,0,1.96e-05,0,0.14,-8.418,1,78,0.0533,117.97,0.106,1
0.00388,0.493,212240,0.923,0,0.0391,9,0.133,-6.017,1,20,0.0693,155.22799999999995,0.476,4
0.993,0.501,198778,0.00828,0,0.907,8,0.1,-27.264,1,9,0.0628,78.02600000000002,0.0835,7
0.7040000000000001,0.627,164373,0.782,0,0.00113,5,0.118,-8.404,0,25,0.0396,127.608,0.926,5
0.0239,0.365,385080,0.611,0,1.84e-05,0,0.119,-11.821,1,30,0.0978,180.236,0.675,5
0.537,0.578,172907,0.333,0,3.2200000000000003e-05,0,0.0982,-13.017,1,28,0.0263,94.13,0.461,6
0.00575,0.606,207301,0.642,1,0.48,8,0.102,-5.339,1,61,0.0279,84.975,0.0763,1
0.353,0.695,96900,0.128,1,0.0,11,0.123,-17.752,0,0,0.935,80.00399999999998,0.6,9
0.947,0.419,591467,0.153,0,0.743,7,0.297,-16.072,1,0,0.0494,82.25200000000002,0.119,8
0.7559999999999999,0.354,153493,0.4370000000000001,0,0.0,3,0.282,-7.485,1,31,0.0292,184.518,0.623,3
0.5770000000000001,0.35,224147,0.981,0,0.612,11,0.263,-9.085,1,16,0.0689,115.075,0.862,6
0.981,0.26,236120,0.244,0,0.00101,4,0.284,-14.235,0,0,0.0418,99.654,0.0383,7
0.392,0.631,261040,0.851,0,0.0647,7,0.57,-5.871,1,51,0.04,107.008,0.469,2
0.6659999999999999,0.6679999999999999,214667,0.867,0,0.0,11,0.22,-7.5939999999999985,1,53,0.033,124.613,0.963,5
0.00837,0.239,358880,0.7440000000000001,0,0.00105,5,0.0695,-7.973,1,48,0.0313,110.582,0.29,4
0.0123,0.501,320027,0.7559999999999999,0,0.0,7,0.967,-6.2079999999999975,1,51,0.0376,104.035,0.293,3
0.8809999999999999,0.494,228067,0.218,0,4.99e-05,5,0.171,-12.406,1,0,0.0367,103.074,0.524,7
0.234,0.6559999999999999,198400,0.253,0,0.0,0,0.391,-12.294,1,27,0.0311,83.96799999999998,0.488,3
0.0113,0.745,328733,0.956,0,0.0699,11,0.35600000000000004,-4.503,0,41,0.0627,112.074,0.502,2
0.0741,0.619,389227,0.602,0,0.0268,0,0.339,-14.872,1,42,0.0276,147.66299999999995,0.863,3
0.547,0.795,139900,0.361,0,0.0,7,0.0507,-10.569,1,42,0.134,133.299,0.982,3
0.994,0.462,277280,0.395,0,0.0821,1,0.106,-18.612,1,0,0.0873,109.047,0.7290000000000001,8
0.865,0.303,358840,0.325,0,0.934,0,0.0444,-16.272000000000002,1,0,0.0379,145.833,0.399,8
0.994,0.345,134933,0.0777,0,0.931,9,0.102,-23.57,1,0,0.0417,68.699,0.232,8
0.677,0.5870000000000001,153333,0.456,0,0.0,0,0.272,-8.365,1,33,0.029,133.623,0.7490000000000001,5
0.00149,0.491,165832,0.7709999999999999,0,0.000262,9,0.232,-5.037,1,56,0.041,103.005,0.242,1
0.4970000000000001,0.435,234000,0.713,0,1.45e-06,10,0.0915,-5.37,1,49,0.0688,205.396,0.8759999999999999,3
0.8190000000000001,0.312,151027,0.289,0,1.53e-05,4,0.222,-15.297,1,12,0.0392,123.497,0.172,7
0.994,0.309,96213,0.0547,0,0.923,10,0.0784,-22.599,0,2,0.0367,154.878,0.0522,9
0.993,0.358,211733,0.099,0,0.877,0,0.122,-17.101,0,0,0.0751,72.115,0.333,8
0.95,0.561,222468,0.0587,0,0.0,5,0.0828,-17.819000000000006,1,70,0.0762,143.02700000000004,0.342,1
0.84,0.8190000000000001,93800,0.172,0,4.09e-05,0,0.0728,-16.817,1,29,0.105,77.212,0.916,5
0.11,0.7290000000000001,172907,0.8759999999999999,0,0.000715,6,0.301,-3.818,0,61,0.0679,92.993,0.674,1
0.111,0.5820000000000001,260253,0.525,0,0.0,1,0.134,-7.1629999999999985,0,77,0.0627,133.249,0.51,1
0.0987,0.5670000000000001,182493,0.7170000000000001,0,0.244,9,0.134,-10.64,1,27,0.054000000000000006,172.298,0.885,4
0.0866,0.6990000000000001,280733,0.715,0,0.0483,0,0.273,-6.114,1,29,0.0448,117.644,0.693,5
0.33,0.546,253040,0.5589999999999999,0,0.00304,9,0.369,-10.367,1,27,0.0373,94.951,0.7070000000000001,4
0.983,0.239,237107,0.111,0,0.166,1,0.0973,-17.274,1,19,0.0381,91.519,0.157,7
0.13699999999999998,0.591,246816,0.848,0,0.0,9,0.3720000000000001,-4.397,0,76,0.0828,105.922,0.386,0
0.643,0.361,321427,0.261,0,0.0,2,0.136,-11.436,1,34,0.0362,112.286,0.257,5
0.231,0.8270000000000001,370800,0.623,0,0.00352,4,0.0422,-8.499,0,46,0.0389,110.857,0.969,3
0.595,0.737,185929,0.5379999999999999,0,0.418,8,0.105,-9.414,1,22,0.0421,100.018,0.453,5
0.718,0.5660000000000001,160667,0.183,0,0.0,0,0.0778,-15.179,1,6,0.0551,118.825,0.474,7
0.258,0.32299999999999995,368627,0.621,0,0.000179,0,0.117,-9.163,1,25,0.062,152.93,0.309,5
0.946,0.494,160013,0.472,0,0.013,5,0.445,-11.546,1,0,0.103,203.208,0.961,8
0.8740000000000001,0.458,178840,0.146,0,0.000793,2,0.101,-15.264,1,45,0.0321,101.246,0.545,2
0.0564,0.775,225400,0.87,0,2.82e-06,0,0.273,-4.198,0,71,0.0576,129.95600000000002,0.501,0
0.0627,0.836,305067,0.7929999999999999,1,2.57e-05,7,0.219,-7.744,1,39,0.109,106.005,0.887,3
0.799,0.5720000000000001,211893,0.0748,0,1.91e-05,2,0.118,-19.811,1,32,0.0578,142.721,0.557,7
0.00707,0.311,160867,0.867,0,2.14e-05,9,0.343,-6.43,1,40,0.19,192.622,0.281,5
0.946,0.47,309773,0.362,0,0.921,10,0.0753,-14.228,0,5,0.0526,109.058,0.5,7
0.8490000000000001,0.8190000000000001,237715,0.412,0,0.745,2,0.113,-15.092,1,0,0.101,119.817,0.6890000000000001,9
0.000122,0.5529999999999999,218973,0.958,0,0.0,9,0.086,-3.088,1,48,0.0387,109.992,0.573,1
0.936,0.715,205200,0.269,0,0.0,4,0.079,-16.145,1,0,0.599,112.759,0.596,9
0.000924,0.182,324147,0.969,0,5.610000000000002e-05,7,0.268,-4.787,1,34,0.179,189.175,0.302,4
0.0681,0.6629999999999999,145573,0.848,0,0.0,9,0.114,-9.652,1,24,0.0439,123.926,0.743,5
0.992,0.224,187000,0.14800000000000002,0,0.294,7,0.0941,-16.634,0,9,0.0463,87.464,0.341,6
0.45,0.595,183853,0.685,0,2.64e-05,10,0.0718,-7.902,1,29,0.0443,79.502,0.5710000000000001,6
0.00325,0.657,239373,0.885,0,0.0011,2,0.322,-9.878,1,31,0.0303,124.929,0.7879999999999999,3
0.00411,0.373,340187,0.755,0,0.000799,2,0.0635,-7.574,1,53,0.103,111.813,0.57,3
0.994,0.276,255667,0.0312,0,0.908,5,0.0602,-21.733,1,1,0.0401,133.892,0.0663,10
0.334,0.414,215827,0.424,0,4.95e-06,10,0.131,-9.497,1,46,0.0399,132.43,0.325,1
0.29,0.435,237798,0.561,1,1.55e-06,8,0.197,-9.308,1,60,0.14300000000000002,80.209,0.231,1
0.0812,0.7559999999999999,205593,0.589,1,0.0,0,0.17600000000000002,-5.093,1,65,0.232,146.928,0.8109999999999999,1
0.475,0.589,201400,0.368,0,0.0,0,0.108,-12.979,1,52,0.0264,89.626,0.523,3
0.025,0.735,215227,0.7659999999999999,0,0.0013800000000000002,1,0.108,-4.485,1,72,0.0383,127.985,0.6,1
0.992,0.338,53107,0.364,0,0.911,2,0.175,-20.717,1,8,0.0471,115.046,0.903,7
0.238,0.504,247413,0.797,0,3.54e-05,8,0.0944,-7.3,1,43,0.0438,105.921,0.364,5
0.16899999999999998,0.7140000000000001,111200,0.263,1,0.0,1,0.362,-13.232,1,0,0.942,108.64,0.573,10
0.071,0.5579999999999999,184507,0.818,0,0.0,8,0.21,-4.07,1,68,0.0403,81.03399999999998,0.453,1
0.00178,0.415,260653,0.95,1,7.46e-05,2,0.385,-3.5980000000000003,0,41,0.111,164.96,0.619,2
0.89,0.625,198583,0.772,0,0.00331,9,0.0717,-4.819,1,41,0.0426,99.81,0.936,4
0.5660000000000001,0.675,126000,0.419,0,0.0,0,0.106,-10.943,1,38,0.504,118.958,0.622,6
0.38,0.599,273707,0.47,0,0.0,1,0.111,-8.356,1,58,0.0376,127.177,0.298,3
0.0325,0.326,265573,0.866,0,4.71e-06,5,0.273,-10.124,0,38,0.0422,179.139,0.5920000000000001,5
0.647,0.828,171695,0.349,1,1.57e-05,6,0.105,-9.96,0,65,0.17,130.07399999999998,0.282,1
0.319,0.649,417053,0.317,0,0.0,10,0.226,-15.794,0,13,0.952,77.52199999999998,0.594,8
0.28,0.7559999999999999,278493,0.726,0,1.24e-06,7,0.125,-8.279,1,49,0.0471,129.999,0.911,1
0.78,0.619,376867,0.62,0,0.633,1,0.252,-11.21,0,36,0.0274,137.085,0.665,4
0.537,0.708,217241,0.665,0,0.0,1,0.578,-7.612,0,67,0.0994,106.999,0.637,1
0.212,0.69,201333,0.6729999999999999,0,2e-06,2,0.0382,-4.791,1,46,0.0252,111.975,0.757,3
0.46,0.662,256973,0.39,0,0.0,4,0.179,-10.416,1,45,0.0239,82.007,0.713,2
0.305,0.645,302800,0.888,0,0.0,4,0.273,-4.294,1,40,0.0336,111.951,0.7290000000000001,2
0.263,0.511,118080,0.325,0,0.0,0,0.33,-8.003,1,38,0.0498,122.718,0.439,2
0.513,0.613,210341,0.857,0,0.00105,2,0.268,-7.002999999999999,1,56,0.0476,131.96200000000002,0.32,1
0.818,0.244,191533,0.359,0,0.0,7,0.589,-9.668,0,17,0.0317,85.652,0.211,6
0.147,0.693,213173,0.575,0,0.0,3,0.16,-4.12,1,57,0.0463,144.149,0.858,1
0.99,0.0,8853,0.6940000000000001,0,0.957,2,0.47,-9.515,1,0,0.0,0.0,0.0,7
0.73,0.8240000000000001,162667,0.521,0,7.32e-05,5,0.0773,-9.545,1,22,0.0707,132.481,0.902,6
0.956,0.439,339147,0.308,0,0.527,2,0.114,-15.375,1,0,0.0406,89.125,0.461,8
0.0396,0.638,266533,0.775,0,0.000307,7,0.0514,-11.682,1,38,0.0343,118.993,0.442,4
0.972,0.324,166360,0.0771,0,0.102,2,0.109,-19.957,1,19,0.0297,78.12899999999998,0.155,7
0.284,0.513,289800,0.355,0,0.0,5,0.108,-9.997,1,46,0.0287,75.04,0.218,2
6.08e-05,0.403,226467,0.754,0,7.730000000000001e-05,0,0.529,-5.256,1,56,0.0441,136.02100000000002,0.398,2
0.284,0.816,171813,0.669,0,0.0,6,0.0563,-7.925,1,57,0.0295,112.132,0.967,1
0.795,0.361,189733,0.14400000000000002,0,0.0429,0,0.0838,-18.294,1,30,0.04,76.248,0.22,6
0.7140000000000001,0.4270000000000001,230493,0.395,0,0.0,5,0.155,-7.3610000000000015,1,25,0.0298,144.42600000000004,0.542,5
0.67,0.711,185155,0.382,0,0.0,11,0.11,-7.3439999999999985,0,68,0.0428,104.988,0.516,1
0.847,0.667,161467,0.209,0,0.006959999999999999,5,0.0773,-16.915,1,44,0.0358,95.311,0.685,6
0.995,0.456,189547,0.116,0,0.954,8,0.146,-17.128,1,0,0.1,132.705,0.443,10
0.28300000000000003,0.812,264213,0.493,0,0.0,2,0.17600000000000002,-4.297,1,37,0.0444,97.601,0.787,2
0.00067,0.539,515387,0.828,0,0.421,4,0.154,-9.108,0,67,0.035,105.25,0.562,4
0.991,0.524,212013,0.478,0,0.669,10,0.129,-6.8820000000000014,1,2,0.044,124.682,0.649,10
0.0192,0.64,203760,0.741,0,4e-05,7,0.0793,-8.792,1,33,0.0351,99.333,0.75,5
0.993,0.385,473773,0.128,0,0.8640000000000001,0,0.332,-22.161,1,0,0.0389,103.28,0.139,7
0.272,0.52,302013,0.847,1,0.0,9,0.325,-5.3,1,58,0.4270000000000001,177.37099999999995,0.799,3
0.969,0.745,296093,0.14300000000000002,0,0.00296,4,0.124,-18.054,0,23,0.0375,75.381,0.695,5
0.906,0.6759999999999999,195326,0.318,0,0.000243,5,0.383,-10.514,0,0,0.0608,128.686,0.755,7
0.643,0.6509999999999999,180733,0.442,0,0.0,0,0.369,-12.903,1,49,0.17800000000000002,99.656,0.6579999999999999,3
0.8909999999999999,0.65,232765,0.193,0,0.8740000000000001,8,0.111,-17.113,1,0,0.0945,122.435,0.471,9
0.075,0.695,250693,0.6579999999999999,0,0.0,8,0.108,-10.626,1,36,0.0326,148.593,0.698,3
0.8059999999999999,0.135,278613,0.343,0,0.00177,0,0.17800000000000002,-7.315,1,47,0.0334,71.729,0.08,2
0.778,0.603,107333,0.6890000000000001,0,2.42e-05,2,0.135,-12.078,1,32,0.0381,153.09799999999996,0.955,6
0.229,0.7490000000000001,245333,0.434,0,0.0,5,0.303,-14.768,1,0,0.0353,119.565,0.564,9
0.746,0.551,137401,0.381,0,0.000125,7,0.269,-10.538,1,0,0.0456,135.208,0.715,9
0.993,0.31,195107,0.4,0,0.038,1,0.6920000000000001,-12.497,1,0,0.0458,69.018,0.373,9
0.996,0.541,191627,0.47,0,9.68e-05,4,0.124,-4.9430000000000005,1,0,0.039,127.243,0.8059999999999999,8
0.00169,0.557,437840,0.399,0,0.0008289999999999999,5,0.0987,-9.062,0,31,0.0397,121.369,0.384,5
0.988,0.171,187373,0.221,0,0.868,6,0.355,-20.07,0,0,0.0494,77.768,0.534,9
0.0095,0.5920000000000001,241849,0.877,0,0.000171,2,0.131,-4.05,0,63,0.0502,117.106,0.7120000000000001,1
0.00474,0.635,196467,0.974,0,1.56e-05,8,0.41,-5.3729999999999976,1,65,0.052000000000000005,142.049,0.495,2
0.467,0.6809999999999999,612733,0.295,0,0.0,10,0.777,-16.893,0,12,0.945,99.947,0.4970000000000001,8
0.782,0.14300000000000002,104973,0.253,0,0.8590000000000001,11,0.711,-16.364,1,1,0.0347,102.311,0.0357,7
0.953,0.068,390333,0.0776,0,0.8,9,0.395,-26.649,0,0,0.0438,74.866,0.0322,7
0.992,0.0935,149133,0.101,0,0.918,10,0.101,-18.833,1,5,0.037000000000000005,74.604,0.0336,8
0.843,0.447,67027,0.321,0,0.659,4,0.299,-20.336,1,23,0.0381,107.036,0.265,4
0.986,0.28800000000000003,204440,0.0534,0,0.00394,9,0.0945,-21.689,0,48,0.0443,136.90200000000002,0.125,6
0.000471,0.175,167533,0.266,0,0.933,3,0.112,-14.347,0,27,0.0391,79.567,0.261,4
0.37,0.71,260885,0.557,0,0.0,8,0.115,-9.758,1,56,0.101,105.0,0.065,1
0.118,0.65,255293,0.535,0,0.0,5,0.187,-13.325,1,59,0.0282,173.8,0.9,4
0.974,0.187,710467,0.119,0,0.8759999999999999,9,0.21,-17.166,0,1,0.0411,86.822,0.13699999999999998,7
0.904,0.408,193867,0.22,0,0.000322,3,0.109,-17.044,1,0,0.0825,135.31,0.267,7
0.961,0.69,178240,0.236,0,6.52e-05,10,0.0833,-10.495,1,13,0.0356,103.539,0.685,9
0.534,0.389,400560,0.597,0,0.406,7,0.14400000000000002,-8.436,1,59,0.0308,143.94299999999996,0.506,1
0.955,0.45,201840,0.103,0,0.0,5,0.135,-14.644,1,4,0.0337,104.708,0.233,7
0.0832,0.785,253373,0.598,0,0.0,7,0.113,-4.422,1,56,0.147,131.305,0.7809999999999999,1
0.912,0.486,220092,0.22,0,0.444,10,0.13699999999999998,-15.069,1,47,0.0289,159.993,0.188,1
0.7140000000000001,0.205,201200,0.14400000000000002,0,0.00196,0,0.237,-15.657,1,18,0.0307,87.35,0.104,6
0.123,0.682,171067,0.47,0,0.0,7,0.115,-12.483,1,37,0.0361,95.988,0.898,3
0.107,0.701,198520,0.705,0,0.0202,8,0.0542,-6.964,1,48,0.0433,101.284,0.813,1
0.995,0.457,205000,0.27,0,0.329,10,0.111,-17.014,0,0,0.0479,64.585,0.3720000000000001,8
0.157,0.581,222613,0.767,0,0.0,10,0.278,-6.28,1,55,0.0406,152.011,0.8320000000000001,1
0.8490000000000001,0.6459999999999999,129707,0.324,0,0.0,7,0.0966,-9.916,0,8,0.0412,131.227,0.802,7
0.00831,0.525,194067,0.931,0,0.0,9,0.106,-5.593,1,44,0.0583,89.9,0.75,3
0.033,0.556,216360,0.878,0,0.000449,2,0.24,-7.561,1,32,0.0351,141.75799999999995,0.961,4
0.00178,0.911,332459,0.552,1,2.16e-06,2,0.0956,-8.311,1,49,0.199,97.239,0.384,1
0.113,0.727,289907,0.7070000000000001,0,0.0021100000000000003,7,0.111,-7.439,1,56,0.044,99.81,0.917,3
0.6459999999999999,0.268,168733,0.305,0,2.5e-05,11,0.16899999999999998,-12.608,0,55,0.0379,135.806,0.307,1
0.0144,0.5760000000000001,109067,0.82,0,0.7390000000000001,4,0.2,-9.387,1,35,0.113,91.208,0.445,4
0.983,0.416,165360,0.315,0,0.00905,9,0.196,-10.782,1,0,0.0737,141.214,0.366,7
0.777,0.8,195142,0.123,0,0.000304,4,0.111,-15.636,1,50,0.0466,128.649,0.188,1
0.902,0.522,186747,0.0447,0,0.0,1,0.194,-20.313,1,0,0.0667,116.065,0.6679999999999999,7
0.267,0.633,101470,0.12,1,0.0,11,0.17600000000000002,-16.401,0,0,0.953,171.141,0.805,9
0.256,0.585,156440,0.7,0,0.0111,0,0.6679999999999999,-7.966,1,35,0.0993,95.695,0.493,6
0.982,0.381,105160,0.46,0,0.953,7,0.14800000000000002,-12.379,0,0,0.0429,160.915,0.736,7
0.987,0.453,193800,0.0559,0,2.88e-06,3,0.102,-16.399,1,21,0.0383,71.493,0.192,7
0.994,0.264,458827,0.127,0,0.88,2,0.0877,-23.837,1,0,0.041,98.576,0.113,8
0.995,0.8220000000000001,156493,0.161,0,0.748,1,0.109,-13.628,0,0,0.0822,118.826,0.72,10
0.993,0.397,276347,0.399,0,0.918,11,0.1,-19.996,0,16,0.0426,103.237,0.945,7
0.0319,0.544,130173,0.59,0,0.0,10,0.0671,-8.427,0,25,0.029,132.409,0.924,6
0.805,0.429,188960,0.62,0,0.0414,0,0.166,-10.683,1,14,0.0597,136.039,0.387,7
0.664,0.727,146469,0.382,0,0.0,7,0.076,-11.786,1,52,0.0408,108.213,0.62,2
0.861,0.379,97653,0.0956,0,0.0,9,0.205,-21.07,1,43,0.0398,101.023,0.32,2
0.299,0.521,98027,0.277,0,6.03e-05,2,0.1,-17.021,0,27,0.0344,102.509,0.579,5
0.987,0.682,172973,0.132,0,0.0,7,0.185,-11.005999999999998,1,28,0.121,118.436,0.731,9
0.996,0.387,94333,0.00906,0,0.889,8,0.0985,-34.559,1,42,0.0455,67.855,0.133,3
0.968,0.284,168440,0.054000000000000006,0,4.41e-05,7,0.25,-23.909,1,0,0.0503,90.748,0.0787,8
0.578,0.872,97373,0.339,0,0.0344,0,0.158,-10.495,1,53,0.0388,104.048,0.501,1
0.992,0.51,184613,0.131,0,0.012,5,0.113,-16.427,1,0,0.0504,140.408,0.348,8
0.000858,0.468,240333,0.826,0,5.01e-06,6,0.104,-3.701,0,59,0.0295,102.817,0.359,2
0.807,0.718,1029383,0.237,0,0.0,0,0.138,-18.534,1,0,0.961,126.68,0.598,9
0.8029999999999999,0.7759999999999999,141173,0.404,0,9.48e-06,1,0.141,-11.864,1,17,0.0542,109.105,0.957,7
0.773,0.6559999999999999,94057,0.537,0,0.155,1,0.113,-8.72,1,1,0.0395,100.918,0.579,8
0.00017,0.319,90613,0.98,0,0.947,2,0.17800000000000002,-4.005,1,29,0.0779,82.741,0.394,4
0.000112,0.478,251200,0.7040000000000001,0,0.0,7,0.0957,-6.283,1,45,0.0276,88.01100000000002,0.398,2
0.89,0.489,154533,0.392,0,1.12e-06,3,0.123,-13.35,1,29,0.038,113.84,0.421,6
0.183,0.605,137867,0.5529999999999999,0,0.0,7,0.0915,-11.798,1,39,0.0297,155.293,0.785,2
0.226,0.6920000000000001,373987,0.773,0,0.0104,6,0.108,-3.739,1,58,0.0359,139.989,0.486,1
0.612,0.561,181307,0.56,0,0.000193,3,0.28800000000000003,-9.337,1,41,0.0558,137.02,0.591,5
0.57,0.4920000000000001,146533,0.73,0,8.5e-06,7,0.246,-6.434,1,38,0.0416,131.011,0.916,4
0.912,0.596,181067,0.151,0,0.0,5,0.104,-12.484000000000002,0,3,0.0335,84.635,0.214,9
0.954,0.585,111240,0.0809,0,0.0233,6,0.0935,-19.346,0,62,0.0523,98.379,0.204,1
0.914,0.6629999999999999,169640,0.4370000000000001,0,0.857,9,0.133,-17.023,1,17,0.0328,124.445,0.703,6
0.6809999999999999,0.544,254267,0.297,0,0.000397,5,0.187,-15.972,1,35,0.0302,109.573,0.614,5
0.769,0.207,215267,0.247,0,0.0,0,0.124,-15.075,1,39,0.03,144.257,0.192,3
0.207,0.957,144360,0.365,0,0.0,8,0.132,-7.6320000000000014,1,69,0.0512,107.967,0.355,0
0.6759999999999999,0.358,169640,0.764,0,0.00115,10,0.482,-8.324,1,1,0.235,187.185,0.68,8
0.908,0.589,158449,0.193,0,0.00214,10,0.141,-12.216,1,30,0.0377,143.778,0.4320000000000001,6
0.008620000000000001,0.498,238733,0.588,0,0.0793,1,0.135,-16.081,0,31,0.0376,148.931,0.823,4
0.0037,0.586,260253,0.8270000000000001,0,0.0,11,0.328,-5.102,1,52,0.15,123.905,0.508,1
0.741,0.35700000000000004,180640,0.474,0,3.57e-06,10,0.203,-10.745,1,0,0.047,130.032,0.619,9
0.259,0.706,227827,0.4270000000000001,0,2.47e-06,6,0.262,-9.271,0,39,0.0292,152.217,0.815,5
0.455,0.569,321515,0.411,0,0.0,3,0.0552,-11.292,0,47,0.0293,129.705,0.318,3
0.977,0.431,171960,0.29100000000000004,0,0.644,9,0.319,-14.705,1,0,0.0761,164.155,0.6890000000000001,9
0.981,0.465,184000,0.477,0,0.0273,11,0.32299999999999995,-9.816,1,0,0.0276,93.257,0.805,7
0.35,0.5379999999999999,125333,0.34700000000000003,0,1.51e-05,0,0.26,-11.532,1,26,0.0281,108.788,0.7070000000000001,6
0.846,0.17800000000000002,179747,0.166,0,1.16e-06,2,0.0935,-15.554,1,19,0.0317,80.422,0.229,6
0.206,0.64,243200,0.395,0,0.0,3,0.0935,-5.689,1,64,0.0307,115.082,0.235,1
0.192,0.5,292320,0.731,0,0.00045,10,0.158,-4.535,1,59,0.0312,135.97,0.112,1
0.000726,0.56,189960,0.935,1,0.0006450000000000001,11,0.0776,-3.609,0,52,0.0986,102.946,0.383,2
0.6990000000000001,0.6829999999999999,333373,0.285,0,0.00064,7,0.0384,-14.6,0,15,0.0483,118.743,0.8340000000000001,7
0.0706,0.555,198400,0.7190000000000001,0,0.000307,9,0.08,-6.884,1,33,0.0283,113.302,0.589,4
0.966,0.5,143760,0.396,0,0.958,3,0.115,-12.618,1,24,0.0295,81.249,0.835,6
0.762,0.551,140520,0.5760000000000001,0,0.0,7,0.8029999999999999,-8.49,1,55,0.0325,142.814,0.919,6
0.7020000000000001,0.698,171779,0.5539999999999999,1,0.00203,10,0.195,-9.499,0,51,0.392,92.153,0.17600000000000002,1
0.0645,0.4370000000000001,186467,0.6940000000000001,0,0.0,0,0.0916,-5.081,1,52,0.0291,186.006,0.591,1
0.8290000000000001,0.514,233467,0.268,0,0.138,7,0.0724,-15.05,1,15,0.0461,149.882,0.627,7
0.889,0.496,177249,0.431,0,0.861,0,0.229,-11.312,1,0,0.0841,162.493,0.784,8
0.556,0.546,242533,0.555,0,2.25e-05,8,0.0471,-9.539,1,11,0.0386,148.708,0.493,6
0.7909999999999999,0.6559999999999999,195666,0.28300000000000003,0,0.000272,5,0.133,-10.645,1,55,0.0658,130.07299999999998,0.97,4
0.6779999999999999,0.336,162122,0.7070000000000001,0,0.8959999999999999,2,0.116,-12.144,0,32,0.0738,124.67,0.0778,6
0.679,0.7040000000000001,129760,0.523,0,0.000388,11,0.16699999999999998,-11.609000000000002,1,22,0.102,80.009,0.607,6
0.18,0.396,321960,0.444,0,0.0,7,0.163,-8.836,1,39,0.027000000000000003,148.356,0.305,4
0.266,0.451,261733,0.479,0,0.14400000000000002,9,0.156,-13.334,1,25,0.0334,167.24400000000003,0.6859999999999999,6
0.199,0.7979999999999999,202547,0.539,0,1.66e-05,1,0.165,-6.351,1,82,0.0421,136.94899999999998,0.394,1
0.915,0.382,219733,0.225,0,0.921,0,0.05,-12.962,1,39,0.0459,97.045,0.103,4
0.0889,0.9,236227,0.532,1,0.0,0,0.0533,-5.516,1,60,0.0744,140.023,0.5920000000000001,1
0.0964,0.8420000000000001,194040,0.5870000000000001,0,0.0,7,0.0628,-10.59,1,36,0.0366,111.916,0.7509999999999999,5
0.006220000000000001,0.524,270187,0.759,0,5.65e-05,5,0.0652,-4.152,1,56,0.0286,118.001,0.28300000000000003,4
0.943,0.378,185173,0.315,0,9.35e-06,7,0.248,-8.254,1,22,0.0399,148.201,0.564,7
0.32,0.657,310893,0.494,0,0.852,7,0.0435,-11.993,1,37,0.0252,92.064,0.313,3
0.994,0.34600000000000003,192453,0.36,0,0.8909999999999999,2,0.213,-10.772,0,0,0.0387,133.999,0.685,9
0.277,0.621,253707,0.6,1,0.0,8,0.495,-6.349,1,59,0.5760000000000001,80.021,0.485,2
0.883,0.338,191067,0.119,0,0.0,0,0.14800000000000002,-15.714,1,51,0.0632,71.842,0.205,1
0.138,0.6579999999999999,116373,0.537,0,0.0,6,0.0572,-7.535,0,59,0.0307,132.115,0.887,6
0.124,0.611,221904,0.644,0,0.0,6,0.124,-7.607,0,72,0.0553,105.969,0.13,1
0.0132,0.49,214013,0.8009999999999999,0,0.0,5,0.116,-5.982,0,45,0.0601,138.072,0.505,1
0.843,0.491,124493,0.7979999999999999,0,0.8909999999999999,4,0.194,-6.3210000000000015,1,7,0.0366,126.626,0.963,6
0.228,0.732,179573,0.8029999999999999,0,0.0,0,0.659,-10.817,1,60,0.202,111.13,0.7759999999999999,5
0.84,0.708,178600,0.4270000000000001,0,0.249,3,0.174,-12.785,1,0,0.0476,141.877,0.5529999999999999,9
0.968,0.377,891373,0.21,0,0.921,10,0.6890000000000001,-19.139,1,0,0.0366,96.24,0.102,10
0.88,0.331,438800,0.29100000000000004,0,0.866,0,0.638,-19.403,1,12,0.0546,64.241,0.165,6
0.409,0.348,184933,0.457,0,0.0,0,0.095,-10.778,0,52,0.0429,185.532,0.449,3
0.109,0.534,215227,0.8370000000000001,0,0.0,0,0.0645,-8.492,1,26,0.0387,140.662,0.762,4
0.575,0.417,210253,0.6890000000000001,1,0.0,2,0.496,-8.302,0,71,0.17800000000000002,79.568,0.505,1
0.909,0.583,136640,0.284,0,0.468,9,0.0628,-19.127,1,48,0.1,86.789,0.0474,2
0.00821,0.691,245027,0.5870000000000001,0,0.138,4,0.071,-8.423,0,43,0.029,102.011,0.759,3
0.513,0.638,99800,0.207,1,0.0,0,0.132,-16.159000000000002,1,0,0.915,78.684,0.581,8
0.955,0.409,574667,0.118,0,0.7509999999999999,7,0.0925,-18.433,1,12,0.0407,121.243,0.322,6
0.996,0.5,181733,0.274,0,0.0,2,0.302,-14.001,1,0,0.041,79.218,0.6779999999999999,10
0.8170000000000001,0.6609999999999999,141995,0.235,0,0.0,10,0.102,-12.419,1,20,0.0364,86.125,0.459,6
0.00596,0.363,200053,0.785,0,0.0046700000000000005,9,0.128,-5.3210000000000015,0,53,0.0484,155.016,0.536,3
0.813,0.62,263067,0.366,0,9.27e-06,1,0.708,-13.224,1,4,0.0837,79.389,0.7709999999999999,7
0.118,0.5,235733,0.454,0,0.00313,10,0.6,-11.897,1,21,0.0271,95.825,0.546,4
0.6709999999999999,0.757,167234,0.45,0,8.52e-05,11,0.0802,-17.29,0,38,0.416,94.208,0.962,5
0.0854,0.5589999999999999,182827,0.8490000000000001,0,0.0,3,0.328,-4.676,1,67,0.0454,86.978,0.759,1
0.831,0.685,198693,0.387,0,0.0657,0,0.242,-11.469,0,19,0.0547,101.273,0.735,7
0.307,0.6709999999999999,200160,0.354,0,0.639,8,0.13699999999999998,-10.333,1,39,0.0285,78.395,0.151,3
0.879,0.6990000000000001,267360,0.211,0,0.0,9,0.726,-18.599,0,0,0.918,104.358,0.579,7
0.799,0.7140000000000001,251093,0.769,0,0.000822,5,0.126,-9.575,1,40,0.0532,123.043,0.599,5
0.726,0.579,81173,0.512,0,0.964,5,0.182,-15.447,1,4,0.041,172.68900000000005,0.965,7
0.047,0.495,178933,0.67,0,2.52e-05,7,0.219,-5.9179999999999975,1,55,0.0284,112.443,0.478,6
0.105,0.59,231027,0.754,0,0.0989,2,0.157,-11.273,1,23,0.0364,153.10399999999996,0.868,4
0.607,0.66,165988,0.475,0,0.0,10,0.0715,-5.296,1,55,0.064,109.293,0.867,1
0.7509999999999999,0.6679999999999999,141040,0.21600000000000005,0,0.000642,4,0.63,-19.725,1,28,0.0354,114.085,0.279,6
0.5920000000000001,0.461,206307,0.664,0,2.02e-06,10,0.0452,-3.088,1,47,0.0404,168.99599999999995,0.911,2
0.911,0.383,288173,0.0305,0,0.468,5,0.0966,-21.459,1,37,0.0332,64.27,0.172,7
0.052000000000000005,0.735,324667,0.64,0,0.00102,10,0.345,-7.522,0,62,0.07200000000000001,104.444,0.551,3
0.89,0.171,241600,0.233,0,0.000236,10,0.107,-14.12,1,14,0.0312,88.421,0.116,7
0.4,0.883,184933,0.4,0,1.33e-05,6,0.0756,-14.882,0,50,0.0498,102.767,0.905,5
0.375,0.669,92413,0.63,0,1.59e-06,9,0.446,-10.625,1,39,0.532,172.097,0.855,2
0.17600000000000002,0.7440000000000001,219267,0.62,0,0.0,0,0.101,-6.995,1,45,0.0558,123.032,0.701,2
0.747,0.339,329827,0.61,0,0.0892,0,0.127,-11.952,1,35,0.0637,123.372,0.0538,5
0.92,0.371,274693,0.5,0,0.852,6,0.126,-14.217,1,0,0.0559,79.031,0.218,8
0.14800000000000002,0.454,416533,0.5489999999999999,0,0.0,7,0.975,-11.962,1,38,0.0559,76.902,0.6940000000000001,3
0.00016,0.332,246467,0.904,0,0.237,1,0.317,-10.263,0,37,0.0445,109.887,0.764,5
0.409,0.411,146133,0.908,0,0.0842,3,0.106,-8.693,1,30,0.0535,169.63,0.962,6
0.0914,0.63,254600,0.654,0,2.11e-05,2,0.044,-12.178,1,47,0.0311,122.356,0.775,4
0.00186,0.8240000000000001,317707,0.956,0,0.684,7,0.0961,-7.207000000000002,1,34,0.0709,118.908,0.343,4
0.029,0.439,187973,0.855,0,0.0,4,0.163,-7.09,0,21,0.043,150.705,0.7909999999999999,5
0.0267,0.348,187878,0.802,0,0.00032,2,0.052000000000000005,-8.852,1,26,0.0339,132.972,0.8029999999999999,6
0.966,0.191,134320,0.17,0,0.5920000000000001,5,0.21600000000000005,-16.912,0,0,0.0387,124.773,0.0528,8
0.519,0.354,65533,0.947,0,0.8490000000000001,4,0.464,-12.966,1,0,0.0413,90.319,0.0525,7
0.0618,0.4920000000000001,298893,0.0912,0,0.0497,11,0.101,-21.642,1,20,0.0846,173.15,0.217,4
0.115,0.469,206440,0.46,0,0.0,2,0.388,-13.938,1,50,0.0279,79.502,0.778,4
0.957,0.35,216907,0.244,0,0.394,0,0.102,-15.689,1,28,0.0297,180.025,0.654,5
0.594,0.753,173707,0.353,0,0.0,2,0.101,-10.671,1,22,0.0451,123.747,0.885,6
0.974,0.467,159480,0.237,0,0.879,2,0.117,-18.522,1,38,0.0357,72.532,0.151,4
0.815,0.512,171000,0.236,0,0.0,6,0.369,-14.038,1,14,0.0554,84.02799999999998,0.596,6
0.777,0.762,218211,0.503,0,0.17,9,0.115,-9.397,0,61,0.0308,96.999,0.5579999999999999,1
0.494,0.313,205920,0.376,0,0.008459999999999999,2,0.13699999999999998,-9.275,1,39,0.0298,142.363,0.264,6
0.324,0.39,306680,0.908,0,0.0008060000000000001,0,0.31,-7.782,1,33,0.0894,169.172,0.64,4
0.8909999999999999,0.39,243586,0.116,0,0.0306,4,0.926,-23.234,1,0,0.0535,111.407,0.525,7
0.00771,0.363,143400,0.984,0,4.49e-05,2,0.0793,-4.71,1,44,0.107,149.819,0.34600000000000003,3
0.329,0.315,317438,0.64,0,0.341,4,0.0879,-9.256,0,51,0.0339,97.968,0.583,6
0.993,0.604,193333,0.503,0,0.588,0,0.14800000000000002,-9.482,1,0,0.0401,117.523,0.87,8
0.107,0.32299999999999995,274067,0.4320000000000001,0,0.0101,5,0.081,-14.566,1,24,0.0295,91.984,0.53,5
0.931,0.495,116667,0.0145,0,0.0,5,0.22,-22.55,1,10,0.0578,97.708,0.907,7
0.996,0.399,143000,0.0653,0,0.955,4,0.105,-28.599,0,67,0.0688,67.465,0.33,0
0.738,0.436,146000,0.534,0,5.74e-06,2,0.173,-9.706,1,21,0.0504,138.06799999999998,0.82,6
0.936,0.644,204509,0.371,0,0.000284,11,0.104,-8.855,1,0,0.0775,94.334,0.937,8
0.0505,0.579,228107,0.898,0,0.0,3,0.213,-3.217,1,57,0.0439,127.876,0.635,1
0.171,0.523,256019,0.458,0,0.00244,11,0.07200000000000001,-7.785,1,60,0.0275,125.954,0.359,1
0.495,0.602,188320,0.302,0,6.1e-06,0,0.233,-14.663,1,27,0.0606,111.935,0.527,6
0.966,0.43,200272,0.388,0,0.0579,6,0.483,-9.433,1,0,0.103,112.858,0.5429999999999999,8
0.629,0.738,408760,0.5820000000000001,0,0.000185,7,0.308,-6.613,0,31,0.0332,93.169,0.787,5
0.133,0.531,226733,0.924,0,0.000103,7,0.0772,-5.106,1,41,0.0672,131.843,0.936,4
0.0111,0.705,275067,0.71,0,0.469,3,0.0312,-12.665,1,26,0.0396,140.046,0.894,4
0.0166,0.542,239667,0.295,0,0.000633,11,0.0599,-15.399,1,21,0.0269,72.676,0.627,5
0.0006929999999999999,0.682,249760,0.647,1,5.97e-06,8,0.0693,-7.332000000000002,1,52,0.189,181.86,0.529,3
0.984,0.698,178600,0.197,0,0.0,7,0.794,-10.557,1,0,0.478,125.443,0.7959999999999999,8
0.278,0.632,187733,0.757,0,0.0,11,0.358,-3.536,1,51,0.0267,124.805,0.718,2
0.898,0.669,121760,0.298,0,1.79e-06,5,0.107,-15.045,1,28,0.0684,106.88,0.341,6
4.59e-05,0.32,264360,0.862,0,0.0034100000000000003,7,0.234,-4.45,1,39,0.0495,123.593,0.327,4
0.93,0.536,170067,0.309,0,0.0217,10,0.0935,-11.268,0,5,0.045,167.27900000000002,0.953,7
0.159,0.441,198427,0.722,0,0.006959999999999999,7,0.6779999999999999,-8.176,0,23,0.344,177.238,0.557,5
0.812,0.615,257533,0.234,0,5.84e-06,0,0.161,-11.8,1,52,0.0536,75.188,0.412,3
0.515,0.271,167973,0.313,0,0.945,9,0.0602,-13.242,1,5,0.0311,84.226,0.24,7
0.0303,0.852,238480,0.799,0,5.44e-05,10,0.16899999999999998,-9.03,0,48,0.0578,134.75799999999998,0.918,4
0.0606,0.775,278160,0.8290000000000001,1,0.0,1,0.33,-1.933,1,54,0.304,176.047,0.836,2
0.000305,0.309,387147,0.767,0,0.151,0,0.0967,-9.676,1,44,0.033,97.944,0.413,4
0.191,0.6579999999999999,252600,0.688,0,1.33e-06,5,0.173,-7.049,0,39,0.0297,143.783,0.424,3
0.0276,0.38,267413,0.8859999999999999,0,0.00918,9,0.5479999999999999,-5.4670000000000005,1,38,0.0758,128.619,0.28800000000000003,3
0.6920000000000001,0.828,142867,0.0789,0,0.229,11,0.0769,-19.45,1,49,0.0417,96.19,0.486,5
0.635,0.655,218693,0.541,0,0.0,0,0.131,-10.888,1,28,0.0844,97.438,0.328,4
0.951,0.498,175960,0.278,0,0.8909999999999999,1,0.116,-12.912,1,0,0.0484,122.724,0.568,8
0.112,0.7879999999999999,340596,0.5489999999999999,0,0.00534,11,0.0956,-11.03,0,25,0.0298,128.847,0.705,4
0.888,0.294,217027,0.443,0,1.89e-06,10,0.183,-11.970999999999998,1,8,0.0341,82.74700000000001,0.371,7
0.224,0.628,217573,0.779,0,0.7759999999999999,0,0.151,-11.841,1,43,0.0831,180.837,0.936,5
0.35700000000000004,0.581,226560,0.153,0,0.0,0,0.145,-20.434,1,30,0.0327,141.077,0.376,3
0.994,0.471,187280,0.39,0,0.37,4,0.246,-11.261,1,0,0.0485,120.757,0.532,8
0.28800000000000003,0.823,172670,0.381,1,0.0,5,0.0718,-12.361,0,62,0.307,83.49700000000001,0.794,0
0.867,0.495,177447,0.513,0,0.6609999999999999,2,0.7709999999999999,-15.232,1,12,0.0913,189.932,0.7859999999999999,7
0.349,0.6890000000000001,320654,0.338,1,5.7e-05,11,0.0649,-7.633999999999999,0,68,0.0629,128.012,0.568,1
0.985,0.295,417867,0.098,0,0.00108,8,0.361,-16.159000000000002,1,4,0.0468,89.721,0.146,7
0.992,0.34600000000000003,114133,0.0602,0,0.94,8,0.18600000000000005,-27.037,0,0,0.0345,72.35,0.14800000000000002,8
0.0765,0.616,347231,0.6,0,0.000271,2,0.122,-9.77,1,38,0.0298,131.19799999999998,0.7340000000000001,4
0.0282,0.317,487133,0.324,0,0.022,2,0.162,-11.789,0,25,0.033,84.199,0.0376,5
0.877,0.73,330747,0.285,0,0.0126,11,0.13699999999999998,-15.103,0,54,0.0319,107.14,0.284,5
0.789,0.466,247133,0.205,0,0.0,5,0.099,-12.981,1,10,0.0315,84.211,0.502,6
0.555,0.537,160840,0.521,0,0.007490000000000002,3,0.0879,-11.326,1,41,0.06,199.36,0.961,6
0.0364,0.263,318627,0.481,0,0.00021,5,0.11,-7.752999999999999,0,60,0.0293,170.967,0.0675,2
0.14300000000000002,0.389,463267,0.863,0,0.00517,4,0.96,-8.701,1,54,0.0689,129.53799999999998,0.648,2
0.812,0.561,229609,0.419,0,2.27e-06,0,0.0902,-6.722,1,53,0.0293,144.02700000000004,0.271,1
0.0266,0.409,198707,0.868,0,0.0357,3,0.276,-6.2360000000000015,0,58,0.0368,147.211,0.7040000000000001,5
0.611,0.541,218520,0.342,0,0.0005269999999999999,2,0.0952,-11.753,1,55,0.0467,87.594,0.49,1
0.992,0.659,191843,0.385,0,2.93e-05,8,0.113,-13.101,1,0,0.0501,98.458,0.963,9
0.0391,0.56,185027,0.732,0,0.226,5,0.392,-14.459,1,28,0.0663,159.955,0.472,5
0.242,0.81,271000,0.38,0,0.0,4,0.113,-7.755,1,52,0.035,103.981,0.211,1
0.911,0.429,69520,0.158,0,0.00038,7,0.106,-16.449,1,11,0.0697,93.206,0.419,7
0.00847,0.594,326000,0.752,0,0.00161,11,0.0578,-10.661,0,51,0.0263,101.582,0.736,3
0.0408,0.743,182053,0.54,0,0.0005809999999999999,1,0.8320000000000001,-9.738,1,36,0.0774,88.999,0.443,2
0.763,0.594,123893,0.29100000000000004,0,0.879,2,0.106,-11.158,1,51,0.0429,63.38399999999999,0.0979,3
0.742,0.65,188128,0.4270000000000001,0,2.15e-06,9,0.133,-5.306,1,62,0.0515,95.547,0.916,2
7.44e-05,0.298,249613,0.96,0,0.0718,11,0.16399999999999998,-5.474,0,49,0.0859,110.473,0.105,2
0.805,0.381,712933,0.342,0,0.00337,0,0.588,-17.735,0,10,0.0405,93.027,0.6729999999999999,7
0.228,0.685,255560,0.711,0,0.000314,6,0.0312,-11.763,0,40,0.0396,115.217,0.944,4
0.772,0.705,113551,0.0813,1,0.0,2,0.57,-20.999,1,0,0.957,107.762,0.634,8
0.00162,0.394,322326,0.56,0,0.000582,2,0.107,-6.925,1,55,0.0281,138.05700000000002,0.107,1
0.536,0.631,129333,0.5870000000000001,0,0.29,6,0.333,-11.402,1,54,0.042,152.851,0.664,3
0.991,0.313,136307,0.0248,0,0.0,10,0.121,-19.08,1,13,0.0442,81.509,0.14300000000000002,7
0.865,0.202,261333,0.111,0,0.00374,5,0.205,-17.739,1,15,0.0321,83.941,0.0937,6
0.5760000000000001,0.525,270067,0.607,0,1.15e-06,10,0.0539,-10.470999999999998,1,39,0.0297,74.02600000000002,0.5710000000000001,3
0.378,0.6509999999999999,264227,0.294,0,5.51e-05,0,0.0669,-12.665,0,28,0.0366,144.493,0.5539999999999999,4
0.0758,0.245,426464,0.903,0,0.439,0,0.87,-10.269,1,24,0.14800000000000002,121.294,0.134,4
0.0596,0.65,303533,0.7120000000000001,0,0.000683,0,0.0997,-12.011,0,52,0.0355,160.72899999999996,0.759,4
0.0004860000000000001,0.32,184733,0.935,0,9.51e-05,2,0.262,-7.122000000000001,1,26,0.0607,166.695,0.596,4
0.0218,0.474,189133,0.935,0,1.6100000000000002e-05,2,0.044,-4.956,1,54,0.109,151.705,0.915,4
0.0759,0.8,238013,0.705,0,2.42e-05,0,0.0438,-5.231,0,44,0.0484,91.047,0.8590000000000001,3
0.933,0.381,215867,0.18600000000000005,0,0.00136,10,0.195,-11.745,1,22,0.0288,87.994,0.211,6
0.8220000000000001,0.408,153933,0.4970000000000001,0,0.8390000000000001,7,0.718,-10.092,1,47,0.0374,204.592,0.928,6
0.0579,0.851,266373,0.727,1,0.0,11,0.0678,-5.877000000000002,0,38,0.107,97.096,0.649,3
0.0534,0.6459999999999999,134893,0.562,0,8.54e-06,4,0.0513,-12.399,1,32,0.0356,119.329,0.964,3
0.984,0.628,189267,0.413,0,0.0217,3,0.109,-7.226,1,0,0.134,121.471,0.415,10
0.986,0.484,202339,0.307,0,6.61e-05,9,0.488,-7.247999999999997,1,0,0.0685,138.744,0.7609999999999999,8
0.611,0.555,302093,0.375,0,6.78e-05,6,0.3720000000000001,-13.034,1,52,0.0378,121.895,0.258,3
0.675,0.446,235840,0.314,0,0.0,0,0.0979,-14.796,1,36,0.0321,113.102,0.394,5
0.375,0.313,369160,0.684,0,0.00591,4,0.217,-6.778,1,40,0.0409,95.764,0.118,4
0.64,0.516,158120,0.539,0,0.0,5,0.111,-10.532,1,21,0.031,180.167,0.903,6
0.0007769999999999999,0.478,197573,0.823,0,0.229,11,0.16899999999999998,-5.346,0,40,0.206,171.263,0.764,4
0.206,0.642,192867,0.835,1,0.0,1,0.135,-4.501,1,42,0.293,86.662,0.5529999999999999,2
0.00376,0.485,226733,0.603,0,8.02e-06,9,0.456,-13.791,1,20,0.0522,144.276,0.85,4
0.918,0.511,69389,0.235,0,0.0,5,0.105,-13.345,1,63,0.127,117.769,0.584,1
0.0696,0.7070000000000001,177960,0.825,0,1.7e-06,9,0.153,-4.918,1,43,0.0405,112.317,0.792,2
0.919,0.179,281267,0.285,0,0.867,7,0.185,-13.039,1,41,0.0368,77.61,0.117,2
0.898,0.317,267147,0.158,0,4.38e-05,0,0.177,-20.726,1,20,0.0396,87.921,0.0741,6
0.000101,0.277,172000,0.8390000000000001,0,0.659,4,0.138,-9.534,1,29,0.042,152.373,0.556,3
0.106,0.6759999999999999,245027,0.662,0,0.0,1,0.122,-6.438,1,51,0.0442,127.999,0.464,2
0.0148,0.28800000000000003,240440,0.939,0,0.846,11,0.16399999999999998,-5.613,0,32,0.236,138.497,0.466,4
0.4270000000000001,0.471,221373,0.418,0,1.38e-06,7,0.322,-8.405,1,42,0.0341,135.727,0.211,2
0.936,0.794,185933,0.259,0,9.87e-05,9,0.14300000000000002,-10.338,0,14,0.046,108.882,0.6659999999999999,9
0.00107,0.542,264187,0.966,0,0.128,10,0.0984,-8.255,1,57,0.0421,140.071,0.35100000000000003,3
0.792,0.7190000000000001,109453,0.585,0,0.00299,10,0.12,-7.125,1,14,0.0458,136.567,0.94,6
0.326,0.611,169067,0.64,0,1.11e-06,10,0.117,-9.353,1,44,0.0644,89.19200000000002,0.924,3
0.94,0.281,256333,0.138,0,0.961,1,0.109,-20.978,1,32,0.036000000000000004,107.718,0.0405,3
0.35600000000000004,0.584,160373,0.713,0,0.0797,7,0.197,-7.899,1,49,0.04,173.80599999999995,0.899,3
0.0153,0.6559999999999999,445000,0.888,0,0.0369,10,0.227,-7.1370000000000005,0,41,0.0423,125.02,0.68,3
0.897,0.5720000000000001,217467,0.183,0,0.00275,3,0.103,-16.069000000000006,1,65,0.0323,110.029,0.404,2
0.314,0.687,204333,0.648,0,1.37e-06,4,0.289,-9.137,1,60,0.027000000000000003,121.341,0.6,3
0.972,0.607,114693,0.0142,0,0.855,2,0.105,-20.33,0,34,0.0605,136.287,0.4320000000000001,6
0.914,0.28300000000000003,99440,0.0602,0,0.0,8,0.155,-14.529000000000002,1,27,0.0373,77.459,0.252,7
0.272,0.508,261640,0.72,0,0.0,11,0.0563,-5.908,0,77,0.0628,79.983,0.472,2
0.8540000000000001,0.35700000000000004,102573,0.375,0,0.000833,2,0.0841,-11.159,1,30,0.0414,165.343,0.53,5
0.0135,0.433,197160,0.928,0,2.01e-06,4,0.32,-5.117,0,67,0.0512,155.938,0.552,1
0.474,0.7090000000000001,95700,0.304,0,0.0,7,0.324,-20.843000000000004,1,0,0.919,128.789,0.5579999999999999,9
0.595,0.662,176269,0.6459999999999999,0,2.81e-06,8,0.0906,-7.31,1,39,0.0362,139.399,0.978,3
0.892,0.147,246880,0.0948,0,3.2299999999999986e-05,3,0.0785,-22.297,1,12,0.0408,75.47800000000002,0.243,7
0.0127,0.809,162000,0.718,1,0.0,7,0.062,-4.398,1,51,0.287,93.031,0.495,3
0.993,0.591,89000,0.13,0,0.905,8,0.113,-17.82,1,23,0.0708,88.006,0.386,6
0.0692,0.451,174733,0.802,0,1.05e-06,1,0.629,-11.494000000000002,1,41,0.0903,108.255,0.503,4
0.595,0.54,315453,0.723,0,3.92e-06,5,0.0552,-6.2860000000000005,1,30,0.0366,136.292,0.89,4
0.857,0.382,169000,0.107,0,0.0187,5,0.0796,-13.328,0,36,0.0338,88.80799999999998,0.203,3
0.6890000000000001,0.77,270800,0.7490000000000001,0,0.115,7,0.0724,-5.678,1,22,0.0488,93.519,0.972,5
0.633,0.469,330133,0.494,0,0.0832,7,0.112,-12.185,0,48,0.025,96.341,0.6970000000000001,2
0.0644,0.6559999999999999,221707,0.588,0,0.0016,0,0.0966,-9.836,1,46,0.0247,92.277,0.7070000000000001,3
0.987,0.5770000000000001,209868,0.316,0,3.08e-06,0,0.614,-10.380999999999998,0,0,0.0417,117.862,0.5329999999999999,9
0.995,0.419,44373,0.118,0,0.908,0,0.115,-17.973,1,2,0.0428,83.889,0.14800000000000002,8
0.992,0.27,193373,0.219,0,0.00339,10,0.156,-15.319,1,0,0.0372,125.538,0.0458,7
0.0376,0.638,276733,0.648,0,0.0378,2,0.0616,-13.791,1,31,0.0284,135.216,0.956,5
0.987,0.449,249027,0.0844,0,0.901,9,0.131,-19.391,0,49,0.0437,124.936,0.105,2
0.28,0.6920000000000001,302827,0.563,0,0.000153,4,0.0896,-11.399,0,49,0.0384,170.717,0.895,3
0.994,0.7909999999999999,170000,0.15,0,0.5529999999999999,11,0.22,-12.255999999999998,1,0,0.112,116.326,0.706,10
0.528,0.501,202269,0.578,0,0.00241,0,0.101,-8.107999999999999,1,60,0.0475,97.808,0.393,1
0.996,0.535,216114,0.165,0,0.909,10,0.157,-11.589,1,0,0.366,76.09,0.706,8
0.958,0.182,222093,0.0797,0,0.815,7,0.116,-23.909,0,47,0.0371,81.583,0.0822,3
0.0581,0.94,248680,0.633,1,4.04e-05,8,0.281,-3.56,1,65,0.0467,121.003,0.962,2
0.784,0.5329999999999999,140267,0.179,0,0.000195,9,0.133,-18.796,1,43,0.0958,124.594,0.851,6
0.957,0.337,191739,0.311,0,0.0868,8,0.13699999999999998,-11.022,1,0,0.0502,169.12599999999995,0.4270000000000001,8
0.53,0.527,144693,0.65,0,8.04e-05,10,0.6559999999999999,-9.446,0,20,0.0756,129.006,0.595,6
0.932,0.38,364067,0.14300000000000002,0,0.735,10,0.166,-16.619,0,28,0.033,177.00799999999995,0.132,6
0.0296,0.73,320480,0.723,0,3.47e-05,9,0.0552,-7.545,0,38,0.0682,128.996,0.935,5
0.589,0.263,366733,0.6629999999999999,0,0.00451,9,0.342,-8.264,1,61,0.19,167.271,0.25,2
0.0324,0.46,191294,0.6859999999999999,1,4.45e-06,1,0.126,-6.43,1,60,0.0301,173.829,0.338,1
0.0399,0.596,243240,0.623,1,0.0,1,0.7290000000000001,-8.443999999999999,1,48,0.496,97.002,0.476,3
0.662,0.708,189794,0.197,0,0.0,5,0.127,-19.43,0,2,0.947,129.358,0.516,9
0.98,0.446,184400,0.231,0,0.000245,7,0.149,-15.025,1,10,0.0456,115.232,0.502,9
0.0936,0.743,160333,0.47,0,3.15e-05,0,0.18600000000000005,-13.154000000000002,1,72,0.029,116.122,0.89,5
0.204,0.434,235173,0.885,0,0.0,4,0.0811,-7.367000000000001,1,68,0.0396,93.999,0.843,5
0.963,0.332,173893,0.103,0,0.911,7,0.379,-21.645,0,21,0.041,153.966,0.6970000000000001,6
0.86,0.463,130000,0.847,1,3.18e-05,2,0.936,-12.477,1,27,0.936,110.84,0.268,5
0.93,0.613,194267,0.204,0,0.000188,2,0.113,-16.884,1,45,0.0381,114.418,0.489,2
0.135,0.667,243280,0.648,1,0.0,6,0.108,-7.837999999999999,0,63,0.152,149.92700000000005,0.579,0
0.0151,0.693,228267,0.6779999999999999,0,5.71e-06,8,0.101,-7.159,1,69,0.0324,103.952,0.404,0
0.14300000000000002,0.581,144267,0.873,0,0.0,8,0.168,-5.5710000000000015,1,26,0.0619,75.042,0.8370000000000001,6
0.991,0.537,234453,0.253,0,0.872,3,0.0861,-14.799,1,0,0.0435,117.293,0.301,7
0.168,0.878,295400,0.7240000000000001,0,0.0116,10,0.133,-5.3729999999999976,0,64,0.129,121.906,0.904,2
0.271,0.727,276333,0.754,0,0.013,2,0.674,-8.747,0,35,0.0325,109.968,0.916,3
0.978,0.606,172460,0.134,0,4.35e-06,0,0.242,-15.656,1,0,0.106,130.593,0.8,8
0.652,0.5710000000000001,240533,0.562,0,0.0,10,0.525,-11.872,1,33,0.0351,184.677,0.947,5
0.838,0.274,144000,0.71,0,0.00792,0,0.978,-9.966,1,27,0.0736,116.126,0.403,5
0.0371,0.883,239667,0.81,1,7.09e-05,11,0.6,-6.982,0,38,0.183,156.834,0.922,3
0.927,0.429,211107,0.317,0,3.5000000000000016e-06,0,0.116,-11.322,1,46,0.0292,102.109,0.302,7
0.207,0.5710000000000001,221200,0.6559999999999999,0,5.62e-05,4,0.0731,-6.211,0,65,0.0516,132.005,0.0847,1
0.259,0.563,146400,0.568,0,2.12e-06,10,0.053,-11.892,1,42,0.0705,140.471,0.7609999999999999,4
0.599,0.635,150040,0.648,0,1.64e-05,9,0.0494,-8.462,1,41,0.0412,120.491,0.889,2
0.971,0.355,183347,0.393,0,0.7240000000000001,7,0.0692,-10.711,0,0,0.0364,115.14,0.364,8
0.743,0.737,100300,0.253,1,0.0,6,0.255,-17.95,1,0,0.607,100.072,0.602,7
0.789,0.398,173387,0.71,0,0.873,7,0.7440000000000001,-8.074,1,0,0.0663,121.339,0.7120000000000001,9
0.0552,0.501,193613,0.775,0,0.0067,9,0.359,-11.367,1,29,0.0459,138.548,0.517,5
0.182,0.6509999999999999,154040,0.633,0,0.127,0,0.26,-10.104,1,21,0.0531,119.756,0.867,5
0.8170000000000001,0.611,409707,0.223,0,0.0378,10,0.0896,-11.998,1,14,0.0428,84.51299999999998,0.168,7
0.969,0.219,165733,0.467,0,0.974,0,0.498,-9.449,1,13,0.0363,83.568,0.398,7
0.574,0.344,319040,0.568,0,0.0,7,0.465,-8.904,1,27,0.0451,170.743,0.468,5
0.993,0.617,172356,0.141,0,0.888,5,0.227,-11.604,0,0,0.207,162.386,0.7959999999999999,8
0.043,0.71,292067,0.7290000000000001,1,5.88e-05,11,0.224,-7.01,0,54,0.219,165.899,0.55,1
0.745,0.223,97427,0.177,0,0.00987,7,0.213,-20.706,1,0,0.0438,86.59299999999998,0.219,8
0.369,0.66,300107,0.344,0,0.000107,9,0.0589,-13.93,0,57,0.0489,146.034,0.436,4
0.279,0.59,294067,0.939,0,0.0008820000000000002,6,0.16899999999999998,-7.195,0,35,0.0416,123.06,0.914,4
0.982,0.35,202200,0.12,0,0.00028900000000000003,3,0.103,-11.104,0,72,0.0393,68.995,0.121,0
0.6,0.5529999999999999,396600,0.247,0,0.000312,10,0.0822,-15.419,1,13,0.0336,138.964,0.395,6
0.07400000000000001,0.74,278707,0.445,1,3.4e-05,1,0.424,-13.222,1,54,0.397,91.745,0.593,3
0.235,0.583,149933,0.782,0,0.0,1,0.221,-4.769,1,36,0.0579,143.708,0.929,6
0.7809999999999999,0.531,183438,0.275,0,0.0019,0,0.129,-12.583,1,30,0.0268,72.068,0.309,5
0.000393,0.631,247133,0.7959999999999999,0,0.103,11,0.207,-8.382,0,32,0.0406,127.295,0.52,4
0.0265,0.597,278493,0.852,0,0.00425,0,0.266,-6.89,1,52,0.0248,105.996,0.5589999999999999,2
0.0159,0.8370000000000001,274813,0.517,0,0.00171,2,0.0947,-6.3660000000000005,1,50,0.044,99.993,0.685,1
0.405,0.546,208573,0.725,0,0.0,3,0.306,-7.006,1,22,0.0401,141.418,0.63,6
0.158,0.518,170800,0.7609999999999999,0,0.00765,0,0.0715,-7.025,1,57,0.0452,118.738,0.5760000000000001,1
0.199,0.611,204093,0.5670000000000001,0,0.0,0,0.594,-7.772,1,42,0.0295,91.445,0.391,3
0.777,0.503,226133,0.251,0,0.917,9,0.0745,-17.092,0,31,0.0461,118.59,0.631,6
0.617,0.421,247733,0.412,0,9.93e-05,0,0.8909999999999999,-12.129,1,41,0.0252,77.263,0.205,4
0.907,0.292,208520,0.166,0,3.18e-05,8,0.104,-14.297,1,44,0.0331,87.265,0.202,6
0.121,0.268,163067,0.392,0,9.5e-05,4,0.237,-14.998,1,29,0.0325,190.366,0.963,5
0.5660000000000001,0.732,246427,0.96,0,1.91e-06,11,0.227,-2.668,0,40,0.145,91.527,0.675,2
0.8809999999999999,0.629,295867,0.583,0,0.499,4,0.104,-11.235,0,48,0.0445,119.078,0.261,2
0.975,0.277,245440,0.09,0,0.949,7,0.125,-26.188,1,0,0.0316,105.031,0.168,10
0.951,0.417,313440,0.11,0,0.721,5,0.174,-16.504,0,34,0.0405,57.312,0.22,6
0.524,0.411,306933,0.272,0,0.0,10,0.365,-14.427,1,37,0.0297,104.262,0.32299999999999995,3
0.0159,0.36,212184,0.257,0,0.00512,7,0.226,-9.655,1,59,0.0315,76.972,0.13,1
0.768,0.573,182360,0.4920000000000001,0,0.0134,2,0.102,-10.053,1,1,0.0411,120.693,0.962,7
0.424,0.629,275640,0.387,0,0.0,10,0.0479,-13.667,1,58,0.0386,76.003,0.4970000000000001,6
0.716,0.564,199320,0.574,0,1.16e-06,2,0.113,-5.106,1,37,0.04,124.929,0.775,4
0.987,0.4920000000000001,165893,0.133,0,0.945,10,0.103,-18.452,1,0,0.0335,130.55,0.38,8
0.952,0.488,145133,0.181,0,0.00469,7,0.113,-14.341,1,8,0.0319,96.461,0.155,7
0.996,0.648,170600,0.0644,0,0.598,3,0.126,-23.497,0,0,0.271,80.101,0.636,10
0.141,0.518,124027,0.813,0,0.0,0,0.742,-10.939,1,40,0.0564,173.47299999999996,0.821,3
0.708,0.461,317973,0.19,0,0.000265,7,0.226,-16.24,0,11,0.0287,110.801,0.16899999999999998,6
0.7140000000000001,0.696,138133,0.133,0,9.66e-06,7,0.11,-20.836,1,37,0.0387,116.456,0.653,3
0.987,0.245,121720,0.108,0,0.96,9,0.0973,-18.296,0,21,0.0377,175.77700000000004,0.695,6
0.138,0.633,183267,0.622,0,0.0,10,0.118,-10.13,1,47,0.0352,96.14,0.531,2
0.498,0.7340000000000001,206413,0.977,0,0.0,6,0.155,-4.756,1,51,0.0319,123.284,0.967,2
0.731,0.545,135827,0.301,0,6.19e-06,0,0.224,-14.050999999999998,1,15,0.0454,126.037,0.305,6
0.00495,0.203,141720,0.964,0,0.0,4,0.48,-4.862,0,33,0.228,173.907,0.221,4
2.49e-05,0.412,304173,0.905,0,0.0464,10,0.106,-4.525,0,45,0.0315,157.60299999999995,0.411,3
0.5870000000000001,0.468,210800,0.41,0,6.27e-06,3,0.0699,-11.782,1,45,0.028,183.898,0.519,4
0.0984,0.7490000000000001,191107,0.5770000000000001,1,1.0800000000000003e-05,4,0.316,-6.4460000000000015,0,46,0.295,172.035,0.459,2
0.934,0.596,174200,0.311,0,0.0232,9,0.194,-8.658999999999999,1,30,0.0386,145.13299999999995,0.375,7
0.243,0.83,365800,0.414,0,0.0,9,0.627,-11.136,0,45,0.197,99.234,0.556,3
0.0112,0.392,334107,0.787,0,0.378,11,0.971,-10.496,0,29,0.0799,122.026,0.81,5
0.0769,0.595,243924,0.89,0,0.003,0,0.13699999999999998,-6.287000000000001,1,27,0.0265,145.345,0.721,4
0.815,0.573,138307,0.51,0,0.0,8,0.141,-6.857,1,17,0.0852,79.943,0.8959999999999999,6
0.7829999999999999,0.675,296827,0.242,0,0.000129,2,0.108,-19.53,0,25,0.0944,96.026,0.725,4
0.0165,0.6990000000000001,246827,0.713,0,0.000647,0,0.114,-8.312000000000001,1,20,0.0297,102.818,0.8590000000000001,4
0.00454,0.519,235840,0.935,0,0.0,7,0.0661,-5.6560000000000015,0,67,0.0423,104.044,0.498,1
0.114,0.662,259067,0.374,0,3.59e-06,9,0.249,-11.19,1,42,0.34,112.694,0.551,2
0.212,0.628,255067,0.987,0,0.221,3,0.152,-3.382,1,36,0.0887,130.181,0.317,4
0.995,0.488,157500,0.0959,0,0.958,1,0.0858,-25.806,1,68,0.0641,145.957,0.302,1
0.996,0.828,163147,0.158,0,0.916,7,0.116,-12.071,1,0,0.132,115.943,0.805,10
0.303,0.399,445187,0.467,0,0.0186,5,0.124,-11.763,1,40,0.0284,75.601,0.525,5
0.00692,0.487,290667,0.955,0,0.000343,10,0.0885,-3.365,0,40,0.0381,156.007,0.736,3
0.623,0.442,113880,0.807,0,0.0,5,0.471,-4.502,1,33,0.043,151.999,0.914,7
0.994,0.721,197105,0.204,0,0.505,7,0.106,-9.195,1,0,0.236,63.994,0.511,8
0.156,0.578,234093,0.698,0,0.0,9,0.0743,-10.447,1,23,0.0816,97.181,0.469,4
0.605,0.583,274373,0.47,0,2.35e-05,0,0.241,-13.675999999999998,1,46,0.0355,91.644,0.688,5
0.75,0.454,368493,0.578,0,0.0,0,0.875,-8.736,1,18,0.18,147.914,0.579,6
0.136,0.63,225587,0.5479999999999999,0,0.000824,2,0.0478,-10.253,0,34,0.0336,133.937,0.583,5
0.00462,0.787,247360,0.889,0,0.423,8,0.0665,-3.786,1,51,0.0397,114.091,0.394,4
0.94,0.619,133893,0.391,0,0.868,5,0.244,-12.252,1,1,0.116,130.691,0.8170000000000001,9
0.309,0.693,187973,0.708,0,0.00305,0,0.0857,-7.816,1,46,0.031,125.315,0.949,3
0.0832,0.4920000000000001,232379,0.6559999999999999,0,0.0,9,0.202,-7.3610000000000015,1,59,0.0365,147.94799999999995,0.358,1
0.946,0.297,229227,0.173,0,7.04e-05,10,0.249,-16.752,1,16,0.0349,58.469,0.193,7
0.434,0.637,226760,0.416,0,0.0,2,0.139,-7.595,1,50,0.0269,145.922,0.588,1
0.386,0.607,226200,0.536,0,0.0,10,0.102,-7.306,1,66,0.0305,147.986,0.434,1
0.0885,0.526,261840,0.6609999999999999,0,1.29e-06,0,0.234,-13.717,1,25,0.0359,132.172,0.487,4
0.12,0.974,260480,0.586,1,0.0,0,0.0585,-3.801,1,49,0.18,113.998,0.6890000000000001,2
0.962,0.204,1079800,0.113,0,0.942,5,0.0697,-19.017,0,0,0.041,129.39600000000002,0.0341,8
0.7140000000000001,0.752,135760,0.333,0,0.0,10,0.174,-14.394,1,19,0.0579,120.828,0.8420000000000001,6
0.885,0.736,181800,0.0635,0,0.005220000000000001,6,0.0523,-26.976,1,23,0.118,109.932,0.434,7
0.906,0.5489999999999999,155080,0.433,0,0.0108,7,0.0774,-8.526,1,66,0.0327,116.068,0.486,6
0.789,0.355,313933,0.301,0,0.0126,10,0.29,-11.963,1,2,0.0598,73.104,0.348,7
0.0468,0.805,212560,0.754,0,1.79e-06,8,0.0855,-6.6789999999999985,0,61,0.156,90.214,0.8440000000000001,3
0.0845,0.611,315493,0.5,0,0.00259,5,0.0956,-12.312,0,48,0.0278,126.308,0.512,5
0.315,0.5920000000000001,165973,0.514,0,0.0,4,0.388,-12.796,1,22,0.0316,114.96,0.735,5
0.14400000000000002,0.65,240400,0.807,0,0.0,9,0.0786,-7.536,1,39,0.0437,116.003,0.7879999999999999,3
0.138,0.6559999999999999,348667,0.885,0,0.0,10,0.057,-9.192,1,34,0.0423,130.032,0.5870000000000001,4
0.952,0.35600000000000004,169953,0.315,0,0.0,9,0.195,-11.543,1,0,0.0424,81.313,0.598,8
0.638,0.423,624253,0.7440000000000001,0,0.0,11,0.195,-11.245,1,0,0.0837,79.16,0.8540000000000001,8
0.145,0.617,179533,0.664,0,0.0,4,0.118,-10.338,1,30,0.0546,78.773,0.924,3
0.8540000000000001,0.341,223493,0.259,0,5.99e-06,10,0.112,-9.013,1,50,0.0331,136.912,0.179,2
0.989,0.383,255333,0.184,0,0.931,2,0.256,-20.652,1,7,0.0309,98.833,0.519,8
0.37,0.593,138467,0.593,0,9.19e-06,7,0.0487,-8.87,1,29,0.0305,99.388,0.789,6
0.0702,0.705,156893,0.349,0,0.00181,9,0.0786,-16.017,1,36,0.0411,121.064,0.95,6
0.738,0.8170000000000001,158964,0.37,0,0.0,7,0.162,-6.4620000000000015,1,33,0.0483,121.831,0.8109999999999999,3
0.138,0.6759999999999999,267233,0.92,1,0.0107,0,0.238,-5.823,0,50,0.269,127.131,0.434,1
0.000629,0.654,262200,0.83,0,1.13e-06,10,0.121,-4.801,1,68,0.0366,124.989,0.5479999999999999,1
0.00014,0.328,101667,0.867,0,0.0188,1,0.5670000000000001,-8.165,0,37,0.0717,105.852,0.439,3
0.0008320000000000001,0.627,224907,0.8420000000000001,0,0.898,9,0.115,-4.215,1,50,0.0375,134.98,0.309,2
0.987,0.493,258600,0.195,0,0.879,8,0.0978,-17.316,1,0,0.0395,121.195,0.481,10
0.8759999999999999,0.598,105185,0.5379999999999999,0,0.0,9,0.0957,-16.43,0,23,0.508,182.001,0.857,5
0.6659999999999999,0.39,188067,0.433,0,0.0,5,0.133,-7.519,1,54,0.0329,76.709,0.26,6
0.98,0.35100000000000003,198782,0.0966,0,0.905,7,0.324,-24.101,1,0,0.159,68.919,0.521,8
0.16399999999999998,0.726,312080,0.6509999999999999,1,7.26e-06,10,0.303,-6.352,0,49,0.3,164.113,0.382,2
0.7909999999999999,0.521,152960,0.506,0,0.0,7,0.124,-8.906,0,27,0.0379,79.87899999999998,0.63,6
0.501,0.6459999999999999,183720,0.485,1,0.0,0,0.121,-6.647,1,67,0.0829,148.13,0.408,1
0.865,0.366,348733,0.257,0,0.5,8,0.104,-21.669,1,34,0.0875,171.87599999999995,0.551,6
0.0815,0.575,230994,0.399,0,0.07,9,0.16,-15.716,1,60,0.0369,87.89399999999998,0.759,3
0.297,0.615,255693,0.202,0,0.0402,4,0.119,-15.692,0,28,0.0397,132.67,0.337,5
0.8690000000000001,0.507,467493,0.615,0,6.59e-06,2,0.688,-12.856,0,10,0.0546,115.643,0.529,6
0.933,0.399,269400,0.262,0,0.843,7,0.189,-17.611,1,43,0.046,132.321,0.6459999999999999,2
0.794,0.747,140280,0.725,0,6.83e-06,7,0.3,-11.791,1,3,0.0372,86.845,0.98,7
0.8370000000000001,0.337,287733,0.191,0,0.0848,5,0.0587,-16.84,1,43,0.033,144.69799999999995,0.246,5
0.3,0.6970000000000001,299147,0.503,0,0.000106,11,0.118,-9.147,0,52,0.0429,145.092,0.951,3
0.858,0.635,239733,0.16699999999999998,0,0.000999,1,0.213,-12.998,1,59,0.0403,83.76799999999999,0.246,6
0.979,0.35700000000000004,197440,0.259,0,0.596,8,0.189,-11.19,1,4,0.034,83.354,0.32299999999999995,8
0.263,0.599,229933,0.7879999999999999,0,0.00525,8,0.155,-6.25,0,64,0.0294,100.001,0.581,1
0.8240000000000001,0.415,178933,0.504,0,3.8e-06,10,0.322,-6.05,1,62,0.0649,189.937,0.97,3
0.995,0.531,159160,0.141,0,0.912,2,0.139,-23.636,1,0,0.0872,122.18,0.389,10
0.618,0.466,176467,0.479,0,0.00155,4,0.293,-11.556,1,15,0.0322,146.208,0.722,8
0.992,0.214,166911,0.223,0,0.0772,9,0.259,-17.301,1,0,0.0467,86.757,0.0502,10
0.0571,0.6920000000000001,204057,0.353,1,2.26e-05,1,0.579,-12.872,0,52,0.0613,80.902,0.73,3
6.53e-05,0.499,224120,0.963,0,0.0005070000000000001,5,0.608,-2.729,0,53,0.0578,123.981,0.16,2
0.16899999999999998,0.0,133413,0.0598,0,0.992,1,0.8140000000000001,-26.741,1,68,0.0,0.0,0.0,1
0.525,0.726,96977,0.132,1,0.0,11,0.378,-19.388,0,0,0.952,84.76700000000002,0.635,8
0.613,0.5770000000000001,161867,0.419,0,0.0,7,0.361,-11.945,1,57,0.0374,163.942,0.855,5
0.769,0.516,326373,0.172,0,0.0173,5,0.098,-19.866,1,29,0.0306,89.78299999999999,0.404,5
0.994,0.373,191438,0.109,0,0.12,3,0.113,-13.779000000000002,1,0,0.0599,130.881,0.379,8
0.414,0.645,176493,0.153,0,0.0392,2,0.105,-21.334,1,23,0.0486,117.88,0.555,7
0.12,0.701,97300,0.16699999999999998,1,0.00393,0,0.121,-21.64,0,0,0.909,93.252,0.595,8
0.125,0.6829999999999999,237093,0.8059999999999999,0,0.0005480000000000001,9,0.191,-7.574,1,51,0.042,118.032,0.962,4
0.374,0.5539999999999999,161360,0.655,0,0.0,5,0.0704,-6.8329999999999975,1,21,0.0617,114.517,0.8540000000000001,6
0.964,0.871,101707,0.354,0,0.0,0,0.0721,-8.537,1,8,0.124,105.371,0.593,7
0.967,0.374,197642,0.732,0,0.0,5,0.207,-9.797,0,0,0.114,166.24200000000005,0.944,8
0.986,0.0996,99733,0.0116,0,0.938,2,0.0981,-35.154,0,49,0.0437,88.77799999999998,0.0654,2
0.865,0.569,131853,0.345,0,1.44e-05,10,0.11,-12.855,1,2,0.0453,131.689,0.8,7
0.41,0.518,161267,0.431,0,0.00608,2,0.343,-15.028,1,44,0.0519,127.953,0.745,6
0.949,0.16,387960,0.14300000000000002,0,0.591,8,0.125,-20.855,1,0,0.0448,95.811,0.0508,9
0.496,0.7709999999999999,217813,0.5760000000000001,0,2.15e-05,0,0.0936,-12.13,1,23,0.0572,108.602,0.777,5
0.528,0.55,229800,0.423,0,0.0,9,0.759,-10.411,1,28,0.0274,127.73,0.7290000000000001,6
0.007090000000000002,0.828,228920,0.417,0,0.762,0,0.0703,-14.136,0,44,0.0328,100.28,0.945,5
0.52,0.838,148893,0.34700000000000003,0,2.7399999999999995e-05,10,0.149,-13.357,1,33,0.0516,91.071,0.81,5
0.873,0.355,162187,0.162,0,0.00048,9,0.141,-14.771,1,20,0.0377,115.706,0.159,6
0.994,0.461,166750,0.13,0,0.7290000000000001,9,0.163,-15.234000000000002,0,0,0.0744,127.159,0.488,10
0.912,0.168,243507,0.101,0,0.007640000000000002,8,0.108,-12.992,0,31,0.0346,111.324,0.234,5
0.493,0.476,218546,0.5539999999999999,0,5.21e-05,7,0.243,-10.469,1,21,0.0572,109.833,0.664,5
5.479999999999999e-05,0.529,252667,0.932,1,0.000432,0,0.0761,-4.72,1,43,0.0673,102.672,0.306,2
0.32299999999999995,0.7759999999999999,152333,0.262,0,0.0,1,0.0411,-13.868,1,21,0.388,137.05200000000002,0.639,7
0.815,0.626,225467,0.316,0,0.0268,11,0.131,-14.433,0,25,0.029,124.619,0.588,6
0.008159999999999999,0.419,129667,0.905,0,0.732,1,0.107,-11.595,1,15,0.0352,102.098,0.987,6
0.00104,0.456,186596,0.868,0,0.8590000000000001,7,0.249,-6.183,1,16,0.0337,135.467,0.88,6
0.0129,0.474,237067,0.805,0,2.51e-06,4,0.175,-4.063,0,57,0.0266,78.102,0.409,2
0.861,0.6809999999999999,165933,0.377,0,0.0,2,0.34,-7.54,0,53,0.0566,130.041,0.528,2
0.762,0.502,261760,0.298,0,0.6579999999999999,0,0.708,-19.479,0,12,0.0752,116.649,0.794,6
0.217,0.313,256707,0.627,0,0.0,2,0.294,-6.375,1,45,0.0493,202.814,0.446,1
0.98,0.224,176200,0.138,0,0.0718,1,0.129,-18.391,1,8,0.0441,86.189,0.111,7
0.977,0.205,207733,0.193,0,1.42e-05,0,0.0869,-16.777,1,33,0.0514,65.946,0.0665,5
0.0567,0.405,241267,0.804,0,0.763,5,0.0882,-3.522,0,15,0.0737,178.83900000000003,0.741,6
0.8109999999999999,0.418,215200,0.368,0,0.728,10,0.116,-14.736,0,23,0.0281,97.86,0.221,7
0.993,0.327,251307,0.0692,0,0.914,1,0.105,-24.252,1,0,0.0411,84.31700000000002,0.0723,8
0.14400000000000002,0.528,137307,0.539,0,3.99e-06,8,0.159,-8.019,1,14,0.0463,157.475,0.741,6
0.8420000000000001,0.327,144987,0.52,0,0.0,0,0.107,-13.302,0,28,0.0931,75.165,0.586,4
0.448,0.434,200000,0.138,0,6.43e-06,4,0.108,-20.702,0,8,0.0683,99.505,0.428,7
0.7140000000000001,0.5670000000000001,214133,0.333,0,4.53e-06,0,0.25,-8.818,1,66,0.0258,139.80700000000002,0.208,3
0.00189,0.62,200000,0.721,1,0.0,1,0.155,-6.176,0,52,0.0429,169.919,0.28600000000000003,1
0.958,0.478,446067,0.246,0,0.004520000000000001,7,0.146,-16.087,0,8,0.035,92.315,0.498,7
0.368,0.828,226905,0.59,0,0.0,7,0.0643,-6.3420000000000005,1,51,0.146,154.997,0.875,2
0.000797,0.48,222053,0.826,0,1.01e-06,0,0.125,-4.602,1,52,0.0397,96.0,0.687,1
0.981,0.513,188186,0.16,0,0.0122,4,0.327,-16.535999999999998,0,0,0.0481,114.51,0.225,9
0.0246,0.551,288467,0.867,0,2.91e-06,9,0.201,-7.853,0,48,0.0458,117.52,0.36,4
0.268,0.581,317040,0.35100000000000003,0,0.0,5,0.0825,-13.586,0,34,0.0266,103.781,0.114,3
0.115,0.636,238747,0.946,0,3.75e-05,10,0.0416,-4.683,0,55,0.332,125.085,0.8909999999999999,2
0.00318,0.526,250973,0.981,0,0.00161,8,0.187,-1.82,1,70,0.111,142.016,0.7809999999999999,1
0.995,0.708,160073,0.328,0,0.0705,0,0.146,-13.163,1,0,0.0888,119.991,0.932,9
0.857,0.411,168040,0.204,0,0.0,0,0.11,-15.719,1,16,0.0511,77.183,0.233,7
0.589,0.467,289253,0.268,0,0.0354,2,0.0539,-14.904000000000002,0,36,0.0462,63.541,0.3,5
0.727,0.6709999999999999,154333,0.612,0,0.00502,10,0.33,-8.885,0,42,0.053,113.023,0.823,2
0.828,0.5920000000000001,228520,0.469,0,0.0,2,0.198,-7.667999999999997,1,54,0.0293,129.959,0.5579999999999999,2
0.913,0.48,140960,0.073,0,2.07e-05,0,0.112,-14.054,1,31,0.0361,128.561,0.444,5
0.34,0.6459999999999999,253493,0.643,0,0.0,7,0.252,-7.405,1,39,0.067,144.037,0.6609999999999999,3
0.961,0.219,229347,0.338,0,2.89e-06,10,0.094,-12.935,1,17,0.0357,87.29799999999999,0.14,7
0.008490000000000001,0.62,238560,0.61,0,0.162,11,0.205,-8.329,0,72,0.0373,127.052,0.235,1
0.995,0.425,157153,0.375,0,4.32e-06,3,0.384,-9.529,1,0,0.0973,178.405,0.758,9
0.534,0.713,171133,0.449,0,3.53e-05,1,0.101,-7.887,1,41,0.0259,110.093,0.585,3
0.78,0.396,289013,0.4270000000000001,0,0.0,6,0.185,-8.908,1,50,0.0362,134.686,0.13,4
0.861,0.362,1581160,0.8340000000000001,0,8.7e-05,7,0.821,-17.247,1,7,0.884,85.228,0.0339,7
0.309,0.7120000000000001,108100,0.0945,1,0.0,7,0.321,-19.34,1,0,0.926,108.418,0.813,9
0.525,0.682,164627,0.332,0,0.0,5,0.0966,-13.061,1,22,0.0367,107.341,0.745,5
7.780000000000001e-05,0.485,182587,0.928,0,0.904,6,0.851,-6.836,1,34,0.101,112.773,0.485,4
0.996,0.6679999999999999,155000,0.392,0,0.931,2,0.153,-13.28,1,0,0.111,202.366,0.929,10
0.3720000000000001,0.589,287733,0.775,0,0.00127,0,0.097,-5.4460000000000015,1,34,0.0304,110.826,0.625,4
0.895,0.61,159000,0.231,0,0.0157,9,0.075,-17.239,1,21,0.0921,77.012,0.369,5
0.000474,0.494,234173,0.938,0,0.0,11,0.314,-2.359,0,56,0.0384,95.049,0.8220000000000001,2
7.38e-05,0.378,89347,0.8809999999999999,0,0.0458,9,0.316,-7.334,0,39,0.0773,123.178,0.636,3
0.166,0.466,452278,0.964,0,0.0,2,0.273,-2.968,1,32,0.138,149.628,0.716,3
0.936,0.29100000000000004,250987,0.388,0,0.0,5,0.486,-12.643,1,3,0.0397,88.176,0.147,8
0.0138,0.652,230880,0.5379999999999999,0,1.7199999999999998e-05,6,0.0649,-6.943,1,40,0.0315,78.03699999999998,0.431,2
0.229,0.753,168813,0.621,0,3.2299999999999986e-05,4,0.218,-7.489,1,50,0.0294,124.942,0.6659999999999999,1
0.007259999999999998,0.382,231307,0.807,0,9.83e-05,9,0.0977,-4.955,1,54,0.0301,149.97,0.21,1
0.14300000000000002,0.647,207440,0.488,0,0.197,7,0.126,-10.764,1,44,0.0301,140.309,0.234,4
0.0614,0.516,199600,0.738,0,7.709999999999999e-05,4,0.626,-12.262,1,30,0.0425,125.622,0.955,5
0.88,0.478,214880,0.238,0,1.31e-06,10,0.233,-10.135,1,0,0.0287,109.773,0.568,7
0.482,0.5529999999999999,205680,0.314,0,2.64e-05,7,0.0679,-10.528,1,6,0.0304,102.802,0.5379999999999999,7
0.983,0.292,608240,0.236,0,0.927,0,0.136,-19.876,1,1,0.0358,87.279,0.113,7
0.000692,0.512,256933,0.947,0,0.114,9,0.0283,-5.659,0,61,0.0401,117.461,0.612,4
0.985,0.528,68893,0.0754,0,1.67e-06,10,0.594,-25.554,1,8,0.4270000000000001,84.729,0.198,7
0.523,0.813,219160,0.904,0,0.0,11,0.0635,-3.781,0,47,0.0853,97.929,0.753,2
0.208,0.861,321907,0.6679999999999999,0,2.94e-05,5,0.0536,-7.655,1,29,0.0856,97.668,0.929,4
0.991,0.316,186480,0.101,0,0.000173,9,0.284,-15.673,0,12,0.0394,171.416,0.279,7
0.945,0.355,170667,0.191,0,0.0,10,0.371,-14.856,1,43,0.047,88.88600000000002,0.594,3
0.98,0.333,167160,0.131,0,0.152,10,0.113,-20.837,1,49,0.0311,92.31,0.318,2
0.968,0.468,154227,0.16,0,0.0,10,0.0725,-13.499,1,0,0.0518,109.031,0.6940000000000001,8
