0.988,0.51,232640,0.0429,0,0.21600000000000005,1,0.126,-20.862,1,6,0.0406,119.879,0.246,7
0.994,0.28600000000000003,111320,0.0169,0,0.0,1,0.192,-23.012,1,0,0.0525,165.243,0.376,7
0.0549,0.508,292680,0.777,0,6.6e-06,4,0.13699999999999998,-5.593,1,42,0.0354,92.236,0.598,2
0.000293,0.595,214533,0.878,0,0.00266,5,0.174,-4.341,0,59,0.0401,93.94,0.465,1
0.991,0.385,198533,0.193,0,0.841,2,0.112,-21.717,0,30,0.0363,78.02600000000002,0.2,5
0.99,0.7490000000000001,206193,0.0788,0,0.639,2,0.14,-15.779000000000002,0,0,0.0547,103.45,0.524,8
0.0178,0.341,252307,0.971,0,0.0001,1,0.5429999999999999,-3.0780000000000003,1,41,0.0776,194.021,0.731,2
0.317,0.633,133640,0.637,0,0.12,8,0.377,-14.892,1,13,0.0883,178.743,0.893,7
0.0405,0.496,176987,0.885,0,0.0,0,0.271,-2.481,1,54,0.0638,104.93,0.6859999999999999,1
0.892,0.381,472960,0.375,0,0.784,3,0.11,-8.015,1,6,0.0385,140.781,0.166,7
0.993,0.6579999999999999,172000,0.0757,0,0.422,10,0.223,-13.528,1,0,0.0595,114.932,0.431,10
0.422,0.422,260276,0.6409999999999999,1,0.0,10,0.317,-4.947,0,57,0.32299999999999995,187.027,0.654,1
0.989,0.5670000000000001,191560,0.207,0,0.00413,5,0.14,-11.473,0,0,0.0439,120.392,0.722,7
0.104,0.706,215760,0.705,0,0.156,7,0.0285,-9.33,1,47,0.101,130.539,0.968,4
0.8540000000000001,0.478,250947,0.0643,0,0.8140000000000001,9,0.111,-27.627,0,29,0.0396,117.794,0.0395,6
0.913,0.31,181933,0.221,0,0.0235,5,0.257,-16.967,0,0,0.0833,85.985,0.172,7
0.977,0.394,186187,0.197,0,0.0139,2,0.0725,-11.719,0,55,0.0346,136.12,0.228,2
0.0236,0.7759999999999999,366360,0.669,0,1.83e-05,5,0.0863,-8.811,1,46,0.0662,111.116,0.915,4
0.446,0.7140000000000001,205333,0.644,0,4.51e-06,7,0.136,-4.466,1,54,0.0356,84.33200000000002,0.76,2
0.00626,0.619,375427,0.561,0,0.000181,10,0.332,-11.429,1,38,0.0492,99.61,0.586,5
0.645,0.5489999999999999,365467,0.275,0,0.00175,0,0.0815,-16.983,0,6,0.0605,129.991,0.743,7
0.0138,0.506,221627,0.604,0,0.4270000000000001,9,0.0435,-4.1789999999999985,1,52,0.0283,110.921,0.34700000000000003,2
0.0117,0.589,187000,0.436,0,0.0691,6,0.115,-11.811,1,67,0.038,99.924,0.9,0
0.0246,0.5529999999999999,243173,0.871,0,0.000107,1,0.181,-5.31,1,52,0.0589,144.064,0.474,2
0.474,0.642,226200,0.5770000000000001,0,1.1e-06,7,0.13699999999999998,-8.519,1,40,0.0486,95.681,0.907,2
0.44,0.636,272573,0.722,0,0.0,8,0.136,-6.374,1,50,0.0352,124.158,0.93,2
0.941,0.485,120933,0.136,0,1.99e-05,4,0.139,-11.504,1,48,0.0393,103.246,0.411,2
0.968,0.358,160587,0.398,0,0.875,0,0.38,-13.837,0,0,0.0373,82.48,0.655,7
0.8540000000000001,0.34700000000000003,202347,0.3670000000000001,0,0.0,5,0.271,-11.152,1,26,0.0286,106.857,0.25,6
0.993,0.644,195318,0.229,0,0.8270000000000001,5,0.23,-15.957,1,0,0.112,128.73,0.68,8
0.74,0.5589999999999999,416253,0.275,0,0.113,5,0.114,-16.465999999999998,0,14,0.0498,147.102,0.5529999999999999,6
0.198,0.5479999999999999,231240,0.6779999999999999,0,0.0,2,0.0995,-10.094,1,37,0.0332,136.592,0.8079999999999999,4
0.455,0.642,255733,0.8340000000000001,0,3.11e-05,5,0.589,-7.409,1,26,0.125,95.31,0.7809999999999999,4
0.246,0.606,266600,0.913,0,0.006959999999999999,8,0.34,-6.039,0,65,0.0351,123.58,0.838,2
0.994,0.547,65960,0.0292,0,0.948,0,0.223,-22.643,1,7,0.046,127.559,0.68,8
0.318,0.573,265693,0.732,0,2.39e-06,3,0.0716,-6.849,1,42,0.0376,158.03799999999995,0.736,2
0.0254,0.6890000000000001,211893,0.907,0,0.000732,9,0.138,-5.5870000000000015,1,49,0.037000000000000005,116.968,0.912,2
0.657,0.6459999999999999,332040,0.629,0,6.459999999999997e-05,0,0.0428,-8.041,1,64,0.0305,112.047,0.457,3
0.988,0.343,361533,0.224,0,0.866,0,0.46,-19.473,1,0,0.0373,78.59,0.35200000000000004,10
0.34700000000000003,0.705,244652,0.598,1,0.159,5,0.135,-9.684,1,58,0.141,119.985,0.229,1
0.00286,0.464,302400,0.747,0,0.000109,2,0.125,-5.9129999999999985,1,29,0.0361,136.459,0.182,4
0.0319,0.7290000000000001,178400,0.726,0,2.86e-06,6,0.0287,-8.103,1,36,0.0538,100.921,0.835,3
0.67,0.915,155040,0.434,0,6.46e-06,10,0.106,-10.711,0,31,0.0438,106.171,0.8420000000000001,7
0.369,0.7490000000000001,343787,0.7829999999999999,0,0.000197,4,0.107,-7.467,0,47,0.0737,97.002,0.667,4
0.8170000000000001,0.6990000000000001,164187,0.292,0,0.000275,9,0.162,-12.45,1,44,0.0352,119.121,0.831,6
0.895,0.471,130534,0.521,0,0.000588,9,0.14300000000000002,-9.56,0,7,0.0354,89.40100000000002,0.8320000000000001,8
0.996,0.424,214133,0.00798,0,0.925,5,0.0983,-28.345,0,60,0.0496,124.166,0.0794,2
0.0936,0.484,172000,0.905,0,0.0,10,0.28600000000000003,-3.993,1,44,0.135,182.058,0.767,2
0.0274,0.823,197053,0.705,1,0.0,10,0.0919,-4.73,0,61,0.282,186.12,0.836,1
0.00161,0.435,188067,0.8320000000000001,1,0.004229999999999999,5,0.263,-6.343,1,34,0.0442,119.935,0.652,3
0.964,0.342,204533,0.371,0,0.435,1,0.731,-13.237,0,0,0.0456,147.609,0.229,8
0.493,0.448,151347,0.826,0,0.000313,11,0.309,-10.145,0,7,0.448,173.58599999999996,0.846,7
0.847,0.465,178200,0.196,0,0.0,2,0.14800000000000002,-11.994000000000002,1,30,0.0297,92.876,0.26,7
0.00212,0.486,213267,0.595,0,0.000264,7,0.0953,-5.009,1,54,0.0302,113.276,0.331,2
0.963,0.534,192813,0.09,0,2.9100000000000013e-05,8,0.266,-18.077,0,0,0.042,144.773,0.28600000000000003,8
0.95,0.3670000000000001,166067,0.0526,0,0.947,0,0.269,-13.76,1,5,0.0395,113.245,0.527,7
0.861,0.475,129333,0.904,0,0.0,5,0.649,-6.8870000000000005,1,12,0.0623,140.186,0.754,7
0.8809999999999999,0.474,197787,0.0785,0,0.0154,5,0.108,-18.171,1,33,0.0384,130.224,0.111,5
0.919,0.252,232933,0.12,0,2.4e-06,0,0.21600000000000005,-19.058,0,24,0.038,137.429,0.147,7
0.6809999999999999,0.603,208213,0.268,0,0.0,8,0.0884,-14.564,1,30,0.0446,103.709,0.377,7
0.466,0.472,201240,0.604,0,5.16e-06,6,0.141,-11.582,1,21,0.0486,126.977,0.525,7
0.716,0.464,204827,0.45,0,0.0,9,0.14300000000000002,-10.164,1,0,0.0335,90.514,0.477,8
0.378,0.617,106608,0.787,0,1.13e-05,7,0.21,-10.091,1,12,0.0581,89.77600000000002,0.933,7
0.99,0.561,174933,0.168,0,0.601,0,0.114,-15.142,1,0,0.0567,114.784,0.7070000000000001,8
0.7509999999999999,0.5660000000000001,164893,0.657,0,0.8959999999999999,4,0.156,-10.33,1,50,0.0693,145.359,0.643,3
0.0983,0.723,289160,0.5579999999999999,0,0.000209,6,0.24,-10.871,1,34,0.224,84.166,0.639,5
0.383,0.8170000000000001,246827,0.825,0,0.0,7,0.0866,-6.481,1,51,0.238,99.032,0.8809999999999999,3
0.485,0.556,176440,0.722,0,0.000324,9,0.142,-6.9620000000000015,1,38,0.0331,109.155,0.7170000000000001,6
0.487,0.448,257440,0.238,0,1.08e-06,5,0.119,-10.651,0,34,0.0312,113.581,0.192,4
0.964,0.113,287893,0.0601,0,0.00971,5,0.145,-22.852,1,0,0.0447,74.339,0.0693,9
0.0165,0.269,212480,0.7140000000000001,0,0.311,2,0.191,-7.575,1,31,0.0363,100.11,0.384,5
0.0931,0.574,353987,0.51,0,0.00433,7,0.0659,-8.394,1,21,0.0237,106.338,0.507,5
0.738,0.7170000000000001,116800,0.207,0,0.0,1,0.16399999999999998,-19.985,1,0,0.954,116.27,0.67,10
0.16899999999999998,0.669,329187,0.662,1,0.0,11,0.345,-7.757999999999999,0,56,0.0446,94.531,0.471,1
0.6759999999999999,0.227,188240,0.322,0,0.833,2,0.122,-10.853,0,41,0.0309,92.234,0.253,3
0.0972,0.8220000000000001,304000,0.618,0,9.29e-06,1,0.0476,-6.607,1,39,0.0379,131.981,0.85,3
0.973,0.234,243053,0.0907,0,0.0353,4,0.122,-22.485,0,2,0.0439,117.671,0.056,7
0.838,0.619,145552,0.257,0,0.00075,5,0.0909,-16.121,1,15,0.042,67.843,0.5720000000000001,6
0.0114,0.584,174893,0.861,1,8.35e-06,7,0.213,-4.261,1,46,0.35,176.014,0.473,3
0.957,0.426,277440,0.13,0,0.134,5,0.109,-17.199,1,43,0.0317,79.66,0.396,3
0.994,0.454,209659,0.12,0,0.855,3,0.116,-17.545,1,0,0.0487,63.101000000000006,0.396,8
0.97,0.7390000000000001,162107,0.15,0,0.00233,7,0.42,-13.117,1,4,0.0391,101.369,0.532,9
0.0853,0.772,228000,0.615,0,0.000268,9,0.345,-12.399,1,33,0.0494,113.006,0.951,5
0.327,0.478,412244,0.209,0,0.069,11,0.249,-16.458,1,13,0.0678,75.051,0.457,7
0.0132,0.521,205208,0.877,0,0.0806,7,0.0929,-5.444,1,81,0.0683,180.007,0.199,0
0.486,0.639,276827,0.7659999999999999,0,0.0,3,0.128,-7.579,0,39,0.0474,155.52100000000004,0.936,2
0.374,0.329,276187,0.509,0,0.0,11,0.12,-6.607,1,57,0.0333,127.119,0.227,1
0.0527,0.767,407133,0.823,0,0.0,2,0.0437,-9.237,1,35,0.31,88.751,0.68,4
0.237,0.396,202613,0.823,0,0.74,9,0.7390000000000001,-6.6179999999999986,1,23,0.0943,162.14600000000004,0.76,4
0.436,0.506,156893,0.655,0,0.0,0,0.101,-10.898,1,29,0.0335,169.856,0.763,4
0.21600000000000005,0.767,192452,0.643,1,0.000104,5,0.0806,-5.225,1,80,0.101,169.99,0.536,1
0.0952,0.937,186000,0.528,0,1.1e-06,0,0.237,-6.305,1,60,0.0353,104.96,0.7659999999999999,2
0.107,0.679,219867,0.51,1,2.17e-06,7,0.113,-12.063,1,43,0.35200000000000004,178.93599999999995,0.7609999999999999,4
0.264,0.466,238880,0.506,0,0.13,11,0.102,-7.473,1,43,0.0296,132.28799999999998,0.252,1
0.981,0.134,272600,0.0981,0,0.868,5,0.154,-16.779,1,9,0.0369,99.143,0.0347,7
0.993,0.439,183902,0.197,0,0.0432,2,0.0809,-15.907,0,0,0.0414,119.009,0.578,8
0.412,0.454,125053,0.73,0,0.000152,2,0.105,-8.331,1,25,0.111,110.865,0.615,4
3.37e-05,0.441,193600,0.907,0,0.14300000000000002,2,0.08800000000000001,-4.427,1,42,0.039,129.489,0.6990000000000001,4
0.313,0.574,186000,0.514,0,0.00362,11,0.274,-8.02,0,53,0.028,111.005,0.35200000000000004,2
0.491,0.816,166400,0.541,0,0.0,5,0.16899999999999998,-6.808,0,37,0.173,109.206,0.482,2
0.6459999999999999,0.551,153533,0.493,0,0.0,10,0.287,-5.685,1,56,0.0378,94.415,0.43,2
0.995,0.376,131667,0.0192,0,0.8740000000000001,4,0.0778,-35.626,1,53,0.0394,111.591,0.197,3
0.995,0.292,176853,0.131,0,0.946,9,0.445,-25.825,1,7,0.0518,111.271,0.112,7
0.0551,0.649,183719,0.4320000000000001,0,0.918,11,0.268,-13.486,0,0,0.0367,118.143,0.906,8
0.0273,0.487,208360,0.759,1,0.0,11,0.165,-4.849,1,57,0.0405,80.958,0.227,2
0.034,0.818,225983,0.8029999999999999,0,0.0,1,0.153,-4.282,1,78,0.0797,106.97,0.632,1
0.000152,0.456,204000,0.956,1,0.87,1,0.0614,-5.147,1,33,0.108,154.191,0.55,4
0.00661,0.5379999999999999,243707,0.899,0,0.0049,9,0.13,-6.479,0,36,0.0457,135.637,0.7020000000000001,5
0.99,0.475,273789,0.0704,0,0.9,3,0.104,-26.92,0,0,0.0454,142.958,0.0973,8
0.14400000000000002,0.621,189867,0.629,0,0.0,2,0.0956,-10.781,1,46,0.0467,136.861,0.922,5
0.0909,0.758,278987,0.6659999999999999,0,0.0101,10,0.098,-8.062000000000001,0,23,0.039,91.84,0.7929999999999999,4
0.21,0.741,191467,0.579,0,3.65e-05,3,0.102,-9.389,1,24,0.0272,117.446,0.872,4
0.479,0.308,196960,0.529,0,0.0,7,0.441,-5.319,0,44,0.0874,80.794,0.485,1
0.754,0.628,258733,0.35200000000000004,0,2.16e-06,0,0.0907,-8.286,1,66,0.0295,135.964,0.227,1
0.726,0.703,113013,0.355,0,0.0,7,0.138,-8.631,1,36,0.0317,120.08,0.667,3
0.831,0.67,131000,0.669,0,6.890000000000001e-05,2,0.101,-7.081,1,48,0.0476,118.968,0.927,6
0.8440000000000001,0.7240000000000001,180907,0.06,0,0.0,2,0.28300000000000003,-23.144,1,21,0.0557,127.992,0.669,6
0.233,0.57,152667,0.512,0,1.21e-05,6,0.199,-9.971,1,39,0.0291,115.288,0.355,6
0.995,0.35200000000000004,332680,0.39,0,0.547,6,0.379,-9.516,1,0,0.0446,138.435,0.425,8
0.17,0.235,344933,0.519,0,0.743,7,0.116,-7.644,1,36,0.032,146.795,0.177,5
0.588,0.498,223000,0.0793,0,0.0,8,0.125,-18.871,1,42,0.0351,117.766,0.303,4
0.0769,0.846,227120,0.8140000000000001,0,0.0,1,0.0588,-4.945,1,55,0.353,75.01,0.6709999999999999,2
0.0811,0.757,232507,0.78,0,0.0,1,0.113,-5.038,1,62,0.319,97.917,0.59,2
0.58,0.775,234360,0.452,0,0.0,0,0.17,-4.243,1,69,0.0311,129.941,0.606,1
0.995,0.516,193526,0.34,0,0.931,8,0.35700000000000004,-13.932,0,0,0.0611,110.763,0.907,9
0.98,0.281,162160,0.23,0,0.0,6,0.645,-14.888,1,0,0.0424,79.357,0.255,8
0.134,0.8690000000000001,380400,0.7290000000000001,0,0.269,7,0.0872,-12.668,0,45,0.0418,119.711,0.917,4
0.983,0.424,182453,0.0123,0,0.0,0,0.11,-24.386,0,25,0.0449,127.436,0.182,7
0.972,0.301,78200,0.0538,0,1.49e-05,8,0.192,-23.744,0,0,0.0738,164.62400000000005,0.13699999999999998,7
0.823,0.444,164387,0.312,0,0.0,0,0.0818,-13.438,1,9,0.0623,188.898,0.8220000000000001,6
0.987,0.6409999999999999,418160,0.527,0,0.00296,8,0.153,-10.75,1,0,0.6970000000000001,87.758,0.494,9
0.349,0.556,326907,0.588,0,0.00828,6,0.116,-7.443,0,27,0.0376,110.58,0.6659999999999999,5
0.988,0.126,213987,0.135,0,0.000413,10,0.0792,-20.782,1,20,0.0453,71.068,0.135,6
0.993,0.662,254133,0.0613,0,0.0151,11,0.106,-18.668,1,6,0.0672,111.949,0.5539999999999999,6
0.662,0.728,316800,0.318,0,0.406,2,0.0812,-13.331,0,39,0.0265,89.005,0.71,2
0.0081,0.626,190560,0.856,0,3.8e-06,8,0.13,-4.114,1,53,0.0463,112.078,0.6990000000000001,2
0.994,0.521,176840,0.185,0,0.958,6,0.177,-17.407,0,0,0.0713,144.94799999999995,0.329,8
0.0615,0.688,192653,0.698,0,9.62e-05,4,0.107,-8.256,0,44,0.0244,108.057,0.634,3
0.986,0.825,151347,0.121,0,0.000517,10,0.0757,-24.685,1,0,0.0873,129.856,0.938,8
0.979,0.376,175427,0.17800000000000002,0,0.00127,0,0.0861,-16.508,1,13,0.0442,61.68,0.2,7
0.213,0.66,136080,0.337,0,1.57e-05,2,0.142,-11.524,1,52,0.0286,110.173,0.703,4
0.865,0.162,481600,0.139,0,0.918,8,0.21600000000000005,-20.694000000000006,1,48,0.0386,94.009,0.0903,5
0.981,0.112,232467,0.0503,0,0.519,3,0.0912,-27.655,1,8,0.0537,171.282,0.0371,8
0.989,0.199,253200,0.342,0,0.028,0,0.191,-10.307,0,9,0.0341,138.975,0.229,8
0.384,0.507,156920,0.569,0,0.0,5,0.146,-5.379,1,64,0.0901,185.61900000000003,0.968,1
0.927,0.539,350680,0.442,0,0.934,5,0.114,-15.044,1,4,0.0363,135.054,0.8109999999999999,7
0.696,0.716,117500,0.225,0,0.0,1,0.0838,-20.075,1,0,0.945,111.526,0.654,10
0.948,0.467,164893,0.275,0,0.0,9,0.5660000000000001,-10.618,0,0,0.0462,86.119,0.368,7
0.249,0.911,179777,0.257,0,5.68e-05,8,0.324,-11.601,1,64,0.348,130.045,0.193,1
0.503,0.612,246039,0.7559999999999999,0,1.39e-06,9,0.946,-7.16,1,51,0.0985,96.255,0.443,3
0.000165,0.483,238947,0.972,0,0.0298,11,0.0599,-6.399,0,44,0.139,161.575,0.31,3
0.7929999999999999,0.337,160253,0.119,0,0.794,7,0.161,-21.437,1,54,0.0382,80.265,0.209,2
0.0116,0.316,171360,0.888,0,0.073,9,0.363,-11.18,1,29,0.0525,172.588,0.8109999999999999,4
0.332,0.523,206907,0.8240000000000001,0,2.11e-05,11,0.109,-7.356,1,24,0.0494,175.30200000000005,0.969,5
0.973,0.35100000000000003,145842,0.125,0,0.35200000000000004,9,0.111,-17.796,1,0,0.0474,70.878,0.335,8
0.962,0.452,272293,0.141,0,2.7600000000000014e-05,2,0.308,-13.941,0,6,0.0409,115.998,0.212,7
0.5720000000000001,0.653,216573,0.914,0,0.0,2,0.0745,-7.01,1,39,0.0587,142.59,0.961,4
0.0564,0.956,248907,0.722,0,2.26e-06,0,0.105,-12.223,0,35,0.0494,115.438,0.809,4
0.000154,0.441,221499,0.977,0,0.00042800000000000016,1,0.8420000000000001,-3.575,0,50,0.112,143.023,0.389,1
0.901,0.269,209133,0.117,0,0.000331,11,0.118,-17.465,1,21,0.0375,199.613,0.393,6
0.76,0.511,318613,0.33,0,0.000937,7,0.109,-11.665,1,38,0.0268,128.279,0.22,5
0.8490000000000001,0.464,232267,0.185,0,0.0,8,0.112,-12.55,1,11,0.0382,123.545,0.404,7
0.992,0.279,222507,0.173,0,0.00748,2,0.114,-15.005999999999998,0,0,0.0406,125.52,0.0659,9
0.202,0.628,203573,0.915,0,0.00322,11,0.624,-11.574000000000002,0,25,0.0378,109.454,0.6579999999999999,5
2.48e-05,0.467,273867,0.985,0,0.7140000000000001,2,0.129,-4.12,1,35,0.0592,115.905,0.386,3
0.588,0.428,138800,0.275,0,0.00128,2,0.338,-20.149,1,43,0.0821,154.709,0.551,5
0.00296,0.7090000000000001,209700,0.949,0,0.00022,0,0.26,-4.155,1,64,0.0509,128.966,0.398,1
0.0623,0.7509999999999999,287667,0.938,0,0.0021,7,0.126,-9.898,1,35,0.0617,120.038,0.767,3
0.866,0.425,196200,0.161,0,0.0,1,0.115,-12.442,1,20,0.032,80.867,0.187,8
0.0996,0.6679999999999999,398053,0.614,0,0.628,5,0.0866,-14.130999999999998,0,30,0.0376,113.683,0.785,5
0.232,0.469,283000,0.722,0,0.0,6,0.123,-4.806,1,50,0.0326,85.984,0.529,2
0.539,0.716,145587,0.5760000000000001,0,0.00126,5,0.101,-12.095,1,18,0.0308,113.127,0.708,6
0.0069900000000000006,0.53,238338,0.7290000000000001,0,0.0,0,0.103,-6.019,1,67,0.0376,139.929,0.219,1
0.777,0.52,196400,0.584,0,2.85e-05,9,0.237,-11.837,1,26,0.0473,156.915,0.923,5
0.6,0.63,151307,0.625,0,1.52e-05,4,0.24,-8.407,1,55,0.0375,122.504,0.887,6
0.0959,0.201,350467,0.23,0,0.606,7,0.0939,-19.23,0,37,0.0399,131.063,0.0368,5
0.469,0.67,164467,0.444,0,0.0,3,0.215,-9.596,0,27,0.0651,123.272,0.74,6
0.00323,0.368,154040,0.986,0,6.61e-06,7,0.0787,-5.016,1,39,0.0533,165.90200000000004,0.452,3
0.0361,0.621,209110,0.7909999999999999,0,0.0,9,0.14300000000000002,-3.343,1,67,0.0265,95.075,0.7340000000000001,1
0.5710000000000001,0.746,160933,0.361,0,0.0,9,0.0729,-8.576,0,47,0.0551,125.317,0.8009999999999999,6
0.544,0.7070000000000001,169827,0.569,0,0.917,7,0.1,-10.168,1,15,0.0292,99.62,0.952,6
0.945,0.345,306720,0.165,0,0.7190000000000001,5,0.16899999999999998,-15.68,1,0,0.0423,148.85299999999995,0.404,8
0.8340000000000001,0.189,276227,0.261,0,0.0,0,0.16399999999999998,-11.713,1,44,0.0322,77.888,0.0718,5
0.0102,0.436,281360,0.429,0,9.34e-06,11,0.17600000000000002,-8.0,0,42,0.0259,73.54899999999998,0.187,3
0.21,0.628,113100,0.108,1,0.0,6,0.214,-15.938,1,0,0.932,176.00400000000005,0.8059999999999999,9
0.922,0.601,171373,0.595,0,0.904,0,0.123,-8.309,1,0,0.113,99.297,0.986,9
0.0236,0.7509999999999999,241613,0.8059999999999999,1,0.0,11,0.134,-6.1,1,50,0.0602,142.015,0.685,2
0.518,0.298,280360,0.373,0,2.61e-06,0,0.341,-11.53,0,36,0.0361,207.901,0.391,3
0.964,0.748,106667,0.179,0,0.0,6,0.116,-15.485,1,5,0.6,92.089,0.4920000000000001,7
0.996,0.279,262853,0.0633,0,0.0874,7,0.0997,-20.265,0,0,0.0418,69.11,0.0625,9
0.208,0.403,293320,0.445,0,8.62e-06,6,0.0911,-12.285,1,50,0.0394,154.881,0.172,1
0.457,0.552,342907,0.483,0,0.000476,9,0.0877,-9.589,0,13,0.0351,118.149,0.718,7
0.0452,0.667,240347,0.7490000000000001,0,0.0,1,0.0803,-4.045,1,46,0.0315,114.046,0.494,2
0.0474,0.6409999999999999,184747,0.612,0,0.0588,2,0.102,-8.307,1,66,0.0361,136.41299999999998,0.8540000000000001,5
0.496,0.775,232707,0.499,0,0.0219,4,0.114,-7.181,1,52,0.0415,121.056,0.862,5
0.204,0.733,253973,0.5579999999999999,1,0.0,11,0.695,-5.56,0,62,0.278,84.57700000000001,0.5660000000000001,3
0.28300000000000003,0.53,233600,0.614,0,0.0281,7,0.53,-11.556,1,54,0.0408,115.329,0.638,5
0.601,0.404,255773,0.41,0,0.0,11,0.0946,-9.729,0,44,0.0269,69.15,0.245,4
0.604,0.504,264066,0.655,0,0.00193,0,0.364,-8.644,0,69,0.0542,99.982,0.262,1
0.3670000000000001,0.5660000000000001,513320,0.7040000000000001,0,0.0,5,0.175,-5.606,1,42,0.0406,104.983,0.833,4
0.0961,0.5870000000000001,253240,0.684,0,0.000131,7,0.382,-8.533999999999999,1,33,0.0297,122.08,0.621,4
0.00111,0.407,167907,0.98,0,0.000387,5,0.103,-3.823,0,35,0.0896,133.326,0.344,3
0.303,0.7340000000000001,238160,0.95,1,0.0,7,0.168,-3.072,1,35,0.232,149.641,0.617,2
0.329,0.593,383400,0.139,0,0.00281,6,0.292,-18.785,0,30,0.0366,120.471,0.17800000000000002,3
0.3670000000000001,0.429,302253,0.517,0,0.0,2,0.5329999999999999,-10.754,1,21,0.0277,144.84799999999996,0.425,5
3.08e-05,0.247,88920,0.971,0,0.504,7,0.0848,-9.693,1,29,0.0709,119.775,0.284,4
0.271,0.256,212053,0.963,0,0.113,3,0.8590000000000001,-9.538,1,6,0.505,162.357,0.562,7
0.903,0.732,248454,0.462,0,0.0,5,0.17600000000000002,-7.962999999999999,1,57,0.0363,121.061,0.518,1
0.981,0.0,14733,0.417,0,0.98,7,0.584,-17.189,1,0,0.0,0.0,0.0,8
0.677,0.434,338640,0.456,0,0.0149,5,0.1,-12.454,0,21,0.0666,127.403,0.507,6
0.0109,0.484,216880,0.942,0,0.89,7,0.35700000000000004,-5.452000000000001,0,33,0.0554,105.999,0.594,4
0.966,0.21,180067,0.0772,0,0.000324,5,0.136,-17.68,1,4,0.0345,69.006,0.14800000000000002,8
0.856,0.6,259400,0.15,0,0.27,7,0.113,-20.199,1,2,0.0397,124.336,0.468,7
0.479,0.6459999999999999,162360,0.595,0,0.0,6,0.183,-7.9,1,25,0.0304,125.68,0.964,5
0.865,0.418,288027,0.442,0,0.000427,9,0.698,-16.879,0,22,0.109,118.589,0.475,7
0.0035,0.38,317113,0.7829999999999999,0,3.87e-06,4,0.056,-6.067,1,53,0.0462,150.02700000000004,0.238,1
0.794,0.399,114400,0.225,0,7.55e-05,7,0.253,-10.527,1,0,0.0405,76.329,0.181,7
0.6579999999999999,0.379,302466,0.355,0,0.0209,4,0.103,-13.517,0,0,0.0503,115.814,0.0716,8
0.958,0.379,169960,0.0367,0,0.00133,7,0.0979,-25.769,0,11,0.047,179.69400000000005,0.331,6
0.322,0.716,157467,0.7070000000000001,0,0.0,4,0.6759999999999999,-11.988,1,31,0.199,139.36,0.74,5
0.991,0.3,733493,0.101,0,0.879,4,0.16699999999999998,-19.827,1,0,0.0448,72.877,0.0382,10
0.28300000000000003,0.727,259933,0.913,1,0.0,8,0.527,-5.5710000000000015,0,52,0.306,90.985,0.618,2
0.0377,0.741,181133,0.764,0,2.59e-06,2,0.0927,-5.94,1,51,0.0301,102.008,0.7709999999999999,2
0.301,0.7090000000000001,95826,0.14400000000000002,1,0.0,11,0.381,-16.987000000000002,0,0,0.939,82.34100000000002,0.777,9
0.784,0.517,182267,0.363,0,0.000196,5,0.0958,-8.978,1,55,0.0302,168.15,0.6609999999999999,6
0.695,0.433,167509,0.511,0,0.7020000000000001,7,0.0771,-8.533,1,2,0.0771,155.724,0.7490000000000001,8
0.97,0.342,236680,0.112,0,0.00283,9,0.348,-19.114,1,0,0.0627,57.225,0.271,8
0.262,0.25,79267,0.141,0,0.7909999999999999,7,0.425,-22.214,1,18,0.0427,45.688,0.0387,6
7.16e-06,0.502,165760,0.892,0,6.47e-06,7,0.109,-5.456,1,51,0.0397,105.035,0.391,2
0.746,0.705,125067,0.329,0,2.56e-06,0,0.0813,-10.78,1,12,0.0368,89.06299999999996,0.708,7
0.275,0.6990000000000001,316093,0.83,0,0.00241,0,0.121,-10.935,1,63,0.0365,92.855,0.731,4
0.237,0.7340000000000001,194452,0.703,1,1.99e-06,11,0.413,-6.256,1,62,0.355,151.923,0.608,0
0.279,0.489,317973,0.773,0,0.0,6,0.126,-4.563,0,33,0.0487,138.21,0.398,5
0.108,0.617,176240,0.6759999999999999,0,0.141,7,0.21,-10.297,1,32,0.0292,110.789,0.391,5
0.524,0.7440000000000001,534307,0.477,0,0.00439,8,0.107,-11.074000000000002,1,12,0.07400000000000001,97.678,0.725,7
0.93,0.23,183000,0.157,0,0.000413,0,0.106,-12.104,1,1,0.0374,180.228,0.194,7
0.993,0.517,204295,0.207,0,0.00475,2,0.328,-8.012,1,0,0.13699999999999998,166.945,0.509,8
0.0802,0.8490000000000001,196766,0.728,0,1.16e-05,0,0.0739,-8.215,1,32,0.0459,129.151,0.8140000000000001,5
0.539,0.466,197707,0.525,0,0.0,6,0.107,-9.58,1,55,0.0303,95.813,0.411,2
0.157,0.906,298533,0.857,0,0.00059,7,0.126,-9.804,0,39,0.0406,120.755,0.968,4
0.00242,0.433,98267,0.698,0,0.0,0,0.145,-8.551,1,38,0.044,121.697,0.754,4
0.667,0.598,186467,0.227,0,1.28e-05,0,0.114,-15.303,1,38,0.0272,95.245,0.408,5
0.8959999999999999,0.7190000000000001,195560,0.242,0,4.11e-05,5,0.0792,-12.646,1,8,0.0472,109.181,0.6,9
0.134,0.5529999999999999,295827,0.28800000000000003,0,0.204,6,0.0987,-14.514,0,55,0.0378,122.963,0.155,5
0.17600000000000002,0.521,79213,0.928,0,0.0,2,0.428,-4.154,1,49,0.125,151.303,0.7609999999999999,2
0.862,0.615,154427,0.294,0,0.000508,2,0.0359,-9.957,1,10,0.0441,139.725,0.68,8
0.912,0.555,190827,0.41,0,1.7199999999999998e-05,9,0.866,-10.21,0,39,0.0329,147.037,0.406,5
1.0800000000000003e-05,0.344,181267,0.8079999999999999,0,3.31e-06,1,0.177,-10.550999999999998,1,34,0.04,85.116,0.423,4
0.512,0.6509999999999999,303427,0.669,0,0.028,2,0.166,-12.528,1,21,0.0539,114.129,0.5870000000000001,5
0.201,0.532,372733,0.5820000000000001,0,0.0139,1,0.087,-12.297,0,41,0.0631,90.82,0.669,5
0.851,0.486,175707,0.21600000000000005,0,0.000412,0,0.133,-14.089,1,40,0.0302,95.476,0.393,3
0.8859999999999999,0.631,409013,0.342,0,5.93e-06,0,0.12,-12.095,0,23,0.0381,136.97299999999998,0.485,7
0.146,0.557,246867,0.667,0,0.0935,2,0.0356,-12.349,1,42,0.11,169.28900000000004,0.972,5
0.996,0.382,277813,0.0125,0,0.895,2,0.0943,-25.169,1,0,0.0387,66.601,0.106,8
0.0337,0.718,218160,0.7929999999999999,0,0.0,4,0.0693,-5.229,0,42,0.0523,129.06,0.426,2
0.957,0.488,164493,0.37,0,0.0,7,0.418,-13.491,1,0,0.0403,74.365,0.7709999999999999,9
0.14300000000000002,0.314,144840,0.5489999999999999,0,0.0,2,0.48,-11.19,1,19,0.03,84.074,0.5489999999999999,6
0.992,0.606,160907,0.332,0,0.8390000000000001,5,0.16899999999999998,-15.344,1,0,0.361,165.56400000000005,0.964,10
0.457,0.449,179000,0.547,0,0.0,9,0.0737,-12.259,1,50,0.0351,152.211,0.74,5
0.96,0.674,156600,0.491,0,0.328,2,0.0869,-8.77,0,1,0.06,101.368,0.6609999999999999,8
0.0321,0.725,185062,0.601,1,0.0,1,0.0504,-9.03,1,66,0.377,155.918,0.8109999999999999,1
0.958,0.192,93333,0.209,0,0.3720000000000001,2,0.21,-15.834,1,0,0.0357,174.968,0.125,8
0.8370000000000001,0.667,271227,0.44,0,0.0014,7,0.198,-9.32,1,64,0.0333,143.843,0.34,3
0.968,0.659,180976,0.239,0,0.00196,9,0.321,-13.491,1,1,0.0554,119.328,0.491,8
0.98,0.536,209907,0.34700000000000003,0,0.889,10,0.101,-10.707,1,31,0.0712,127.474,0.162,6
0.0076799999999999985,0.6409999999999999,232600,0.696,0,0.0258,1,0.0485,-9.456,0,39,0.0266,122.721,0.82,3
0.969,0.311,288813,0.124,0,0.0,7,0.126,-16.175,1,52,0.0368,136.047,0.117,1
0.828,0.703,146787,0.102,0,0.0,0,0.12,-18.57,1,25,0.0862,61.207,0.669,6
0.0334,0.7090000000000001,217240,0.687,1,1.7e-06,10,0.103,-7.394,0,52,0.174,138.046,0.327,1
0.954,0.6990000000000001,142600,0.308,0,0.0,3,0.0912,-12.087,0,0,0.0933,123.273,0.833,10
0.0429,0.638,257490,0.637,0,0.752,2,0.11,-10.727,1,53,0.0332,95.989,0.0664,1
0.429,0.541,198600,0.334,0,1.74e-05,7,0.507,-12.667,1,24,0.0283,110.025,0.596,6
0.0323,0.615,265560,0.912,0,0.0,10,0.0966,-8.027999999999999,0,39,0.0416,105.538,0.753,3
0.0276,0.65,195840,0.745,0,1.08e-06,4,0.206,-3.969,1,48,0.028,114.965,0.649,1
0.262,0.6609999999999999,143400,0.557,0,0.0,4,0.0557,-8.244,1,58,0.049,125.445,0.957,6
0.988,0.221,127307,0.304,0,0.901,1,0.112,-18.909,0,0,0.032,169.58700000000005,0.443,10
0.989,0.335,204410,0.0982,0,0.66,11,0.114,-15.884,1,0,0.0401,75.24600000000002,0.246,8
0.961,0.35100000000000003,176933,0.14800000000000002,0,1.02e-06,10,0.617,-18.832,1,19,0.0522,99.338,0.369,8
0.114,0.858,219080,0.6559999999999999,1,0.0,6,0.141,-4.96,0,54,0.358,59.972,0.969,1
0.47,0.449,213467,0.487,0,0.000129,9,0.691,-9.967,1,46,0.031,76.487,0.389,2
0.124,0.599,199827,0.622,1,0.00278,10,0.158,-4.313,0,69,0.264,91.615,0.199,1
0.0242,0.8540000000000001,224258,0.7659999999999999,0,0.0,9,0.0793,-4.697,0,68,0.141,118.004,0.784,1
0.000589,0.565,301885,0.901,0,0.0151,8,0.12,-4.3260000000000005,1,40,0.0285,98.493,0.584,3
0.489,0.525,351893,0.601,0,1.61e-06,10,0.0438,-9.873,0,36,0.0717,120.68,0.8009999999999999,3
0.153,0.551,184000,0.511,0,0.0,2,0.2,-7.826,1,30,0.03,118.337,0.527,4
0.056,0.85,207693,0.436,0,1.94e-05,8,0.29600000000000004,-9.08,1,55,0.051,87.711,0.77,2
0.589,0.703,285067,0.547,0,0.00137,7,0.0931,-11.674,1,39,0.0397,140.017,0.398,2
0.0412,0.527,357107,0.7509999999999999,0,0.7979999999999999,8,0.644,-8.764,1,45,0.0361,123.491,0.135,5
0.0561,0.461,221760,0.8590000000000001,0,0.0,0,0.124,-3.18,1,50,0.0364,172.09400000000005,0.789,2
0.292,0.53,221720,0.3720000000000001,0,0.0,6,0.121,-8.603,1,47,0.0301,117.78,0.218,2
0.0032,0.403,24427,0.0651,0,0.835,8,0.0677,-30.64,1,0,0.394,83.016,0.511,7
0.5920000000000001,0.118,218893,0.95,0,5.71e-06,9,0.8640000000000001,-4.659,1,24,0.121,166.518,0.361,6
0.991,0.28300000000000003,177080,0.29,0,4.23e-05,6,0.168,-9.05,1,0,0.0412,164.09599999999998,0.386,9
0.81,0.36,384853,0.413,0,0.0,0,0.1,-6.516,0,44,0.0491,87.23,0.151,2
0.97,0.7140000000000001,197867,0.218,0,0.71,8,0.114,-13.42,1,0,0.4920000000000001,125.965,0.8420000000000001,8
0.0573,0.872,255048,0.516,0,0.00393,5,0.0848,-10.019,0,41,0.038,117.012,0.8029999999999999,3
0.977,0.696,172627,0.153,0,0.0013800000000000002,4,0.12,-19.335,1,31,0.0399,110.749,0.386,7
0.691,0.8059999999999999,160260,0.438,0,0.0151,9,0.093,-7.755,1,15,0.032,109.425,0.634,7
0.545,0.6559999999999999,180173,0.397,0,0.0,11,0.122,-14.565,1,46,0.0375,145.732,0.879,5
0.107,0.579,256133,0.914,0,2.7000000000000004e-06,9,0.0681,-4.21,1,64,0.0609,105.877,0.483,2
0.7559999999999999,0.421,152667,0.428,0,0.7959999999999999,7,0.251,-7.181,1,0,0.0282,117.33,0.5720000000000001,7
0.0173,0.378,180421,0.914,0,0.0,9,0.281,-4.6560000000000015,1,49,0.0955,174.94,0.383,1
0.3720000000000001,0.625,358013,0.393,0,0.00309,1,0.104,-9.785,1,34,0.0256,103.563,0.5329999999999999,5
0.918,0.389,241933,0.447,0,0.904,2,0.0878,-18.247,1,0,0.0439,130.27,0.197,8
0.00421,0.51,239213,0.943,0,0.584,0,0.062,-3.572,1,53,0.171,96.48,0.7759999999999999,3
0.898,0.586,247933,0.136,0,0.000277,5,0.0827,-15.872,1,41,0.0334,110.129,0.278,5
0.74,0.534,200227,0.487,0,0.885,10,0.109,-11.201,1,55,0.0302,112.989,0.237,1
0.953,0.153,250056,0.236,0,0.32,4,0.109,-10.816,1,0,0.0361,79.35600000000002,0.0521,8
0.731,0.499,151467,0.329,0,0.0,8,0.231,-10.747,1,14,0.055,121.84,0.764,6
0.154,0.629,322120,0.561,0,5.34e-06,1,0.773,-8.196,1,29,0.0339,129.975,0.593,4
0.195,0.5820000000000001,110600,0.458,0,0.00259,9,0.0907,-10.059,0,13,0.0305,78.676,0.867,6
0.99,0.436,168267,0.187,0,0.884,8,0.0842,-15.396,1,8,0.0353,114.849,0.28300000000000003,6
0.235,0.6890000000000001,155613,0.7340000000000001,0,0.00122,6,0.0978,-3.977,1,44,0.0353,107.856,0.818,3
0.433,0.5820000000000001,190133,0.384,0,0.0296,7,0.16,-17.378,1,12,0.153,117.003,0.6809999999999999,6
0.172,0.759,397133,0.598,0,0.207,0,0.0995,-14.045,1,40,0.053,113.807,0.914,5
0.618,0.41,197440,0.4270000000000001,0,2.08e-06,2,0.067,-9.695,1,49,0.0374,95.193,0.557,5
0.972,0.332,204693,0.221,0,0.0375,9,0.38,-13.472,1,0,0.0493,68.484,0.6,7
0.0211,0.627,208947,0.614,0,0.0,6,0.0286,-6.006,0,60,0.17,96.038,0.758,1
0.995,0.269,193893,0.154,0,0.89,9,0.196,-19.338,1,1,0.0333,97.67,0.0387,8
0.298,0.298,274027,0.419,0,0.0,11,0.149,-12.017,0,36,0.0273,78.759,0.417,3
0.946,0.858,63600,0.185,0,0.0,1,0.107,-12.116,1,2,0.077,75.53,0.629,7
0.926,0.454,248827,0.624,0,0.71,5,0.0892,-9.128,1,0,0.0371,104.32,0.835,7
0.447,0.5720000000000001,189387,0.449,0,0.0,7,0.0897,-11.214,1,22,0.0337,75.422,0.8170000000000001,6
0.000185,0.279,231013,0.742,0,0.0,4,0.593,-6.46,0,75,0.0898,189.868,0.328,1
0.954,0.624,290307,0.174,0,0.0413,0,0.116,-13.852,0,32,0.0497,113.355,0.468,7
0.117,0.6890000000000001,194427,0.512,0,0.00132,5,0.0553,-12.439,1,38,0.0535,105.253,0.965,3
0.0908,0.627,406839,0.376,0,6.829999999999999e-05,6,0.0752,-18.484,0,26,0.29,100.241,0.703,5
2.45e-05,0.301,319173,0.988,1,0.231,1,0.191,-2.898,1,44,0.173,127.803,0.166,2
0.99,0.523,187855,0.285,0,0.0586,9,0.483,-7.537000000000001,1,0,0.0962,89.74600000000002,0.772,8
0.181,0.721,153127,0.949,1,0.0,1,0.6459999999999999,0.402,1,65,0.31,155.015,0.705,0
0.985,0.6709999999999999,47827,0.129,0,0.759,7,0.135,-16.785999999999998,1,3,0.911,145.114,0.6890000000000001,7
0.32,0.6829999999999999,203325,0.63,0,0.0,1,0.222,-5.146,1,60,0.0587,159.92700000000005,0.452,1
0.0286,0.585,197530,0.6409999999999999,1,0.0,6,0.316,-4.269,0,67,0.133,88.28399999999998,0.266,0
0.3720000000000001,0.57,242293,0.422,0,0.0,1,0.127,-7.561,0,69,0.0422,113.007,0.16899999999999998,1
0.726,0.49,222493,0.29,0,0.0,9,0.0961,-10.366,1,42,0.0314,61.935,0.218,3
0.986,0.585,53520,0.141,0,0.0,2,0.467,-14.448,1,0,0.217,119.316,0.38,7
0.924,0.256,133067,0.00484,0,0.0408,7,0.0634,-34.386,1,58,0.0427,57.412,0.0373,2
0.00411,0.52,140747,0.66,0,0.0119,2,0.101,-9.7,0,20,0.0332,142.49200000000005,0.848,6
0.14800000000000002,0.785,345400,0.63,0,0.0,6,0.139,-9.623,0,49,0.136,77.311,0.7559999999999999,2
0.966,0.384,115413,0.211,0,0.245,10,0.531,-14.822,1,0,0.0332,115.243,0.381,7
0.0292,0.769,256240,0.457,0,3.07e-05,8,0.0599,-11.501,1,71,0.327,78.789,0.8059999999999999,5
0.407,0.604,173627,0.6809999999999999,0,3.08e-06,9,0.07400000000000001,-9.889,1,42,0.0252,94.298,0.897,4
0.000335,0.44,276760,0.5489999999999999,0,0.00445,9,0.127,-6.605,1,38,0.0275,120.887,0.113,3
0.975,0.18,469107,0.312,0,0.873,2,0.118,-12.901,0,0,0.0473,172.533,0.0595,8
0.591,0.477,266560,0.5329999999999999,0,0.00685,10,0.139,-11.049,1,50,0.0408,162.368,0.18,3
0.425,0.635,236160,0.7559999999999999,0,0.000338,7,0.065,-8.682,1,31,0.101,130.56,0.727,6
0.993,0.27,135067,0.0366,0,0.895,2,0.0759,-22.772,0,31,0.0498,130.132,0.162,4
0.093,0.773,160000,0.5429999999999999,0,5.63e-06,0,0.175,-9.97,1,66,0.0292,115.997,0.802,5
0.209,0.503,246267,0.682,0,0.00115,2,0.123,-8.385,1,25,0.0593,84.507,0.525,5
0.461,0.67,199173,0.284,0,0.0,8,0.156,-16.873,1,39,0.0859,158.19799999999995,0.605,2
0.0425,0.482,1126440,0.382,0,0.0362,3,0.25,-13.779000000000002,1,33,0.0502,138.131,0.145,4
0.32299999999999995,0.836,176000,0.7659999999999999,0,1.18e-06,7,0.091,-6.229,0,75,0.0371,112.548,0.8440000000000001,1
0.232,0.71,120412,0.109,1,0.0,11,0.256,-17.838,0,0,0.93,97.312,0.7659999999999999,9
0.407,0.7909999999999999,179449,0.5870000000000001,1,0.0,3,0.14800000000000002,-5.075,0,61,0.0413,96.057,0.536,1
0.185,0.575,253640,0.943,0,1.15e-05,9,0.334,-7.647,1,30,0.0438,150.766,0.963,4
0.197,0.41,205933,0.8740000000000001,0,0.0,0,0.0843,-4.2860000000000005,1,69,0.0907,107.08,0.8240000000000001,2
0.97,0.28,195240,0.185,0,0.385,2,0.15,-16.672,0,0,0.0443,96.671,0.326,7
0.527,0.405,211467,0.944,0,0.0,4,0.214,-8.472999999999999,1,57,0.249,192.147,0.71,3
0.601,0.574,234547,0.499,0,0.0,0,0.123,-6.4620000000000015,1,55,0.0254,76.0,0.447,2
0.93,0.523,131987,0.413,0,8.25e-06,8,0.435,-11.686,0,0,0.0521,93.58,0.55,9
0.767,0.845,155453,0.68,0,0.000326,11,0.0556,-9.297,1,26,0.0722,126.323,0.988,5
0.057,0.477,332667,0.855,0,0.00042,0,0.133,-7.9529999999999985,1,36,0.0319,119.515,0.91,5
0.0409,0.7390000000000001,199499,0.5670000000000001,0,5.27e-05,10,0.271,-8.07,0,64,0.0511,146.037,0.312,0
0.8959999999999999,0.231,264027,0.391,0,0.778,2,0.981,-11.031,1,33,0.0293,98.11,0.0669,3
0.0628,0.768,224063,0.6409999999999999,1,0.0,11,0.0912,-6.197,0,65,0.114,144.963,0.231,1
0.994,0.769,150427,0.541,0,0.00133,7,0.607,-9.254,1,3,0.244,124.376,0.7140000000000001,9
0.636,0.585,176640,0.515,0,0.0009,10,0.487,-5.08,1,20,0.0243,105.233,0.502,6
0.8640000000000001,0.647,98400,0.0851,1,0.0,11,0.725,-20.186,0,0,0.957,87.279,0.575,8
0.209,0.4970000000000001,250907,0.7659999999999999,0,0.0,4,0.359,-8.885,1,21,0.036000000000000004,118.45,0.541,5
0.00255,0.318,290867,0.8,0,0.0,2,0.195,-5.691,1,39,0.0472,174.051,0.222,2
0.32299999999999995,0.7959999999999999,292933,0.7929999999999999,1,0.0,7,0.332,-3.911,1,53,0.318,90.51,0.556,2
0.249,0.754,268800,0.8190000000000001,1,0.0,1,0.327,-5.433,0,32,0.313,151.86700000000005,0.649,3
0.0311,0.612,120067,0.502,0,0.912,11,0.212,-13.21,1,30,0.0512,56.92,0.44,3
0.424,0.411,174627,0.53,0,0.000161,10,0.112,-6.0820000000000025,1,58,0.0281,170.071,0.188,2
0.825,0.505,201920,0.425,0,0.0224,2,0.331,-11.441,0,8,0.0357,71.65100000000002,0.452,7
0.8440000000000001,0.669,173227,0.0793,0,3.15e-06,6,0.131,-20.787,0,0,0.13699999999999998,132.608,0.5529999999999999,9
0.036000000000000004,0.496,248000,0.762,0,0.00199,6,0.315,-7.64,0,35,0.0628,130.004,0.674,3
0.996,0.485,232787,0.168,0,0.927,7,0.166,-26.099,1,1,0.0589,99.61,0.8029999999999999,8
0.923,0.836,187200,0.0788,0,0.0,2,0.084,-13.407,1,24,0.0546,127.27,0.64,8
0.626,0.534,268142,0.4370000000000001,0,3.54e-06,10,0.335,-11.22,1,38,0.0348,133.516,0.967,4
0.5720000000000001,0.398,166627,0.465,0,0.0,9,0.319,-12.504,0,25,0.0431,205.058,0.92,5
0.705,0.4,240253,0.424,0,0.0,0,0.123,-8.46,0,45,0.113,196.927,0.5539999999999999,2
0.931,0.41,265480,0.377,0,0.0128,9,0.115,-14.87,0,21,0.0488,92.603,0.713,5
0.0305,0.75,269693,0.528,0,4.03e-06,9,0.0684,-14.276,1,32,0.0372,135.537,0.703,4
0.992,0.508,90053,0.0964,0,0.967,5,0.117,-23.825,0,2,0.0663,79.742,0.6970000000000001,7
0.11,0.345,279507,0.888,0,0.872,0,0.227,-7.604,1,29,0.132,166.988,0.433,3
0.961,0.248,134667,0.0784,0,0.154,7,0.0985,-31.488000000000003,1,0,0.0429,129.33700000000002,0.0976,7
0.173,0.7140000000000001,276200,0.645,0,2.4e-06,7,0.0782,-8.216000000000001,1,47,0.0377,118.363,0.8420000000000001,2
1.22e-05,0.184,158200,0.954,0,0.804,4,0.0932,-7.7189999999999985,1,40,0.103,83.346,0.222,4
0.385,0.441,174974,0.544,0,3.25e-06,2,0.162,-7.818,1,59,0.0413,83.461,0.898,3
0.762,0.21600000000000005,176347,0.269,0,0.0,8,0.0537,-12.892,1,16,0.0435,179.56599999999997,0.315,6
0.28300000000000003,0.667,210667,0.684,0,0.0,6,0.147,-8.005,1,53,0.031,140.704,0.899,2
0.754,0.389,155840,0.456,0,0.00175,0,0.5329999999999999,-9.893,0,24,0.0266,80.597,0.453,5
0.00551,0.619,302600,0.662,1,0.000296,9,0.0904,-7.806,1,39,0.05,78.884,0.377,3
0.0181,0.332,534200,0.742,0,0.007090000000000002,7,0.31,-8.735,1,36,0.0695,111.471,0.451,3
0.794,0.4320000000000001,136766,0.528,0,0.8140000000000001,1,0.466,-5.641,1,0,0.0563,85.554,0.5589999999999999,7
0.655,0.617,185533,0.417,0,0.000131,7,0.319,-10.598,0,24,0.0486,111.975,0.708,6
0.131,0.629,112163,0.199,1,5.59e-06,0,0.111,-21.181,0,0,0.95,82.791,0.557,8
0.992,0.244,369840,0.0787,0,0.918,1,0.0632,-22.591,1,4,0.0352,77.19,0.0496,8
0.311,0.487,224093,0.578,0,0.000207,7,0.0723,-5.992000000000001,1,40,0.0287,128.036,0.203,2
0.01,0.426,217200,0.949,0,0.00434,6,0.377,-3.2310000000000003,0,50,0.0631,122.241,0.339,2
0.947,0.439,173960,0.153,0,0.000202,9,0.118,-12.319,1,43,0.0333,135.256,0.18,2
0.16699999999999998,0.5429999999999999,188290,0.878,0,8.85e-05,9,0.0544,-6.267,1,31,0.0304,147.009,0.914,5
0.7979999999999999,0.116,110960,0.0867,0,0.8759999999999999,9,0.109,-30.555,1,40,0.0371,180.33,0.0368,3
0.7829999999999999,0.404,300840,0.28800000000000003,0,0.321,2,0.124,-7.6,1,12,0.0338,77.932,0.214,6
0.877,0.5579999999999999,312227,0.188,0,0.000106,1,0.0638,-20.559,1,31,0.0452,126.162,0.685,4
0.0827,0.601,219533,0.629,0,0.0372,2,0.0573,-9.75,0,41,0.0673,100.171,0.76,6
0.192,0.912,181995,0.522,1,0.0,10,0.11,-6.1960000000000015,0,59,0.368,139.898,0.33,1
0.113,0.66,191507,0.542,0,0.0,11,0.34600000000000003,-13.511,0,44,0.237,140.621,0.5920000000000001,6
0.149,0.779,211493,0.389,0,0.00556,5,0.105,-17.759,1,21,0.0508,92.12,0.925,5
0.995,0.455,197333,0.295,0,0.8640000000000001,10,0.364,-17.377,1,0,0.0449,87.006,0.5479999999999999,8
0.856,0.457,166787,0.263,0,0.000326,9,0.141,-12.726,0,14,0.028,83.777,0.36,6
0.00259,0.541,216838,0.933,0,0.000523,9,0.136,-4.862,1,55,0.12,89.98100000000002,0.14400000000000002,1
0.14300000000000002,0.415,377067,0.38,0,3.5600000000000005e-05,0,0.659,-12.027,1,37,0.0359,114.082,0.366,5
0.932,0.0797,4120258,0.995,0,0.562,1,0.31,-17.379,1,44,0.0612,84.788,1e-05,1
0.767,0.264,510760,0.516,0,0.8640000000000001,2,0.32299999999999995,-7.401,1,0,0.0325,108.563,0.36,7
0.586,0.665,341973,0.502,0,0.0,7,0.19,-11.045,1,40,0.0258,88.295,0.81,2
0.556,0.473,395267,0.223,0,0.00392,7,0.154,-13.720999999999998,1,26,0.0383,119.572,0.0998,6
0.8640000000000001,0.203,142093,0.0892,0,0.794,2,0.0782,-18.479,1,33,0.0356,140.775,0.126,4
0.0535,0.333,213107,0.961,0,0.000534,0,0.182,-3.322,1,40,0.107,162.312,0.353,3
0.54,0.494,186851,0.541,0,2.05e-05,7,0.0948,-7.706,1,51,0.0739,191.524,0.898,3
0.733,0.608,304280,0.383,0,0.00388,2,0.0472,-8.79,1,39,0.0256,110.182,0.369,4
0.302,0.524,184667,0.417,0,0.0,5,0.309,-11.948,1,33,0.0251,95.152,0.519,5
0.969,0.28800000000000003,152440,0.0331,0,0.0794,1,0.114,-24.527,1,28,0.0439,175.169,0.131,6
0.0576,0.198,287267,0.238,0,0.338,5,0.334,-17.814,0,24,0.035,130.004,0.152,6
0.000411,0.463,400286,0.818,0,0.108,7,0.0804,-5.6720000000000015,1,28,0.0369,91.265,0.471,4
5.48e-06,0.166,133947,0.977,1,0.928,1,0.18,-9.005,0,43,0.0868,183.295,0.425,3
0.44,0.703,197893,0.399,0,1.02e-06,9,0.0603,-8.752,1,58,0.038,113.145,0.977,1
0.973,0.6759999999999999,162307,0.145,0,0.0019,7,0.0442,-12.204,0,12,0.042,110.49,0.464,8
0.128,0.8440000000000001,242267,0.625,0,0.00399,11,0.102,-7.351,0,44,0.0272,108.986,0.785,1
0.0052,0.797,289524,0.948,0,0.752,10,0.0695,-7.941,0,54,0.0523,125.934,0.0451,1
0.00994,0.753,189693,0.931,0,0.006959999999999999,2,0.234,-4.922,1,69,0.0652,113.029,0.767,2
0.005529999999999999,0.415,214707,0.884,0,0.0,5,0.612,-7.286,0,43,0.0634,154.514,0.562,4
0.974,0.455,225366,0.297,0,0.0,4,0.426,-9.26,1,0,0.0377,142.41299999999995,0.624,9
0.7959999999999999,0.764,149200,0.241,0,0.0,5,0.152,-14.939,0,1,0.06,125.063,0.598,9
0.292,0.659,313787,0.687,0,0.00643,6,0.0691,-9.52,0,47,0.0325,93.088,0.556,4
0.992,0.416,193653,0.16899999999999998,0,0.546,2,0.128,-10.630999999999998,1,0,0.113,71.003,0.535,10
0.0584,0.59,201445,0.818,0,0.0,9,0.205,-2.988,0,77,0.0771,139.925,0.664,0
0.265,0.879,230680,0.396,0,0.0,1,0.198,-9.925,1,38,0.189,119.947,0.604,2
0.6579999999999999,0.772,63453,0.591,0,0.0,10,0.0748,-12.388,1,32,0.57,75.83800000000002,0.698,5
0.0806,0.6859999999999999,255220,0.682,0,0.000155,7,0.14,-12.154000000000002,0,59,0.033,123.44,0.708,4
0.118,0.746,193853,0.713,0,0.0,0,0.0684,-11.996,1,53,0.0375,118.964,0.871,5
0.994,0.28600000000000003,209267,0.18600000000000005,0,0.923,10,0.146,-16.471,0,0,0.0386,74.248,0.199,9
0.0617,0.507,277347,0.884,0,0.0,6,0.158,-4.566,1,55,0.33,173.575,0.7190000000000001,1
0.64,0.616,306640,0.35100000000000003,0,0.00798,7,0.145,-12.225,1,13,0.0374,124.307,0.6920000000000001,6
0.0267,0.833,189853,0.431,1,0.0,0,0.633,-9.604,1,59,0.194,133.938,0.224,1
0.0108,0.483,177025,0.841,1,2.71e-06,5,0.382,-5.115,0,56,0.0964,114.382,0.204,1
0.00859,0.404,245373,0.948,0,0.000145,2,0.0709,-6.135,0,26,0.0692,191.551,0.954,4
0.993,0.55,145571,0.229,0,0.863,8,0.138,-15.463,1,0,0.0555,77.617,0.789,8
0.698,0.56,197933,0.674,0,0.0,10,0.123,-6.047999999999999,1,76,0.0446,119.942,0.421,1
0.992,0.289,255040,0.106,0,0.877,7,0.121,-19.231,1,0,0.0437,75.98100000000002,0.363,10
0.68,0.374,270000,0.217,0,0.0,7,0.72,-16.68,1,24,0.0366,170.172,0.463,5
0.7120000000000001,0.581,346027,0.426,0,0.0309,5,0.0751,-10.234,1,11,0.0502,81.566,0.777,7
0.267,0.522,105511,0.763,0,0.17800000000000002,6,0.0906,-8.275,0,0,0.0365,120.0,0.931,10
0.363,0.588,438440,0.377,0,0.845,9,0.139,-20.159,0,31,0.0348,96.647,0.636,4
0.21600000000000005,0.6940000000000001,231240,0.674,0,1.55e-06,0,0.435,-9.987,1,34,0.035,133.21200000000002,0.8220000000000001,3
0.973,0.565,205613,0.313,0,0.0948,0,0.191,-13.6,1,0,0.11,121.342,0.825,7
0.7929999999999999,0.632,123867,0.42,0,9.21e-05,7,0.307,-12.671,1,49,0.0338,121.578,0.816,5
0.243,0.551,216587,0.88,0,3.91e-05,6,0.229,-7.822999999999999,0,47,0.0494,109.516,0.655,4
0.128,0.373,289080,0.6859999999999999,1,1.96e-06,0,0.383,-5.52,1,51,0.034,93.763,0.189,1
0.14800000000000002,0.723,159612,0.472,0,0.0,0,0.141,-10.302,1,28,0.0305,146.80200000000005,0.617,4
0.995,0.275,456733,0.0294,0,0.922,11,0.097,-40.529,0,27,0.0351,109.921,0.34,5
0.805,0.7140000000000001,557350,0.25,0,0.0,10,0.207,-18.649,0,0,0.962,111.831,0.585,9
0.181,0.613,290160,0.82,0,1.45e-06,0,0.049,-10.175,1,60,0.0737,115.125,0.465,5
0.718,0.392,153205,0.629,0,3.76e-06,5,0.129,-7.056,1,73,0.0335,124.511,0.72,6
0.873,0.625,269584,0.458,0,3.12e-05,5,0.792,-8.061,1,38,0.0671,136.20600000000002,0.926,4
0.595,0.77,184467,0.589,0,0.003,0,0.0699,-12.556,1,51,0.0362,123.744,0.812,5
0.4370000000000001,0.62,184000,0.611,0,0.0288,2,0.118,-10.708,1,39,0.0275,93.119,0.6890000000000001,3
0.937,0.264,453933,0.261,0,0.71,3,0.0652,-14.563,1,0,0.0424,76.362,0.409,7
0.032,0.6920000000000001,96600,0.303,1,0.0,5,0.113,-18.997,1,0,0.957,80.27600000000002,0.657,10
0.436,0.82,188693,0.452,0,1.21e-05,11,0.156,-11.616,1,36,0.122,113.769,0.964,3
0.000984,0.615,262187,0.8370000000000001,0,0.00295,11,0.242,-4.63,1,52,0.0278,112.1,0.7809999999999999,2
0.106,0.718,248400,0.473,0,0.0,9,0.0964,-9.278,0,51,0.0267,109.992,0.384,3
2.33e-06,0.418,294867,0.835,0,0.7659999999999999,0,0.289,-4.824,0,63,0.0449,104.986,0.5489999999999999,2
0.994,0.335,195893,0.124,0,0.6409999999999999,0,0.11,-15.41,1,0,0.0347,131.197,0.251,9
0.0704,0.887,178901,0.597,1,0.0,6,0.17800000000000002,-6.66,0,67,0.281,129.976,0.477,0
0.18600000000000005,0.841,233872,0.841,1,0.0,7,0.118,-6.44,1,42,0.316,107.972,0.523,2
0.87,0.486,162693,0.501,0,0.00391,7,0.125,-6.231,0,6,0.0415,106.5,0.508,7
0.00153,0.591,256653,0.8740000000000001,0,1.4499999999999993e-05,6,0.0602,-4.224,0,56,0.0562,89.99799999999998,0.775,1
0.7959999999999999,0.602,165093,0.524,0,3.94e-06,10,0.0922,-11.513,0,22,0.0907,111.388,0.718,6
0.00204,0.398,270960,0.7929999999999999,0,0.0261,7,0.6809999999999999,-11.715,1,34,0.0847,111.148,0.532,5
0.773,0.441,734267,0.449,0,0.000294,0,0.232,-9.667,0,28,0.0599,175.72,0.6659999999999999,7
0.56,0.511,463227,0.531,0,0.0,8,0.949,-14.326,1,10,0.0599,105.554,0.705,7
0.7709999999999999,0.266,811077,0.294,0,0.6970000000000001,7,0.107,-11.938,0,66,0.0291,137.941,0.0397,5
0.902,0.664,173640,0.232,0,0.0,0,0.42,-17.365,1,4,0.0314,105.227,0.6729999999999999,7
0.996,0.743,187320,0.284,0,0.892,2,0.292,-9.045,0,0,0.0418,115.228,0.687,10
0.00432,0.841,235507,0.429,1,9.07e-06,7,0.0699,-14.719,1,26,0.284,93.603,0.768,4
0.966,0.6609999999999999,270440,0.112,0,0.0151,8,0.127,-19.169,1,0,0.0486,142.953,0.355,9
0.994,0.664,150507,0.199,0,0.0434,2,0.105,-14.33,1,0,0.0569,117.831,0.8370000000000001,9
0.188,0.472,233667,0.652,0,0.397,10,0.151,-8.26,0,35,0.0844,88.92399999999998,0.752,3
0.965,0.479,196600,0.342,0,0.938,7,0.0775,-14.29,1,0,0.0365,141.602,0.69,8
0.162,0.846,261867,0.85,0,0.0,6,0.355,-5.7070000000000025,1,59,0.0509,115.341,0.816,3
0.53,0.487,149347,0.614,0,7.2e-05,4,0.14300000000000002,-6.771,1,44,0.0569,137.406,0.61,2
0.252,0.386,191187,0.446,0,0.0,11,0.18,-7.807,1,62,0.0297,179.995,0.4,1
0.0645,0.736,248867,0.741,1,0.0,8,0.13699999999999998,-3.857,0,35,0.292,92.65,0.579,3
0.722,0.667,182293,0.563,0,0.0,2,0.1,-8.221,0,51,0.0375,116.941,0.848,5
0.884,0.6829999999999999,180707,0.468,0,0.152,1,0.0466,-12.923,1,10,0.0452,76.561,0.705,7
0.142,0.612,196776,0.8440000000000001,0,0.0,5,0.287,-4.694,0,69,0.0756,134.868,0.653,1
0.0818,0.444,240120,0.5670000000000001,0,1.36e-06,2,0.225,-8.187999999999999,0,62,0.247,83.661,0.172,1
0.889,0.375,316920,0.362,0,0.00201,0,0.199,-9.029,0,27,0.0294,92.003,0.206,5
0.8440000000000001,0.593,146493,0.244,0,0.0338,5,0.135,-13.155,0,21,0.136,200.821,0.726,7
0.0788,0.652,261387,0.828,0,0.0,2,0.141,-3.838,1,50,0.047,140.011,0.5539999999999999,1
0.995,0.609,180747,0.208,0,0.946,9,0.115,-17.812,1,0,0.132,112.517,0.5589999999999999,10
0.0873,0.29600000000000004,453596,0.919,0,0.8009999999999999,0,0.109,-8.375,1,22,0.309,136.775,0.168,4
0.254,0.628,182400,0.6609999999999999,0,0.236,0,0.0572,-7.633999999999999,1,0,0.0387,96.198,0.805,9
0.105,0.487,263067,0.464,0,0.00017,4,0.0767,-13.494000000000002,1,56,0.0353,97.53,0.214,4
0.0115,0.887,232507,0.552,0,0.0842,7,0.057,-8.369,1,39,0.189,126.003,0.4370000000000001,2
0.884,0.4970000000000001,268040,0.129,0,0.0455,0,0.11,-22.397,1,47,0.0301,110.724,0.209,4
0.0162,0.55,271673,0.518,1,0.0286,1,0.114,-8.949,0,59,0.0246,165.033,0.233,1
0.000181,0.442,228280,0.939,0,0.005679999999999999,8,0.0857,-4.18,1,60,0.094,140.02,0.266,1
0.907,0.258,158093,0.14400000000000002,0,0.0367,7,0.11,-21.542,1,26,0.0313,172.229,0.297,5
0.662,0.44,841427,0.418,0,0.00013000000000000002,6,0.16,-10.711,1,10,0.0409,77.03699999999998,0.455,6
0.905,0.306,185760,0.222,0,0.000215,10,0.119,-15.812,1,33,0.0305,80.75,0.297,5
0.125,0.555,228000,0.68,0,0.111,9,0.0434,-13.093,1,36,0.0289,179.50799999999995,0.594,3
0.995,0.5660000000000001,196038,0.093,0,0.833,6,0.152,-12.208,1,0,0.403,68.51899999999999,0.665,9
0.197,0.8109999999999999,122600,0.927,1,0.0,8,0.57,-7.063,0,35,0.258,98.297,0.557,3
0.899,0.413,177200,0.0754,0,3.09e-06,1,0.39,-17.178,1,29,0.0359,102.313,0.214,6
0.546,0.645,151148,0.526,0,0.716,3,0.297,-10.068,1,53,0.0448,89.75399999999998,0.8079999999999999,1
0.0402,0.6409999999999999,278147,0.913,0,4.43e-06,10,0.116,-6.547999999999999,0,44,0.0346,139.97799999999998,0.336,1
0.838,0.563,169693,0.408,0,1.04e-05,4,0.108,-8.972000000000003,1,51,0.0365,146.908,0.234,1
0.447,0.293,220000,0.341,0,0.607,9,0.106,-12.299,1,20,0.0295,165.425,0.211,5
0.5429999999999999,0.645,527373,0.345,0,0.866,0,0.0983,-15.857,0,47,0.0327,120.272,0.489,4
0.00414,0.498,248721,0.746,0,0.0249,2,0.108,-8.958,0,36,0.0471,110.815,0.561,5
0.18600000000000005,0.7090000000000001,106012,0.76,1,0.0,8,0.16399999999999998,-7.582999999999997,1,61,0.14800000000000002,81.495,0.7090000000000001,0
0.0987,0.63,236333,0.669,0,3.87e-05,1,0.491,-7.289,0,54,0.118,152.106,0.655,1
0.21600000000000005,0.408,334240,0.634,0,1.51e-05,9,0.0903,-6.0870000000000015,1,50,0.029,80.249,0.139,3
0.251,0.44,243600,0.611,0,0.0,0,0.214,-7.474,1,55,0.0477,157.124,0.75,1
0.0469,0.142,150444,0.91,0,0.957,5,0.509,-20.77,0,69,0.115,65.291,0.0135,1
0.379,0.415,402467,0.588,0,0.00205,7,0.116,-10.634,0,22,0.0403,96.585,0.5379999999999999,5
0.385,0.528,191773,0.482,0,0.0,8,0.16699999999999998,-11.71,1,28,0.0287,114.81,0.602,5
0.0435,0.614,153333,0.934,0,6.65e-05,0,0.139,-6.319,1,33,0.0458,160.238,0.923,5
0.268,0.421,228840,0.476,0,0.0,0,0.0816,-7.692,1,71,0.0298,169.78400000000005,0.3,1
0.0241,0.774,168125,0.747,0,6.11e-06,1,0.342,-3.908,0,77,0.08199999999999999,119.964,0.833,1
0.691,0.5870000000000001,146040,0.61,0,0.0,5,0.281,-6.307,1,36,0.0527,112.28,0.962,7
4.55e-05,0.28600000000000003,152747,0.972,0,0.00183,11,0.364,-5.0310000000000015,0,45,0.127,152.667,0.31,4
0.988,0.257,262333,0.268,0,0.0013800000000000002,0,0.0977,-12.361,1,0,0.0544,66.752,0.221,7
0.537,0.57,225600,0.185,0,0.491,8,0.0932,-16.29,1,10,0.033,110.153,0.429,6
0.925,0.196,178440,0.256,0,1.42e-06,9,0.122,-10.121,1,0,0.0411,72.132,0.145,8
0.6709999999999999,0.606,223973,0.398,0,6.979999999999999e-05,8,0.0819,-6.562,1,44,0.0339,81.46600000000002,0.5870000000000001,5
0.866,0.211,74600,0.0764,0,0.0154,4,0.102,-21.951,1,2,0.0416,73.822,0.0516,7
0.989,0.565,137493,0.225,0,0.000111,2,0.114,-11.572,1,1,0.0469,100.432,0.654,8
0.988,0.498,192720,0.333,0,0.0,2,0.145,-9.536,1,0,0.0777,128.372,0.47,8
0.161,0.63,96800,0.225,1,0.0,7,0.328,-23.179,1,0,0.925,167.835,0.421,10
0.5479999999999999,0.339,169267,0.599,0,0.107,3,0.0862,-9.675,1,1,0.0425,153.322,0.586,7
0.619,0.389,217107,0.476,0,5.09e-05,9,0.255,-9.342,1,74,0.0316,148.11700000000005,0.5660000000000001,3
0.857,0.672,229840,0.578,0,0.000148,5,0.105,-6.312,0,45,0.229,139.955,0.16,1
0.872,0.263,156212,0.436,0,0.0,2,0.28800000000000003,-14.344,0,0,0.19,86.772,0.391,9
0.981,0.748,199478,0.306,0,0.00442,5,0.302,-11.824000000000002,1,0,0.0716,127.033,0.8640000000000001,8
0.603,0.475,269573,0.285,0,2.56e-06,2,0.218,-17.618,0,34,0.0294,137.917,0.14400000000000002,5
0.438,0.511,677333,0.529,0,0.8390000000000001,5,0.0483,-12.629,0,37,0.0439,118.559,0.7959999999999999,5
0.0702,0.785,229800,0.6579999999999999,0,0.00053,1,0.32299999999999995,-6.945,1,44,0.272,94.004,0.583,3
0.977,0.568,352933,0.0883,0,0.897,7,0.0826,-18.218,1,3,0.0504,143.71200000000005,0.24,7
0.4,0.415,170240,0.5379999999999999,0,0.767,9,0.0674,-12.71,0,56,0.0368,95.121,0.449,4
0.192,0.759,171747,0.454,1,5.69e-06,1,0.0853,-6.5939999999999985,1,63,0.13699999999999998,140.04,0.0551,1
0.0101,0.25,159827,0.937,0,0.0,2,0.149,-5.509,1,39,0.0557,200.381,0.701,3
0.809,0.616,155343,0.18,0,0.182,2,0.129,-16.875999999999998,1,41,0.0351,75.726,0.306,5
0.0914,0.6559999999999999,203293,0.6859999999999999,0,1.06e-05,11,0.147,-11.893,0,49,0.0315,119.779,0.964,4
0.995,0.272,190960,0.348,0,0.924,0,0.08,-9.656,1,8,0.041,86.679,0.2,7
0.4920000000000001,0.7440000000000001,214547,0.476,0,0.0631,5,0.0837,-16.595,0,31,0.067,78.854,0.875,4
0.8240000000000001,0.51,271533,0.263,0,0.6629999999999999,4,0.129,-18.543,0,17,0.038,106.253,0.501,6
0.424,0.581,208933,0.477,0,2.64e-06,5,0.687,-5.528,1,33,0.038,113.482,0.583,5
8.52e-05,0.5720000000000001,216200,0.81,0,0.000138,0,0.0998,-7.407,1,53,0.0274,98.459,0.313,3
0.243,0.605,330800,0.243,0,0.0712,4,0.113,-15.602,0,51,0.028,136.79,0.161,3
0.693,0.501,165076,0.237,0,0.0,0,0.103,-14.634,1,33,0.0264,92.176,0.133,6
0.444,0.23,128653,0.337,0,0.963,9,0.458,-10.594,0,42,0.0505,130.724,0.0495,2
0.028,0.588,186480,0.86,0,0.0,8,0.564,-4.461,1,50,0.0767,129.945,0.622,1
0.473,0.446,212933,0.736,0,0.00236,4,0.114,-8.934,0,22,0.069,140.55,0.475,6
0.0819,0.711,340507,0.598,0,0.727,4,0.0851,-7.314,0,33,0.0417,136.872,0.664,4
0.18,0.906,129264,0.382,1,0.0,10,0.113,-12.89,0,74,0.269,104.025,0.391,1
0.977,0.383,130040,0.184,0,0.000199,6,0.378,-18.971,0,0,0.136,170.933,0.308,7
0.929,0.22,136027,0.145,0,0.000259,2,0.251,-16.322,1,13,0.0334,49.394,0.311,7
0.984,0.555,203733,0.0287,0,0.000146,5,0.18,-22.592,1,36,0.0449,120.47,0.294,3
0.0339,0.557,185733,0.54,0,0.00248,9,0.179,-10.484000000000002,1,83,0.0347,129.171,0.394,6
0.138,0.632,318840,0.7170000000000001,0,0.00149,0,0.0685,-8.307,1,53,0.039,153.942,0.77,2
0.713,0.591,269680,0.411,0,0.0,9,0.115,-7.496,1,48,0.0299,153.616,0.454,2
0.456,0.596,179733,0.545,0,5.53e-05,11,0.329,-8.913,0,42,0.064,146.953,0.718,6
0.0781,0.7070000000000001,188173,0.479,0,0.000129,7,0.1,-10.964,1,31,0.0319,74.98,0.732,3
1.65e-05,0.307,266200,0.917,0,0.00044,9,0.0566,-7.599,1,62,0.0977,101.879,0.266,3
0.0169,0.8270000000000001,205760,0.552,1,0.0,4,0.122,-7.5710000000000015,0,63,0.274,124.011,0.408,0
0.7070000000000001,0.637,174507,0.887,0,0.00188,7,0.326,-5.444,0,64,0.227,157.759,0.596,1
0.158,0.495,353800,0.333,0,0.0,8,0.182,-12.758,1,29,0.0345,76.747,0.29600000000000004,5
0.0731,0.922,307907,0.84,0,0.00223,6,0.326,-4.591,0,37,0.217,94.035,0.74,3
0.0874,0.525,252280,0.741,0,0.147,10,0.117,-5.643,1,66,0.0311,117.031,0.179,2
0.7340000000000001,0.5539999999999999,176680,0.401,0,0.0,1,0.252,-15.7,1,41,0.142,91.755,0.649,2
0.0141,0.691,218880,0.759,0,0.0,2,0.175,-4.575,1,52,0.0278,117.034,0.63,1
0.00472,0.941,276467,0.727,1,0.000811,0,0.177,-11.592,1,53,0.228,128.746,0.623,4
0.773,0.516,143000,0.238,0,0.000254,1,0.0628,-13.837,1,30,0.0655,100.792,0.506,5
0.993,0.345,273000,0.0841,0,0.93,0,0.0994,-24.834,1,38,0.0396,129.612,0.7,3
0.815,0.504,721600,0.224,0,0.0872,7,0.0922,-15.824000000000002,0,40,0.0393,75.499,0.302,7
0.995,0.6940000000000001,166933,0.368,0,0.901,7,0.129,-12.77,1,0,0.0965,102.722,0.915,10
0.98,0.303,46267,0.338,0,0.922,10,0.0993,-17.972,0,0,0.0365,90.937,0.0748,8
0.0016600000000000002,0.551,219987,0.893,0,0.0,7,0.348,-2.628,1,65,0.0543,125.083,0.794,1
0.901,0.378,199573,0.4970000000000001,0,0.0008960000000000002,4,0.119,-10.917,1,37,0.0384,126.128,0.247,5
0.000611,0.5529999999999999,241960,0.904,1,0.0,11,0.189,-3.686,0,44,0.266,85.709,0.701,2
0.976,0.393,106027,0.0959,0,0.000166,9,0.0956,-17.989,0,0,0.0816,97.481,0.234,7
0.981,0.442,177006,0.336,0,0.00013700000000000002,2,0.31,-9.413,1,0,0.0381,131.713,0.487,8
0.976,0.467,86120,0.00349,0,0.713,10,0.111,-19.795,0,1,0.0357,102.964,0.211,7
0.738,0.5489999999999999,118933,0.396,0,2.28e-05,0,0.16899999999999998,-8.221,0,43,0.0302,89.93,0.535,6
0.964,0.213,253453,0.104,0,0.579,7,0.5710000000000001,-24.137,1,0,0.0391,76.595,0.179,8
0.308,0.598,244493,0.496,0,0.00119,1,0.0655,-15.915,0,29,0.0308,106.631,0.916,5
0.0698,0.841,221180,0.799,0,5.72e-06,10,0.0889,-7.232,1,56,0.189,87.98899999999998,0.74,2
0.988,0.42,232933,0.0909,0,0.7859999999999999,10,0.104,-19.388,1,0,0.0409,123.089,0.227,7
0.98,0.203,157179,0.423,0,0.102,5,0.455,-12.800999999999998,1,0,0.0574,88.961,0.219,8
0.959,0.6409999999999999,170133,0.254,0,0.909,8,0.112,-14.753,1,0,0.0448,107.428,0.652,8
0.99,0.307,380987,0.0951,0,0.6920000000000001,11,0.189,-21.451,0,0,0.0397,65.851,0.157,8
0.7140000000000001,0.487,201173,0.41,0,0.0,4,0.0753,-15.787,1,20,0.0377,110.687,0.585,6
0.913,0.608,181812,0.232,0,1.24e-05,0,0.162,-15.009,1,0,0.0495,128.461,0.535,7
0.000356,0.445,269893,0.94,0,0.000131,5,0.28800000000000003,-5.6179999999999986,1,53,0.116,130.08100000000002,0.127,1
0.882,0.605,174760,0.472,0,2.01e-06,0,0.126,-8.771,0,0,0.239,114.126,0.6409999999999999,7
0.411,0.74,140747,0.574,1,0.0,4,0.262,-6.938,1,44,0.245,149.762,0.33,1
0.6920000000000001,0.57,230560,0.402,0,0.0,9,0.0994,-11.466,1,36,0.0935,137.064,0.541,5
0.18,0.578,345467,0.57,1,0.0,5,0.0632,-4.982,0,51,0.242,177.77200000000005,0.716,3
0.647,0.638,333166,0.7020000000000001,0,2.3e-05,3,0.327,-13.007,1,0,0.179,94.821,0.299,7
0.266,0.7390000000000001,208107,0.797,0,0.341,6,0.15,-9.92,1,57,0.0458,94.994,0.836,2
0.34,0.573,158133,0.491,0,4.1e-05,2,0.0855,-17.295,1,30,0.0346,136.98,0.887,5
0.0162,0.605,273107,0.94,0,0.8540000000000001,6,0.947,-11.113,0,38,0.0658,104.071,0.599,4
0.146,0.711,221160,0.937,0,0.763,10,0.324,-5.314,1,56,0.0351,134.21,0.57,3
0.935,0.484,83613,0.0029,0,0.0,8,0.139,-24.939,1,7,0.0596,144.856,0.757,7
0.14800000000000002,0.745,249227,0.911,0,0.000539,0,0.375,-6.259,1,52,0.0285,107.24,0.931,3
0.223,0.389,279507,0.305,0,0.0,9,0.12,-12.527,1,50,0.0252,74.921,0.263,3
0.142,0.499,1018160,0.447,0,0.304,8,0.228,-11.481,1,29,0.0402,124.443,0.397,6
0.159,0.768,215468,0.718,1,0.0,10,0.111,-3.928,1,47,0.0809,124.95,0.212,1
0.868,0.309,185160,0.438,0,0.926,3,0.245,-10.489,1,22,0.0491,204.112,0.923,6
0.226,0.409,230853,0.521,0,0.0,10,0.132,-9.953,1,45,0.0335,76.82,0.278,5
0.0158,0.401,170747,0.57,0,0.000114,2,0.403,-13.053,1,39,0.0493,145.567,0.5670000000000001,2
0.962,0.151,98773,0.509,0,0.0109,7,0.123,-9.935,1,9,0.0433,79.597,0.116,7
0.835,0.36,170267,0.391,0,0.0,10,0.0847,-12.613,1,11,0.0313,99.076,0.224,6
0.22,0.7070000000000001,273320,0.617,1,0.00018,6,0.13,-12.519,1,54,0.303,96.051,0.594,3
0.00212,0.622,270240,0.757,0,1.91e-06,9,0.092,-3.4530000000000003,1,44,0.0247,96.982,0.825,3
0.669,0.588,78373,0.119,0,0.239,2,0.327,-14.651,0,19,0.0548,83.186,0.555,6
0.0026,0.5489999999999999,199440,0.913,1,0.0,8,0.26,-3.49,0,49,0.146,154.957,0.669,2
0.000343,0.462,202547,0.961,0,1.42e-05,9,0.0859,-3.888,1,33,0.0505,135.065,0.8370000000000001,3
0.0218,0.441,294475,0.8320000000000001,0,1.23e-05,8,0.2,-14.396,1,51,0.064,103.765,0.6,4
0.986,0.525,208128,0.1,0,0.0,0,0.128,-9.02,1,0,0.0788,134.515,0.513,7
0.69,0.7070000000000001,295050,0.34600000000000003,0,0.145,11,0.1,-12.397,0,61,0.0251,85.094,0.49,5
0.415,0.6779999999999999,209387,0.6779999999999999,0,0.0,0,0.26,-7.098,0,44,0.0469,109.55,0.96,4
0.0208,0.883,135996,0.6759999999999999,1,0.031,11,0.107,-9.105,1,0,0.136,142.983,0.6,8
0.19,0.888,266067,0.632,1,0.0,1,0.101,-3.872,1,68,0.219,91.979,0.662,2
0.401,0.634,192733,0.431,0,6.9e-05,0,0.652,-9.92,1,47,0.0364,124.425,0.667,2
0.944,0.616,242293,0.206,0,0.0114,7,0.131,-13.173,0,4,0.0544,133.72,0.395,7
0.917,0.542,154293,0.339,0,0.975,10,0.279,-13.08,1,5,0.0506,143.759,0.662,7
0.000704,0.657,190186,0.8270000000000001,0,0.00534,5,0.065,-4.0360000000000005,1,61,0.0734,145.889,0.69,1
0.217,0.304,180147,0.645,0,1.01e-05,5,0.132,-10.6,1,39,0.0491,197.798,0.4920000000000001,5
0.17800000000000002,0.757,235427,0.906,0,0.000154,7,0.09,-3.064,1,58,0.151,87.949,0.789,2
0.953,0.236,306480,0.21600000000000005,0,5.93e-05,3,0.142,-15.132,1,34,0.0456,183.314,0.0751,5
0.542,0.364,174267,0.278,0,2.79e-05,5,0.38,-12.262,0,61,0.0355,173.65200000000004,0.2,1
0.976,0.217,204573,0.155,0,0.203,9,0.247,-17.154,1,3,0.0538,87.539,0.0781,8
0.0758,0.591,205227,0.888,0,0.00403,6,0.535,-5.807,1,55,0.0601,147.94299999999996,0.7709999999999999,1
2.59e-05,0.33,244027,0.996,0,0.11,1,0.109,-5.012,1,37,0.0997,120.312,0.194,4
0.662,0.732,128160,0.345,0,0.8759999999999999,1,0.114,-22.765,1,2,0.0505,120.759,0.399,7
0.925,0.342,284240,0.184,0,0.8370000000000001,4,0.0816,-18.294,0,24,0.0316,173.149,0.174,5
0.515,0.569,128800,0.0605,0,0.0,7,0.7509999999999999,-27.502,1,0,0.665,138.293,0.213,7
0.0602,0.6679999999999999,291945,0.858,0,0.98,10,0.128,-3.629,1,11,0.0432,119.974,0.933,7
0.409,0.62,162027,0.604,0,0.0,7,0.133,-12.134,1,38,0.0326,100.486,0.883,3
0.0156,0.511,193733,0.8079999999999999,0,4.98e-06,1,0.229,-12.863,1,31,0.0593,117.361,0.5660000000000001,4
0.195,0.5670000000000001,305160,0.53,0,0.0,2,0.0683,-9.155,1,50,0.0758,150.026,0.855,3
0.991,0.259,167967,0.332,0,0.902,5,0.705,-14.513,0,0,0.159,93.96,0.0915,8
0.993,0.268,166507,0.0483,0,0.713,8,0.139,-21.878,1,0,0.0411,77.437,0.354,8
0.489,0.473,844507,0.371,0,5.48e-06,0,0.0886,-10.892,1,18,0.0374,136.315,0.355,6
0.821,0.335,191216,0.265,0,0.000459,9,0.0958,-8.887,0,51,0.0332,168.072,0.292,2
0.0438,0.684,271707,0.763,0,7.68e-05,7,0.0916,-6.8610000000000015,0,58,0.046,99.918,0.6779999999999999,3
0.994,0.45,677851,0.177,0,0.903,2,0.0692,-17.039,1,0,0.046,120.8,0.104,8
0.267,0.769,250032,0.826,0,0.0177,7,0.0638,-8.252,1,61,0.0624,95.862,0.762,4
0.0759,0.795,173507,0.317,0,0.0177,4,0.083,-16.732,1,41,0.133,180.544,0.795,4
0.173,0.224,345040,0.797,0,0.00135,4,0.237,-8.017999999999999,0,23,0.0507,146.645,0.518,4
0.984,0.3670000000000001,163093,0.122,0,4.370000000000001e-05,9,0.172,-21.34,0,36,0.0319,75.265,0.104,3
0.994,0.304,130360,0.0206,0,0.914,7,0.123,-31.671,1,7,0.0416,87.63799999999998,0.338,7
0.0758,0.596,262627,0.711,0,4.73e-05,4,0.0757,-12.643,1,33,0.0299,132.72899999999998,0.77,4
0.531,0.752,104700,0.292,1,0.0,2,0.134,-16.883,0,0,0.748,82.06,0.47,7
0.000322,0.157,199480,0.976,0,0.000132,7,0.319,-4.569,0,43,0.387,78.601,0.125,2
0.539,0.562,179040,0.7140000000000001,1,0.0,11,0.703,-7.936,0,48,0.18,151.974,0.509,1
0.988,0.653,178704,0.209,0,0.5660000000000001,11,0.241,-14.718,0,0,0.196,101.873,0.5770000000000001,8
0.619,0.665,304333,0.423,0,0.0,5,0.102,-11.36,0,34,0.0298,114.028,0.58,3
0.975,0.5429999999999999,208982,0.0392,0,0.000822,9,0.106,-24.606,1,53,0.0371,119.105,0.0577,2
0.8490000000000001,0.0663,537733,0.0257,0,0.956,6,0.0709,-31.134,0,0,0.0472,74.282,0.0348,10
0.123,0.556,266933,0.9,0,0.0,0,0.5710000000000001,-6.11,1,50,0.097,126.686,0.804,3
0.995,0.425,255987,0.0503,0,0.918,5,0.101,-28.794,0,0,0.0391,117.071,0.366,7
0.996,0.594,192560,0.109,0,0.22,4,0.115,-13.446,1,0,0.0403,114.374,0.626,8
0.57,0.479,252187,0.5489999999999999,1,0.0239,11,0.127,-10.550999999999998,0,73,0.373,180.985,0.5760000000000001,3
0.246,0.682,98200,0.124,1,0.0,8,0.28800000000000003,-20.26,1,0,0.923,144.27100000000004,0.693,8
0.525,0.22,352347,0.271,0,0.334,2,0.14,-12.651,1,49,0.0354,68.414,0.0523,1
0.732,0.649,250280,0.439,0,2.62e-06,0,0.594,-12.745,1,0,0.613,117.217,0.887,9
0.603,0.448,283400,0.882,0,0.013,0,0.278,-6.8610000000000015,1,35,0.0701,146.371,0.475,4
0.0192,0.527,148867,0.857,0,0.0,4,0.0571,-7.338999999999999,0,30,0.0671,144.42700000000005,0.901,5
0.0968,0.7040000000000001,403493,0.8170000000000001,0,2.16e-06,5,0.35,-3.3160000000000003,1,51,0.203,129.968,0.639,2
0.316,0.77,399290,0.679,0,0.0029100000000000003,0,0.238,-5.9529999999999985,1,36,0.0592,114.835,0.748,4
0.994,0.684,165667,0.124,0,0.0928,10,0.184,-13.859000000000002,0,7,0.0356,94.81,0.633,8
0.24,0.6,326227,0.6709999999999999,0,0.00137,4,0.151,-10.062,1,40,0.0277,107.457,0.339,4
0.996,0.239,175747,0.00371,0,0.907,1,0.132,-34.16,0,37,0.0494,132.22299999999998,0.07,4
0.478,0.7290000000000001,120372,0.46,0,0.0,8,0.052000000000000005,-14.85,0,21,0.0318,100.323,0.835,5
0.7979999999999999,0.397,197893,0.303,0,4.16e-06,1,0.0824,-10.413,1,75,0.11,170.22,0.17,1
0.6459999999999999,0.648,245467,0.385,0,0.000229,7,0.0951,-12.443,1,22,0.0355,99.078,0.7879999999999999,5
0.927,0.735,197120,0.388,0,0.0195,6,0.103,-11.836,0,17,0.0335,104.005,0.378,6
0.0209,0.649,231853,0.753,0,5.81e-05,8,0.105,-4.875,1,53,0.0319,87.99,0.46,2
7.79e-05,0.503,218560,0.8909999999999999,0,0.772,7,0.468,-3.966,1,35,0.0311,106.525,0.485,4
0.946,0.0777,429507,0.0684,0,0.951,0,0.132,-27.166,1,0,0.0387,80.475,0.0374,8
0.927,0.504,269440,0.136,0,0.935,0,0.112,-18.004,1,20,0.0381,119.767,0.156,6
0.545,0.767,162400,0.396,0,0.00079,3,0.0959,-13.706,1,30,0.0326,116.576,0.898,6
0.596,0.542,201145,0.177,0,1.04e-06,7,0.139,-18.075,1,39,0.028,100.051,0.529,6
0.711,0.6679999999999999,86440,0.122,0,0.0,7,0.18,-31.438,1,0,0.945,65.947,0.574,7
0.236,0.59,236160,0.782,0,8.92e-05,10,0.255,-5.1720000000000015,1,43,0.0721,114.038,0.862,4
0.544,0.439,169373,0.381,0,0.0,2,0.0715,-11.124,0,42,0.029,110.325,0.486,6
0.972,0.674,189000,0.443,0,0.00277,4,0.273,-5.61,1,0,0.0705,154.871,0.941,9
0.675,0.259,745640,0.136,0,0.499,9,0.254,-19.233,1,0,0.0448,83.473,0.231,9
0.8420000000000001,0.746,180813,0.326,0,0.000858,9,0.103,-11.577,0,19,0.0354,90.128,0.65,6
0.00158,0.373,254427,0.574,0,0.0284,5,0.234,-10.06,0,25,0.0308,161.499,0.313,4
0.232,0.75,161437,0.6679999999999999,1,0.0,9,0.112,-5.9129999999999985,0,51,0.227,90.021,0.507,1
0.8640000000000001,0.588,267240,0.232,0,1.77e-06,0,0.106,-12.328,1,41,0.0315,120.628,0.339,3
0.276,0.723,264333,0.645,0,4.67e-06,11,0.114,-12.168,0,22,0.0365,132.072,0.63,5
0.622,0.585,232880,0.977,0,0.0,1,0.328,-3.57,1,64,0.0615,138.264,0.8009999999999999,1
0.0621,0.399,299934,0.721,0,0.00282,4,0.278,-5.562,0,55,0.0523,160.125,0.113,1
0.261,0.8420000000000001,214857,0.727,1,0.0,0,0.131,-6.2410000000000005,1,61,0.0675,107.994,0.721,1
0.51,0.737,121522,0.241,0,0.00572,9,0.108,-16.034000000000002,0,64,0.0882,100.0,0.345,1
0.742,0.236,117320,0.35,0,1.92e-05,3,0.0726,-10.713,1,32,0.0341,80.758,0.234,5
0.987,0.31,274093,0.228,0,1.13e-06,9,0.343,-11.85,1,0,0.0353,105.049,0.305,7
0.8079999999999999,0.619,136920,0.388,0,2.34e-05,2,0.166,-11.08,1,24,0.0259,102.878,0.684,6
0.8590000000000001,0.518,159333,0.305,0,0.0,7,0.0852,-12.116,1,42,0.0406,146.485,0.573,5
0.452,0.5920000000000001,187213,0.387,0,5.23e-06,0,0.391,-11.451,1,30,0.0561,111.097,0.507,6
0.883,0.526,172373,0.215,0,0.209,4,0.208,-20.805,1,22,0.0382,140.314,0.628,6
0.0914,0.6559999999999999,208214,0.514,0,0.0,5,0.058,-5.27,1,61,0.0672,120.073,0.818,1
0.5539999999999999,0.679,116040,0.507,0,0.0,9,0.0615,-14.368,1,12,0.0445,178.585,0.978,6
0.000398,0.468,201960,0.774,0,0.624,0,0.147,-4.769,1,48,0.038,117.949,0.141,2
0.006840000000000001,0.664,189547,0.7390000000000001,0,0.0,5,0.0439,-5.3420000000000005,0,54,0.0713,90.006,0.851,1
0.962,0.192,257040,0.00618,0,0.958,10,0.105,-37.633,1,49,0.0415,79.285,0.0574,2
0.539,0.685,133093,0.652,0,0.000296,7,0.109,-9.697,1,35,0.228,83.588,0.617,3
0.7709999999999999,0.693,137107,0.289,0,0.0,6,0.149,-12.576,1,18,0.0411,89.323,0.907,7
0.86,0.474,188693,0.4270000000000001,0,0.244,1,0.247,-10.42,1,4,0.0452,185.959,0.82,8
0.012,0.631,231027,0.8140000000000001,0,8.2e-05,7,0.23,-6.702000000000001,1,41,0.0353,127.341,0.831,4
0.565,0.326,228071,0.303,0,0.000655,9,0.161,-11.802,1,66,0.047,78.888,0.0677,1
0.0351,0.309,186507,0.907,0,0.736,7,0.293,-4.712,1,39,0.0489,159.43200000000004,0.747,5
0.7020000000000001,0.43,198200,0.25,0,0.0,0,0.383,-17.067,1,57,0.029,104.387,0.413,4
0.127,0.439,290674,0.923,0,0.0,0,0.268,-5.845,0,59,0.0959,90.041,0.54,1
0.000218,0.32299999999999995,160627,0.986,0,0.0471,9,0.398,-4.302,1,27,0.154,101.368,0.107,5
1.6899999999999994e-05,0.524,187533,0.799,0,0.00436,7,0.249,-7.808,1,41,0.0362,115.197,0.55,3
0.00588,0.265,268907,0.906,0,0.0288,7,0.083,-11.720999999999998,1,29,0.065,163.99200000000005,0.5870000000000001,4
0.618,0.76,229355,0.635,0,4.35e-05,2,0.118,-6.48,1,53,0.0409,106.672,0.931,3
0.206,0.63,189684,0.759,0,0.000119,5,0.113,-7.991,1,41,0.0362,114.469,0.725,3
0.119,0.721,295387,0.527,0,0.000162,9,0.168,-11.603,1,38,0.0341,119.994,0.906,3
0.994,0.408,198173,0.18600000000000005,0,0.955,10,0.111,-18.582,0,7,0.0388,90.297,0.623,7
0.326,0.5329999999999999,195612,0.55,0,2.84e-06,8,0.147,-8.106,1,23,0.0252,77.141,0.56,5
0.484,0.578,153133,0.3720000000000001,0,0.000288,2,0.0904,-11.079,1,20,0.0267,103.987,0.36,5
0.0417,0.8009999999999999,163253,0.795,0,0.000113,1,0.0717,-5.115,0,80,0.0504,79.028,0.754,1
0.977,0.593,286120,0.0595,0,0.826,5,0.114,-25.124,1,3,0.112,80.441,0.8440000000000001,9
0.107,0.578,302093,0.358,0,0.0016,7,0.0704,-12.194,1,55,0.0254,91.38,0.422,3
0.0182,0.664,232067,0.569,0,1.41e-05,4,0.0951,-10.427,1,32,0.0325,132.59,0.705,4
0.985,0.443,165504,0.183,0,0.000226,2,0.118,-19.164,1,0,0.0559,94.348,0.818,7
0.989,0.452,191587,0.126,0,0.935,7,0.113,-20.03,1,0,0.066,134.375,0.478,9
7.759999999999999e-05,0.368,225933,0.949,0,0.00429,2,0.0341,-6.178,1,53,0.141,160.27,0.34700000000000003,2
0.44,0.7609999999999999,197133,0.7879999999999999,0,0.0053100000000000005,4,0.341,-11.672,1,29,0.0596,138.90200000000002,0.768,5
0.0332,0.604,106813,0.8190000000000001,1,0.0,4,0.132,-4.224,0,53,0.447,73.07,0.6759999999999999,2
0.00689,0.872,356000,0.273,0,0.825,4,0.0616,-15.958,0,21,0.183,127.397,0.6970000000000001,4
0.234,0.5920000000000001,152426,0.8420000000000001,0,0.0,6,0.0904,-5.0760000000000005,0,61,0.0679,102.711,0.706,1
0.0149,0.33,167160,0.991,0,0.000151,3,0.0928,-5.255,0,45,0.2,140.171,0.15,2
0.047,0.56,325240,0.836,0,0.000516,5,0.0859,-7.292999999999997,0,25,0.0391,128.506,0.89,5
0.649,0.82,142907,0.61,0,0.00612,9,0.104,-11.825,0,27,0.244,154.071,0.911,5
0.994,0.315,226255,0.0202,0,0.8909999999999999,1,0.103,-32.57,0,30,0.0466,68.12,0.218,3
0.35200000000000004,0.5920000000000001,145133,0.741,0,0.000122,4,0.0649,-7.848,1,14,0.0368,163.643,0.972,6
0.938,0.792,145987,0.532,0,0.00111,7,0.109,-10.084,1,0,0.172,91.515,0.907,7
0.871,0.158,514400,0.0746,0,0.0452,9,0.14,-19.061,0,0,0.0464,72.538,0.0736,9
0.479,0.5710000000000001,379560,0.45,0,0.915,11,0.368,-16.724,1,36,0.0565,104.636,0.588,3
0.0257,0.753,310040,0.691,1,0.0,1,0.222,-9.565,1,32,0.331,93.009,0.856,3
0.00883,0.58,134595,0.878,0,0.879,11,0.0683,-10.093,0,59,0.0484,148.009,0.944,1
0.000126,0.44,264667,0.8420000000000001,0,1.6800000000000002e-05,7,0.0929,-13.408,1,49,0.037000000000000005,104.115,0.332,4
0.873,0.534,278373,0.418,0,0.93,7,0.123,-20.658,1,14,0.038,126.122,0.961,7
0.809,0.823,165200,0.457,0,0.0541,0,0.131,-8.349,1,22,0.0415,94.041,0.636,7
0.0445,0.617,218573,0.6990000000000001,0,0.0461,0,0.0684,-6.659,1,45,0.0278,110.165,0.968,6
0.0218,0.369,272427,0.515,0,0.0,7,0.0556,-9.318,1,52,0.0396,171.334,0.446,5
0.00243,0.414,134933,0.5539999999999999,0,0.0,4,0.18,-7.68,0,49,0.0328,149.244,0.531,6
0.225,0.8029999999999999,271560,0.495,0,1.29e-06,0,0.237,-3.745,0,38,0.0545,78.65100000000002,0.667,3
0.478,0.5329999999999999,235224,0.362,0,0.245,4,0.0857,-14.791,1,63,0.0244,82.993,0.45,5
0.0688,0.555,195200,0.636,0,0.0,4,0.106,-11.547,0,37,0.0497,98.391,0.402,3
0.99,0.608,53520,0.388,0,0.888,0,0.0955,-13.447,1,0,0.0548,114.691,0.949,8
0.883,0.461,311267,0.466,0,0.18,10,0.0652,-7.437,1,3,0.0371,59.918,0.206,7
0.0204,0.573,242320,0.856,1,4.93e-05,9,0.179,-4.807,1,55,0.371,139.317,0.515,2
0.925,0.16899999999999998,241333,0.449,0,5.45e-06,4,0.391,-7.343,0,1,0.0362,173.78400000000005,0.0888,7
0.00154,0.579,329680,0.809,1,0.0,4,0.564,-5.0310000000000015,1,48,0.205,88.991,0.259,2
5.59e-05,0.5489999999999999,210000,0.98,0,0.000719,5,0.229,-2.647,0,45,0.0971,102.966,0.274,2
0.581,0.627,340667,0.7829999999999999,0,0.7170000000000001,11,0.607,-6.142,0,25,0.0289,126.513,0.684,4
0.901,0.214,418000,0.02,0,0.535,0,0.127,-25.308000000000003,1,39,0.0404,95.687,0.0821,3
0.908,0.5820000000000001,95788,0.242,0,0.0,0,0.145,-16.609,0,0,0.34600000000000003,80.705,0.359,8
0.083,0.429,424560,0.82,0,0.0243,2,0.376,-5.69,1,31,0.0888,78.434,0.448,3
0.173,0.674,259333,0.506,1,0.0,6,0.0866,-10.532,1,76,0.0434,145.965,0.183,1
0.423,0.502,166133,0.408,0,0.16399999999999998,3,0.243,-16.246,1,26,0.0378,134.112,0.813,6
0.29100000000000004,0.691,156933,0.387,0,0.0,3,0.203,-7.405,1,51,0.0277,82.52799999999998,0.485,2
0.735,0.527,94533,0.34700000000000003,0,0.519,7,0.214,-13.107,1,19,0.0413,112.165,0.519,6
0.000252,0.302,149160,0.941,0,0.343,6,0.127,-9.858,1,32,0.0819,119.651,0.34,4
0.981,0.49,166053,0.0389,0,0.932,8,0.126,-28.804,1,14,0.05,112.312,0.0882,7
0.917,0.16899999999999998,194600,0.0866,0,0.9,6,0.413,-19.364,1,9,0.0332,80.939,0.0941,7
0.58,0.404,272400,0.126,0,0.000283,9,0.233,-16.832,0,59,0.0321,172.525,0.36,4
0.893,0.17,401840,0.149,0,0.866,9,0.192,-19.025,1,0,0.0362,93.491,0.0394,7
0.911,0.271,253533,0.276,0,0.0765,9,0.0849,-10.109,0,45,0.0307,139.95600000000002,0.345,3
0.259,0.442,190813,0.921,0,0.0,2,0.163,-2.344,1,46,0.0635,178.12400000000005,0.601,2
0.00615,0.5,280747,0.693,0,7.390000000000001e-05,2,0.221,-7.05,1,44,0.0287,110.037,0.343,2
0.0462,0.445,625173,0.523,0,0.28,10,0.878,-9.854,1,43,0.0316,137.96,0.5489999999999999,2
0.435,0.236,187360,0.348,0,1.42e-05,11,0.213,-11.744000000000002,0,23,0.032,78.79,0.13,4
0.918,0.5539999999999999,198687,0.0886,0,0.00031800000000000003,9,0.113,-18.389,1,0,0.0426,90.583,0.551,8
0.00122,0.7240000000000001,160933,0.688,0,0.314,7,0.0764,-6.573,1,31,0.0488,154.19299999999996,0.527,5
0.968,0.316,537133,0.18600000000000005,0,0.78,0,0.134,-21.323,1,0,0.0741,76.91,0.124,7
0.131,0.177,172947,0.999,0,0.575,11,0.481,-21.618,0,64,0.0621,101.377,0.0016600000000000002,1
0.204,0.311,211240,0.484,0,1.92e-06,8,0.0873,-8.221,1,33,0.0299,77.91199999999998,0.21,3
0.752,0.332,347360,0.601,0,0.0,7,0.48,-11.025,1,25,0.0591,74.669,0.413,5
0.977,0.562,262067,0.118,0,0.0053,8,0.0933,-15.197,1,20,0.0335,78.78399999999998,0.424,6
0.0531,0.634,237320,0.838,0,8.34e-06,2,0.0522,-5.363,1,56,0.0413,95.011,0.541,4
0.293,0.753,252922,0.5579999999999999,0,0.0,9,0.0617,-7.8370000000000015,0,33,0.285,84.669,0.753,3
0.266,0.616,184413,0.884,0,0.0,1,0.0657,-5.043,0,41,0.0317,94.979,0.856,2
0.92,0.525,327107,0.225,0,0.866,5,0.128,-20.498,0,9,0.0478,163.433,0.588,7
0.5539999999999999,0.505,312000,0.134,0,6.61e-06,9,0.125,-13.953,0,21,0.0992,68.73,0.24,7
0.0169,0.935,316573,0.596,0,0.166,7,0.0608,-12.485,1,28,0.0632,126.058,0.966,4
0.991,0.531,197787,0.17,0,0.174,5,0.126,-14.5,1,27,0.0771,165.165,0.805,10
0.99,0.21,59053,0.0105,0,0.81,8,0.0872,-33.202,1,10,0.0425,76.119,0.189,7
0.992,0.698,95361,0.0686,0,9.56e-06,9,0.6729999999999999,-18.43,1,1,0.168,72.616,0.685,7
0.642,0.754,150360,0.862,0,1.44e-05,5,0.0571,-7.109,1,35,0.117,139.991,0.965,5
0.985,0.303,165813,0.0465,0,0.757,5,0.16699999999999998,-17.253,1,32,0.0363,74.933,0.0386,5
0.626,0.479,534560,0.463,0,0.123,2,0.6809999999999999,-12.95,0,22,0.0542,116.1,0.547,6
0.181,0.7190000000000001,392893,0.6609999999999999,0,0.173,4,0.106,-10.716,0,23,0.0399,79.368,0.968,5
0.98,0.633,178824,0.228,0,1.52e-06,6,0.103,-8.971,1,0,0.175,130.621,0.575,8
0.914,0.236,303333,0.0661,0,3.59e-06,5,0.103,-18.979,1,28,0.0338,87.1,0.0785,3
0.7829999999999999,0.495,102133,0.422,0,0.000101,0,0.223,-13.58,0,16,0.0669,123.752,0.916,7
0.455,0.7759999999999999,227779,0.7240000000000001,1,0.0,7,0.109,-4.874,1,66,0.21600000000000005,74.987,0.677,1
0.472,0.472,682173,0.23,0,0.000114,5,0.141,-18.543,0,23,0.035,93.099,0.498,7
0.867,0.463,229000,0.243,0,0.000374,9,0.133,-13.549,0,55,0.0396,71.803,0.0778,2
0.006229999999999999,0.7120000000000001,233827,0.835,0,1.68e-06,7,0.843,-4.676,1,65,0.0487,153.95600000000005,0.741,1
0.27,0.565,219627,0.763,0,0.0087,11,0.299,-7.0429999999999975,0,47,0.0584,139.995,0.28300000000000003,2
0.245,0.392,276187,0.534,0,0.00104,0,0.155,-8.793,1,76,0.0369,181.305,0.325,3
0.545,0.8740000000000001,162573,0.657,0,0.246,10,0.0378,-9.242,0,28,0.16899999999999998,103.415,0.94,5
0.0328,0.813,168040,0.532,0,0.0,5,0.183,-8.422,1,17,0.0302,123.764,0.797,6
0.403,0.505,247307,0.518,0,0.0,2,0.129,-8.601,1,54,0.023,81.01899999999998,0.472,3
1.67e-05,0.479,165893,0.867,0,0.921,0,0.0913,-6.627000000000002,1,50,0.0371,92.001,0.293,2
0.00471,0.422,229427,0.406,0,0.0,2,0.1,-9.217,1,31,0.0255,84.61,0.287,4
0.392,0.71,218067,0.409,0,6.73e-05,11,0.093,-13.394,1,56,0.0341,118.939,0.6409999999999999,3
0.973,0.482,357067,0.0377,0,0.604,10,0.116,-25.22,0,19,0.0425,91.445,0.316,7
0.0353,0.35200000000000004,318533,0.698,0,0.0,7,0.113,-6.278,1,64,0.0303,142.57,0.256,3
0.875,0.335,269853,0.132,0,0.000385,9,0.105,-14.991,1,34,0.0297,85.416,0.139,4
0.16899999999999998,0.476,237600,0.816,0,0.0,4,0.238,-4.279,1,44,0.0347,163.847,0.469,2
0.98,0.236,329000,0.0327,0,0.727,2,0.109,-24.56,0,0,0.0433,101.013,0.0627,8
0.139,0.67,345040,0.503,0,0.0,8,0.0905,-6.799,1,44,0.0449,110.109,0.18600000000000005,2
0.965,0.399,247973,0.277,0,0.888,2,0.237,-12.25,1,0,0.0332,120.517,0.355,8
0.0597,0.77,214493,0.7240000000000001,0,0.0,1,0.0819,-4.541,1,39,0.342,89.67299999999999,0.6809999999999999,2
0.947,0.107,259400,0.0816,0,0.00269,4,0.0858,-21.029,1,3,0.0389,83.706,0.0647,7
0.304,0.8490000000000001,248867,0.521,1,1.65e-06,11,0.115,-12.999,0,74,0.21600000000000005,95.265,0.763,3
0.44,0.706,100100,0.15,1,1.45e-06,0,0.126,-18.394,1,0,0.907,107.443,0.556,8
0.81,0.542,204000,0.252,0,0.00718,6,0.675,-12.416,0,42,0.494,163.694,0.206,5
0.988,0.314,193053,0.585,0,0.92,10,0.333,-10.09,0,0,0.0517,174.704,0.725,8
0.831,0.463,174393,0.318,0,0.0,9,0.349,-14.196,1,0,0.0535,86.571,0.616,8
0.759,0.706,257200,0.679,0,0.000451,1,0.363,-4.408,1,31,0.0305,115.377,0.5479999999999999,3
0.00118,0.561,320693,0.909,0,0.46,3,0.0713,-7.877999999999999,1,59,0.0312,127.172,0.71,3
0.147,0.603,226507,0.618,0,0.0,3,0.105,-5.098,1,50,0.0284,149.955,0.295,1
0.00319,0.5770000000000001,172467,0.634,0,1.85e-06,6,0.0741,-6.99,0,52,0.0689,125.534,0.302,1
0.0977,0.5479999999999999,307627,0.583,0,1.07e-05,2,0.145,-15.692,1,43,0.0447,116.691,0.564,5
0.534,0.6890000000000001,268293,0.0775,0,0.00101,0,0.28300000000000003,-17.434,1,43,0.264,72.89699999999998,0.168,2
0.555,0.623,195067,0.337,0,3.13e-06,2,0.171,-12.351,1,23,0.0329,118.718,0.233,4
0.993,0.4970000000000001,131053,0.16899999999999998,0,0.906,10,0.292,-20.086,1,1,0.0429,80.565,0.807,8
0.575,0.502,296253,0.623,0,4.04e-06,7,0.285,-10.161,1,46,0.0864,124.372,0.438,5
0.227,0.596,155573,0.759,0,0.000475,9,0.17800000000000002,-5.4570000000000025,1,33,0.0491,100.684,0.86,5
0.963,0.454,192000,0.229,0,0.00331,2,0.103,-13.552,1,0,0.0348,108.96,0.541,9
0.0144,0.8,285894,0.6559999999999999,1,0.0,5,0.354,-5.874,0,63,0.114,119.921,0.436,1
0.14,0.6609999999999999,150760,0.7609999999999999,0,0.0,0,0.236,-5.7189999999999985,1,45,0.0272,134.153,0.858,3
0.529,0.745,183307,0.8009999999999999,0,0.000216,7,0.17,-6.534,1,56,0.0384,85.234,0.809,2
0.619,0.838,176760,0.755,0,0.0296,10,0.065,-8.259,1,34,0.0482,132.595,0.959,5
0.408,0.615,154827,0.89,0,0.0,8,0.0777,-7.603,1,19,0.146,179.801,0.836,7
0.995,0.54,34360,0.117,0,0.0006889999999999999,8,0.182,-21.01,1,0,0.0827,133.737,0.708,10
0.0218,0.467,199930,0.7959999999999999,0,0.0,9,0.0877,-5.265,1,57,0.0351,150.016,0.338,1
0.634,0.523,221040,0.458,1,0.0,7,0.102,-9.015,0,64,0.214,129.264,0.345,0
0.0412,0.711,227197,0.16699999999999998,1,6.890000000000001e-05,2,0.0567,-19.583,1,0,0.925,131.16899999999998,0.647,8
0.687,0.519,372733,0.46,0,0.445,1,0.219,-14.962,1,29,0.0611,107.956,0.662,5
0.993,0.366,146800,0.474,0,0.898,4,0.586,-9.699,0,0,0.0777,185.564,0.75,9
0.17,0.8009999999999999,315133,0.151,0,0.474,7,0.0999,-18.107,1,27,0.0533,109.417,0.253,5
0.14,0.6759999999999999,196093,0.856,0,0.000563,1,0.147,-6.126,1,39,0.048,120.655,0.785,3
0.00456,0.326,210640,0.804,0,0.00339,4,0.654,-13.688,1,29,0.0708,170.945,0.5670000000000001,4
0.0171,0.557,255360,0.7829999999999999,0,0.0172,6,0.151,-4.893,0,63,0.234,177.00799999999995,0.442,2
0.937,0.235,125153,0.166,0,0.889,8,0.108,-17.467,0,46,0.0394,81.837,0.0372,2
0.893,0.544,154800,0.168,0,0.0,10,0.126,-10.915,1,53,0.0378,85.852,0.458,2
0.0533,0.695,203808,0.883,0,0.0,6,0.213,-2.286,0,80,0.0778,103.014,0.907,0
0.00783,0.589,272093,0.507,1,0.0,11,0.0827,-11.118,0,40,0.321,178.93099999999995,0.287,3
0.667,0.503,222467,0.0927,0,0.000355,2,0.0715,-17.549,1,11,0.0534,176.666,0.298,6
0.476,0.589,136933,0.584,0,0.0,9,0.0821,-5.672999999999999,1,14,0.0291,129.616,0.5579999999999999,6
0.924,0.507,357920,0.265,0,0.853,2,0.103,-16.842,1,23,0.0336,123.431,0.31,6
0.0505,0.589,225333,0.669,0,0.0,0,0.131,-4.835,1,53,0.0253,92.06,0.421,1
0.727,0.376,200360,0.311,0,0.0,3,0.325,-12.811,0,38,0.0312,118.738,0.387,7
0.017,0.71,281227,0.772,1,0.0,0,0.1,-5.14,0,46,0.048,167.986,0.381,2
0.965,0.371,214467,0.28600000000000003,0,1.13e-05,2,0.575,-12.088,1,4,0.0566,85.523,0.222,7
0.28800000000000003,0.392,354320,0.402,0,0.0,0,0.243,-9.961,0,54,0.0536,143.88299999999995,0.228,1
0.311,0.807,345280,0.906,0,0.000791,5,0.0248,-8.972999999999997,0,65,0.0371,121.54,0.971,4
0.16399999999999998,0.688,241787,0.9,0,0.00988,5,0.29100000000000004,-5.534,1,37,0.049,131.031,0.491,4
0.413,0.517,184675,0.615,1,0.0,0,0.101,-6.848,0,50,0.231,88.93299999999998,0.235,1
0.262,0.7040000000000001,239187,0.7070000000000001,0,4.41e-06,0,0.039,-7.33,1,61,0.0321,131.015,0.7170000000000001,4
0.012,0.316,307347,0.877,0,2.88e-06,10,0.236,-8.977,0,35,0.091,148.344,0.439,4
0.667,0.779,213000,0.779,0,0.0303,5,0.31,-5.308,0,0,0.185,88.001,0.38,9
0.705,0.488,172200,0.643,0,3.4e-05,0,0.132,-11.429,1,18,0.124,140.86,0.82,7
0.0332,0.667,220067,0.456,0,0.0,9,0.166,-13.101,1,42,0.0884,154.93200000000004,0.976,6
0.0812,0.804,300200,0.823,1,0.0,1,0.0794,-5.4220000000000015,0,59,0.256,87.322,0.7190000000000001,3
0.141,0.59,225840,0.662,0,0.0,7,0.0935,-9.226,1,58,0.0313,113.455,0.6509999999999999,3
0.8,0.486,282773,0.931,0,0.0,1,0.687,-12.188,1,29,0.935,63.953,0.0563,4
0.985,0.369,492013,0.309,0,0.913,2,0.163,-12.818,0,0,0.0334,112.418,0.192,7
0.986,0.121,80160,0.136,0,0.754,7,0.107,-23.767,1,0,0.042,91.328,0.0318,8
0.527,0.706,271427,0.5379999999999999,0,0.14300000000000002,9,0.388,-9.188,1,53,0.0406,104.899,0.815,5
0.161,0.507,293560,0.5710000000000001,0,0.0,5,0.142,-4.96,0,43,0.0328,88.749,0.32299999999999995,2
0.983,0.49,130893,0.264,0,0.00169,7,0.0758,-10.831,1,0,0.284,186.12,0.601,8
0.941,0.16,72627,0.145,0,0.0919,11,0.103,-20.495,0,63,0.0359,173.44299999999996,0.0946,1
0.000157,0.373,257836,0.991,0,1.29e-06,7,0.162,-2.101,1,58,0.214,197.973,0.316,1
0.104,0.812,201733,0.441,0,1.6800000000000002e-05,0,0.0662,-15.117,1,34,0.0528,142.533,0.964,4
0.0831,0.504,184000,0.713,0,0.0,7,0.244,-6.34,1,37,0.0365,131.344,0.546,2
0.0261,0.551,260813,0.879,0,2.43e-06,0,0.132,-1.395,1,38,0.0378,106.135,0.293,2
0.98,0.8,182547,0.32,0,0.485,1,0.124,-5.959,0,0,0.0486,119.345,0.858,10
0.715,0.256,260867,0.361,0,4.19e-06,6,0.092,-11.084,1,41,0.0363,127.751,0.16699999999999998,5
0.151,0.537,286267,0.948,1,0.0,8,0.35600000000000004,-3.063,1,68,0.355,186.151,0.792,2
0.675,0.4270000000000001,170867,0.5529999999999999,0,0.0876,0,0.215,-8.637,0,4,0.0982,211.727,0.8370000000000001,9
0.995,0.51,168067,0.14800000000000002,0,0.888,0,0.13,-21.865,0,0,0.0556,136.157,0.465,8
0.4320000000000001,0.823,222240,0.388,0,0.195,9,0.106,-7.034,0,45,0.08,75.524,0.512,2
0.0173,0.901,328333,0.887,0,2.3e-06,1,0.078,-5.928,1,25,0.107,101.219,0.463,4
0.481,0.614,225973,0.63,0,2.27e-05,9,0.138,-10.497,0,48,0.0475,75.742,0.6659999999999999,5
0.16899999999999998,0.878,237680,0.7390000000000001,1,0.0,5,0.119,-5.157,1,53,0.189,93.601,0.8240000000000001,2
0.00197,0.507,119067,0.988,0,0.00297,2,0.272,-2.603,1,47,0.069,158.25,0.927,2
0.00911,0.741,184812,0.8079999999999999,0,1.46e-05,6,0.609,-4.434,0,58,0.0439,99.984,0.415,1
0.00445,0.28600000000000003,648507,0.8370000000000001,0,0.0859,9,0.116,-8.711,1,38,0.083,106.711,0.315,3
0.134,0.662,252120,0.693,0,0.0,3,0.145,-4.298,1,72,0.0698,86.009,0.655,2
0.657,0.273,203720,0.7829999999999999,0,0.000112,4,0.973,-6.779,1,52,0.0494,175.813,0.388,2
2.94e-05,0.5720000000000001,253293,0.8590000000000001,1,0.253,1,0.201,-6.785,1,49,0.0352,110.034,0.106,3
0.952,0.18,739560,0.128,0,0.816,5,0.102,-17.742,1,4,0.0379,94.764,0.0919,7
0.7659999999999999,0.529,251467,0.304,0,1.82e-05,7,0.318,-17.798,1,43,0.0349,119.452,0.5589999999999999,3
0.293,0.7340000000000001,128973,0.557,0,0.000305,10,0.263,-9.196,1,30,0.0317,122.537,0.93,6
0.99,0.441,198949,0.257,0,0.838,0,0.282,-17.395,0,0,0.0822,85.21700000000001,0.477,8
0.984,0.224,713227,0.0716,0,0.931,4,0.0848,-23.05,1,14,0.0383,81.12,0.0432,6
0.883,0.602,172213,0.336,0,0.0017,8,0.14300000000000002,-11.106,1,55,0.0369,90.894,0.335,1
0.198,0.5529999999999999,220573,0.872,0,0.0,1,0.0659,-2.832,0,68,0.0782,172.138,0.638,2
0.095,0.7090000000000001,263693,0.645,0,0.00195,7,0.0405,-12.511,0,25,0.0398,87.175,0.7,4
0.209,0.8270000000000001,164681,0.769,0,9.54e-05,7,0.091,-4.058,1,70,0.126,93.986,0.491,1
0.631,0.474,217733,0.136,0,0.0,3,0.0717,-14.114,1,48,0.0595,124.412,0.2,3
0.831,0.575,323227,0.196,0,0.000209,9,0.0558,-14.468,1,29,0.0393,83.495,0.248,6
0.743,0.615,408520,0.526,0,0.00358,1,0.109,-9.517,1,10,0.0406,135.787,0.429,6
0.0738,0.7090000000000001,182947,0.698,1,0.0,1,0.272,-5.182,1,57,0.0799,143.951,0.755,1
0.284,0.586,244453,0.903,1,0.0,11,0.195,-5.021,1,40,0.242,151.269,0.55,3
0.913,0.426,198027,0.3720000000000001,0,0.0085,10,0.121,-12.484000000000002,0,0,0.0373,132.108,0.748,8
0.0926,0.573,307760,0.67,0,0.255,7,0.34700000000000003,-12.737,1,27,0.0296,99.714,0.463,3
0.742,0.662,181747,0.446,0,0.084,4,0.099,-15.282,1,22,0.0304,130.744,0.8859999999999999,5
0.613,0.8140000000000001,174151,0.297,0,0.0,6,0.0994,-14.251,1,29,0.234,103.849,0.52,5
0.28800000000000003,0.8690000000000001,207413,0.465,0,1.92e-06,2,0.124,-7.6,1,40,0.121,77.12100000000002,0.861,2
0.966,0.484,175733,0.257,0,9.41e-05,0,0.16,-10.689,1,0,0.0471,136.778,0.5870000000000001,7
0.989,0.71,173893,0.162,0,0.0418,5,0.165,-12.907,1,0,0.214,127.299,0.838,8
0.927,0.53,194373,0.0853,0,0.0,0,0.126,-12.223,1,30,0.0327,78.372,0.112,6
0.402,0.269,297120,0.488,0,0.483,4,0.449,-9.622,0,34,0.033,101.392,0.187,5
0.518,0.583,208800,0.6729999999999999,0,0.665,9,0.182,-9.894,0,30,0.0273,140.159,0.768,4
0.00124,0.527,240027,0.81,0,0.000699,7,0.0497,-9.643,1,26,0.14,156.934,0.7040000000000001,5
0.979,0.468,155469,0.175,0,2.04e-05,9,0.116,-11.609000000000002,1,0,0.0427,115.674,0.344,9
0.994,0.44,373240,0.0819,0,0.828,0,0.106,-23.445,1,0,0.0461,104.443,0.0659,8
0.278,0.804,301200,0.626,1,5.23e-05,6,0.731,-4.74,1,44,0.0611,93.995,0.799,3
0.0109,0.715,246600,0.78,0,0.0017,2,0.119,-6.688,1,53,0.0327,115.897,0.838,3
0.9,0.344,96667,0.117,0,0.0,10,0.15,-23.09,1,19,0.0403,94.814,0.141,6
0.893,0.453,194307,0.586,0,0.361,7,0.314,-9.975,1,0,0.0438,112.874,0.72,8
0.816,0.29600000000000004,231067,0.18600000000000005,0,0.023,0,0.245,-19.258,1,37,0.0332,148.287,0.542,4
0.733,0.7120000000000001,143507,0.45,0,0.0,3,0.471,-13.304,1,13,0.0792,125.713,0.924,6
0.878,0.187,358240,0.173,0,0.8290000000000001,0,0.35700000000000004,-17.38,1,18,0.0365,100.927,0.106,6
0.376,0.616,202773,0.643,0,0.0,5,0.0752,-8.597999999999999,1,34,0.218,178.138,0.918,3
0.378,0.336,237080,0.47,0,0.0033200000000000005,7,0.0953,-10.541,0,59,0.0319,154.649,0.163,3
0.873,0.435,287693,0.155,0,0.0,1,0.107,-8.948,1,79,0.046,128.532,0.0935,1
0.00067,0.3670000000000001,322400,0.512,0,0.547,4,0.23,-6.89,1,37,0.0282,133.496,0.45,3
0.008440000000000001,0.389,190493,0.905,0,0.00016,8,0.124,-4.494,0,58,0.0354,121.836,0.672,2
0.000346,0.502,219987,0.941,0,0.319,7,0.5529999999999999,-5.194,1,65,0.0716,119.783,0.124,2
0.475,0.365,268800,0.506,0,0.22,7,0.0894,-10.16,1,33,0.0276,76.03699999999998,0.312,3
0.965,0.727,168000,0.468,0,0.5770000000000001,5,0.101,-6.055,1,0,0.0602,120.856,0.922,9
0.0814,0.82,223173,0.6809999999999999,0,0.0,10,0.0432,-7.935,0,41,0.0495,150.754,0.966,2
0.0026100000000000003,0.664,203672,0.561,1,0.0,6,0.0764,-7.0310000000000015,1,80,0.0495,150.093,0.713,0
0.992,0.376,185387,0.18,0,0.0223,4,0.234,-10.01,1,0,0.0437,169.637,0.608,8
0.754,0.55,131280,0.835,0,0.00103,2,0.198,-7.5,1,24,0.0758,146.089,0.964,6
0.0517,0.625,347787,0.7759999999999999,0,6.25e-05,9,0.0539,-5.5,0,31,0.0817,81.127,0.687,4
0.0253,0.449,255640,0.976,0,0.000197,8,0.277,-4.698,1,43,0.0911,122.305,0.315,4
0.948,0.0777,221400,0.0133,0,0.5920000000000001,0,0.0721,-36.465,1,0,0.0412,174.792,0.0682,8
0.932,0.172,246787,0.0213,0,0.8240000000000001,0,0.112,-32.042,0,0,0.035,94.064,0.0388,8
0.51,0.5539999999999999,235827,0.241,0,0.0,4,0.13,-14.724,1,38,0.0306,76.569,0.166,4
0.406,0.72,251088,0.763,0,0.0,9,0.18,-4.0680000000000005,0,76,0.0523,101.965,0.742,1
0.00286,0.812,225133,0.665,1,8.6e-05,6,0.616,-12.880999999999998,1,35,0.236,109.165,0.6759999999999999,3
0.0211,0.306,235707,0.494,0,0.0,9,0.0972,-7.747999999999997,1,58,0.0287,157.224,0.161,2
0.436,0.546,380120,0.904,0,0.00329,2,0.083,-7.0820000000000025,0,49,0.0534,125.193,0.327,4
0.14,0.6779999999999999,166400,0.877,0,4.81e-05,4,0.153,-3.334,1,34,0.0413,144.761,0.7490000000000001,4
0.625,0.4370000000000001,326960,0.6509999999999999,0,0.000404,0,0.142,-12.866,1,24,0.0575,125.924,0.536,6
0.68,0.44,184293,0.421,0,0.0,7,0.213,-10.679,1,31,0.0435,163.463,0.853,5
0.00014199999999999998,0.315,237347,0.8290000000000001,0,0.0007700000000000001,1,0.217,-4.117,1,53,0.0422,152.135,0.34,2
0.00916,0.595,206640,0.945,0,6.840000000000001e-05,2,0.205,-1.675,1,52,0.0284,103.759,0.619,3
0.0257,0.54,251540,0.623,0,1.57e-06,2,0.0912,-11.15,1,38,0.0602,98.182,0.4970000000000001,5
0.667,0.735,203093,0.7879999999999999,0,5.82e-06,7,0.0721,-4.375,0,6,0.16,168.99599999999995,0.453,0
0.0644,0.925,243227,0.7440000000000001,1,0.0,0,0.0888,-5.79,1,63,0.3670000000000001,93.02,0.6559999999999999,2
0.964,0.5820000000000001,191880,0.446,0,7.22e-06,6,0.13,-7.206,1,0,0.0429,82.684,0.785,8
0.98,0.278,95317,0.0434,0,0.919,0,0.121,-22.396,0,63,0.0383,133.85299999999998,0.0397,1
0.703,0.665,95900,0.308,1,0.0,0,0.0932,-16.309,1,0,0.677,94.728,0.411,7
0.131,0.517,215067,0.535,0,0.0,0,0.085,-12.027,1,64,0.0494,135.08700000000002,0.933,5
3.83e-05,0.369,231853,0.996,0,0.14,10,0.249,-1.531,0,55,0.0931,98.162,0.209,2
0.522,0.698,155600,0.377,0,0.0,8,0.111,-13.455,1,34,0.0364,106.485,0.92,6
0.475,0.581,151093,0.41,0,2.04e-05,1,0.0746,-12.617,0,56,0.0303,129.175,0.6970000000000001,6
0.872,0.447,329000,0.422,0,5.6e-06,1,0.102,-11.076,0,50,0.16699999999999998,165.695,0.77,1
0.105,0.905,240627,0.414,1,0.000366,8,0.0914,-8.112,0,59,0.0615,99.133,0.758,2
0.95,0.465,255884,0.795,0,0.227,10,0.868,-7.447,0,0,0.235,175.293,0.818,8
0.319,0.688,356827,0.654,0,0.0008529999999999999,7,0.056,-7.295,1,22,0.0346,79.666,0.7290000000000001,4
0.206,0.762,247178,0.703,1,0.0,10,0.0912,-7.951,0,62,0.306,151.329,0.519,0
0.589,0.645,233880,0.515,1,0.005220000000000001,9,0.0847,-11.274,0,60,0.136,144.09,0.52,1
0.0429,0.433,222907,0.831,0,2.92e-05,7,0.0419,-6.85,1,24,0.0532,105.459,0.619,5
0.95,0.45,202147,0.278,0,0.6459999999999999,1,0.185,-14.318,1,44,0.034,108.004,0.0421,1
0.8059999999999999,0.39,281947,0.255,0,1.14e-06,6,0.0887,-9.676,0,50,0.0299,122.056,0.179,1
0.0946,0.568,162707,0.618,0,0.0,4,0.602,-9.209,1,20,0.0375,122.583,0.871,6
0.84,0.525,236133,0.4,0,0.0137,9,0.113,-6.699,1,35,0.0349,92.51,0.294,3
0.624,0.66,244760,0.746,0,1.49e-06,11,0.946,-7.6960000000000015,0,45,0.04,123.747,0.797,4
