0.994,0.5529999999999999,134733,0.358,0,0.209,2,0.302,-12.343,1,13,0.0365,108.685,0.79,6
0.975,0.308,151067,0.165,0,0.000265,10,0.104,-12.705,1,10,0.0548,53.052,0.397,7
0.104,0.71,268493,0.602,0,0.142,3,0.103,-8.542,0,46,0.0309,112.198,0.639,3
7.9e-06,0.22,277027,0.954,0,0.573,6,0.129,-4.298,0,40,0.105,76.336,0.578,2
0.0276,0.794,212240,0.86,0,0.0,8,0.0824,-3.419,1,1,0.0841,90.001,0.74,0
0.5870000000000001,0.435,297093,0.555,0,0.0803,2,0.263,-10.732,1,25,0.069,107.946,0.185,7
0.424,0.6659999999999999,239747,0.6970000000000001,0,0.000531,2,0.154,-8.37,1,28,0.027000000000000003,117.538,0.818,5
0.995,0.66,174968,0.295,0,0.0,0,0.411,-11.338,0,1,0.0577,116.245,0.659,9
0.994,0.506,187173,0.0587,0,0.911,0,0.122,-21.317,1,0,0.0428,78.752,0.181,8
0.8190000000000001,0.457,168960,0.485,0,9.5e-05,9,0.206,-11.182,1,39,0.0416,166.668,0.825,6
0.97,0.5489999999999999,157858,0.359,0,0.942,6,0.108,-14.206,1,0,0.0736,124.061,0.35200000000000004,8
0.000795,0.5589999999999999,270760,0.85,0,4.63e-06,0,0.28800000000000003,-8.613999999999999,1,37,0.0341,131.457,0.355,3
0.649,0.5670000000000001,415133,0.6990000000000001,0,1.41e-06,7,0.313,-8.446,1,28,0.109,108.681,0.935,4
0.772,0.63,129227,0.753,0,0.000223,10,0.226,-6.5070000000000014,1,23,0.0305,141.216,0.904,6
0.938,0.267,138827,0.183,0,0.0292,4,0.321,-14.776,1,32,0.0291,78.507,0.31,6
0.117,0.755,257600,0.63,1,0.0,5,0.124,-5.909,0,50,0.0838,150.141,0.368,1
0.417,0.7759999999999999,164360,0.733,0,0.0,10,0.0585,-4.636,1,46,0.0541,97.022,0.8640000000000001,2
0.462,0.652,181907,0.332,0,7.120000000000001e-05,9,0.198,-16.829,1,23,0.035,123.885,0.482,5
0.995,0.129,200413,0.0869,0,0.851,5,0.301,-27.232,0,4,0.0436,61.027,0.185,8
6.72e-06,0.406,222049,0.952,0,0.0252,8,0.198,-2.987,1,51,0.0424,88.56299999999996,0.534,1
0.679,0.66,98493,0.7240000000000001,0,0.871,6,0.101,-15.861,0,0,0.0437,71.52600000000002,0.742,7
0.994,0.522,146820,0.187,0,0.00161,0,0.214,-9.776,1,0,0.375,72.71300000000002,0.711,8
0.979,0.446,155173,0.0304,0,0.0017,9,0.132,-21.825,1,6,0.0367,72.059,0.206,7
0.561,0.425,352333,0.378,0,0.8170000000000001,8,0.11,-17.422,1,12,0.034,88.075,0.613,6
0.585,0.6970000000000001,139960,0.405,0,0.0,8,0.455,-10.466,1,22,0.0398,115.046,0.902,6
0.764,0.599,148187,0.568,0,0.0,10,0.108,-7.081,1,24,0.0724,111.575,0.898,7
0.174,0.5529999999999999,150453,0.91,0,0.0109,11,0.25,-8.073,0,36,0.125,90.484,0.64,5
0.978,0.325,211333,0.14800000000000002,0,0.0275,3,0.2,-18.16,1,0,0.0797,68.98100000000001,0.185,7
0.4320000000000001,0.545,173466,0.5820000000000001,0,0.12,5,0.738,-12.656,1,40,0.0764,119.295,0.561,5
0.146,0.327,200173,0.84,0,0.00013000000000000002,0,0.14400000000000002,-6.068,0,35,0.107,94.723,0.655,6
0.0038,0.489,334267,0.893,0,0.0,11,0.0922,-6.388,1,32,0.0411,152.234,0.617,4
0.8320000000000001,0.5660000000000001,186433,0.597,0,0.0,8,0.252,-10.814,1,49,0.037000000000000005,151.361,0.873,1
0.0252,0.197,150133,0.992,0,0.00162,11,0.411,-3.595,1,37,0.193,196.245,0.706,3
0.486,0.688,207133,0.436,0,1.72e-06,0,0.104,-8.793,0,46,0.0269,89.98299999999998,0.521,2
0.194,0.6609999999999999,311093,0.653,0,1.84e-05,9,0.119,-7.717,0,46,0.0357,100.899,0.387,2
0.496,0.285,183507,0.469,0,1.0800000000000003e-05,10,0.353,-6.337999999999999,1,35,0.0307,203.42,0.7490000000000001,2
1.21e-05,0.421,205027,0.95,0,0.000214,10,0.314,-3.985,1,62,0.0768,80.91199999999998,0.5529999999999999,2
0.13699999999999998,0.591,459267,0.474,0,0.856,8,0.0436,-11.505,1,21,0.0667,103.007,0.972,5
0.6409999999999999,0.727,181427,0.5539999999999999,0,0.0,0,0.127,-7.316,1,25,0.0318,116.825,0.948,5
0.325,0.595,232661,0.281,0,0.0,0,0.14300000000000002,-9.4,1,57,0.0268,129.941,0.385,1
0.000273,0.21600000000000005,460160,0.952,0,0.00012,4,0.109,-7.481,1,45,0.338,192.612,0.453,4
0.7859999999999999,0.424,186549,0.262,0,7.77e-06,9,0.238,-13.866,1,22,0.0393,161.732,0.42,6
0.000184,0.326,220907,0.662,0,0.8420000000000001,1,0.168,-13.964,1,22,0.0617,180.382,0.555,4
0.857,0.563,214520,0.153,0,0.00193,11,0.085,-13.87,1,27,0.0272,92.487,0.335,6
0.534,0.475,159933,0.456,0,0.0,1,0.108,-11.504,1,22,0.0492,122.798,0.753,6
0.475,0.653,308733,0.76,0,0.000129,11,0.0917,-6.086,1,67,0.0479,98.008,0.6,1
0.977,0.342,198681,0.443,0,0.887,8,0.659,-14.457,1,0,0.0499,178.65900000000005,0.519,8
6.35e-06,0.282,297427,0.97,0,0.358,7,0.385,-4.086,1,47,0.18,200.005,0.0391,1
0.455,0.406,245893,0.674,0,0.0518,0,0.168,-6.48,1,30,0.0426,142.299,0.524,5
0.977,0.5539999999999999,184333,0.292,0,0.976,7,0.17600000000000002,-13.751,0,0,0.0599,70.547,0.8170000000000001,8
0.731,0.8059999999999999,160867,0.518,0,0.000553,10,0.194,-12.367,1,43,0.0722,80.778,0.978,7
0.000664,0.498,235533,0.939,0,5.76e-06,10,0.107,-4.154,0,44,0.121,136.834,0.7879999999999999,2
0.959,0.34700000000000003,117907,0.263,0,0.923,2,0.304,-17.574,1,20,0.0421,102.602,0.454,6
0.98,0.6990000000000001,192400,0.116,0,0.0,4,0.0968,-15.13,1,0,0.213,127.229,0.433,7
0.939,0.519,334067,0.127,0,0.488,5,0.101,-18.913,0,13,0.0515,167.642,0.61,7
0.339,0.452,171107,0.787,0,0.0,7,0.59,-4.154,1,45,0.189,207.105,0.865,1
0.75,0.7490000000000001,112500,0.252,0,0.0,1,0.303,-18.218,1,0,0.953,78.61399999999998,0.6459999999999999,10
0.918,0.5710000000000001,187013,0.155,0,0.0,9,0.126,-12.843,1,8,0.0871,80.847,0.377,8
0.903,0.0887,1211547,0.121,0,0.877,6,0.129,-19.988,0,0,0.0392,85.87100000000002,0.0297,7
0.0296,0.67,272627,0.6709999999999999,1,0.0,1,0.208,-7.934,1,35,0.206,84.162,0.688,3
0.85,0.602,180133,0.129,0,6.620000000000001e-05,5,0.136,-17.389,1,31,0.0289,97.235,0.359,5
0.95,0.439,515520,0.202,0,0.863,2,0.139,-14.229,0,0,0.0469,97.497,0.35600000000000004,9
0.189,0.49,138560,0.7240000000000001,0,3.01e-06,7,0.691,-8.109,1,39,0.0827,157.251,0.727,4
0.53,0.539,376747,0.479,0,6.16e-06,2,0.0769,-13.01,0,6,0.0454,143.463,0.606,6
0.0618,0.705,207040,0.872,0,0.0,11,0.227,-3.557,0,52,0.126,93.628,0.75,2
0.34,0.748,131287,0.62,1,0.0,1,0.15,-5.631,0,65,0.349,94.508,0.915,1
0.00295,0.284,470720,0.7979999999999999,0,0.397,11,0.725,-7.451,1,33,0.059,155.355,0.371,3
0.958,0.35700000000000004,297787,0.305,0,0.0369,4,0.151,-11.609000000000002,1,18,0.0292,114.695,0.278,5
0.0732,0.476,80880,0.251,0,0.0323,11,0.149,-17.617,0,41,0.0339,81.117,0.498,5
0.205,0.5760000000000001,185800,0.868,0,0.0163,9,0.0894,-5.9670000000000005,1,43,0.0467,143.725,0.88,4
0.7509999999999999,0.79,345920,0.205,0,0.116,8,0.107,-14.589,1,31,0.0903,96.151,0.669,7
0.0432,0.657,125333,0.716,0,0.0,9,0.113,-7.983,1,48,0.133,173.97099999999998,0.555,3
0.947,0.225,195953,0.252,0,0.00259,9,0.436,-10.734000000000002,0,0,0.0338,185.386,0.579,7
0.0811,0.448,216320,0.956,0,0.0,2,0.0859,-3.329,1,50,0.156,176.201,0.58,1
0.000348,0.237,138453,0.942,0,0.00362,7,0.316,-4.738,1,46,0.069,180.51,0.5920000000000001,4
0.87,0.635,203280,0.343,0,0.0625,5,0.113,-14.272,1,41,0.0304,126.511,0.669,5
0.0885,0.529,307461,0.713,1,0.8640000000000001,9,0.0628,-7.754,1,0,0.0436,139.877,0.394,7
0.0982,0.75,213667,0.6509999999999999,0,2.5e-05,2,0.038,-10.232,1,23,0.081,145.502,0.917,5
0.94,0.527,232027,0.242,0,0.0447,6,0.114,-13.546,1,56,0.0314,143.85399999999996,0.112,1
0.166,0.616,203160,0.989,0,0.0,9,0.172,-1.6980000000000002,0,73,0.0483,95.036,0.902,1
0.442,0.313,237107,0.7609999999999999,1,0.0,4,0.741,-8.509,0,52,0.266,162.606,0.591,1
0.226,0.703,177133,0.754,0,0.0,5,0.111,-6.892,1,28,0.0496,97.967,0.905,4
0.0405,0.738,164557,0.54,0,0.00199,9,0.329,-7.758999999999999,0,36,0.0446,110.028,0.937,5
0.948,0.636,197667,0.141,0,2.14e-05,2,0.119,-14.654000000000002,1,42,0.0308,111.697,0.32299999999999995,6
0.954,0.4970000000000001,164043,0.0385,0,0.0144,7,0.136,-24.189,1,45,0.0493,132.415,0.7,5
0.443,0.6859999999999999,208213,0.5760000000000001,0,1.7e-05,1,0.212,-6.6320000000000014,1,66,0.0284,83.971,0.72,2
0.9,0.284,166667,0.237,0,0.00143,2,0.0607,-10.794,1,12,0.0339,74.95100000000002,0.248,6
0.0774,0.486,198763,0.892,0,0.0,7,0.0532,-3.529,1,58,0.0606,72.984,0.361,1
0.75,0.763,176893,0.349,0,0.00108,10,0.16,-9.903,1,19,0.0376,111.708,0.653,7
0.5820000000000001,0.8440000000000001,140987,0.391,0,0.00019,10,0.107,-14.019,0,11,0.0927,102.342,0.826,7
0.955,0.515,186693,0.219,0,0.0,0,0.31,-15.755999999999998,1,0,0.108,85.385,0.664,10
0.145,0.722,245413,0.764,1,0.0,10,0.171,-5.6560000000000015,0,71,0.398,139.83100000000002,0.7959999999999999,1
0.0345,0.7070000000000001,159000,0.6970000000000001,0,0.219,7,0.472,-8.514,1,32,0.0493,132.02200000000002,0.762,3
0.00028700000000000004,0.26,339693,0.964,0,0.0595,9,0.272,-4.6389999999999985,0,50,0.134,175.207,0.198,3
0.995,0.604,203564,0.155,0,0.00213,9,0.166,-7.8679999999999986,1,0,0.365,92.624,0.883,8
0.173,0.541,279640,0.8079999999999999,0,0.00944,7,0.0619,-12.488,1,35,0.0434,110.757,0.802,3
0.965,0.551,510267,0.263,0,0.884,5,0.114,-15.192,0,12,0.0482,88.055,0.611,7
0.402,0.5429999999999999,279440,0.944,0,0.0005639999999999999,6,0.0373,-7.495,1,72,0.0543,101.174,0.735,4
0.7979999999999999,0.454,174333,0.265,0,0.0,10,0.202,-14.6,1,14,0.0324,115.312,0.551,6
0.7959999999999999,0.528,156347,0.125,0,0.0,0,0.378,-16.098,1,35,0.0324,92.912,0.476,4
0.409,0.547,147000,0.354,0,0.946,5,0.0838,-12.303,1,31,0.0259,110.931,0.57,5
0.00901,0.617,222240,0.8959999999999999,1,0.0,6,0.635,-5.2620000000000005,0,52,0.0653,125.057,0.6,1
0.127,0.682,172757,0.741,1,0.0,1,0.239,-4.489,1,68,0.249,164.043,0.619,0
0.0782,0.423,288600,0.56,1,0.0,2,0.14400000000000002,-13.984000000000002,1,35,0.442,77.023,0.665,3
0.0114,0.557,234053,0.8140000000000001,0,7.97e-05,10,0.345,-4.4689999999999985,0,58,0.0872,127.969,0.616,1
0.908,0.546,115933,0.183,0,0.977,0,0.13699999999999998,-16.22,1,19,0.0293,107.749,0.29100000000000004,6
0.0154,0.725,197600,0.7959999999999999,0,0.0,1,0.354,-3.684,1,56,0.0326,101.976,0.517,1
0.8059999999999999,0.647,344493,0.27,0,1.92e-05,9,0.104,-13.302,1,0,0.044,124.238,0.695,7
0.0415,0.7809999999999999,149949,0.597,1,0.0,10,0.152,-6.794,0,65,0.23,158.043,0.544,1
0.0457,0.501,299027,0.718,0,0.00028700000000000004,0,0.7559999999999999,-7.347,1,34,0.0379,121.419,0.815,4
0.973,0.647,183667,0.11,0,0.165,1,0.121,-11.469,1,28,0.0559,131.722,0.531,7
0.992,0.395,212253,0.136,0,0.931,8,0.175,-21.932,1,0,0.0371,78.24,0.257,9
0.0399,0.6629999999999999,264333,0.565,1,0.0,10,0.0967,-6.604,0,48,0.276,86.65700000000002,0.269,3
0.715,0.488,228493,0.8,0,0.687,10,0.0745,-8.851,1,12,0.139,139.531,0.277,9
0.00805,0.487,195333,0.8809999999999999,0,0.0,0,0.117,-5.704,1,38,0.109,178.107,0.642,2
0.0304,0.7020000000000001,269107,0.5579999999999999,0,0.0,7,0.0528,-11.952,1,55,0.0288,114.932,0.903,4
0.0152,0.5870000000000001,310720,0.698,1,0.0,1,0.442,-8.948,1,64,0.0943,133.954,0.0985,1
0.985,0.204,254240,0.042,0,0.004220000000000001,3,0.118,-23.111,1,1,0.0464,93.194,0.0383,8
0.122,0.462,292105,0.76,0,1.25e-06,5,0.193,-8.728,0,30,0.0415,153.542,0.7929999999999999,5
0.852,0.341,207640,0.173,0,4.09e-05,4,0.125,-17.755,1,30,0.0326,97.258,0.322,5
5.99e-05,0.5479999999999999,369667,0.928,0,0.0862,5,0.2,-6.0420000000000025,1,40,0.052000000000000005,125.031,0.4370000000000001,2
0.0142,0.7040000000000001,165773,0.713,0,0.0,7,0.238,-3.411,1,64,0.0719,99.301,0.5920000000000001,1
0.0498,0.838,292910,0.43,1,1.59e-05,1,0.0977,-5.8679999999999986,1,57,0.281,126.981,0.126,1
0.0624,0.65,176867,0.562,0,3.21e-05,7,0.076,-5.965,1,54,0.0345,123.674,0.882,6
0.948,0.132,890933,0.0598,0,0.199,5,0.185,-23.262,1,0,0.0499,81.715,0.0389,7
0.459,0.605,240093,0.322,0,2.82e-05,0,0.13699999999999998,-13.261,1,37,0.025,97.691,0.597,5
0.449,0.509,179160,0.257,0,0.0,2,0.166,-15.014,1,6,0.0373,148.662,0.856,7
0.328,0.491,260486,0.6809999999999999,0,0.0,6,0.109,-5.0710000000000015,0,1,0.0421,199.747,0.728,0
0.5379999999999999,0.555,167987,0.626,0,5.89e-06,0,0.259,-10.343,1,19,0.0354,128.789,0.5770000000000001,6
0.653,0.652,261360,0.726,0,0.0,5,0.71,-5.339,0,41,0.0758,115.017,0.394,2
0.6629999999999999,0.632,189920,0.172,0,0.00377,0,0.158,-17.755,1,24,0.0325,97.945,0.413,5
0.978,0.337,175880,0.125,0,2.2e-05,4,0.0825,-12.35,1,0,0.0347,75.468,0.119,8
0.742,0.463,256667,0.255,0,0.0,9,0.6940000000000001,-17.611,1,47,0.0345,133.194,0.224,3
0.0177,0.226,165040,0.401,0,1.65e-05,2,0.443,-10.704,0,34,0.0422,139.605,0.401,5
0.87,0.636,156600,0.28,0,8.08e-05,0,0.11,-13.707,1,23,0.0848,119.531,0.301,6
0.975,0.0726,465413,0.017,0,0.51,2,0.0597,-23.964,1,0,0.0458,77.256,0.0629,8
0.16699999999999998,0.392,207400,0.7929999999999999,0,0.0,7,0.125,-7.8,1,36,0.0632,134.126,0.645,2
0.000111,0.451,215400,0.967,0,4.91e-05,2,0.264,-4.59,1,39,0.0819,141.665,0.752,4
0.14800000000000002,0.7659999999999999,267493,0.763,1,0.0,11,0.48,-4.882,0,51,0.209,140.546,0.64,1
0.894,0.47,197000,0.299,0,7.27e-06,7,0.174,-12.181,1,33,0.034,35.183,0.31,3
0.94,0.6990000000000001,195373,0.197,0,0.00031600000000000004,5,0.136,-14.736,1,2,0.0565,108.656,0.615,9
0.851,0.703,161173,0.609,0,0.000515,3,0.525,-13.788,1,43,0.275,130.957,0.846,2
0.0801,0.232,92480,0.866,0,0.0962,3,0.235,-1.38,1,52,0.0503,179.551,0.722,5
0.407,0.664,236267,0.407,0,0.227,5,0.273,-14.789,1,13,0.0233,96.989,0.629,6
0.0476,0.627,241613,0.623,0,1.09e-06,0,0.149,-6.613,1,50,0.0267,147.983,0.454,1
0.995,0.41,271973,0.132,0,0.907,8,0.104,-21.687,0,0,0.034,130.762,0.188,8
0.98,0.438,230693,0.0942,0,0.000109,5,0.0765,-12.085,0,1,0.0303,71.99600000000002,0.112,9
0.985,0.184,246733,0.071,0,0.00926,4,0.5429999999999999,-25.745,1,0,0.0387,94.282,0.113,8
0.0297,0.8190000000000001,265933,0.774,0,0.0006259999999999999,4,0.0896,-2.53,0,61,0.101,95.004,0.947,2
0.237,0.67,218293,0.743,0,0.0,10,0.465,-4.993,1,74,0.0393,125.944,0.5710000000000001,1
0.994,0.332,188928,0.234,0,0.0014,9,0.613,-14.902,1,0,0.0428,79.135,0.389,7
0.568,0.496,409779,0.28800000000000003,0,0.000621,10,0.251,-14.409,1,29,0.0443,118.858,0.16899999999999998,5
0.284,0.616,200223,0.243,0,0.149,9,0.264,-13.975,1,60,0.103,183.948,0.56,1
0.855,0.75,172533,0.307,0,0.000974,7,0.104,-13.533,1,0,0.383,97.685,0.963,8
0.0436,0.884,211987,0.51,0,0.000333,9,0.0615,-4.6789999999999985,0,51,0.0392,91.453,0.855,2
0.412,0.637,212787,0.856,0,0.0535,5,0.117,-6.3610000000000015,1,44,0.0589,96.893,0.9,2
0.852,0.368,333173,0.204,0,0.252,5,0.107,-18.158,0,7,0.0352,77.999,0.336,6
0.608,0.585,180960,0.213,0,8.89e-06,11,0.106,-13.667,1,43,0.0442,142.627,0.321,2
0.171,0.605,241160,0.56,0,1.14e-06,8,0.14,-7.358,0,66,0.038,130.011,0.332,1
0.221,0.329,309093,0.682,0,0.0,0,0.19,-6.374,1,66,0.0526,148.029,0.162,1
0.846,0.515,139933,0.362,0,3.66e-05,1,0.268,-10.843,1,32,0.0324,161.334,0.89,7
0.701,0.29600000000000004,146933,0.287,0,0.00121,0,0.153,-13.01,1,42,0.0345,205.4,0.716,6
0.953,0.348,163093,0.24,0,0.0848,10,0.0999,-14.448,1,0,0.0415,120.768,0.233,7
0.25,0.7659999999999999,269373,0.5329999999999999,0,0.0757,10,0.0853,-10.57,1,20,0.0282,105.779,0.584,4
0.994,0.857,169707,0.201,0,0.317,4,0.161,-11.841,1,0,0.255,116.199,0.928,10
0.16,0.737,240280,0.7090000000000001,0,1.02e-06,9,0.12,-8.766,0,46,0.0382,117.623,0.961,4
0.0322,0.703,285373,0.826,0,0.00629,10,0.179,-7.1789999999999985,0,77,0.0341,103.564,0.945,5
0.967,0.452,93910,0.39,0,0.218,10,0.596,-11.448,1,0,0.0413,99.72,0.831,7
0.0189,0.6659999999999999,221402,0.78,0,1.01e-06,2,0.0635,-5.847,1,57,0.048,154.056,0.923,1
0.907,0.124,192733,0.278,0,0.8270000000000001,4,0.478,-13.441,0,22,0.033,75.149,0.268,6
0.0106,0.622,220293,0.6659999999999999,0,0.0013800000000000002,5,0.446,-7.244,1,36,0.0255,113.858,0.789,3
0.996,0.379,183227,0.53,0,0.922,9,0.386,-12.4,1,0,0.0658,82.09200000000001,0.647,10
0.94,0.289,151773,0.18600000000000005,0,3.7e-05,7,0.13,-14.062,1,23,0.045,167.41099999999997,0.284,7
0.963,0.591,202130,0.55,0,1.42e-06,7,0.0749,-8.9,0,0,0.0606,83.94200000000002,0.894,7
0.419,0.622,166293,0.575,0,0.0,7,0.0659,-14.086,1,35,0.0389,128.51,0.911,5
0.0852,0.637,294333,0.463,0,0.000132,2,0.0483,-13.122,1,49,0.0337,127.084,0.451,3
0.893,0.397,146587,0.114,0,2.23e-05,9,0.132,-15.778,1,30,0.0353,129.707,0.247,5
0.5479999999999999,0.237,219187,0.482,0,0.0,2,0.107,-10.339,1,38,0.0369,177.817,0.589,6
0.789,0.453,202057,0.302,0,0.501,8,0.128,-12.893,1,0,0.0331,95.338,0.111,7
0.0317,0.902,300000,0.389,0,0.000227,6,0.18,-14.693,1,34,0.0318,113.548,0.961,4
0.573,0.523,238333,0.378,0,0.0,10,0.109,-12.181,1,50,0.0302,143.049,0.333,3
0.0318,0.556,163892,0.583,0,2.78e-06,11,0.0367,-11.042,0,2,0.329,144.855,0.8959999999999999,9
0.396,0.258,251267,0.368,0,3.76e-06,1,0.119,-10.353,1,52,0.0466,76.843,0.161,3
0.106,0.7509999999999999,268200,0.6809999999999999,1,0.000108,9,0.374,-6.105,0,52,0.109,92.871,0.0648,2
0.0061600000000000005,0.308,341307,0.988,1,0.00125,2,0.98,-6.647,1,50,0.272,166.015,0.204,3
0.994,0.684,131120,0.22,0,0.0297,1,0.128,-18.729,0,0,0.189,133.784,0.618,10
0.916,0.5870000000000001,185413,0.608,0,0.00111,6,0.0865,-13.692,1,0,0.0321,107.884,0.828,8
0.994,0.335,272813,0.0223,0,0.917,6,0.0912,-25.67,1,0,0.0359,133.709,0.0374,8
0.232,0.815,271000,0.377,0,0.0,4,0.1,-7.754,1,55,0.0346,103.97,0.211,1
0.49,0.45,218133,0.501,0,2.51e-05,4,0.552,-12.611,1,58,0.0712,84.84100000000002,0.327,3
0.007240000000000002,0.353,261093,0.882,0,0.00529,9,0.261,-7.6629999999999985,1,21,0.0788,93.819,0.52,4
0.923,0.358,193227,0.201,0,0.0,10,0.22,-12.087,1,0,0.0328,77.829,0.461,8
0.991,0.417,480920,0.1,0,0.879,9,0.118,-23.659,1,14,0.0601,99.878,0.35,7
0.989,0.35600000000000004,157195,0.0402,0,0.92,0,0.118,-25.461,1,67,0.0435,69.595,0.299,1
0.96,0.206,223200,0.17600000000000002,0,0.0051600000000000005,0,0.695,-14.618,0,2,0.0397,173.497,0.0398,7
0.647,0.561,146533,0.575,0,0.000255,2,0.11,-7.751,1,33,0.0251,95.176,0.368,5
0.188,0.758,236227,0.7659999999999999,0,3.09e-05,7,0.218,-7.684,1,44,0.206,100.667,0.8490000000000001,2
0.897,0.579,140507,0.35700000000000004,0,7.56e-05,7,0.4970000000000001,-12.298,0,12,0.0495,108.414,0.591,6
0.8240000000000001,0.32299999999999995,327773,0.327,0,0.0,2,0.101,-7.494,1,60,0.0411,81.329,0.335,1
0.983,0.514,184018,0.436,0,0.0008730000000000001,7,0.173,-7.508999999999999,1,0,0.0586,124.921,0.87,7
0.5329999999999999,0.611,292800,0.591,0,0.0751,3,0.13,-8.187000000000001,1,27,0.0439,107.19,0.868,6
0.735,0.5489999999999999,253800,0.278,0,8.55e-05,0,0.113,-18.745,1,39,0.069,98.833,0.498,3
0.00704,0.5379999999999999,169027,0.889,0,0.0,7,0.312,-3.5860000000000003,1,59,0.0596,133.04399999999998,0.696,2
0.207,0.6990000000000001,253907,0.4920000000000001,0,0.0,5,0.0499,-9.019,0,48,0.312,170.048,0.821,2
0.478,0.544,274051,0.531,0,0.0,1,0.0971,-5.06,0,56,0.0306,141.923,0.198,1
0.988,0.397,405213,0.188,0,0.848,1,0.123,-14.556,1,18,0.0323,102.783,0.274,6
0.0334,0.601,168067,0.7829999999999999,0,0.779,11,0.103,-9.314,0,32,0.0348,96.941,0.917,5
0.0981,0.773,237187,0.594,0,9.45e-05,1,0.0727,-7.475,0,47,0.0303,124.135,0.897,2
0.153,0.637,221000,0.383,0,0.00762,2,0.168,-12.741,1,28,0.0724,152.454,0.7190000000000001,4
0.0134,0.741,292600,0.316,0,0.0008560000000000001,11,0.0862,-17.627,0,26,0.0757,116.784,0.962,4
0.7490000000000001,0.35600000000000004,119907,0.523,0,0.000133,11,0.334,-8.019,1,8,0.0308,124.894,0.589,6
0.35700000000000004,0.451,168680,0.537,0,1.26e-06,7,0.438,-5.402,1,40,0.0254,95.18,0.5539999999999999,4
0.585,0.5489999999999999,202800,0.239,0,4.02e-06,7,0.359,-18.108,1,23,0.0398,77.887,0.308,5
0.904,0.579,257093,0.332,0,0.898,5,0.243,-16.673,0,28,0.035,81.795,0.774,6
0.6779999999999999,0.394,368227,0.6629999999999999,0,0.00156,4,0.212,-11.117,1,61,0.0601,133.464,0.21,2
0.16899999999999998,0.499,182627,0.8270000000000001,0,1.94e-06,2,0.0571,-7.545,1,25,0.0375,175.945,0.669,5
0.000135,0.378,324413,0.934,0,3.91e-05,7,0.157,-5.979,1,39,0.0646,150.815,0.387,3
0.133,0.737,308733,0.6759999999999999,1,0.0,1,0.385,-4.771,1,46,0.399,92.901,0.388,3
0.00615,0.632,307200,0.618,1,0.0,2,0.0482,-8.466000000000001,1,36,0.386,74.264,0.639,3
0.433,0.5760000000000001,252707,0.302,0,3.3e-05,2,0.133,-11.845,1,45,0.033,70.932,0.145,2
0.035,0.741,180507,0.613,0,0.0,4,0.197,-15.061,1,22,0.0297,133.626,0.967,4
0.6609999999999999,0.6729999999999999,268467,0.503,0,0.0,2,0.284,-8.416,1,46,0.0405,134.02700000000002,0.318,3
0.156,0.746,204800,0.645,0,0.004220000000000001,6,0.223,-6.153,0,23,0.0447,102.601,0.7879999999999999,5
0.985,0.605,190732,0.325,0,0.00393,2,0.123,-9.111,1,0,0.173,140.768,0.441,9
0.238,0.292,260507,0.484,0,0.00439,4,0.105,-15.279000000000002,1,51,0.0523,173.831,0.589,3
0.915,0.22,179533,0.171,0,1.74e-06,10,0.117,-13.349,1,13,0.0307,78.343,0.201,6
0.552,0.544,259000,0.392,0,1.02e-06,9,0.113,-14.305,1,37,0.0299,87.887,0.402,3
0.5379999999999999,0.909,184982,0.713,0,1.24e-05,9,0.118,-8.471,0,35,0.0895,104.112,0.963,3
0.00464,0.443,335933,0.415,0,0.00123,9,0.125,-8.808,1,44,0.0294,122.522,0.239,3
0.00579,0.578,210653,0.894,0,0.0,1,0.282,-3.56,1,45,0.0586,126.026,0.454,1
0.812,0.469,161773,0.141,0,5.5e-05,8,0.0798,-12.78,1,17,0.0367,133.225,0.302,6
0.401,0.542,161053,0.6990000000000001,1,0.0,8,0.105,-6.029,1,52,0.306,76.391,0.687,2
0.674,0.488,134760,0.392,0,0.0,11,0.0735,-11.202,0,22,0.0337,125.318,0.621,6
0.404,0.6659999999999999,161107,0.408,0,0.00251,1,0.0316,-7.463999999999999,1,62,0.0393,92.01,0.474,1
0.106,0.399,280683,0.942,0,5.7399999999999986e-05,4,0.986,-9.099,1,26,0.123,136.347,0.423,3
0.986,0.51,134293,0.119,0,0.0,9,0.653,-14.421,0,0,0.154,73.681,0.386,7
0.916,0.506,103373,0.231,0,0.0,3,0.529,-10.446,1,9,0.0519,139.376,0.545,8
0.867,0.446,176173,0.35200000000000004,0,0.00986,7,0.345,-11.755999999999998,1,10,0.0307,162.136,0.821,7
0.000359,0.355,152600,0.973,1,0.154,4,0.142,-7.004,0,50,0.071,187.385,0.628,3
0.995,0.293,109373,0.0643,0,0.8809999999999999,5,0.115,-27.993,0,0,0.0358,59.594,0.0967,8
0.67,0.915,155040,0.434,0,6.46e-06,10,0.106,-10.711,0,8,0.0438,106.171,0.8420000000000001,6
0.87,0.129,40893,0.0271,0,0.0308,4,0.383,-32.022,0,0,0.0344,97.683,0.0371,8
0.188,0.6629999999999999,225240,0.8009999999999999,1,0.0,0,0.166,-4.086,1,70,0.246,177.843,0.6779999999999999,1
0.0163,0.7290000000000001,236107,0.655,0,8.28e-05,9,0.107,-13.744000000000002,1,37,0.0316,126.643,0.8079999999999999,4
0.458,0.758,246213,0.6759999999999999,0,0.0,5,0.0954,-6.598,1,65,0.0792,124.998,0.7120000000000001,2
0.0045,0.8540000000000001,394773,0.768,0,5.550000000000003e-05,7,0.512,-6.027,1,28,0.265,101.879,0.594,4
0.145,0.768,185973,0.753,0,0.00368,0,0.0907,-5.905,1,49,0.12,94.977,0.7290000000000001,2
0.789,0.318,193733,0.406,0,0.0,5,0.59,-7.866,1,19,0.0313,90.99,0.524,6
0.104,0.482,268267,0.65,0,0.0,1,0.125,-5.309,1,54,0.03,89.31299999999996,0.265,2
0.994,0.5760000000000001,187459,0.297,0,0.8959999999999999,9,0.206,-18.286,1,0,0.319,118.365,0.769,9
0.918,0.448,247013,0.207,0,0.0,0,0.0786,-17.395,1,22,0.0395,132.18,0.253,5
0.901,0.728,194067,0.5,0,0.00175,0,0.0739,-9.986,1,0,0.35100000000000003,137.82299999999998,0.867,10
0.604,0.369,330360,0.452,0,0.00106,4,0.127,-4.214,1,51,0.033,148.695,0.386,5
0.0243,0.775,97900,0.126,1,0.0,7,0.277,-20.032,1,0,0.939,62.658,0.7559999999999999,9
0.984,0.336,399840,0.245,0,4.760000000000001e-05,1,0.0915,-14.765,1,0,0.0547,87.415,0.138,7
0.52,0.523,182989,0.5870000000000001,0,0.0,11,0.0702,-8.82,1,32,0.0421,129.762,0.66,6
0.0316,0.807,225667,0.477,0,0.00103,9,0.0467,-11.496,0,47,0.0489,117.687,0.968,4
0.94,0.193,741227,0.0501,0,0.872,7,0.333,-16.869,1,0,0.0401,104.537,0.0509,9
0.0387,0.418,193560,0.738,0,1.27e-06,2,0.102,-4.4830000000000005,1,41,0.0708,202.795,0.5660000000000001,3
0.992,0.318,412080,0.163,0,0.7509999999999999,9,0.108,-17.497,0,0,0.0469,74.268,0.485,7
0.302,0.484,440960,0.915,0,0.00184,1,0.585,-7.582000000000002,1,29,0.166,91.049,0.861,5
0.00836,0.818,222640,0.705,0,0.00233,6,0.613,-6.6789999999999985,1,81,0.177,138.559,0.772,2
0.127,0.617,247413,0.879,0,5.710000000000001e-05,0,0.339,-7.564,0,60,0.0455,114.453,0.746,3
0.927,0.6709999999999999,1785339,0.16,0,0.0,11,0.106,-15.042,1,0,0.847,97.639,0.63,7
0.537,0.359,246160,0.28300000000000003,0,0.0,10,0.102,-14.438,1,29,0.0339,132.726,0.317,4
0.0406,0.7070000000000001,157867,0.6509999999999999,1,5.95e-06,4,0.449,-3.156,0,67,0.0669,137.017,0.562,0
0.000166,0.397,426867,0.654,0,0.6659999999999999,9,0.0558,-8.622,1,33,0.0657,168.859,0.759,5
0.452,0.453,188012,0.493,0,2.43e-05,3,0.168,-7.755,1,45,0.0797,179.442,0.8140000000000001,3
0.397,0.703,159693,0.649,0,0.0,8,0.209,-7.727,0,51,0.0312,122.719,0.862,7
0.857,0.715,130093,0.229,0,3.85e-05,9,0.175,-12.688,1,45,0.0539,116.655,0.9,4
0.602,0.85,134227,0.16,0,0.0,9,0.181,-19.559,0,28,0.173,97.13,0.7609999999999999,6
0.728,0.652,379760,0.429,0,0.0538,10,0.151,-9.315,0,12,0.055,114.886,0.4270000000000001,6
0.8540000000000001,0.28600000000000003,183333,0.429,0,0.0,2,0.119,-10.355,1,29,0.037000000000000005,121.001,0.194,7
0.16699999999999998,0.622,260067,0.156,0,0.0034200000000000003,10,0.194,-18.629,0,41,0.0422,63.035,0.0869,4
0.105,0.338,326093,0.638,0,0.0,2,0.102,-7.989,1,51,0.0332,133.99,0.113,3
0.809,0.66,142107,0.519,0,0.287,7,0.8029999999999999,-11.254,1,9,0.0333,124.631,0.926,7
0.00281,0.446,204520,0.915,0,3.87e-05,9,0.218,-6.221,1,64,0.141,190.013,0.398,1
0.925,0.332,232200,0.224,0,0.0,1,0.259,-13.138,1,14,0.0424,82.55799999999998,0.23,7
0.0538,0.501,237933,0.7170000000000001,1,0.0,4,0.121,-6.811,0,44,0.0334,127.194,0.253,3
0.5710000000000001,0.317,239133,0.423,0,0.0,4,0.368,-5.2189999999999985,0,49,0.0276,174.704,0.488,3
0.000311,0.313,289027,0.97,0,0.174,10,0.195,-4.021,1,36,0.16399999999999998,154.281,0.246,4
0.026,0.789,223405,0.555,1,0.000135,0,0.215,-5.9,1,47,0.041,93.229,0.713,1
0.0968,0.417,133973,0.433,0,0.0,7,0.0788,-9.432,1,19,0.0342,122.102,0.529,6
0.305,0.241,204507,0.638,0,0.0,2,0.192,-6.626,0,24,0.0668,148.755,0.5579999999999999,5
0.631,0.629,349387,0.593,0,0.0413,2,0.0815,-9.287,1,20,0.0375,111.3,0.631,5
0.35600000000000004,0.726,359440,0.28,0,0.0,10,0.282,-16.643,0,20,0.95,95.826,0.608,9
0.82,0.507,167996,0.5660000000000001,0,8.329999999999999e-05,4,0.785,-10.309,0,0,0.142,96.099,0.88,8
0.901,0.378,137707,0.225,0,0.000525,7,0.112,-15.005,1,26,0.0326,81.73100000000002,0.281,6
0.161,0.745,112093,0.72,0,2.06e-06,4,0.221,-6.176,1,11,0.146,98.554,0.807,7
0.337,0.7170000000000001,411933,0.495,0,0.404,6,0.307,-16.715,0,32,0.0582,120.262,0.733,4
0.077,0.667,229400,0.58,0,0.0,0,0.15,-7.218,0,37,0.0289,144.504,0.505,4
0.8340000000000001,0.67,450160,0.365,0,0.266,0,0.071,-10.813,1,1,0.0519,131.142,0.5529999999999999,7
0.6679999999999999,0.607,220547,0.407,0,0.0,8,0.0741,-9.557,1,43,0.0928,92.163,0.5579999999999999,2
0.8009999999999999,0.441,393853,0.477,0,0.0128,5,0.138,-12.809,0,16,0.039,137.378,0.461,6
0.985,0.207,172933,0.226,0,0.816,8,0.219,-14.518,1,9,0.0331,73.891,0.22,9
0.8,0.6709999999999999,123891,0.277,0,0.000325,6,0.0657,-11.185,0,72,0.0549,124.008,0.173,1
0.0032600000000000003,0.428,229000,0.7909999999999999,0,0.000471,9,0.961,-8.725,1,35,0.0419,121.703,0.669,3
0.0377,0.6629999999999999,174916,0.508,0,1.85e-05,9,0.14800000000000002,-7.53,1,39,0.0263,103.809,0.75,3
0.99,0.517,241893,0.21600000000000005,0,0.914,0,0.103,-13.913,1,13,0.0414,117.655,0.113,7
0.104,0.64,472973,0.8859999999999999,0,4.88e-06,8,0.307,-4.9510000000000005,1,43,0.0632,82.417,0.7140000000000001,4
0.00635,0.403,310427,0.913,0,0.0422,2,0.16399999999999998,-6.441,0,33,0.07200000000000001,159.5,0.498,4
0.000183,0.442,228280,0.939,0,0.00589,8,0.0857,-4.18,1,62,0.0941,140.02100000000002,0.27,1
0.0305,0.7709999999999999,355973,0.8290000000000001,0,0.116,0,0.264,-9.621,1,23,0.0488,113.134,0.8109999999999999,4
0.988,0.29,177878,0.0862,0,0.5579999999999999,4,0.08800000000000001,-22.686,1,38,0.0613,204.443,0.5589999999999999,4
0.809,0.251,156667,0.364,0,0.0,5,0.362,-10.011,1,25,0.0323,79.83800000000002,0.423,6
0.0961,0.471,170573,0.609,0,0.0008039999999999999,2,0.227,-8.937000000000003,1,22,0.0288,130.674,0.79,6
0.000298,0.478,232187,0.648,0,0.0,1,0.125,-6.265,1,43,0.0293,136.048,0.293,1
0.575,0.541,296507,0.534,0,0.374,5,0.0724,-9.481,0,8,0.0378,117.137,0.848,7
0.568,0.34600000000000003,129493,0.388,0,0.0,9,0.0947,-13.291,1,25,0.037000000000000005,203.598,0.7120000000000001,4
0.0267,0.614,298533,0.901,1,1.94e-06,0,0.261,-4.9060000000000015,1,47,0.0666,94.865,0.636,2
0.0108,0.511,196027,0.622,0,4.51e-06,2,0.127,-5.727,1,62,0.0242,99.934,0.425,1
0.0201,0.594,194573,0.903,0,0.00136,6,0.308,-9.227,0,44,0.04,98.66,0.5820000000000001,3
0.596,0.647,265519,0.47,0,0.000272,7,0.16699999999999998,-12.12,0,41,0.0364,153.41299999999995,0.962,5
0.924,0.638,191227,0.287,0,0.00131,0,0.0976,-13.061,1,21,0.0385,89.978,0.519,5
0.936,0.0854,185160,0.0191,0,0.365,9,0.192,-29.448,1,33,0.0386,168.94299999999996,0.0586,3
0.759,0.6859999999999999,271740,0.201,0,0.0,9,0.161,-20.19,1,0,0.956,139.666,0.551,9
0.59,0.733,144867,0.399,0,0.0254,10,0.0766,-12.086,0,48,0.094,173.78099999999995,0.9,7
0.965,0.278,177067,0.251,0,2.32e-06,5,0.111,-11.139,1,1,0.0371,69.90100000000001,0.205,10
0.000399,0.455,259467,0.918,0,0.0134,6,0.32299999999999995,-5.724,1,53,0.0352,99.078,0.56,3
0.8190000000000001,0.539,184880,0.878,0,0.0,2,0.106,-2.708,1,43,0.16,135.891,0.813,2
0.8320000000000001,0.594,262360,0.37,1,0.0,11,0.108,-11.674,0,69,0.404,135.391,0.309,1
0.21600000000000005,0.7,131173,0.81,0,1.09e-05,0,0.0948,-6.089,0,23,0.0266,103.415,0.895,6
0.852,0.179,162120,0.16699999999999998,0,0.748,1,0.106,-23.408,1,48,0.0394,124.266,0.0399,1
0.0495,0.773,285000,0.5770000000000001,0,0.0154,9,0.0543,-11.936,1,40,0.0419,127.977,0.941,4
0.898,0.366,124600,0.225,0,0.0,10,0.0993,-12.68,1,17,0.0383,134.817,0.391,6
0.0413,0.6579999999999999,220507,0.35600000000000004,0,4.01e-05,5,0.384,-13.088,1,30,0.0259,99.324,0.34,3
0.368,0.578,196707,0.471,0,0.0,4,0.159,-7.27,1,51,0.0289,133.061,0.532,2
0.00546,0.672,224440,0.755,0,0.000103,9,0.107,-6.691,1,42,0.0304,117.92,0.561,2
0.726,0.5579999999999999,153866,0.132,0,1.4800000000000002e-05,10,0.0711,-17.977,1,21,0.0628,125.423,0.711,6
0.995,0.6890000000000001,209746,0.211,0,0.593,3,0.14300000000000002,-10.885,0,0,0.453,64.10300000000001,0.7809999999999999,8
0.994,0.327,156440,0.295,0,0.8759999999999999,9,0.18,-18.589,0,0,0.0397,146.422,0.464,8
0.378,0.804,173995,0.607,0,0.6940000000000001,8,0.111,-17.644000000000005,1,0,0.166,109.492,0.932,7
0.00468,0.499,134200,0.873,0,0.0,6,0.165,-3.902,1,67,0.0386,142.726,0.8640000000000001,3
0.0484,0.412,333893,0.902,0,0.131,9,0.405,-11.6,1,76,0.405,89.74,0.422,6
0.46,0.591,230040,0.659,0,0.0,11,0.324,-5.464,1,2,0.0332,145.997,0.622,0
0.479,0.376,218973,0.366,0,0.0,5,0.119,-11.698,1,47,0.0385,139.534,0.187,1
0.305,0.5539999999999999,221240,0.472,0,0.000492,0,0.119,-8.215,1,37,0.285,141.283,0.4970000000000001,2
0.0307,0.679,150800,0.7829999999999999,0,0.0,2,0.027000000000000003,-6.8320000000000025,1,36,0.0343,130.507,0.901,4
0.156,0.591,235044,0.544,0,0.0,0,0.0567,-11.442,1,42,0.0311,136.048,0.433,4
0.878,0.294,242613,0.284,0,0.0561,4,0.0753,-24.113000000000003,0,33,0.15,68.233,0.37,5
0.892,0.494,152013,0.0762,0,0.0,2,0.0815,-17.15,1,0,0.0457,83.411,0.128,7
0.115,0.7,193467,0.92,0,2.93e-06,10,0.701,-1.5319999999999998,0,69,0.0536,108.006,0.685,0
0.00698,0.581,234013,0.5660000000000001,0,2.93e-06,5,0.0968,-8.169,0,56,0.0357,83.904,0.449,2
0.984,0.281,488600,0.123,0,0.000101,8,0.612,-14.186,1,0,0.0488,80.733,0.0758,7
0.00486,0.758,320840,0.638,0,0.0141,8,0.0938,-13.01,0,59,0.0378,136.502,0.984,4
0.7140000000000001,0.674,110560,0.6,0,6.68e-05,7,0.214,-10.097,1,45,0.0331,127.437,0.579,1
0.0105,0.647,187507,0.8140000000000001,0,0.00361,11,0.366,-9.377,1,48,0.0429,117.979,0.784,2
0.146,0.165,202000,0.598,0,0.974,0,0.33,-22.27,0,63,0.0708,88.00399999999998,0.0243,1
0.608,0.816,141293,0.386,0,0.0,7,0.0676,-7.785,1,13,0.0422,128.075,0.7909999999999999,6
0.989,0.285,277427,0.0678,0,0.931,3,0.104,-24.257,1,0,0.0445,77.755,0.117,10
0.946,0.52,183187,0.519,0,0.0,5,0.925,-15.615,1,17,0.932,138.795,0.532,7
0.992,0.428,194493,0.271,0,0.862,0,0.189,-13.454,0,0,0.0755,131.197,0.35,10
0.0017,0.368,364827,0.541,0,0.0,11,0.417,-12.906,0,21,0.0502,94.137,0.494,5
0.522,0.6729999999999999,232000,0.6829999999999999,0,0.0,1,0.235,-5.693,1,68,0.115,171.86,0.713,2
8.159999999999999e-05,0.394,95693,0.967,1,0.0,4,0.084,-4.898,0,28,0.0811,106.898,0.398,4
0.878,0.527,230666,0.504,0,0.0325,10,0.333,-8.802,1,26,0.0351,100.129,0.152,6
0.119,0.633,222613,0.989,0,0.0554,2,0.48,-4.146,1,24,0.0704,103.595,0.726,4
0.151,0.469,207227,0.606,0,0.0,10,0.078,-5.684,1,43,0.0357,201.26,0.53,3
0.737,0.5479999999999999,341000,0.524,0,1e-06,7,0.974,-10.625,1,16,0.222,104.484,0.7140000000000001,6
0.00432,0.825,357093,0.94,0,0.0433,10,0.0891,-9.164,1,30,0.0577,116.994,0.8640000000000001,3
0.29100000000000004,0.6509999999999999,207040,0.381,0,2.21e-05,4,0.26,-14.331,1,22,0.0329,103.275,0.6679999999999999,5
0.465,0.55,306840,0.608,0,0.0,9,0.12,-10.69,1,30,0.0371,136.02,0.584,5
0.407,0.563,283560,0.535,0,0.0,7,0.106,-8.152000000000001,1,27,0.0237,89.51299999999998,0.384,4
0.0287,0.905,237627,0.615,1,3.510000000000001e-05,8,0.0625,-9.852,1,39,0.343,92.098,0.662,3
0.377,0.6409999999999999,203467,0.365,0,1.03e-06,7,0.194,-9.632,1,45,0.0332,141.597,0.35600000000000004,6
0.622,0.361,236693,0.384,0,0.0254,2,0.596,-10.296,0,26,0.0345,88.969,0.333,6
0.965,0.436,202213,0.452,0,0.43,8,0.44,-8.72,1,0,0.104,70.808,0.504,9
0.00186,0.358,333040,0.941,0,0.0084,7,0.0782,-4.431,1,46,0.0423,154.47799999999995,0.459,3
0.993,0.35200000000000004,382693,0.0863,0,0.914,11,0.116,-22.517,1,0,0.0429,138.594,0.0745,8
0.317,0.6990000000000001,242893,0.369,0,6.94e-05,2,0.093,-11.594,1,38,0.032,96.111,0.3720000000000001,4
0.00177,0.44,226707,0.976,0,3.39e-06,10,0.16,-3.17,1,64,0.141,150.005,0.412,2
0.206,0.653,238947,0.748,1,0.0,10,0.0803,-3.89,1,46,0.133,79.97399999999998,0.264,2
0.993,0.871,195825,0.253,0,2.06e-06,7,0.126,-9.004,0,0,0.277,118.207,0.8420000000000001,8
0.81,0.563,213000,0.447,0,0.00484,0,0.18600000000000005,-15.218,1,29,0.0323,127.384,0.743,6
0.0531,0.6990000000000001,267320,0.908,0,0.0,7,0.116,-2.108,1,54,0.0334,108.023,0.6,2
0.97,0.616,188973,0.2,0,0.537,0,0.445,-9.716,0,8,0.0578,90.148,0.62,10
0.959,0.226,685307,0.277,0,0.853,1,0.0611,-15.727,0,15,0.052000000000000005,169.794,0.0648,6
0.97,0.561,173680,0.327,0,0.0,7,0.447,-15.799,1,0,0.0619,90.951,0.645,9
0.944,0.569,223400,0.607,0,0.0,7,0.901,-15.267,1,20,0.903,117.335,0.194,7
0.152,0.7120000000000001,145583,0.13699999999999998,1,0.00014,0,0.327,-20.531,1,0,0.932,112.954,0.539,8
0.306,0.655,288670,0.338,0,1.85e-05,7,0.0729,-13.26,1,42,0.0312,126.432,0.6709999999999999,3
0.861,0.5,175067,0.304,0,0.000111,10,0.197,-10.193,1,38,0.0244,95.957,0.254,6
0.0236,0.309,400560,0.459,0,0.0824,7,0.415,-7.919,0,29,0.033,121.052,0.334,6
0.444,0.708,335280,0.302,0,2.11e-05,5,0.0802,-13.059,1,33,0.049,93.487,0.63,5
0.162,0.55,247187,0.611,1,6.879999999999999e-05,0,0.121,-7.475,1,74,0.13699999999999998,148.062,0.243,0
0.6509999999999999,0.662,263773,0.588,0,0.0005070000000000001,7,0.294,-10.073,0,41,0.0725,93.53,0.757,5
0.387,0.579,146733,0.8109999999999999,0,0.0,0,0.256,-5.43,1,19,0.0903,133.054,0.728,6
0.989,0.384,221013,0.171,0,0.82,7,0.116,-20.476,0,3,0.0319,107.698,0.282,10
0.481,0.534,234613,0.536,0,4.18e-06,6,0.225,-6.9570000000000025,1,51,0.0276,143.731,0.306,2
0.000323,0.632,227086,0.682,1,0.0248,4,0.142,-8.052,1,51,0.0459,122.983,0.532,1
0.0691,0.8640000000000001,181025,0.802,1,0.0,5,0.103,-5.4110000000000005,0,50,0.146,97.969,0.7440000000000001,1
0.0409,0.509,512733,0.8270000000000001,0,0.0,0,0.12,-7.715,1,70,0.079,135.601,0.743,5
0.99,0.336,346280,0.329,0,0.414,2,0.468,-11.501,0,24,0.0314,86.281,0.525,7
0.0993,0.621,149160,0.8059999999999999,0,1.4e-06,6,0.315,-7.994,0,32,0.0304,90.225,0.8490000000000001,3
0.971,0.064,758440,0.0564,0,0.938,0,0.0588,-22.338,1,0,0.0407,66.923,0.0337,8
0.838,0.258,149560,0.212,0,2.85e-05,7,0.329,-13.942,1,12,0.0302,87.73299999999998,0.163,6
0.509,0.7040000000000001,164027,0.378,0,0.0,2,0.0735,-10.124,1,44,0.39,93.707,0.188,2
0.0136,0.735,280627,0.893,0,0.033,4,0.048,-11.104,0,45,0.0718,108.901,0.693,4
0.0253,0.508,220653,0.649,0,2.28e-06,10,0.375,-7.1770000000000005,0,48,0.0349,97.52,0.301,2
0.000929,0.908,291307,0.397,0,0.000233,7,0.101,-15.112,1,35,0.141,126.711,0.948,3
0.964,0.219,847467,0.194,0,0.012,9,0.0642,-14.164,1,0,0.0369,89.155,0.0623,7
0.967,0.603,156444,0.359,0,2.7399999999999995e-05,9,0.279,-11.283,1,0,0.105,100.322,0.813,8
0.3,0.517,316853,0.522,0,0.00629,10,0.0849,-10.877,1,48,0.0385,92.095,0.422,2
0.633,0.727,475827,0.435,0,2.12e-05,9,0.087,-9.901,0,58,0.0281,129.988,0.332,2
0.995,0.5770000000000001,184869,0.195,0,0.843,1,0.197,-14.354,0,3,0.102,211.08900000000003,0.637,9
0.8540000000000001,0.236,182204,0.245,0,5.99e-06,5,0.389,-15.579,1,0,0.0327,91.082,0.0843,8
7.209999999999999e-05,0.5670000000000001,227933,0.936,0,0.298,0,0.162,-2.069,1,52,0.0548,134.975,0.6779999999999999,2
0.000661,0.359,285280,0.933,1,0.264,11,0.117,-6.885,0,50,0.0807,104.922,0.097,3
0.474,0.341,145947,0.319,0,3.04e-06,4,0.878,-9.688,1,29,0.0487,168.642,0.73,4
0.8190000000000001,0.565,207053,0.579,0,0.0,2,0.0681,-6.627000000000002,1,59,0.0276,133.08,0.361,1
0.00473,0.319,255027,0.7240000000000001,0,0.000575,6,0.911,-9.08,0,32,0.14800000000000002,89.885,0.4970000000000001,6
0.354,0.72,193707,0.518,0,2.19e-05,7,0.412,-9.918,1,41,0.027000000000000003,114.971,0.7609999999999999,4
0.0205,0.573,178400,0.877,0,0.00129,2,0.222,-2.046,1,47,0.0304,92.121,0.594,2
0.41,0.6829999999999999,162653,0.53,0,7.43e-05,2,0.06,-8.542,1,59,0.0601,124.392,0.579,5
0.34,0.414,178333,0.507,0,3.11e-05,5,0.261,-9.003,1,22,0.0335,118.385,0.64,6
0.00305,0.412,160280,0.962,0,0.0346,9,0.08800000000000001,-6.229,0,30,0.153,100.356,0.212,5
0.967,0.384,192053,0.378,0,0.183,7,0.14,-8.994,1,0,0.0454,78.48100000000002,0.8009999999999999,9
0.857,0.373,359960,0.31,0,0.337,10,0.104,-15.666,1,23,0.0555,109.021,0.207,6
0.3670000000000001,0.36,179840,0.861,0,0.0,2,0.124,-4.7639999999999985,0,35,0.0685,151.481,0.6659999999999999,7
0.117,0.747,224533,0.5539999999999999,0,2.11e-06,9,0.0695,-9.487,1,38,0.104,123.474,0.942,5
0.174,0.598,199399,0.516,0,1.32e-06,1,0.0816,-12.487,0,48,0.0413,154.446,0.6709999999999999,5
0.0678,0.438,195800,0.826,1,7.200000000000001e-06,2,0.0267,-8.616,1,39,0.0469,171.45,0.7659999999999999,4
0.969,0.297,905560,0.162,0,0.701,2,0.104,-17.749000000000006,0,0,0.0446,88.759,0.227,8
0.903,0.158,168733,0.175,0,0.00181,6,0.116,-16.926,1,13,0.0321,96.106,0.133,6
0.92,0.263,198120,0.147,0,0.0,0,0.108,-15.012,1,27,0.0397,168.62099999999995,0.194,7
0.0398,0.655,202627,0.6679999999999999,1,0.0302,0,0.0759,-6.733,1,72,0.0272,93.003,0.867,1
0.488,0.301,186000,0.249,0,0.0012,1,0.112,-16.408,1,10,0.0315,89.51799999999999,0.0494,7
0.884,0.588,185333,0.615,0,0.000102,7,0.242,-7.672999999999999,1,0,0.0387,101.064,0.968,7
0.0423,0.542,256520,0.7929999999999999,0,3.95e-06,8,0.0814,-8.203,1,66,0.053,173.93099999999995,0.708,3
0.108,0.655,214800,0.902,0,0.0,9,0.302,-3.419,1,46,0.0779,122.975,0.6859999999999999,2
0.828,0.215,249387,0.311,0,0.00635,3,0.197,-9.178,1,18,0.0304,90.186,0.17,6
0.995,0.509,177317,0.222,0,0.93,5,0.44,-10.571,0,0,0.039,114.19,0.75,8
0.841,0.501,180027,0.245,0,0.000217,9,0.0876,-15.235,1,24,0.0311,96.256,0.514,6
0.018000000000000002,0.6709999999999999,264253,0.775,0,0.00283,9,0.121,-5.8729999999999976,1,53,0.0354,130.121,0.695,4
0.865,0.477,329640,0.636,0,0.0022600000000000003,8,0.208,-8.334,0,51,0.0356,84.54700000000003,0.7070000000000001,4
0.66,0.5920000000000001,160667,0.34,0,5.2e-05,0,0.233,-9.796,1,41,0.0384,123.598,0.155,2
0.922,0.154,426493,0.18600000000000005,0,0.0873,0,0.0832,-19.24,1,1,0.0421,97.061,0.0413,8
0.995,0.515,176333,0.256,0,0.898,5,0.14300000000000002,-15.697,1,6,0.0493,131.51,0.857,7
0.426,0.482,194987,0.324,0,0.0,7,0.136,-11.121,1,25,0.0291,134.218,0.237,4
0.967,0.508,197267,0.519,0,0.105,9,0.0846,-4.672,0,0,0.0706,175.447,0.654,9
0.968,0.331,984000,0.235,0,0.7559999999999999,9,0.287,-17.343,1,20,0.04,78.27,0.0722,7
0.0131,0.251,403400,0.8029999999999999,0,5.290000000000001e-05,9,0.163,-12.197,0,42,0.0423,100.454,0.544,4
0.973,0.36,188560,0.579,0,0.000309,11,0.333,-7.897,0,0,0.0625,186.148,0.825,9
0.297,0.609,227773,0.66,0,0.0276,9,0.0575,-12.034,1,30,0.0307,127.024,0.645,5
0.00187,0.465,285227,0.381,0,2.7399999999999995e-05,0,0.119,-13.532,0,26,0.0314,81.373,0.522,5
0.000927,0.221,244853,0.983,0,0.971,0,0.8809999999999999,-3.204,1,38,0.15,107.26,0.214,4
0.00154,0.556,253933,0.944,0,0.0295,1,0.209,-5.556,0,51,0.0296,128.012,0.341,2
0.962,0.277,597907,0.132,0,0.759,7,0.187,-18.299,0,0,0.0422,87.15299999999998,0.093,9
0.267,0.5329999999999999,388400,0.306,0,0.0,1,0.132,-11.708,1,44,0.0276,104.708,0.15,3
0.227,0.586,209040,0.527,0,0.0,3,0.0963,-4.905,1,69,0.0309,141.839,0.506,1
0.836,0.227,1117960,0.199,0,0.613,7,0.0943,-16.095,0,3,0.0372,134.464,0.14800000000000002,7
0.0631,0.6970000000000001,265493,0.8909999999999999,1,0.0,7,0.369,-3.2960000000000003,0,41,0.441,178.00099999999995,0.563,2
0.254,0.483,232200,0.7909999999999999,0,0.0133,7,0.335,-9.463,1,15,0.103,125.485,0.363,6
0.147,0.816,241267,0.535,1,4.53e-06,9,0.17600000000000002,-8.302,1,63,0.338,80.012,0.435,1
0.939,0.77,229827,0.29100000000000004,0,0.0687,11,0.0779,-16.274,0,29,0.0386,116.658,0.564,5
0.996,0.447,175027,0.0075,0,0.943,5,0.125,-33.372,1,0,0.0639,76.46600000000002,0.233,8
0.198,0.815,149173,0.5379999999999999,0,0.00238,4,0.0587,-13.713,0,42,0.0595,102.034,0.821,3
5.85e-05,0.428,235374,0.8240000000000001,0,0.000253,7,0.126,-5.022,1,47,0.0459,124.006,0.275,1
0.00507,0.5670000000000001,303080,0.8859999999999999,0,0.000117,2,0.154,-7.237999999999999,1,27,0.053,121.596,0.6459999999999999,6
6.759999999999999e-05,0.397,215360,0.906,0,0.0146,11,0.8959999999999999,-9.344,0,36,0.16,119.135,0.257,4
0.293,0.544,273027,0.85,0,0.0,11,0.191,-4.247,1,41,0.043,175.952,0.388,2
0.916,0.3720000000000001,219413,0.228,0,0.871,4,0.139,-22.767,0,20,0.0314,98.292,0.588,6
0.0749,0.595,273600,0.532,0,0.0,4,0.365,-11.217,1,42,0.0274,104.209,0.551,3
0.411,0.439,163560,0.7140000000000001,0,0.0216,8,0.275,-9.778,1,34,0.0447,98.02,0.7170000000000001,5
0.0846,0.611,246800,0.883,0,1.2e-06,9,0.192,-11.225,1,68,0.0539,117.928,0.604,4
0.019,0.785,241693,0.688,0,0.3,9,0.136,-7.348,0,48,0.0385,132.279,0.835,3
0.15,0.563,265240,0.574,0,0.032,7,0.255,-12.379,1,0,0.028,137.971,0.617,10
0.0026100000000000003,0.619,166120,0.85,0,0.0316,1,0.126,-7.0939999999999985,0,41,0.0363,140.005,0.789,1
0.00135,0.414,190640,0.946,0,0.0,4,0.278,-3.419,1,42,0.0856,165.015,0.42,2
0.0888,0.306,198693,0.8109999999999999,0,5.47e-05,4,0.124,-9.492,1,28,0.0488,165.821,0.8270000000000001,4
0.767,0.328,260667,0.387,0,0.8190000000000001,7,0.113,-11.306,1,30,0.0418,78.972,0.102,6
0.000513,0.46,267373,0.984,0,0.0007030000000000001,9,0.937,-4.239,1,39,0.0657,96.469,0.447,3
3.83e-06,0.388,352373,0.828,0,0.0271,0,0.0987,-6.7070000000000025,1,36,0.0359,107.617,0.466,4
0.403,0.635,167987,0.565,0,6.48e-06,2,0.0556,-3.589,0,40,0.0396,167.893,0.93,3
0.995,0.41,377520,0.139,0,0.872,6,0.0965,-18.996,1,9,0.0513,70.672,0.0516,7
0.416,0.578,184947,0.649,0,0.00253,0,0.0869,-5.649,1,67,0.0878,168.813,0.386,1
0.965,0.383,152333,0.443,0,0.0122,7,0.133,-8.787,0,0,0.0388,144.623,0.599,8
0.481,0.514,225493,0.509,0,1.06e-05,4,0.115,-8.175,1,15,0.0418,97.83,0.563,6
0.00313,0.551,271560,0.643,0,0.00385,4,0.421,-13.091,1,72,0.0353,128.661,0.514,3
0.00399,0.615,229533,0.7240000000000001,0,0.00725,7,0.321,-10.954,1,21,0.0304,120.424,0.875,5
0.0607,0.8190000000000001,284467,0.5820000000000001,0,0.0,7,0.14800000000000002,-5.533,0,51,0.118,104.607,0.635,2
0.0572,0.469,208813,0.496,0,0.0,8,0.111,-8.46,0,48,0.0463,73.227,0.226,4
0.0749,0.615,155200,0.482,0,0.0,5,0.281,-10.669,1,25,0.0331,108.59,0.669,6
0.301,0.57,207680,0.754,0,0.0191,2,0.0915,-8.123,1,22,0.0406,148.85,0.882,5
0.899,0.22,226613,0.177,0,0.0497,5,0.47,-18.654,1,29,0.0369,79.827,0.182,5
0.36,0.546,342400,0.519,0,0.00046,8,0.24,-9.072,1,68,0.0291,140.054,0.247,3
0.0357,0.875,185267,0.568,1,0.0,11,0.113,-8.619,0,63,0.34,140.082,0.648,1
0.985,0.401,182648,0.212,0,9.46e-05,0,0.206,-12.924,1,0,0.0349,96.717,0.624,7
0.647,0.696,125067,0.629,0,2.01e-06,9,0.0571,-10.914,1,18,0.0342,86.336,0.965,7
0.0307,0.871,193373,0.61,0,0.000203,7,0.0674,-7.565,1,52,0.239,134.507,0.7879999999999999,2
0.991,0.74,162493,0.311,0,0.727,2,0.079,-11.8,1,0,0.155,119.964,0.8320000000000001,10
0.0344,0.708,310693,0.6759999999999999,0,0.00315,10,0.292,-8.744,1,41,0.0329,120.966,0.917,4
0.993,0.207,139227,0.171,0,0.872,4,0.135,-21.286,0,21,0.0367,159.29399999999995,0.425,7
0.99,0.493,210227,0.254,0,0.8340000000000001,5,0.33,-16.997,0,0,0.0289,99.541,0.733,7
0.815,0.6559999999999999,200667,0.16399999999999998,0,0.8320000000000001,5,0.109,-20.924,0,44,0.0425,121.507,0.609,5
0.00334,0.918,178627,0.746,0,2.860000000000001e-05,6,0.0959,-4.779,0,56,0.0851,127.995,0.7170000000000001,2
0.0465,0.499,282707,0.6859999999999999,0,0.0,7,0.35600000000000004,-5.207000000000002,1,39,0.0245,85.99700000000001,0.636,2
0.116,0.426,299333,0.534,0,0.00932,7,0.188,-7.477,1,53,0.0295,119.306,0.133,2
0.738,0.375,211493,0.395,0,0.00588,0,0.507,-11.951,1,47,0.0277,63.724,0.202,4
0.00632,0.61,124027,0.994,1,0.0,11,0.204,-7.399,0,21,0.17,142.606,0.416,5
0.994,0.696,182119,0.125,0,0.0,9,0.219,-8.051,0,0,0.236,131.815,0.804,8
0.982,0.383,386160,0.0443,0,0.8759999999999999,1,0.106,-23.584,1,0,0.0374,81.34,0.0397,7
0.985,0.632,180930,0.134,0,0.00126,8,0.285,-17.029,1,55,0.0532,89.088,0.618,3
0.7440000000000001,0.495,233707,0.451,0,7.18e-06,3,0.114,-12.432,1,5,0.0436,113.148,0.943,7
0.5870000000000001,0.521,339160,0.471,0,0.0,5,0.301,-8.49,1,24,0.0504,165.215,0.723,6
0.0792,0.399,131133,0.701,0,0.902,7,0.381,-11.067,1,9,0.0345,161.754,0.967,6
0.292,0.44,230280,0.846,0,4.64e-05,3,0.0752,-8.332,1,27,0.0467,175.851,0.93,4
0.922,0.371,701893,0.115,0,0.203,9,0.0764,-21.699,0,35,0.0447,139.819,0.161,3
0.462,0.349,288507,0.6920000000000001,0,0.00266,1,0.197,-11.691,1,72,0.0338,179.396,0.952,4
0.851,0.5579999999999999,183320,0.124,0,0.00019,4,0.189,-18.538,0,46,0.0359,129.25799999999998,0.243,5
0.8809999999999999,0.34600000000000003,160160,0.974,0,0.967,2,0.29,-4.365,1,20,0.151,93.366,0.5770000000000001,5
0.955,0.476,192560,0.6459999999999999,0,1.26e-05,10,0.14,-5.524,0,0,0.0756,85.51100000000002,0.795,9
0.978,0.379,201107,0.199,0,1.39e-05,9,0.185,-9.843,1,0,0.0489,162.485,0.529,9
0.136,0.6,180533,0.607,0,0.0,10,0.364,-4.563,1,56,0.0256,155.14600000000004,0.7559999999999999,1
0.00168,0.448,204787,0.971,0,3.2200000000000003e-05,4,0.0752,-5.0,0,50,0.0551,87.947,0.677,3
0.92,0.25,249747,0.189,0,0.0404,7,0.121,-14.9,1,0,0.0446,74.821,0.0898,8
0.851,0.63,175107,0.362,0,3.57e-06,5,0.0885,-12.562,1,36,0.12,145.441,0.725,7
0.007259999999999998,0.416,214507,0.838,0,0.0,5,0.6659999999999999,-9.041,0,25,0.0665,154.781,0.5770000000000001,4
0.59,0.698,243107,0.608,0,0.00148,8,0.155,-9.571,1,44,0.0691,140.901,0.779,5
0.992,0.629,150413,0.39,0,0.000301,4,0.168,-16.404,1,0,0.0554,116.436,0.902,9
0.263,0.614,331324,0.812,0,1.14e-05,7,0.102,-5.849,0,51,0.0416,120.019,0.726,1
0.384,0.502,263053,0.6759999999999999,0,3.33e-05,5,0.34600000000000003,-9.046,0,21,0.285,174.582,0.682,5
0.0575,0.541,164747,0.945,1,0.0078,0,0.0976,-5.693,1,34,0.0507,104.684,0.8029999999999999,4
0.742,0.636,209293,0.5429999999999999,0,0.000478,5,0.0391,-12.007,0,29,0.0622,101.591,0.883,3
0.232,0.458,247867,0.573,0,4.19e-06,10,0.0827,-8.802,1,41,0.0322,151.27700000000004,0.512,4
0.141,0.451,389667,0.6509999999999999,0,1.11e-06,11,0.303,-14.925,1,46,0.08900000000000001,101.67,0.451,4
0.981,0.364,184480,0.285,0,0.00123,7,0.12,-9.954,1,54,0.0381,171.357,0.5539999999999999,5
0.0265,0.462,242867,0.863,0,0.000644,4,0.271,-12.964,1,42,0.0343,75.673,0.7120000000000001,4
0.758,0.77,130987,0.675,0,0.0,5,0.972,-8.072000000000001,0,30,0.145,124.308,0.952,6
0.901,0.596,204428,0.28300000000000003,0,0.0,1,0.431,-14.758,1,0,0.147,67.413,0.609,8
0.241,0.6679999999999999,190133,0.429,0,0.0,5,0.129,-12.365,1,40,0.0464,83.50399999999998,0.531,4
0.276,0.732,133608,0.511,1,0.0,6,0.0916,-6.779,1,69,0.0541,96.946,0.62,0
0.00299,0.662,216791,0.805,0,0.0178,11,0.237,-5.683,1,56,0.0331,133.931,0.539,1
0.0666,0.884,181480,0.615,0,0.0,2,0.0698,-11.757,1,44,0.185,97.263,0.677,4
0.198,0.728,220533,0.511,0,0.0005200000000000001,10,0.322,-11.178,1,44,0.0233,96.406,0.7140000000000001,4
0.237,0.606,277867,0.6629999999999999,0,0.000194,2,0.139,-6.175,0,63,0.042,85.96700000000001,0.201,1
0.353,0.44,275013,0.517,0,0.0,0,0.33,-7.358,1,51,0.0358,109.222,0.487,5
0.21,0.94,188120,0.208,0,0.085,9,0.105,-15.235,0,44,0.0853,115.872,0.14800000000000002,2
0.945,0.624,184970,0.478,0,0.0,1,0.0657,-5.8260000000000005,0,0,0.0413,103.812,0.777,7
0.6609999999999999,0.622,120733,0.486,0,2.730000000000001e-05,2,0.214,-12.544,1,39,0.0355,152.16899999999995,0.908,5
0.7120000000000001,0.518,197133,0.438,0,0.0,3,0.0618,-12.041,1,3,0.0382,131.614,0.71,7
0.127,0.479,288893,0.477,0,0.0,11,0.15,-6.886,1,69,0.0363,151.97,0.127,1
0.451,0.525,266600,0.6459999999999999,0,0.0035,4,0.0961,-15.121,0,33,0.0363,76.202,0.6709999999999999,4
0.113,0.5539999999999999,171120,0.882,0,0.0,7,0.184,-3.71,1,56,0.0399,151.981,0.846,1
0.985,0.629,187200,0.155,0,0.901,1,0.0953,-12.933,1,10,0.0536,105.976,0.6709999999999999,9
0.294,0.6779999999999999,264733,0.5660000000000001,0,0.0125,2,0.11,-12.244000000000002,1,28,0.0311,115.617,0.888,5
0.897,0.5329999999999999,222794,0.363,0,0.0,6,0.0961,-7.626,1,57,0.0328,135.95600000000002,0.198,1
0.172,0.5920000000000001,176076,0.5710000000000001,0,0.0,1,0.106,-7.1320000000000014,1,65,0.174,104.95,0.424,1
0.984,0.434,167547,0.17,0,0.00486,5,0.135,-10.908,1,0,0.0542,79.896,0.494,8
0.727,0.612,429267,0.526,0,0.0331,0,0.183,-8.558,0,47,0.0272,129.341,0.594,6
0.196,0.407,177707,0.28300000000000003,0,0.000186,11,0.0903,-16.073,1,9,0.0694,151.638,0.134,7
0.312,0.395,291253,0.472,0,0.0,3,0.0687,-6.5,0,0,0.0392,123.223,0.188,0
0.957,0.505,164267,0.316,0,0.91,5,0.49,-12.713,1,12,0.0459,64.404,0.248,6
0.0829,0.539,150867,0.74,0,0.893,10,0.399,-7.315,1,47,0.0401,123.83,0.726,2
0.0823,0.73,218948,0.732,0,0.0,8,0.0757,-2.556,1,72,0.0366,112.058,0.546,1
0.779,0.335,148413,0.25,0,0.000384,4,0.339,-12.496,1,30,0.0355,99.979,0.406,6
0.222,0.784,169459,0.711,1,0.0,2,0.377,-2.465,1,57,0.245,148.111,0.461,1
0.234,0.557,171693,0.948,0,0.0,7,0.0658,-7.1679999999999975,1,27,0.0597,97.425,0.642,6
0.99,0.57,35827,0.371,0,0.8590000000000001,9,0.14,-13.874,1,0,0.0408,173.16400000000004,0.716,8
0.0678,0.25,169773,0.8220000000000001,0,3.91e-05,0,0.345,-9.931,1,33,0.036000000000000004,154.339,0.6579999999999999,4
0.939,0.379,218243,0.406,0,0.127,5,0.34,-10.374,0,26,0.0346,62.685,0.32,7
0.0822,0.877,437943,0.561,0,0.737,7,0.04,-9.037,0,22,0.0551,126.647,0.807,4
0.956,0.493,195867,0.363,0,0.208,11,0.325,-17.347,1,1,0.13,92.9,0.727,7
0.0768,0.306,384467,0.647,0,0.0,0,0.366,-9.969,1,56,0.0316,148.08700000000005,0.321,3
0.993,0.329,277173,0.0799,0,0.846,10,0.162,-20.08,1,0,0.0357,95.47,0.0944,8
0.00512,0.335,55187,0.982,0,0.005,2,0.0513,-3.945,1,34,0.294,93.226,0.196,4
0.527,0.773,264600,0.794,0,0.000354,5,0.113,-4.954,0,62,0.0326,101.143,0.907,2
0.052000000000000005,0.711,358373,0.909,0,0.00369,5,0.0717,-6.742000000000001,0,39,0.0341,111.128,0.898,4
3.03e-05,0.6940000000000001,247080,0.748,1,0.000524,1,0.381,-7.552,1,43,0.0454,149.97899999999996,0.308,2
0.0187,0.8240000000000001,347227,0.594,0,0.0059700000000000005,6,0.0635,-8.77,0,35,0.13,97.983,0.546,3
0.374,0.487,176093,0.625,0,0.0,8,0.226,-5.112,1,67,0.0401,170.39700000000005,0.35100000000000003,1
0.00365,0.413,228400,0.711,0,0.000227,2,0.416,-7.816,1,32,0.0556,128.85299999999998,0.5379999999999999,4
0.133,0.721,128067,0.209,0,0.0034200000000000003,5,0.114,-19.821,1,34,0.0511,122.816,0.568,6
0.926,0.608,143467,0.266,0,0.0017,1,0.162,-12.442,1,18,0.0324,93.883,0.648,6
0.715,0.544,593427,0.436,0,0.00757,5,0.146,-8.801,1,7,0.045,146.359,0.679,7
0.0102,0.682,429200,0.894,0,1.05e-05,5,0.0803,-3.788,1,25,0.0495,122.106,0.805,5
0.0188,0.8759999999999999,202680,0.603,1,0.0,5,0.103,-9.148,0,61,0.28,143.043,0.633,1
0.97,0.211,202005,0.197,0,0.00111,9,0.163,-17.382,1,2,0.0411,157.336,0.073,8
0.867,0.593,261467,0.343,0,0.866,6,0.15,-11.27,1,39,0.0291,112.677,0.452,2
0.0207,0.851,593605,0.495,0,0.269,11,0.21,-7.125,0,48,0.0536,127.99,0.618,2
7.14e-06,0.475,178640,0.978,0,0.83,8,0.335,-4.317,1,43,0.126,125.911,0.378,2
0.00676,0.649,249293,0.718,0,4.26e-06,7,0.174,-4.984,0,50,0.0594,79.993,0.477,2
0.123,0.648,208667,0.85,1,0.00034700000000000003,6,0.0529,-4.248,0,58,0.0561,170.06099999999995,0.5670000000000001,1
0.593,0.515,185960,0.412,0,0.0,8,0.218,-6.322,1,29,0.0277,107.61,0.392,6
0.618,0.684,337333,0.417,0,6.2e-05,11,0.107,-9.591,0,38,0.0487,102.756,0.71,2
0.366,0.62,325933,0.669,1,0.0,0,0.408,-9.953,1,47,0.364,167.957,0.517,3
0.9,0.202,157587,0.244,0,0.0,5,0.318,-10.863,1,6,0.0308,80.74600000000002,0.172,8
0.716,0.8540000000000001,168333,0.472,0,0.0,9,0.102,-7.319,1,26,0.036000000000000004,125.843,0.961,6
0.938,0.207,236587,0.0164,0,0.0489,2,0.234,-35.292,0,0,0.0396,152.026,0.102,8
0.39,0.227,216267,0.6659999999999999,0,3.22e-06,7,0.0567,-8.177,1,39,0.0306,185.912,0.269,3
0.0443,0.7959999999999999,313907,0.8220000000000001,0,0.735,10,0.16,-8.183,1,41,0.118,116.354,0.7809999999999999,5
0.0218,0.611,219893,0.833,0,0.000204,3,0.0923,-7.5539999999999985,1,55,0.0351,108.498,0.7929999999999999,3
0.902,0.529,154813,0.244,0,6.28e-06,2,0.104,-14.362,1,32,0.146,142.001,0.428,4
0.963,0.763,174335,0.431,0,0.9,0,0.124,-11.272,1,7,0.046,104.743,0.934,10
0.81,0.491,378973,0.363,0,1.09e-05,5,0.147,-14.222,1,17,0.04,79.779,0.491,7
0.992,0.529,155973,0.147,0,0.000129,8,0.129,-17.544,1,0,0.214,203.812,0.603,10
0.951,0.514,346973,0.243,0,0.0602,4,0.127,-14.404000000000002,1,0,0.138,132.821,0.329,8
0.00546,0.417,184333,0.996,0,0.00165,0,0.458,1.006,1,33,0.268,81.01899999999998,0.319,5
0.382,0.623,175827,0.725,0,0.0,5,0.071,-8.642000000000001,1,38,0.0323,77.492,0.889,5
0.807,0.711,144973,0.807,0,0.0026100000000000003,1,0.31,-5.057,1,11,0.037000000000000005,117.009,0.941,7
0.608,0.638,171053,0.277,0,0.391,7,0.152,-14.459,1,13,0.0493,87.415,0.71,7
0.179,0.7659999999999999,257760,0.5329999999999999,0,0.0,0,0.0585,-4.325,1,49,0.042,123.855,0.635,2
0.405,0.777,162133,0.648,0,0.0,9,0.0781,-7.872999999999997,1,30,0.0496,123.126,0.971,6
0.67,0.738,193160,0.607,0,0.0,4,0.35600000000000004,-8.795,1,34,0.0356,121.671,0.848,3
0.976,0.318,192827,0.305,0,0.00383,5,0.119,-10.632,1,0,0.0361,91.534,0.247,7
0.545,0.675,569520,0.8440000000000001,0,0.898,5,0.202,-4.468,1,21,0.0507,113.236,0.885,5
0.906,0.312,43307,0.348,0,0.623,9,0.383,-17.94,1,0,0.0359,72.43,0.337,8
0.902,0.61,109507,0.193,0,0.778,7,0.158,-16.715999999999998,1,0,0.0662,155.47299999999996,0.62,7
0.3670000000000001,0.72,182880,0.513,0,0.000364,9,0.0677,-9.217,1,44,0.0317,88.62799999999999,0.961,4
0.127,0.511,198635,0.635,0,0.0,7,0.0866,-6.591,1,71,0.116,111.329,0.381,0
0.552,0.8029999999999999,202867,0.631,0,5.91e-05,11,0.339,-7.715,1,21,0.0292,118.846,0.928,5
0.000176,0.466,289467,0.96,0,0.0172,1,0.138,-5.1080000000000005,0,46,0.0321,156.585,0.344,3
8.66e-05,0.445,247667,0.978,0,0.0,2,0.29100000000000004,-4.9460000000000015,1,47,0.0896,101.566,0.612,1
0.8320000000000001,0.588,114987,0.265,0,0.135,9,0.0966,-15.414,1,29,0.0349,96.337,0.419,4
9.49e-06,0.3670000000000001,231827,0.983,0,0.00049,8,0.184,-4.2639999999999985,1,50,0.0649,175.00599999999997,0.85,2
0.59,0.44,533200,0.29600000000000004,0,0.654,5,0.364,-20.375,0,18,0.054000000000000006,116.795,0.475,6
0.7659999999999999,0.435,172907,0.677,0,0.755,3,0.0655,-8.829,1,23,0.0377,149.143,0.8540000000000001,7
0.021,0.365,289240,0.706,0,0.792,9,0.287,-7.984,1,45,0.0381,127.937,0.34600000000000003,3
0.013,0.853,206693,0.56,0,0.0,1,0.0944,-4.961,1,81,0.0406,134.066,0.86,1
0.306,0.479,208840,0.733,0,2.4e-05,0,0.414,-8.753,1,66,0.0256,99.307,0.8059999999999999,6
0.846,0.465,285719,0.278,0,0.00115,6,0.675,-16.317999999999998,1,59,0.0349,122.666,0.279,1
0.591,0.742,192507,0.594,0,1.12e-05,4,0.0837,-7.923999999999999,0,37,0.0495,96.545,0.925,4
0.789,0.53,280560,0.429,0,0.000953,4,0.0608,-8.236,0,45,0.0355,143.977,0.375,5
0.000772,0.525,191760,0.944,1,1.84e-06,4,0.101,-3.997,0,46,0.0353,93.039,0.459,2
0.889,0.4,280293,0.284,0,0.0238,10,0.909,-15.542,0,32,0.0702,176.78099999999995,0.629,5
0.17600000000000002,0.674,257733,0.6759999999999999,0,0.0,5,0.0873,-10.397,1,38,0.0367,123.614,0.561,4
0.000431,0.281,199760,0.868,0,0.0,2,0.29100000000000004,-6.313,1,25,0.0853,165.99200000000005,0.388,5
0.00583,0.478,261000,0.6609999999999999,0,4.85e-06,2,0.0768,-7.877000000000002,1,40,0.0898,154.461,0.358,2
0.0432,0.517,181603,0.72,0,0.0,5,0.0954,-7.2029999999999985,1,5,0.0649,174.99200000000005,0.845,7
0.00415,0.57,173560,0.958,0,0.000726,7,0.131,-4.282,1,38,0.0506,167.019,0.753,4
2.27e-05,0.417,222627,0.935,1,0.000937,4,0.292,-3.505,1,46,0.102,135.957,0.254,2
0.93,0.597,179147,0.199,0,0.0432,0,0.11,-18.489,1,26,0.0291,93.472,0.34,6
0.147,0.805,239280,0.7290000000000001,0,0.0422,0,0.104,-7.94,1,61,0.147,174.18900000000005,0.569,2
0.982,0.36,161306,0.142,0,2.84e-05,8,0.111,-14.933,1,0,0.0607,166.111,0.232,8
0.184,0.458,389133,0.478,0,1.36e-05,0,0.103,-8.625,1,40,0.0264,137.931,0.135,2
0.000354,0.424,274533,0.578,0,0.232,5,0.6,-13.300999999999998,1,29,0.0301,83.12799999999999,0.619,4
0.0569,0.8340000000000001,198453,0.8079999999999999,0,0.0005200000000000001,11,0.222,-2.597,1,72,0.0542,104.026,0.8290000000000001,1
0.000969,0.546,206333,0.7120000000000001,0,0.0,3,0.406,-3.104,0,58,0.0269,150.154,0.489,2
0.0272,0.464,273600,0.655,0,1.34e-06,7,0.328,-9.058,0,73,0.0608,169.515,0.531,2
0.92,0.175,176987,0.35,0,0.755,4,0.155,-9.744,1,29,0.0287,95.204,0.314,5
0.662,0.315,135027,0.6579999999999999,0,0.0,0,0.275,-11.206,1,23,0.0475,189.286,0.915,7
0.377,0.6829999999999999,236707,0.493,0,0.00128,5,0.0912,-14.793,1,32,0.0336,113.978,0.718,4
0.0193,0.464,210800,0.91,0,0.0,2,0.3,-2.553,1,43,0.0319,109.649,0.397,4
0.158,0.518,170800,0.7609999999999999,0,0.00765,0,0.0715,-7.025,1,34,0.0452,118.738,0.5760000000000001,5
0.109,0.611,344973,0.637,0,0.0013,6,0.111,-6.479,1,42,0.0262,132.211,0.369,3
0.974,0.531,199124,0.396,0,0.271,5,0.11,-12.502,1,0,0.153,122.455,0.934,8
0.518,0.627,655493,0.315,0,0.0,10,0.0708,-16.913,0,9,0.954,172.608,0.57,8
0.984,0.7390000000000001,179867,0.233,0,0.0715,5,0.139,-14.311,0,0,0.0456,98.194,0.7,10
0.992,0.312,157853,0.0684,0,0.914,4,0.0864,-20.91,0,0,0.0438,75.843,0.252,8
0.99,0.443,191640,0.249,0,0.544,6,0.389,-12.543,0,0,0.0459,72.48,0.67,7
0.223,0.828,204867,0.637,1,0.0,1,0.0983,-9.75,0,50,0.232,105.155,0.54,2
0.8859999999999999,0.25,199107,0.43,0,0.508,3,0.235,-11.130999999999998,1,0,0.0338,140.41899999999998,0.6809999999999999,7
0.34,0.556,202285,0.69,1,0.0,7,0.0976,-6.499,1,59,0.754,61.93899999999999,0.642,1
0.573,0.55,286307,0.37,0,0.0,10,0.171,-12.019,1,50,0.0249,104.288,0.459,5
0.0951,0.812,268115,0.648,1,0.0,2,0.11,-4.994,1,59,0.0887,130.02200000000002,0.246,1
0.919,0.401,177627,0.203,0,0.000298,1,0.146,-14.992,1,18,0.0355,111.52,0.454,7
0.000915,0.63,280627,0.95,0,6.51e-06,1,0.373,-4.012,1,57,0.0806,143.866,0.858,2
0.0113,0.35600000000000004,219933,0.873,0,1.25e-06,4,0.0834,-9.896,1,24,0.13699999999999998,185.079,0.345,4
0.7809999999999999,0.835,195907,0.309,0,0.00222,11,0.0674,-16.254,0,62,0.0384,125.172,0.813,3
0.743,0.434,118800,0.778,0,6.42e-06,2,0.381,-11.33,1,32,0.0308,91.034,0.397,4
0.000266,0.669,256687,0.967,0,0.0,6,0.0777,-2.192,0,57,0.0957,122.008,0.807,1
0.2,0.629,271347,0.318,0,2.17e-06,10,0.16899999999999998,-18.329,0,16,0.956,83.648,0.615,9
0.0654,0.581,237381,0.459,0,5.15e-06,8,0.473,-7.761,1,29,0.1,152.63,0.627,7
0.121,0.6609999999999999,188947,0.324,0,0.0076799999999999985,0,0.0497,-13.849,1,52,0.0638,113.957,0.426,3
0.562,0.723,159560,0.396,0,0.898,9,0.106,-14.105,1,0,0.15,102.84,0.255,7
0.187,0.745,204461,0.898,1,0.0,9,0.7120000000000001,-4.544,1,43,0.234,109.614,0.778,2
0.955,0.28300000000000003,226240,0.28600000000000003,0,0.000878,2,0.368,-15.607,1,0,0.0574,67.14699999999999,0.094,8
0.0802,0.7759999999999999,186945,0.736,1,0.0,7,0.159,-4.612,1,78,0.247,147.946,0.233,1
0.466,0.5,239693,0.552,0,0.00221,9,0.108,-7.888,1,45,0.0413,83.81,0.209,1
0.708,0.61,53267,0.0999,0,1.24e-06,9,0.129,-16.778,1,35,0.0831,128.90200000000002,0.414,5
0.976,0.474,281733,0.474,0,0.00344,1,0.149,-9.895,1,8,0.0463,97.693,0.728,7
0.145,0.7,120867,0.899,0,1.34e-06,11,0.475,-6.643,0,43,0.0785,145.804,0.903,2
0.897,0.312,201613,0.18,0,0.042,5,0.411,-14.251,1,7,0.0363,62.101000000000006,0.382,6
0.14,0.622,242341,0.46,0,0.000369,7,0.119,-8.389,0,67,0.0372,183.241,0.514,1
0.948,0.57,181893,0.241,0,0.0224,4,0.111,-12.138,1,50,0.0473,115.352,0.5429999999999999,9
0.406,0.787,171572,0.531,1,3.11e-05,4,0.0703,-6.468,0,60,0.132,91.957,0.276,1
0.823,0.486,174907,0.7559999999999999,0,0.265,9,0.377,-7.711,1,42,0.0709,114.772,0.812,2
0.495,0.498,137640,0.6409999999999999,0,0.847,9,0.0999,-14.679,1,46,0.0448,90.01700000000002,0.0372,1
0.15,0.611,329267,0.563,0,0.547,9,0.539,-7.722,1,47,0.0291,108.002,0.0938,2
0.8140000000000001,0.445,186400,0.407,0,0.0,1,0.0964,-9.501,1,51,0.0302,105.7,0.531,6
0.234,0.5329999999999999,260253,0.84,0,0.0,9,0.114,-5.283,0,71,0.16699999999999998,116.882,0.361,1
0.991,0.334,241987,0.00732,0,0.952,4,0.0968,-30.908,0,59,0.0355,60.17100000000001,0.0964,1
0.00108,0.735,258933,0.6859999999999999,0,0.8740000000000001,4,0.0933,-7.562,0,66,0.0366,121.011,0.0656,1
0.00387,0.507,237707,0.868,0,0.0,2,0.413,-5.204,1,64,0.0305,95.035,0.684,1
0.993,0.501,392073,0.0776,0,0.00393,5,0.12,-14.901,1,0,0.0489,121.554,0.331,9
0.672,0.264,100160,0.8240000000000001,0,0.607,5,0.6,-18.359,1,32,0.434,116.67,0.0505,5
0.778,0.743,109333,0.458,0,0.000709,10,0.0867,-8.621,1,12,0.0278,84.191,0.852,6
0.758,0.597,202840,0.7559999999999999,0,0.942,5,0.191,-6.456,1,27,0.0455,128.586,0.67,6
0.0283,0.467,420400,0.923,0,0.00457,11,0.138,-7.0829999999999975,0,27,0.0489,96.087,0.604,5
0.754,0.43,228484,0.416,0,0.0,10,0.0896,-8.552,1,0,0.037000000000000005,121.83,0.215,8
0.473,0.354,172200,0.329,0,0.0,4,0.0503,-8.24,0,11,0.0332,78.712,0.612,7
0.82,0.493,214333,0.16,0,0.0,7,0.103,-15.380999999999998,1,26,0.0317,104.797,0.382,6
0.00168,0.519,223587,0.653,0,0.00626,8,0.23,-9.578,1,41,0.0364,122.425,0.93,4
0.8859999999999999,0.521,241232,0.502,0,0.02,5,0.188,-8.521,0,60,0.0287,95.028,0.378,2
0.345,0.619,287838,0.6940000000000001,0,0.6609999999999999,9,0.113,-11.968,1,32,0.0292,145.255,0.83,5
0.994,0.392,197462,0.258,0,5.56e-05,11,0.272,-7.519,0,0,0.0342,132.92700000000002,0.526,8
0.984,0.28800000000000003,706360,0.0723,0,0.85,1,0.114,-21.173,1,0,0.0368,111.135,0.0388,10
0.7959999999999999,0.475,233720,0.26,0,0.0016,5,0.109,-15.997,1,59,0.0322,137.21200000000002,0.339,4
0.00689,0.511,258840,0.872,0,0.000122,8,0.0485,-3.313,1,63,0.0612,127.99,0.494,0
0.0014,0.494,205547,0.7559999999999999,0,0.0052,7,0.16399999999999998,-8.504,1,50,0.0432,133.33700000000002,0.589,5
0.00132,0.339,432760,0.909,0,0.117,9,0.957,-5.349,1,34,0.0954,88.978,0.383,5
0.778,0.377,181373,0.469,0,0.8690000000000001,8,0.34700000000000003,-10.606,1,4,0.0702,198.238,0.544,8
0.945,0.289,273293,0.251,0,1.82e-05,10,0.134,-12.831,0,0,0.0374,102.898,0.175,8
0.0159,0.74,217679,0.546,0,8.41e-05,7,0.209,-5.674,0,55,0.0498,130.028,0.375,1
0.957,0.0,146061,0.14800000000000002,0,0.168,5,0.112,-22.012,1,69,0.0,0.0,0.0,1
0.000769,0.625,201320,0.934,0,0.0014,11,0.113,-9.984,0,51,0.123,119.933,0.142,1
0.196,0.578,261240,0.574,0,0.0,2,0.083,-6.209,1,74,0.0454,174.15200000000004,0.301,1
0.952,0.581,125973,0.0249,0,0.949,2,0.166,-24.104,1,44,0.0376,93.356,0.245,2
0.00484,0.197,226693,0.94,0,0.0267,2,0.669,-6.847,1,37,0.0795,133.72299999999998,0.276,5
0.175,0.541,174573,0.662,0,0.0,7,0.0803,-7.1960000000000015,1,60,0.0382,144.046,0.742,5
0.108,0.698,295840,0.555,0,0.847,6,0.0654,-8.315,1,35,0.0344,92.972,0.696,3
0.862,0.521,200147,0.218,0,0.00107,10,0.121,-10.288,1,42,0.0484,142.627,0.292,2
0.853,0.6659999999999999,204560,0.517,0,0.0,5,0.688,-10.613,1,0,0.879,95.255,0.591,10
0.852,0.5489999999999999,305906,0.215,0,0.545,10,0.104,-18.581,0,23,0.0514,91.56,0.612,7
0.7140000000000001,0.501,178227,0.5479999999999999,0,0.0,9,0.322,-9.086,1,32,0.0927,147.562,0.573,3
0.6579999999999999,0.8220000000000001,131027,0.453,0,0.0444,2,0.119,-12.101,1,20,0.0715,94.042,0.8640000000000001,6
0.99,0.225,209580,0.0617,0,0.00172,7,0.128,-22.656,1,0,0.0374,63.073,0.28300000000000003,8
0.536,0.63,279133,0.509,0,1.86e-05,4,0.107,-12.688,1,43,0.027000000000000003,96.984,0.304,2
0.0631,0.8340000000000001,224773,0.633,0,5e-05,4,0.313,-11.442,0,51,0.0422,123.815,0.904,4
0.165,0.6709999999999999,95400,0.182,1,3.510000000000001e-05,1,0.0761,-19.278,1,0,0.81,146.067,0.619,8
0.835,0.71,184240,0.306,0,2.57e-05,10,0.118,-12.354,1,34,0.0897,130.546,0.6459999999999999,6
0.98,0.425,178373,0.308,0,0.0,1,0.631,-21.085,0,0,0.0534,64.738,0.509,10
0.14300000000000002,0.628,334040,0.338,0,1.27e-05,3,0.31,-18.93,0,19,0.954,84.67399999999998,0.493,9
0.0692,0.6729999999999999,172916,0.579,0,8.609999999999999e-05,0,0.18600000000000005,-6.029,0,78,0.0392,96.009,0.262,1
0.219,0.899,182370,0.91,0,0.0223,3,0.246,-6.415,1,40,0.0455,137.197,0.894,3
0.8059999999999999,0.7170000000000001,288585,0.228,0,0.0,11,0.379,-18.42,0,0,0.962,104.029,0.685,9
0.00484,0.511,236960,0.623,0,0.000711,4,0.0574,-13.855,1,25,0.0309,141.246,0.8740000000000001,4
0.00227,0.534,197786,0.818,0,0.000359,7,0.21,-7.1679999999999975,0,44,0.0516,117.349,0.642,3
0.961,0.687,151533,0.0728,0,0.0,4,0.157,-22.96,1,22,0.0486,102.195,0.4920000000000001,6
3.65e-05,0.131,227800,0.8759999999999999,0,0.72,9,0.12,-9.837,0,33,0.0586,184.049,0.0709,4
0.943,0.452,161367,0.241,0,0.0,4,0.0858,-10.62,1,0,0.0351,77.132,0.383,7
0.32,0.433,204640,0.51,0,0.0,5,0.0453,-10.867,1,28,0.0709,172.765,0.7390000000000001,5
0.918,0.769,193200,0.177,0,0.7709999999999999,0,0.107,-11.265999999999998,0,43,0.0377,131.178,0.6890000000000001,3
0.962,0.184,480093,0.271,0,0.6859999999999999,4,0.08800000000000001,-16.878,0,41,0.0369,138.95600000000002,0.158,4
0.97,0.229,250600,0.264,0,0.000386,9,0.311,-12.144,1,0,0.0401,86.945,0.0671,7
0.128,0.665,156200,0.611,0,3.33e-05,2,0.0817,-13.390999999999998,1,40,0.0621,168.828,0.927,4
0.0379,0.64,154147,0.853,0,0.0,1,0.14800000000000002,-4.668,1,43,0.0477,122.013,0.85,1
0.16,0.593,285453,0.789,1,0.0,6,0.619,-4.48,1,55,0.275,91.189,0.58,2
0.597,0.321,233573,0.332,0,0.0008560000000000001,6,0.387,-7.6179999999999986,1,38,0.0278,75.282,0.371,5
0.0669,0.411,263034,0.8420000000000001,0,0.0506,9,0.166,-6.505,1,34,0.0474,136.024,0.588,4
0.209,0.6759999999999999,249280,0.8370000000000001,0,0.007140000000000001,7,0.0517,-8.394,0,24,0.0273,114.606,0.7290000000000001,4
0.812,0.737,159400,0.451,0,0.0,2,0.108,-9.405,1,65,0.229,153.766,0.664,1
0.994,0.443,187080,0.322,0,0.0,2,0.366,-13.553,1,0,0.0782,89.772,0.797,9
0.243,0.652,294867,0.473,0,0.0,0,0.134,-7.981,0,58,0.0313,123.208,0.368,3
0.0006309999999999999,0.246,212733,0.768,0,0.301,9,0.102,-7.48,1,68,0.0387,169.873,0.35,2
0.322,0.46,259000,0.654,0,0.000302,8,0.142,-4.553,1,46,0.0258,141.991,0.19,2
0.99,0.511,152533,0.0575,0,0.863,7,0.112,-23.75800000000001,1,16,0.0579,70.26,0.325,6
0.131,0.43,211680,0.606,0,0.0,4,0.173,-5.115,0,75,0.0431,169.988,0.123,1
0.0116,0.7340000000000001,203175,0.836,1,0.0,6,0.106,-5.9529999999999985,0,68,0.0817,100.022,0.214,1
0.7759999999999999,0.575,190573,0.7020000000000001,0,0.000364,2,0.2,-5.433,1,8,0.0894,165.877,0.961,7
0.101,0.831,205427,0.502,1,0.0,10,0.122,-4.045,0,85,0.046,100.541,0.101,1
0.28,0.6890000000000001,141853,0.836,0,0.00128,6,0.163,-9.511,1,44,0.0478,144.683,0.952,2
0.991,0.384,170736,0.086,0,0.8909999999999999,1,0.108,-18.727,1,0,0.0494,68.113,0.425,8
0.742,0.539,271376,0.274,0,0.0,8,0.111,-12.597,1,39,0.0413,121.728,0.183,4
0.908,0.491,258933,0.0721,0,0.56,0,0.128,-25.716,0,8,0.0357,102.728,0.191,7
0.526,0.7190000000000001,102183,0.158,1,0.0,11,0.113,-16.965999999999998,0,0,0.893,110.161,0.8490000000000001,9
0.0353,0.416,190640,0.7340000000000001,0,0.196,5,0.488,-11.636,1,29,0.173,111.723,0.109,5
0.354,0.341,178266,0.7140000000000001,0,0.0,2,0.266,-7.997999999999997,0,28,0.0404,147.60399999999996,0.412,6
0.974,0.284,311400,0.145,0,0.871,8,0.132,-23.961,1,34,0.0352,83.169,0.0646,6
0.342,0.703,114893,0.594,0,0.0,5,0.123,-6.146,0,75,0.0752,153.84799999999996,0.475,1
0.6,0.565,362173,0.338,0,0.0497,0,0.0962,-12.872,1,20,0.0445,78.085,0.73,6
0.00065,0.537,135707,0.7070000000000001,0,0.000313,11,0.0678,-10.737,0,29,0.0578,134.464,0.96,4
0.336,0.624,180133,0.388,0,0.0,4,0.0918,-8.465,1,54,0.0242,85.925,0.445,5
0.982,0.247,89267,0.168,0,0.007909999999999999,1,0.139,-23.829,1,4,0.0539,135.984,0.0676,8
0.0474,0.475,219715,0.754,0,0.0,5,0.546,-4.9460000000000015,1,54,0.0294,76.94,0.482,2
0.105,0.44,258188,0.413,1,3.4e-05,0,0.0997,-7.365,0,69,0.0407,86.911,0.141,1
0.6679999999999999,0.494,146373,0.6459999999999999,0,1.03e-05,9,0.193,-7.631,1,26,0.033,141.916,0.633,4
0.747,0.617,222627,0.457,0,0.00031800000000000003,2,0.0716,-14.187,1,49,0.07200000000000001,97.698,0.8190000000000001,5
0.159,0.6,156600,0.688,0,1.29e-05,5,0.409,-8.339,0,79,0.201,99.977,0.0793,1
0.29100000000000004,0.302,458693,0.5479999999999999,0,0.0231,6,0.225,-10.257,0,36,0.0326,148.739,0.428,5
0.0934,0.499,144253,0.747,0,1.5399999999999998e-05,0,0.0525,-6.057,1,29,0.0432,129.019,0.904,4
0.0078,0.5329999999999999,169173,0.72,0,0.0,2,0.104,-7.517,1,36,0.0288,124.702,0.8859999999999999,3
0.982,0.344,192307,0.514,0,0.0033200000000000005,8,0.376,-9.339,1,0,0.0494,73.197,0.544,8
0.366,0.7140000000000001,324692,0.461,0,1.03e-05,10,0.108,-5.983,1,43,0.0376,84.23299999999998,0.324,2
0.0132,0.326,244745,0.8859999999999999,0,0.0,1,0.125,-5.6770000000000005,1,47,0.165,103.686,0.395,1
0.914,0.64,112907,0.476,0,0.0007099999999999999,8,0.69,-8.556000000000001,1,0,0.826,134.9,0.701,8
0.915,0.388,255867,0.22,0,2.0600000000000006e-05,7,0.152,-17.614,1,10,0.0328,95.894,0.307,7
0.305,0.8079999999999999,205000,0.8690000000000001,0,0.0,7,0.0983,-6.971,1,61,0.0509,92.165,0.848,2
0.195,0.775,251187,0.56,0,0.000863,4,0.183,-7.085,1,54,0.0314,106.003,0.8109999999999999,2
0.318,0.708,207307,0.802,0,0.0,5,0.151,-6.853,1,47,0.0477,124.641,0.785,5
0.121,0.28800000000000003,222067,0.53,0,0.0,1,0.0884,-12.386,1,36,0.0365,179.622,0.602,4
0.684,0.406,203240,0.4270000000000001,0,1.18e-06,3,0.108,-8.177,1,59,0.0416,158.80200000000005,0.21,1
0.672,0.895,141400,0.636,0,3.31e-06,5,0.0207,-6.0429999999999975,1,53,0.06,95.922,0.967,7
0.852,0.341,162733,0.27,0,0.0058,2,0.285,-7.914,1,16,0.0799,203.794,0.379,7
0.0438,0.4270000000000001,244373,0.759,0,0.106,5,0.35200000000000004,-8.045,1,44,0.041,129.395,0.452,3
0.101,0.821,164907,0.612,0,0.000202,2,0.0368,-7.013,1,46,0.0637,137.46,0.8640000000000001,4
0.18,0.411,152760,0.958,0,1.52e-06,7,0.126,-3.2910000000000004,1,39,0.0812,171.68599999999995,0.777,3
0.995,0.321,89067,0.228,0,0.85,0,0.126,-18.111,0,0,0.0696,77.439,0.0575,10
0.0257,0.8270000000000001,182160,0.6759999999999999,0,4.8e-06,7,0.079,-9.735,1,40,0.262,97.835,0.792,3
0.00312,0.467,160667,0.8490000000000001,1,0.045,5,0.119,-4.646,1,37,0.171,120.229,0.764,2
0.122,0.269,293147,0.35100000000000003,0,0.872,11,0.08199999999999999,-18.824,0,23,0.0403,109.002,0.51,6
0.165,0.394,146093,0.59,0,2.77e-06,0,0.0742,-7.154,1,45,0.0559,176.981,0.6890000000000001,1
0.745,0.655,199760,0.369,0,3.61e-05,10,0.0804,-11.695,1,43,0.0241,97.38,0.862,5
0.486,0.45,287733,0.6659999999999999,0,0.000282,0,0.0855,-4.74,1,47,0.0314,141.985,0.165,2
0.958,0.147,429933,0.0119,0,0.86,8,0.132,-30.688,1,36,0.0401,138.631,0.0325,4
0.989,0.7709999999999999,159760,0.147,0,1.13e-05,7,0.139,-11.464,0,3,0.0597,103.552,0.672,9
0.014,0.515,232720,0.903,0,0.0218,0,0.38,-8.832,1,57,0.0443,116.44,0.927,3
0.7859999999999999,0.574,155773,0.721,0,0.00298,4,0.263,-8.34,0,31,0.0417,88.07,0.884,6
0.994,0.741,182987,0.0632,0,0.768,3,0.11,-19.721,0,0,0.115,116.884,0.81,9
0.0073599999999999985,0.339,244507,0.8290000000000001,1,1.26e-05,9,0.0596,-7.239,1,55,0.058,162.798,0.5,1
0.234,0.488,467640,0.168,0,6.829999999999999e-05,9,0.0956,-16.112000000000002,0,40,0.0273,100.432,0.163,5
0.251,0.439,228027,0.964,0,0.0,2,0.0933,-4.671,0,35,0.0761,97.677,0.42,4
0.0748,0.422,256960,0.311,0,0.00882,6,0.112,-15.826,1,36,0.0421,80.89699999999998,0.194,2
0.482,0.4270000000000001,130693,0.612,0,0.000233,9,0.16899999999999998,-12.779000000000002,1,31,0.032,125.545,0.777,6
0.0718,0.588,280120,0.565,0,9.43e-06,7,0.108,-8.293,1,63,0.0292,131.52700000000002,0.273,3
0.833,0.614,233493,0.426,0,1.94e-05,0,0.152,-7.9529999999999985,1,0,0.0279,122.32,0.411,9
0.7709999999999999,0.3720000000000001,144133,0.226,0,0.0,2,0.679,-13.158,1,19,0.0371,79.98100000000002,0.573,6
0.0313,0.742,284533,0.479,0,2.33e-05,7,0.0795,-12.746,1,25,0.0701,92.861,0.8140000000000001,4
0.0053,0.499,247739,0.7559999999999999,0,0.00473,7,0.16899999999999998,-7.335,1,24,0.0432,115.753,0.402,4
0.8759999999999999,0.611,238747,0.413,0,0.0226,5,0.0799,-11.408,1,61,0.0352,130.972,0.0698,1
0.7340000000000001,0.155,329573,0.272,0,4.24e-06,0,0.3,-10.593,1,34,0.0322,80.723,0.0736,3
0.168,0.539,234467,0.425,0,2.33e-05,4,0.0578,-13.126,1,25,0.0254,83.118,0.4920000000000001,5
0.241,0.403,214733,0.988,0,0.000785,5,0.5529999999999999,-3.387,1,46,0.107,193.018,0.139,2
0.376,0.5670000000000001,159920,0.6659999999999999,0,5.37e-06,7,0.5539999999999999,-4.428,1,46,0.0284,80.352,0.774,3
0.476,0.754,267867,0.162,0,0.00104,9,0.0874,-15.943,0,32,0.0482,80.205,0.633,4
0.0943,0.395,331627,0.579,0,0.0925,9,0.17600000000000002,-7.565,0,20,0.0341,90.443,0.218,5
0.53,0.519,208707,0.752,0,0.000513,0,0.0791,-9.805,1,30,0.0288,132.25,0.882,5
0.992,0.556,172200,0.18600000000000005,0,0.901,2,0.12,-17.871,0,0,0.0433,137.519,0.35200000000000004,8
0.0131,0.667,137040,0.9,1,0.0,8,0.0889,-9.201,1,29,0.15,128.905,0.511,4
0.00744,0.3670000000000001,127347,0.975,0,0.000104,4,0.203,-3.676,1,33,0.0363,200.33900000000003,0.963,5
0.934,0.292,188907,0.129,0,0.0,10,0.108,-14.074000000000002,1,15,0.0341,84.28399999999998,0.105,7
0.977,0.138,120893,0.341,0,0.618,4,0.179,-16.069000000000006,1,0,0.0443,89.95299999999996,0.115,7
0.911,0.604,98067,0.259,0,0.0101,3,0.193,-11.919,1,38,0.0404,175.925,0.759,3
0.972,0.622,163971,0.272,0,1.72e-06,10,0.568,-12.235,1,0,0.0683,124.307,0.7390000000000001,9
0.0458,0.583,168160,0.831,0,0.0,1,0.0782,-8.045,1,45,0.106,144.688,0.885,2
0.98,0.657,88640,0.302,0,0.722,0,0.338,-12.716,1,0,0.0533,61.29600000000001,0.62,8
0.994,0.8370000000000001,180907,0.155,0,0.0659,0,0.168,-14.357,1,0,0.155,113.159,0.84,10
0.0534,0.462,321464,0.945,0,0.7490000000000001,2,0.11,-1.888,1,67,0.0401,165.15599999999995,0.471,1
0.08800000000000001,0.851,231080,0.843,0,0.0,10,0.0665,-5.204,1,60,0.0475,97.047,0.888,2
0.988,0.461,45520,0.267,0,0.8270000000000001,7,0.11,-16.294,1,0,0.0459,144.56799999999996,0.363,7
0.106,0.58,491200,0.73,0,0.0007700000000000001,2,0.06,-12.601,1,42,0.0563,169.328,0.84,3
0.885,0.745,171240,0.219,0,0.0,5,0.675,-11.547,1,3,0.047,118.725,0.785,9
0.989,0.476,193933,0.563,0,0.501,7,0.123,-12.205,0,0,0.0347,164.108,0.633,7
4.59e-05,0.139,170360,0.934,0,0.00101,2,0.383,-4.391,1,34,0.0801,186.437,0.603,3
0.00475,0.7959999999999999,407053,0.892,0,0.0187,0,0.0717,-8.31,1,66,0.0333,120.4,0.965,5
0.885,0.364,227800,0.13699999999999998,0,5.13e-06,5,0.892,-23.742,1,46,0.0929,81.711,0.616,3
0.929,0.133,199423,0.017,0,0.964,9,0.0727,-27.781,0,63,0.0361,95.973,0.0619,1
0.6559999999999999,0.818,100040,0.309,0,0.0,4,0.439,-12.522,1,46,0.0771,86.322,0.797,4
2.88e-05,0.305,183600,0.741,0,0.0112,0,0.46,-11.703,1,28,0.0518,122.73,0.522,4
0.995,0.306,305067,0.0617,0,0.884,9,0.67,-21.465,0,1,0.0378,87.73200000000001,0.155,10
0.647,0.718,322600,0.718,0,0.297,11,0.108,-10.06,1,51,0.0786,93.065,0.732,2
0.0203,0.912,311107,0.755,1,0.0,7,0.0888,-9.702,1,27,0.246,95.701,0.762,3
0.136,0.461,265336,0.727,1,0.0,0,0.354,-6.346,1,54,0.504,138.042,0.551,1
0.0761,0.913,223067,0.304,1,0.000275,2,0.103,-7.928,1,63,0.405,88.02,0.261,2
0.00148,0.613,213800,0.953,0,0.000582,2,0.152,-3.435,1,75,0.0855,105.046,0.537,2
0.903,0.495,570040,0.384,0,0.206,0,0.103,-8.88,1,16,0.0365,150.138,0.506,7
0.988,0.373,95106,0.202,0,0.00323,2,0.396,-15.633,0,0,0.0453,100.25,0.289,7
0.201,0.72,104336,0.22,1,8.98e-05,0,0.239,-20.807,1,0,0.863,122.471,0.446,8
0.00783,0.473,235547,0.898,0,0.0618,6,0.173,-4.797,0,76,0.0561,96.556,0.8079999999999999,5
0.00128,0.556,230133,0.987,0,1.26e-06,1,0.094,-3.1180000000000003,1,53,0.108,134.953,0.4920000000000001,1
0.0677,0.546,397440,0.698,0,0.36,8,0.129,-9.758,1,30,0.0387,122.08,0.21600000000000005,5
0.0205,0.595,371293,0.738,0,7.659999999999999e-05,0,0.146,-10.141,0,40,0.0357,108.7,0.581,4
0.556,0.763,156667,0.364,0,2.02e-05,5,0.0792,-14.244000000000002,1,50,0.0559,137.132,0.715,5
0.98,0.205,153353,0.109,0,0.85,9,0.214,-21.271,1,0,0.0417,87.25200000000002,0.337,8
0.994,0.304,190440,0.117,0,0.0244,5,0.153,-13.036,1,0,0.0406,89.796,0.226,8
0.947,0.386,233467,0.325,0,0.0094,9,0.08199999999999999,-9.277,1,40,0.0461,81.93700000000003,0.285,2
0.028,0.748,350640,0.506,0,0.0026,4,0.111,-16.42,0,31,0.0617,127.169,0.88,4
0.366,0.612,166493,0.405,0,9.9e-06,2,0.151,-10.231,1,33,0.0881,96.674,0.581,6
0.0196,0.442,295600,0.664,0,0.377,11,0.726,-11.765999999999998,0,33,0.0591,125.021,0.405,6
0.335,0.7170000000000001,108615,0.142,1,0.0,11,0.145,-17.695,0,0,0.949,83.505,0.6779999999999999,9
0.988,0.378,245409,0.0459,0,0.895,4,0.101,-20.628,0,43,0.0484,147.481,0.0852,4
0.438,0.5670000000000001,261760,0.644,0,0.154,6,0.0896,-8.552,0,47,0.0322,146.681,0.0655,2
0.7959999999999999,0.58,189827,0.265,0,0.00019,2,0.11,-15.267,1,61,0.0317,154.595,0.583,3
0.989,0.361,229400,0.187,0,0.826,5,0.14300000000000002,-22.529,1,0,0.0557,87.36200000000002,0.963,8
0.962,0.473,116293,0.122,0,0.929,2,0.129,-14.584,1,0,0.0321,91.147,0.484,8
0.4270000000000001,0.426,246973,0.599,0,0.0,3,0.152,-6.2029999999999985,1,48,0.029,82.31,0.292,4
0.0819,0.695,272733,0.863,0,0.0,4,0.18,-9.96,0,29,0.028,102.883,0.863,4
0.995,0.474,184715,0.0427,0,0.826,10,0.151,-20.628,0,0,0.125,70.74600000000002,0.447,8
0.816,0.685,149067,0.436,0,7.400000000000001e-06,4,0.339,-14.377,0,35,0.0288,121.167,0.6759999999999999,6
0.8059999999999999,0.6459999999999999,179999,0.269,0,1.26e-05,3,0.305,-14.816,1,11,0.08,87.84899999999998,0.778,6
0.902,0.409,190880,0.0608,0,6.86e-06,0,0.35100000000000003,-21.251,1,21,0.0312,98.007,0.439,6
0.0651,0.5489999999999999,165107,0.502,0,0.000171,2,0.282,-15.212,1,31,0.0871,89.685,0.932,4
0.512,0.655,140533,0.667,0,0.0,9,0.0603,-7.0760000000000005,0,15,0.0469,128.422,0.895,6
0.46,0.276,314933,0.339,0,0.093,5,0.425,-14.390999999999998,1,22,0.0343,80.164,0.17600000000000002,6
0.982,0.539,261120,0.166,0,0.873,6,0.0945,-19.593,0,51,0.0453,121.925,0.215,2
0.0329,0.645,194747,0.687,1,7.6e-05,1,0.151,-10.649,1,39,0.537,176.93599999999995,0.616,2
0.521,0.551,212667,0.5720000000000001,0,1.86e-05,6,0.0859,-7.244,1,46,0.0328,82.22,0.337,4
0.995,0.631,182822,0.135,0,0.625,5,0.154,-11.052,0,0,0.718,175.77599999999995,0.727,8
0.301,0.669,117300,0.156,1,0.0,1,0.0916,-19.726,1,0,0.95,81.911,0.66,8
0.00251,0.562,191200,0.843,0,2.48e-06,1,0.094,-6.874,0,37,0.0358,170.08599999999996,0.5589999999999999,2
0.8109999999999999,0.417,165707,0.46,0,0.0006799999999999999,1,0.126,-11.07,1,39,0.0316,140.626,0.55,2
0.43,0.302,314720,0.461,0,5.61e-06,5,0.122,-6.166,0,65,0.0292,142.434,0.0932,2
0.5489999999999999,0.504,257091,0.311,0,1.31e-06,11,0.19,-10.594,1,58,0.046,207.019,0.466,1
0.0105,0.755,287067,0.6609999999999999,0,0.00365,7,0.131,-6.172999999999999,1,42,0.0456,98.011,0.61,3
0.0732,0.54,215147,0.688,0,0.0,8,0.0804,-5.3660000000000005,1,41,0.0304,143.888,0.524,1
0.4,0.743,215000,0.4,1,0.000311,11,0.111,-12.369000000000002,1,57,0.0625,80.01,0.229,1
0.97,0.5329999999999999,197600,0.0629,0,0.493,10,0.105,-17.778,1,9,0.0408,109.202,0.0398,7
0.956,0.153,188943,0.165,0,0.8270000000000001,7,0.0794,-18.633,0,65,0.037000000000000005,135.468,0.0339,1
0.4,0.5920000000000001,205773,0.883,0,0.888,2,0.0482,-6.81,1,40,0.0284,106.467,0.947,5
0.0857,0.77,156507,0.511,0,0.000119,1,0.0782,-14.478,1,20,0.0585,104.167,0.953,5
0.889,0.596,189057,0.241,0,0.0,9,0.0512,-12.793,1,0,0.0482,109.681,0.7390000000000001,10
0.23,0.54,779040,0.436,0,0.000119,8,0.107,-8.846,1,4,0.0377,109.857,0.384,7
0.459,0.452,233267,0.617,0,0.0,5,0.183,-10.689,1,51,0.202,77.706,0.388,2
0.0144,0.517,216533,0.7759999999999999,0,0.0,11,0.113,-5.271,1,67,0.0362,96.002,0.448,1
0.979,0.19,154640,0.227,0,0.959,3,0.207,-16.192,1,2,0.0363,85.661,0.141,7
0.911,0.377,380947,0.33,0,0.016,3,0.098,-11.119000000000002,1,54,0.0305,115.995,0.0442,2
0.0801,0.232,92480,0.866,0,0.0962,3,0.235,-1.38,1,36,0.0503,179.551,0.722,5
0.0467,0.8290000000000001,566221,0.664,0,0.00473,8,0.121,-6.773,1,24,0.0752,125.356,0.906,4
0.0132,0.85,310147,0.5870000000000001,1,0.0,7,0.439,-6.362,1,39,0.35200000000000004,141.025,0.537,2
0.319,0.484,302027,0.44,0,0.000263,2,0.111,-12.201,1,28,0.0273,133.952,0.657,3
0.153,0.335,292846,0.68,0,0.00272,0,0.222,-9.1,1,48,0.0343,137.15200000000002,0.377,4
0.995,0.35100000000000003,169333,0.0735,0,0.28800000000000003,6,0.101,-19.662,1,28,0.0398,99.515,0.0816,4
0.966,0.17600000000000002,311000,0.0293,0,0.917,7,0.113,-24.957,1,0,0.032,96.757,0.0542,7
0.8640000000000001,0.4270000000000001,278947,0.545,0,4.46e-06,11,0.555,-13.159,0,12,0.0799,98.489,0.954,7
0.0916,0.828,292593,0.609,1,1.21e-06,1,0.29100000000000004,-4.402,1,69,0.0694,109.725,0.7070000000000001,1
0.926,0.413,203213,0.377,0,0.00196,9,0.139,-11.134,1,39,0.0312,141.335,0.354,6
0.109,0.789,179445,0.623,1,0.0,8,0.0706,-8.709,1,53,0.237,141.041,0.557,1
0.7829999999999999,0.334,271573,0.338,0,0.000116,3,0.11,-15.48,1,40,0.0278,78.628,0.627,5
0.981,0.318,141787,0.0934,0,0.514,5,0.198,-19.524,1,0,0.0404,99.135,0.0943,8
0.708,0.62,100800,0.29100000000000004,1,0.0,11,0.122,-15.796,0,0,0.935,174.671,0.5820000000000001,7
0.289,0.66,183922,0.6940000000000001,1,0.0,11,0.126,-5.8420000000000005,1,57,0.17,159.915,0.634,1
0.17600000000000002,0.642,206293,0.611,0,0.00184,6,0.458,-9.975,0,51,0.032,111.892,0.745,3
0.5720000000000001,0.77,200017,0.461,0,0.0,0,0.0872,-5.394,1,50,0.0376,122.372,0.88,3
0.8240000000000001,0.789,174533,0.513,0,3.63e-05,6,0.0862,-9.055,1,40,0.0457,76.753,0.882,7
0.493,0.516,212227,0.457,0,0.0,1,0.221,-6.35,1,35,0.0348,147.375,0.66,3
0.515,0.527,283000,0.335,0,7.35e-06,0,0.094,-10.918,0,39,0.0266,146.48,0.292,4
0.35100000000000003,0.596,272747,0.511,0,0.0,0,0.201,-9.209,1,45,0.0251,80.031,0.534,2
0.7140000000000001,0.682,217320,0.581,0,0.324,7,0.0802,-10.339,1,55,0.0295,108.981,0.539,1
0.14800000000000002,0.593,211933,0.6829999999999999,0,3.1e-06,11,0.29600000000000004,-10.432,0,28,0.0361,116.742,0.649,5
0.358,0.479,295933,0.703,0,0.00303,0,0.3,-9.759,1,34,0.0383,177.30900000000003,0.5670000000000001,3
0.621,0.481,162440,0.677,0,0.0,11,0.636,-4.163,1,16,0.0312,95.425,0.966,6
0.848,0.622,106800,0.42,0,0.936,1,0.135,-19.079,1,0,0.0374,110.161,0.967,8
0.993,0.775,160473,0.28,0,0.195,5,0.14,-9.225,1,0,0.308,84.947,0.906,8
0.331,0.595,103373,0.596,1,0.0,8,0.0976,-10.488,1,50,0.0408,86.969,0.775,2
0.0702,0.619,250067,0.422,0,1.39e-05,2,0.114,-15.985,0,27,0.037000000000000005,125.411,0.795,5
0.0534,0.674,245293,0.63,0,2.51e-06,6,0.0948,-6.915,0,54,0.101,180.02200000000005,0.655,2
0.8740000000000001,0.402,305360,0.22,0,0.0,3,0.11,-12.489,1,34,0.0337,98.208,0.235,4
0.0756,0.665,202093,0.635,0,0.0,5,0.208,-5.3020000000000005,1,55,0.0388,113.046,0.299,2
0.994,0.557,167427,0.274,0,0.88,9,0.426,-11.913,1,0,0.0426,102.313,0.412,8
0.232,0.6829999999999999,176400,0.374,0,0.0,11,0.146,-10.084,1,48,0.0381,108.125,0.7070000000000001,6
0.982,0.095,421059,0.0445,0,0.88,2,0.106,-23.086,1,55,0.0479,74.48,0.0481,1
0.964,0.473,245067,0.0561,0,0.02,2,0.136,-18.925,1,14,0.0362,89.113,0.159,6
0.491,0.48,356747,0.41,0,0.00127,4,0.0812,-9.196,0,41,0.036000000000000004,82.712,0.6459999999999999,5
0.8440000000000001,0.455,217600,0.161,0,0.00387,10,0.0719,-22.166,1,23,0.0538,89.133,0.509,5
0.16399999999999998,0.36,301733,0.71,0,6.21e-06,7,0.161,-6.1179999999999986,1,28,0.0827,159.335,0.259,5
0.69,0.665,151000,0.406,0,0.0,2,0.0878,-11.251,1,26,0.0379,138.877,0.841,6
0.76,0.318,275600,0.337,0,0.0,9,0.0472,-14.37,1,53,0.0417,169.553,0.315,3
0.647,0.4,208588,0.335,0,0.779,7,0.813,-12.995,1,32,0.0337,169.041,0.123,6
0.846,0.627,119720,0.5329999999999999,0,0.000197,1,0.404,-9.325,1,15,0.0333,93.667,0.95,7
0.7559999999999999,0.371,263680,0.499,0,0.0008710000000000001,8,0.097,-6.124,0,0,0.0333,153.609,0.695,7
0.7070000000000001,0.415,189520,0.359,0,6.53e-05,7,0.319,-11.094,1,52,0.0334,146.029,0.404,1
0.916,0.574,327853,0.275,0,0.0509,4,0.7609999999999999,-15.89,1,26,0.045,102.384,0.469,6
0.0691,0.7440000000000001,138827,0.648,0,0.00183,2,0.0343,-6.033,1,25,0.0406,119.331,0.93,6
0.0265,0.424,302200,0.62,0,0.0148,4,0.423,-6.233,1,33,0.0333,85.76899999999998,0.245,3
0.953,0.257,150613,0.0455,0,0.975,3,0.111,-19.699,1,8,0.0355,127.549,0.254,6
0.995,0.892,169107,0.11,0,0.6609999999999999,0,0.114,-20.116,1,0,0.14800000000000002,115.231,0.833,10
0.987,0.474,224507,0.47,0,0.158,0,0.8909999999999999,-7.996,0,0,0.0853,169.701,0.86,9
0.0578,0.627,243733,0.8490000000000001,0,0.00046,7,0.131,-7.397,1,37,0.0498,123.09,0.521,3
0.634,0.627,136560,0.5579999999999999,0,2.26e-05,5,0.35100000000000003,-12.913,1,25,0.0341,119.123,0.97,5
0.208,0.71,259367,0.5529999999999999,0,0.000994,6,0.0905,-10.223,1,39,0.138,88.962,0.6459999999999999,3
1.36e-05,0.392,258867,0.977,0,5.570000000000001e-05,1,0.979,-3.497,0,36,0.0725,125.687,0.277,3
0.995,0.528,191147,0.313,0,0.879,11,0.12,-17.385,0,0,0.055,116.163,0.946,8
0.0838,0.5479999999999999,173200,0.892,1,0.0,6,0.0842,-4.4030000000000005,0,54,0.597,172.248,0.6709999999999999,2
0.17600000000000002,0.546,226816,0.6629999999999999,0,1.82e-06,8,0.674,-6.968,1,73,0.1,145.422,0.934,1
0.8390000000000001,0.621,119560,0.3720000000000001,0,0.88,8,0.108,-17.241,0,37,0.0605,111.364,0.953,6
0.518,0.605,159720,0.536,0,0.0,1,0.528,-10.069,1,50,0.0421,110.849,0.688,6
0.0549,0.514,241107,0.921,0,0.000117,10,0.236,-4.529,0,45,0.0496,127.965,0.51,1
0.64,0.787,210253,0.472,1,5.22e-05,6,0.11,-10.032,0,61,0.113,144.998,0.264,1
0.473,0.633,290964,0.642,0,0.0274,9,0.0792,-8.677999999999999,1,53,0.0234,98.612,0.418,4
0.706,0.444,326040,0.305,0,0.897,7,0.112,-14.263,1,34,0.0356,119.574,0.406,6
0.0529,0.648,356847,0.91,1,0.0,4,0.0834,-4.762,0,50,0.363,83.09100000000002,0.7829999999999999,1
0.924,0.477,161671,0.835,1,0.000508,9,0.129,-5.942,0,55,0.438,97.317,0.52,1
0.04,0.59,278480,0.7240000000000001,0,4.07e-05,0,0.142,-3.278,1,67,0.0439,127.059,0.526,1
0.8170000000000001,0.34,173320,0.278,0,0.0,5,0.133,-10.768,1,42,0.0291,169.94799999999995,0.196,2
0.976,0.354,125933,0.11,0,0.353,5,0.124,-17.137999999999998,1,0,0.052000000000000005,109.279,0.078,8
0.00145,0.422,192120,0.95,0,1.1e-05,4,0.245,-4.603,1,53,0.0661,160.02,0.472,1
0.958,0.326,200040,0.159,0,0.00418,9,0.234,-12.345999999999998,0,0,0.0346,114.828,0.205,8
0.483,0.508,289027,0.348,0,0.000438,5,0.122,-14.772,1,25,0.035,73.805,0.199,4
0.00173,0.68,193533,0.825,0,0.000122,8,0.27,-4.296,1,84,0.0702,117.987,0.784,0
0.728,0.531,282027,0.603,0,0.0,7,0.11,-6.242000000000001,1,48,0.0944,86.162,0.228,1
0.967,0.55,170600,0.365,0,0.000346,2,0.17,-10.068,1,2,0.0391,117.66,0.737,9
0.987,0.381,285267,0.0417,0,0.923,9,0.128,-27.161,0,1,0.0421,74.931,0.438,9
0.0172,0.705,202400,0.821,0,1.21e-06,2,0.132,-6.599,1,38,0.0526,130.408,0.847,5
0.00042800000000000016,0.391,312067,0.76,0,0.000253,11,0.565,-6.7620000000000005,0,31,0.0379,133.916,0.515,4
0.018000000000000002,0.494,228520,0.877,1,0.0,8,0.094,-4.82,1,54,0.217,166.18400000000003,0.3670000000000001,1
0.123,0.652,252027,0.648,0,0.00639,5,0.201,-8.147,1,32,0.0263,102.993,0.69,3
0.00149,0.481,207840,0.831,0,0.000389,2,0.262,-5.3870000000000005,1,40,0.0427,140.542,0.506,2
0.0303,0.973,135340,0.446,1,1.75e-05,3,0.121,-9.355,0,59,0.0612,115.039,0.265,1
0.00521,0.8240000000000001,220640,0.836,0,0.000817,3,0.112,-5.903,1,68,0.0404,122.014,0.716,2
0.977,0.337,57000,0.149,0,0.00165,0,0.5489999999999999,-25.023000000000003,1,0,0.498,85.306,0.21,7
0.787,0.502,256440,0.406,0,0.000648,5,0.348,-11.71,1,2,0.0511,140.613,0.573,7
0.973,0.398,325533,0.0992,0,0.0,4,0.085,-21.826,1,6,0.0621,129.974,0.111,8
0.442,0.425,151267,0.462,0,0.0,10,0.631,-9.91,1,47,0.0275,91.697,0.36,2
0.653,0.787,133120,0.534,0,0.0,10,0.0412,-7.0779999999999985,1,44,0.0448,106.43,0.985,3
0.927,0.476,305400,0.299,0,0.00319,10,0.0724,-10.859000000000002,1,25,0.033,129.149,0.146,5
0.994,0.609,210040,0.122,0,0.0121,4,0.405,-13.724,1,0,0.0861,75.825,0.38,8
0.5329999999999999,0.75,213440,0.8079999999999999,0,0.0,11,0.087,-4.074,1,48,0.0423,136.059,0.89,1
0.906,0.31,354240,0.125,0,0.904,2,0.258,-17.338,1,45,0.0363,129.938,0.269,2
0.00238,0.505,140000,0.995,0,0.00173,2,0.488,-3.343,1,44,0.19,119.553,0.255,2
0.6759999999999999,0.536,299787,0.526,0,0.0,7,0.114,-6.794,1,62,0.0306,141.85299999999995,0.377,1
0.6970000000000001,0.58,233400,0.6409999999999999,0,0.000491,0,0.14800000000000002,-9.874,1,25,0.0485,117.732,0.843,5
0.0324,0.5379999999999999,210267,0.445,0,0.000212,8,0.265,-13.582,1,31,0.0631,83.24700000000001,0.934,4
0.995,0.343,168440,0.217,0,0.545,3,0.412,-17.307000000000002,0,0,0.209,69.10300000000001,0.229,8
0.747,0.503,294550,0.789,0,0.156,1,0.109,-11.367,0,0,0.0578,72.98899999999998,0.344,7
0.0198,0.5670000000000001,193133,0.6709999999999999,0,0.0,10,0.122,-6.2860000000000005,1,41,0.0409,89.25399999999998,0.506,2
0.267,0.5760000000000001,222800,0.56,0,3.7e-05,0,0.264,-7.296,1,39,0.0362,115.326,0.7240000000000001,3
0.5579999999999999,0.622,224200,0.315,0,0.0303,11,0.0849,-16.641,1,53,0.0329,75.703,0.6759999999999999,5
0.0384,0.695,216094,0.755,1,0.0,8,0.218,-7.1770000000000005,0,60,0.211,128.10299999999998,0.206,1
0.982,0.675,165053,0.157,0,0.000634,7,0.254,-18.583,1,0,0.108,125.005,0.77,9
0.207,0.745,221747,0.813,0,0.000503,2,0.4370000000000001,-8.312999999999999,1,38,0.0361,123.883,0.87,4
