0.99,0.34,177440,0.0337,0,0.5539999999999999,5,0.108,-19.075,1,0,0.0416,70.195,0.188,8
0.00907,0.653,266347,0.818,0,0.23,5,0.0703,-8.125,1,43,0.047,174.984,0.198,2
0.00436,0.482,178560,0.945,0,1.41e-06,2,0.364,-3.969,1,57,0.124,160.792,0.626,2
0.0293,0.336,294800,0.62,0,0.0,0,0.124,-9.976,1,57,0.0406,121.683,0.28300000000000003,3
0.22,0.8420000000000001,247092,0.333,1,0.0,8,0.168,-13.886,1,53,0.384,141.001,0.14300000000000002,1
0.0235,0.944,233160,0.7340000000000001,0,3.08e-06,1,0.128,-6.882999999999999,1,44,0.277,101.489,0.722,2
0.408,0.545,159133,0.151,0,0.0,7,0.173,-19.869,1,4,0.0776,126.419,0.332,7
0.246,0.6579999999999999,229067,0.962,0,1.21e-05,7,0.0565,-3.95,1,29,0.0382,138.171,0.865,5
0.374,0.595,281347,0.634,0,0.0,10,0.0694,-6.057,0,50,0.154,137.77100000000002,0.75,2
0.0357,0.619,319040,0.82,0,0.644,2,0.269,-9.455,0,49,0.0352,125.068,0.616,4
0.948,0.14,398120,0.031,0,0.92,7,0.11,-28.007,1,48,0.0457,140.076,0.0351,2
0.812,0.349,193867,0.218,0,2.4e-06,0,0.402,-15.484000000000002,1,0,0.0389,114.24,0.382,8
0.126,0.732,170057,0.462,1,0.0,5,0.12,-10.191,0,75,0.406,180.067,0.117,0
0.7659999999999999,0.635,140000,0.436,0,0.0,7,0.4,-10.445,1,22,0.0247,100.757,0.794,7
0.455,0.667,273893,0.381,0,0.0,3,0.116,-7.494,1,67,0.0294,135.975,0.199,1
0.989,0.6859999999999999,187000,0.205,0,0.000172,2,0.247,-11.098,0,0,0.0545,145.532,0.755,9
0.011,0.619,268079,0.8740000000000001,0,3.68e-06,4,0.0898,-3.145,1,56,0.0313,129.96200000000002,0.775,4
7.81e-06,0.564,270960,0.947,1,0.828,2,0.373,-4.998,1,59,0.0448,100.002,0.35100000000000003,2
0.7240000000000001,0.718,121300,0.147,0,0.0,5,0.199,-20.006,0,0,0.947,117.33,0.758,10
0.941,0.267,285307,0.138,0,0.104,2,0.125,-18.962,1,0,0.0422,65.04,0.258,9
0.878,0.243,197413,0.208,0,0.355,5,0.206,-14.103,0,16,0.034,116.364,0.106,7
0.7959999999999999,0.588,139133,0.473,0,0.0,5,0.5539999999999999,-11.851,1,23,0.0446,128.239,0.598,6
0.594,0.691,240091,0.381,1,0.0,2,0.109,-13.269,0,61,0.235,109.918,0.364,1
0.8390000000000001,0.654,178507,0.159,0,0.0,0,0.7170000000000001,-13.883,1,4,0.0683,103.412,0.376,9
0.83,0.105,717507,0.103,0,0.624,6,0.192,-22.933000000000003,1,1,0.0394,87.316,0.0382,7
0.000481,0.466,123000,0.96,1,0.0,0,0.37,-3.888,1,54,0.0543,104.753,0.907,3
0.841,0.303,442880,0.135,0,0.619,4,0.19,-21.302,1,0,0.0525,179.324,0.307,9
0.499,0.502,266160,0.647,0,0.0022,0,0.14,-7.109,1,34,0.0363,112.395,0.333,5
0.981,0.5379999999999999,373493,0.165,0,0.946,7,0.112,-24.455,0,27,0.0387,116.704,0.482,5
0.8390000000000001,0.316,200493,0.257,0,1.7100000000000002e-05,8,0.0976,-16.037,1,0,0.0444,124.199,0.187,8
0.735,0.5660000000000001,194333,0.305,0,0.0,7,0.084,-12.79,1,25,0.0356,126.538,0.5329999999999999,6
0.841,0.337,74373,0.132,0,0.133,4,0.0764,-20.602,0,0,0.0365,87.369,0.339,8
0.922,0.499,296320,0.322,0,0.0,3,0.251,-10.788,1,0,0.0662,113.736,0.483,7
0.6729999999999999,0.25,292333,0.136,0,0.000157,10,0.107,-12.162,1,58,0.037000000000000005,118.086,0.0981,2
0.273,0.682,164000,0.563,0,2.03e-06,3,0.247,-10.903,1,12,0.0324,126.036,0.97,6
0.114,0.586,176360,0.8959999999999999,0,0.0,3,0.175,-4.572,1,52,0.11,94.954,0.381,1
0.895,0.488,82467,0.404,0,1.42e-06,9,0.688,-19.636,1,34,0.898,48.99100000000001,0.383,3
0.995,0.25,579507,0.274,0,0.85,7,0.231,-15.095999999999998,1,1,0.0426,126.489,0.0392,10
0.0181,0.6990000000000001,262107,0.77,0,0.000138,5,0.0644,-7.657999999999999,0,60,0.036000000000000004,101.984,0.589,2
0.639,0.493,129867,0.6629999999999999,0,0.000656,5,0.259,-9.171,1,17,0.0471,140.247,0.455,6
0.0072099999999999985,0.408,179800,0.8340000000000001,0,0.000139,0,0.14300000000000002,-6.465,1,35,0.0416,105.492,0.102,4
0.21,0.728,394453,0.784,0,0.0,5,0.214,-6.183,1,23,0.0356,124.815,0.961,5
0.444,0.727,269053,0.48,0,0.0,5,0.118,-9.278,0,59,0.0987,120.025,0.369,1
0.8590000000000001,0.429,603213,0.4920000000000001,0,0.0176,0,0.107,-11.316,1,26,0.0404,97.031,0.303,6
0.0134,0.627,203253,0.81,0,0.0,2,0.109,-5.684,1,40,0.0437,122.058,0.496,2
0.889,0.469,180440,0.219,0,1.27e-05,9,0.106,-13.851,1,32,0.03,108.831,0.295,5
0.722,0.399,304493,0.33,0,4.26e-06,0,0.134,-9.826,1,49,0.0285,83.085,0.163,3
0.36,0.471,186667,0.914,0,0.0,11,0.952,-6.483,1,30,0.0668,126.962,0.6,5
0.912,0.68,176333,0.47,0,0.907,11,0.0819,-8.644,0,4,0.11,181.038,0.946,10
0.622,0.647,198093,0.181,0,0.0,8,0.16,-19.425,1,31,0.0319,104.326,0.505,6
0.0182,0.747,215187,0.28,0,0.923,4,0.04,-14.74,1,21,0.0376,133.84,0.0472,4
0.6779999999999999,0.507,708933,0.366,0,0.000364,10,0.205,-12.696,0,24,0.0352,96.887,0.636,7
0.293,0.884,209450,0.333,0,0.0205,9,0.103,-9.753,0,66,0.0617,118.065,0.5870000000000001,1
0.0905,0.58,283280,0.6659999999999999,1,0.0,3,0.17800000000000002,-6.664,0,53,0.0337,132.997,0.222,1
0.588,0.393,323987,0.418,0,0.0,9,0.0638,-9.999,1,43,0.0394,123.6,0.307,4
0.879,0.773,84267,0.277,0,0.667,7,0.213,-21.178,1,0,0.0389,132.7,0.799,8
0.911,0.345,211107,0.156,0,4.99e-05,2,0.113,-16.17,1,24,0.0313,104.78,0.273,7
0.565,0.585,680227,0.211,0,0.318,0,0.131,-19.059,1,9,0.0508,118.776,0.454,6
0.968,0.322,191560,0.25,0,4.45e-06,8,0.179,-14.588,1,0,0.0554,77.169,0.29,8
0.569,0.705,101500,0.233,0,0.0,6,0.174,-22.673,1,0,0.922,108.466,0.515,9
0.126,0.4970000000000001,187896,0.914,0,1.98e-05,9,0.274,-4.308,1,70,0.0455,148.893,0.385,1
0.0869,0.561,227760,0.945,0,0.0,9,0.22,-6.086,1,54,0.0444,145.781,0.723,4
0.82,0.481,189987,0.618,0,0.00014099999999999998,7,0.0842,-3.272,1,2,0.0288,80.252,0.578,10
0.8059999999999999,0.612,163573,0.311,0,0.0,0,0.0837,-7.433,1,5,0.105,199.428,0.8170000000000001,7
0.181,0.48,345133,0.384,0,0.105,10,0.124,-12.705,1,51,0.0304,152.184,0.194,3
0.8059999999999999,0.5710000000000001,190440,0.802,0,0.755,0,0.0592,-7.438,0,24,0.0559,147.562,0.5720000000000001,7
0.294,0.414,278667,0.421,0,0.0008210000000000001,4,0.135,-9.488,0,51,0.0331,113.108,0.185,1
0.96,0.421,167560,0.234,0,0.000116,4,0.173,-11.577,1,23,0.0299,84.991,0.256,5
0.784,0.482,189587,0.0761,0,0.00038,5,0.114,-14.57,1,44,0.0419,115.309,0.299,5
0.0263,0.62,206267,0.246,0,0.642,2,0.224,-15.728,0,43,0.031,121.923,0.405,3
0.626,0.635,184009,0.262,0,0.0,9,0.145,-12.782,1,35,0.0391,93.237,0.35200000000000004,0
0.7020000000000001,0.568,161760,0.392,0,8.46e-05,10,0.0368,-11.026,1,13,0.0392,165.386,0.794,7
0.282,0.711,170200,0.3,0,0.0,8,0.26,-12.782,1,20,0.0286,113.006,0.551,4
0.301,0.489,166053,0.773,0,0.108,7,0.241,-6.356,1,54,0.0308,141.41899999999995,0.908,1
0.232,0.885,259720,0.732,1,0.0,7,0.223,-5.033,1,43,0.163,107.909,0.644,3
0.34,0.317,144920,0.35200000000000004,0,0.00601,0,0.398,-12.598,0,21,0.0288,80.58800000000002,0.193,6
0.8759999999999999,0.386,171360,0.34700000000000003,0,0.471,6,0.0645,-9.319,1,1,0.0442,112.859,0.569,7
0.199,0.44,397093,0.8029999999999999,0,0.00282,8,0.0591,-5.415,1,62,0.0443,151.77700000000004,0.501,1
0.0067,0.502,207360,0.906,1,9.44e-05,9,0.151,-5.78,1,41,0.0547,152.929,0.415,2
0.8540000000000001,0.544,612853,0.108,0,0.835,1,0.0781,-16.03,1,8,0.0486,122.124,0.343,6
0.917,0.528,200760,0.304,0,0.445,2,0.285,-14.862,1,30,0.0388,136.134,0.66,3
0.5820000000000001,0.623,213200,0.711,0,0.00202,11,0.106,-12.188,0,26,0.0371,98.21,0.919,5
0.000406,0.383,300133,0.83,0,0.000907,2,0.0978,-9.651,1,25,0.0316,87.86,0.438,3
0.95,0.6779999999999999,125307,0.337,0,0.0,4,0.474,-12.782,1,19,0.0464,113.331,0.33,7
0.0101,0.746,255093,0.736,1,5.56e-06,11,0.0333,-5.21,0,51,0.227,95.58,0.8079999999999999,2
0.863,0.5660000000000001,178795,0.261,0,0.0,10,0.106,-8.801,1,56,0.0375,97.595,0.477,1
0.667,0.7829999999999999,175540,0.481,0,0.000909,3,0.273,-9.43,1,24,0.0337,114.544,0.8320000000000001,5
0.583,0.362,271547,0.7,0,0.00135,0,0.12,-3.703,1,52,0.035,73.34,0.277,2
0.000264,0.477,111360,0.635,0,0.856,9,0.266,-13.012,0,26,0.0438,94.768,0.158,4
0.537,0.315,185147,0.51,0,0.00107,4,0.18600000000000005,-9.134,1,32,0.0369,166.72799999999995,0.687,6
0.44,0.53,193707,0.513,0,0.0,4,0.2,-8.12,1,39,0.0368,191.008,0.685,3
0.565,0.8009999999999999,162333,0.301,0,0.14,4,0.214,-12.197,0,31,0.0464,119.916,0.769,6
0.273,0.513,217907,0.34700000000000003,0,0.0417,1,0.0805,-13.505999999999998,1,38,0.029,78.811,0.52,3
0.155,0.835,258933,0.447,0,0.008759999999999999,6,0.108,-14.901,1,56,0.22,113.082,0.8390000000000001,4
0.975,0.513,196347,0.221,0,0.505,9,0.116,-12.342,1,0,0.0858,131.036,0.721,8
0.4970000000000001,0.5760000000000001,653160,0.38,0,0.0706,7,0.125,-11.46,1,44,0.245,96.995,0.301,2
0.778,0.6759999999999999,161067,0.395,0,0.0,5,0.21,-14.258,1,5,0.0495,121.465,0.8,6
0.448,0.741,230733,0.38,0,0.000811,2,0.0806,-9.539,1,43,0.0285,101.971,0.264,3
0.757,0.278,188253,0.25,0,0.00363,7,0.157,-10.529000000000002,0,30,0.0312,78.514,0.228,7
0.821,0.669,165067,0.472,0,0.0,9,0.195,-10.303,1,10,0.14300000000000002,109.006,0.602,7
2.78e-05,0.306,135400,0.982,1,0.000386,3,0.0325,-2.822,1,50,0.0828,191.838,0.893,3
0.242,0.792,354667,0.664,0,0.0,1,0.325,-11.273,0,36,0.119,104.965,0.773,3
0.812,0.377,173159,0.615,0,0.000322,0,0.154,-8.431000000000001,1,46,0.0309,161.532,0.5529999999999999,6
0.0531,0.459,191133,0.324,0,4.84e-05,7,0.118,-15.669,1,25,0.0366,129.842,0.586,6
0.128,0.5770000000000001,266973,0.462,0,0.0,2,0.0822,-7.989,1,61,0.0279,128.303,0.258,1
0.5920000000000001,0.545,179627,0.531,0,0.37,7,0.156,-12.693,1,23,0.0296,154.909,0.65,4
0.927,0.219,176387,0.193,0,0.7609999999999999,1,0.269,-23.833,0,1,0.0491,74.564,0.172,8
0.141,0.7070000000000001,303800,0.263,0,1.35e-05,5,0.0986,-17.512999999999998,0,25,0.028,111.84,0.8140000000000001,4
0.145,0.29,234867,0.482,0,0.000171,6,0.12,-8.207,0,63,0.035,141.459,0.247,1
0.0886,0.772,238373,0.76,1,0.0,9,0.225,-9.316,1,35,0.343,200.491,0.711,4
0.107,0.7190000000000001,101300,0.374,1,0.0,6,0.601,-16.297,1,0,0.92,122.559,0.452,7
0.992,0.263,237973,0.114,0,0.904,6,0.0999,-20.312,1,0,0.0332,169.938,0.0577,8
0.992,0.5,149133,0.14300000000000002,0,0.852,0,0.12,-24.44400000000001,1,5,0.0488,115.005,0.29600000000000004,7
0.121,0.616,201720,0.66,1,3.14e-06,0,0.34600000000000003,-11.175,1,43,0.33,184.64,0.769,3
0.125,0.8740000000000001,263387,0.528,0,0.0,5,0.0975,-5.734,1,45,0.0744,145.06799999999996,0.596,2
0.974,0.511,196232,0.277,0,0.0013,4,0.745,-14.955,1,0,0.0701,124.499,0.515,9
0.753,0.6659999999999999,151507,0.8079999999999999,0,0.0,5,0.175,-9.14,1,34,0.0398,99.903,0.962,7
0.195,0.511,313731,0.789,0,0.000108,9,0.0595,-5.908,1,51,0.0409,163.8,0.923,3
0.455,0.518,156773,0.277,0,0.0,8,0.0644,-7.619,1,27,0.0325,84.273,0.525,6
0.961,0.578,183733,0.247,0,2.6e-06,0,0.102,-17.017,0,0,0.525,62.64,0.564,8
0.884,0.248,143693,0.04,0,0.77,3,0.106,-22.257,1,19,0.0304,62.08600000000001,0.0668,7
0.00239,0.752,330080,0.39,0,0.49,9,0.0365,-11.045,1,42,0.0549,119.949,0.413,4
0.737,0.57,99707,0.285,1,0.0133,9,0.108,-14.125,0,65,0.0381,83.485,0.0973,1
0.194,0.28,416933,0.386,0,0.0222,0,0.337,-10.889,1,49,0.0275,146.82,0.163,2
0.117,0.7290000000000001,273333,0.779,1,0.0,2,0.14400000000000002,-5.408,1,43,0.0474,144.02100000000004,0.343,1
0.935,0.529,295941,0.27,0,0.0731,1,0.0728,-13.119000000000002,1,0,0.0334,143.796,0.454,7
0.01,0.299,99440,0.805,0,0.0107,9,0.18,-4.159,1,28,0.0571,184.337,0.643,5
0.94,0.115,247500,0.109,0,0.951,2,0.0888,-23.219,0,67,0.0356,76.163,0.0391,1
0.0124,0.6809999999999999,323493,0.752,0,0.7829999999999999,7,0.077,-10.531,1,42,0.0531,115.405,0.32299999999999995,2
0.000429,0.464,271240,0.887,0,0.333,6,0.126,-4.65,1,62,0.0499,132.759,0.23,2
0.111,0.752,278686,0.518,0,0.317,4,0.0514,-7.1670000000000025,1,0,0.0805,155.19,0.388,7
0.417,0.14300000000000002,1225893,0.142,0,0.8809999999999999,1,0.365,-17.515,1,0,0.0354,81.21600000000002,0.039,8
0.0003,0.479,184427,0.945,0,0.0,11,0.0354,-5.807,0,38,0.0777,125.961,0.49,3
0.991,0.5579999999999999,244933,0.163,0,0.9,8,0.108,-15.722,1,12,0.0908,135.565,0.215,7
0.845,0.563,212627,0.614,0,0.0,7,0.16699999999999998,-6.695,0,8,0.0394,154.797,0.962,7
0.0142,0.934,201176,0.408,1,0.0,1,0.339,-9.322,1,48,0.348,95.977,0.416,1
0.000133,0.5670000000000001,181427,0.987,1,2.380000000000001e-05,4,0.371,-4.069,1,64,0.0765,107.974,0.383,1
0.187,0.8170000000000001,116000,0.911,1,0.00173,0,0.42,-2.153,1,64,0.0455,119.989,0.34,1
0.481,0.71,291467,0.456,0,0.0,10,0.111,-7.263,1,65,0.0289,124.016,0.183,2
0.0453,0.711,221220,0.887,1,0.0,10,0.16399999999999998,-3.887,0,46,0.128,140.02,0.77,1
0.246,0.787,211410,0.92,0,9.82e-06,0,0.17800000000000002,-5.3279999999999985,1,54,0.0914,117.565,0.6609999999999999,4
0.97,0.434,198573,0.507,0,0.201,0,0.35600000000000004,-9.478,1,24,0.058,124.907,0.5529999999999999,6
0.627,0.691,125440,0.507,0,0.0,11,0.457,-10.23,1,71,0.0343,128.518,0.885,2
0.0476,0.787,105384,0.525,1,0.0,1,0.601,-9.23,1,69,0.146,133.997,0.366,0
0.29600000000000004,0.877,163192,0.688,0,0.0,9,0.38,-6.02,1,60,0.0432,105.983,0.969,3
0.00936,0.596,368200,0.895,0,0.0139,4,0.127,-6.647,0,35,0.0915,125.653,0.292,5
0.0101,0.631,397960,0.679,0,0.138,9,0.095,-12.473,1,40,0.0331,128.72299999999998,0.961,4
0.5660000000000001,0.463,140733,0.955,0,0.00594,5,0.254,-2.647,1,20,0.0612,85.53200000000002,0.968,6
0.8079999999999999,0.547,188773,0.384,0,0.0031,3,0.122,-7.961,1,26,0.236,158.401,0.769,8
0.962,0.55,193013,0.136,0,0.195,6,0.182,-20.953000000000007,1,3,0.0375,107.528,0.496,7
0.128,0.888,107771,0.715,1,0.0,8,0.0898,-3.377,0,63,0.274,120.106,0.557,0
0.635,0.385,166394,0.579,0,4.73e-06,9,0.27,-5.699,1,40,0.0378,173.017,0.655,3
0.343,0.73,177307,0.398,0,1.82e-05,4,0.0491,-12.824000000000002,1,35,0.0642,172.65099999999995,0.799,4
0.00848,0.501,181387,0.667,0,0.0,4,0.281,-6.1960000000000015,1,55,0.0284,82.522,0.28300000000000003,1
0.262,0.332,218240,0.411,0,0.0,6,0.127,-9.814,1,47,0.0482,158.33,0.13699999999999998,4
0.994,0.46,150773,0.542,0,0.925,7,0.0894,-9.083,1,2,0.0386,70.118,0.7979999999999999,7
0.794,0.6459999999999999,144196,0.493,0,0.00685,7,0.102,-9.705,0,0,0.0411,107.663,0.733,8
0.00108,0.552,168834,0.94,0,0.0,1,0.165,-5.152,0,47,0.13,145.055,0.743,1
0.813,0.409,224933,0.119,0,0.00041500000000000017,2,0.129,-20.261,1,37,0.0373,120.639,0.376,5
0.71,0.6779999999999999,216947,0.6509999999999999,0,0.152,7,0.0842,-7.597,1,14,0.0389,101.385,0.68,6
0.982,0.504,201733,0.0522,0,9.4e-05,7,0.113,-17.828,1,14,0.0446,77.064,0.235,7
0.926,0.191,723053,0.152,0,0.0437,4,0.128,-18.234,0,5,0.0467,64.617,0.0372,7
0.398,0.529,260107,0.307,0,2.380000000000001e-05,10,0.101,-10.608,1,54,0.0364,132.63299999999998,0.318,6
0.0623,0.675,159206,0.978,0,0.0,1,0.161,-4.953,1,48,0.209,111.026,0.32,2
0.198,0.7070000000000001,211000,0.614,0,0.0,7,0.177,-9.377,0,66,0.058,156.47299999999996,0.957,3
0.86,0.313,237760,0.401,0,0.0223,7,0.978,-12.144,1,40,0.0396,117.995,0.183,4
0.871,0.0983,706400,0.203,0,0.973,4,0.0825,-19.38,0,15,0.0374,87.64200000000002,0.0649,6
0.163,0.741,187547,0.873,1,1.09e-05,2,0.262,-7.36,0,55,0.218,149.899,0.402,1
0.0206,0.8,128418,0.505,1,2.05e-05,0,0.198,-6.54,1,67,0.115,114.972,0.179,1
0.00275,0.452,250573,0.674,0,2.6e-05,7,0.0911,-11.886,1,29,0.0313,124.012,0.417,5
0.0172,0.491,298267,0.6859999999999999,0,0.193,11,0.131,-11.991,0,32,0.0314,97.595,0.334,4
0.763,0.5660000000000001,117467,0.017,0,0.0,1,0.12,-26.366,1,0,0.105,115.637,0.395,7
0.995,0.493,184240,0.0175,0,0.915,0,0.0772,-26.523000000000003,1,8,0.0582,120.596,0.0477,8
0.000176,0.59,224093,0.698,0,0.0,11,0.107,-4.262,1,60,0.0286,95.975,0.35200000000000004,1
0.867,0.726,168507,0.28,0,0.000509,10,0.255,-11.784,1,5,0.0479,96.286,0.805,9
0.848,0.503,198293,0.0512,0,0.0,2,0.106,-19.874,1,37,0.0506,146.205,0.375,6
0.245,0.7170000000000001,378787,0.311,0,0.0,3,0.0914,-18.338,0,16,0.95,84.17399999999998,0.611,9
0.5820000000000001,0.63,225187,0.539,0,9.18e-05,5,0.639,-7.672999999999999,1,53,0.039,158.724,0.563,2
0.852,0.561,221720,0.28600000000000003,0,3.5600000000000005e-05,2,0.116,-10.917,1,60,0.0266,90.00399999999998,0.409,1
0.0289,0.464,248533,0.8640000000000001,0,6.78e-05,4,0.305,-6.737,1,29,0.0316,157.92600000000004,0.964,4
0.698,0.438,408733,0.438,0,0.417,0,0.0913,-12.836,1,34,0.0281,128.026,0.5529999999999999,5
0.551,0.8029999999999999,286920,0.502,0,0.0,9,0.139,-11.722,1,44,0.342,177.18599999999995,0.83,3
0.0276,0.782,440072,0.7,0,0.8759999999999999,8,0.0765,-3.02,1,0,0.0443,119.969,0.353,10
0.992,0.258,490000,0.101,0,0.603,3,0.129,-19.604,1,0,0.0447,93.776,0.108,9
0.00757,0.365,250533,0.606,0,0.052000000000000005,1,0.103,-7.174,0,65,0.0415,114.995,0.191,1
0.461,0.706,135240,0.521,0,0.0,0,0.0991,-8.016,1,39,0.354,172.083,0.742,3
0.494,0.797,214880,0.472,0,0.000208,2,0.0422,-3.478,1,50,0.0428,129.959,0.965,1
0.977,0.728,179800,0.189,0,9.4e-06,3,0.523,-13.03,1,9,0.054000000000000006,101.408,0.613,9
0.547,0.0618,288067,0.00281,0,0.264,0,0.159,-41.589,0,0,0.0355,69.911,0.0345,8
0.0407,0.6459999999999999,224333,0.964,0,3.65e-06,7,0.293,-3.177,1,54,0.0369,95.479,0.747,2
0.845,0.627,202240,0.326,0,0.000279,1,0.412,-11.804,1,12,0.285,107.999,0.618,6
0.69,0.701,175760,0.29,0,0.0098,5,0.0727,-16.298,0,11,0.0337,135.97299999999998,0.8859999999999999,7
0.991,0.455,202293,0.46,0,0.0182,7,0.0736,-8.289,1,0,0.0415,77.638,0.8340000000000001,8
0.289,0.482,330480,0.662,0,0.0106,7,0.0972,-10.827,1,51,0.0326,106.757,0.544,5
0.893,0.464,144680,0.267,0,0.0,0,0.0755,-15.337,1,11,0.0299,95.299,0.459,6
0.994,0.337,209360,0.103,0,0.894,2,0.115,-15.630999999999998,1,28,0.0601,67.785,0.255,8
0.134,0.273,387000,0.39,0,0.0017399999999999998,8,0.183,-12.384,0,61,0.0317,103.955,0.0851,4
0.653,0.608,159307,0.34,0,0.0,10,0.408,-7.127999999999999,1,41,0.0328,93.363,0.609,3
0.133,0.82,208587,0.8340000000000001,0,0.0,1,0.188,0.116,0,41,0.0986,123.006,0.861,2
0.726,0.705,193750,0.812,0,5.54e-06,0,0.0573,-8.856,1,5,0.35,138.412,0.963,9
0.945,0.233,306000,0.097,0,0.218,9,0.101,-15.629,1,0,0.0423,86.96600000000002,0.301,8
0.111,0.728,254640,0.444,1,0.000138,10,0.364,-16.408,0,42,0.31,93.645,0.898,3
0.333,0.441,177523,0.599,0,0.00198,0,0.103,-8.985,1,75,0.225,165.21200000000005,0.35,1
0.0619,0.552,310960,0.644,0,7.54e-06,4,0.124,-12.623,0,32,0.0418,110.07,0.445,4
0.919,0.593,294707,0.778,0,0.836,7,0.0913,-6.8610000000000015,1,20,0.0395,126.829,0.4920000000000001,6
0.509,0.596,211853,0.421,0,0.0,9,0.132,-8.74,0,43,0.031,86.925,0.466,2
0.35600000000000004,0.67,209947,0.513,0,2.78e-06,7,0.121,-8.698,1,35,0.0416,96.085,0.912,3
0.0208,0.7040000000000001,230227,0.961,0,0.594,4,0.0737,-6.455,0,67,0.0719,127.011,0.145,0
0.468,0.7509999999999999,259267,0.467,0,8.8e-05,5,0.0511,-9.295,1,41,0.0314,118.159,0.935,4
0.995,0.258,260067,0.034,0,0.723,8,0.116,-27.661,1,29,0.0582,74.597,0.0556,4
0.732,0.664,155867,0.384,0,0.0,8,0.0946,-11.375,0,13,0.0322,68.046,0.7859999999999999,6
0.0959,0.429,157388,0.586,0,0.0346,9,0.122,-9.554,0,7,0.0399,160.35299999999995,0.887,8
0.949,0.415,325640,0.152,0,0.775,5,0.105,-14.504,1,12,0.0374,113.468,0.0754,6
0.0485,0.955,190880,0.4970000000000001,1,0.0,7,0.0912,-8.551,1,45,0.309,101.857,0.603,2
0.479,0.62,309013,0.334,0,1.2e-06,4,0.16899999999999998,-15.598,1,50,0.0536,139.375,0.298,2
0.00395,0.547,449720,0.831,0,8.08e-06,0,0.12,-5.06,0,54,0.0324,130.0,0.101,1
0.014,0.61,209453,0.8240000000000001,0,1.6899999999999994e-05,9,0.138,-5.2170000000000005,1,55,0.0347,128.025,0.472,1
0.00153,0.469,275800,0.684,0,0.15,11,0.629,-16.265,0,27,0.0397,172.03900000000004,0.647,4
0.983,0.458,201413,0.319,0,0.211,8,0.326,-12.817,0,0,0.0357,113.573,0.594,8
0.415,0.6509999999999999,182160,0.606,0,0.0,5,0.0835,-13.74,0,22,0.0644,103.997,0.769,5
0.991,0.649,192333,0.0709,0,0.863,0,0.139,-20.096,1,7,0.0478,111.303,0.201,10
0.7340000000000001,0.328,723893,0.73,0,2.9600000000000005e-05,7,0.237,-4.383,1,0,0.0375,104.771,0.603,7
0.93,0.41,229040,0.0755,0,0.00129,2,0.145,-15.274,0,13,0.0319,99.335,0.21,8
0.691,0.434,205307,0.398,0,0.0,8,0.0991,-7.789,1,59,0.0508,167.657,0.299,1
0.424,0.299,504933,0.409,0,0.406,7,0.61,-11.398,1,24,0.0309,114.088,0.254,6
0.000948,0.457,237360,0.818,0,0.0553,1,0.28800000000000003,-8.548,0,33,0.036000000000000004,159.838,0.907,4
0.5539999999999999,0.633,175190,0.266,0,0.799,2,0.0901,-17.721,1,9,0.222,141.586,0.7829999999999999,9
0.0728,0.495,107813,0.73,0,0.0,7,0.379,-8.009,1,42,0.107,162.321,0.918,5
0.69,0.677,341400,0.5,0,0.0,3,0.174,-8.285,1,57,0.0265,149.784,0.375,2
0.865,0.22,173333,0.166,0,0.000834,4,0.35600000000000004,-18.713,0,14,0.0349,84.961,0.162,7
4.87e-06,0.16699999999999998,202627,0.944,0,0.736,8,0.308,-8.316,1,26,0.0654,160.129,0.182,4
0.0651,0.774,257865,0.851,1,0.0,11,0.0568,-2.795,0,73,0.255,180.08599999999996,0.695,1
0.135,0.298,639827,0.955,0,0.00187,4,0.179,-4.524,1,34,0.0839,134.671,0.052000000000000005,4
0.932,0.56,217173,0.725,0,2.7399999999999995e-05,1,0.691,-11.888,0,7,0.934,107.281,0.654,6
0.97,0.402,411680,0.289,0,0.888,10,0.105,-13.663,0,2,0.0343,140.287,0.478,7
0.99,0.524,170893,0.26,0,0.496,2,0.11,-16.254,1,0,0.0382,103.963,0.298,7
0.535,0.5660000000000001,253373,0.507,0,0.00619,6,0.107,-6.973,1,57,0.0279,158.119,0.141,1
0.937,0.4970000000000001,316200,0.0263,0,0.951,3,0.17,-21.168000000000006,1,14,0.0378,111.636,0.195,7
7.659999999999999e-05,0.434,254027,0.883,0,2.58e-05,9,0.263,-3.13,0,41,0.0514,170.02200000000005,0.242,2
0.278,0.677,247440,0.7609999999999999,0,4.03e-05,9,0.626,-11.481,1,34,0.0807,90.143,0.514,3
0.754,0.6579999999999999,162640,0.544,0,0.0,8,0.343,-7.847,1,19,0.0607,136.812,0.965,7
0.949,0.379,211587,0.181,0,1.6e-06,7,0.14800000000000002,-13.675,1,50,0.0321,91.441,0.0738,3
0.26,0.54,217227,0.48,0,1.4e-05,1,0.0283,-14.246,1,21,0.0309,128.373,0.5920000000000001,5
0.084,0.579,177867,0.5539999999999999,0,0.0,5,0.219,-8.896,1,23,0.0286,124.067,0.491,6
0.733,0.607,189240,0.281,0,0.000123,11,0.29,-12.632,1,65,0.0258,134.977,0.468,2
0.0273,0.393,218347,0.936,0,0.000322,0,0.329,-3.39,1,44,0.0366,161.904,0.5539999999999999,2
0.995,0.6509999999999999,175507,0.274,0,0.006790000000000001,6,0.293,-9.043,1,0,0.0552,121.646,0.573,10
0.0143,0.835,219893,0.909,0,0.000131,7,0.217,-4.707,1,54,0.0618,114.01,0.752,2
0.918,0.35,284307,0.156,0,8.13e-06,10,0.162,-18.86,1,37,0.0382,118.147,0.179,7
0.0466,0.5710000000000001,351933,0.7240000000000001,0,0.0041600000000000005,9,0.0454,-12.827,1,33,0.0309,120.108,0.608,6
0.995,0.66,220333,0.118,0,0.259,5,0.112,-19.224,1,0,0.217,113.752,0.495,9
0.93,0.598,310780,0.175,0,0.00307,7,0.7829999999999999,-21.759,1,0,0.375,109.259,0.272,7
0.8540000000000001,0.632,151427,0.5589999999999999,0,0.000103,5,0.127,-10.49,1,54,0.0674,182.942,0.884,1
0.0654,0.6990000000000001,217200,0.675,1,0.0,9,0.14300000000000002,-5.382999999999999,1,62,0.387,105.151,0.442,1
0.00635,0.498,170907,0.913,0,0.0371,9,0.0959,-6.1670000000000025,1,45,0.0323,136.965,0.701,3
0.139,0.735,370573,0.403,0,0.473,4,0.107,-11.599,0,62,0.037000000000000005,115.658,0.453,3
0.598,0.789,248053,0.789,0,0.0,2,0.099,-4.813,1,71,0.298,119.95,0.37,1
0.235,0.452,248587,0.384,0,3.69e-05,7,0.95,-8.845,1,52,0.0263,64.429,0.21600000000000005,2
0.787,0.795,140387,0.417,0,0.0018,9,0.16,-10.637,1,14,0.0722,134.954,0.7120000000000001,7
0.69,0.46,646453,0.311,0,0.000607,8,0.0874,-16.329,1,18,0.0638,85.676,0.49,7
0.0998,0.387,328813,0.726,1,0.0,1,0.653,-7.681,1,53,0.412,78.846,0.632,1
0.8140000000000001,0.172,261773,0.187,0,0.0,11,0.0871,-11.546,0,47,0.0321,78.92399999999998,0.149,2
0.591,0.371,177960,0.421,0,1.18e-06,10,0.0767,-12.079,1,30,0.0276,79.7,0.363,6
0.665,0.509,139840,0.526,0,0.0,4,0.675,-9.926,0,35,0.0852,109.968,0.383,6
0.0526,0.453,166000,0.4270000000000001,0,0.0172,10,0.0897,-16.98,1,30,0.0347,117.848,0.598,6
0.8440000000000001,0.5579999999999999,271040,0.268,0,0.0,9,0.098,-9.238,0,45,0.0305,144.71200000000005,0.184,2
0.14800000000000002,0.378,240004,0.903,1,0.0,8,0.188,-5.232,0,47,0.514,179.265,0.206,1
0.936,0.504,185800,0.493,0,0.363,8,0.211,-10.063,1,5,0.0356,110.014,0.877,7
0.987,0.4270000000000001,160009,0.376,0,0.00443,6,0.0766,-5.932,0,0,0.0369,98.115,0.64,7
0.968,0.17,122067,0.265,0,0.927,3,0.294,-13.989,1,26,0.0343,86.96799999999998,0.19,6
0.228,0.7290000000000001,176481,0.525,0,4.36e-05,8,0.309,-7.241,1,64,0.0995,110.012,0.782,0
0.8540000000000001,0.191,184707,0.234,0,2.18e-06,2,0.539,-10.354,1,0,0.0308,86.387,0.21600000000000005,7
0.846,0.568,301307,0.436,0,0.0568,5,0.159,-13.947,0,17,0.0412,93.938,0.5770000000000001,6
0.454,0.809,185133,0.6970000000000001,0,0.0,7,0.0687,-5.54,1,59,0.0632,113.58,0.888,1
0.254,0.795,193373,0.741,0,0.000251,0,0.189,-6.78,1,53,0.0534,117.906,0.961,4
0.447,0.493,276373,0.779,0,2.03e-06,2,0.0865,-5.5829999999999975,0,53,0.0408,87.14200000000002,0.654,2
0.0122,0.423,173173,0.931,0,0.00103,4,0.629,-5.229,0,61,0.0542,150.385,0.605,1
0.00673,0.433,163160,0.596,0,0.0011,0,0.214,-9.044,1,28,0.0383,116.875,0.212,5
0.994,0.512,139733,0.29100000000000004,0,0.944,4,0.247,-14.599,1,0,0.0407,150.63,0.888,10
0.000479,0.634,210933,0.662,0,0.0014199999999999998,6,0.111,-7.542999999999997,1,70,0.0325,90.01100000000002,0.244,1
0.0588,0.706,248133,0.89,0,0.00288,1,0.305,-4.447,0,8,0.0687,128.012,0.685,0
0.0332,0.168,186400,0.79,0,0.0,0,0.218,-5.2810000000000015,1,31,0.0469,76.836,0.446,5
0.956,0.5539999999999999,153253,0.0434,0,0.000447,11,0.106,-18.581,0,48,0.0432,91.432,0.238,7
0.00033,0.405,296733,0.95,0,3.47e-06,6,0.108,-2.8,1,59,0.071,139.715,0.383,1
0.843,0.55,116667,0.271,0,3.21e-06,2,0.107,-8.451,1,71,0.0297,111.344,0.198,1
0.731,0.679,153773,0.71,0,1.09e-06,9,0.0785,-7.188,0,29,0.0356,121.16,0.831,6
0.13699999999999998,0.53,401027,0.936,0,0.0,8,0.315,-7.193,1,40,0.223,120.955,0.6579999999999999,5
0.29600000000000004,0.393,165427,0.795,0,0.81,4,0.191,-12.939,1,22,0.0359,97.061,0.52,6
0.875,0.3670000000000001,208107,0.345,0,0.208,9,0.203,-12.851,0,14,0.0345,114.941,0.607,7
0.752,0.39,459213,0.34600000000000003,0,0.00454,9,0.149,-13.611,1,32,0.087,76.081,0.34700000000000003,5
0.193,0.8370000000000001,326960,0.35100000000000003,0,1.46e-06,11,0.35,-14.189,1,42,0.0491,124.011,0.462,6
0.0511,0.968,262308,0.589,1,0.0,11,0.0731,-7.808,1,66,0.255,129.993,0.268,1
0.0158,0.8909999999999999,200080,0.486,1,3.78e-06,6,0.0925,-7.803,1,74,0.159,125.01,0.239,1
0.947,0.28600000000000003,97800,0.093,0,0.000154,7,0.14400000000000002,-22.382,1,0,0.0668,170.03900000000004,0.0398,7
0.642,0.297,209533,0.447,0,4.370000000000001e-05,0,0.163,-4.698,1,37,0.03,127.084,0.276,6
0.848,0.639,142800,0.28,0,0.0,9,0.472,-13.535,1,20,0.0325,117.071,0.6729999999999999,6
0.289,0.83,247059,0.49,1,3.04e-06,1,0.113,-8.82,0,87,0.209,81.604,0.845,0
0.0237,0.561,429493,0.89,0,0.918,9,0.318,-5.185,0,40,0.0365,118.967,0.51,4
0.807,0.563,180987,0.5579999999999999,0,1.98e-05,6,0.154,-3.932,1,37,0.0364,68.845,0.5579999999999999,7
0.987,0.377,143400,0.306,0,0.00239,2,0.129,-11.269,1,0,0.11,211.294,0.902,7
0.963,0.552,195067,0.266,0,0.0152,5,0.4320000000000001,-11.338,1,5,0.142,157.75799999999995,0.494,10
0.175,0.696,194755,0.693,0,0.0,3,0.122,-4.64,1,65,0.044,126.025,0.601,1
0.943,0.6759999999999999,176440,0.0783,0,0.911,8,0.116,-17.384,0,6,0.0958,171.64,0.515,7
0.155,0.802,208693,0.342,0,0.00145,1,0.0778,-14.304,1,21,0.0374,125.173,0.591,5
0.157,0.672,197067,0.7879999999999999,0,8.420000000000001e-05,2,0.27,-10.011,1,38,0.0305,129.132,0.976,3
0.0603,0.314,514400,0.377,0,0.00313,4,0.199,-14.615,0,31,0.0444,169.67,0.23,5
0.113,0.457,272133,0.487,0,2.37e-06,7,0.358,-7.112,1,70,0.0266,136.596,0.139,4
0.0895,0.585,270067,0.759,0,0.00205,7,0.29,-7.8610000000000015,1,41,0.0387,152.468,0.925,5
0.534,0.631,160427,0.605,0,3.34e-05,2,0.0871,-11.421,1,47,0.0241,94.906,0.815,5
0.994,0.633,172478,0.181,0,0.675,7,0.131,-9.517,0,0,0.243,121.023,0.77,8
0.457,0.649,241427,0.331,0,2.59e-05,7,0.444,-16.771,1,30,0.0283,133.441,0.816,3
0.995,0.387,129013,0.314,0,0.914,7,0.136,-16.248,1,1,0.0363,93.653,0.7859999999999999,8
0.0316,0.628,196849,0.883,0,0.000106,8,0.0622,-5.5779999999999985,0,54,0.14,87.91,0.6579999999999999,1
0.73,0.378,182933,0.233,0,0.0,0,0.28600000000000003,-11.368,1,34,0.0422,133.401,0.423,7
0.306,0.475,170667,0.361,1,0.0,0,0.17,-12.630999999999998,1,40,0.38,146.593,0.435,2
0.0829,0.579,235200,0.667,0,0.000605,4,0.0547,-12.361,0,52,0.04,131.02200000000002,0.449,5
0.747,0.512,398733,0.295,0,0.0152,3,0.103,-14.292,1,40,0.0393,76.12100000000002,0.35,3
0.0329,0.588,212827,0.6970000000000001,0,2.42e-06,2,0.18600000000000005,-13.944,1,28,0.0317,129.17,0.97,4
0.0621,0.733,213707,0.565,0,0.000324,0,0.104,-8.515,1,57,0.0367,120.006,0.35,1
0.909,0.68,163109,0.245,0,0.0434,0,0.126,-14.657,0,0,0.0619,97.218,0.821,8
0.993,0.397,199507,0.182,0,0.821,0,0.11,-15.25,1,0,0.0493,137.14600000000002,0.598,10
0.691,0.515,250587,0.412,0,0.09,5,0.0907,-10.995,0,53,0.033,78.352,0.444,5
0.17,0.581,261120,0.872,0,0.0,5,0.389,-5.4910000000000005,0,33,0.0306,88.28299999999999,0.76,3
0.00219,0.413,220413,0.939,0,0.00225,9,0.366,-2.549,0,56,0.131,160.085,0.187,1
0.933,0.491,215440,0.152,0,0.0218,7,0.826,-17.497,1,25,0.0281,93.834,0.426,6
0.105,0.585,233645,0.691,1,0.0,0,0.08800000000000001,-6.015,1,59,0.259,125.978,0.349,1
0.118,0.738,289253,0.695,1,0.0,8,0.13,-5.7639999999999985,1,53,0.219,148.004,0.5660000000000001,2
0.000446,0.528,251160,0.919,0,0.00201,9,0.339,-7.005,1,35,0.0761,159.197,0.514,3
0.951,0.429,246107,0.196,0,0.0073599999999999985,0,0.411,-13.661,1,16,0.0336,127.939,0.373,7
0.992,0.466,186080,0.0881,0,0.918,6,0.117,-20.803,0,0,0.0352,92.603,0.333,8
0.0468,0.53,667760,0.544,0,0.00067,2,0.412,-8.721,1,33,0.0463,83.20299999999997,0.579,6
0.486,0.459,146800,0.411,0,0.0,0,0.616,-11.817,0,8,0.0652,120.621,0.4,8
0.995,0.585,206071,0.254,0,0.407,10,0.584,-9.336,0,0,0.097,137.768,0.725,8
0.985,0.321,358493,0.0566,0,0.894,3,0.0894,-26.859,1,34,0.05,134.364,0.14400000000000002,4
6.63e-05,0.4370000000000001,187827,0.907,0,0.0,4,0.14400000000000002,-3.244,1,45,0.0959,150.895,0.454,2
0.784,0.767,115627,0.402,0,0.0,5,0.363,-10.935,0,32,0.47,125.466,0.898,6
0.304,0.682,256040,0.349,0,3.68e-06,3,0.165,-17.927,0,16,0.929,89.55799999999998,0.6859999999999999,9
0.00338,0.333,221173,0.91,1,0.685,3,0.74,-8.056000000000001,1,33,0.0833,156.03,0.62,4
0.0237,0.75,271680,0.735,0,0.124,9,0.129,-8.509,1,32,0.109,92.902,0.518,3
0.899,0.257,82160,0.502,0,3.8e-06,3,0.132,-9.899,1,23,0.076,198.18400000000003,0.848,6
0.951,0.173,181647,0.378,0,0.197,2,0.326,-8.075,1,0,0.0408,68.085,0.0996,9
0.0896,0.782,124902,0.5529999999999999,1,0.0,2,0.0817,-9.412,1,54,0.354,83.88,0.234,0
0.267,0.7509999999999999,210427,0.456,0,5.29e-06,6,0.267,-9.454,0,51,0.0364,82.12100000000002,0.221,1
0.219,0.851,226880,0.406,0,6.79e-06,1,0.0853,-11.630999999999998,1,59,0.0662,97.84,0.7929999999999999,3
0.0357,0.643,276067,0.816,0,7.28e-05,7,0.218,-8.535,1,47,0.0476,115.061,0.616,3
0.995,0.561,154000,0.3670000000000001,0,0.0,9,0.34,-15.549,1,0,0.354,75.554,0.759,10
0.0218,0.645,163573,0.523,0,8.76e-06,2,0.127,-13.105,1,33,0.078,155.65200000000004,0.716,4
0.000128,0.632,267560,0.7340000000000001,0,1.05e-05,9,0.337,-5.1789999999999985,1,58,0.0375,116.336,0.645,1
0.627,0.629,337133,0.248,0,0.00011,10,0.0884,-16.026,0,50,0.0307,136.89600000000002,0.3720000000000001,3
0.953,0.434,197480,0.263,0,0.0014,0,0.405,-10.778,0,0,0.0458,84.545,0.6779999999999999,8
0.8170000000000001,0.245,161373,0.293,0,0.0,4,0.177,-10.361,1,56,0.0303,168.984,0.344,6
0.923,0.467,173027,0.297,0,8.47e-05,7,0.382,-10.094,1,3,0.0298,119.308,0.522,7
0.159,0.604,312693,0.493,0,1.94e-06,7,0.7190000000000001,-11.134,1,34,0.0387,139.678,0.408,3
0.0984,0.0574,169331,0.496,0,0.0,1,0.8109999999999999,-32.727,1,69,0.157,52.764,0.0273,1
0.981,0.6829999999999999,184507,0.56,0,0.0659,4,0.8,-5.3260000000000005,1,0,0.0379,125.472,0.957,9
0.985,0.273,192333,0.198,0,0.149,5,0.132,-15.998,0,0,0.0383,183.615,0.612,7
0.828,0.512,176667,0.0953,0,0.000268,2,0.117,-16.082,1,56,0.0304,134.70600000000002,0.193,6
0.828,0.324,209293,0.287,0,4.21e-06,0,0.146,-13.33,1,4,0.0437,151.42600000000004,0.402,8
0.677,0.716,117555,0.113,1,0.0,6,0.474,-21.765,1,0,0.966,64.215,0.598,8
0.596,0.8270000000000001,178107,0.426,0,0.000233,3,0.33,-12.706,1,16,0.0861,138.24200000000002,0.91,7
0.281,0.936,268693,0.514,0,4.83e-06,7,0.0738,-6.884,1,37,0.0471,126.956,0.86,3
0.149,0.675,169320,0.723,0,1.26e-05,9,0.206,-8.235,1,31,0.0369,133.65200000000002,0.962,5
0.955,0.679,145554,0.271,0,0.0,5,0.1,-14.55,1,0,0.0871,125.092,0.919,8
0.333,0.337,391773,0.309,0,0.0151,11,0.117,-13.419,0,44,0.0325,131.857,0.181,5
0.795,0.29600000000000004,248827,0.162,0,0.0,5,0.0923,-14.220999999999998,1,17,0.0409,177.13099999999997,0.326,6
0.802,0.464,228640,0.0822,0,0.8959999999999999,2,0.279,-25.993,0,14,0.0397,98.242,0.113,6
0.414,0.3670000000000001,276773,0.4970000000000001,0,5.56e-06,8,0.13699999999999998,-14.535,0,38,0.175,103.606,0.196,3
0.0157,0.674,191000,0.862,0,0.000427,11,0.16899999999999998,-4.614,1,52,0.0253,129.965,0.5,2
0.992,0.6940000000000001,192799,0.152,0,0.935,3,0.139,-17.947,1,2,0.0541,74.977,0.6409999999999999,7
0.972,0.471,189867,0.11,0,1.07e-05,10,0.0729,-19.947,1,0,0.0566,60.48,0.12,7
0.995,0.615,196000,0.0362,0,0.316,2,0.133,-20.456,1,0,0.105,118.686,0.502,9
0.993,0.468,235040,0.0516,0,0.91,8,0.0956,-21.239,1,5,0.0438,70.402,0.154,10
0.606,0.701,200240,0.379,0,0.000328,2,0.404,-16.128,1,30,0.0356,130.711,0.915,3
0.525,0.535,206307,0.227,0,0.000268,2,0.118,-20.666,1,31,0.0323,95.08,0.204,5
2.46e-05,0.274,249200,0.961,0,0.11,9,0.0843,-3.988,1,32,0.075,166.176,0.573,4
0.988,0.716,173584,0.0824,0,6.720000000000001e-05,9,0.13,-15.718,0,0,0.0514,124.561,0.821,8
0.287,0.56,309400,0.868,0,0.0,9,0.0859,-4.743,0,49,0.0999,92.967,0.84,3
0.7190000000000001,0.708,252096,0.188,0,0.0,0,0.151,-15.937,1,0,0.957,98.965,0.384,9
0.191,0.255,222133,0.915,0,2.3e-05,9,0.314,-9.092,1,23,0.101,172.25599999999997,0.362,4
0.00834,0.381,233240,0.732,1,0.0101,10,0.0854,-7.5939999999999985,0,66,0.0536,142.504,0.8140000000000001,3
0.99,0.338,194173,0.0359,0,4.38e-06,7,0.129,-19.363,1,27,0.0353,96.566,0.195,7
0.00192,0.759,227107,0.856,0,3.26e-06,5,0.133,-7.058,1,56,0.0862,89.936,0.565,2
0.0036,0.251,108067,0.556,0,0.883,9,0.232,-10.97,1,43,0.027000000000000003,96.642,0.146,4
0.994,0.399,143267,0.359,0,0.932,2,0.329,-15.550999999999998,1,20,0.0467,79.467,0.763,9
0.142,0.685,213093,0.971,0,7.04e-06,9,0.0689,-3.153,0,57,0.0362,111.926,0.899,2
0.0208,0.693,205600,0.784,1,0.0,1,0.334,-5.2860000000000005,1,52,0.202,146.843,0.61,1
0.964,0.488,177040,0.3,0,0.0206,10,0.12,-12.055,0,6,0.121,82.229,0.273,7
0.991,0.0887,389133,0.0115,0,0.913,0,0.111,-35.008,1,40,0.0388,69.47800000000001,0.0889,4
0.498,0.284,189800,0.28800000000000003,0,0.0,7,0.331,-13.869000000000002,0,26,0.0366,81.57600000000002,0.562,6
0.000704,0.6890000000000001,243400,0.797,0,0.0604,10,0.0232,-4.592,0,33,0.0426,103.678,0.8079999999999999,3
0.0317,0.877,189230,0.391,1,0.000502,1,0.0945,-8.196,1,69,0.063,131.018,0.122,1
0.154,0.5379999999999999,236293,0.618,0,0.0,0,0.113,-11.734000000000002,1,35,0.0394,102.897,0.7609999999999999,3
0.212,0.5479999999999999,216387,0.805,1,0.000389,7,0.408,-5.732,1,84,0.35100000000000003,142.094,0.648,1
0.0515,0.755,409933,0.502,0,0.0344,11,0.124,-22.645,1,31,0.0576,117.411,0.841,4
0.986,0.365,197880,0.135,0,9.05e-06,6,0.24,-14.491,1,0,0.0341,123.801,0.204,8
0.403,0.653,272867,0.405,0,0.000106,7,0.0622,-11.148,1,3,0.0319,68.585,0.625,9
0.983,0.884,160633,0.304,0,2.04e-06,2,0.17,-8.847000000000003,0,0,0.0716,112.913,0.956,8
0.981,0.602,182282,0.488,0,0.0030800000000000003,8,0.16699999999999998,-10.390999999999998,1,0,0.0472,151.15200000000004,0.621,9
0.102,0.479,211080,0.828,1,0.00251,11,0.758,-6.0920000000000005,0,37,0.232,179.107,0.56,2
0.595,0.8490000000000001,154078,0.439,0,0.000712,0,0.0976,-12.779000000000002,1,8,0.0464,109.182,0.956,7
0.502,0.655,187820,0.653,0,0.75,4,0.0781,-7.487999999999999,1,54,0.0278,114.995,0.732,1
0.343,0.779,174733,0.754,1,2.6e-06,5,0.0965,-4.3580000000000005,1,55,0.0966,89.99799999999998,0.883,1
0.995,0.392,177147,0.391,0,0.37,9,0.13699999999999998,-11.201,1,0,0.0389,115.399,0.384,9
0.841,0.632,102587,0.414,0,0.006690000000000001,0,0.159,-4.948,1,7,0.0389,125.32,0.7040000000000001,7
0.945,0.27,161293,0.37,0,0.000387,8,0.126,-10.55,1,0,0.0346,114.938,0.265,8
0.126,0.735,220133,0.937,1,6.13e-05,7,0.597,-5.1110000000000015,1,42,0.173,91.633,0.522,3
0.14300000000000002,0.75,229093,0.4920000000000001,0,0.0,1,0.057,-7.535,1,49,0.0527,80.926,0.917,2
0.993,0.67,196133,0.279,0,0.0284,5,0.174,-11.723,0,10,0.0641,77.178,0.675,10
0.685,0.695,130926,0.253,0,0.14,2,0.105,-15.884,1,72,0.0461,120.033,0.264,1
0.299,0.732,221533,0.494,0,0.205,6,0.0919,-13.571,0,65,0.0406,126.986,0.799,6
0.769,0.871,48373,0.238,0,0.0,7,0.132,-17.352999999999998,1,0,0.101,115.04,0.892,8
0.963,0.261,159053,0.163,0,0.813,9,0.119,-19.123,0,9,0.0336,72.13600000000002,0.0546,6
0.87,0.7120000000000001,161387,0.409,0,0.00372,5,0.207,-10.097,1,0,0.0387,129.781,0.963,7
0.968,0.54,155627,0.206,0,0.6729999999999999,2,0.0623,-9.156,1,0,0.0675,127.305,0.602,8
0.892,0.304,145067,0.121,0,0.0224,9,0.115,-17.057000000000002,1,27,0.0354,66.319,0.173,7
0.933,0.39,167600,0.308,0,0.93,0,0.122,-20.274,1,8,0.0354,147.55,0.96,7
0.974,0.569,210520,0.46,0,0.0174,7,0.106,-8.796,1,0,0.0322,78.59100000000002,0.7440000000000001,9
0.505,0.493,190840,0.59,0,0.0,2,0.267,-5.877999999999999,1,55,0.061,94.551,0.231,1
0.0162,0.836,377760,0.474,0,0.0813,0,0.251,-11.082,0,29,0.0973,108.907,0.777,4
0.0484,0.8079999999999999,172027,0.8690000000000001,0,0.000698,0,0.202,-6.0070000000000014,1,27,0.0519,134.743,0.921,4
0.8590000000000001,0.64,197960,0.196,0,9.45e-05,3,0.0888,-9.643,0,57,0.0403,75.525,0.299,6
0.145,0.29100000000000004,281907,0.603,0,0.6709999999999999,0,0.196,-16.36,1,42,0.0471,125.022,0.189,3
0.983,0.63,170945,0.183,0,0.00376,5,0.218,-18.263,1,0,0.0525,110.508,0.754,8
0.961,0.468,150093,0.32299999999999995,0,7.85e-05,0,0.727,-12.765,1,12,0.0263,99.264,0.627,6
0.0433,0.6679999999999999,251787,0.613,0,4.42e-05,0,0.139,-7.05,0,0,0.0421,135.036,0.219,0
0.12,0.721,260760,0.546,0,0.000306,7,0.0861,-10.951,1,38,0.0391,86.921,0.951,3
0.0543,0.568,200453,0.494,0,0.6559999999999999,5,0.135,-8.032,0,40,0.0294,110.395,0.633,3
0.973,0.38,200440,0.155,0,1.7e-05,1,0.0977,-11.977,1,53,0.0311,94.23,0.127,7
0.105,0.628,247507,0.555,0,0.0,6,0.0707,-8.718,1,55,0.0287,106.104,0.607,5
0.0032600000000000003,0.69,211133,0.629,1,0.00135,2,0.292,-8.677,1,31,0.0345,73.617,0.789,4
0.969,0.496,201400,0.297,0,0.0,2,0.165,-16.775,1,0,0.0816,84.27799999999998,0.795,10
0.44,0.404,424333,0.7490000000000001,0,0.47,1,0.34,-10.3,1,51,0.0564,115.428,0.461,4
0.995,0.51,179048,0.245,0,0.015,8,0.239,-7.126,1,0,0.0522,69.158,0.6709999999999999,8
0.363,0.63,174333,0.6709999999999999,1,0.0,6,0.113,-6.659,0,76,0.256,89.921,0.333,1
0.0102,0.8270000000000001,425267,0.66,0,0.00136,9,0.257,-7.64,1,37,0.0986,118.609,0.742,4
0.7240000000000001,0.655,184267,0.71,0,6.76e-06,9,0.13,-10.877,1,39,0.0281,89.65799999999999,0.8859999999999999,6
2.37e-05,0.255,178147,0.904,0,0.836,0,0.23,-6.3329999999999975,1,24,0.08199999999999999,185.754,0.267,4
0.0819,0.7020000000000001,260000,0.752,0,0.0,11,0.146,-5.932,0,54,0.105,98.824,0.6609999999999999,3
0.971,0.14300000000000002,244773,0.192,0,0.02,1,0.183,-15.355,1,44,0.0376,79.619,0.127,2
0.8220000000000001,0.138,213933,0.149,0,1.35e-05,10,0.129,-15.800999999999998,1,29,0.0352,74.387,0.135,7
0.159,0.637,318107,0.5489999999999999,0,1.4499999999999993e-05,11,0.155,-7.494,1,51,0.0567,75.821,0.61,5
0.98,0.244,201352,0.407,0,0.847,6,0.765,-13.996,0,0,0.14400000000000002,74.743,0.304,9
0.995,0.616,131413,0.0267,0,0.000185,6,0.306,-31.57800000000001,1,0,0.302,63.98,0.324,7
0.959,0.209,99293,0.0416,0,0.0845,11,0.111,-26.549,1,34,0.0433,87.595,0.253,3
0.22,0.685,213511,0.742,0,0.0,8,0.185,-5.409,1,71,0.0471,115.008,0.618,1
0.611,0.628,97200,0.311,0,0.0,9,0.141,-19.733,0,0,0.954,168.446,0.59,9
0.301,0.31,150733,0.617,0,0.00468,4,0.263,-9.067,1,21,0.0296,132.678,0.899,6
2.84e-05,0.509,217400,0.936,0,0.464,8,0.254,-6.69,1,58,0.0686,95.001,0.453,2
0.00933,0.625,284027,0.7559999999999999,0,0.00134,7,0.324,-6.954,1,51,0.231,123.948,0.6729999999999999,1
0.0128,0.416,254107,0.752,0,0.0005269999999999999,9,0.595,-8.238999999999999,1,47,0.111,122.789,0.354,3
0.006379999999999999,0.622,261133,0.6940000000000001,0,0.000101,6,0.13,-7.9860000000000015,1,32,0.0313,92.116,0.733,4
0.109,0.435,161760,0.157,0,0.0074,5,0.092,-17.651,0,17,0.0475,202.513,0.647,7
0.0229,0.741,361941,0.838,0,0.309,11,0.0649,-5.181,0,47,0.0405,127.98,0.234,1
0.0766,0.413,252933,0.537,0,0.0195,6,0.154,-9.957,0,48,0.0323,147.076,0.5329999999999999,2
0.784,0.644,110853,0.129,0,5.93e-05,7,0.166,-13.69,1,31,0.0629,82.787,0.193,5
0.983,0.552,92526,0.31,0,1.04e-05,3,0.504,-14.205,1,0,0.104,84.95,0.861,7
0.127,0.564,297000,0.386,0,1.28e-05,1,0.155,-11.703,1,33,0.0278,103.47,0.341,5
0.000109,0.603,303960,0.964,0,0.0801,9,0.119,-7.245,0,32,0.043,112.798,0.564,4
0.00141,0.6729999999999999,247907,0.629,0,0.0,2,0.0944,-7.072,1,73,0.0299,103.998,0.551,1
0.721,0.708,144867,0.599,0,0.0,11,0.183,-9.586,0,10,0.0584,109.919,0.858,7
0.98,0.415,138162,0.14400000000000002,0,1.06e-05,4,0.13699999999999998,-13.079,1,15,0.0248,96.995,0.21,7
0.0227,0.894,60000,0.61,1,0.00744,4,0.102,-5.691,0,68,0.0487,136.64,0.78,1
0.953,0.338,911760,0.198,0,0.8059999999999999,7,0.269,-18.026,1,0,0.0354,116.472,0.139,9
0.013,0.616,248600,0.48,0,0.0363,7,0.111,-14.399,1,31,0.0277,133.627,0.907,4
0.643,0.0792,233941,0.187,0,0.83,4,0.175,-16.741,0,17,0.0379,79.275,0.0758,6
0.00465,0.635,221293,0.74,0,0.0152,3,0.129,-4.439,0,40,0.0355,200.102,0.857,3
0.212,0.409,219680,0.546,0,4.48e-05,11,0.142,-6.252999999999999,1,59,0.0366,95.958,0.165,1
0.0268,0.769,218615,0.8170000000000001,0,9.95e-05,0,0.084,-4.092,0,66,0.0339,139.97899999999998,0.866,1
0.428,0.7020000000000001,252427,0.524,0,0.0,2,0.0727,-6.521,0,39,0.0372,85.95200000000001,0.792,3
0.314,0.468,257600,0.527,0,0.0,5,0.234,-10.781,1,53,0.0407,94.852,0.7490000000000001,6
0.00203,0.534,204667,0.908,0,0.000509,11,0.136,-11.254,0,32,0.0626,121.13,0.742,5
0.691,0.6709999999999999,208680,0.101,0,0.0529,0,0.0611,-17.691,1,9,0.0343,101.393,0.41,6
0.245,0.727,247907,0.8109999999999999,0,1.22e-05,0,0.192,-11.547,0,43,0.0385,97.098,0.8079999999999999,4
0.944,0.157,250880,0.0403,0,0.857,5,0.0509,-26.817,1,46,0.0403,92.129,0.0397,2
0.016,0.32,334600,0.773,0,0.0188,9,0.29100000000000004,-9.553,1,34,0.0606,100.829,0.16899999999999998,5
0.88,0.68,180600,0.255,0,3.74e-05,1,0.0849,-13.882,1,0,0.064,112.115,0.522,8
0.933,0.685,152133,0.00498,0,0.312,7,0.109,-33.704,1,4,0.0534,82.273,0.234,7
0.26,0.601,577227,0.897,0,0.000209,7,0.989,-6.238,1,20,0.0695,97.567,0.73,4
0.4,0.6859999999999999,145920,0.424,0,0.000123,9,0.0685,-11.04,1,12,0.044,115.447,0.939,6
0.333,0.311,541800,0.643,0,0.8340000000000001,2,0.0421,-13.234000000000002,0,28,0.0616,140.143,0.382,5
0.502,0.515,159200,0.212,0,0.0,4,0.0817,-12.197,1,14,0.0303,78.415,0.332,7
0.000487,0.457,202027,0.926,0,5.69e-05,0,0.0949,-5.461,1,51,0.038,93.964,0.41,2
0.297,0.713,182227,0.629,0,0.00171,8,0.18,-6.233,1,49,0.0475,98.785,0.964,2
0.942,0.388,192687,0.461,0,0.974,7,0.804,-9.653,1,0,0.0451,107.588,0.6509999999999999,9
0.252,0.638,112800,0.428,0,0.0,9,0.132,-12.156,0,64,0.0687,139.434,0.901,6
0.608,0.526,338333,0.35200000000000004,0,0.916,5,0.114,-11.259,1,42,0.0315,125.0,0.0552,2
0.774,0.792,145207,0.816,0,0.705,11,0.135,-10.401,0,0,0.0503,129.477,0.855,8
0.764,0.477,314333,0.199,0,0.00223,4,0.0862,-17.125999999999998,1,31,0.0569,93.326,0.623,4
0.994,0.16699999999999998,216680,0.0026100000000000003,0,0.887,9,0.076,-38.553,0,45,0.0426,63.029,0.104,2
0.0814,0.8490000000000001,297453,0.703,0,0.000378,7,0.094,-5.408,0,56,0.0586,149.914,0.895,2
0.672,0.293,323493,0.514,0,0.00027,9,0.0841,-12.081,1,46,0.0552,154.217,0.355,5
0.994,0.55,230286,0.187,0,0.645,9,0.133,-10.185,1,0,0.125,68.619,0.578,8
0.378,0.664,227347,0.862,0,4.19e-06,6,0.0824,-5.403,1,55,0.0679,91.91,0.782,2
0.41,0.705,114200,0.312,1,0.0,5,0.71,-16.488,1,0,0.933,107.527,0.302,7
0.996,0.715,173684,0.309,0,0.915,9,0.129,-9.632,0,9,0.0501,93.502,0.851,10
0.92,0.177,214253,0.21600000000000005,0,0.00449,8,0.102,-16.559,1,48,0.036000000000000004,80.141,0.162,7
0.912,0.374,196800,0.371,0,2.44e-06,5,0.35700000000000004,-15.069,1,0,0.0478,130.291,0.49,8
0.994,0.583,185200,0.209,0,0.321,3,0.131,-14.833,1,0,0.0523,153.174,0.92,7
0.245,0.7959999999999999,292067,0.515,0,0.00196,8,0.0515,-8.083,0,56,0.0276,93.278,0.9,3
0.57,0.46,163867,0.119,0,0.0,4,0.173,-19.474,1,30,0.0573,83.613,0.405,3
0.7929999999999999,0.532,35253,0.212,0,1.04e-06,7,0.16899999999999998,-17.684,1,37,0.0401,90.68,0.62,3
0.815,0.568,158240,0.409,0,4.66e-06,8,0.125,-14.088,1,31,0.0328,115.939,0.6,3
3.34e-05,0.234,406827,0.911,0,0.258,4,0.344,-5.114,0,46,0.08,199.846,0.197,2
0.14400000000000002,0.765,289067,0.6609999999999999,0,0.00015,0,0.0778,-6.711,1,41,0.0234,97.09,0.769,2
0.929,0.416,445493,0.172,0,0.374,0,0.131,-17.733,1,0,0.0384,148.304,0.416,9
0.8809999999999999,0.341,205093,0.102,0,1.65e-06,10,0.107,-18.431,0,3,0.0328,109.074,0.411,7
0.977,0.765,192000,0.261,0,0.0027600000000000003,4,0.26,-17.387999999999998,1,0,0.14800000000000002,117.404,0.902,9
0.0029100000000000003,0.6509999999999999,265867,0.6970000000000001,0,0.6890000000000001,8,0.251,-6.7970000000000015,0,45,0.0312,110.129,0.69,3
0.007909999999999999,0.478,267000,0.929,0,0.0,8,0.0954,-2.999,1,41,0.0433,92.022,0.521,2
0.945,0.639,186893,0.131,0,1.14e-05,5,0.105,-12.66,1,5,0.0489,144.65200000000004,0.418,8
0.364,0.455,208413,0.884,0,0.0,2,0.277,-9.159,1,58,0.0385,142.655,0.784,5
0.8370000000000001,0.6609999999999999,139547,0.292,0,0.0287,6,0.106,-13.548,1,39,0.0448,174.925,0.84,5
0.855,0.563,186040,0.127,0,0.000314,4,0.155,-19.535,1,26,0.0331,71.199,0.198,4
0.247,0.616,170640,0.605,0,0.00229,2,0.142,-12.837,1,42,0.0553,97.254,0.68,4
0.418,0.431,296172,0.174,0,9.74e-05,0,0.109,-11.373,1,41,0.0351,117.563,0.14400000000000002,5
0.993,0.487,51653,0.00181,0,0.944,0,0.086,-43.059,1,0,0.0934,119.926,0.0,7
0.0168,0.92,294000,0.579,0,0.0538,11,0.0419,-5.519,0,56,0.0414,117.083,0.8390000000000001,3
0.006370000000000001,0.502,309173,0.797,0,0.00471,11,0.114,-7.805,0,46,0.033,109.998,0.211,1
0.87,0.563,280000,0.136,0,0.0,3,0.106,-17.402,1,61,0.0683,104.928,0.368,3
0.339,0.337,507600,0.8590000000000001,0,0.00655,11,0.78,-6.454,0,36,0.051,171.259,0.873,2
0.0107,0.473,209288,0.939,1,0.0,0,0.333,-4.7860000000000005,1,48,0.258,200.123,0.568,1
0.374,0.6629999999999999,327747,0.615,0,0.0266,2,0.642,-10.78,1,46,0.0323,109.442,0.6709999999999999,5
0.682,0.329,219600,0.274,0,4.44e-06,7,0.217,-14.638,1,35,0.0307,74.374,0.293,4
0.00134,0.5820000000000001,197040,0.929,0,0.0365,8,0.0371,-3.582,1,57,0.0668,106.003,0.58,2
0.00303,0.35700000000000004,183533,0.679,0,1.15e-06,1,0.111,-8.77,0,21,0.124,151.873,0.778,6
0.72,0.377,81093,0.27,0,0.879,10,0.115,-9.201,1,0,0.035,87.1,0.696,8
0.597,0.542,186120,0.546,0,0.003820000000000001,4,0.111,-9.927,0,44,0.0323,74.797,0.344,2
0.754,0.662,174413,0.506,0,1.85e-05,9,0.191,-12.379,1,25,0.0363,94.397,0.922,6
0.915,0.177,235226,0.192,0,0.527,7,0.161,-16.579,0,0,0.0373,137.925,0.109,8
0.6990000000000001,0.444,215400,0.757,0,0.0,11,0.329,-6.884,0,58,0.0541,154.26,0.5539999999999999,2
0.0177,0.847,281947,0.627,0,0.00184,9,0.105,-10.933,1,28,0.0326,109.204,0.965,4
0.11,0.349,204907,0.569,0,0.000122,1,0.0416,-9.512,1,43,0.0434,171.354,0.721,5
0.52,0.662,121500,0.193,0,0.0,5,0.512,-25.178,0,0,0.934,113.639,0.461,7
0.00152,0.591,208347,0.894,0,0.0327,0,0.284,-8.491,1,26,0.0337,157.14600000000004,0.629,4
0.688,0.69,171400,0.5429999999999999,0,1.93e-06,10,0.162,-8.686,1,53,0.0463,126.459,0.927,2
0.858,0.69,88267,0.386,0,0.85,2,0.17,-15.102,0,5,0.0393,134.253,0.961,7
0.136,0.713,98500,0.163,1,0.0,11,0.338,-17.335,0,0,0.947,83.49,0.619,8
2.1600000000000007e-05,0.436,178733,0.711,0,0.142,0,0.0912,-12.769,1,58,0.0348,145.58100000000005,0.386,4
0.972,0.317,207520,0.131,0,0.897,3,0.08900000000000001,-20.916,1,20,0.0379,75.02600000000002,0.789,6
0.457,0.619,201640,0.344,0,0.000352,9,0.0929,-18.956,1,43,0.0391,96.265,0.713,5
0.00019,0.371,355240,0.969,0,0.00193,2,0.096,-7.434,1,31,0.0518,98.205,0.389,4
0.6729999999999999,0.6990000000000001,198040,0.461,0,0.0541,7,0.158,-11.684,0,31,0.0389,108.263,0.915,4
0.983,0.3670000000000001,486160,0.231,0,0.925,3,0.122,-16.264,1,0,0.0394,129.014,0.4370000000000001,7
0.289,0.578,126500,0.14300000000000002,0,0.0,7,0.394,-20.192,1,0,0.684,85.353,0.618,8
0.807,0.32,142360,0.49,0,2.58e-05,9,0.374,-10.716,1,20,0.0374,168.09900000000005,0.6990000000000001,6
0.89,0.338,250120,0.482,0,0.863,2,0.102,-12.89,1,0,0.0453,108.248,0.52,9
0.219,0.655,183200,0.52,0,0.000354,7,0.109,-11.292,1,32,0.0269,119.527,0.488,5
0.12,0.469,236773,0.5920000000000001,0,6.84e-06,2,0.225,-12.834,1,25,0.0533,128.6,0.742,4
0.919,0.65,170031,0.26,0,0.0,2,0.177,-15.589,0,3,0.392,109.438,0.925,8
0.915,0.211,181453,0.112,0,0.968,4,0.0957,-20.273,1,24,0.0363,68.721,0.0395,5
0.995,0.234,228197,0.34,0,0.626,2,0.306,-12.455,1,0,0.044,88.654,0.0798,10
0.0199,0.474,199013,0.923,0,0.0,2,0.0673,-3.405,1,66,0.0897,160.035,0.34700000000000003,1
0.991,0.443,403907,0.191,0,0.885,0,0.111,-22.61,1,2,0.0417,80.013,0.4,7
0.378,0.5429999999999999,276573,0.936,0,0.000662,6,0.0446,-8.85,1,27,0.0505,101.678,0.752,4
0.892,0.7120000000000001,194760,0.434,0,0.909,8,0.21,-11.004,1,7,0.0654,98.224,0.967,9
0.993,0.433,193280,0.14800000000000002,0,0.898,3,0.0967,-16.861,0,0,0.0588,127.361,0.313,9
0.727,0.505,156867,0.451,0,0.0,9,0.233,-10.193,0,35,0.0329,74.347,0.7440000000000001,6
0.898,0.142,255181,0.0263,0,0.912,5,0.0911,-30.559,1,67,0.0376,90.553,0.0382,1
0.903,0.737,125760,0.28,0,0.0,8,0.261,-9.944,0,48,0.045,105.032,0.377,2
0.469,0.374,332651,0.449,0,0.921,4,0.101,-14.275,0,55,0.0325,139.591,0.0374,1
0.153,0.787,301373,0.42,0,0.16399999999999998,4,0.16899999999999998,-14.32,0,60,0.0645,161.247,0.838,4
0.0398,0.472,281867,0.772,0,8.49e-05,2,0.0699,-13.559,1,40,0.0386,86.536,0.596,5
0.404,0.711,217182,0.545,1,0.0,11,0.122,-6.81,1,67,0.0322,108.02,0.345,1
0.289,0.594,192573,0.578,0,0.00015900000000000002,7,0.134,-7.2029999999999985,1,45,0.0276,115.308,0.421,2
0.992,0.355,204840,0.274,0,0.845,9,0.254,-15.789,1,0,0.0514,101.635,0.26,8
0.236,0.446,371040,0.647,0,0.0,2,0.111,-9.078,1,41,0.0498,204.206,0.784,4
0.209,0.594,151120,0.462,0,0.0,0,0.257,-5.834,1,61,0.0272,109.832,0.6629999999999999,2
0.969,0.534,308533,0.0955,0,1.93e-06,5,0.0967,-16.436,1,25,0.0976,89.068,0.325,6
0.00121,0.366,486099,0.925,0,0.7559999999999999,4,0.0518,-7.25,0,21,0.0485,96.902,0.53,4
0.0882,0.6779999999999999,166960,0.493,0,0.153,8,0.264,-13.782,1,58,0.0302,122.627,0.914,4
0.72,0.527,181893,0.209,0,0.0,7,0.116,-12.113,1,50,0.0283,62.663,0.362,1
0.00796,0.508,311173,0.7170000000000001,0,6.15e-05,8,0.0971,-5.095,1,50,0.0457,158.05,0.462,2
0.94,0.322,350348,0.14400000000000002,0,0.917,7,0.0744,-17.448,0,56,0.0384,142.81799999999996,0.0471,1
0.0866,0.742,204427,0.94,0,0.0279,2,0.319,-3.485,1,47,0.0756,121.747,0.782,4
0.16699999999999998,0.493,219200,0.527,0,0.0,10,0.28800000000000003,-9.752,1,41,0.33,103.451,0.6970000000000001,2
0.8,0.64,262675,0.188,0,0.0,4,0.269,-18.434,1,0,0.96,85.89299999999999,0.498,9
0.63,0.594,202200,0.282,0,0.213,6,0.254,-15.157,1,52,0.0348,90.119,0.6409999999999999,6
0.000717,0.215,565973,0.752,0,0.009000000000000001,9,0.112,-6.481,0,39,0.0441,93.758,0.0585,2
0.249,0.926,187000,0.5489999999999999,0,8.48e-05,0,0.0903,-5.431,1,54,0.0364,106.992,0.966,1
0.0442,0.544,226053,0.835,0,5.99e-05,1,0.122,-8.287,0,33,0.0647,128.864,0.6829999999999999,4
0.434,0.679,246573,0.608,0,1.33e-05,7,0.0942,-8.334,1,56,0.034,111.803,0.735,1
0.0223,0.706,222827,0.6779999999999999,0,0.00492,11,0.0802,-7.064,0,36,0.041,117.528,0.911,5
0.8290000000000001,0.624,199184,0.627,0,0.0,5,0.248,-9.377,1,0,0.0566,98.076,0.691,8
0.215,0.534,233960,0.33,0,0.000127,10,0.951,-18.035,1,14,0.315,145.778,0.5760000000000001,7
0.82,0.68,207467,0.378,0,5.570000000000001e-05,6,0.191,-14.928,1,12,0.284,104.12,0.624,7
0.903,0.116,196573,0.113,0,0.544,1,0.311,-21.833,0,35,0.0415,64.832,0.179,7
0.7070000000000001,0.484,513813,0.867,0,0.0851,8,0.117,-10.248,1,30,0.0897,126.16,0.203,6
0.00102,0.483,270600,0.6890000000000001,0,0.264,6,0.0921,-6.879,0,38,0.0434,176.13,0.2,2
0.882,0.35,273320,0.036000000000000004,0,0.0105,9,0.0912,-27.173,1,29,0.0359,67.928,0.112,6
0.4270000000000001,0.59,190459,0.645,0,0.0,7,0.28,-5.324,1,39,0.0253,94.31,0.618,3
0.995,0.447,205267,0.0129,0,0.946,4,0.165,-35.624,1,2,0.0313,84.28399999999998,0.273,9
0.988,0.6759999999999999,167627,0.349,0,0.00035800000000000003,5,0.0955,-7.995,1,0,0.0382,113.64,0.636,8
0.882,0.14400000000000002,514080,0.239,0,0.945,5,0.0881,-14.811,1,0,0.0354,83.992,0.109,9
0.0167,0.5870000000000001,411867,0.833,0,0.588,9,0.8390000000000001,-7.332999999999997,1,32,0.069,112.586,0.748,5
0.305,0.508,227933,0.54,0,0.0,0,0.1,-9.413,1,21,0.0418,127.511,0.495,5
0.153,0.335,292846,0.68,0,0.00272,0,0.222,-9.1,1,27,0.0343,137.15200000000002,0.377,4
0.8109999999999999,0.762,155547,0.307,0,0.000389,3,0.669,-16.266,1,7,0.104,108.806,0.8340000000000001,10
0.892,0.677,126600,0.329,0,4.19e-05,7,0.091,-9.949,0,0,0.0355,120.153,0.622,8
0.0048,0.7709999999999999,437107,0.772,0,0.741,8,0.0793,-9.741,1,34,0.0363,137.655,0.73,4
0.82,0.623,145760,0.604,0,0.0,2,0.725,-12.727,1,3,0.529,95.195,0.7120000000000001,8
0.18,0.369,308507,0.546,0,0.925,2,0.112,-10.049,1,40,0.0327,170.13,0.0518,2
0.867,0.5670000000000001,272728,0.5870000000000001,0,0.0,9,0.13,-5.626,0,61,0.0417,83.046,0.5720000000000001,1
0.931,0.392,159773,0.166,0,0.0553,2,0.105,-13.970999999999998,1,10,0.0444,153.862,0.376,7
0.7190000000000001,0.669,148267,0.54,0,0.0,7,0.194,-10.768,1,44,0.125,116.448,0.942,6
0.117,0.52,278800,0.7340000000000001,0,0.0,2,0.08900000000000001,-10.375,1,41,0.0375,135.17,0.732,4
0.917,0.534,243640,0.101,0,0.0335,5,0.112,-17.355,1,20,0.0366,112.342,0.301,6
0.0115,0.82,135739,0.691,1,0.0,6,0.344,-6.646,0,68,0.0723,142.02700000000004,0.6829999999999999,1
0.309,0.569,156453,0.7509999999999999,0,3e-06,10,0.7,-10.629,1,21,0.206,123.283,0.6459999999999999,6
0.8740000000000001,0.369,223040,0.109,0,0.000102,7,0.121,-15.423,1,17,0.0364,147.857,0.287,6
0.0027,0.157,175314,0.523,0,0.764,5,0.0936,-28.309,0,72,0.0666,89.925,0.0384,1
0.991,0.403,51347,0.0767,0,0.923,9,0.0944,-24.29,0,0,0.0411,75.59,0.197,8
0.994,0.76,197834,0.381,0,0.921,5,0.105,-13.749,1,0,0.0424,114.391,0.967,8
0.196,0.35,423680,0.969,0,0.00113,5,0.976,-4.9060000000000015,1,23,0.106,140.428,0.618,5
3.48e-05,0.487,237760,0.966,0,0.774,2,0.317,-4.163,1,35,0.0609,118.998,0.511,4
0.152,0.389,390573,0.662,0,0.00393,7,0.64,-6.38,1,29,0.0344,82.03299999999999,0.52,5
0.508,0.655,326267,0.142,0,0.0,10,0.25,-16.3,0,8,0.071,104.785,0.395,7
0.225,0.415,283653,0.6809999999999999,0,2.99e-05,0,0.203,-6.772,1,26,0.0334,144.026,0.945,5
0.0865,0.728,304467,0.464,0,0.0,1,0.343,-11.156,1,57,0.0605,96.944,0.383,3
0.833,0.29100000000000004,162173,0.223,0,2.82e-05,3,0.954,-17.956,1,43,0.046,176.235,0.418,5
0.0764,0.633,284560,0.5529999999999999,0,0.0,11,0.0817,-6.983,1,53,0.0257,98.87,0.643,3
0.96,0.75,167147,0.518,0,0.000447,7,0.0514,-5.415,1,0,0.123,134.267,0.964,9
0.995,0.395,235781,0.29100000000000004,0,0.863,11,0.28,-12.175,1,0,0.18,68.446,0.13,8
0.574,0.7959999999999999,151133,0.418,0,3.42e-06,8,0.0862,-7.834,1,36,0.126,83.29899999999998,0.93,5
0.5760000000000001,0.573,142067,0.62,0,0.0,1,0.122,-5.926,1,25,0.0303,142.222,0.648,6
0.867,0.456,209333,0.09,0,0.634,0,0.0945,-20.158,1,35,0.0338,117.085,0.452,7
3.76e-05,0.6459999999999999,226520,0.892,0,0.00665,2,0.0915,-5.4060000000000015,1,50,0.041,130.297,0.7,2
0.6679999999999999,0.603,193160,0.196,0,0.0,2,0.217,-12.368,0,2,0.205,142.786,0.643,9
0.000202,0.575,80600,0.948,0,0.369,0,0.513,-5.381,1,38,0.0561,118.758,0.856,6
0.000892,0.5329999999999999,244093,0.8340000000000001,0,0.532,5,0.197,-5.525,0,48,0.0369,110.543,0.355,3
0.0494,0.7859999999999999,186227,0.464,0,0.0,5,0.0702,-15.778,1,26,0.0301,115.719,0.953,4
0.8740000000000001,0.15,550720,0.124,0,0.0961,11,0.141,-25.96,1,0,0.0591,62.363,0.165,7
0.545,0.557,198253,0.586,1,0.0,11,0.0719,-5.902,1,0,0.0374,126.529,0.456,0
0.873,0.395,257787,0.374,0,0.000405,7,0.871,-10.34,1,43,0.0406,116.767,0.261,3
0.8029999999999999,0.39,155333,0.46,0,0.0,9,0.102,-8.711,0,51,0.0455,147.335,0.6940000000000001,6
0.255,0.626,169027,0.507,0,0.0,3,0.207,-11.233,1,44,0.0243,98.557,0.747,3
0.969,0.637,207347,0.301,0,0.657,7,0.127,-16.845,1,0,0.0557,137.06799999999998,0.78,7
0.946,0.5760000000000001,128000,0.249,0,8.669999999999999e-05,5,0.113,-14.101,1,2,0.11,162.564,0.72,9
0.0319,0.7490000000000001,190423,0.85,0,4.81e-05,0,0.0678,-4.346,1,69,0.0468,145.983,0.672,1
0.124,0.586,190320,0.664,0,2.0600000000000006e-05,10,0.213,-8.717,1,31,0.0284,116.805,0.654,6
0.181,0.544,193902,0.871,0,0.0,2,0.0862,-3.831,1,64,0.0392,104.018,0.511,0
0.763,0.4370000000000001,163053,0.415,0,0.000601,10,0.382,-11.741,1,30,0.0337,121.118,0.536,6
0.0234,0.522,195413,0.5770000000000001,1,0.0,0,0.15,-6.782,1,59,0.309,191.662,0.386,1
0.954,0.405,255493,0.227,0,0.894,0,0.128,-14.993,1,26,0.0345,119.999,0.149,6
0.147,0.539,316173,0.412,0,0.135,2,0.419,-15.263,1,36,0.0303,116.589,0.428,3
0.7659999999999999,0.41,259000,0.241,0,0.00375,5,0.34600000000000003,-13.155,1,17,0.0489,77.45100000000002,0.391,6
0.113,0.805,220500,0.763,0,2.8300000000000014e-05,9,0.108,-5.5710000000000015,0,38,0.0358,125.925,0.962,4
0.000237,0.503,141907,0.541,0,0.0802,7,0.0783,-9.269,1,35,0.0276,104.121,0.7090000000000001,6
0.000893,0.39,269267,0.941,0,2.82e-05,9,0.0739,-7.151,1,42,0.0783,113.389,0.0815,3
0.0381,0.519,203592,0.649,0,1.36e-06,10,0.7390000000000001,-12.809,0,36,0.0452,94.113,0.595,5
0.846,0.45,171387,0.332,0,0.0,9,0.16899999999999998,-7.901,1,3,0.0691,102.466,0.475,7
0.121,0.53,291663,0.413,0,0.00288,2,0.242,-17.039,1,42,0.0368,173.46200000000005,0.556,4
0.8270000000000001,0.399,192040,0.275,0,2.29e-05,0,0.135,-10.633,1,37,0.0292,160.255,0.17800000000000002,3
0.907,0.687,110627,0.187,0,0.0,4,0.0988,-14.237,1,20,0.0329,125.631,0.503,6
0.99,0.5770000000000001,359427,0.133,0,0.911,10,0.7190000000000001,-14.623,1,4,0.0419,110.684,0.221,7
0.462,0.722,501413,0.345,0,0.0,10,0.332,-13.532,0,19,0.926,121.682,0.616,9
0.81,0.324,408400,0.39,0,0.0231,0,0.103,-11.127,0,26,0.0339,121.64,0.317,5
0.875,0.441,159920,0.33,0,0.0,0,0.31,-11.186,1,52,0.0301,78.744,0.726,7
0.000389,0.5479999999999999,247480,0.595,1,0.944,0,0.557,-7.925,1,44,0.0352,101.972,0.389,3
3.73e-05,0.472,198547,0.977,0,0.00834,0,0.302,-3.959,1,41,0.075,92.938,0.355,2
0.5539999999999999,0.55,210653,0.4270000000000001,0,0.000496,4,0.095,-13.028,1,59,0.0341,179.75799999999995,0.693,3
0.113,0.5770000000000001,300914,0.8490000000000001,0,3.950000000000001e-05,9,0.0927,-4.902,0,0,0.0482,144.61700000000005,0.685,9
0.33,0.54,244533,0.862,0,1.7e-05,2,0.156,-4.599,1,58,0.0284,130.34,0.931,5
0.732,0.159,1181533,0.128,0,0.768,4,0.149,-22.216,0,0,0.0371,97.301,0.086,8
0.00486,0.652,240266,0.7979999999999999,0,0.0,2,0.131,-5.5920000000000005,0,60,0.0669,141.014,0.292,1
0.555,0.802,208107,0.68,0,1.75e-06,1,0.113,-8.412,1,40,0.0312,119.983,0.879,3
0.7929999999999999,0.722,1702063,0.237,0,0.0,9,0.319,-18.464,0,0,0.96,122.897,0.537,9
0.985,0.6920000000000001,163907,0.191,0,0.8440000000000001,5,0.163,-13.890999999999998,0,26,0.0416,95.05,0.687,7
0.4370000000000001,0.565,160227,0.962,0,0.0,8,0.056,-2.9810000000000003,1,58,0.064,148.808,0.906,7
0.00213,0.469,270893,0.562,0,0.108,1,0.139,-11.979,0,37,0.0341,179.91299999999995,0.382,3
0.738,0.747,170491,0.534,0,0.0,7,0.0868,-5.683,0,5,0.0597,107.047,0.949,8
0.92,0.334,212648,0.362,0,1.47e-06,8,0.104,-9.393,1,22,0.0488,182.029,0.278,6
0.0804,0.465,157160,0.659,0,0.0,11,0.0864,-10.055,1,39,0.058,121.588,0.519,4
0.00112,0.523,234933,0.888,0,0.0692,6,0.46,-8.715,0,64,0.0359,144.02100000000004,0.534,2
0.376,0.602,156840,0.7340000000000001,0,4.79e-06,0,0.277,-9.514,0,39,0.0478,169.767,0.871,3
0.0343,0.68,237960,0.423,0,0.0,11,0.0925,-11.112,0,69,0.136,169.18400000000003,0.8220000000000001,3
0.911,0.316,660867,0.244,0,0.816,2,0.182,-18.218,1,33,0.0431,105.101,0.0642,6
0.7609999999999999,0.581,182544,0.453,0,1.31e-05,4,0.504,-10.687,0,53,0.0455,93.706,0.639,3
0.335,0.784,316293,0.765,0,0.0104,0,0.115,-6.2920000000000025,1,27,0.0272,104.635,0.521,4
0.902,0.274,168537,0.0417,0,0.903,0,0.112,-23.499,0,67,0.034,43.51300000000001,0.0613,1
0.448,0.7979999999999999,210492,0.51,0,0.00312,11,0.094,-10.074,0,71,0.064,121.923,0.401,0
0.0843,0.334,602531,0.34600000000000003,0,0.187,4,0.213,-12.081,0,35,0.043,136.94799999999998,0.0727,6
0.0225,0.593,197559,0.809,1,0.0,6,0.293,-5.643,1,58,0.0597,156.125,0.227,1
0.0185,0.951,192907,0.401,1,0.0,0,0.149,-8.92,0,63,0.411,129.976,0.539,1
0.342,0.508,157587,0.362,0,4.48e-05,7,0.146,-9.24,1,55,0.0251,67.339,0.294,1
0.191,0.838,204693,0.613,0,0.000308,4,0.475,-10.8,1,53,0.0399,95.393,0.895,3
0.993,0.487,198307,0.379,0,0.496,3,0.0634,-7.82,1,0,0.0422,137.346,0.584,8
0.0329,0.535,318933,0.644,0,0.0,7,0.104,-11.232,1,36,0.0345,154.062,0.629,3
0.00182,0.501,183333,0.94,0,9.86e-06,1,0.0718,-3.894,0,46,0.138,166.982,0.7290000000000001,2
0.274,0.456,303987,0.0999,0,0.000669,0,0.12,-16.265,1,47,0.0341,147.08100000000005,0.122,3
0.91,0.489,243173,0.102,0,4.02e-06,8,0.112,-14.775,1,56,0.0348,92.642,0.23,3
0.0992,0.804,171085,0.778,0,0.00599,5,0.158,-7.643,1,41,0.045,108.037,0.7040000000000001,2
0.871,0.244,184480,0.44,0,8.65e-05,7,0.3720000000000001,-7.777,1,47,0.0475,82.02,0.113,3
0.00775,0.581,168662,0.502,0,4.57e-05,4,0.081,-12.518,0,30,0.0288,138.07299999999998,0.828,5
0.6629999999999999,0.28300000000000003,280307,0.31,0,0.000522,9,0.122,-14.284,1,50,0.0279,103.283,0.402,6
0.746,0.476,199933,0.496,0,0.0,0,0.468,-11.777,1,16,0.0355,112.721,0.8859999999999999,6
0.328,0.6779999999999999,232627,0.7829999999999999,0,0.000133,2,0.047,-8.288,1,40,0.0478,132.017,0.802,3
0.504,0.303,227267,0.4920000000000001,0,0.000525,8,0.0583,-11.207,1,55,0.0473,96.578,0.17800000000000002,3
0.516,0.669,117093,0.684,1,0.0,5,0.214,-3.544,0,67,0.0696,146.908,0.41,1
0.995,0.563,210173,0.252,0,0.853,3,0.345,-16.312,0,0,0.0455,93.577,0.6779999999999999,8
0.715,0.596,156827,0.328,0,0.0,10,0.0835,-12.765999999999998,1,9,0.0478,181.882,0.955,8
0.557,0.8859999999999999,230448,0.336,1,0.0,4,0.0933,-12.779000000000002,1,74,0.239,100.044,0.536,0
0.953,0.318,66987,0.192,0,0.0015,0,0.378,-17.256,1,0,0.0306,75.23100000000002,0.0936,8
0.00041500000000000017,0.114,67507,0.848,1,0.00542,7,0.281,-13.015,1,37,0.0688,165.644,0.245,4
0.0913,0.608,244880,0.768,0,0.0,0,0.0629,-5.227,1,71,0.0475,88.059,0.809,2
0.816,0.537,112547,0.688,0,0.7879999999999999,8,0.174,-19.576,1,0,0.0997,170.85299999999995,0.851,7
0.846,0.463,122384,0.28800000000000003,0,0.0,10,0.0699,-7.383999999999999,1,7,0.0792,84.791,0.586,6
0.464,0.501,362813,0.377,0,3.4e-05,0,0.112,-9.497,1,31,0.0352,121.928,0.206,4
0.0334,0.6,244893,0.622,0,0.0,11,0.045,-12.903,1,33,0.0317,125.975,0.73,4
0.225,0.83,228600,0.585,0,0.00209,1,0.0576,-5.8020000000000005,1,80,0.0366,105.03,0.642,1
0.8079999999999999,0.49,213373,0.223,0,0.17600000000000002,2,0.34,-17.153,0,51,0.0297,110.633,0.391,6
0.14800000000000002,0.6729999999999999,219240,0.894,0,3.4e-06,0,0.141,-2.73,1,52,0.0594,118.894,0.63,1
0.933,0.172,184040,0.14300000000000002,0,0.00455,7,0.14300000000000002,-17.842,1,11,0.0348,143.286,0.135,7
0.209,0.611,377213,0.496,0,0.000387,5,0.109,-11.018,1,38,0.0305,161.862,0.189,3
0.341,0.628,271778,0.588,1,0.0,11,0.406,-9.506,0,54,0.29100000000000004,83.13,0.491,1
0.944,0.73,190187,0.523,0,0.8320000000000001,8,0.0786,-7.566,1,0,0.124,113.156,0.669,9
0.0675,0.831,231933,0.7340000000000001,0,7.77e-05,1,0.0903,-8.12,1,39,0.0279,109.048,0.971,4
0.214,0.403,276067,0.865,0,0.0655,0,0.341,-4.897,1,32,0.0765,126.732,0.61,5
0.0234,0.935,289787,0.544,1,0.0,2,0.215,-6.504,1,50,0.113,105.99,0.159,1
0.986,0.235,315107,0.391,0,1.57e-05,7,0.319,-10.248,1,0,0.0544,172.3,0.107,7
0.919,0.388,188502,0.218,0,0.000792,5,0.158,-11.329,1,31,0.0265,92.048,0.473,5
0.988,0.555,184172,0.304,0,0.000133,2,0.223,-9.738,0,0,0.407,84.90899999999998,0.711,7
0.0869,0.8959999999999999,200760,0.59,1,0.0,5,0.677,-3.644,0,44,0.208,93.947,0.894,2
0.445,0.536,224107,0.419,0,0.0050100000000000006,4,0.306,-10.446,0,30,0.0311,115.926,0.453,4
0.87,0.402,162133,0.163,0,0.785,7,0.5489999999999999,-14.388,0,32,0.0342,122.605,0.237,6
0.857,0.33,176960,0.434,0,0.000595,4,0.0888,-13.695,0,8,0.0566,188.264,0.231,7
0.419,0.28,322400,0.297,0,0.916,8,0.112,-17.516,1,35,0.0393,96.929,0.0485,4
0.000956,0.257,245000,0.958,0,0.443,2,0.762,-2.946,1,39,0.157,165.322,0.399,5
0.242,0.29100000000000004,344816,0.392,0,0.961,5,0.114,-19.941,1,26,0.0294,164.47299999999996,0.6729999999999999,5
0.211,0.4970000000000001,461800,0.181,0,0.0272,5,0.219,-23.89,0,6,0.06,83.677,0.71,7
0.0494,0.284,283093,0.706,0,1.96e-06,0,0.0865,-11.307,1,40,0.114,172.82,0.657,5
0.5489999999999999,0.8109999999999999,195653,0.941,0,8.41e-06,4,0.0574,-3.068,0,59,0.0516,130.083,0.961,1
0.161,0.5429999999999999,122213,0.731,0,4.01e-05,3,0.122,-7.423999999999999,1,15,0.0284,136.56,0.964,6
0.245,0.873,324173,0.465,0,0.307,4,0.134,-8.95,0,56,0.0618,89.98200000000001,0.7290000000000001,2
0.0373,0.875,186247,0.882,0,0.34600000000000003,0,0.0228,-8.113,1,39,0.0567,140.35399999999998,0.918,3
0.396,0.462,254360,0.461,0,0.0,0,0.0707,-4.813,1,44,0.0314,119.474,0.247,1
0.529,0.735,146693,0.44,0,0.0,10,0.191,-14.685,0,43,0.11,108.688,0.917,6
0.991,0.523,145800,0.0185,0,0.0,3,0.104,-23.813,1,8,0.0558,134.851,0.117,7
0.00535,0.561,179800,0.845,0,0.0647,6,0.0706,-6.27,0,47,0.1,119.966,0.507,2
0.517,0.644,150520,0.468,0,0.0,2,0.162,-11.824000000000002,1,55,0.0953,159.498,0.959,4
0.522,0.504,204867,0.332,0,0.0,9,0.17800000000000002,-12.59,1,53,0.031,97.056,0.399,4
0.918,0.585,228933,0.0212,0,0.736,3,0.11,-23.125,1,22,0.0455,62.231,0.25,6
0.0184,0.5760000000000001,196867,0.775,0,3.76e-06,7,0.304,-4.362,0,39,0.03,91.751,0.961,5
0.745,0.388,207093,0.6579999999999999,0,0.0,2,0.965,-12.845,1,26,0.679,79.992,0.195,4
0.995,0.445,225893,0.0855,0,0.96,1,0.123,-20.52,1,20,0.0733,71.426,0.25,7
0.29100000000000004,0.857,373027,0.16,0,0.0555,1,0.118,-12.933,1,46,0.35200000000000004,64.02600000000001,0.591,2
0.742,0.454,222307,0.384,0,0.463,10,0.195,-12.123,0,7,0.0488,133.24,0.29600000000000004,7
0.569,0.727,99700,0.17,1,0.0,11,0.695,-17.68,0,0,0.953,107.185,0.424,8
0.35,0.522,192377,0.5379999999999999,0,0.00219,9,0.15,-8.509,0,24,0.0287,126.659,0.755,6
0.312,0.775,307267,0.6859999999999999,0,0.0013,1,0.0895,-12.047,0,27,0.0407,102.963,0.884,5
0.996,0.5329999999999999,389800,0.0599,0,0.901,7,0.362,-26.213,1,3,0.0516,120.159,0.333,7
0.185,0.522,222320,0.812,0,0.182,2,0.0878,-9.651,1,46,0.0383,157.912,0.8640000000000001,4
0.475,0.7070000000000001,144187,0.438,0,0.00415,11,0.166,-10.873,0,23,0.0603,108.87,0.743,6
0.564,0.632,232693,0.608,0,0.0,0,0.113,-7.787000000000001,1,48,0.057,128.55700000000002,0.813,2
0.7909999999999999,0.236,661600,0.248,0,0.6829999999999999,1,0.487,-16.358,1,0,0.0328,95.128,0.0991,8
0.962,0.256,231773,0.108,0,0.0229,9,0.284,-18.067,0,8,0.0419,77.706,0.124,7
0.979,0.0676,121133,0.421,0,0.908,6,0.134,-18.376,1,0,0.0665,70.39,0.117,7
0.984,0.542,216467,0.0675,0,0.0346,2,0.124,-21.359,1,24,0.0755,139.944,0.7,5
0.8809999999999999,0.263,193571,0.382,0,0.883,2,0.363,-11.027,1,0,0.0336,109.874,0.645,8
0.942,0.313,188240,0.15,0,0.000605,8,0.0768,-13.18,1,0,0.0326,86.259,0.339,8
0.7979999999999999,0.514,262373,0.526,0,0.348,5,0.158,-11.005,0,9,0.0336,111.336,0.828,7
0.211,0.703,183587,0.435,0,0.0107,4,0.102,-13.768,1,41,0.0319,144.369,0.8640000000000001,4
0.284,0.472,133387,0.6729999999999999,0,0.0,4,0.206,-8.853,1,58,0.0318,133.11700000000002,0.862,6
0.987,0.35,212320,0.0969,0,0.00043,8,0.256,-20.627,1,0,0.0594,150.226,0.3720000000000001,8
0.977,0.162,367840,0.102,0,0.0244,7,0.111,-20.584,1,38,0.0419,73.86,0.134,3
0.809,0.618,160360,0.402,0,0.0,5,0.16,-10.315,1,28,0.0491,183.364,0.777,5
0.276,0.888,247533,0.366,0,0.804,2,0.0725,-12.726,1,22,0.0416,104.731,0.979,4
0.0197,0.599,134240,0.8859999999999999,0,0.0,9,0.0381,-4.845,1,33,0.32,183.242,0.836,5
0.376,0.5660000000000001,702760,0.41,0,0.8,8,0.105,-14.566,1,27,0.0419,100.754,0.69,5
0.974,0.315,195960,0.179,0,0.843,8,0.706,-15.727,1,0,0.0374,171.148,0.541,9
0.31,0.672,346867,0.388,0,0.0,3,0.0558,-14.45,1,35,0.0466,73.525,0.774,3
0.785,0.66,200840,0.259,0,0.0807,7,0.0785,-14.258,1,34,0.0432,129.039,0.446,5
0.162,0.765,207000,0.597,1,0.000608,4,0.0822,-14.185,0,39,0.275,173.616,0.83,3
0.993,0.485,197293,0.336,0,0.785,2,0.14800000000000002,-9.097,0,0,0.264,178.658,0.7490000000000001,8
0.989,0.25,186733,0.0884,0,0.00373,5,0.393,-20.48,1,0,0.0456,78.00399999999998,0.0856,7
0.000126,0.312,219987,0.898,0,1.09e-06,11,0.071,-4.026,0,30,0.11,101.345,0.404,5
0.7190000000000001,0.589,167893,0.518,0,0.0,4,0.326,-8.669,0,43,0.152,166.40599999999995,0.7879999999999999,2
0.0461,0.444,171640,0.35100000000000003,0,1.94e-06,0,0.119,-9.01,1,53,0.0287,132.52700000000002,0.0853,5
0.251,0.621,266187,0.285,0,0.0,10,0.24,-17.761,0,15,0.961,79.02199999999998,0.498,8
0.00109,0.326,144933,0.8859999999999999,0,0.00185,9,0.141,-5.658,0,29,0.0384,156.306,0.6,6
0.00902,0.4370000000000001,241707,0.759,0,0.0,0,0.103,-4.224,1,50,0.0788,96.121,0.34,2
0.928,0.392,255213,0.104,0,0.8190000000000001,7,0.0825,-16.722,1,0,0.0471,125.939,0.299,9
0.316,0.397,500960,0.451,0,5.89e-05,2,0.34700000000000003,-9.812,0,36,0.0461,139.284,0.17800000000000002,5
0.601,0.5589999999999999,300387,0.313,0,0.0008300000000000001,5,0.0853,-12.055,1,49,0.0299,141.942,0.29,2
0.00214,0.503,263560,0.7929999999999999,0,0.00019,4,0.085,-7.109,0,39,0.0286,93.519,0.5489999999999999,3
0.627,0.727,213107,0.193,0,2.11e-06,7,0.139,-14.776,1,50,0.0303,101.854,0.399,4
0.952,0.446,303960,0.0498,0,2.15e-06,7,0.106,-16.219,1,38,0.0358,107.337,0.12,7
0.645,0.5660000000000001,238147,0.713,0,0.0,6,0.114,-4.25,1,78,0.0417,169.864,0.807,2
0.983,0.498,64413,0.394,0,0.0285,1,0.486,-10.211,1,0,0.0428,71.97800000000002,0.477,8
0.7390000000000001,0.491,204493,0.385,0,5.41e-06,0,0.253,-11.504,1,20,0.0764,84.19,0.307,6
0.0639,0.652,278000,0.669,0,3.83e-06,6,0.0671,-7.6629999999999985,1,52,0.037000000000000005,116.088,0.8340000000000001,3
0.0111,0.713,95100,0.284,1,0.0,5,0.243,-20.431,0,0,0.94,126.665,0.4920000000000001,10
0.979,0.383,310933,0.106,0,1.6899999999999994e-05,8,0.108,-15.902,1,3,0.037000000000000005,99.885,0.188,10
0.991,0.368,334827,0.0261,0,0.937,5,0.0787,-26.846,0,12,0.0488,130.226,0.16399999999999998,8
0.013,0.693,247987,0.733,1,0.0,1,0.0924,-5.126,1,55,0.139,140.01,0.4970000000000001,1
0.19,0.625,230440,0.63,0,7.14e-06,4,0.0784,-7.305,1,33,0.0273,104.987,0.619,3
0.978,0.5720000000000001,191160,0.261,0,5.2e-05,4,0.207,-13.453,0,2,0.155,88.85,0.962,8
0.995,0.747,186027,0.159,0,0.0192,1,0.11,-11.619000000000002,1,2,0.0527,111.935,0.361,10
0.632,0.711,416000,0.5589999999999999,0,0.0389,0,0.136,-7.671,0,48,0.0291,130.017,0.583,3
0.27,0.7959999999999999,221667,0.6509999999999999,0,0.882,0,0.5920000000000001,-15.608,1,42,0.0577,97.898,0.747,3
0.883,0.575,187720,0.174,0,0.898,4,0.108,-14.423,1,58,0.0424,113.134,0.381,4
0.0735,0.552,313067,0.561,0,0.006659999999999999,8,0.0617,-12.012,1,35,0.0261,76.703,0.7240000000000001,6
0.342,0.629,226979,0.579,0,0.0856,3,0.119,-6.859,0,58,0.0358,124.966,0.326,1
0.7070000000000001,0.75,173296,0.77,0,0.0,10,0.105,-4.2639999999999985,1,52,0.0519,96.464,0.933,1
0.547,0.588,236760,0.381,0,9.51e-05,2,0.0516,-11.976,1,34,0.0403,155.70600000000005,0.606,4
0.722,0.278,320440,0.414,0,0.126,4,0.115,-10.205,1,15,0.0388,110.479,0.086,8
0.912,0.52,446267,0.266,0,0.0371,5,0.112,-13.724,0,18,0.0597,143.713,0.486,7
0.405,0.428,419893,0.531,0,0.454,9,0.0841,-14.309,0,39,0.0301,134.785,0.629,5
0.99,0.399,167227,0.0658,0,0.00828,0,0.198,-18.621,1,2,0.0356,134.88,0.696,8
0.00199,0.481,163800,0.52,0,0.0,5,0.441,-11.342,1,22,0.0609,103.732,0.378,6
0.933,0.644,108467,0.28800000000000003,0,2.74e-06,11,0.108,-11.814,1,41,0.0293,89.211,0.56,7
0.977,0.248,204867,0.028,0,0.747,7,0.159,-25.684,1,0,0.032,79.689,0.108,7
0.00485,0.364,391079,0.82,0,0.00024900000000000004,4,0.332,-8.672,0,27,0.0756,130.514,0.227,4
0.00744,0.578,246007,0.947,0,0.0816,11,0.105,-2.431,0,64,0.036000000000000004,134.034,0.456,1
0.00242,0.317,165907,0.981,0,0.00677,6,0.0852,-7.102,1,74,0.174,140.079,0.234,4
0.365,0.68,121133,0.408,0,0.000216,10,0.344,-13.668,1,23,0.0292,94.192,0.83,5
0.977,0.407,191680,0.192,0,0.0,5,0.523,-17.145,1,0,0.0511,100.563,0.382,7
0.007559999999999998,0.376,212333,0.946,0,0.0,4,0.107,-3.778,0,50,0.0897,150.19899999999996,0.858,2
0.434,0.487,311280,0.637,0,0.7290000000000001,1,0.0873,-9.305,1,55,0.0302,150.078,0.486,1
0.987,0.198,444880,0.226,0,0.155,5,0.362,-12.531,1,28,0.0358,83.24799999999998,0.0629,7
0.995,0.413,112040,0.00612,0,0.936,4,0.0939,-26.881,0,2,0.0771,113.608,0.3,8
0.947,0.6679999999999999,107747,0.227,0,0.851,7,0.119,-14.255,1,17,0.0393,139.611,0.448,6
0.0474,0.897,223600,0.521,1,0.0,6,0.321,-15.199000000000002,0,36,0.348,103.294,0.779,3
0.856,0.777,165333,0.589,0,0.00117,9,0.305,-9.143,0,6,0.0367,114.023,0.962,9
0.906,0.315,206160,0.282,0,0.0,7,0.165,-13.078,1,46,0.0342,156.171,0.34600000000000003,6
0.0477,0.627,303360,0.86,0,0.851,1,0.109,-6.3210000000000015,1,54,0.03,116.019,0.14400000000000002,2
0.6579999999999999,0.5479999999999999,69760,0.383,0,1.34e-05,4,0.124,-15.27,1,49,0.0606,68.176,0.565,3
0.994,0.629,165820,0.22,0,0.7140000000000001,0,0.629,-11.113,0,0,0.477,121.349,0.555,8
0.767,0.546,168000,0.244,0,0.0182,0,0.14300000000000002,-15.043,1,1,0.0352,104.28,0.5589999999999999,7
0.358,0.4970000000000001,153213,0.846,0,1.56e-05,3,0.062,-9.346,1,13,0.0352,95.772,0.926,7
0.0197,0.778,189267,0.596,1,0.0,11,0.201,-6.017,0,48,0.348,88.931,0.4370000000000001,3
0.853,0.0865,252933,0.298,0,0.847,0,0.138,-14.999,1,6,0.0322,85.139,0.0996,6
0.00385,0.53,260333,0.768,0,0.0,7,0.103,-5.6110000000000015,1,69,0.0284,148.095,0.374,2
0.327,0.545,326813,0.416,0,0.0743,0,0.166,-14.886,1,38,0.0307,137.588,0.413,5
0.847,0.362,225200,0.138,0,0.000468,0,0.11,-12.201,1,47,0.0421,79.425,0.0752,2
0.0547,0.402,265404,0.918,0,0.00992,4,0.159,-6.915,1,47,0.0477,191.102,0.8640000000000001,5
0.00306,0.6970000000000001,244173,0.765,0,0.000105,7,0.125,-9.158,1,43,0.0505,115.496,0.626,3
0.0859,0.733,222318,0.578,1,1.19e-06,0,0.403,-5.245,0,66,0.0417,142.028,0.447,1
0.0076799999999999985,0.274,288036,0.652,0,6.42e-05,5,0.108,-6.1960000000000015,0,72,0.0625,173.00799999999995,0.1,1
0.919,0.777,176472,0.422,1,0.00877,0,0.0958,-10.114,1,77,0.0482,120.041,0.187,1
0.00312,0.7170000000000001,253333,0.81,0,0.000449,4,0.0654,-10.259,1,36,0.0692,101.421,0.735,3
0.8809999999999999,0.507,160133,0.32,0,2.59e-05,5,0.153,-12.472,1,43,0.0305,130.565,0.575,2
0.034,0.5760000000000001,343360,0.78,0,0.0034100000000000003,11,0.07,-5.041,0,49,0.109,98.259,0.343,2
0.14,0.462,353800,0.514,0,0.0,5,0.37,-5.0310000000000015,0,54,0.03,149.564,0.416,2
0.133,0.764,242200,0.877,1,0.0435,2,0.298,-7.009,1,51,0.329,93.211,0.65,2
0.0507,0.595,180187,0.639,0,0.0,1,0.126,-5.7970000000000015,0,41,0.252,149.907,0.604,2
1.87e-05,0.409,166640,0.932,0,1.6e-06,11,0.31,-4.538,0,69,0.0339,131.761,0.591,2
0.062,0.643,198133,0.7290000000000001,0,0.494,9,0.0457,-10.172,1,34,0.0461,130.308,0.846,5
0.934,0.257,161387,0.254,0,0.0,3,0.153,-10.662,1,21,0.0314,176.77,0.249,6
0.56,0.711,96300,0.133,1,0.0,11,0.345,-20.988000000000003,0,0,0.95,129.829,0.7070000000000001,8
0.459,0.72,113200,0.0988,1,0.0,4,0.638,-18.472,0,0,0.948,122.718,0.5820000000000001,8
0.343,0.7829999999999999,305894,0.623,0,0.00114,5,0.0713,-13.312,1,34,0.0283,135.746,0.797,4
0.535,0.343,581867,0.391,0,0.0035700000000000007,8,0.312,-13.759,1,32,0.0394,198.707,0.5720000000000001,6
0.0205,0.659,227560,0.59,1,0.000439,2,0.103,-8.725,1,33,0.13,164.452,0.632,3
0.14400000000000002,0.959,201960,0.508,1,9.82e-05,2,0.136,-7.857,1,67,0.257,107.998,0.34600000000000003,0
0.758,0.503,192333,0.37,0,0.0013,8,0.185,-16.922,1,17,0.0564,152.871,0.5770000000000001,7
0.429,0.354,351800,0.237,0,0.234,8,0.344,-18.002,1,37,0.0444,77.05199999999998,0.193,4
0.463,0.556,270222,0.762,1,0.0,1,0.0957,-1.961,0,55,0.0299,135.013,0.225,1
0.8059999999999999,0.728,290053,0.536,0,0.0,7,0.0884,-9.032,1,15,0.108,123.944,0.843,7
0.277,0.527,260907,0.831,0,2.39e-06,2,0.116,-7.5470000000000015,1,33,0.058,99.646,0.745,5
0.974,0.369,178560,0.228,0,0.00817,4,0.16699999999999998,-12.821,0,0,0.0509,116.447,0.486,8
0.192,0.7040000000000001,237680,0.7929999999999999,0,0.0174,0,0.326,-6.94,1,45,0.0423,119.989,0.564,4
0.688,0.5710000000000001,221600,0.526,0,1.12e-06,0,0.104,-6.06,1,53,0.0318,129.792,0.527,5
0.125,0.6779999999999999,133903,0.77,1,0.0,6,0.184,-3.2060000000000004,0,62,0.145,75.009,0.284,1
0.976,0.52,298893,0.0883,0,0.00713,4,0.11,-14.689,1,40,0.0375,134.475,0.279,5
0.0294,0.317,374067,0.5760000000000001,0,0.0504,0,0.106,-8.062999999999999,1,30,0.0319,75.85300000000002,0.24,5
0.00293,0.442,181533,0.943,0,8.71e-06,3,0.091,-3.205,1,79,0.0602,85.064,0.7809999999999999,3
0.81,0.8079999999999999,230600,0.5710000000000001,0,0.00135,11,0.051,-10.569,0,36,0.0352,108.085,0.871,4
4.8e-05,0.4270000000000001,298333,0.938,0,0.00133,10,0.079,-3.828,0,47,0.0706,181.91,0.502,2
0.992,0.361,192014,0.2,0,0.000434,2,0.128,-10.296,0,0,0.0427,140.477,0.35,8
0.0332,0.655,192586,0.8370000000000001,0,0.00223,7,0.111,-6.072,1,48,0.0355,115.938,0.708,3
0.00722,0.583,340613,0.637,0,0.0419,0,0.177,-6.464,1,57,0.0459,80.00399999999998,0.315,3
0.968,0.379,523770,0.213,0,0.861,1,0.0894,-16.879,0,38,0.0611,133.61,0.0966,4
0.961,0.375,162053,0.324,0,3.41e-05,10,0.145,-11.727,1,10,0.0286,87.71799999999998,0.105,7
0.113,0.762,208307,0.6920000000000001,0,0.0,5,0.094,-3.973,0,67,0.0438,114.906,0.397,2
0.0756,0.525,245373,0.813,0,0.5710000000000001,7,0.308,-7.584,1,45,0.0368,122.515,0.456,3
0.665,0.568,141733,0.134,0,2.22e-06,11,0.125,-20.364,1,12,0.0373,97.033,0.759,6
0.00619,0.725,318533,0.856,0,0.0241,1,0.391,-6.018,1,48,0.0559,104.311,0.828,3
0.104,0.508,256960,0.775,0,0.16699999999999998,2,0.0392,-9.002,1,35,0.0422,146.975,0.85,5
0.968,0.728,43000,0.311,0,0.0005,2,0.0915,-15.215,1,0,0.245,89.20299999999996,0.369,7
0.018000000000000002,0.215,326040,0.912,0,0.703,9,0.121,-6.216,1,33,0.0666,137.43,0.207,4
0.431,0.41,247733,0.361,0,0.000174,5,0.0779,-14.061,1,60,0.0351,120.0,0.134,5
0.631,0.201,224680,0.285,0,0.0,9,0.113,-12.64,1,38,0.0391,85.35799999999998,0.417,5
0.935,0.809,169053,0.424,0,0.00128,0,0.0908,-11.107,0,0,0.0443,127.999,0.812,8
0.395,0.36,784600,0.797,0,0.7759999999999999,4,0.762,-8.325,0,27,0.0476,115.386,0.611,5
0.0348,0.716,106500,0.279,1,0.0,9,0.173,-20.122,1,0,0.901,113.613,0.6,10
0.91,0.5579999999999999,396600,0.307,0,0.6509999999999999,2,0.0866,-20.492,1,20,0.0343,119.033,0.674,6
0.97,0.598,198000,0.257,0,0.904,1,0.154,-11.1,1,26,0.0606,127.757,0.199,6
0.924,0.69,162834,0.728,0,1.6800000000000002e-05,4,0.5589999999999999,-7.275,1,2,0.0418,87.696,0.962,7
0.223,0.35,135280,0.369,0,0.0135,0,0.135,-16.373,1,14,0.0719,202.34,0.71,6
0.672,0.504,307467,0.5529999999999999,0,0.38,5,0.302,-9.583,0,11,0.0349,114.013,0.895,7
0.00015,0.511,175893,0.831,0,3.06e-05,2,0.202,-6.823,1,35,0.0292,146.333,0.506,5
0.138,0.65,223867,0.5820000000000001,0,0.0,2,0.0621,-6.22,1,37,0.207,95.542,0.684,6
0.00882,0.613,231240,0.622,0,0.0,1,0.37,-5.794,0,77,0.0334,80.003,0.484,1
0.000269,0.821,485800,0.648,0,0.758,0,0.0417,-11.947,1,31,0.0541,131.63,0.961,5
0.000165,0.561,198053,0.898,0,1.86e-05,7,0.327,-4.722,1,59,0.056,133.965,0.638,1
0.249,0.764,220693,0.373,0,0.00492,2,0.0838,-7.176,1,37,0.051,106.704,0.8109999999999999,6
0.7040000000000001,0.542,335867,0.578,0,0.00144,10,0.326,-11.531,0,9,0.103,111.615,0.7190000000000001,7
0.104,0.863,288427,0.5379999999999999,1,0.0,11,0.379,-10.88,0,32,0.274,99.866,0.35100000000000003,3
0.974,0.174,311267,0.0574,0,0.0271,7,0.122,-26.173,1,0,0.0447,179.799,0.122,7
0.675,0.725,266507,0.648,0,0.000463,0,0.0943,-10.968,1,39,0.0384,88.90700000000002,0.853,4
0.316,0.7190000000000001,123200,0.187,1,0.0,0,0.388,-22.201,1,0,0.907,124.362,0.735,10
0.615,0.34700000000000003,309373,0.442,0,0.00192,10,0.163,-9.939,1,36,0.0383,175.47400000000005,0.217,6
0.376,0.596,252507,0.506,0,0.00134,4,0.32,-14.102,1,22,0.0286,140.406,0.841,5
7.759999999999999e-05,0.6,252547,0.649,0,0.14,1,0.218,-8.384,1,44,0.0593,115.952,0.688,1
0.371,0.603,165330,0.509,0,2.660000000000001e-05,1,0.0627,-6.824,1,61,0.0312,136.592,0.5720000000000001,1
0.0512,0.496,232307,0.708,0,1.06e-06,5,0.182,-5.175,1,67,0.0293,158.121,0.502,1
0.00196,0.6890000000000001,213261,0.601,0,0.000504,0,0.104,-6.584,1,54,0.0464,79.982,0.654,1
0.267,0.384,285760,0.8170000000000001,0,0.00191,1,0.0756,-9.079,1,48,0.0662,128.429,0.6859999999999999,5
0.0182,0.57,223667,0.973,0,0.0,1,0.203,-2.7710000000000004,1,51,0.0763,129.07299999999998,0.557,2
0.343,0.389,228653,0.436,0,3.2e-05,7,0.258,-9.7,1,41,0.0295,100.371,0.6920000000000001,5
0.82,0.81,180663,0.375,0,0.106,7,0.0299,-9.0,1,4,0.0455,142.22299999999996,0.7240000000000001,8
0.29,0.669,231493,0.8270000000000001,1,0.0,1,0.29100000000000004,-5.937,0,52,0.319,79.223,0.16399999999999998,1
0.194,0.691,119700,0.136,1,0.0,11,0.385,-18.159,0,0,0.94,140.82,0.731,9
0.488,0.688,613413,0.316,0,0.0,10,0.271,-16.534000000000002,1,10,0.948,102.074,0.527,8
0.00824,0.412,235893,0.937,0,0.4320000000000001,0,0.97,-8.065,1,23,0.0496,127.92,0.512,5
0.667,0.701,158600,0.546,0,3.25e-06,10,0.0748,-10.791,1,22,0.0395,83.499,0.738,6
0.0351,0.5489999999999999,228904,0.6559999999999999,0,1.19e-06,3,0.129,-6.515,1,69,0.0438,180.043,0.594,1
0.912,0.415,370693,0.251,0,0.8640000000000001,5,0.7090000000000001,-22.896,1,28,0.0838,92.435,0.326,5
0.743,0.643,107467,0.391,0,0.0,0,0.0971,-11.133,1,24,0.042,113.554,0.6809999999999999,6
0.00765,0.419,101240,0.911,0,0.0128,7,0.262,-5.881,1,33,0.0457,93.334,0.639,3
0.78,0.33,148347,0.398,0,0.000228,1,0.136,-8.971,1,19,0.0253,91.513,0.384,6
0.985,0.525,73600,0.327,0,0.912,4,0.299,-11.812,1,3,0.0345,100.202,0.8909999999999999,7
0.00424,0.226,245667,0.978,0,1.47e-06,7,0.109,-7.27,1,45,0.107,131.586,0.13699999999999998,3
0.158,0.57,195467,0.337,0,0.000128,2,0.118,-20.266,1,32,0.0366,95.344,0.765,4
0.8420000000000001,0.6679999999999999,444227,0.182,0,0.0,0,0.217,-20.215,1,0,0.929,82.936,0.388,7
0.0815,0.444,413000,0.5870000000000001,0,0.528,0,0.713,-8.39,1,15,0.0266,96.989,0.674,6
0.175,0.675,241027,0.511,0,0.0255,7,0.183,-9.208,1,46,0.0415,114.201,0.569,3
0.000798,0.65,322867,0.921,0,0.0298,9,0.134,-6.0139999999999985,1,49,0.0359,119.8,0.648,4
0.54,0.429,268893,0.444,0,0.00796,1,0.339,-19.195,1,13,0.0364,130.327,0.7959999999999999,7
0.8420000000000001,0.563,217613,0.443,0,0.0,5,0.293,-5.078,1,45,0.0247,80.962,0.313,1
0.802,0.779,245960,0.486,0,5.76e-05,5,0.0992,-7.205,1,63,0.193,123.993,0.654,1
0.725,0.418,195267,0.29600000000000004,0,1.14e-06,4,0.179,-15.324000000000002,0,0,0.0348,156.621,0.737,7
0.98,0.304,70693,0.4,0,0.894,4,0.386,-14.255999999999998,0,0,0.0382,100.786,0.472,8
0.723,0.805,184133,0.545,0,0.0,5,0.0366,-3.569,1,50,0.0543,106.58,0.965,2
0.911,0.601,203263,0.317,0,0.0,10,0.181,-8.945,1,57,0.0497,137.95,0.381,1
0.269,0.563,189507,0.248,0,0.591,5,0.8490000000000001,-19.017,1,33,0.0296,98.087,0.484,5
0.047,0.525,166093,0.92,1,0.0,2,0.373,-4.714,1,41,0.0615,165.391,0.602,2
0.7859999999999999,0.5760000000000001,198140,0.303,0,0.0,1,0.0993,-10.359000000000002,1,64,0.0489,77.872,0.753,1
0.652,0.8490000000000001,227880,0.745,0,0.000339,6,0.16399999999999998,-6.962999999999999,0,54,0.157,94.989,0.835,2
0.449,0.461,422533,0.168,1,0.8859999999999999,11,0.267,-16.225,0,56,0.042,169.675,0.309,3
0.993,0.493,220173,0.0842,0,0.879,9,0.112,-24.255,1,0,0.0518,122.532,0.5589999999999999,10
0.7140000000000001,0.569,365227,0.66,0,0.000208,5,0.0824,-11.236,0,38,0.0379,91.23,0.939,3
0.812,0.506,215840,0.632,0,0.906,11,0.13699999999999998,-5.757999999999999,0,0,0.221,123.687,0.851,7
0.978,0.139,660240,0.0676,0,0.7170000000000001,7,0.0399,-25.826,1,34,0.0405,87.28200000000002,0.0376,4
0.752,0.526,238600,0.294,0,0.331,5,0.233,-13.438,0,13,0.0317,128.192,0.421,7
0.21600000000000005,0.581,220253,0.8340000000000001,0,0.0,0,0.32299999999999995,-5.185,1,58,0.0707,164.015,0.517,2
0.5770000000000001,0.728,121960,0.608,0,0.909,6,0.085,-8.207,1,16,0.0327,112.454,0.956,7
0.92,0.353,215533,0.115,0,0.494,10,0.126,-14.639,1,21,0.033,85.838,0.13699999999999998,6
0.378,0.328,207907,0.334,0,0.823,1,0.0947,-18.008,1,51,0.0426,168.99900000000005,0.755,5
0.927,0.534,182147,0.442,0,0.0818,2,0.341,-14.844,0,20,0.0282,106.791,0.607,6
0.0626,0.8959999999999999,215923,0.7240000000000001,1,0.0,7,0.156,-7.049,1,45,0.308,96.113,0.659,4
0.882,0.472,274360,0.196,0,1.55e-06,3,0.08900000000000001,-14.143,1,45,0.0311,106.619,0.0985,2
0.0986,0.8240000000000001,194173,0.664,0,5.94e-06,1,0.15,-12.137,0,24,0.197,115.884,0.787,5
0.919,0.581,177333,0.242,0,0.00203,3,0.265,-13.894,0,13,0.0495,66.41,0.28800000000000003,7
0.133,0.379,465560,0.941,0,1.34e-05,5,0.979,-6.517,0,30,0.0786,152.77200000000005,0.722,5
0.0101,0.6609999999999999,212227,0.619,0,0.0,0,0.08800000000000001,-8.297,1,28,0.0322,140.064,0.7020000000000001,4
0.15,0.728,300354,0.8809999999999999,0,0.0008320000000000001,2,0.119,-6.518,1,28,0.0365,132.019,0.878,5
0.0861,0.458,252227,0.49,0,3.2e-06,9,0.0481,-12.755,1,28,0.071,110.038,0.684,4
0.917,0.301,337053,0.0292,0,5.95e-05,2,0.136,-25.481,1,0,0.0463,119.328,0.0391,7
0.989,0.621,205693,0.119,0,0.928,0,0.0761,-15.658,1,7,0.0412,76.91,0.581,7
0.00281,0.63,195519,0.6940000000000001,0,0.0,11,0.0719,-6.2570000000000014,0,79,0.0253,97.005,0.21600000000000005,1
0.422,0.324,201507,0.505,0,0.0,10,0.521,-9.407,1,19,0.0381,169.572,0.41,6
0.0946,0.807,227520,0.606,1,0.0,3,0.119,-8.871,0,86,0.08800000000000001,92.988,0.304,0
0.861,0.505,149053,0.255,0,0.00389,9,0.0782,-12.558,1,52,0.0352,140.342,0.623,5
0.198,0.404,220730,0.8059999999999999,0,0.0,2,0.114,-4.75,1,76,0.0496,148.036,0.112,1
0.993,0.56,71507,0.266,0,0.884,7,0.304,-14.992,1,0,0.106,88.792,0.539,8
0.0179,0.413,244747,0.815,1,0.0,4,0.482,-4.109,1,44,0.376,72.709,0.649,1
0.564,0.43,404880,0.35600000000000004,0,0.0,0,0.0841,-11.444,1,45,0.0542,91.765,0.496,7
0.979,0.672,69813,0.441,0,0.0,8,0.193,-12.386,0,1,0.735,91.216,0.804,8
0.61,0.579,181040,0.299,0,0.0,8,0.107,-17.195,1,26,0.0481,93.629,0.79,4
0.00934,0.71,287573,0.718,1,5.41e-05,1,0.117,-4.77,0,39,0.257,93.354,0.42,2
0.316,0.613,145960,0.187,0,0.544,7,0.076,-22.096,1,56,0.0347,121.209,0.609,6
0.944,0.39,152507,0.146,0,0.00209,8,0.146,-16.824,1,0,0.0342,101.514,0.5,8
0.138,0.5429999999999999,182120,0.73,0,0.038,8,0.253,-9.31,1,19,0.0742,128.114,0.378,6
0.17600000000000002,0.765,215200,0.88,1,1e-05,1,0.139,-4.3610000000000015,1,67,0.116,168.96,0.929,3
0.114,0.6629999999999999,99799,0.342,1,0.0,1,0.44,-13.963,1,0,0.948,93.979,0.495,10
0.155,0.836,273252,0.757,1,0.0,10,0.211,-7.914,0,33,0.244,93.004,0.722,3
0.812,0.667,167828,0.317,0,0.0314,3,0.34700000000000003,-7.995,1,0,0.0314,111.113,0.7829999999999999,7
0.127,0.295,317493,0.711,0,0.0418,0,0.425,-7.205,1,26,0.0358,96.003,0.6609999999999999,5
0.964,0.214,1101075,0.154,0,0.894,4,0.679,-20.011,0,0,0.0324,77.283,0.0389,9
0.8440000000000001,0.331,168133,0.151,0,1.8e-05,2,0.317,-13.73,1,21,0.0329,80.413,0.17800000000000002,7
0.993,0.468,194120,0.344,0,0.578,5,0.149,-10.024,1,0,0.0466,84.554,0.583,9
0.0563,0.15,375933,0.754,0,0.935,7,0.108,-6.98,1,40,0.0553,148.493,0.295,2
0.991,0.624,157067,0.433,0,0.0128,9,0.272,-8.684,0,9,0.29100000000000004,165.215,0.929,9
0.116,0.564,253330,0.701,0,0.911,0,0.324,-10.119,1,22,0.0697,118.028,0.826,5
0.897,0.515,413427,0.313,0,0.00015,3,0.152,-11.282,1,12,0.0512,141.744,0.621,7
0.00463,0.457,211373,0.613,0,0.000441,9,0.0711,-5.756,1,62,0.0295,105.11,0.132,1
0.285,0.466,209360,0.588,0,9.94e-06,5,0.0535,-10.666,0,58,0.0812,156.131,0.882,5
0.996,0.332,206307,0.0649,0,0.244,3,0.121,-20.271,1,0,0.0613,72.291,0.334,9
0.00389,0.59,276067,0.6990000000000001,0,4.69e-05,11,0.0577,-7.529,0,62,0.079,188.268,0.63,3
0.000363,0.659,287004,0.911,0,0.00812,2,0.35,-4.628,1,52,0.0844,109.975,0.498,1
0.00257,0.525,284547,0.904,0,0.000648,4,0.12,-5.488,1,62,0.0532,151.988,0.8029999999999999,2
0.35200000000000004,0.531,257000,0.373,0,2.25e-06,3,0.0799,-15.452,0,6,0.0409,87.82,0.247,6
0.0544,0.604,361280,0.436,1,0.000242,2,0.162,-8.32,1,70,0.188,107.978,0.239,1
0.0378,0.613,268240,0.912,0,3.65e-05,2,0.52,-4.638,1,50,0.0328,131.968,0.733,4
0.316,0.716,233533,0.47,0,6e-05,1,0.257,-10.921,1,30,0.0688,126.584,0.747,5
0.482,0.836,162195,0.81,0,0.733,7,0.17,-6.625,1,0,0.0959,113.683,0.967,7
0.97,0.268,189773,0.0423,0,0.0212,9,0.189,-24.757,1,3,0.0414,89.53399999999998,0.175,7
0.0923,0.746,155513,0.7190000000000001,0,0.0,0,0.443,-3.741,0,61,0.0861,128.032,0.8690000000000001,1
0.418,0.5379999999999999,172520,0.349,0,3.04e-06,10,0.173,-10.315,1,23,0.0351,142.708,0.73,6
