0.103,0.539,195333,0.8190000000000001,0,0.0,2,0.204,-8.708,1,35,0.129,112.572,0.929,5
0.449,0.575,241387,0.486,0,0.0,6,0.0753,-7.662000000000001,0,40,0.0521,132.248,0.4920000000000001,2
0.182,0.5429999999999999,272440,0.895,0,0.00214,2,0.0952,-4.713,0,45,0.0528,165.81900000000005,0.93,2
0.7120000000000001,0.516,398507,0.107,0,0.708,9,0.113,-21.292,0,16,0.0605,80.584,0.152,7
0.97,0.639,188907,0.211,0,0.675,0,0.43,-9.139,0,22,0.0558,95.574,0.644,10
0.785,0.35600000000000004,51053,0.222,0,0.848,7,0.387,-15.184,1,37,0.0341,100.292,0.161,5
0.924,0.226,174813,0.165,0,0.325,9,0.166,-14.536,1,12,0.0373,78.164,0.189,8
0.0224,0.239,183782,0.969,0,9.24e-05,11,0.452,-3.547,0,60,0.27,93.565,0.245,1
0.888,0.664,212000,0.14800000000000002,0,3.36e-06,9,0.0967,-8.975,1,0,0.0347,140.273,0.221,8
0.00397,0.775,187710,0.8240000000000001,0,0.0,11,0.0509,-2.5580000000000003,0,56,0.047,137.989,0.6829999999999999,1
0.498,0.507,553067,0.477,0,0.0469,2,0.16399999999999998,-13.731,1,14,0.0942,145.209,0.6409999999999999,7
0.0615,0.846,245533,0.659,0,0.0,10,0.297,-6.888,0,48,0.0809,107.014,0.622,2
0.991,0.297,813027,0.188,0,0.123,7,0.325,-17.015,1,0,0.0332,80.577,0.255,8
0.0161,0.402,149092,0.589,0,4.46e-06,7,0.111,-9.34,1,40,0.0614,137.97899999999998,0.569,4
0.353,0.708,182680,0.501,0,1.3699999999999998e-05,11,0.14400000000000002,-8.488999999999999,1,52,0.0296,77.495,0.46,1
0.0556,0.648,356800,0.586,0,0.75,9,0.133,-11.66,0,45,0.0284,98.015,0.394,3
0.609,0.698,129067,0.409,0,0.0,5,0.385,-12.878,1,43,0.0352,140.82399999999996,0.897,6
0.468,0.73,227760,0.607,0,0.0,9,0.0996,-4.158,1,52,0.0476,115.605,0.96,1
0.986,0.35100000000000003,257507,0.385,0,0.0376,7,0.0893,-11.129,1,0,0.045,69.241,0.461,8
0.597,0.718,148440,0.561,0,0.136,7,0.16699999999999998,-11.343,1,32,0.0318,138.733,0.951,5
0.0134,0.5670000000000001,225853,0.916,0,0.00108,3,0.0691,-7.263,1,43,0.0457,148.011,0.748,4
0.006940000000000001,0.7979999999999999,454173,0.726,0,0.863,5,0.057,-13.213,1,36,0.0494,113.767,0.912,4
0.975,0.32299999999999995,236027,0.0231,0,0.922,10,0.0893,-24.857,1,11,0.0358,73.375,0.0519,6
0.0724,0.852,249773,0.7070000000000001,0,7.290000000000001e-05,10,0.0517,-5.557,1,42,0.0307,104.995,0.939,3
0.0116,0.541,266387,0.763,0,0.00906,7,0.106,-8.315,1,25,0.0566,139.314,0.8440000000000001,4
0.909,0.451,153493,0.514,1,0.0151,6,0.362,-12.63,1,64,0.22,67.072,0.459,0
0.185,0.524,253893,0.5589999999999999,0,5.94e-05,5,0.14,-8.318999999999999,1,56,0.0298,140.043,0.202,2
0.289,0.345,305573,0.655,0,0.7929999999999999,0,0.0641,-7.716,0,38,0.0352,137.743,0.37,6
0.0008869999999999998,0.257,399147,0.4970000000000001,0,0.0492,2,0.11,-11.59,0,34,0.0715,91.012,0.331,5
0.8109999999999999,0.469,167400,0.237,0,0.0,9,0.0943,-12.467,1,27,0.0314,138.826,0.5329999999999999,5
0.848,0.344,262333,0.339,0,8.27e-05,11,0.145,-12.395,1,28,0.0395,97.03,0.192,4
0.633,0.498,154893,0.4920000000000001,0,0.0,6,0.0762,-6.517,1,41,0.0458,131.10399999999998,0.662,6
0.526,0.682,219827,0.29100000000000004,0,0.0,10,0.0629,-15.827,1,50,0.0353,105.642,0.642,4
0.485,0.7,209419,0.211,1,0.0,11,0.6,-18.338,0,0,0.936,89.745,0.708,10
0.13699999999999998,0.308,527947,0.382,0,6.49e-05,2,0.0435,-10.722,1,22,0.0378,127.318,0.108,5
0.122,0.685,191067,0.718,0,0.0,0,0.0556,-7.724,1,62,0.0521,131.463,0.958,3
0.687,0.276,157173,0.28,0,0.59,2,0.126,-16.614,1,28,0.0326,83.979,0.208,5
0.425,0.345,386227,0.861,0,0.0017399999999999998,7,0.133,-8.823,1,28,0.0471,176.942,0.848,5
0.0141,0.42,170000,0.746,0,0.0,8,0.0661,-10.628,1,39,0.0467,111.886,0.229,3
0.8440000000000001,0.482,207733,0.122,0,0.0,10,0.095,-15.265,1,28,0.0455,69.017,0.247,6
0.979,0.7040000000000001,148453,0.132,0,2.67e-06,10,0.138,-19.78,1,0,0.162,120.359,0.8640000000000001,9
0.604,0.638,192800,0.275,0,0.0464,0,0.871,-17.739,1,44,0.0469,91.109,0.7120000000000001,5
0.0885,0.585,286373,0.903,0,0.000775,5,0.411,-5.363,1,34,0.0913,89.24600000000002,0.767,5
0.0961,0.522,191987,0.762,0,6.21e-06,9,0.395,-5.059,1,70,0.0362,143.868,0.486,1
0.99,0.397,255267,0.5660000000000001,0,0.875,9,0.612,-13.457,0,2,0.0682,115.111,0.688,8
0.762,0.476,199493,0.7509999999999999,0,0.961,9,0.0899,-10.831,1,20,0.0388,128.555,0.916,5
0.979,0.7340000000000001,183256,0.426,0,0.502,9,0.168,-10.586,1,0,0.0488,126.541,0.823,9
0.253,0.5539999999999999,175360,0.927,0,0.0,9,0.119,-3.1630000000000003,0,39,0.0428,125.155,0.853,5
0.903,0.209,151373,0.125,0,0.0,7,0.136,-15.836,0,52,0.0412,69.563,0.0723,3
4.46e-05,0.408,193613,0.923,0,0.00245,7,0.181,-3.745,1,50,0.0472,156.045,0.388,2
0.619,0.343,518773,0.657,0,0.000165,5,0.422,-10.117,1,6,0.284,76.05,0.46,7
0.00134,0.267,263867,0.937,0,0.471,9,0.175,-5.841,1,42,0.101,144.126,0.526,4
0.871,0.632,167667,0.255,0,0.0,5,0.15,-17.325,0,12,0.029,103.113,0.426,6
0.946,0.361,142707,0.34,0,0.00555,1,0.341,-10.126,1,0,0.0508,92.433,0.454,9
0.631,0.7509999999999999,184000,0.522,0,1.91e-05,3,0.231,-6.159,1,56,0.0462,105.125,0.968,2
0.458,0.522,157827,0.41,0,0.0,6,0.128,-15.299,1,35,0.0397,78.869,0.7659999999999999,3
0.585,0.8740000000000001,179372,0.6559999999999999,1,0.0,7,0.251,-6.478,0,71,0.091,134.02200000000002,0.561,0
0.748,0.67,160880,0.235,0,0.0,0,0.35700000000000004,-15.638,1,61,0.047,134.93200000000002,0.757,1
0.8690000000000001,0.581,536573,0.35600000000000004,0,0.237,3,0.152,-12.0,1,13,0.0373,91.491,0.504,7
0.104,0.263,434907,0.368,0,0.946,0,0.121,-16.852,1,37,0.0406,145.47899999999996,0.227,3
0.424,0.328,417587,0.358,0,0.00015,7,0.11,-11.604,0,43,0.0313,119.117,0.139,5
0.139,0.489,207333,0.762,0,0.000405,0,0.0819,-3.947,1,48,0.0321,134.504,0.634,6
0.342,0.639,192467,0.584,0,1.27e-06,10,0.0969,-9.1,0,42,0.0357,136.784,0.821,4
0.995,0.5539999999999999,174835,0.153,0,0.114,11,0.155,-10.632,1,0,0.302,177.24200000000005,0.894,8
0.627,0.555,273667,0.375,0,1.96e-05,1,0.0751,-11.308,0,40,0.0418,138.99200000000002,0.487,4
0.0189,0.68,243467,0.574,0,0.00932,6,0.147,-12.878,1,36,0.0498,112.974,0.447,4
0.117,0.3670000000000001,299000,0.482,0,0.866,2,0.0897,-9.93,1,21,0.0297,109.792,0.0988,4
0.936,0.4,203333,0.114,0,0.0,2,0.11,-12.308,1,9,0.0412,86.719,0.27,7
0.179,0.784,101667,0.14300000000000002,1,0.0,11,0.363,-19.514,0,0,0.937,113.034,0.555,8
0.93,0.68,150333,0.28300000000000003,0,0.006940000000000001,6,0.0632,-9.835,0,0,0.0638,79.689,0.887,8
0.0711,0.738,206013,0.785,1,1.59e-05,1,0.117,-10.035,1,66,0.272,92.008,0.35700000000000004,0
0.774,0.222,231480,0.162,0,0.000129,7,0.684,-17.964000000000006,1,28,0.0364,78.02,0.204,7
0.125,0.7140000000000001,1118920,0.8190000000000001,0,0.205,1,0.332,-7.032,1,21,0.043,126.27,0.596,4
0.207,0.691,178107,0.857,0,6.790000000000001e-05,5,0.0839,-9.626,0,28,0.0563,121.889,0.75,4
0.254,0.736,216600,0.301,0,0.000534,0,0.119,-15.689,1,46,0.0284,102.405,0.5529999999999999,4
0.988,0.31,75707,0.156,0,0.853,3,0.318,-21.876,1,0,0.0289,89.04,0.345,10
0.000253,0.392,245480,0.932,0,1.7199999999999998e-05,1,0.247,-3.839,1,45,0.0429,161.859,0.604,2
0.986,0.672,167000,0.265,0,0.8640000000000001,0,0.111,-15.729,1,0,0.11,117.986,0.636,10
0.589,0.7559999999999999,196867,0.53,0,0.0,4,0.109,-7.147,1,55,0.037000000000000005,123.0,0.952,1
0.0252,0.536,247493,0.957,0,0.00504,9,0.0502,-6.051,1,25,0.0473,173.532,0.532,4
0.168,0.722,102350,0.131,1,0.0,7,0.507,-18.975,1,0,0.959,80.104,0.53,8
0.0668,0.5920000000000001,225560,0.741,0,0.0,2,0.218,-7.117000000000001,1,39,0.0267,109.594,0.613,3
0.5489999999999999,0.624,122000,0.34700000000000003,0,0.0,8,0.121,-9.68,1,10,0.0606,144.975,0.639,7
0.6759999999999999,0.51,182927,0.457,0,0.0,0,0.0855,-6.763,1,45,0.0828,191.655,0.965,2
0.00517,0.741,275126,0.583,0,0.0,7,0.0679,-8.336,1,32,0.106,128.759,0.746,5
0.975,0.721,113053,0.0554,0,0.0166,3,0.18,-20.666,1,15,0.265,125.399,0.81,7
0.951,0.0,360000,2.03e-05,0,0.873,2,0.113,-16.555,1,52,0.0,0.0,0.0,1
0.868,0.594,86061,0.149,0,0.0,11,0.119,-14.983,1,0,0.0689,36.586,0.667,8
0.99,0.752,216507,0.254,0,0.157,5,0.153,-7.29,1,0,0.151,116.066,0.547,10
0.0561,0.633,191240,0.889,0,0.00387,5,0.18,-11.395,1,33,0.0292,122.839,0.688,4
0.715,0.695,248240,0.386,0,0.12,7,0.226,-17.829,0,22,0.0354,124.43,0.833,5
0.34,0.469,242227,0.5660000000000001,0,0.0,7,0.203,-6.966,1,66,0.0357,73.047,0.292,1
0.000205,0.397,123467,0.983,0,1.63e-06,1,0.624,-6.901,1,34,0.0553,96.737,0.196,4
0.903,0.264,229733,0.0499,0,0.0,2,0.141,-26.12,1,0,0.0414,91.28,0.175,7
0.398,0.715,520200,0.3670000000000001,0,0.0,1,0.121,-13.879,1,19,0.941,112.561,0.747,9
0.394,0.531,183693,0.698,0,0.0,10,0.355,-10.383,0,23,0.056,150.72299999999996,0.954,7
0.00014,0.397,251600,0.696,0,0.145,7,0.55,-10.143,1,49,0.0309,179.22799999999995,0.521,2
0.932,0.482,157600,0.326,0,0.0,0,0.11,-10.664,1,42,0.0382,116.315,0.479,6
0.0621,0.8029999999999999,286333,0.7490000000000001,1,0.0033,10,0.0694,-5.9529999999999985,1,43,0.219,81.502,0.901,3
0.932,0.147,201667,0.107,0,0.882,0,0.0887,-17.907,1,46,0.0378,145.701,0.0726,2
0.5870000000000001,0.423,175907,0.494,0,0.0,10,0.0842,-8.517999999999999,1,33,0.0318,202.382,0.863,6
0.995,0.537,134923,0.0435,0,0.953,1,0.105,-21.483,0,64,0.0464,109.308,0.225,1
0.409,0.397,90493,0.276,0,0.665,5,0.146,-13.244000000000002,1,23,0.0371,144.254,0.445,5
0.8240000000000001,0.529,341136,0.6559999999999999,0,0.0942,5,0.383,-7.002999999999999,1,50,0.0302,87.495,0.211,1
0.952,0.477,163787,0.113,0,0.0,5,0.128,-12.908,1,42,0.0314,72.624,0.182,7
0.82,0.615,258960,0.177,0,0.000186,5,0.135,-16.925,0,62,0.0465,124.558,0.383,3
0.00799,0.7190000000000001,233387,0.682,0,0.0,6,0.334,-3.312,1,46,0.214,84.01299999999998,0.713,2
0.32,0.475,404133,0.314,0,0.0,6,0.0367,-13.08,1,51,0.058,174.042,0.573,5
0.391,0.7020000000000001,183281,0.526,0,0.87,8,0.133,-6.634,1,0,0.0488,115.095,0.96,7
0.992,0.805,159893,0.239,0,0.473,6,0.14300000000000002,-10.22,0,0,0.149,118.03,0.741,10
0.101,0.472,245507,0.883,0,0.903,4,0.221,-8.568999999999999,1,30,0.0382,126.642,0.642,6
0.777,0.607,281507,0.467,0,0.161,6,0.192,-14.893,1,27,0.235,165.142,0.773,4
0.995,0.514,112920,0.182,0,0.454,6,0.16699999999999998,-9.544,1,0,0.085,114.407,0.71,8
0.252,0.7040000000000001,197373,0.527,0,9.71e-06,1,0.113,-11.4,1,29,0.0271,102.077,0.944,3
0.619,0.506,134893,0.298,0,0.0,9,0.514,-10.316,0,25,0.0423,130.835,0.448,6
0.0657,0.491,364493,0.481,0,0.000167,4,0.105,-5.7620000000000005,1,52,0.039,124.858,0.0546,1
0.948,0.361,108667,0.118,0,1.94e-05,10,0.101,-18.392,1,35,0.0324,127.788,0.244,5
0.203,0.498,303733,0.507,0,7.75e-05,10,0.111,-5.7429999999999986,1,48,0.0314,76.102,0.289,2
0.992,0.468,200907,0.101,0,0.946,3,0.12,-22.892,1,18,0.0368,69.459,0.105,7
0.0274,0.38,261507,0.945,0,2.18e-05,7,0.234,-3.398,1,29,0.0449,83.552,0.845,5
0.325,0.539,162733,0.889,0,0.805,9,0.28300000000000003,-8.679,1,32,0.0441,154.593,0.911,5
0.931,0.16699999999999998,233907,0.0585,0,0.628,7,0.117,-24.172,1,16,0.037000000000000005,87.447,0.225,9
0.000285,0.171,172920,0.802,0,0.0,4,0.7490000000000001,-8.754,1,30,0.0374,159.3,0.8,5
0.071,0.375,338853,0.862,1,0.0,11,0.211,-3.363,0,75,0.255,159.841,0.478,2
0.004520000000000001,0.493,197053,0.918,0,0.0858,0,0.4270000000000001,-4.618,1,57,0.034,158.89700000000005,0.703,1
0.258,0.73,226653,0.487,0,0.01,4,0.0852,-10.991,1,47,0.0303,114.965,0.731,4
0.515,0.471,284840,0.35700000000000004,0,0.00363,5,0.114,-11.333,1,60,0.0283,138.255,0.278,5
0.506,0.736,218560,0.708,0,1.38e-06,4,0.233,-7.559,0,21,0.0588,91.169,0.911,4
0.0939,0.379,185333,0.773,0,0.235,5,0.282,-11.749,0,24,0.0768,130.608,0.574,6
0.962,0.344,270987,0.221,0,0.913,0,0.0974,-19.719,1,0,0.0373,77.403,0.54,10
0.0452,0.74,218133,0.899,1,0.0972,11,0.33,-7.221,1,38,0.321,89.454,0.777,3
0.0806,0.406,112520,0.597,0,8.14e-05,1,0.173,-10.297,1,29,0.0301,150.26,0.884,6
0.0003,0.3,233467,0.953,0,0.773,0,0.289,-4.827,1,45,0.0448,159.572,0.8640000000000001,2
0.57,0.512,192373,0.28800000000000003,0,0.00045,0,0.124,-14.4,1,37,0.0298,173.884,0.14,5
0.799,0.588,192453,0.227,0,0.000314,9,0.301,-12.6,1,21,0.0267,82.704,0.394,6
0.0764,0.718,207027,0.422,1,0.0,4,0.17,-9.115,0,62,0.0621,144.678,0.455,1
0.26,0.422,431532,0.444,0,0.0107,0,0.08800000000000001,-10.057,1,29,0.0272,163.592,0.691,5
0.273,0.277,258960,0.959,0,0.0,7,0.862,-3.63,0,31,0.0581,169.016,0.8290000000000001,6
0.157,0.33,140493,0.784,0,2.08e-05,2,0.58,-15.285,1,52,0.19,115.402,0.196,4
0.979,0.279,523173,0.127,0,0.212,3,0.151,-23.18,1,0,0.034,83.789,0.222,9
0.956,0.46,117867,0.37,0,0.14400000000000002,1,0.0538,-8.478,0,0,0.0849,92.448,0.535,8
0.7070000000000001,0.593,177800,0.649,0,0.8220000000000001,2,0.151,-8.702,0,17,0.12,153.135,0.602,7
0.995,0.7440000000000001,175213,0.0921,0,0.6779999999999999,0,0.108,-15.104,1,0,0.08199999999999999,116.893,0.835,10
0.406,0.281,332533,0.467,0,1.35e-06,7,0.0844,-12.523,1,21,0.0458,72.15,0.256,6
0.589,0.8029999999999999,189653,0.35600000000000004,0,0.0,5,0.16,-9.026,0,58,0.0326,106.95,0.7390000000000001,1
0.983,0.506,237173,0.0903,0,0.00028,2,0.487,-14.550999999999998,0,9,0.0357,110.037,0.435,8
0.983,0.632,164573,0.279,0,0.0,8,0.128,-12.687,1,24,0.0454,126.141,0.293,6
0.00838,0.598,420000,0.255,0,0.82,4,0.36,-22.416,0,0,0.0699,119.552,0.0812,8
0.993,0.632,258664,0.16899999999999998,0,0.00157,2,0.0804,-8.699,1,0,0.0733,126.061,0.825,8
0.941,0.612,251267,0.297,0,1.45e-06,10,0.109,-7.5710000000000015,1,50,0.0308,99.937,0.46,2
0.993,0.188,145693,0.105,0,0.6679999999999999,9,0.113,-26.146,1,0,0.0387,80.934,0.0749,7
0.973,0.28,192200,0.267,0,0.0112,5,0.52,-13.463,1,0,0.107,67.834,0.155,8
0.873,0.505,52307,0.183,0,0.84,6,0.248,-24.791,1,24,0.0396,120.991,0.111,4
0.545,0.115,1946640,0.103,0,0.7020000000000001,1,0.0974,-19.413,1,1,0.0413,70.682,0.0367,8
0.04,0.589,256441,0.867,0,0.0,10,0.306,-4.523,1,61,0.0385,94.519,0.795,2
0.205,0.313,272267,0.505,0,0.0,4,0.0843,-9.406,0,41,0.0747,167.352,0.237,2
0.947,0.25,581013,0.181,0,0.0776,4,0.274,-17.617,1,0,0.0436,132.546,0.141,9
0.108,0.875,366027,0.463,1,0.0,6,0.0473,-17.227,1,36,0.155,90.379,0.802,4
0.97,0.47,207467,0.215,0,0.00013000000000000002,5,0.37,-10.214,1,3,0.0409,79.219,0.246,9
0.385,0.69,256813,0.28800000000000003,0,0.0,6,0.106,-10.584,0,44,0.102,141.899,0.316,2
0.8170000000000001,0.388,202200,0.245,0,0.0548,5,0.1,-19.291,1,16,0.0374,82.595,0.8540000000000001,6
0.139,0.46,227463,0.932,0,0.00504,0,0.114,-6.2639999999999985,1,64,0.0468,203.617,0.8490000000000001,4
0.182,0.391,295358,0.755,0,0.58,7,0.174,-7.05,1,58,0.0416,170.333,0.42,3
0.644,0.499,283387,0.496,0,0.368,0,0.0934,-10.246,0,56,0.0327,140.047,0.14,1
0.000356,0.309,168560,0.987,0,0.0,11,0.224,-3.006,0,41,0.0733,107.199,0.748,2
0.000553,0.5,186040,0.928,0,1.53e-05,9,0.0849,-3.886,0,49,0.0412,135.058,0.767,1
0.757,0.574,130400,0.623,0,1.71e-06,2,0.0742,-9.504,1,35,0.0304,106.354,0.6409999999999999,6
0.236,0.5760000000000001,162093,0.675,0,4.03e-06,0,0.934,-6.624,1,52,0.0311,93.473,0.5660000000000001,2
0.552,0.53,224013,0.264,0,0.6940000000000001,5,0.133,-18.16,0,62,0.038,90.04799999999999,0.489,5
0.8490000000000001,0.479,336000,0.29,0,0.000331,7,0.112,-12.079,1,46,0.0334,154.14,0.374,2
0.912,0.447,149720,0.266,0,1.76e-06,9,0.087,-10.903,1,34,0.0382,75.97800000000002,0.38,5
0.183,0.705,102565,0.0702,1,0.0,11,0.7759999999999999,-21.192,0,0,0.952,132.88,0.6,8
0.866,0.523,146000,0.218,0,0.00192,10,0.236,-18.724,1,11,0.0337,94.445,0.7040000000000001,6
0.431,0.557,141427,0.578,0,0.000484,0,0.67,-11.064,1,25,0.0325,110.765,0.643,5
0.65,0.5770000000000001,256627,0.7,0,0.0128,0,0.715,-10.866,1,26,0.0412,139.856,0.8640000000000001,5
0.517,0.589,217920,0.616,1,9.33e-06,1,0.123,-3.401,0,52,0.0987,83.93700000000003,0.305,1
0.00564,0.792,286307,0.8190000000000001,0,0.00016299999999999998,10,0.175,-4.933,0,64,0.0367,108.056,0.515,2
0.846,0.5539999999999999,187800,0.364,0,0.35200000000000004,5,0.887,-8.931000000000003,1,9,0.0822,125.09,0.525,7
0.8370000000000001,0.528,285373,0.305,0,3.03e-06,4,0.113,-11.671,1,54,0.0301,117.828,0.5489999999999999,5
0.28300000000000003,0.815,183053,0.826,0,0.0,5,0.256,-5.2170000000000005,1,52,0.155,95.031,0.737,2
0.598,0.59,169691,0.8109999999999999,0,0.0,7,0.0341,-4.425,1,3,0.162,143.435,0.925,9
0.486,0.644,239267,0.579,0,0.7490000000000001,5,0.14400000000000002,-6.687,1,35,0.0288,97.681,0.746,5
0.0579,0.674,223840,0.919,0,0.0,2,0.113,-2.987,1,46,0.0347,120.968,0.9,1
0.205,0.595,181373,0.655,0,0.000124,11,0.155,-7.678,1,29,0.0311,104.048,0.818,5
1.96e-05,0.303,394400,0.92,0,0.378,11,0.421,-6.472,1,36,0.109,91.83,0.231,3
0.0659,0.773,227213,0.914,1,0.0,11,0.376,-4.765,0,41,0.165,153.365,0.7190000000000001,2
0.418,0.5760000000000001,479630,0.764,0,0.0749,2,0.0667,-10.799,1,45,0.188,126.048,0.823,4
0.0613,0.4320000000000001,273533,0.597,0,0.037000000000000005,2,0.7609999999999999,-12.312,1,24,0.0311,89.96799999999998,0.684,6
0.939,0.524,148267,0.154,0,0.888,2,0.152,-15.825,0,8,0.0405,133.813,0.313,7
0.914,0.321,77053,0.4370000000000001,0,0.711,5,0.713,-14.423,1,0,0.0595,182.42,0.254,8
0.994,0.725,172013,0.25,0,0.202,5,0.142,-10.989,0,0,0.0779,114.412,0.8440000000000001,10
5.63e-06,0.415,174134,0.885,0,0.0136,1,0.29600000000000004,-6.617000000000001,1,53,0.0545,129.83700000000002,0.5579999999999999,4
0.613,0.468,215507,0.331,0,0.00108,3,0.129,-11.052,1,56,0.036000000000000004,102.448,0.09,1
0.472,0.708,216973,0.716,0,0.0,7,0.187,-5.381,1,58,0.0444,130.10299999999998,0.309,1
0.637,0.721,113800,0.14800000000000002,1,0.0,2,0.316,-18.302,1,0,0.96,88.921,0.48,8
0.932,0.328,35707,0.376,0,0.8270000000000001,0,0.245,-14.345999999999998,0,0,0.0317,84.89200000000002,0.253,8
0.00019,0.417,230440,0.945,0,8.63e-05,8,0.2,-3.703,1,55,0.0805,164.997,0.607,2
0.993,0.504,202893,0.196,0,0.505,10,0.17600000000000002,-12.425,1,0,0.1,72.835,0.416,8
0.193,0.665,219533,0.28800000000000003,0,0.0,4,0.0725,-17.006,1,27,0.0444,133.498,0.721,5
0.851,0.481,175720,0.32,0,0.486,9,0.0656,-12.254,1,6,0.0287,102.704,0.339,7
0.974,0.368,192440,0.395,0,0.6829999999999999,1,0.257,-8.998,0,0,0.0445,79.767,0.526,9
0.596,0.6779999999999999,214880,0.465,0,1.16e-05,4,0.237,-5.62,1,23,0.029,103.866,0.764,4
0.86,0.422,163333,0.267,0,0.0,3,0.142,-9.533,1,71,0.0281,171.725,0.4320000000000001,1
0.00303,0.72,155600,0.913,0,6.24e-05,7,0.348,-3.67,1,52,0.0491,124.997,0.8,2
0.192,0.682,439200,0.792,0,4.84e-06,0,0.106,-7.754,1,33,0.0383,97.264,0.895,5
0.0848,0.935,304333,0.731,1,0.0,11,0.0506,-5.564,0,48,0.13699999999999998,114.007,0.7659999999999999,3
0.6940000000000001,0.231,349667,0.325,0,0.00114,5,0.69,-10.483,1,55,0.0315,173.463,0.282,3
0.8079999999999999,0.579,156120,0.179,0,6.36e-05,10,0.0977,-18.537,1,22,0.0291,89.976,0.525,5
0.172,0.531,356080,0.682,0,9.18e-05,5,0.772,-11.473,1,27,0.127,90.629,0.418,5
0.875,0.307,291640,0.162,0,3.48e-05,8,0.0866,-17.398,1,33,0.0363,102.863,0.0814,4
0.007140000000000001,0.289,606573,0.7909999999999999,0,0.0457,5,0.133,-7.354,1,32,0.0544,173.12,0.368,5
0.7859999999999999,0.39,205320,0.34600000000000003,0,0.0124,5,0.096,-14.285,1,34,0.037000000000000005,82.58200000000002,0.797,6
0.0496,0.7070000000000001,179453,0.653,0,0.0,7,0.0684,-4.691,1,48,0.0423,123.038,0.64,1
0.0386,0.374,256573,0.726,0,0.0,7,0.112,-4.194,1,52,0.0426,185.922,0.59,1
0.991,0.789,209717,0.335,0,0.008579999999999999,5,0.189,-8.478,1,0,0.0948,101.549,0.847,8
0.789,0.378,89587,0.232,0,0.00339,0,0.0934,-16.777,1,32,0.0427,82.366,0.244,5
0.388,0.5720000000000001,245040,0.81,0,0.7040000000000001,3,0.314,-6.61,1,0,0.0395,116.302,0.883,7
0.274,0.511,218254,0.722,0,0.00808,2,0.057,-9.625,1,33,0.0308,100.292,0.541,5
0.000977,0.411,263267,0.916,0,0.0199,9,0.109,-9.86,0,25,0.0344,144.95600000000005,0.6579999999999999,5
0.188,0.6970000000000001,236400,0.6659999999999999,0,1.73e-06,7,0.126,-5.122999999999998,1,52,0.0538,98.013,0.34600000000000003,1
0.916,0.478,151680,0.274,0,0.7909999999999999,8,0.11,-20.737,1,1,0.0496,134.303,0.508,7
0.978,0.154,174467,0.203,0,0.897,5,0.116,-18.583,1,0,0.0398,180.393,0.28,8
0.158,0.374,237440,0.957,0,0.000655,9,0.256,-5.3420000000000005,1,30,0.159,144.715,0.382,5
0.99,0.316,776133,0.0906,0,0.8490000000000001,2,0.195,-21.469,0,0,0.0462,142.846,0.476,8
0.98,0.505,172840,0.11,0,0.895,5,0.0935,-15.265999999999998,1,0,0.0485,62.941,0.118,8
0.0396,0.442,333067,0.453,0,0.0,10,0.0971,-10.557,1,53,0.0267,60.698,0.153,3
0.995,0.269,201573,0.24,0,0.266,0,0.103,-13.359000000000002,1,0,0.0399,84.64299999999999,0.36,8
0.733,0.35100000000000003,232067,0.275,0,5.01e-05,7,0.825,-14.341,1,55,0.0356,203.939,0.336,1
0.557,0.581,161947,0.517,0,0.0,2,0.133,-13.384,1,45,0.0366,120.754,0.713,4
0.418,0.614,219533,0.451,0,0.000242,5,0.0722,-17.204,0,24,0.0452,141.918,0.92,6
0.931,0.563,210337,0.255,0,0.000236,11,0.12,-9.827,1,0,0.091,149.29399999999995,0.557,8
0.994,0.503,128067,0.007090000000000002,0,0.962,10,0.0544,-31.597,1,0,0.0357,102.154,0.264,7
0.736,0.362,184627,0.345,0,0.203,1,0.109,-15.866,1,15,0.0404,142.582,0.581,7
0.098,0.769,243333,0.611,1,0.0,8,0.221,-2.85,1,54,0.039,144.037,0.0901,1
0.249,0.377,241040,0.326,0,0.000686,5,0.111,-12.515,1,52,0.0292,163.741,0.222,4
0.987,0.636,206711,0.254,0,0.544,8,0.112,-14.934,1,0,0.952,165.99,0.67,9
0.444,0.6409999999999999,315080,0.448,0,4.06e-06,0,0.0857,-10.630999999999998,1,33,0.0318,157.767,0.527,3
0.962,0.151,200360,0.0639,0,0.603,11,0.466,-24.404,0,50,0.0439,61.577,0.0797,3
0.462,0.461,132920,0.4970000000000001,0,0.0,0,0.4270000000000001,-8.802999999999997,1,14,0.0349,99.404,0.643,6
0.134,0.613,145813,0.846,1,0.0,2,0.153,-3.835,1,42,0.366,84.698,0.775,2
0.951,0.442,219973,0.0646,0,1.6100000000000002e-05,0,0.128,-21.214,0,26,0.0518,174.021,0.201,5
0.0244,0.591,311000,0.6809999999999999,0,0.241,0,0.13,-10.791,1,41,0.158,97.547,0.674,4
0.974,0.175,87947,0.0462,0,0.934,7,0.101,-27.43,1,36,0.0444,119.43,0.0601,3
0.8490000000000001,0.552,152653,0.223,0,0.0,1,0.136,-12.429,1,45,0.0322,105.449,0.47,6
0.982,0.6559999999999999,194283,0.476,0,0.217,11,0.698,-7.6789999999999985,1,0,0.149,114.719,0.748,7
0.992,0.44,171400,0.131,0,0.918,10,0.111,-24.279,0,0,0.0443,67.515,0.503,9
0.815,0.6990000000000001,114400,0.451,0,0.0,2,0.202,-14.647,1,29,0.0304,95.772,0.863,5
0.39,0.882,161627,0.6890000000000001,0,0.00325,6,0.0501,-4.027,1,81,0.124,97.963,0.746,1
0.0115,0.42,194907,0.867,0,0.0,9,0.0851,-5.397,1,64,0.0859,78.814,0.628,1
0.145,0.8590000000000001,211600,0.875,1,0.0,4,0.454,-5.949,0,41,0.182,96.116,0.715,3
0.478,0.633,257667,0.419,0,0.0,11,0.27,-11.75,1,33,0.0334,138.94899999999998,0.486,4
0.8759999999999999,0.556,170253,0.249,0,3.09e-06,3,0.243,-12.041,1,15,0.0361,130.278,0.5710000000000001,7
0.5770000000000001,0.564,307640,0.71,0,5.06e-06,9,0.342,-6.836,0,44,0.0401,135.471,0.855,4
0.855,0.623,146107,0.293,0,0.0,7,0.108,-10.25,0,2,0.0588,134.142,0.879,9
0.6729999999999999,0.463,150733,0.212,0,1.73e-06,10,0.123,-13.192,1,8,0.0281,168.108,0.6509999999999999,7
0.0624,0.789,288267,0.449,1,0.0,11,0.131,-13.07,0,51,0.395,91.777,0.301,3
0.00999,0.458,276573,0.787,1,8.73e-05,1,0.065,-6.909,1,49,0.17,80.48,0.303,3
0.44,0.682,136827,0.289,0,8.49e-06,7,0.159,-10.643,1,39,0.0277,109.902,0.5429999999999999,3
0.16699999999999998,0.55,178547,0.588,0,0.0,7,0.336,-6.106,1,39,0.0451,82.476,0.335,2
0.129,0.535,202293,0.762,0,0.0622,5,0.4370000000000001,-8.821,1,37,0.0391,71.65100000000002,0.573,2
0.546,0.537,204933,0.598,0,2.94e-05,5,0.0904,-10.079,1,30,0.0433,111.87,0.857,4
0.0495,0.471,305893,0.5660000000000001,0,0.047,7,0.116,-5.987,1,24,0.0342,94.018,0.564,6
0.0693,0.835,225733,0.466,0,1.57e-06,7,0.243,-12.201,1,55,0.227,86.046,0.862,1
0.989,0.114,158067,0.0339,0,0.482,2,0.133,-21.806,0,2,0.0423,81.199,0.0402,8
0.0939,0.752,200683,0.5710000000000001,0,0.0,7,0.0797,-8.765,1,60,0.084,135.917,0.408,1
0.393,0.693,182227,0.5379999999999999,0,9.66e-06,4,0.0779,-14.922,1,6,0.0513,177.546,0.6659999999999999,9
0.39,0.6509999999999999,201422,0.601,1,0.0,10,0.0882,-5.097,0,61,0.0497,133.954,0.512,1
0.462,0.456,226907,0.514,0,0.00037,7,0.268,-9.733,0,39,0.053,138.377,0.657,3
0.000715,0.295,118653,0.899,0,0.000253,9,0.364,-1.733,1,33,0.0965,179.209,0.826,5
0.52,0.688,172200,0.269,0,1.29e-06,2,0.196,-16.298,1,27,0.0294,92.548,0.48,4
0.155,0.698,200133,0.6859999999999999,0,0.0,0,0.103,-5.925,1,59,0.0293,119.006,0.257,1
0.00125,0.6509999999999999,140213,0.8809999999999999,0,0.0,11,0.0263,-7.3279999999999985,0,24,0.0327,115.722,0.758,4
0.919,0.504,157213,0.181,0,0.0,3,0.162,-11.735,1,28,0.038,142.489,0.374,7
0.995,0.393,198200,0.507,0,0.0553,11,0.422,-3.927,1,0,0.031,119.976,0.648,8
0.53,0.617,143507,0.4970000000000001,0,0.00662,5,0.0767,-14.132,1,42,0.0471,105.943,0.809,6
0.525,0.444,267160,0.562,0,0.111,0,0.114,-8.383,1,39,0.026,95.126,0.329,3
0.0463,0.485,190213,0.7,0,0.109,0,0.111,-7.403,0,46,0.0272,180.11900000000003,0.393,3
0.752,0.573,243400,0.445,0,0.000454,4,0.126,-12.514,1,52,0.0352,140.178,0.36,4
0.000154,0.467,242720,0.828,0,0.00971,2,0.0943,-6.7920000000000025,0,46,0.0566,155.134,0.338,1
0.606,0.563,211907,0.478,0,7.4e-05,3,0.308,-9.828,1,25,0.0505,124.704,0.5379999999999999,6
0.0363,0.468,219720,0.7859999999999999,0,0.0,9,0.31,-2.757,1,54,0.0334,84.992,0.461,1
0.0649,0.476,248733,0.539,0,0.0,10,0.243,-5.308,1,50,0.0571,174.58900000000003,0.732,1
0.971,0.409,252360,0.337,0,5.67e-06,5,0.113,-11.369000000000002,0,29,0.0306,109.972,0.473,5
0.151,0.883,225987,0.85,1,1.82e-05,2,0.158,-4.964,1,55,0.211,93.951,0.7070000000000001,1
0.523,0.92,162840,0.629,0,0.0,10,0.116,-4.717,1,63,0.0343,98.865,0.968,2
0.961,0.26,200693,0.132,0,0.935,4,0.14800000000000002,-16.152,0,42,0.0357,137.451,0.0394,4
0.0351,0.228,215720,0.996,0,0.000252,4,0.921,-2.385,1,30,0.187,158.873,0.29100000000000004,4
0.985,0.387,130680,0.103,0,0.919,6,0.102,-21.79,1,0,0.0342,107.886,0.036000000000000004,7
0.39,0.177,346933,0.295,0,0.591,5,0.0684,-14.581,1,54,0.061,83.40899999999998,0.0825,4
0.728,0.4270000000000001,202227,0.13,0,0.00254,9,0.197,-18.891,1,49,0.0287,84.198,0.16899999999999998,2
0.596,0.485,117867,0.484,0,0.0,7,0.13,-7.631,0,39,0.0399,94.794,0.466,6
0.618,0.363,202413,0.404,0,0.0105,10,0.321,-11.579,1,32,0.0311,165.843,0.361,6
0.7120000000000001,0.652,193960,0.484,0,0.124,8,0.272,-10.389,1,46,0.0309,121.604,0.636,5
0.124,0.809,261893,0.8109999999999999,0,0.006790000000000001,2,0.149,-12.449000000000002,1,40,0.0456,115.353,0.889,4
0.588,0.6809999999999999,227655,0.333,1,0.0,9,0.086,-8.582,1,60,0.0974,118.05,0.564,1
0.934,0.119,192813,0.00363,0,0.236,7,0.205,-34.548,1,46,0.0425,76.089,0.0367,2
0.746,0.259,155600,0.4,0,1.62e-06,5,0.115,-6.108,1,39,0.0356,183.436,0.389,6
0.865,0.451,210413,0.221,0,0.0,3,0.08800000000000001,-12.28,1,34,0.0335,107.836,0.156,2
0.0008560000000000001,0.6809999999999999,173294,0.659,1,8.17e-06,9,0.11,-6.405,1,68,0.268,156.004,0.225,1
0.149,0.905,242400,0.604,0,9.24e-05,4,0.0523,-7.433,0,43,0.0413,109.196,0.899,2
0.159,0.718,239760,0.6829999999999999,0,0.0,1,0.21,-10.452,0,48,0.0393,120.58,0.6629999999999999,5
0.42,0.759,279187,0.774,0,0.0,8,0.172,-6.174,1,46,0.0771,139.975,0.885,1
0.979,0.638,177381,0.7,0,0.969,8,0.511,-5.787000000000001,1,0,0.0509,116.137,0.611,10
0.5,0.732,141787,0.4320000000000001,0,3.28e-06,3,0.117,-10.337,1,31,0.0584,101.257,0.721,3
0.443,0.72,518320,0.3720000000000001,0,0.0,10,0.194,-13.993,0,18,0.928,120.598,0.665,9
0.794,0.742,438280,0.6709999999999999,0,0.00441,5,0.122,-8.142000000000001,0,57,0.0407,127.359,0.591,3
0.994,0.479,113387,0.204,0,0.867,7,0.138,-22.163,1,2,0.0399,104.377,0.721,8
0.818,0.483,194200,0.285,0,6.47e-06,3,0.132,-14.027,1,55,0.0304,161.918,0.173,4
0.8959999999999999,0.24,751467,0.241,0,0.8009999999999999,10,0.123,-16.255,0,0,0.0389,137.9,0.188,8
0.245,0.528,285533,0.557,0,0.0156,2,0.0958,-10.342,0,43,0.0315,121.732,0.35700000000000004,4
0.858,0.485,223432,0.506,1,1.66e-05,6,0.828,-22.268,1,24,0.902,108.277,0.118,4
0.447,0.511,270600,0.4,0,0.0,6,0.364,-12.69,1,5,0.0338,75.006,0.385,6
0.8290000000000001,0.516,177667,0.374,0,0.0,2,0.4,-13.617,1,21,0.107,167.054,0.606,5
0.547,0.643,162200,0.234,0,0.0,0,0.154,-21.436,1,0,0.95,87.256,0.727,9
0.596,0.601,263353,0.38,0,0.0,0,0.0852,-8.772,1,53,0.0259,104.738,0.249,2
0.304,0.652,223693,0.596,0,0.0031,5,0.335,-8.654,1,57,0.0305,79.87,0.7759999999999999,2
0.293,0.76,192560,0.83,0,0.299,2,0.0475,-5.709,1,43,0.0451,134.931,0.945,2
0.995,0.297,193293,0.177,0,0.907,11,0.504,-15.701,0,0,0.0487,68.578,0.48,9
0.959,0.243,192667,0.233,0,3.08e-05,4,0.337,-9.478,1,2,0.0335,79.101,0.397,8
0.136,0.735,368720,0.507,0,0.0176,6,0.373,-11.17,0,45,0.0842,144.093,0.7829999999999999,4
0.189,0.626,234147,0.615,0,1.2e-05,8,0.127,-7.667000000000002,1,56,0.0898,123.048,0.0795,1
0.0108,0.743,243333,0.67,0,0.0702,1,0.22,-4.547,0,60,0.0293,110.832,0.934,2
0.193,0.418,235600,0.54,0,0.0,4,0.145,-6.141,1,37,0.0314,114.849,0.389,2
0.691,0.369,213187,0.505,0,0.00026000000000000003,7,0.0954,-10.199,1,30,0.0771,204.212,0.79,5
0.941,0.617,193200,0.447,0,0.337,0,0.172,-9.619,1,0,0.0428,104.987,0.8140000000000001,9
0.982,0.525,248533,0.464,0,0.948,5,0.192,-14.609000000000002,1,3,0.0352,143.66899999999995,0.85,9
0.619,0.299,350253,0.693,0,0.0,0,0.098,-4.301,1,41,0.0571,111.034,0.209,2
0.00598,0.111,230600,0.982,0,0.413,7,0.344,-3.459,1,32,0.0899,166.854,0.145,4
0.768,0.747,358520,0.308,0,2.61e-06,7,0.0374,-18.177,0,28,0.0422,100.7,0.936,5
0.263,0.639,110500,0.119,1,0.0,6,0.147,-17.586,1,0,0.94,167.385,0.747,9
0.14,0.616,179493,0.6890000000000001,0,0.0,8,0.0822,-6.5139999999999985,1,39,0.0261,125.932,0.942,6
0.0254,0.7609999999999999,118667,0.768,0,0.0113,2,0.121,-7.499,1,24,0.0724,91.536,0.685,6
0.417,0.336,122827,0.645,0,0.0,2,0.0862,-5.4060000000000015,1,41,0.0339,201.483,0.897,6
0.5489999999999999,0.384,200560,0.547,0,0.000166,8,0.123,-7.943,0,42,0.0468,120.467,0.385,2
0.991,0.5379999999999999,195400,0.389,0,0.299,11,0.0935,-9.492,0,0,0.0334,104.561,0.904,8
0.604,0.5770000000000001,255800,0.64,0,0.0,0,0.513,-3.656,1,42,0.632,190.403,0.53,2
0.6629999999999999,0.339,192440,0.412,0,0.000223,7,0.171,-11.226,1,54,0.0296,69.226,0.8390000000000001,2
0.992,0.442,93053,0.00978,0,0.846,7,0.0719,-25.893,0,0,0.0354,60.629,0.319,8
0.409,0.684,65550,0.62,0,0.0,0,0.33,-5.5070000000000014,1,50,0.0385,118.904,0.94,1
0.969,0.682,198040,0.168,0,0.000745,9,0.266,-15.3,0,4,0.0927,112.221,0.531,10
0.992,0.223,190027,0.274,0,0.0534,0,0.318,-14.151,1,0,0.0422,76.36399999999998,0.17,8
0.334,0.59,164107,0.394,0,2.51e-05,2,0.328,-13.337,1,52,0.0321,139.936,0.7170000000000001,3
0.728,0.423,125600,0.284,0,8.75e-06,0,0.162,-12.470999999999998,1,0,0.0449,130.154,0.7040000000000001,9
0.251,0.299,287027,0.403,0,3.84e-05,9,0.136,-7.741,1,30,0.0301,85.334,0.091,5
0.768,0.6990000000000001,171267,0.507,0,0.134,0,0.335,-12.448,1,22,0.0376,118.613,0.613,6
0.0128,0.687,245240,0.68,0,1.73e-05,1,0.0702,-10.835,1,46,0.0299,118.03,0.825,3
0.0189,0.32,211093,0.8390000000000001,0,1.8e-05,0,0.36,-3.789,1,46,0.085,175.90599999999995,0.506,1
0.895,0.29100000000000004,233059,0.289,0,5.56e-05,5,0.106,-11.849,0,0,0.0319,119.465,0.118,8
0.0757,0.603,277627,0.972,0,0.0162,11,0.272,-8.014,0,37,0.227,142.672,0.416,5
0.584,0.529,222400,0.319,0,0.0,11,0.214,-15.609000000000002,0,49,0.0395,124.054,0.936,3
0.99,0.442,69253,0.345,0,0.904,7,0.126,-14.955,1,13,0.0516,74.577,0.124,8
0.111,0.763,139533,0.624,0,0.0,7,0.0704,-6.21,1,17,0.0454,130.452,0.963,6
0.992,0.4270000000000001,187507,0.0668,0,0.237,2,0.107,-19.285,1,2,0.0382,98.858,0.529,8
0.968,0.334,219813,0.226,0,0.885,9,0.0823,-21.767,0,0,0.0367,122.675,0.147,9
0.995,0.519,207120,0.165,0,0.887,0,0.236,-18.349,0,0,0.034,102.826,0.5920000000000001,9
0.532,0.6,191053,0.191,0,0.0,11,0.154,-14.07,0,16,0.0277,104.029,0.319,6
0.925,0.7090000000000001,162200,0.123,0,0.0,10,0.34,-18.728,1,21,0.0469,102.102,0.299,6
0.654,0.78,156787,0.378,0,0.918,2,0.0935,-12.714,1,31,0.0498,118.922,0.402,6
0.631,0.32,889640,0.332,0,7.33e-06,3,0.168,-15.041,1,12,0.0616,70.62899999999998,0.405,7
0.81,0.424,224600,0.504,0,3.93e-06,7,0.188,-7.7360000000000015,1,55,0.0333,81.84899999999998,0.174,3
0.13699999999999998,0.6709999999999999,291120,0.852,1,0.0,7,0.311,-3.315,1,52,0.272,87.027,0.325,2
0.0279,0.6509999999999999,272360,0.812,1,0.0,9,0.38,-3.374,1,44,0.237,89.256,0.495,2
0.199,0.552,232720,0.603,0,0.0,8,0.151,-5.71,1,68,0.0334,139.908,0.231,1
0.94,0.7340000000000001,206855,0.378,0,0.006379999999999999,2,0.361,-10.236,1,0,0.14400000000000002,90.464,0.92,7
0.103,0.612,289973,0.657,0,0.124,11,0.131,-6.971,0,57,0.0454,87.94,0.767,1
0.6729999999999999,0.375,260240,0.48,0,0.000304,8,0.07400000000000001,-8.254,1,37,0.0436,205.488,0.409,3
0.52,0.57,197880,0.4970000000000001,0,2.76e-06,0,0.355,-8.582,1,0,0.0455,89.64399999999998,0.887,7
0.0854,0.7070000000000001,243267,0.8290000000000001,0,0.0252,7,0.056,-9.809,1,39,0.0605,120.712,0.738,4
0.995,0.774,139227,0.234,0,0.00217,9,0.0926,-14.657,0,1,0.103,93.503,0.883,7
0.626,0.512,205320,0.26,0,0.00139,0,0.11,-18.111,1,25,0.0408,151.256,0.241,5
0.86,0.6970000000000001,221770,0.104,0,0.0311,7,0.103,-16.066,0,26,0.0612,136.33700000000002,0.633,5
0.35,0.358,239000,0.612,0,0.0153,0,0.141,-9.787,1,28,0.045,150.873,0.6890000000000001,5
0.657,0.611,258040,0.489,0,0.7290000000000001,7,0.112,-9.021,1,36,0.0275,113.983,0.493,5
0.429,0.8290000000000001,156360,0.727,0,0.0,7,0.0709,-8.606,1,39,0.165,101.644,0.907,4
0.929,0.287,202773,0.0514,0,0.88,6,0.108,-27.976,0,38,0.0411,65.648,0.0374,4
0.561,0.345,183733,0.925,0,0.00106,8,0.0396,-3.715,1,44,0.132,102.242,0.595,4
0.3670000000000001,0.716,290240,0.648,0,0.485,8,0.368,-11.33,0,56,0.0337,104.022,0.789,1
0.134,0.343,353200,0.544,0,0.0025800000000000003,7,0.0902,-7.0779999999999985,0,24,0.0368,122.74,0.429,6
0.961,0.0851,261000,0.0653,0,0.82,7,0.161,-25.257,1,0,0.0396,65.548,0.0347,8
0.609,0.7440000000000001,331869,0.192,0,1.07e-05,0,0.0914,-18.472,1,28,0.059,114.918,0.6729999999999999,4
0.0399,0.461,163067,0.6859999999999999,0,0.0421,1,0.266,-8.828,1,24,0.0292,104.659,0.687,4
0.5329999999999999,0.7829999999999999,206973,0.381,1,0.0,0,0.102,-11.523,1,60,0.0816,143.924,0.5710000000000001,1
0.981,0.438,216216,0.365,0,0.00016,5,0.105,-15.034,1,0,0.0341,128.63,0.6779999999999999,8
0.637,0.555,158534,0.481,0,2.0600000000000006e-05,1,0.036000000000000004,-5.683,1,43,0.188,184.147,0.966,2
0.924,0.664,192933,0.374,0,0.00132,9,0.0915,-14.835,0,14,0.0952,82.368,0.955,9
0.868,0.312,188320,0.172,0,0.0,2,0.0932,-15.241,1,20,0.0323,108.342,0.133,6
0.4,0.568,377278,0.514,0,0.0,7,0.0677,-8.782,0,37,0.08900000000000001,136.2,0.32,3
0.545,0.557,198253,0.586,1,0.0,11,0.0719,-5.902,1,0,0.0374,126.529,0.456,0
0.99,0.525,200760,0.175,0,0.0,0,0.0741,-8.093,1,0,0.0434,114.604,0.66,8
0.00165,0.5770000000000001,70771,0.647,0,0.8059999999999999,2,0.154,-7.647,1,62,0.0569,160.987,0.236,1
0.904,0.664,379573,0.35700000000000004,0,0.0,5,0.636,-11.552,1,0,0.866,97.656,0.672,7
0.955,0.387,168907,0.316,0,0.805,2,0.233,-11.9,0,0,0.0357,123.4,0.627,8
0.627,0.614,160733,0.287,0,0.0143,3,0.0471,-10.684,1,31,0.0294,112.806,0.517,7
0.0887,0.54,272333,0.928,0,1.11e-05,2,0.314,-6.252000000000002,1,31,0.0337,140.41899999999998,0.7959999999999999,5
0.725,0.6509999999999999,183560,0.0867,0,6.54e-05,5,0.16899999999999998,-18.882,1,41,0.048,87.221,0.54,10
0.345,0.899,377600,0.388,0,0.0259,6,0.0665,-9.037,0,45,0.0461,91.506,0.69,2
0.000595,0.851,237320,0.598,1,0.0,0,0.343,-8.356,1,56,0.439,180.046,0.654,2
0.13699999999999998,0.493,144827,0.312,0,1.32e-06,4,0.222,-13.835,1,24,0.031,113.267,0.701,5
0.982,0.613,203320,0.343,0,0.376,6,0.16399999999999998,-9.386,1,0,0.0294,100.608,0.675,8
0.975,0.496,203680,0.17600000000000002,0,0.0149,5,0.115,-18.978,1,10,0.0391,104.968,0.413,7
0.583,0.0,10371,0.373,0,0.979,1,0.359,-12.173,1,0,0.0,0.0,0.0,8
0.32,0.537,141493,0.361,0,0.0,4,0.0756,-15.617,1,51,0.0327,105.668,0.889,6
0.995,0.823,162413,0.0772,0,0.924,0,0.101,-19.972,0,0,0.285,119.665,0.83,10
0.928,0.402,216907,0.113,0,0.0,9,0.233,-19.971,0,48,0.044,74.0,0.125,3
0.715,0.596,786533,0.405,0,0.515,5,0.126,-16.038,0,14,0.381,107.041,0.7440000000000001,6
0.913,0.507,163600,0.392,0,0.941,0,0.113,-11.162,1,23,0.0723,217.853,0.703,6
0.889,0.488,121907,0.34700000000000003,0,0.778,7,0.278,-12.880999999999998,1,0,0.0401,116.98,0.765,7
0.000194,0.17,86518,0.927,0,0.0,0,0.0981,-13.367,1,31,0.0456,183.08900000000003,0.438,4
0.943,0.609,243160,0.34700000000000003,0,3.37e-05,2,0.171,-11.425,1,25,0.034,81.926,0.585,6
0.0219,0.488,310733,0.691,1,0.0,0,0.501,-8.09,0,65,0.279,156.141,0.6970000000000001,2
0.0967,0.6729999999999999,271933,0.265,0,0.0336,9,0.0809,-15.711,1,60,0.0387,136.748,0.6409999999999999,5
0.234,0.508,173133,0.317,0,0.0,8,0.091,-8.581,1,5,0.0338,112.15,0.733,7
0.478,0.182,534400,0.0784,0,0.00263,2,0.13699999999999998,-26.04300000000001,1,53,0.0389,106.712,0.0817,3
0.14800000000000002,0.546,148907,0.6629999999999999,0,0.7170000000000001,1,0.117,-10.815,1,22,0.0277,106.128,0.957,6
0.333,0.504,155773,0.758,0,0.0,7,0.132,-7.974,0,48,0.14800000000000002,90.466,0.758,2
0.964,0.18,156893,0.13699999999999998,0,0.42,8,0.123,-14.959,1,6,0.0336,91.049,0.211,6
0.489,0.259,155507,0.11,0,0.0,2,0.0941,-19.194000000000006,1,3,0.0371,171.325,0.292,7
0.797,0.563,187720,0.114,0,0.000176,1,0.0835,-18.602,1,40,0.0324,81.579,0.202,6
0.064,0.531,183467,0.8340000000000001,0,1.63e-05,0,0.947,-12.76,1,35,0.0369,119.354,0.455,4
0.479,0.821,147227,0.496,0,2.3e-05,0,0.328,-8.4,1,45,0.0462,114.605,0.955,2
0.95,0.526,157493,0.0876,0,4.81e-06,0,0.127,-17.357,0,9,0.0449,77.57300000000002,0.333,7
0.376,0.674,215827,0.631,0,0.000618,9,0.7190000000000001,-10.212,1,31,0.0525,122.254,0.8440000000000001,5
0.99,0.393,199480,0.382,0,0.196,0,0.272,-9.555,1,0,0.0521,83.431,0.551,8
0.616,0.375,361733,0.187,0,0.000399,0,0.159,-17.659000000000006,1,34,0.0306,136.409,0.0556,6
0.984,0.366,188852,0.482,0,0.0103,9,0.473,-9.067,1,0,0.0437,137.131,0.8809999999999999,8
0.00181,0.84,155913,0.6920000000000001,1,0.0,8,0.344,-5.399,1,68,0.0356,100.046,0.145,0
0.992,0.535,114120,0.0328,0,0.907,0,0.126,-32.101,1,1,0.0415,86.791,0.309,7
0.994,0.469,185813,0.18600000000000005,0,0.405,10,0.175,-10.957,1,0,0.0383,109.987,0.305,8
0.98,0.308,246400,0.445,0,0.887,7,0.359,-17.313,1,0,0.0273,111.723,0.382,10
0.974,0.52,162427,0.0204,0,0.0812,2,0.242,-25.37,0,47,0.041,92.717,0.3670000000000001,2
0.00873,0.5529999999999999,214613,0.88,0,7.94e-06,0,0.0861,-6.108,1,37,0.0319,151.68200000000004,0.846,4
0.965,0.461,208360,0.0596,0,0.92,5,0.13,-21.956,1,4,0.0461,78.656,0.396,9
0.121,0.313,217333,0.894,0,0.0,1,0.0925,-3.579,1,59,0.0294,149.043,0.362,2
0.32,0.6579999999999999,216642,0.7020000000000001,0,0.00102,9,0.233,-10.775,1,47,0.0334,101.536,0.654,2
0.229,0.6729999999999999,160427,0.914,0,0.000478,10,0.18600000000000005,-3.962,1,74,0.0496,97.021,0.183,1
0.48,0.905,195000,0.721,0,0.0,7,0.528,-6.9220000000000015,1,64,0.31,145.958,0.695,1
0.996,0.509,168323,0.31,0,0.897,5,0.406,-11.276,1,0,0.0938,125.994,0.624,9
0.006529999999999999,0.303,209907,0.978,0,0.0,8,0.0958,-2.123,1,53,0.122,170.28599999999997,0.28,1
0.89,0.6829999999999999,169067,0.13,0,0.0004860000000000001,4,0.141,-15.656,1,32,0.0301,111.279,0.518,5
0.138,0.762,183360,0.858,0,0.0,5,0.131,-6.102,1,39,0.05,106.059,0.6759999999999999,2
0.528,0.408,325507,0.41,0,0.877,10,0.104,-20.076,0,38,0.0387,96.139,0.7090000000000001,5
0.7040000000000001,0.392,186000,0.555,0,0.0,7,0.149,-11.378,1,25,0.166,157.505,0.703,5
0.0113,0.775,228893,0.865,1,0.0,2,0.287,-1.6769999999999998,1,50,0.275,189.949,0.424,2
0.8759999999999999,0.34600000000000003,229053,0.35,0,1.98e-06,2,0.0708,-4.988,1,65,0.0328,126.444,0.315,1
0.0185,0.47,301093,0.878,0,0.0839,11,0.276,-5.5760000000000005,0,64,0.0377,150.093,0.423,2
0.018000000000000002,0.6,212695,0.843,0,0.199,8,0.34,-7.455,1,58,0.0351,102.323,0.916,5
0.0845,0.703,102000,0.136,1,0.000902,1,0.16399999999999998,-23.584,1,0,0.91,81.36399999999998,0.425,8
0.6729999999999999,0.484,132159,0.254,0,0.0,0,0.106,-14.888,1,45,0.37,176.512,0.455,5
0.768,0.7020000000000001,170907,0.527,0,0.0,8,0.596,-11.629,1,26,0.358,128.078,0.866,6
0.994,0.488,167227,0.134,0,0.664,5,0.188,-18.319000000000006,1,0,0.0355,111.177,0.4320000000000001,10
0.0371,0.546,251027,0.86,0,0.000388,2,0.0951,-4.544,1,34,0.0566,122.529,0.5579999999999999,4
0.0075299999999999985,0.355,297267,0.936,0,0.000121,4,0.377,-6.166,1,38,0.047,135.87,0.653,2
0.0007769999999999999,0.384,314267,0.833,0,0.00489,11,0.18,-9.797,0,50,0.0779,172.015,0.35700000000000004,3
0.00245,0.588,231000,0.7909999999999999,0,0.0025800000000000003,7,0.118,-5.595,1,56,0.0402,94.933,0.487,1
0.899,0.769,191200,0.136,0,0.00687,0,0.208,-20.735,0,0,0.0575,122.089,0.797,9
0.8420000000000001,0.555,132160,0.738,0,0.0,5,0.28600000000000003,-8.13,1,13,0.0521,115.528,0.67,6
0.000331,0.862,244733,0.606,1,4.87e-06,7,0.0706,-8.136000000000001,1,53,0.276,105.972,0.485,3
0.0303,0.446,373267,0.978,0,0.161,5,0.0376,-5.275,0,40,0.0443,111.797,0.4,4
0.141,0.6559999999999999,251573,0.677,0,0.00153,11,0.175,-6.848,1,50,0.0301,122.026,0.608,2
0.5,0.568,331163,0.349,0,0.393,7,0.151,-17.092,1,37,0.0414,150.034,0.261,2
0.426,0.69,387160,0.172,0,0.000206,7,0.191,-16.331,0,14,0.0922,124.373,0.481,7
0.0579,0.388,124000,0.332,0,0.0,1,0.165,-11.166,0,22,0.045,181.222,0.5429999999999999,6
0.918,0.597,277920,0.151,0,0.00278,0,0.187,-15.871,0,18,0.0431,129.44799999999998,0.6859999999999999,7
0.0816,0.805,95907,0.3670000000000001,0,0.0,6,0.336,-16.302,0,28,0.462,74.336,0.81,3
0.366,0.617,301840,0.8009999999999999,0,0.0,11,0.141,-7.332999999999997,1,20,0.0624,122.03,0.402,5
0.0108,0.8009999999999999,172773,0.698,1,1.68e-06,6,0.742,-8.839,1,41,0.17600000000000002,121.846,0.718,3
0.975,0.507,177333,0.154,0,0.863,5,0.0843,-21.182,1,17,0.055,170.148,0.44,7
0.344,0.5710000000000001,256760,0.463,0,0.0,7,0.155,-7.12,1,48,0.0342,171.96099999999996,0.204,3
0.395,0.467,270053,0.557,1,0.0,2,0.118,-7.482,0,50,0.0972,175.274,0.187,1
0.304,0.63,139300,0.184,0,0.0,7,0.127,-19.804,1,0,0.8590000000000001,164.91,0.515,8
0.713,0.637,208000,0.503,1,0.000113,1,0.109,-6.9270000000000005,1,62,0.336,81.061,0.6609999999999999,1
0.8809999999999999,0.695,180584,0.375,0,0.0,0,0.149,-8.39,0,0,0.084,112.011,0.846,7
0.362,0.47,167907,0.7959999999999999,0,1.11e-06,8,0.133,-3.277,0,71,0.0336,113.108,0.215,2
0.00313,0.594,220960,0.753,0,0.00015,3,0.0849,-6.7010000000000005,1,38,0.023,99.467,0.764,2
0.264,0.682,228173,0.855,0,0.000261,5,0.112,-8.682,0,31,0.0661,123.067,0.926,5
0.977,0.509,208283,0.182,0,0.0,7,0.7290000000000001,-10.142,1,0,0.14,67.722,0.825,8
0.007640000000000002,0.377,259773,0.903,0,9.74e-05,8,0.109,-6.422999999999999,1,48,0.0739,195.909,0.353,1
0.918,0.56,183467,0.422,0,0.857,1,0.123,-7.577000000000001,1,7,0.045,180.268,0.7020000000000001,9
0.8390000000000001,0.583,209333,0.233,0,0.816,8,0.139,-15.529000000000002,1,47,0.0354,135.308,0.505,2
0.987,0.38,213707,0.342,0,0.017,11,0.274,-8.964,0,0,0.044,68.665,0.343,9
0.0203,0.524,263560,0.8240000000000001,0,0.000253,0,0.111,-7.117000000000001,1,38,0.0339,132.10299999999998,0.525,5
0.984,0.556,201627,0.28,0,4.15e-06,5,0.212,-7.42,1,2,0.0351,94.001,0.618,9
0.4370000000000001,0.459,399430,0.248,0,0.106,7,0.271,-16.475,1,35,0.0365,84.969,0.418,5
0.0838,0.488,217773,0.645,1,0.000355,11,0.154,-7.226,1,56,0.421,148.733,0.595,1
0.852,0.737,213557,0.309,0,0.0,3,0.124,-11.58,1,15,0.0471,107.271,0.902,7
0.156,0.784,232839,0.632,1,0.0,10,0.605,-6.0829999999999975,0,78,0.34700000000000003,124.603,0.746,0
0.0385,0.3,331973,0.6609999999999999,0,7.79e-05,0,0.122,-9.127,1,39,0.0391,151.841,0.163,5
0.99,0.575,205627,0.223,0,0.0,7,0.593,-18.567,0,0,0.235,110.021,0.561,7
0.504,0.319,447907,0.113,0,0.0523,0,0.0896,-20.186,1,0,0.0533,156.33700000000005,0.475,9
0.402,0.574,222596,0.563,0,0.00164,0,0.0826,-6.104,1,37,0.0469,138.362,0.818,5
0.0958,0.745,177267,0.655,0,1.99e-06,5,0.0895,-7.588999999999999,1,59,0.166,141.429,0.5820000000000001,2
0.0148,0.634,195027,0.514,0,0.00491,11,0.16699999999999998,-8.655,0,51,0.0264,105.587,0.603,3
0.985,0.484,180853,0.42,0,0.0716,6,0.14,-7.1110000000000015,1,0,0.0672,118.479,0.431,7
0.935,0.355,189533,0.514,0,2.87e-06,11,0.51,-7.78,0,0,0.0419,79.687,0.507,8
0.00883,0.589,231560,0.845,0,0.0,6,0.326,-4.497,1,59,0.0378,138.026,0.746,2
0.906,0.312,43307,0.348,0,0.623,9,0.383,-17.94,1,1,0.0359,72.43,0.337,8
0.251,0.8,270787,0.72,0,0.0127,1,0.0866,-7.838999999999999,0,41,0.051,105.677,0.955,5
0.67,0.655,133747,0.5489999999999999,0,0.000252,8,0.61,-7.392,1,0,0.109,113.129,0.69,8
0.0069900000000000006,0.727,264667,0.851,0,0.303,0,0.0982,-9.091,1,23,0.0376,145.266,0.951,4
0.0327,0.5589999999999999,256133,0.487,0,0.0814,6,0.129,-9.349,1,50,0.0266,149.961,0.145,2
0.993,0.6579999999999999,204613,0.28800000000000003,0,0.435,5,0.6859999999999999,-12.243,0,0,0.899,97.912,0.765,8
0.6920000000000001,0.4970000000000001,114387,0.384,0,0.0,2,0.0746,-13.402,1,35,0.0517,184.688,0.934,5
0.158,0.613,267613,0.513,0,0.0,11,0.197,-6.869,0,62,0.0551,83.064,0.6729999999999999,2
0.967,0.485,147760,0.35200000000000004,0,0.00081,2,0.196,-11.855,1,32,0.0321,110.798,0.509,6
0.731,0.396,218050,0.353,0,1.1e-06,2,0.214,-8.91,1,51,0.0298,76.27600000000002,0.28800000000000003,2
0.6759999999999999,0.659,191827,0.275,0,2.77e-05,2,0.0965,-17.4,0,47,0.0507,146.24200000000005,0.434,3
0.008759999999999999,0.161,426653,0.8079999999999999,0,0.35600000000000004,6,0.187,-6.277,1,46,0.0538,161.80200000000005,0.227,2
0.989,0.772,177413,0.18600000000000005,0,0.721,4,0.111,-17.259,1,0,0.0481,121.705,0.821,8
0.991,0.619,297933,0.185,0,0.898,10,0.0999,-14.991,1,7,0.0429,121.326,0.113,7
0.825,0.508,140307,0.289,0,0.00124,5,0.14300000000000002,-11.068,1,19,0.0244,93.24,0.363,6
1.15e-05,0.13,191332,0.991,1,0.00412,11,0.225,-3.1260000000000003,1,56,0.0604,185.364,0.505,1
0.71,0.374,192293,0.185,0,0.0,4,0.0976,-20.676,1,34,0.0387,95.946,0.591,4
0.4370000000000001,0.629,147027,0.534,0,3.33e-06,6,0.328,-9.054,0,62,0.0267,124.964,0.649,2
0.737,0.578,225200,0.438,0,0.00877,2,0.097,-11.483,0,53,0.0696,89.083,0.79,2
0.977,0.272,202560,0.028,0,0.0,8,0.145,-15.800999999999998,0,6,0.0418,165.24,0.0456,7
0.742,0.43,168493,0.416,0,1.7800000000000002e-05,1,0.0455,-9.366,1,20,0.0295,113.75,0.467,6
0.652,0.758,211400,0.302,0,0.0,4,0.968,-14.583,0,35,0.274,118.073,0.7290000000000001,4
0.941,0.281,387133,0.0513,0,0.898,0,0.189,-26.085,0,0,0.0394,123.835,0.113,8
0.445,0.732,226379,0.807,1,0.00152,10,0.0975,-3.424,0,77,0.116,176.02599999999995,0.7240000000000001,0
0.974,0.409,471400,0.0331,0,0.6,0,0.13,-16.035999999999998,1,23,0.0554,66.918,0.114,6
0.965,0.424,209000,0.459,0,0.00559,9,0.141,-9.415,1,5,0.0368,123.995,0.486,6
0.213,0.792,193533,0.916,0,3.11e-05,9,0.061,-5.01,1,57,0.0685,131.895,0.966,1
2.61e-05,0.382,282053,0.976,0,0.0195,1,0.118,-2.5980000000000003,1,49,0.0696,179.918,0.574,2
0.933,0.509,183880,0.108,0,0.00554,10,0.257,-19.644,1,0,0.0381,76.972,0.484,9
0.52,0.6509999999999999,151573,0.379,0,0.7959999999999999,6,0.0759,-15.299,0,35,0.0538,169.614,0.373,5
0.782,0.47,412773,0.8440000000000001,0,0.0,11,0.236,-8.635,0,5,0.101,99.832,0.639,8
0.994,0.438,198467,0.0555,0,0.0566,0,0.109,-18.334,0,44,0.038,79.939,0.273,3
0.907,0.258,516453,0.268,0,0.863,2,0.314,-15.747,1,0,0.0448,147.958,0.117,8
0.931,0.5489999999999999,180040,0.065,0,0.000647,5,0.333,-20.196,0,8,0.142,86.459,0.322,7
0.91,0.521,244840,0.112,0,1.46e-06,9,0.0899,-15.672,1,6,0.0506,113.168,0.123,6
0.201,0.598,222373,0.502,0,0.0,9,0.339,-12.283,1,38,0.0272,105.909,0.637,3
0.936,0.0603,304655,0.125,0,0.8959999999999999,6,0.109,-23.406,1,49,0.0459,68.171,0.0341,2
0.789,0.546,166293,0.504,0,0.00515,10,0.06,-8.246,1,0,0.0568,120.659,0.742,8
0.119,0.475,286067,0.5539999999999999,0,3.46e-06,2,0.0598,-11.199000000000002,1,33,0.115,165.37599999999995,0.728,5
0.965,0.253,582093,0.131,0,2.28e-05,7,0.174,-18.502,1,0,0.0455,84.929,0.219,9
0.892,0.6709999999999999,152533,0.301,0,0.0,2,0.456,-9.37,0,3,0.0402,107.999,0.602,8
0.993,0.141,269750,0.0353,0,0.779,4,0.0865,-31.019,0,64,0.113,173.05599999999995,0.111,1
0.95,0.36,317200,0.35200000000000004,0,0.00989,1,0.255,-8.469,0,0,0.0771,92.08,0.21600000000000005,8
0.419,0.637,239160,0.626,0,0.0,2,0.0543,-10.728,1,37,0.329,169.96900000000005,0.485,3
0.845,0.544,139067,0.375,0,0.0,8,0.201,-12.204,1,23,0.0349,84.64299999999999,0.579,6
0.0518,0.782,257907,0.867,0,1.4e-05,3,0.218,-3.763,0,56,0.0487,138.859,0.8959999999999999,2
0.8859999999999999,0.48,381493,0.403,0,0.24,6,0.122,-11.833,1,19,0.0458,148.364,0.475,6
0.988,0.486,197370,0.0906,0,0.065,1,0.54,-15.523,1,0,0.094,119.86,0.412,8
0.0109,0.444,207613,0.981,0,0.0033,11,0.0886,-4.904,1,32,0.132,139.79399999999998,0.231,4
0.954,0.665,97307,0.335,0,0.873,2,0.101,-19.426,0,30,0.0532,98.739,0.693,4
0.971,0.269,75493,0.13699999999999998,0,0.917,9,0.433,-18.196,0,0,0.0366,132.556,0.0507,8
0.774,0.545,174973,0.254,0,0.0497,9,0.086,-9.305,1,9,0.21600000000000005,205.387,0.329,6
0.5670000000000001,0.773,224827,0.816,0,0.000413,10,0.132,-6.215,0,48,0.0385,92.031,0.968,5
0.993,0.615,158000,0.14800000000000002,0,0.867,2,0.297,-18.252,1,0,0.109,126.986,0.883,9
0.872,0.405,230427,0.0788,0,1.14e-06,1,0.388,-15.812,1,9,0.0353,129.52700000000002,0.353,7
0.996,0.536,144533,0.05,0,0.944,7,0.134,-20.447,0,0,0.0444,74.972,0.235,7
0.0226,0.7440000000000001,223600,0.8440000000000001,0,0.128,11,0.084,-6.6720000000000015,0,41,0.0372,150.505,0.929,2
0.778,0.127,202720,0.262,0,0.361,0,0.246,-16.295,1,7,0.0393,58.162,0.0398,7
0.00186,0.269,168493,0.956,0,0.00428,6,0.0919,-2.843,1,45,0.109,163.822,0.35600000000000004,1
0.156,0.4270000000000001,268016,0.5710000000000001,0,0.669,5,0.222,-9.437,0,45,0.0438,88.01700000000002,0.371,1
0.226,0.535,203053,0.97,0,8.62e-06,9,0.578,-3.3960000000000004,1,31,0.0986,91.89,0.669,4
0.797,0.51,159387,0.602,0,6.11e-05,2,0.564,-5.374,1,9,0.0314,112.415,0.763,6
0.994,0.457,285240,0.0733,0,0.184,1,0.078,-21.595,1,31,0.0445,108.571,0.161,5
0.0764,0.6729999999999999,178973,0.481,0,4e-05,9,0.127,-9.88,1,49,0.0488,117.087,0.767,6
0.866,0.623,265587,0.44,0,0.0675,5,0.0891,-8.216000000000001,1,55,0.0348,86.726,0.802,1
0.00922,0.491,210733,0.8270000000000001,0,0.000377,2,0.217,-5.023,0,55,0.0415,158.904,0.472,1
0.229,0.45,141493,0.6940000000000001,0,0.894,8,0.101,-9.172,1,22,0.0316,147.77200000000005,0.984,5
0.146,0.758,289933,0.8690000000000001,0,0.0,9,0.0946,-5.474,0,36,0.0568,113.918,0.83,3
0.452,0.773,197930,0.895,1,0.0,11,0.224,-2.783,0,63,0.0934,115.076,0.961,1
0.535,0.752,197437,0.505,0,2.55e-06,9,0.104,-7.621,1,85,0.253,91.97,0.419,1
0.134,0.652,258733,0.433,0,7.37e-06,7,0.146,-12.843,1,63,0.0588,91.471,0.675,5
0.00483,0.35100000000000003,258400,0.926,0,0.000996,10,0.311,-5.76,1,41,0.195,143.894,0.159,2
0.991,0.355,211973,0.284,0,0.0121,10,0.099,-9.922,0,0,0.0423,91.545,0.44,8
0.586,0.486,307093,0.506,0,0.0,6,0.0841,-7.967,1,56,0.0343,79.914,0.485,2
0.404,0.46,252507,0.916,0,0.000398,4,0.0975,-8.524,1,0,0.1,172.386,0.8109999999999999,0
0.0149,0.921,191252,0.467,1,0.000238,1,0.334,-8.443,1,68,0.119,135.995,0.287,1
0.263,0.863,186853,0.384,0,0.000327,9,0.209,-12.823,1,30,0.0515,120.646,0.9,5
0.967,0.455,194133,0.00893,0,0.725,5,0.0676,-33.524,1,28,0.0475,116.364,0.206,4
0.6629999999999999,0.586,208893,0.276,0,1.51e-05,5,0.266,-13.922,1,27,0.0283,91.026,0.647,5
0.987,0.484,274467,0.128,0,1.02e-05,10,0.16,-19.312,1,8,0.0668,122.656,0.297,7
0.0713,0.594,303387,0.833,0,0.0186,5,0.111,-7.91,1,23,0.0484,95.725,0.7759999999999999,6
0.966,0.411,147693,0.0892,0,0.7170000000000001,9,0.105,-21.88300000000001,0,29,0.0378,120.169,0.328,5
0.6779999999999999,0.672,168827,0.425,0,0.000616,11,0.142,-12.117,1,46,0.0277,109.575,0.5329999999999999,5
0.877,0.154,131600,0.0731,0,0.977,7,0.7390000000000001,-37.864,1,0,0.0508,137.27700000000002,0.15,8
0.0147,0.6679999999999999,316070,0.8109999999999999,0,0.0016300000000000002,6,0.0711,-6.395,1,47,0.055,77.889,0.779,3
0.00237,0.466,68523,0.823,0,0.000321,2,0.332,-6.635,1,72,0.311,175.797,0.782,1
0.7390000000000001,0.557,204533,0.32,0,3.99e-05,1,0.112,-10.792,0,58,0.0438,176.64700000000005,0.377,5
0.958,0.2,138093,0.0511,0,0.816,1,0.191,-22.129,0,39,0.0415,82.294,0.147,4
0.461,0.607,141554,0.7979999999999999,0,6.31e-06,0,0.0806,-7.694,1,17,0.0296,137.344,0.862,6
0.948,0.215,194989,0.392,0,0.994,9,0.105,-12.699000000000002,1,0,0.0358,116.932,0.0389,9
0.75,0.379,375893,0.108,0,3.89e-05,9,0.0977,-16.233,1,25,0.0312,109.252,0.172,5
0.00312,0.28800000000000003,247040,0.555,0,0.0513,7,0.27,-7.431,1,55,0.0401,158.69899999999996,0.307,3
0.989,0.5529999999999999,160973,0.368,0,0.949,5,0.157,-10.335,1,0,0.0617,98.32,0.8270000000000001,8
0.591,0.5579999999999999,202453,0.45,0,2.27e-05,5,0.093,-7.5939999999999985,1,48,0.0334,139.81799999999998,0.228,1
0.789,0.696,288293,0.51,0,0.000193,2,0.0978,-9.753,1,35,0.0314,122.643,0.518,4
0.983,0.248,275600,0.34,0,0.899,11,0.107,-16.692,1,0,0.0302,98.918,0.28300000000000003,8
0.413,0.47,237160,0.465,0,0.000278,0,0.466,-11.612,1,28,0.0295,111.254,0.322,5
0.7490000000000001,0.465,492613,0.383,0,0.241,5,0.339,-11.925999999999998,0,9,0.0365,104.409,0.633,7
0.991,0.634,121173,0.28,0,0.0179,10,0.185,-15.624,1,1,0.449,137.94,0.8190000000000001,9
0.00134,0.738,340360,0.64,0,0.0,0,0.134,-8.258,1,46,0.0525,143.588,0.7929999999999999,2
0.002,0.662,255267,0.578,0,2.45e-06,3,0.104,-2.637,1,53,0.0343,168.04,0.404,1
0.985,0.396,160525,0.424,0,0.979,7,0.813,-12.935,0,0,0.0438,171.377,0.753,8
0.0427,0.695,291200,0.665,0,0.0,6,0.0861,-6.982,1,45,0.0287,77.985,0.741,2
0.0031,0.599,240520,0.836,0,3.7e-05,9,0.232,-8.783999999999999,1,39,0.0418,131.082,0.59,4
0.14300000000000002,0.664,249013,0.7929999999999999,0,1.4e-06,5,0.128,-7.859,1,39,0.0453,125.225,0.8240000000000001,3
0.823,0.498,169247,0.6829999999999999,0,0.0,10,0.59,-8.21,1,0,0.0882,77.446,0.913,9
0.993,0.337,153267,0.264,0,0.968,1,0.19,-14.944,1,1,0.0659,140.203,0.315,8
0.00177,0.638,225176,0.818,0,0.00471,7,0.375,-6.18,1,21,0.0266,127.009,0.93,8
0.966,0.21600000000000005,174200,0.226,0,0.18600000000000005,2,0.123,-14.513,0,12,0.0311,79.694,0.205,6
0.142,0.652,188600,0.944,0,0.0048200000000000005,9,0.119,-4.725,1,37,0.051,129.031,0.6729999999999999,4
0.539,0.898,221920,0.672,0,0.0031100000000000004,9,0.743,-4.14,1,45,0.163,94.009,0.882,2
0.996,0.653,169755,0.431,0,0.8540000000000001,5,0.511,-8.154,0,0,0.0495,98.193,0.952,8
0.00242,0.35200000000000004,196587,0.972,0,7.329999999999999e-05,2,0.246,-3.822,1,31,0.0766,195.047,0.532,4
0.33,0.701,137400,0.183,0,0.0,7,0.142,-21.725,1,0,0.672,81.444,0.441,8
0.00379,0.804,252493,0.731,1,0.0,6,0.084,-7.36,0,42,0.225,89.139,0.451,3
0.14400000000000002,0.552,506720,0.643,0,0.0027,9,0.0878,-14.523,1,62,0.14,136.764,0.763,5
0.398,0.61,167707,0.7559999999999999,0,0.0,0,0.112,-5.92,1,48,0.0351,85.16,0.731,2
0.219,0.35700000000000004,384485,0.762,0,1.11e-05,2,0.157,-11.424,0,40,0.0655,118.988,0.349,4
0.0481,0.71,265467,0.627,0,0.000111,9,0.0825,-10.624,0,49,0.0286,130.878,0.835,4
0.0131,0.416,179613,0.993,0,0.000633,6,0.589,-6.354,1,45,0.185,100.364,0.263,5
0.993,0.662,212000,0.2,0,0.0529,5,0.116,-13.33,0,0,0.0825,121.308,0.799,9
0.959,0.654,163892,0.0723,0,0.68,0,0.278,-19.104,1,1,0.0556,116.637,0.482,7
0.507,0.406,287307,0.728,0,0.0225,7,0.924,-9.23,1,20,0.0323,93.063,0.7659999999999999,5
0.0966,0.354,168107,0.613,0,2.57e-06,5,0.067,-8.466000000000001,0,19,0.03,141.702,0.598,6
0.816,0.679,155707,0.131,0,1.78e-06,0,0.0874,-18.011,0,30,0.11,124.988,0.616,3
0.503,0.336,277627,0.424,0,0.0,5,0.273,-7.2029999999999985,1,60,0.0353,82.149,0.159,2
0.962,0.166,1221707,0.187,0,0.889,11,0.334,-15.975,1,0,0.0391,84.314,0.0386,9
0.986,0.7709999999999999,169000,0.184,0,0.125,8,0.16,-13.271,1,0,0.129,121.59,0.911,9
0.705,0.6579999999999999,192373,0.551,0,0.00179,10,0.0555,-10.425,0,0,0.0316,105.857,0.899,8
0.34,0.505,228840,0.489,0,0.00114,10,0.129,-12.298,1,52,0.0361,84.64,0.417,3
0.0339,0.394,268173,0.855,0,0.0132,2,0.243,-4.204,1,52,0.0554,175.90200000000004,0.316,1
0.241,0.598,290560,0.669,0,0.428,1,0.131,-7.691,0,51,0.0281,117.274,0.297,2
0.139,0.8690000000000001,180000,0.526,1,0.0,0,0.119,-5.766,1,60,0.111,128.997,0.217,1
0.831,0.685,249427,0.535,0,0.404,6,0.0896,-8.908,0,49,0.0363,130.023,0.218,1
0.863,0.482,158533,0.266,0,0.7120000000000001,11,0.128,-14.985,0,21,0.0551,62.43,0.28300000000000003,6
0.046,0.8109999999999999,241680,0.773,0,1.87e-05,0,0.912,-5.564,0,55,0.0519,117.026,0.8740000000000001,1
0.989,0.46,177946,0.195,0,0.00249,5,0.166,-14.271,1,0,0.0616,118.885,0.517,9
0.957,0.342,215627,0.0961,0,0.901,5,0.0971,-21.956,0,6,0.0386,106.309,0.0871,7
0.0658,0.588,463267,0.976,0,0.00442,7,0.917,-4.9430000000000005,1,43,0.104,123.825,0.265,2
0.679,0.536,166827,0.317,0,0.0,4,0.362,-15.238,0,30,0.273,76.209,0.7390000000000001,7
0.7979999999999999,0.134,527400,0.0505,0,0.8859999999999999,1,0.116,-25.364,1,10,0.0385,143.946,0.0336,6
0.0721,0.8390000000000001,253653,0.945,1,3.77e-05,11,0.118,-4.95,1,36,0.348,167.128,0.81,2
0.006540000000000001,0.332,276560,0.753,1,1.22e-06,7,0.385,-4.296,1,50,0.0389,140.02100000000002,0.302,1
0.251,0.489,375707,0.632,0,0.073,4,0.117,-7.06,1,21,0.0363,113.368,0.6,5
0.986,0.628,206759,0.461,0,1.15e-05,9,0.0905,-10.718,1,0,0.0793,125.577,0.792,8
0.236,0.705,232667,0.524,0,1.3e-05,3,0.0767,-14.050999999999998,1,62,0.026,129.847,0.7979999999999999,2
0.838,0.525,143173,0.327,0,7.929999999999999e-05,2,0.0932,-12.401,0,50,0.0452,172.13299999999995,0.809,5
0.992,0.579,162038,0.28300000000000003,0,0.0258,7,0.0874,-12.86,0,0,0.184,155.187,0.755,9
0.0649,0.454,241827,0.7,0,1.1e-06,7,0.115,-6.222,1,55,0.0264,130.09,0.0704,2
0.96,0.446,176093,0.142,0,0.00114,9,0.101,-13.498,1,61,0.0335,135.724,0.156,5
0.975,0.217,82773,0.117,0,0.911,3,0.0573,-21.398000000000003,1,52,0.0374,46.755,0.0388,2
0.815,0.68,197227,0.358,0,8.44e-05,4,0.32,-12.486,1,0,0.0364,94.941,0.777,8
0.0203,0.331,350124,0.532,0,0.00105,1,0.315,-12.497,0,43,0.0331,99.903,0.363,5
0.221,0.622,196998,0.821,0,0.00534,11,0.111,-7.626,0,63,0.0602,149.998,0.281,2
0.973,0.6859999999999999,195960,0.428,0,0.606,1,0.0833,-9.591,1,2,0.424,88.601,0.8440000000000001,8
0.0439,0.769,197107,0.836,0,7.21e-06,8,0.115,-7.917000000000002,0,25,0.0895,72.877,0.589,4
0.7390000000000001,0.425,215000,0.617,0,0.000124,8,0.11,-5.9570000000000025,1,28,0.0274,97.256,0.6459999999999999,5
0.0678,0.442,235880,0.606,0,1.4300000000000005e-05,9,0.0973,-5.825,1,54,0.0259,171.982,0.359,1
0.0585,0.604,312307,0.725,0,0.905,2,0.318,-11.874,0,37,0.0391,106.867,0.616,5
0.122,0.6509999999999999,1055400,0.8320000000000001,0,0.00224,4,0.0575,-8.189,0,32,0.0422,131.316,0.637,5
0.0206,0.863,205400,0.5920000000000001,1,1.88e-06,2,0.0394,-4.2189999999999985,1,54,0.253,91.958,0.805,3
0.758,0.685,225040,0.486,0,0.0,10,0.716,-11.898,1,51,0.32299999999999995,101.539,0.892,6
0.989,0.261,308040,0.2,0,0.00459,9,0.133,-12.136,1,14,0.0316,165.79,0.145,6
0.7979999999999999,0.563,112067,0.603,0,0.0,8,0.0487,-11.226,1,26,0.0336,159.93200000000004,0.972,5
0.13699999999999998,0.836,196196,0.757,0,0.0,5,0.0812,-6.1679999999999975,1,55,0.0322,107.001,0.907,1
0.942,0.183,213467,0.246,0,0.0233,1,0.36,-13.514,1,9,0.0342,85.132,0.205,8
0.205,0.784,284120,0.8540000000000001,1,0.0,0,0.344,-4.627,1,46,0.311,79.994,0.537,2
0.0167,0.493,257533,0.7879999999999999,0,0.7909999999999999,4,0.318,-12.808,1,38,0.0407,130.243,0.762,4
0.359,0.5670000000000001,299000,0.3720000000000001,0,0.0862,5,0.32299999999999995,-14.548,0,13,0.0462,99.977,0.7190000000000001,7
0.946,0.634,219093,0.28800000000000003,0,0.163,4,0.366,-16.798,1,51,0.0377,90.633,0.6709999999999999,6
0.0886,0.561,264827,0.927,0,0.0133,7,0.343,-9.808,1,29,0.0586,93.209,0.11,4
0.35100000000000003,0.496,278906,0.502,0,0.0,6,0.271,-13.057,0,28,0.0341,78.999,0.615,4
0.486,0.423,168053,0.636,0,0.7170000000000001,5,0.254,-7.688,1,42,0.0302,127.259,0.463,5
0.911,0.514,181760,0.0836,0,0.0,4,0.155,-16.861,1,54,0.0336,107.926,0.263,2
0.921,0.573,191040,0.366,0,1.95e-06,5,0.0966,-13.01,1,0,0.0403,135.576,0.8059999999999999,7
0.00024900000000000004,0.561,148107,0.929,0,0.00027,2,0.0588,-3.201,1,43,0.128,133.129,0.472,2
0.92,0.0775,252200,0.0831,0,0.65,7,0.116,-24.499,1,1,0.0393,176.32299999999995,0.0354,8
0.5489999999999999,0.606,260573,0.223,0,0.0,6,0.115,-8.567,1,56,0.0356,125.097,0.132,1
0.7829999999999999,0.5579999999999999,145600,0.875,0,0.882,8,0.0993,-9.703,1,9,0.0328,137.957,0.963,6
0.902,0.462,537957,0.241,0,0.731,5,0.149,-15.624,1,6,0.0349,99.345,0.565,7
0.4970000000000001,0.449,210307,0.327,0,0.000198,8,0.235,-15.201,1,22,0.0303,134.985,0.8059999999999999,5
0.996,0.637,180333,0.284,0,0.895,3,0.354,-12.149,0,0,0.0607,120.696,0.7929999999999999,10
0.942,0.433,277000,0.0456,0,0.899,11,0.0994,-23.02,1,18,0.0562,79.681,0.0537,6
0.98,0.8909999999999999,161013,0.16399999999999998,0,0.338,4,0.112,-13.832,0,0,0.203,119.609,0.841,10
0.0257,0.461,189613,0.637,0,3.59e-05,4,0.419,-11.38,1,34,0.041,98.362,0.6579999999999999,5
0.7040000000000001,0.215,253627,0.14800000000000002,0,0.0,0,0.153,-16.109,1,42,0.033,73.90899999999998,0.274,4
0.0873,0.7959999999999999,251067,0.82,0,0.0146,7,0.229,-10.762,1,24,0.0505,115.379,0.934,4
0.97,0.653,174960,0.126,0,0.00139,10,0.116,-16.092,1,9,0.0431,99.847,0.614,9
0.985,0.615,192587,0.379,0,0.00011,9,0.326,-10.872,0,0,0.0373,71.08800000000002,0.698,7
0.202,0.5710000000000001,200720,0.4270000000000001,0,0.0,11,0.1,-7.574,1,60,0.0405,142.454,0.894,2
0.00175,0.5820000000000001,169440,0.858,0,0.0238,10,0.0555,-12.944,0,23,0.0468,123.526,0.564,7
0.88,0.381,125533,0.162,0,0.0,5,0.0882,-12.44,1,42,0.0295,96.744,0.345,5
0.0468,0.675,342973,0.607,0,0.000264,7,0.482,-6.067,0,35,0.0311,114.048,0.475,2
0.956,0.194,124973,0.159,0,0.972,10,0.302,-17.895,1,0,0.0377,80.578,0.214,7
0.983,0.581,202960,0.134,0,0.00916,5,0.16,-15.499,1,0,0.0608,140.184,0.508,10
0.304,0.745,159104,0.8340000000000001,1,0.0,8,0.454,-3.626,1,57,0.127,157.05700000000004,0.482,1
0.0131,0.551,223643,0.938,0,0.0,7,0.355,-2.136,1,50,0.21,175.078,0.595,2
0.002,0.546,246787,0.583,0,0.173,6,0.115,-7.317,0,63,0.0348,128.017,0.235,1
7.859999999999999e-05,0.376,130373,0.953,0,0.00014,0,0.0585,-4.449,1,40,0.0882,97.211,0.7,3
0.946,0.6409999999999999,203400,0.182,0,0.505,9,0.109,-21.672,1,0,0.0671,109.658,0.72,9
0.229,0.727,232533,0.34600000000000003,0,0.0,9,0.449,-14.515999999999998,1,46,0.0379,81.487,0.797,3
0.7040000000000001,0.6629999999999999,168800,0.728,0,0.861,2,0.0603,-10.719,0,12,0.0394,81.68,0.77,7
0.867,0.441,352840,0.29,0,0.0,7,0.142,-12.758,1,1,0.046,90.234,0.3,8
0.995,0.526,188640,0.16,0,0.836,10,0.212,-18.623,0,9,0.0447,77.61,0.207,9
0.0135,0.339,222067,0.97,0,0.111,1,0.154,-5.03,1,37,0.136,149.392,0.753,3
0.0148,0.831,231800,0.8340000000000001,1,0.0,11,0.303,-5.327000000000001,0,41,0.222,87.027,0.381,3
0.00023,0.321,218640,0.976,1,0.0191,0,0.263,-5.815,1,47,0.107,106.968,0.369,3
0.00278,0.52,187533,0.855,0,0.027000000000000003,9,0.151,-10.708,1,37,0.0437,141.218,0.519,4
0.848,0.7659999999999999,151147,0.3720000000000001,0,0.0,3,0.0824,-6.564,1,16,0.0768,108.294,0.599,6
0.249,0.7140000000000001,381240,0.374,0,0.848,5,0.118,-16.312,1,39,0.0513,87.936,0.444,3
0.0372,0.421,212400,0.61,0,0.0,2,0.28800000000000003,-5.4179999999999975,1,47,0.0274,81.608,0.713,3
0.989,0.243,483707,0.117,0,0.339,3,0.16,-20.47,1,0,0.0455,77.727,0.218,8
0.946,0.07,327600,0.0724,0,0.8959999999999999,4,0.28600000000000003,-25.949,0,38,0.0404,75.518,0.0369,4
0.773,0.634,253933,0.403,0,0.711,5,0.412,-9.822,1,37,0.0289,112.367,0.614,3
0.22,0.6920000000000001,192293,0.8240000000000001,1,0.000304,4,0.334,-3.055,0,49,0.25,172.01,0.64,2
0.7040000000000001,0.494,736333,0.617,0,0.0997,10,0.901,-12.812,1,13,0.0946,131.452,0.669,8
0.857,0.6679999999999999,159933,0.0924,0,0.00061,2,0.08900000000000001,-19.989,1,45,0.275,147.681,0.231,5
0.5920000000000001,0.598,228413,0.314,0,3.91e-06,2,0.32,-9.723,0,19,0.0388,132.488,0.47,5
0.00359,0.522,244067,0.8170000000000001,1,0.0,2,0.7559999999999999,-3.352,1,42,0.0343,131.054,0.139,2
0.994,0.71,158160,0.362,0,5.85e-05,3,0.12,-9.267,1,0,0.126,124.993,0.629,9
0.743,0.564,279600,0.379,0,0.00161,2,0.106,-7.225,1,45,0.0257,99.142,0.177,3
0.865,0.413,188560,0.361,0,0.0329,8,0.944,-13.852,1,9,0.172,118.392,0.569,7
0.72,0.0887,581333,0.0654,0,0.727,6,0.108,-22.896,1,30,0.0402,69.804,0.0445,5
0.00137,0.398,251640,0.971,0,0.000323,11,0.344,-2.873,0,55,0.125,174.021,0.502,2
0.993,0.5870000000000001,178947,0.13,0,0.902,11,0.146,-14.496,0,0,0.142,74.513,0.809,8
0.411,0.8759999999999999,160967,0.423,0,0.29600000000000004,3,0.15,-5.995,1,0,0.0436,119.873,0.875,8
0.205,0.52,303960,0.449,0,0.000687,5,0.191,-8.957,0,56,0.0331,189.243,0.364,3
0.952,0.396,265400,0.0292,0,0.916,5,0.113,-25.523000000000003,1,33,0.035,102.524,0.0901,3
0.326,0.792,167898,0.245,0,0.0,4,0.0802,-8.552,1,67,0.0529,102.001,0.726,1
0.0405,0.524,111200,0.99,0,0.0,9,0.226,-4.009,0,53,0.11,100.653,0.37,2
0.0573,0.752,312840,0.448,0,0.0,10,0.0978,-13.427,1,49,0.0764,145.968,0.58,4
0.812,0.607,127840,0.145,0,0.0,7,0.201,-14.851,0,22,0.053,81.178,0.506,7
0.202,0.313,228707,0.659,0,0.0,1,0.135,-5.055,1,35,0.032,119.179,0.212,4
0.494,0.782,175933,0.295,0,3.05e-06,2,0.0762,-13.788,1,41,0.0844,135.08,0.5660000000000001,4
0.173,0.919,303572,0.44,0,0.00392,1,0.0681,-11.588,1,63,0.0689,114.972,0.369,1
0.16,0.439,173013,0.884,0,0.243,2,0.0995,-6.4529999999999985,1,30,0.036000000000000004,142.54399999999995,0.6779999999999999,4
0.005379999999999999,0.797,169320,0.516,1,0.431,1,0.0728,-6.2860000000000005,1,69,0.0831,109.997,0.0477,1
0.956,0.415,232467,0.29600000000000004,0,2.6e-06,3,0.0795,-10.431,1,5,0.0334,120.34,0.334,10
0.0692,0.448,282387,0.777,0,0.000182,2,0.075,-8.604,1,29,0.0309,91.305,0.5660000000000001,4
0.0262,0.39,615360,0.913,0,0.784,11,0.0649,-7.174,0,42,0.0778,146.129,0.603,5
0.981,0.415,178213,0.463,0,0.529,2,0.214,-8.511000000000001,1,0,0.0401,71.718,0.643,8
0.0005139999999999999,0.648,154507,0.8320000000000001,0,0.564,3,0.0951,-4.635,1,48,0.0329,129.85399999999998,0.8340000000000001,5
0.463,0.71,306360,0.395,0,0.8640000000000001,0,0.0893,-16.71,1,34,0.0413,107.226,0.857,4
0.7909999999999999,0.46,303960,0.34700000000000003,0,0.000225,5,0.251,-15.224,1,12,0.0404,82.90799999999999,0.7390000000000001,6
0.8909999999999999,0.36,385867,0.464,0,0.066,7,0.363,-11.651,0,42,0.032,151.023,0.49,4
0.889,0.473,163867,0.334,0,0.0,1,0.136,-12.83,1,2,0.0535,159.781,0.7040000000000001,9
0.8240000000000001,0.49,186027,0.479,0,0.000523,11,0.765,-7.85,1,53,0.0306,74.819,0.373,3
0.00172,0.562,135627,0.927,0,0.00312,9,0.242,-4.391,1,43,0.0492,132.072,0.922,2
0.0527,0.551,301413,0.6779999999999999,0,0.201,5,0.496,-7.266,1,48,0.0297,97.733,0.527,4
0.993,0.855,186000,0.105,0,0.0291,5,0.4370000000000001,-18.308,1,0,0.0932,128.80100000000002,0.8440000000000001,9
0.35600000000000004,0.613,243933,0.23,0,0.0,5,0.131,-15.892,0,47,0.0279,104.974,0.672,5
0.96,0.614,138013,0.0492,0,1.01e-06,2,0.165,-22.862,1,20,0.0436,136.067,0.345,6
0.244,0.521,841400,0.453,0,0.431,10,0.0784,-12.578,1,11,0.0347,118.823,0.594,7
0.737,0.491,140267,0.15,0,0.0,7,0.192,-15.209,1,19,0.0317,137.342,0.594,6
0.974,0.234,134307,0.131,0,4.39e-06,5,0.743,-19.633,1,16,0.0591,88.699,0.133,6
0.0882,0.6940000000000001,460227,0.389,0,0.535,4,0.0445,-13.537,1,25,0.0309,124.121,0.221,6
0.994,0.515,212013,0.409,0,0.468,2,0.171,-10.624,1,0,0.0292,94.014,0.8290000000000001,7
0.16399999999999998,0.7140000000000001,117840,0.946,0,0.0,7,0.0658,-3.54,1,50,0.08900000000000001,163.085,0.895,2
0.956,0.442,289160,0.0305,0,9.03e-06,0,0.1,-26.034,1,0,0.049,112.707,0.18,7
0.0785,0.635,268493,0.887,1,0.0,11,0.105,-2.801,0,49,0.332,160.003,0.7659999999999999,1
0.649,0.6629999999999999,311280,0.757,0,0.000239,5,0.0738,-5.69,0,25,0.195,164.515,0.945,4
0.414,0.537,383533,0.397,0,0.65,2,0.0852,-12.557,0,29,0.0388,136.066,0.6890000000000001,5
0.986,0.669,134613,0.16699999999999998,0,0.00134,1,0.131,-18.428,1,0,0.0752,129.914,0.873,9
0.0335,0.6809999999999999,199840,0.81,1,0.0,4,0.14,-5.348,0,52,0.256,88.117,0.401,1
0.99,0.706,154600,0.382,0,0.66,10,0.166,-11.645,1,0,0.0726,115.59,0.901,9
0.825,0.249,224387,0.158,0,1.87e-05,0,0.138,-18.412,0,12,0.0348,109.861,0.168,6
0.00114,0.598,244693,0.939,1,9.26e-06,7,0.28800000000000003,-3.663,1,60,0.105,95.884,0.63,2
0.848,0.629,167093,0.441,0,1.11e-06,10,0.107,-8.258,1,6,0.0322,80.426,0.35200000000000004,7
0.983,0.411,181067,0.431,0,0.916,3,0.118,-11.652,0,0,0.0458,132.988,0.63,9
0.992,0.445,322013,0.0409,0,0.867,8,0.0998,-25.521,1,18,0.0416,75.285,0.5660000000000001,7
0.0505,0.459,243773,0.718,0,0.0,10,0.0951,-5.596,1,55,0.0319,149.791,0.34,2
0.0007469999999999999,0.448,237976,0.8320000000000001,0,0.00315,6,0.11,-4.994,0,55,0.0503,125.074,0.337,1
0.0617,0.552,210027,0.601,0,3.99e-05,9,0.48,-14.12,0,36,0.0335,94.784,0.893,5
0.748,0.433,133200,0.239,0,0.0,1,0.364,-13.11,1,9,0.032,93.865,0.765,7
0.344,0.657,250493,0.387,0,0.000108,9,0.223,-11.795,1,26,0.0316,76.943,0.473,4
0.522,0.67,184387,0.703,0,0.000322,0,0.141,-7.23,1,33,0.163,171.53599999999997,0.93,4
0.934,0.245,236200,0.155,0,0.0114,9,0.17800000000000002,-15.539,1,11,0.0391,170.894,0.3720000000000001,7
0.0713,0.858,771867,0.698,0,3.45e-06,2,0.0624,-11.155,1,24,0.0775,113.485,0.731,4
0.525,0.453,424867,0.6559999999999999,0,0.0,7,0.594,-8.997,1,37,0.053,100.716,0.35600000000000004,3
0.405,0.428,233120,0.586,0,5.12e-05,10,0.0815,-5.778,1,47,0.0321,77.904,0.25,1
0.993,0.625,196844,0.28600000000000003,0,0.69,4,0.117,-10.599,1,0,0.316,128.304,0.8740000000000001,7
0.442,0.586,138867,0.754,0,0.0,7,0.436,-11.236,1,19,0.0386,99.35,0.968,6
0.8859999999999999,0.126,261957,0.204,0,0.927,10,0.369,-20.427,1,50,0.0362,94.672,0.0661,1
0.0176,0.684,171307,0.805,0,0.0,4,0.157,-2.843,0,43,0.0369,128.039,0.498,1
0.8640000000000001,0.5579999999999999,174693,0.301,0,0.0,2,0.16,-15.253,1,34,0.0362,123.624,0.473,7
0.561,0.59,176640,0.479,0,3.22e-06,9,0.0889,-12.167,1,24,0.0278,115.474,0.7090000000000001,4
0.965,0.473,222067,0.135,0,0.0,10,0.467,-15.912,0,0,0.17800000000000002,71.531,0.211,7
0.391,0.607,208321,0.467,0,0.0,0,0.132,-7.556,1,67,0.0581,121.741,0.434,1
0.098,0.635,177187,0.522,0,0.159,8,0.0558,-7.815,1,41,0.0413,81.03699999999998,0.91,6
0.0985,0.769,227760,0.574,1,0.0,5,0.117,-8.415,0,41,0.156,150.065,0.536,1
0.0997,0.767,203992,0.631,0,0.0,1,0.119,-6.7620000000000005,1,60,0.0541,100.968,0.541,1
0.261,0.7170000000000001,391067,0.28800000000000003,0,0.000974,4,0.0661,-12.943,0,47,0.0507,129.401,0.306,4
0.21,0.494,180320,0.47,0,0.0,8,0.28,-9.599,0,62,0.0301,103.477,0.698,6
0.0991,0.708,99270,0.318,1,0.0,5,0.275,-16.775,0,0,0.95,131.10399999999998,0.365,10
3.15e-05,0.239,237027,0.964,1,0.272,4,0.297,-7.452000000000001,0,48,0.0709,157.387,0.53,3
0.464,0.464,252400,0.569,0,0.7929999999999999,6,0.268,-12.352,1,16,0.0517,166.64,0.382,9
0.0181,0.456,293933,0.667,0,0.0,0,0.583,-8.932,1,40,0.0441,139.23,0.555,3
0.0654,0.7390000000000001,214560,0.449,0,0.006529999999999999,7,0.14800000000000002,-14.524,1,27,0.0307,122.559,0.877,5
0.629,0.477,271427,0.294,0,0.0,7,0.25,-12.86,1,25,0.083,91.177,0.483,7
0.8079999999999999,0.4,261600,0.134,0,0.0438,5,0.166,-20.775,1,3,0.0335,89.118,0.637,7
0.94,0.233,645000,0.256,0,7.46e-06,1,0.118,-15.261,1,0,0.0432,79.497,0.071,7
0.994,0.387,62973,0.0695,0,0.94,7,0.139,-31.234,1,40,0.0671,181.823,0.848,4
0.299,0.703,247600,0.639,1,0.0,5,0.139,-6.183,0,63,0.281,87.90799999999999,0.893,2
0.655,0.735,96133,0.521,0,0.024,1,0.207,-12.161,1,42,0.0317,113.545,0.946,2
0.00784,0.654,183560,0.622,0,4.45e-05,5,0.195,-5.5920000000000005,1,47,0.0267,119.088,0.616,3
0.298,0.835,315467,0.637,0,0.0111,9,0.0472,-9.613,1,42,0.0327,103.92,0.8370000000000001,4
0.379,0.505,263973,0.482,0,0.0,1,0.113,-7.372000000000001,1,49,0.0276,73.975,0.184,2
0.155,0.417,148667,0.607,0,1.3e-05,2,0.116,-11.445,1,37,0.053,148.844,0.67,5
0.833,0.568,510400,0.757,0,0.0488,5,0.713,-5.341,1,34,0.0608,76.169,0.745,6
0.813,0.621,182560,0.0516,0,0.926,9,0.111,-30.21,0,7,0.0576,77.67399999999998,0.452,7
0.951,0.353,835773,0.223,0,0.8320000000000001,2,0.063,-17.314,1,0,0.042,114.884,0.35600000000000004,8
0.471,0.4920000000000001,222373,0.242,0,0.541,5,0.219,-18.129,1,31,0.0293,92.703,0.27,5
0.995,0.484,165880,0.35700000000000004,0,0.943,7,0.232,-14.954,1,0,0.223,174.226,0.616,10
0.0422,0.7,233867,0.529,0,0.0,10,0.101,-6.816,0,58,0.0395,143.555,0.386,2
0.0362,0.645,197907,0.499,0,0.725,5,0.0923,-9.941,1,48,0.0293,125.959,0.89,2
0.593,0.528,95867,0.856,0,2.19e-06,5,0.453,-7.235,1,30,0.0725,89.32600000000002,0.726,5
0.0556,0.581,205733,0.986,0,0.0,1,0.0851,-2.978,1,39,0.118,144.52200000000005,0.5529999999999999,4
0.0412,0.135,231594,0.797,0,0.845,1,0.376,-31.858,1,66,0.417,82.119,0.026,1
0.88,0.413,176040,0.207,0,5.37e-05,7,0.174,-11.589,1,8,0.0319,102.133,0.24,7
0.609,0.502,211680,0.623,1,0.0,8,0.119,-8.812000000000003,1,70,0.441,75.555,0.399,1
0.821,0.479,159800,0.34600000000000003,0,0.0,2,0.232,-11.46,1,31,0.0308,71.483,0.473,6
0.98,0.557,185560,0.0741,0,0.0174,4,0.108,-20.951,1,35,0.0277,78.993,0.395,6
0.954,0.544,156948,0.266,0,0.7659999999999999,0,0.4320000000000001,-13.972,0,2,0.0326,125.849,0.353,8
0.565,0.7709999999999999,213773,0.7040000000000001,0,0.3720000000000001,7,0.0831,-10.125,1,48,0.0503,97.964,0.922,2
0.195,0.588,220253,0.698,0,0.0,9,0.257,-4.718,1,55,0.0415,125.004,0.631,1
0.0575,0.564,283773,0.825,0,2.6e-05,4,0.225,-3.933,0,42,0.0375,119.95,0.479,2
0.966,0.598,179787,0.129,0,0.428,10,0.132,-20.533,0,0,0.0462,90.389,0.8109999999999999,9
0.388,0.389,507396,0.359,0,0.5670000000000001,7,0.115,-17.549,1,22,0.0493,118.799,0.256,6
0.978,0.581,543760,0.551,0,0.0,8,0.239,-11.967,1,0,0.936,84.81700000000002,0.414,9
0.992,0.237,200133,0.17,0,0.5660000000000001,11,0.0927,-20.145,0,0,0.0523,73.99600000000002,0.341,8
0.0619,0.653,230400,0.873,0,3.41e-06,1,0.14400000000000002,-3.829,1,51,0.0315,139.937,0.627,2
0.0272,0.383,181907,0.621,0,0.0,6,0.4270000000000001,-5.877999999999999,0,65,0.113,80.051,0.213,1
0.705,0.8190000000000001,163973,0.81,0,0.0,2,0.043,-4.296,0,6,0.329,116.087,0.877,7
0.6990000000000001,0.46,266747,0.314,0,4.03e-06,6,0.122,-10.158,0,55,0.0267,90.014,0.21600000000000005,1
0.00772,0.354,309093,0.8809999999999999,0,0.841,3,0.5379999999999999,-8.865,0,23,0.057,112.29,0.305,4
0.019,0.463,220960,0.911,0,0.00322,0,0.107,-5.274,1,50,0.0587,163.614,0.466,4
0.8370000000000001,0.32299999999999995,171933,0.0977,0,0.000263,7,0.328,-19.178,0,7,0.0349,132.63,0.13,6
0.334,0.483,112387,0.88,0,4.35e-06,9,0.0612,-5.16,1,25,0.0431,125.319,0.8270000000000001,6
0.000986,0.415,129200,0.872,0,0.0,0,0.6809999999999999,-4.814,1,46,0.0603,96.092,0.348,2
0.00719,0.334,414627,0.907,0,0.127,7,0.908,-10.79,1,22,0.0628,91.185,0.524,5
0.6809999999999999,0.64,179240,0.618,0,1.35e-05,3,0.265,-12.085,1,37,0.14,156.894,0.96,3
0.996,0.34600000000000003,195230,0.248,0,0.89,1,0.172,-13.129,1,0,0.0799,75.815,0.515,9
0.968,0.29,605547,0.28300000000000003,0,0.879,10,0.0894,-14.003,1,0,0.033,81.672,0.181,8
0.101,0.433,460867,0.884,0,0.675,9,0.853,-8.76,1,30,0.0459,102.425,0.536,5
0.274,0.622,177613,0.805,0,0.000105,5,0.113,-6.6179999999999986,1,49,0.202,89.98100000000002,0.7709999999999999,1
0.986,0.4270000000000001,201967,0.0352,0,0.174,7,0.066,-22.872,1,0,0.039,83.148,0.0533,9
0.048,0.77,230573,0.66,0,0.138,2,0.324,-4.441,1,41,0.0278,100.092,0.619,4
0.257,0.203,277133,0.527,0,4.19e-05,0,0.321,-10.511,1,29,0.048,131.874,0.159,5
0.0111,0.464,161640,0.972,0,1.47e-06,4,0.818,-6.8870000000000005,1,39,0.0553,95.407,0.91,5
0.987,0.391,224187,0.034,0,0.331,0,0.206,-24.94400000000001,1,1,0.0358,74.72,0.196,7
0.16399999999999998,0.373,221400,0.8690000000000001,0,7.76e-06,4,0.605,-7.7189999999999985,1,63,0.0554,184.024,0.696,5
0.7240000000000001,0.648,256813,0.593,0,2.79e-06,5,0.134,-6.799,0,42,0.0367,89.91,0.907,4
0.645,0.519,153533,0.0825,0,0.0,8,0.101,-14.65,1,14,0.038,78.755,0.754,7
0.865,0.628,99640,0.289,0,0.0,0,0.217,-22.436,0,4,0.836,61.851000000000006,0.627,7
0.768,0.785,131800,0.4320000000000001,0,1.61e-06,8,0.153,-8.333,0,43,0.044,97.746,0.8240000000000001,6
8.340000000000001e-05,0.435,157827,0.986,1,0.000924,7,0.5720000000000001,-3.458,1,36,0.182,125.822,0.434,2
0.0158,0.55,152267,0.7559999999999999,0,0.00343,11,0.179,-10.314,1,32,0.0297,139.697,0.903,4
0.197,0.555,192681,0.923,0,0.0,6,0.0778,-4.748,0,74,0.161,118.007,0.363,1
0.802,0.487,170920,0.326,0,0.00041,4,0.29600000000000004,-10.656,0,10,0.0342,133.028,0.39,7
0.109,0.541,177987,0.83,0,0.701,9,0.16699999999999998,-6.246,1,54,0.0316,142.592,0.711,4
0.0216,0.742,251200,0.767,0,0.000857,7,0.0343,-6.867000000000001,1,30,0.0525,100.085,0.657,3
0.0574,0.546,359733,0.8590000000000001,0,0.0,7,0.0855,-9.745,1,49,0.0401,143.67700000000005,0.742,5
0.0172,0.5870000000000001,211680,0.99,0,0.000668,0,0.104,-4.496,1,59,0.0783,127.992,0.486,2
0.7709999999999999,0.123,98293,0.14800000000000002,0,0.8270000000000001,0,0.6509999999999999,-14.470999999999998,1,23,0.0333,48.81100000000001,0.245,6
0.22,0.767,208333,0.47,0,0.00405,0,0.2,-9.89,1,58,0.0328,110.573,0.98,3
0.979,0.302,130357,0.0748,0,0.00137,7,0.334,-22.072,0,46,0.0368,78.99,0.228,2
0.563,0.407,114653,0.5579999999999999,0,0.0,10,0.755,-21.094,0,0,0.0394,129.0,0.0387,7
0.968,0.153,118674,0.00197,0,0.913,1,0.121,-36.815,1,69,0.0524,134.697,0.039,1
0.0563,0.536,270427,0.737,0,0.123,0,0.213,-9.75,1,30,0.0333,129.125,0.517,5
0.129,0.6609999999999999,266827,0.846,0,5.17e-06,5,0.0355,-8.869,1,63,0.0467,101.068,0.911,5
0.7559999999999999,0.136,285080,0.122,0,0.0132,1,0.0781,-11.612,1,48,0.0351,78.854,0.124,2
0.977,0.463,93089,0.257,0,0.0,6,0.129,-9.251,1,0,0.0585,101.696,0.516,8
0.0917,0.607,240360,0.616,0,1.57e-05,7,0.0837,-8.924,1,46,0.344,85.182,0.55,2
0.485,0.478,181707,0.534,0,0.00425,5,0.188,-9.985,1,32,0.0386,100.317,0.6729999999999999,7
0.6779999999999999,0.623,134467,0.32299999999999995,0,3.82e-05,7,0.158,-14.781,1,44,0.0332,125.597,0.615,5
0.479,0.877,281120,0.529,1,0.00159,0,0.094,-6.235,0,71,0.0461,104.984,0.422,0
0.316,0.586,193240,0.309,0,0.00275,9,0.159,-12.684,0,36,0.0278,79.54,0.293,3
0.0594,0.5870000000000001,229533,0.895,0,0.0,2,0.141,-3.1660000000000004,1,50,0.0355,131.96200000000002,0.73,2
0.0299,0.579,228013,0.499,0,2.51e-06,8,0.111,-8.195,1,47,0.0425,147.995,0.444,1
0.00386,0.64,233867,0.94,0,0.0,4,0.104,-5.722,1,31,0.0575,135.987,0.601,3
0.487,0.46,218600,0.189,0,0.000216,4,0.0954,-21.091,1,20,0.0331,144.47,0.273,5
0.66,0.6579999999999999,102893,0.315,0,1.68e-06,0,0.15,-11.944,1,39,0.0943,130.65,0.961,3
0.0331,0.659,289907,0.919,0,3.56e-06,7,0.968,-6.5360000000000005,1,41,0.103,105.96,0.438,3
0.996,0.631,253000,0.0898,0,0.926,7,0.121,-28.073,0,1,0.0741,124.809,0.72,8
0.963,0.165,225440,0.991,0,0.967,10,0.365,-12.661,0,0,0.338,113.707,0.00824,8
0.0101,0.8,206933,0.383,0,0.187,4,0.026,-13.937,0,32,0.104,89.301,0.882,5
0.0121,0.83,212052,0.376,1,8.07e-06,4,0.218,-8.073,0,61,0.19,129.981,0.165,1
0.404,0.431,79973,0.5760000000000001,1,0.0,5,0.223,-15.378,1,35,0.496,91.651,0.256,3
0.0522,0.642,219627,0.769,0,0.00032,0,0.0772,-4.501,1,50,0.0269,92.292,0.621,2
0.302,0.838,231044,0.526,0,0.000152,1,0.0552,-13.079,1,55,0.17800000000000002,93.726,0.892,5
0.792,0.784,138800,0.451,0,4.09e-05,8,0.115,-11.225,0,55,0.0723,100.303,0.78,3
0.926,0.152,146853,0.406,0,6.22e-05,9,0.092,-9.708,0,29,0.0341,82.329,0.166,7
0.0887,0.573,286787,0.752,0,0.0213,9,0.263,-8.32,1,34,0.0294,134.118,0.6970000000000001,5
0.158,0.888,280373,0.42,0,2.34e-05,6,0.0711,-16.023,0,30,0.0444,130.312,0.6920000000000001,4
0.0462,0.8340000000000001,176720,0.731,1,0.0,10,0.0731,-5.603,0,71,0.0566,140.001,0.6809999999999999,1
0.993,0.459,99187,0.241,0,0.934,8,0.108,-20.219,1,0,0.0687,70.479,0.716,9
0.992,0.653,167960,0.18600000000000005,0,0.908,6,0.113,-17.088,0,0,0.0613,115.434,0.821,10
0.0547,0.363,241560,0.5329999999999999,0,0.0,0,0.115,-7.256,0,36,0.0297,73.741,0.222,4
0.941,0.407,378360,0.0439,0,3.28e-06,0,0.14300000000000002,-26.91800000000001,1,0,0.142,75.263,0.22,8
0.354,0.418,155600,0.625,0,1.7800000000000002e-05,10,0.107,-7.166,1,22,0.0258,94.152,0.595,5
0.703,0.5479999999999999,128813,0.843,0,0.759,1,0.161,-6.216,1,25,0.0305,140.631,0.971,5
0.797,0.5529999999999999,158827,0.173,0,0.0,7,0.172,-11.255,1,8,0.0946,133.082,0.486,6
0.757,0.436,348693,0.4970000000000001,0,0.547,2,0.172,-9.185,0,16,0.0389,162.893,0.58,7
0.215,0.759,243373,0.55,0,4.8e-05,2,0.223,-13.164,1,31,0.0278,117.039,0.879,4
0.0309,0.677,342267,0.871,0,0.77,6,0.278,-9.298,0,38,0.0441,144.185,0.901,5
0.866,0.233,583160,0.066,0,0.7559999999999999,9,0.0988,-21.132,0,11,0.0365,83.50299999999999,0.0398,6
0.8759999999999999,0.228,646333,0.251,0,0.764,7,0.202,-13.970999999999998,1,0,0.0456,78.381,0.0826,7
0.757,0.473,144373,0.421,0,0.0,3,0.145,-10.234,0,51,0.0558,161.584,0.682,6
0.00363,0.155,298707,0.963,0,0.0012,8,0.182,-9.136,0,26,0.122,77.566,0.125,4
0.441,0.858,126600,0.685,0,0.865,0,0.14400000000000002,-9.826,1,9,0.0338,118.998,0.963,7
0.14,0.465,272674,0.6940000000000001,0,0.0,1,0.501,-7.213999999999999,1,53,0.0436,124.793,0.468,1
0.905,0.565,718600,0.284,0,0.0,8,0.4270000000000001,-15.343,1,35,0.159,132.22799999999998,0.555,4
0.966,0.378,180813,0.277,0,0.899,5,0.11,-16.158,1,0,0.0528,99.209,0.6609999999999999,8
0.644,0.417,239107,0.469,0,0.0822,11,0.121,-13.738,1,25,0.0341,181.072,0.772,5
0.479,0.601,336120,0.526,0,0.00774,5,0.0463,-10.483,0,40,0.0464,97.44,0.904,5
0.317,0.652,312427,0.5489999999999999,1,0.0,6,0.104,-7.555,0,51,0.039,120.073,0.18600000000000005,1
0.899,0.394,341813,0.277,0,2.87e-06,6,0.105,-10.47,1,52,0.03,79.288,0.232,3
0.0224,0.42,214213,0.43,0,0.248,7,0.12,-8.943999999999997,1,39,0.0244,97.196,0.337,6
0.261,0.672,314440,0.451,0,0.0,11,0.108,-15.245,1,40,0.0331,100.59,0.649,4
0.246,0.601,201400,0.588,0,0.208,9,0.0787,-12.287,1,31,0.0391,206.349,0.967,4
0.127,0.518,190827,0.293,0,0.8490000000000001,10,0.0969,-21.016,1,34,0.0321,136.974,0.7859999999999999,6
0.00674,0.574,207547,0.841,0,0.0,7,0.106,-4.565,1,44,0.0301,107.96,0.348,2
0.988,0.407,288853,0.122,0,0.942,2,0.113,-17.925,1,59,0.0427,105.484,0.21600000000000005,1
5.22e-05,0.35700000000000004,242760,0.98,0,0.843,6,0.0768,-6.835,1,53,0.079,96.969,0.368,3
0.983,0.516,166733,0.192,0,0.383,5,0.35700000000000004,-12.777,1,11,0.0479,83.044,0.391,9
0.000148,0.518,238880,0.916,0,0.0,3,0.29100000000000004,-3.858,1,67,0.0454,109.864,0.6459999999999999,2
0.0384,0.429,173067,0.691,0,1.05e-06,7,0.184,-5.678,1,21,0.0435,79.23,0.754,6
0.511,0.575,180872,0.915,0,0.0,7,0.0582,-2.544,1,58,0.11,90.548,0.962,1
0.8690000000000001,0.496,138067,0.631,0,8.329999999999999e-05,1,0.108,-6.854,1,35,0.0313,146.79,0.6890000000000001,3
0.767,0.374,279467,0.331,0,0.00199,1,0.136,-11.334,1,33,0.0422,117.014,0.211,5
0.0899,0.597,212147,0.902,0,0.0,7,0.65,-4.246,0,45,0.0355,130.674,0.96,4
0.991,0.64,163840,0.333,0,0.0004969999999999999,1,0.63,-9.636,1,0,0.0423,120.844,0.7959999999999999,8
0.472,0.532,244360,0.301,0,0.0,7,0.271,-11.869000000000002,1,18,0.0272,132.265,0.544,6
0.862,0.445,314960,0.196,0,0.0,2,0.11,-17.688,1,12,0.208,176.668,0.387,6
0.239,0.489,256120,0.23,0,0.107,9,0.111,-12.733,1,39,0.0357,115.242,0.0603,2
0.0334,0.311,76267,0.926,0,0.0,11,0.377,-12.85,1,28,0.157,115.658,0.136,4
0.269,0.667,309893,0.918,0,0.0,6,0.369,-4.564,1,43,0.14,107.139,0.653,2
0.33,0.6779999999999999,205401,0.58,0,1.7e-06,9,0.114,-6.945,0,34,0.0432,86.54799999999999,0.731,5
0.489,0.5329999999999999,211800,0.442,0,0.00273,1,0.0839,-11.03,1,27,0.0297,113.762,0.385,5
0.478,0.8440000000000001,201387,0.742,0,0.112,0,0.0801,-4.71,1,48,0.0387,124.162,0.978,2
0.828,0.581,197647,0.256,0,1.19e-05,7,0.342,-13.282,1,13,0.043,108.915,0.581,7
0.7090000000000001,0.214,237893,0.0556,0,1.16e-06,5,0.139,-21.082,1,24,0.0347,75.608,0.149,4
0.96,0.448,208659,0.466,0,4.25e-06,4,0.121,-6.7879999999999985,1,0,0.0561,102.037,0.812,8
0.6970000000000001,0.581,279634,0.384,0,0.813,9,0.0889,-11.195,1,58,0.0336,77.41199999999998,0.0466,2
0.991,0.324,125360,0.248,0,0.0343,4,0.0846,-15.552,1,12,0.0459,106.73,0.0857,8
0.941,0.7170000000000001,111493,0.14300000000000002,0,1.24e-05,1,0.0929,-11.386,1,14,0.315,110.86,0.487,7
0.7509999999999999,0.526,191840,0.245,0,0.337,0,0.117,-15.084,1,14,0.0418,162.44299999999996,0.6809999999999999,7
0.444,0.493,157867,0.274,0,0.0,10,0.0757,-11.703,1,41,0.0398,190.545,0.865,4
0.7809999999999999,0.475,231400,0.348,0,2.65e-06,2,0.113,-10.847,1,41,0.0284,132.14600000000002,0.135,3
0.648,0.35,204987,0.454,0,1.13e-05,7,0.0774,-10.032,1,27,0.0291,132.009,0.4270000000000001,5
0.0769,0.394,256253,0.6629999999999999,0,0.00644,0,0.239,-6.619,1,53,0.0295,207.575,0.737,3
0.517,0.679,395933,0.412,0,0.848,6,0.0787,-13.252,0,47,0.0469,105.027,0.499,3
0.718,0.409,179373,0.29600000000000004,0,0.000292,9,0.912,-12.78,1,24,0.0595,170.753,0.276,5
0.742,0.179,219627,0.19,0,9.99e-06,0,0.0856,-12.866,1,20,0.0359,60.471,0.181,7
0.962,0.612,304827,0.156,0,0.0026,3,0.102,-15.823,1,58,0.0396,131.09,0.415,4
0.479,0.61,166133,0.456,0,0.0,1,0.166,-6.299,1,31,0.0271,93.475,0.669,6
0.688,0.813,100507,0.393,0,0.0,3,0.0658,-14.3,1,35,0.175,121.531,0.8909999999999999,3
0.0113,0.71,177067,0.5870000000000001,0,4.62e-06,11,0.44,-8.939,1,48,0.277,94.002,0.84,2
0.606,0.306,298867,0.752,0,0.00513,0,0.0986,-10.045,0,40,0.0431,149.112,0.319,5
0.00852,0.7390000000000001,682867,0.8290000000000001,0,0.674,0,0.285,-5.3370000000000015,1,44,0.0346,120.856,0.927,3
0.378,0.812,198893,0.5660000000000001,0,0.0,0,0.135,-6.808,1,41,0.0733,99.029,0.8320000000000001,2
0.0116,0.561,223451,0.89,0,1.55e-06,0,0.171,-5.38,0,52,0.0482,114.018,0.415,1
0.105,0.7390000000000001,201027,0.7020000000000001,0,0.0181,0,0.0649,-7.63,1,48,0.051,116.74,0.916,1
0.305,0.667,283400,0.513,0,0.0,4,0.0851,-7.96,1,60,0.026,95.306,0.518,5
0.438,0.711,169000,0.731,0,0.0,7,0.163,-8.712,1,19,0.0404,130.92,0.912,6
0.00041,0.361,344493,0.8690000000000001,0,2.34e-06,4,0.598,-7.085,0,30,0.129,131.368,0.108,3
0.0478,0.638,246509,0.659,0,0.000195,11,0.459,-7.023,0,60,0.0277,107.991,0.665,1
0.281,0.519,143161,0.45,0,6.12e-06,5,0.152,-9.133,1,35,0.0244,72.115,0.5489999999999999,6
0.56,0.69,200973,0.7340000000000001,0,0.00425,7,0.237,-5.646,1,29,0.058,130.49,0.488,5
0.8290000000000001,0.495,173827,0.344,0,0.00325,4,0.383,-10.605,0,0,0.0378,100.323,0.561,9
0.328,0.537,115827,0.753,1,1.52e-05,8,0.368,-9.441,1,53,0.35,90.294,0.693,2
0.825,0.504,159307,0.145,0,0.00273,0,0.0846,-15.970999999999998,1,27,0.0366,79.569,0.073,4
0.981,0.415,202627,0.22,0,2.36e-05,8,0.547,-17.075,1,0,0.201,78.872,0.17,7
0.026,0.703,237989,0.79,0,0.17,2,0.14400000000000002,-4.909,1,51,0.0459,120.587,0.5379999999999999,4
0.0251,0.391,341827,0.7859999999999999,0,0.00297,0,0.118,-12.604,1,26,0.0982,135.14700000000002,0.424,5
0.62,0.7,358493,0.579,0,0.000421,7,0.303,-9.999,1,28,0.0487,149.937,0.58,5
0.311,0.638,152240,0.621,0,0.0,4,0.613,-4.388,0,22,0.0385,125.235,0.795,6
0.269,0.35,341733,0.508,0,2.37e-06,0,0.6709999999999999,-7.584,1,46,0.025,81.719,0.28600000000000003,3
0.0012,0.513,163333,0.937,0,0.0,3,0.2,-3.665,1,39,0.0433,90.053,0.59,2
0.908,0.204,101067,0.236,0,0.905,0,0.108,-27.946,1,40,0.053,108.852,0.101,3
0.5379999999999999,0.375,207293,0.261,0,9.74e-05,9,0.106,-16.9,0,34,0.0383,115.597,0.57,7
0.0194,0.711,323533,0.953,0,0.0186,8,0.317,-7.872000000000001,1,25,0.0377,119.933,0.888,4
0.174,0.474,157413,0.622,0,0.0,6,0.141,-7.393,0,40,0.0393,119.228,0.7020000000000001,2
0.0388,0.483,238662,0.775,0,0.64,2,0.0963,-6.5820000000000025,1,37,0.0312,119.478,0.698,5
0.935,0.2,228560,0.364,0,0.00123,9,0.373,-10.288,0,9,0.0374,174.43200000000004,0.0816,7
0.8490000000000001,0.5760000000000001,112133,0.105,0,7.240000000000001e-05,7,0.369,-15.745,0,16,0.0433,80.245,0.6629999999999999,7
0.08199999999999999,0.8859999999999999,229813,0.62,1,0.0,5,0.1,-5.854,1,60,0.307,76.035,0.6,2
0.768,0.275,283872,0.21600000000000005,0,0.897,5,0.0832,-13.818,1,66,0.0345,116.388,0.181,5
0.0221,0.603,246560,0.895,0,0.0047,1,0.0857,-6.488,1,47,0.0326,121.01,0.508,3
2.380000000000001e-05,0.433,209302,0.973,0,1.79e-06,8,0.0813,-4.82,1,62,0.145,171.955,0.298,1
0.969,0.393,149404,0.122,0,0.95,9,0.0849,-24.554,0,0,0.0449,136.833,0.0337,9
0.978,0.484,162413,0.262,0,5.99e-05,7,0.117,-13.286,1,60,0.0263,98.516,0.332,3
0.0116,0.276,430827,0.826,0,0.22,5,0.0916,-6.2479999999999976,1,40,0.0358,142.345,0.797,5
0.0176,0.416,133575,0.6709999999999999,0,0.643,9,0.103,-12.255,1,37,0.0582,159.817,0.8009999999999999,3
0.995,0.536,165067,0.648,0,0.81,11,0.433,-11.716,1,0,0.168,109.576,0.8370000000000001,7
0.201,0.8390000000000001,138658,0.742,0,0.8270000000000001,8,0.101,-14.85,1,0,0.0755,131.849,0.846,8
0.807,0.469,175813,0.326,0,0.0,2,0.104,-11.327,1,32,0.0321,97.38,0.617,6
0.14,0.532,253200,0.622,0,0.0,0,0.121,-8.722999999999999,0,55,0.14300000000000002,99.92,0.21600000000000005,1
0.7559999999999999,0.627,472467,0.358,0,0.00234,7,0.123,-15.259,1,23,0.039,126.333,0.68,7
0.5660000000000001,0.521,207147,0.62,0,0.0,4,0.103,-8.008,1,0,0.116,176.19299999999996,0.937,7
0.124,0.56,190533,0.5720000000000001,0,0.00532,7,0.0549,-8.269,1,16,0.0428,100.552,0.618,7
0.152,0.579,236053,0.956,0,2.24e-05,7,0.162,-3.458,1,47,0.157,157.58100000000005,0.936,2
0.234,0.8540000000000001,172707,0.848,0,6.659999999999999e-05,7,0.0294,-5.93,1,57,0.041,103.32,0.949,3
0.452,0.584,250507,0.595,0,0.0,9,0.181,-8.179,1,26,0.0342,106.116,0.682,4
0.455,0.413,214973,0.433,0,0.0,4,0.112,-10.627,1,43,0.0371,135.27700000000002,0.498,5
