0.0134,0.767,292779,0.765,1,0.0,11,0.804,-6.895,1,50,0.386,180.527,0.738,4
0.00227,0.305,241293,0.979,1,0.18,5,0.139,-6.002000000000002,1,42,0.0972,168.035,0.0685,3
0.594,0.511,254600,0.429,0,1.62e-05,10,0.0529,-9.765,0,31,0.0432,88.384,0.6409999999999999,3
0.00968,0.7020000000000001,227893,0.5329999999999999,0,1.23e-06,2,0.306,-13.623,1,26,0.0752,125.2,0.862,4
0.645,0.616,154907,0.7879999999999999,0,0.0,1,0.0761,-7.074,1,44,0.0553,144.493,0.904,6
0.257,0.378,219867,0.604,0,0.0,0,0.238,-12.380999999999998,1,38,0.0322,91.679,0.8,4
0.0312,0.6,533306,0.731,0,9.22e-05,9,0.117,-8.533,1,41,0.498,217.591,0.7909999999999999,3
0.0826,0.436,242080,0.95,0,1.08e-06,5,0.149,-2.627,1,45,0.057,162.088,0.35200000000000004,1
0.94,0.417,572000,0.2,0,0.237,2,0.114,-19.13,1,44,0.0417,120.201,0.537,2
0.963,0.5710000000000001,95960,0.474,0,0.87,1,0.213,-14.832,1,0,0.11,132.362,0.276,8
0.00192,0.486,194813,0.8320000000000001,0,0.00359,0,0.14800000000000002,-8.04,1,33,0.0296,145.88299999999995,0.722,4
0.988,0.58,189867,0.5,0,0.0329,8,0.127,-10.711,1,1,0.262,105.231,0.826,7
0.289,0.569,216947,0.8440000000000001,0,0.0,4,0.349,-4.859,1,43,0.121,134.804,0.59,1
0.556,0.53,420987,0.677,0,4.48e-05,6,0.645,-9.658,0,23,0.115,178.31599999999997,0.733,4
0.947,0.483,137027,0.0659,0,0.000162,8,0.159,-20.14,1,8,0.033,58.532,0.253,7
0.000312,0.511,154467,0.794,0,0.0,2,0.555,-6.876,1,38,0.0887,121.517,0.847,6
0.99,0.71,177747,0.373,0,0.000932,4,0.18600000000000005,-14.467,1,16,0.0598,104.776,0.961,9
0.187,0.486,244693,0.929,0,0.00317,0,0.139,-6.777,1,22,0.0437,158.466,0.82,4
0.617,0.6759999999999999,210000,0.525,1,0.0,9,0.35600000000000004,-5.88,1,80,0.028,112.011,0.421,1
0.0441,0.723,269400,0.789,0,0.0,1,0.0612,-4.813,1,51,0.0302,124.013,0.946,2
0.914,0.7040000000000001,136800,0.239,0,1.82e-06,0,0.119,-12.71,1,12,0.0574,76.259,0.6990000000000001,7
0.996,0.299,193267,0.0234,0,0.731,7,0.0777,-26.788,0,46,0.0509,141.387,0.358,4
0.138,0.629,210253,0.8240000000000001,0,0.0,7,0.135,-5.56,0,53,0.075,166.998,0.613,2
0.906,0.42,195093,0.305,0,8.400000000000001e-06,9,0.109,-13.169,1,21,0.0351,94.082,0.653,6
0.5820000000000001,0.568,377547,0.677,0,0.0,9,0.044,-10.954,1,44,0.262,114.494,0.609,5
0.878,0.17600000000000002,103400,0.268,0,0.5770000000000001,2,0.23,-12.378,1,6,0.0323,66.358,0.328,7
0.000426,0.7390000000000001,234400,0.679,0,0.0187,0,0.389,-5.079,1,62,0.0374,127.489,0.7879999999999999,2
0.157,0.375,252333,0.901,0,0.105,4,0.0703,-8.667,1,39,0.0497,167.385,0.85,5
0.967,0.29600000000000004,292427,0.15,0,0.000929,5,0.6509999999999999,-18.486,1,0,0.0681,130.584,0.0635,7
0.989,0.272,213813,0.094,0,0.509,4,0.107,-16.945999999999998,1,0,0.0483,140.915,0.0377,8
0.118,0.609,135347,0.716,0,0.939,2,0.302,-10.868,1,28,0.0653,110.11,0.8859999999999999,5
0.449,0.392,220827,0.44,0,0.0,4,0.118,-6.711,1,52,0.0282,143.921,0.166,2
0.00445,0.614,176093,0.805,0,2.98e-05,7,0.0604,-5.34,1,53,0.0439,80.02,0.691,1
0.0406,0.665,218067,0.615,0,0.0,4,0.92,-9.245,0,46,0.395,168.76,0.6920000000000001,4
0.0192,0.628,235915,0.909,0,0.0,10,0.44,-4.635,0,58,0.0549,97.849,0.7509999999999999,2
0.597,0.495,349813,0.583,0,0.15,4,0.134,-7.612999999999999,1,39,0.0265,133.10299999999998,0.88,5
0.507,0.685,177507,0.499,0,0.0,5,0.0828,-8.603,1,34,0.0318,114.869,0.962,6
0.188,0.568,198333,0.499,0,0.00911,10,0.0488,-9.515,1,19,0.0281,71.436,0.5770000000000001,5
0.0852,0.825,277867,0.725,0,4.27e-06,6,0.251,-4.145,1,55,0.204,89.87200000000001,0.7040000000000001,2
0.944,0.118,220653,0.325,0,0.00378,5,0.14300000000000002,-11.913,1,51,0.0362,64.482,0.162,6
3e-06,0.362,213027,0.8959999999999999,0,0.79,2,0.355,-6.812,1,39,0.0338,136.083,0.713,5
2.32e-05,0.34600000000000003,382027,0.991,0,0.0204,2,0.112,-6.939,1,39,0.157,116.896,0.0393,3
0.966,0.365,68200,0.26,0,0.965,0,0.258,-15.49,1,0,0.0426,142.389,0.292,8
0.063,0.506,245347,0.705,0,1.67e-06,6,0.568,-9.418,1,22,0.086,121.994,0.469,6
0.00526,0.222,146293,0.99,0,0.000674,1,0.111,-3.286,1,34,0.102,192.966,0.616,3
0.938,0.14,229400,0.251,0,0.0301,7,0.0746,-14.727,1,7,0.0355,80.185,0.125,7
0.0705,0.7140000000000001,333933,0.726,0,2.15e-05,5,0.093,-6.621,0,36,0.0568,94.204,0.753,4
0.299,0.604,181533,0.7190000000000001,0,0.0,6,0.28,-10.101,1,41,0.0322,128.543,0.96,5
0.4,0.708,210000,0.797,0,0.0,0,0.096,-3.095,0,83,0.0391,88.015,0.51,0
0.7909999999999999,0.652,138387,0.108,0,8.57e-05,4,0.112,-15.51,1,26,0.0522,106.87,0.252,5
0.0286,0.328,277387,0.726,0,0.000643,3,0.16699999999999998,-3.935,1,62,0.0312,134.639,0.21,2
0.959,0.264,357507,0.258,0,0.000115,0,0.489,-16.849,1,0,0.0562,134.923,0.11,7
0.0535,0.743,267133,0.514,0,0.00278,10,0.0534,-12.559,1,29,0.0322,108.428,0.929,4
0.7290000000000001,0.0,11493,0.146,0,0.0,7,0.402,-27.851,1,0,0.0,0.0,0.0,7
0.4320000000000001,0.512,241373,0.326,0,0.00223,2,0.11,-14.778,1,28,0.0291,122.935,0.252,5
0.8240000000000001,0.259,366840,0.452,0,0.0,5,0.969,-12.677,1,36,0.111,138.72299999999998,0.222,4
0.416,0.565,244933,0.547,0,0.0,11,0.102,-9.129,1,38,0.0385,91.95,0.399,2
0.995,0.757,176000,0.0271,0,0.8959999999999999,11,0.106,-25.851,0,0,0.0907,116.883,0.855,10
0.0372,0.472,201027,0.946,0,0.0,2,0.35200000000000004,-4.591,1,66,0.145,177.489,0.486,3
0.993,0.564,150587,0.115,0,0.893,5,0.112,-24.445,0,0,0.0628,120.431,0.743,10
0.949,0.583,162227,0.328,0,0.00169,4,0.146,-16.515,0,5,0.0745,120.083,0.483,7
0.613,0.511,146667,0.399,0,0.0,0,0.322,-9.742,1,16,0.0403,113.369,0.789,6
0.993,0.523,169182,0.0806,0,0.911,3,0.111,-15.869000000000002,0,0,0.0807,140.54399999999998,0.443,8
0.00782,0.925,172314,0.904,1,0.0,2,0.109,-3.362,1,69,0.201,105.02,0.758,1
0.627,0.861,216000,0.33,0,1.93e-06,6,0.14,-7.194,1,72,0.0526,95.016,0.718,1
0.6859999999999999,0.598,233653,0.0625,0,8.77e-05,4,0.0699,-21.527,0,37,0.0344,141.765,0.328,5
0.425,0.339,192733,0.534,0,0.00041,7,0.312,-4.032,1,25,0.0297,142.487,0.6940000000000001,5
0.943,0.349,220827,0.101,0,0.0,3,0.0798,-20.304,1,56,0.0387,100.857,0.306,2
0.189,0.578,279440,0.248,0,0.0,4,0.14800000000000002,-18.009,0,39,0.0286,92.165,0.28,4
0.228,0.685,180520,0.423,0,0.00647,2,0.125,-12.053,1,45,0.0507,88.09,0.945,3
0.049,0.6679999999999999,181627,0.64,1,0.0,3,0.0675,-5.207999999999998,0,53,0.0888,130.004,0.259,1
0.64,0.477,477693,0.301,0,6.3e-06,7,0.0881,-15.635,1,22,0.0351,174.859,0.519,6
0.0154,0.5529999999999999,248067,0.767,0,0.0,11,0.394,-5.151,0,57,0.0386,117.054,0.522,1
0.65,0.271,214427,0.411,0,0.892,0,0.0678,-11.042,1,9,0.0335,101.848,0.248,8
0.294,0.764,231200,0.394,0,2.43e-06,9,0.0825,-13.383,1,46,0.0321,111.162,0.7879999999999999,4
0.742,0.489,158000,0.131,0,0.275,3,0.0941,-20.096,1,33,0.0342,132.686,0.552,4
0.0488,0.353,271653,0.921,0,0.065,2,0.314,-5.64,1,55,0.0758,145.589,0.526,3
0.000359,0.601,258027,0.8590000000000001,0,0.00124,5,0.0871,-5.263,1,74,0.0276,125.145,0.446,4
0.887,0.491,193240,0.382,0,6.36e-05,7,0.142,-10.69,0,18,0.135,179.106,0.612,8
0.975,0.334,95987,0.145,0,0.281,9,0.085,-14.682,0,54,0.0337,87.617,0.195,1
0.35600000000000004,0.6709999999999999,218293,0.467,0,8.2e-06,0,0.14300000000000002,-7.568,1,59,0.0399,184.896,0.878,2
0.611,0.633,276840,0.856,0,1.12e-06,0,0.125,-6.0760000000000005,1,31,0.0419,102.746,0.815,4
0.987,0.318,209013,0.152,0,0.8759999999999999,3,0.106,-19.607,1,0,0.0429,76.319,0.233,9
0.337,0.721,307200,0.5920000000000001,0,2.42e-06,11,0.5529999999999999,-8.138,1,34,0.0458,150.275,0.899,3
0.371,0.753,248387,0.39,0,0.0008150000000000001,6,0.125,-7.294,0,55,0.0403,136.747,0.374,1
0.991,0.381,187524,0.277,0,0.000941,0,0.348,-15.321,1,9,0.0543,89.745,0.7290000000000001,7
0.00474,0.415,337227,0.851,0,0.00632,6,0.368,-5.425,1,50,0.0611,125.961,0.7959999999999999,5
0.135,0.64,271067,0.926,0,2.04e-06,3,0.134,-5.597,1,67,0.0322,131.997,0.901,4
0.000362,0.517,168840,0.758,1,0.723,9,0.332,-10.457,1,42,0.0363,130.708,0.705,3
0.98,0.608,179018,0.213,0,0.134,8,0.3,-9.05,0,0,0.0638,72.25399999999998,0.69,8
0.192,0.713,212947,0.462,1,2.16e-06,7,0.105,-10.027,1,64,0.123,133.054,0.0595,1
0.0372,0.664,228907,0.8390000000000001,0,0.000317,5,0.103,-2.619,1,44,0.034,120.942,0.949,2
0.0796,0.88,225600,0.564,0,0.0,1,0.0565,-6.431,1,64,0.0498,99.019,0.83,2
0.983,0.378,152213,0.547,0,0.000983,3,0.49,-4.655,1,0,0.0315,84.344,0.902,8
0.00515,0.629,270453,0.963,0,0.0,0,0.262,-3.889,1,58,0.112,90.015,0.528,1
0.0269,0.614,196506,0.823,0,0.0,1,0.0783,-3.48,1,72,0.062,139.94799999999998,0.539,1
0.903,0.696,192240,0.248,0,0.001,1,0.114,-12.103,1,13,0.0437,105.631,0.799,9
0.0075200000000000015,0.213,307853,0.985,0,0.008579999999999999,5,0.98,-5.282,0,30,0.0927,99.27,0.0391,4
0.208,0.852,292760,0.742,0,0.0157,4,0.172,-5.727,1,59,0.036000000000000004,117.978,0.942,3
0.974,0.721,178493,0.344,0,0.639,1,0.08199999999999999,-7.14,1,0,0.19,119.897,0.6779999999999999,9
0.887,0.5589999999999999,190430,0.157,0,0.0,1,0.107,-10.132,1,69,0.0414,130.877,0.348,1
0.679,0.4970000000000001,195867,0.552,0,0.0314,9,0.08900000000000001,-7.102,0,62,0.0307,124.359,0.633,2
0.0529,0.7609999999999999,202213,0.643,0,0.102,9,0.0887,-8.078,1,60,0.142,93.991,0.61,1
0.555,0.645,266733,0.42,0,0.0,10,0.125,-10.09,1,58,0.0624,129.084,0.583,5
0.526,0.625,192427,0.523,0,0.0564,1,0.252,-14.647,0,54,0.0311,148.03,0.723,3
0.000828,0.423,268760,0.905,0,0.428,7,0.0893,-6.4270000000000005,1,26,0.0898,85.1,0.622,5
0.615,0.348,644467,0.63,0,0.402,2,0.159,-10.103,0,43,0.0541,85.404,0.392,5
0.843,0.8059999999999999,192210,0.16699999999999998,0,0.0,2,0.413,-10.929,0,3,0.0441,115.419,0.675,8
0.0647,0.73,144467,0.493,0,0.0,4,0.162,-15.859000000000002,1,24,0.0371,122.506,0.765,4
0.213,0.597,302867,0.87,0,0.00809,11,0.241,-10.044,1,54,0.0487,179.937,0.904,4
0.284,0.778,218093,0.8240000000000001,0,0.0,10,0.405,-5.892,0,82,0.0712,100.024,0.7559999999999999,2
0.154,0.438,174907,0.461,0,0.0,9,0.0529,-9.338,1,40,0.0382,116.028,0.31,6
0.317,0.7,254467,0.261,0,0.000233,0,0.0443,-16.95,1,33,0.0315,112.443,0.5479999999999999,3
0.991,0.5429999999999999,192867,0.396,0,0.0,4,0.389,-12.732,1,0,0.0681,137.286,0.906,10
0.208,0.653,183600,0.469,0,0.0,9,0.275,-12.662,1,38,0.0454,114.052,0.879,3
0.981,0.468,251573,0.523,0,0.00587,3,0.16699999999999998,-13.049,1,0,0.731,89.255,0.56,9
0.924,0.21,414440,0.0725,0,0.188,1,0.281,-21.712,1,0,0.0366,93.92,0.0373,8
0.42,0.5720000000000001,401413,0.83,0,0.593,9,0.0787,-5.841,0,23,0.048,86.554,0.6679999999999999,4
0.953,0.335,306160,0.0534,0,0.642,7,0.0842,-15.216,0,42,0.0373,81.36399999999998,0.255,3
0.4320000000000001,0.5760000000000001,129333,0.3670000000000001,0,2.24e-06,1,0.124,-14.785,1,50,0.03,108.446,0.77,2
0.191,0.537,222093,0.68,0,0.00175,4,0.0889,-4.297,1,71,0.0333,121.989,0.0889,0
0.76,0.506,183711,0.294,0,0.894,8,0.094,-20.933000000000003,1,0,0.0561,86.302,0.113,9
0.00435,0.608,246533,0.669,0,0.0109,1,0.337,-10.834,0,31,0.335,202.062,0.679,3
0.772,0.486,249242,0.302,0,0.0,2,0.073,-10.72,1,63,0.0332,79.258,0.45,1
0.981,0.281,183760,0.227,0,0.0671,2,0.321,-15.812,0,0,0.0455,74.16199999999998,0.213,9
0.926,0.5,170400,0.299,0,0.838,2,0.368,-9.251,1,0,0.0405,124.545,0.5479999999999999,8
0.496,0.618,194920,0.925,0,0.0,5,0.0405,-5.954,1,43,0.0502,162.709,0.97,4
0.0499,0.703,350219,0.443,0,0.0,0,0.338,-9.601,0,63,0.0862,136.64700000000002,0.3670000000000001,1
0.253,0.684,367107,0.284,0,0.0,10,0.204,-16.29,0,13,0.943,101.003,0.511,8
0.8909999999999999,0.171,183133,0.165,0,0.897,4,0.0878,-18.981,1,12,0.0324,86.762,0.0533,7
0.0651,0.787,150857,0.752,1,0.0,2,0.108,-5.292999999999998,1,63,0.105,140.04,0.199,1
0.0548,0.867,179507,0.578,0,1.48e-06,3,0.0651,-6.329,1,65,0.0334,107.278,0.84,3
0.219,0.8420000000000001,286467,0.405,1,0.0,1,0.368,-9.504,1,45,0.628,91.972,0.8240000000000001,2
0.0169,0.74,207039,0.498,0,0.00282,11,0.319,-6.684,0,73,0.0456,98.016,0.652,1
0.154,0.732,114400,0.181,1,2.45e-06,1,0.0894,-18.113,1,0,0.925,98.858,0.528,8
0.94,0.18,263093,0.282,0,0.194,5,0.462,-11.964,1,0,0.0404,177.78799999999995,0.113,7
0.106,0.705,229600,0.423,0,0.0,0,0.209,-5.855,1,52,0.0451,123.431,0.466,2
0.422,0.469,118960,0.852,0,2.68e-06,2,0.474,-10.821,1,50,0.0446,113.616,0.344,4
0.0658,0.866,272200,0.914,1,1.16e-05,2,0.135,-2.335,1,42,0.253,98.958,0.782,2
6.01e-06,0.369,271920,0.89,0,0.26,8,0.17800000000000002,-6.192,1,45,0.0516,84.94,0.5820000000000001,2
0.4970000000000001,0.902,227867,0.5529999999999999,0,0.0,2,0.194,-9.419,1,27,0.14300000000000002,124.874,0.841,4
0.794,0.6920000000000001,283547,0.177,0,0.0,2,0.18600000000000005,-19.023,1,0,0.96,82.89200000000002,0.463,9
0.199,0.726,225040,0.636,1,0.0,7,0.111,-3.615,1,68,0.0496,111.097,0.362,1
0.6679999999999999,0.502,201600,0.433,0,0.002,8,0.16699999999999998,-14.619000000000002,0,39,0.0339,103.467,0.5660000000000001,3
0.268,0.858,175320,0.6659999999999999,0,1.99e-05,0,0.111,-9.312,1,37,0.107,96.605,0.85,5
0.736,0.377,246160,0.197,0,0.00406,1,0.0943,-15.368,1,50,0.0515,68.73899999999999,0.243,6
0.945,0.482,246200,0.301,0,0.000192,10,0.101,-7.871,1,33,0.0354,113.044,0.568,5
0.231,0.4920000000000001,147893,0.6659999999999999,0,5.69e-05,9,0.0469,-9.743,0,46,0.0351,140.829,0.6990000000000001,6
0.994,0.473,186840,0.123,0,0.935,0,0.139,-19.172,0,3,0.0445,140.987,0.152,7
0.0751,0.316,122707,0.665,0,0.083,11,0.134,-12.488,0,50,0.0899,202.582,0.96,5
0.768,0.561,152960,0.146,0,0.0,9,0.133,-16.392,0,22,0.121,132.275,0.406,6
0.602,0.466,222240,0.5489999999999999,0,1.67e-05,2,0.213,-7.54,1,52,0.0344,79.438,0.547,2
0.238,0.843,256693,0.804,1,0.0,0,0.31,-3.839,1,60,0.326,95.155,0.809,2
0.977,0.503,225687,0.202,0,0.000103,7,0.598,-10.861,1,0,0.14400000000000002,130.122,0.701,9
0.00168,0.634,349507,0.84,0,0.0237,6,0.207,-5.933,1,64,0.0351,97.998,0.393,3
0.984,0.424,135453,0.26,0,0.856,3,0.17,-16.102,1,0,0.0784,104.07,0.5529999999999999,8
0.6629999999999999,0.596,156787,0.7509999999999999,0,3.15e-06,2,0.452,-4.678,1,15,0.035,131.41899999999998,0.963,6
0.0336,0.943,215423,0.544,1,0.0,10,0.0954,-6.2920000000000025,0,61,0.0642,133.012,0.515,1
0.79,0.431,221760,0.515,0,1.42e-05,1,0.562,-9.594,1,5,0.07400000000000001,78.613,0.7090000000000001,7
0.7490000000000001,0.343,182667,0.136,0,0.0,5,0.261,-15.142,1,26,0.0385,70.937,0.59,8
0.657,0.654,131573,0.722,0,0.0005009999999999999,9,0.385,-10.671,1,11,0.0439,110.643,0.614,7
0.657,0.568,440667,0.545,0,0.00273,11,0.151,-8.984,1,31,0.073,79.843,0.768,5
0.00215,0.157,115964,0.985,0,0.0,2,0.123,-3.031,0,34,0.0696,193.817,0.528,4
0.632,0.474,120600,0.361,0,9.8e-05,0,0.13,-17.653,1,22,0.0899,174.368,0.6409999999999999,6
0.898,0.59,194467,0.16899999999999998,0,0.00141,0,0.0971,-15.725,1,3,0.0828,107.852,0.5379999999999999,10
0.992,0.468,158973,0.0184,0,0.912,10,0.103,-27.785,1,0,0.0447,59.38,0.235,10
0.983,0.5529999999999999,357000,0.0745,0,0.915,7,0.0983,-19.518,1,19,0.0497,144.045,0.244,7
0.994,0.517,95360,0.026,0,0.887,0,0.106,-24.385,1,0,0.0611,110.876,0.307,8
0.982,0.7,183641,0.419,0,0.0019,7,0.117,-11.316,1,0,0.16,149.562,0.949,8
0.988,0.417,36440,0.0667,0,0.7859999999999999,2,0.128,-25.841,0,44,0.0407,133.094,0.0536,2
0.8290000000000001,0.623,159787,0.132,0,8.740000000000001e-05,0,0.193,-11.084,1,35,0.0377,96.261,0.181,6
0.706,0.655,61627,0.188,0,0.0,6,0.218,-26.753,1,34,0.925,65.529,0.223,5
0.0263,0.314,309640,0.959,0,0.000148,4,0.161,-4.657,0,53,0.0908,154.221,0.4920000000000001,4
0.991,0.23,199907,0.133,0,0.0342,9,0.187,-17.03,1,14,0.0464,80.433,0.0671,7
0.848,0.611,185667,0.34,0,5.4899999999999986e-05,2,0.174,-8.97,1,8,0.0537,97.188,0.799,6
0.32,0.7020000000000001,78200,0.826,1,0.000227,3,0.355,-6.4979999999999976,1,59,0.0529,80.014,0.329,1
0.976,0.8140000000000001,156400,0.147,0,0.0007030000000000001,7,0.328,-16.292,1,0,0.112,136.79399999999998,0.961,9
0.956,0.414,329275,0.5479999999999999,0,0.038,3,0.119,-9.1,0,27,0.0936,80.407,0.586,6
5.83e-05,0.387,227400,0.8859999999999999,0,0.275,4,0.219,-6.981,1,55,0.0617,176.426,0.757,2
0.32,0.631,186000,0.755,0,0.00481,9,0.29600000000000004,-4.534,1,44,0.0311,124.958,0.531,2
0.882,0.465,329160,0.191,0,0.0234,5,0.118,-11.29,0,6,0.0337,131.55,0.162,7
0.374,0.257,175960,0.469,0,0.0,5,0.5379999999999999,-12.188,1,28,0.0301,173.50400000000005,0.7659999999999999,6
0.8690000000000001,0.415,185667,0.282,0,0.036000000000000004,9,0.0902,-11.833,1,28,0.0279,100.407,0.206,6
0.8959999999999999,0.615,122707,0.0568,0,0.0967,3,0.114,-19.197,1,61,0.0434,176.18400000000003,0.35700000000000004,2
0.765,0.409,437133,0.404,0,0.000306,2,0.39,-10.294,1,0,0.0468,111.411,0.569,7
0.992,0.34,42253,0.285,0,0.905,2,0.156,-19.857,1,14,0.0522,128.14700000000002,0.0935,8
0.43,0.56,434053,0.4370000000000001,0,0.00222,4,0.0885,-9.978,0,50,0.034,154.884,0.365,3
0.218,0.561,207773,0.73,0,4.38e-05,7,0.505,-9.503,1,25,0.0294,75.257,0.932,4
0.795,0.7809999999999999,194253,0.259,0,0.0,7,0.0993,-9.204,1,49,0.0323,111.9,0.331,1
0.0313,0.583,307200,0.76,0,0.000179,9,0.192,-7.5379999999999985,1,32,0.0317,122.007,0.506,3
0.868,0.654,154173,0.208,0,0.899,2,0.108,-19.584,1,42,0.0435,89.258,0.448,3
0.000211,0.716,250507,0.585,0,0.0341,6,0.197,-9.441,0,54,0.0382,105.431,0.406,4
0.7090000000000001,0.516,249652,0.5760000000000001,0,0.226,6,0.11,-7.197,0,0,0.0303,123.853,0.752,10
0.35100000000000003,0.807,195213,0.7829999999999999,1,0.0,5,0.14,-3.115,1,66,0.0965,127.996,0.5920000000000001,1
0.952,0.69,158851,0.5589999999999999,0,3.73e-05,2,0.103,-11.393,1,9,0.473,88.536,0.823,8
0.989,0.35600000000000004,128200,0.0893,0,0.901,7,0.0941,-20.655,0,0,0.0633,74.932,0.101,10
0.94,0.397,342533,0.151,0,0.0,5,0.8190000000000001,-18.755,1,18,0.0389,114.403,0.36,6
0.91,0.274,139467,0.16399999999999998,0,3.52e-06,4,0.0961,-15.755,0,23,0.0301,81.332,0.236,6
0.846,0.593,237589,0.302,0,0.0061600000000000005,4,0.0971,-10.255999999999998,1,47,0.0254,74.59100000000002,0.328,5
0.276,0.32299999999999995,192187,0.518,0,0.00101,4,0.0972,-9.297,0,40,0.0378,89.863,0.218,6
0.66,0.6609999999999999,134452,0.334,0,0.0,10,0.115,-11.75,1,5,0.0664,125.634,0.884,8
0.9,0.636,222467,0.578,0,0.000266,7,0.603,-12.65,1,11,0.129,130.774,0.7829999999999999,7
0.133,0.511,282827,0.763,1,0.0,7,0.182,-4.8439999999999985,1,43,0.467,186.702,0.603,3
0.897,0.45,299040,0.21,0,0.8540000000000001,7,0.0734,-18.862,1,50,0.0361,100.909,0.189,3
0.0149,0.452,268840,0.614,0,0.000252,5,0.13699999999999998,-9.776,1,38,0.0343,185.688,0.74,4
0.0354,0.503,200040,0.917,0,0.0,8,0.28,-3.595,1,67,0.055,168.018,0.79,1
0.00223,0.454,263120,0.614,0,1.16e-05,11,0.0936,-10.41,1,56,0.0302,140.56,0.343,3
0.932,0.539,351733,0.147,0,0.855,8,0.206,-17.206,1,19,0.0503,113.784,0.202,7
0.792,0.495,291560,0.269,0,3.91e-06,9,0.307,-14.086,1,40,0.028,77.685,0.232,5
0.948,0.552,78360,0.172,0,0.13,4,0.32299999999999995,-23.128,1,0,0.0523,111.65,0.5,7
0.00451,0.61,254107,0.861,1,0.0,7,0.205,-8.568,1,40,0.105,153.547,0.8,3
0.0184,0.495,239733,0.7040000000000001,0,0.0,9,0.19,-5.26,1,45,0.0331,174.05599999999995,0.407,3
0.987,0.279,205227,0.244,0,0.0005639999999999999,2,0.298,-11.777,1,0,0.0312,63.665,0.14400000000000002,7
0.358,0.573,169467,0.6659999999999999,0,0.000213,7,0.327,-10.133,0,1,0.0906,130.579,0.746,8
0.9,0.348,282080,0.313,0,0.00932,7,0.14400000000000002,-14.861,1,3,0.0343,118.151,0.2,7
0.85,0.674,312920,0.669,0,0.931,6,0.234,-10.059,0,46,0.0347,112.016,0.913,2
0.237,0.7340000000000001,194452,0.703,1,1.99e-06,11,0.413,-6.256,1,67,0.355,151.923,0.608,0
0.6609999999999999,0.675,282973,0.5820000000000001,0,5.56e-06,9,0.0854,-8.891,1,55,0.0277,120.991,0.5379999999999999,2
0.994,0.41,197653,0.16899999999999998,0,0.901,2,0.113,-18.862,1,0,0.0391,93.89,0.55,8
0.0007480000000000001,0.341,110560,0.972,0,0.00821,9,0.18,-6.5070000000000014,1,35,0.152,178.792,0.388,4
0.13,0.706,210333,0.459,0,0.0007480000000000001,11,0.0402,-12.284,1,21,0.078,99.37,0.961,4
0.0679,0.27,218373,0.535,0,0.00225,9,0.14300000000000002,-8.673,0,48,0.0329,194.625,0.336,4
0.743,0.428,245133,0.34600000000000003,0,0.911,0,0.134,-14.561,1,11,0.037000000000000005,124.572,0.504,6
0.992,0.416,266747,0.0186,0,0.925,1,0.0908,-24.175,0,0,0.0564,133.98,0.181,10
0.0108,0.451,227960,0.55,0,0.0,1,0.0737,-8.137,1,76,0.262,80.001,0.594,2
0.8690000000000001,0.149,158760,0.209,0,0.775,0,0.0826,-16.828,1,48,0.0446,74.035,0.0596,1
0.989,0.607,182333,0.366,0,0.894,0,0.151,-13.925999999999998,1,12,0.041,149.115,0.89,10
0.964,0.4370000000000001,291453,0.338,0,0.00706,7,0.47,-10.077,1,29,0.0435,109.009,0.74,7
0.133,0.7859999999999999,197082,0.8690000000000001,0,7.32e-06,1,0.0948,-4.763,1,65,0.0692,123.054,0.409,0
0.957,0.727,118674,0.303,0,0.000248,5,0.257,-11.282,0,0,0.238,121.425,0.631,8
0.487,0.578,181093,0.114,0,0.0,0,0.102,-19.965,1,19,0.0355,72.105,0.619,6
0.2,0.552,219560,0.737,0,0.0,3,0.106,-4.185,1,44,0.0244,136.22299999999998,0.49,2
0.16899999999999998,0.8959999999999999,212093,0.72,1,0.0,0,0.252,-6.2620000000000005,0,79,0.355,140.1,0.966,0
0.995,0.534,176067,0.166,0,0.0,5,0.139,-15.402,1,0,0.0719,129.39600000000002,0.727,10
0.955,0.403,157373,0.232,0,0.00178,10,0.219,-19.671,1,5,0.0753,91.751,0.443,7
0.975,0.466,182784,0.194,0,0.0030800000000000003,7,0.154,-13.380999999999998,1,0,0.0316,67.242,0.235,8
0.6890000000000001,0.639,298827,0.637,0,0.000394,1,0.102,-6.9170000000000025,0,43,0.0642,171.96,0.601,2
0.0212,0.604,187253,0.894,0,0.0,2,0.0299,-5.0,1,64,0.037000000000000005,145.017,0.901,1
0.908,0.495,203407,0.295,0,0.0013,7,0.19,-12.422,1,60,0.0407,125.767,0.272,5
0.00548,0.8370000000000001,168773,0.7809999999999999,1,0.00394,11,0.134,-3.798,1,54,0.171,100.512,0.763,2
0.994,0.3,214893,0.464,0,0.898,0,0.129,-8.095,1,0,0.0515,80.22,0.418,8
0.0282,0.64,223840,0.459,0,0.297,9,0.197,-13.294,0,27,0.0355,122.82,0.769,5
0.8320000000000001,0.229,243600,0.366,0,2.26e-06,5,0.28,-11.363,0,19,0.0335,79.765,0.171,7
0.332,0.795,427773,0.643,0,0.125,10,0.106,-12.183,1,28,0.0371,113.372,0.957,4
0.258,0.615,160160,0.29100000000000004,0,0.000917,2,0.519,-19.48,1,38,0.0317,129.36700000000002,0.8809999999999999,6
0.491,0.63,245933,0.173,0,3.31e-06,7,0.106,-16.819000000000006,1,24,0.0424,89.12799999999999,0.227,5
0.0131,0.502,210840,0.984,0,0.0,7,0.659,-4.649,1,36,0.0574,94.872,0.773,3
0.00392,0.489,287267,0.8270000000000001,0,0.000252,9,0.131,-12.639,1,31,0.0456,168.822,0.54,4
0.00116,0.462,251840,0.95,1,0.0,11,0.268,-3.94,1,43,0.0705,134.089,0.252,2
0.0102,0.6829999999999999,252173,0.653,0,2.78e-05,0,0.235,-12.812,1,30,0.0321,117.847,0.57,4
0.000115,0.6459999999999999,301427,0.8809999999999999,1,0.00042,5,0.727,-5.407,1,46,0.131,111.275,0.359,4
0.101,0.7090000000000001,274720,0.8370000000000001,0,0.511,7,0.114,-7.273,1,44,0.0779,125.485,0.502,3
0.779,0.287,190587,0.436,0,0.00041500000000000017,4,0.187,-9.321,0,7,0.0326,95.038,0.413,6
0.000269,0.425,247173,0.928,0,0.000131,3,0.26,-5.973,0,36,0.054000000000000006,143.167,0.6459999999999999,4
0.8759999999999999,0.631,299107,0.515,0,0.0,4,0.154,-10.344,1,31,0.35100000000000003,72.988,0.785,4
0.128,0.726,151615,0.597,1,0.0326,7,0.131,-8.574,1,56,0.145,83.021,0.3670000000000001,1
0.989,0.303,346533,0.0614,0,0.716,3,0.205,-19.401,1,2,0.0389,172.503,0.368,7
0.87,0.703,99344,0.309,0,0.833,7,0.116,-15.779000000000002,1,0,0.0742,116.547,0.464,8
0.512,0.259,189067,0.473,0,1.5e-06,6,0.4,-10.187,1,56,0.0324,84.897,0.232,5
0.0925,0.412,321373,0.917,0,0.0143,9,0.24,-7.0360000000000005,0,51,0.0525,136.85,0.313,2
0.141,0.7709999999999999,161333,0.475,0,0.0,0,0.0555,-9.354,1,46,0.0301,143.16899999999995,0.774,4
0.32,0.816,181160,0.218,0,0.0,7,0.0846,-12.286,1,31,0.159,132.619,0.434,6
0.127,0.727,201240,0.611,0,0.00256,9,0.361,-11.007,1,44,0.0585,131.869,0.8290000000000001,4
0.0553,0.693,250419,0.611,0,0.0,0,0.209,-9.72,1,29,0.0294,97.963,0.649,6
0.431,0.484,204280,0.731,0,0.0,1,0.151,-6.694,1,49,0.0379,101.654,0.51,1
0.00884,0.5920000000000001,210507,0.868,0,0.0,11,0.14400000000000002,-2.983,1,50,0.0679,109.985,0.815,1
0.593,0.5820000000000001,196000,0.679,0,2.48e-05,0,0.14,-5.268,1,38,0.0298,116.155,0.7909999999999999,2
0.344,0.33,192853,0.855,0,0.184,2,0.0808,-7.194,1,28,0.0447,177.90099999999995,0.961,5
8.29e-06,0.369,150587,0.8390000000000001,0,0.74,0,0.187,-8.689,1,31,0.0556,155.846,0.6609999999999999,3
0.934,0.655,160200,0.304,0,7.25e-06,7,0.105,-9.06,1,29,0.032,129.154,0.54,3
0.15,0.779,194873,0.6609999999999999,1,0.0,9,0.0895,-7.175,0,65,0.0966,120.048,0.306,1
0.8290000000000001,0.396,213440,0.29,0,0.488,8,0.105,-16.699,1,14,0.0379,86.74700000000001,0.354,7
0.184,0.7070000000000001,243627,0.6829999999999999,0,0.00108,0,0.108,-8.728,1,55,0.0683,116.009,0.5670000000000001,2
0.591,0.6940000000000001,225600,0.555,0,2.54e-06,11,0.0991,-10.624,0,45,0.0347,129.136,0.521,3
0.163,0.632,197213,0.6829999999999999,0,0.00013000000000000002,7,0.847,-6.434,1,71,0.0383,105.955,0.701,5
0.455,0.382,172467,0.211,0,0.0,0,0.194,-16.284000000000002,1,27,0.0694,143.27,0.334,6
0.975,0.308,136000,0.305,0,0.421,11,0.115,-12.934,1,1,0.0349,186.403,0.625,8
0.0399,0.508,276773,0.507,0,8.41e-06,1,0.943,-8.046,1,51,0.0257,166.46900000000005,0.227,3
0.693,0.632,119707,0.303,0,0.0,7,0.536,-8.854,1,0,0.0548,108.967,0.5489999999999999,8
0.9,0.257,151480,0.109,0,0.867,7,0.0762,-21.356,1,63,0.0597,75.02,0.307,4
0.177,0.57,208222,0.672,0,0.0,8,0.0768,-5.89,0,86,0.0723,120.019,0.448,0
0.0139,0.5329999999999999,221730,0.924,0,0.0,2,0.487,-2.697,1,59,0.154,174.002,0.7559999999999999,1
0.596,0.542,234667,0.201,0,0.00162,9,0.0776,-10.965,1,21,0.0371,121.923,0.134,4
0.0772,0.733,241133,0.7440000000000001,0,0.0,1,0.341,-3.51,1,58,0.0553,92.515,0.529,2
1.4e-05,0.324,344440,0.893,0,0.000245,0,0.0775,-3.159,1,32,0.0441,137.99,0.403,3
0.0228,0.488,243347,0.877,0,0.0,2,0.28600000000000003,-5.5870000000000015,1,50,0.124,185.91,0.67,2
0.371,0.363,179800,0.602,0,0.0,0,0.105,-9.015,1,28,0.0293,184.525,0.81,5
0.312,0.685,137960,0.4970000000000001,0,0.0,1,0.0898,-6.882999999999999,1,23,0.0425,122.627,0.677,6
0.00643,0.412,210707,0.7659999999999999,0,0.00216,2,0.0808,-8.554,1,27,0.0329,116.232,0.725,5
0.6779999999999999,0.672,294053,0.435,0,0.0,7,0.177,-9.043,1,53,0.0443,111.927,0.619,3
0.936,0.521,99680,0.285,1,0.000168,5,0.115,-14.619000000000002,0,46,0.105,64.825,0.157,1
0.568,0.8590000000000001,148440,0.882,0,0.85,9,0.0587,-5.98,0,0,0.0393,131.124,0.977,8
0.901,0.522,174093,0.332,0,0.0,6,0.305,-10.607,0,3,0.0535,181.593,0.713,9
0.983,0.7809999999999999,193000,0.303,0,0.0821,10,0.0582,-9.205,1,5,0.0417,110.684,0.923,10
0.183,0.647,159600,0.447,0,0.0452,2,0.0958,-14.229,1,37,0.045,113.257,0.792,5
0.158,0.662,180952,0.614,0,0.00019,4,0.126,-9.621,1,66,0.204,160.06799999999996,0.616,1
0.424,0.5770000000000001,212827,0.447,0,0.00065,2,0.0837,-16.187,0,38,0.0412,84.476,0.675,5
0.182,0.828,233360,0.792,1,0.0,10,0.281,-5.435,0,57,0.179,134.19899999999998,0.777,2
0.000945,0.54,115213,0.8809999999999999,0,2.78e-05,2,0.313,-4.43,1,27,0.0316,90.126,0.7,5
0.0154,0.797,236520,0.502,0,0.0,10,0.1,-3.925,0,54,0.0968,106.997,0.385,2
0.182,0.6729999999999999,204069,0.619,1,0.0,4,0.119,-3.766,0,54,0.0692,155.916,0.325,1
0.6659999999999999,0.8490000000000001,249040,0.248,0,0.0,1,0.482,-10.957,1,39,0.417,124.786,0.6940000000000001,2
0.682,0.42,119427,0.247,0,0.0,7,0.0969,-11.38,1,30,0.0335,163.263,0.74,7
0.474,0.9,257373,0.69,1,0.0,10,0.207,-7.697999999999999,0,42,0.262,98.463,0.66,3
0.417,0.693,183133,0.454,0,0.000315,10,0.156,-10.275,0,47,0.03,112.214,0.914,3
0.234,0.855,255133,0.847,0,0.00062,2,0.345,-9.019,1,65,0.042,122.644,0.89,4
0.362,0.616,196933,0.34700000000000003,0,0.0,4,0.0971,-13.521,1,39,0.128,108.18,0.276,5
0.995,0.526,218333,0.0231,0,0.163,9,0.118,-20.199,1,23,0.0438,120.868,0.327,7
0.833,0.602,145733,0.331,0,0.0,7,0.471,-9.546,1,32,0.0306,110.476,0.7,6
0.787,0.443,251627,0.405,0,1.73e-06,5,0.134,-10.183,1,6,0.174,178.08900000000003,0.813,7
0.308,0.467,278720,0.7170000000000001,0,0.107,2,0.6459999999999999,-8.568999999999999,1,43,0.0328,132.661,0.83,5
0.0405,0.625,415467,0.524,0,0.927,1,0.122,-10.965,1,46,0.046,125.348,0.516,3
0.574,0.482,149333,0.615,0,7.96e-06,4,0.795,-7.0470000000000015,1,40,0.0468,83.117,0.932,2
0.418,0.579,185333,0.49,0,0.0071,1,0.0813,-14.239,1,4,0.0721,123.023,0.581,7
0.0229,0.527,188560,0.871,0,0.155,4,0.419,-8.708,1,61,0.0354,120.722,0.107,6
0.00031800000000000003,0.5539999999999999,374453,0.949,1,9.98e-05,2,0.2,-4.928,1,71,0.0787,129.984,0.233,1
0.797,0.81,161733,0.71,0,0.0,8,0.311,-7.612999999999999,1,16,0.0768,113.009,0.96,7
0.51,0.5920000000000001,147467,0.595,0,0.0,5,0.106,-4.517,0,39,0.0297,106.646,0.58,6
0.921,0.448,269880,0.34,0,2.58e-05,11,0.229,-9.618,1,30,0.0458,88.449,0.26,4
0.98,0.419,281573,0.267,0,0.8590000000000001,0,0.109,-16.859,1,0,0.0514,118.875,0.44,7
0.0435,0.527,208067,0.6709999999999999,0,1.74e-05,2,0.125,-3.945,1,68,0.0355,112.934,0.581,1
0.117,0.449,229533,0.8109999999999999,0,2.28e-05,2,0.0393,-8.17,1,44,0.0458,124.594,0.736,6
1.26e-05,0.254,196573,0.959,0,7.31e-06,9,0.483,-3.447,1,56,0.0672,186.438,0.525,2
0.00655,0.51,228627,0.721,1,1.82e-06,2,0.0362,-6.97,1,39,0.413,92.163,0.416,2
0.693,0.7829999999999999,149840,0.435,0,9.08e-06,8,0.103,-8.849,0,14,0.0404,118.938,0.8590000000000001,7
0.394,0.626,204400,0.542,0,0.0174,4,0.141,-9.905,1,43,0.0265,104.008,0.965,5
0.477,0.32299999999999995,400800,0.34,0,6.670000000000001e-05,9,0.622,-11.013,1,47,0.0308,135.842,0.0983,2
0.275,0.933,210480,0.757,0,0.0531,9,0.073,-12.105,0,39,0.0398,121.126,0.968,5
0.944,0.623,196123,0.276,0,6e-05,5,0.122,-18.106,1,0,0.88,76.365,0.665,9
0.916,0.475,113006,0.0994,0,0.0,0,0.125,-16.212,1,0,0.0423,84.02,0.384,9
0.961,0.376,2135472,0.271,0,0.00647,11,0.961,-14.784,0,5,0.0449,116.651,0.304,8
0.0017399999999999998,0.435,294320,0.72,0,5.72e-06,2,0.242,-4.266,1,59,0.0377,77.868,0.0566,1
0.000968,0.516,161067,0.5710000000000001,0,0.0,11,0.117,-14.189,0,37,0.0353,148.931,0.795,5
0.984,0.561,168520,0.0647,0,1.88e-06,4,0.123,-14.839,0,8,0.0484,96.499,0.362,9
0.964,0.423,174498,0.313,0,0.00442,2,0.3670000000000001,-10.286,0,0,0.0594,136.74200000000002,0.49,9
0.722,0.419,177160,0.516,0,0.0,5,0.563,-8.152000000000001,1,32,0.0297,172.476,0.769,6
0.248,0.7290000000000001,199387,0.406,0,0.0,8,0.114,-9.388,1,61,0.0533,127.954,0.177,1
0.0959,0.655,190643,0.603,0,0.0,8,0.107,-5.0139999999999985,1,63,0.0555,126.088,0.452,1
0.0525,0.337,430093,0.7,0,0.00398,2,0.376,-6.409,1,29,0.0278,101.427,0.364,5
0.964,0.47,109387,0.032,0,6.17e-06,9,0.14800000000000002,-18.036,0,11,0.0419,108.802,0.333,7
0.7040000000000001,0.575,296560,0.173,0,0.00157,5,0.123,-17.452,1,26,0.0365,139.567,0.444,5
0.191,0.293,386360,0.6920000000000001,0,5.26e-06,9,0.0902,-5.242000000000001,1,45,0.0582,182.352,0.508,5
0.0126,0.391,148360,0.951,0,0.000378,6,0.0878,-7.419,1,75,0.0692,157.66,0.468,3
0.968,0.573,115827,0.235,0,0.0198,2,0.105,-16.982,1,38,0.0426,79.578,0.8340000000000001,7
0.909,0.684,230560,0.0716,0,0.8959999999999999,7,0.0954,-16.599,1,42,0.0615,75.741,0.118,1
0.0437,0.7909999999999999,219800,0.302,0,0.0,10,0.28,-16.102999999999998,1,45,0.194,147.093,0.96,4
3.04e-05,0.5529999999999999,273427,0.601,0,2.1e-06,9,0.0916,-7.249,1,40,0.0265,76.335,0.682,3
0.46,0.395,170933,0.439,0,0.0,1,0.158,-8.535,0,13,0.038,168.085,0.7190000000000001,6
0.956,0.424,191827,0.527,0,0.007890000000000001,9,0.0706,-7.058,1,0,0.043,99.637,0.797,8
0.177,0.682,297427,0.92,1,0.00158,10,0.0443,-1.544,1,58,0.278,82.228,0.835,3
0.0232,0.7340000000000001,149145,0.693,0,0.0,2,0.225,-6.227,0,65,0.056,78.005,0.332,1
0.0387,0.6729999999999999,221840,0.695,1,0.00206,6,0.194,-8.636000000000001,0,72,0.278,151.468,0.774,2
0.846,0.657,146387,0.396,0,0.008190000000000001,4,0.5710000000000001,-15.26,1,5,0.267,96.675,0.652,7
0.0203,0.55,217425,0.6559999999999999,0,0.0043,6,0.106,-6.065,1,54,0.0293,144.127,0.25,1
0.938,0.505,135440,0.647,0,0.0,7,0.684,-6.794,1,22,0.172,136.45,0.718,6
0.62,0.494,260627,0.765,0,0.491,2,0.229,-11.788,1,32,0.0592,153.144,0.63,5
0.779,0.569,136120,0.618,0,1.64e-06,4,0.253,-12.861,1,1,0.0294,97.859,0.8440000000000001,7
0.928,0.715,227107,0.155,0,0.0,3,0.212,-19.472,1,22,0.0628,125.952,0.89,6
0.117,0.304,215653,0.6729999999999999,0,4.29e-05,4,0.319,-9.395,1,0,0.0329,157.936,0.419,7
0.339,0.691,237627,0.8420000000000001,0,0.0306,9,0.048,-5.272,1,45,0.0363,126.318,0.878,2
0.000156,0.516,137813,0.743,0,0.000409,1,0.0506,-9.285,0,29,0.0415,136.499,0.615,3
0.979,0.605,234267,0.253,0,7.99e-05,1,0.335,-15.247,1,0,0.92,84.705,0.532,7
0.000182,0.516,242293,0.942,0,0.464,2,0.116,-4.113,1,57,0.036000000000000004,95.996,0.964,1
0.754,0.6559999999999999,145133,0.327,0,0.0,8,0.349,-9.45,1,28,0.0379,64.961,0.8,7
0.9,0.389,141200,0.266,0,0.0,5,0.11,-11.791,1,36,0.0346,102.833,0.615,6
0.858,0.379,257693,0.368,0,3.76e-05,6,0.29600000000000004,-13.12,0,43,0.0326,133.361,0.341,2
0.214,0.6970000000000001,239293,0.691,0,0.0,2,0.185,-4.757,1,74,0.146,137.85299999999998,0.305,1
0.6859999999999999,0.521,221533,0.48,0,0.0,0,0.189,-11.309,1,32,0.0334,202.014,0.648,4
0.104,0.612,211680,0.7609999999999999,0,0.0002,2,0.122,-5.9289999999999985,1,41,0.0283,130.707,0.838,5
0.0007650000000000001,0.47,238827,0.938,1,0.00353,11,0.0619,-5.824,0,40,0.16,95.926,0.412,2
0.196,0.59,231640,0.8490000000000001,0,0.00059,8,0.0988,-6.428,1,40,0.0374,95.118,0.726,3
0.557,0.754,154067,0.444,0,0.0,4,0.377,-8.54,1,35,0.0702,120.6,0.934,4
0.994,0.617,158999,0.115,0,0.0259,11,0.13699999999999998,-13.284,1,1,0.254,94.599,0.77,9
0.772,0.488,247307,0.7170000000000001,0,0.0,10,0.685,-9.123,0,48,0.114,170.765,0.823,3
0.077,0.7979999999999999,228187,0.629,1,0.0,8,0.136,-6.405,0,63,0.07,142.079,0.261,0
0.506,0.455,179080,0.226,0,9.68e-06,4,0.0928,-9.228,1,31,0.0274,84.79299999999998,0.311,4
0.0749,0.805,278293,0.941,0,1.4499999999999993e-05,0,0.415,-6.584,1,55,0.0908,106.525,0.606,3
0.247,0.476,242467,0.407,0,0.0,4,0.14400000000000002,-9.239,0,63,0.0368,178.25799999999995,0.226,2
0.332,0.564,335707,0.772,0,0.00281,2,0.315,-5.652,1,25,0.0463,120.063,0.961,4
0.0337,0.54,168707,0.413,0,7.91e-06,4,0.122,-8.234,1,29,0.029,121.125,0.7879999999999999,6
0.132,0.339,162813,0.799,0,0.83,5,0.147,-4.064,1,21,0.0377,118.917,0.535,7
0.00883,0.675,211720,0.92,0,0.000101,0,0.196,-6.204,1,37,0.108,97.938,0.7859999999999999,3
0.313,0.563,281453,0.722,0,0.0,6,0.393,-5.252000000000002,1,52,0.0407,150.039,0.8009999999999999,1
0.774,0.375,239333,0.484,0,0.265,11,0.343,-10.769,0,33,0.0367,172.209,0.659,5
0.996,0.397,156587,0.229,0,0.8370000000000001,6,0.379,-15.284,0,0,0.0365,80.086,0.424,10
0.992,0.28300000000000003,285653,0.0405,0,0.8759999999999999,8,0.114,-28.146,1,31,0.0365,69.203,0.046,6
0.994,0.708,197000,0.271,0,0.6829999999999999,3,0.35600000000000004,-7.267,0,0,0.0869,119.142,0.6759999999999999,9
0.58,0.528,316756,0.581,0,0.6659999999999999,9,0.07200000000000001,-13.758,1,28,0.0462,134.405,0.812,5
0.995,0.6709999999999999,208280,0.0683,0,0.912,10,0.16399999999999998,-20.377,0,6,0.0428,94.235,0.531,9
0.496,0.184,406573,0.423,0,0.901,3,0.201,-9.335,1,52,0.0399,137.74,0.0954,3
0.125,0.574,181573,0.96,0,2.27e-05,9,0.23,-0.81,0,44,0.0455,105.008,0.65,3
0.00865,0.8540000000000001,205733,0.685,1,4.72e-06,9,0.0727,-5.319,0,56,0.242,139.988,0.526,1
0.231,0.523,253027,0.438,0,7.34e-06,11,0.0993,-12.479,1,45,0.0282,77.393,0.4920000000000001,3
0.0616,0.5760000000000001,245640,0.6729999999999999,0,0.00601,2,0.114,-11.383,1,58,0.0307,168.41299999999995,0.57,2
0.0371,0.6559999999999999,185013,0.584,0,0.0,8,0.0888,-6.034,1,53,0.0297,117.999,0.0993,2
0.314,0.368,122800,0.718,0,0.0,2,0.11,-6.565,0,35,0.0417,77.262,0.608,6
0.944,0.617,295480,0.132,0,0.319,0,0.108,-17.525,0,19,0.0526,108.335,0.524,7
0.73,0.737,302600,0.455,0,0.055,8,0.0717,-7.997000000000001,0,46,0.0805,136.03,0.339,3
0.29600000000000004,0.51,333947,0.958,0,0.385,10,0.21600000000000005,-6.537000000000001,0,35,0.0569,116.498,0.511,4
0.597,0.633,117973,0.623,0,0.0,7,0.0428,-7.895,1,43,0.0498,140.518,0.924,3
0.708,0.196,96693,0.899,0,0.583,11,0.124,-9.591,1,37,0.0569,208.876,0.374,3
0.946,0.28600000000000003,208065,0.374,0,0.226,7,0.242,-11.435,1,2,0.0329,84.141,0.345,8
0.608,0.813,154347,0.5489999999999999,1,1e-06,5,0.129,-12.427,0,55,0.269,103.914,0.562,1
0.602,0.619,89960,0.368,0,0.00032,7,0.199,-12.024,1,22,0.0866,75.237,0.424,5
0.451,0.383,664453,0.212,0,0.45,3,0.107,-17.483,1,0,0.0303,89.913,0.355,8
0.467,0.778,240867,0.524,0,0.233,2,0.0965,-11.441,1,35,0.064,118.756,0.6609999999999999,5
0.987,0.693,175000,0.467,0,0.127,2,0.0966,-8.372,0,1,0.159,88.094,0.911,8
0.7170000000000001,0.601,301533,0.516,0,0.000183,7,0.108,-11.99,0,34,0.0299,104.041,0.454,3
0.6759999999999999,0.491,238250,0.595,0,0.0,6,0.475,-10.288,1,46,0.0291,89.391,0.752,4
0.00257,0.469,224320,0.926,0,0.00402,9,0.33,-4.492,1,58,0.0461,154.349,0.56,2
0.472,0.419,262053,0.636,0,7.020000000000001e-05,6,0.111,-6.06,0,53,0.0284,88.34299999999998,0.444,1
0.7240000000000001,0.6759999999999999,151867,0.364,0,0.0199,9,0.127,-12.228,1,23,0.0639,117.302,0.66,6
0.86,0.428,286320,0.254,0,0.16899999999999998,2,0.294,-18.695,0,0,0.0447,100.236,0.53,8
0.993,0.555,205729,0.524,0,0.0435,8,0.557,-9.133,0,0,0.119,79.207,0.537,9
0.925,0.328,257400,0.321,0,0.807,2,0.441,-11.853,0,0,0.07,69.146,0.354,8
0.6509999999999999,0.28600000000000003,233893,0.322,0,0.000335,5,0.0994,-9.288,1,55,0.0317,124.96,0.109,2
0.00872,0.451,221627,0.925,0,0.0489,6,0.313,-11.862,0,43,0.0375,81.847,0.594,4
0.0483,0.457,233267,0.513,0,0.0,6,0.16,-10.96,0,26,0.0291,80.634,0.64,5
0.0154,0.6629999999999999,248085,0.34600000000000003,0,0.0867,0,0.0806,-12.300999999999998,1,0,0.0367,87.59100000000002,0.415,8
0.86,0.401,286587,0.397,0,0.191,5,0.679,-11.297,1,0,0.0504,72.396,0.774,8
0.000644,0.8370000000000001,172467,0.762,1,0.0,2,0.113,-4.073,1,57,0.0508,142.009,0.334,1
0.0553,0.527,334880,0.918,0,0.000729,7,0.985,-5.127000000000002,1,34,0.0372,109.417,0.408,4
0.106,0.608,356453,0.68,0,0.934,5,0.31,-8.953,0,47,0.0818,85.962,0.419,1
0.552,0.394,267507,0.366,0,9.3e-06,9,0.0991,-12.883,1,48,0.0472,91.259,0.5489999999999999,6
0.949,0.247,269573,0.187,0,2.5e-05,7,0.0994,-14.4,0,0,0.0366,104.404,0.251,8
0.8079999999999999,0.612,493160,0.483,0,0.000279,5,0.19,-7.837999999999999,1,32,0.0414,92.721,0.649,7
0.18,0.629,296733,0.518,0,0.5379999999999999,1,0.0845,-9.106,0,34,0.0483,77.497,0.557,3
0.994,0.595,182773,0.257,0,0.335,2,0.411,-9.774,1,8,0.215,166.855,0.565,10
0.00891,0.84,311000,0.398,0,0.361,10,0.0921,-13.419,1,27,0.0333,97.979,0.466,5
0.861,0.698,253840,0.0926,0,0.49,2,0.0887,-20.716,0,35,0.05,81.187,0.0961,6
1.15e-06,0.181,288933,0.926,0,0.916,2,0.0792,-7.303,1,28,0.0588,154.72299999999996,0.163,4
0.0401,0.223,159119,0.5720000000000001,1,0.0,9,0.21600000000000005,-4.5310000000000015,1,63,0.0461,175.028,0.0681,1
0.919,0.394,208573,0.122,0,0.349,9,0.436,-16.816,0,27,0.0386,88.656,0.303,7
0.377,0.575,141227,0.843,0,0.0,8,0.142,-3.806,1,47,0.0464,82.07600000000002,0.659,1
0.15,0.338,123213,0.762,0,0.762,11,0.121,-16.303,0,20,0.0429,161.08700000000005,0.769,6
0.0737,0.5579999999999999,200640,0.753,0,0.000576,9,0.118,-8.309,1,20,0.0374,202.753,0.913,5
0.868,0.716,135573,0.555,0,0.0253,7,0.0951,-11.181,1,33,0.0303,132.118,0.958,6
0.0442,0.72,106200,0.12,1,0.0,11,0.598,-22.072,0,0,0.947,124.242,0.642,8
0.65,0.679,293733,0.495,0,7.38e-05,0,0.35200000000000004,-7.643,1,32,0.0395,92.786,0.931,4
0.815,0.611,226653,0.319,1,0.0151,5,0.108,-10.743,1,62,0.0357,124.92,0.17600000000000002,1
0.982,0.529,191227,0.309,0,0.0196,5,0.0765,-9.255,0,13,0.0339,157.507,0.65,9
0.468,0.6709999999999999,131202,0.28800000000000003,1,0.0,1,0.139,-14.175999999999998,1,63,0.496,68.28699999999999,0.42,1
0.00956,0.7829999999999999,212000,0.8440000000000001,1,0.0,2,0.111,-2.292,1,51,0.179,119.861,0.405,2
0.7959999999999999,0.698,164731,0.748,0,0.0,5,0.276,-6.511,1,17,0.0528,87.836,0.758,6
0.669,0.425,275160,0.343,0,0.0271,4,0.103,-16.64,1,26,0.0471,97.635,0.424,5
0.974,0.628,246040,0.266,0,0.804,5,0.116,-13.191,1,12,0.0624,84.99799999999998,0.4,7
0.7659999999999999,0.623,199240,0.4,0,0.0,11,0.128,-8.002,0,40,0.0328,117.78,0.547,2
0.584,0.72,150500,0.265,0,0.0,9,0.122,-21.97,0,0,0.955,97.555,0.674,9
0.993,0.316,865000,0.111,0,0.8859999999999999,2,0.0999,-21.189,1,43,0.0396,74.14399999999998,0.0834,3
0.989,0.653,143693,0.151,0,0.0,2,0.121,-16.657,0,0,0.156,120.634,0.6779999999999999,10
0.0836,0.913,170533,0.505,1,0.0,6,0.299,-15.59,0,33,0.285,111.43,0.841,3
0.742,0.669,167707,0.527,0,0.0,7,0.609,-13.277,1,27,0.0376,98.467,0.799,6
0.879,0.244,170267,0.237,0,1.98e-05,4,0.117,-10.845,1,13,0.0299,79.577,0.229,6
0.0163,0.586,247253,0.938,0,0.00952,4,0.105,-5.835,1,50,0.0456,113.618,0.42,2
0.44,0.301,291427,0.6990000000000001,0,0.0005269999999999999,0,0.0956,-8.605,1,30,0.0478,90.045,0.5529999999999999,6
0.995,0.41,331467,0.015,0,0.928,4,0.0942,-24.001,0,4,0.053,114.994,0.154,8
0.132,0.614,349347,0.451,1,0.0,6,0.128,-9.866,0,61,0.114,82.182,0.214,1
0.0414,0.35,217387,0.8390000000000001,0,0.0,6,0.0868,-6.186,1,31,0.21600000000000005,145.385,0.655,4
0.00892,0.464,251187,0.701,1,0.309,6,0.335,-5.693,0,70,0.0411,83.99600000000002,0.35600000000000004,1
0.732,0.531,115032,0.591,0,0.0,9,0.6829999999999999,-16.154,1,0,0.054000000000000006,115.562,0.972,8
0.7440000000000001,0.812,168467,0.252,0,0.0,7,0.243,-11.634,0,10,0.0356,109.65,0.89,7
0.231,0.705,264133,0.846,0,2.1e-05,11,0.71,-4.618,0,31,0.0466,115.076,0.86,4
0.00238,0.404,197667,0.985,0,0.0,0,0.192,-4.173,1,60,0.0491,181.406,0.6970000000000001,3
0.438,0.371,130360,0.705,0,0.0,5,0.145,-7.291,1,13,0.0393,82.206,0.5770000000000001,6
0.0066,0.363,268013,0.879,0,0.158,7,0.18600000000000005,-8.955,1,38,0.0439,131.73,0.647,4
0.966,0.539,166373,0.131,0,8.91e-06,10,0.172,-15.584,1,5,0.0564,86.486,0.334,7
0.00105,0.462,225467,0.9,0,0.00222,0,0.285,-6.979,1,25,0.0575,104.597,0.915,5
0.995,0.449,201147,0.0479,0,0.934,3,0.12,-19.96,1,0,0.0528,136.685,0.465,8
0.0132,0.473,251880,0.924,0,0.0,11,0.184,-4.297,0,59,0.0446,160.017,0.41,1
0.992,0.512,194203,0.12,0,0.0114,1,0.124,-15.597,1,0,0.271,58.909,0.392,8
0.763,0.364,214467,0.475,0,0.0,5,0.101,-10.423,0,32,0.0408,130.184,0.14800000000000002,3
0.0175,0.64,170040,0.645,0,0.00098,11,0.111,-7.0470000000000015,0,28,0.191,157.44299999999996,0.736,5
0.0689,0.556,223347,0.5379999999999999,1,0.0,8,0.196,-5.408,0,83,0.0382,143.95,0.29100000000000004,1
0.872,0.5,242253,0.418,0,1.66e-05,7,0.232,-11.237,1,61,0.0324,120.078,0.459,5
0.5660000000000001,0.297,171373,0.156,0,0.00237,8,0.109,-21.11,1,20,0.035,89.399,0.26,6
0.000705,0.3,206827,0.8140000000000001,0,4.61e-06,6,0.121,-10.584,1,34,0.0375,100.489,0.5710000000000001,3
0.265,0.48,201333,0.675,0,4.23e-06,7,0.235,-7.134,1,52,0.029,138.784,0.37,2
0.00765,0.5660000000000001,287744,0.8390000000000001,0,0.00933,1,0.107,-6.176,1,33,0.0401,115.869,0.35200000000000004,5
0.941,0.515,189920,0.431,0,0.000144,6,0.138,-10.123,1,0,0.0584,126.559,0.853,8
0.954,0.353,185707,0.00607,0,0.9,0,0.108,-26.777,1,41,0.0396,114.834,0.111,7
0.982,0.411,180827,0.182,0,0.915,8,0.103,-18.471,1,0,0.0756,68.64399999999999,0.426,8
0.6659999999999999,0.606,238603,0.517,0,0.0209,7,0.377,-11.507,1,58,0.116,93.88,0.685,1
0.0238,0.369,282120,0.8290000000000001,0,7.82e-05,4,0.0875,-8.503,0,58,0.172,186.99,0.33,2
0.875,0.511,165413,0.29,0,0.0226,0,0.188,-15.583,1,19,0.0365,92.391,0.336,6
0.18,0.7090000000000001,229640,0.562,1,0.0,8,0.132,-10.119,1,42,0.35700000000000004,73.01,0.34,1
0.727,0.382,274613,0.303,0,0.0,11,0.334,-11.366,1,9,0.0368,131.143,0.28,7
0.155,0.556,438333,0.679,1,0.0927,1,0.269,-8.015,1,47,0.4970000000000001,74.062,0.221,1
0.987,0.593,182840,0.443,0,0.0188,0,0.35,-8.42,1,0,0.0862,82.303,0.96,7
0.0256,0.458,277200,0.74,1,0.0,9,0.29600000000000004,-5.65,0,55,0.245,79.255,0.37,1
0.574,0.495,398987,0.278,0,0.00442,0,0.28300000000000003,-13.145,1,5,0.0476,184.025,0.657,7
0.485,0.7170000000000001,289971,0.269,0,5.79e-05,8,0.0466,-15.357,1,41,0.0378,67.726,0.4320000000000001,4
0.991,0.545,192840,0.373,0,0.044,6,0.297,-12.727,0,0,0.0526,142.951,0.934,9
0.272,0.639,185455,0.5710000000000001,1,0.0,4,0.14400000000000002,-7.332000000000002,1,64,0.511,88.04700000000004,0.569,0
0.273,0.5489999999999999,161627,0.604,0,3.89e-06,3,0.168,-8.421,1,22,0.0319,143.20600000000005,0.639,5
4.03e-05,0.512,258067,0.919,1,0.000629,4,0.0899,-4.581,1,53,0.0894,163.035,0.602,2
0.000129,0.335,407160,0.968,0,0.28800000000000003,2,0.341,-3.775,1,44,0.0505,145.061,0.3720000000000001,1
0.931,0.557,193133,0.401,0,0.29600000000000004,2,0.0811,-8.258,0,7,0.0371,77.74,0.693,7
0.983,0.122,260640,0.165,0,0.8320000000000001,4,0.117,-15.358,0,19,0.0393,68.608,0.0583,6
0.875,0.5670000000000001,146133,0.246,0,0.295,3,0.298,-15.167,1,25,0.0558,122.138,0.512,5
0.00067,0.539,515387,0.828,0,0.421,4,0.154,-9.108,0,47,0.035,105.25,0.562,4
0.0979,0.5770000000000001,219507,0.464,0,1.3e-06,7,0.154,-7.943,1,53,0.024,90.557,0.34600000000000003,4
0.000174,0.221,310493,0.861,0,0.0113,7,0.345,-10.138,1,36,0.0678,186.416,0.289,3
0.326,0.485,201227,0.598,0,1.11e-06,2,0.146,-4.438,1,40,0.0293,152.899,0.334,2
5.460000000000001e-05,0.273,144333,0.858,0,4.59e-05,1,0.126,-8.972000000000003,0,27,0.111,128.024,0.73,4
0.711,0.32,450787,0.636,0,0.0805,5,0.659,-11.211,0,22,0.0534,158.011,0.365,5
0.159,0.8190000000000001,195427,0.388,0,0.0906,9,0.109,-6.396,1,60,0.0812,94.984,0.241,0
0.328,0.722,184720,0.738,0,1.47e-05,9,0.198,-6.073,0,72,0.247,198.075,0.748,1
0.219,0.851,226880,0.406,0,6.79e-06,1,0.0853,-11.630999999999998,1,51,0.0662,97.84,0.7929999999999999,2
0.254,0.547,306640,0.8270000000000001,1,0.0,1,0.4320000000000001,-7.4220000000000015,1,26,0.0893,98.504,0.821,4
0.59,0.475,144707,0.831,0,0.0,8,0.386,-6.502000000000002,1,19,0.318,177.452,0.731,6
0.923,0.259,208680,0.185,0,0.631,6,0.0932,-11.94,1,3,0.029,102.411,0.115,7
0.6659999999999999,0.597,189733,0.318,0,0.00113,2,0.18,-12.706,1,14,0.0341,100.352,0.597,6
0.995,0.234,179226,0.223,0,0.0213,7,0.112,-14.005999999999998,0,0,0.0567,75.839,0.0667,9
0.591,0.618,159533,0.399,0,2.81e-06,6,0.114,-12.007,1,34,0.0331,117.24,0.526,5
0.18600000000000005,0.72,208400,0.8759999999999999,0,0.0,10,0.313,-4.828,0,27,0.0339,129.464,0.489,4
0.285,0.64,372907,0.371,0,0.0311,9,0.29100000000000004,-16.008,0,35,0.0418,129.299,0.617,5
0.171,0.672,331240,0.34700000000000003,0,1.36e-06,6,0.218,-18.371,1,15,0.945,82.88,0.679,9
0.00559,0.517,234907,0.97,0,0.0343,8,0.0581,-2.932,1,49,0.0853,134.336,0.601,3
0.825,0.322,157893,0.391,0,0.0,7,0.316,-12.436,0,8,0.0322,96.011,0.429,6
0.0189,0.747,241600,0.494,0,0.604,2,0.0367,-13.459,1,42,0.0434,92.435,0.947,5
0.975,0.667,167333,0.247,0,0.0,5,0.14400000000000002,-10.106,1,0,0.0419,116.308,0.374,8
0.54,0.644,253080,0.418,0,0.0,4,0.0982,-7.022,1,48,0.0291,77.10600000000002,0.254,2
0.935,0.6679999999999999,252773,0.147,0,0.633,1,0.0633,-16.217,1,28,0.0385,112.334,0.383,4
0.485,0.564,126640,0.966,0,0.942,11,0.378,-7.872999999999997,0,14,0.0417,122.558,0.823,6
0.868,0.47,151973,0.843,0,0.81,9,0.132,-8.962,0,27,0.0357,105.345,0.956,6
0.524,0.48,330107,0.444,0,0.0,0,0.139,-11.842,1,42,0.0311,102.358,0.496,4
0.918,0.545,244440,0.0444,0,0.000187,7,0.0926,-20.072,1,28,0.0352,94.014,0.397,5
0.0525,0.835,187467,0.434,0,1.5399999999999998e-05,9,0.158,-16.537,1,22,0.0467,122.944,0.73,4
0.116,0.936,307840,0.4320000000000001,0,0.00101,2,0.224,-13.181,1,40,0.0546,109.18,0.915,4
0.53,0.4270000000000001,464400,0.407,0,0.0,5,0.807,-12.063,1,19,0.0734,169.864,0.366,6
0.0902,0.574,177480,0.659,0,0.0,9,0.081,-7.657,1,33,0.0512,58.864,0.504,6
0.892,0.5589999999999999,285040,0.33,0,0.0,9,0.0975,-8.251,1,78,0.0285,135.109,0.285,1
0.5479999999999999,0.838,268667,0.505,1,0.00127,1,0.211,-9.354,1,65,0.383,110.029,0.407,1
0.78,0.634,156667,0.682,0,0.0,2,0.695,-12.675,1,7,0.303,107.417,0.969,7
0.932,0.5820000000000001,292093,0.27,0,0.315,8,0.0995,-15.869000000000002,1,4,0.0719,117.449,0.782,7
0.941,0.557,275067,0.598,0,0.0,2,0.114,-12.252,1,13,0.562,118.423,0.245,8
0.815,0.268,184267,0.24,0,0.0,7,0.104,-14.424,1,41,0.0309,102.955,0.217,7
0.395,0.527,94600,0.51,0,0.941,7,0.78,-12.588,1,29,0.032,98.771,0.617,5
0.764,0.471,158227,0.645,0,0.745,11,0.411,-11.38,1,10,0.532,134.47299999999998,0.3720000000000001,9
0.138,0.535,212640,0.818,0,0.0,0,0.14800000000000002,-2.315,1,62,0.03,80.041,0.573,2
0.95,0.6559999999999999,161933,0.109,0,0.3720000000000001,7,0.0913,-16.9,1,22,0.0393,107.23,0.632,6
0.338,0.464,240773,0.534,0,0.00105,6,0.221,-11.417,1,26,0.0373,109.634,0.698,4
0.022,0.395,270800,0.746,0,0.008490000000000001,9,0.317,-9.186,1,27,0.0567,130.505,0.718,6
0.725,0.561,145453,0.491,0,0.0,4,0.133,-10.552,1,20,0.0294,141.374,0.934,6
0.784,0.598,135533,0.196,0,0.0,8,0.0772,-10.367,1,25,0.0493,66.604,0.442,6
0.054000000000000006,0.633,250813,0.795,0,8.83e-05,0,0.34,-7.617000000000001,1,43,0.0319,103.504,0.833,4
0.00363,0.261,333027,0.5720000000000001,0,0.00134,7,0.158,-5.48,1,43,0.0323,114.052,0.0382,2
0.944,0.479,244893,0.0669,0,7.03e-05,5,0.109,-23.647,1,17,0.0393,94.005,0.154,6
0.807,0.619,111867,0.28,0,0.0,0,0.17800000000000002,-11.14,0,15,0.0506,148.8,0.632,8
0.436,0.7020000000000001,207613,0.455,0,0.0171,0,0.0704,-9.137,1,23,0.0276,103.747,0.586,4
0.679,0.6809999999999999,169773,0.403,0,0.0,10,0.112,-11.468,0,1,0.31,108.65,0.726,8
0.0366,0.607,184685,0.85,0,0.0189,1,0.123,-6.435,1,0,0.0416,119.806,0.6859999999999999,8
0.556,0.7609999999999999,286933,0.578,0,0.00172,5,0.267,-9.85,0,45,0.0412,91.484,0.867,4
0.201,0.67,283893,0.627,0,0.00161,8,0.154,-9.497,1,35,0.0478,104.988,0.5820000000000001,2
0.591,0.6779999999999999,171991,0.318,0,0.43,5,0.0851,-10.618,0,3,0.107,134.143,0.556,7
0.5770000000000001,0.29,178255,0.5579999999999999,0,0.919,0,0.368,-12.155,1,29,0.0301,95.005,0.355,4
0.0263,0.657,298840,0.777,1,0.0,1,0.611,-5.882999999999999,0,38,0.316,147.859,0.674,2
0.0007160000000000001,0.4370000000000001,222440,0.948,0,0.000261,4,0.146,-6.041,0,58,0.0554,96.72,0.361,4
0.746,0.38,191240,0.204,0,0.0,8,0.354,-13.594,1,15,0.04,91.623,0.375,7
0.972,0.546,31107,0.62,0,8.41e-06,8,0.409,-11.298,1,24,0.104,132.445,0.366,5
0.902,0.494,554960,0.295,0,0.0576,10,0.313,-9.405,1,13,0.0339,117.904,0.244,6
0.935,0.355,254960,0.129,0,0.0185,0,0.0782,-18.465,1,37,0.0333,70.421,0.127,4
0.58,0.636,205173,0.455,0,0.000523,9,0.159,-6.4929999999999986,1,41,0.0338,143.85299999999995,0.4320000000000001,4
0.611,0.5710000000000001,95240,0.8540000000000001,0,0.0338,7,0.155,-11.254,0,27,0.0309,135.452,0.975,6
0.0867,0.622,182640,0.826,0,2.47e-05,9,0.193,-7.816,1,24,0.0503,78.843,0.769,5
0.988,0.5660000000000001,257000,0.26,0,0.8170000000000001,4,0.132,-17.250999999999998,0,2,0.0439,111.067,0.174,7
0.99,0.421,123160,0.21600000000000005,0,7.31e-05,3,0.0584,-14.054,1,14,0.0984,162.714,0.391,7
0.8959999999999999,0.5479999999999999,153800,0.267,0,0.0,5,0.158,-8.395,0,21,0.0605,112.859,0.309,7
0.1,0.627,219173,0.6579999999999999,0,0.0,4,0.424,-6.562,1,49,0.034,119.997,0.8079999999999999,3
0.875,0.203,584827,0.0624,0,0.9,11,0.118,-23.779,0,35,0.041,131.71,0.0661,4
0.87,0.443,159173,0.993,0,0.8340000000000001,1,0.319,-14.66,1,0,0.0391,132.546,0.588,7
0.422,0.531,232267,0.391,0,5.5399999999999985e-05,4,0.266,-9.606,0,39,0.0262,139.805,0.241,4
0.228,0.4270000000000001,196653,0.737,0,0.0,4,0.377,-4.124,0,56,0.0475,116.976,0.653,2
0.983,0.379,208173,0.133,0,3.9299999999999986e-05,4,0.0952,-11.189,0,0,0.0663,77.49600000000002,0.187,9
0.355,0.445,194307,0.443,0,0.101,9,0.6859999999999999,-13.653,1,36,0.0567,94.915,0.205,6
0.992,0.6759999999999999,183667,0.245,0,0.133,11,0.211,-11.822,1,0,0.107,114.229,0.851,10
0.986,0.5529999999999999,174627,0.0361,0,0.0017,0,0.116,-23.019,1,1,0.0678,97.54,0.319,9
1.14e-05,0.43,224133,0.6609999999999999,0,0.8390000000000001,11,0.376,-13.156,1,44,0.0276,155.683,0.83,3
0.394,0.5589999999999999,195000,0.31,0,0.794,8,0.108,-13.499,1,30,0.0408,128.691,0.311,6
0.0026,0.871,181640,0.795,0,3.21e-06,11,0.0454,-7.551,0,43,0.0555,103.589,0.887,2
0.0284,0.73,216467,0.718,0,0.0,8,0.0892,-3.4960000000000004,1,68,0.0478,135.045,0.127,1
0.657,0.4,178329,0.521,0,9.2e-05,0,0.34,-8.986,1,43,0.0404,174.08599999999996,0.639,3
0.476,0.485,218059,0.621,0,9.16e-06,2,0.189,-6.829,1,57,0.0389,78.665,0.528,3
0.995,0.6629999999999999,187320,0.19,0,0.92,2,0.106,-17.276,1,0,0.0478,76.074,0.5820000000000001,7
0.0314,0.487,281173,0.966,0,0.0949,7,0.0914,-4.29,1,33,0.0577,151.781,0.721,4
0.007659999999999998,0.348,288787,0.5760000000000001,0,0.0462,0,0.276,-8.388,1,58,0.0289,179.014,0.428,5
0.117,0.609,271333,0.623,0,0.00031,2,0.092,-13.65,1,29,0.0388,105.198,0.503,4
0.0246,0.764,95766,0.264,1,0.0,5,0.381,-14.967,0,0,0.902,95.122,0.633,10
0.0496,0.825,210608,0.611,1,0.0,1,0.33,-7.728,1,53,0.184,115.015,0.539,1
0.0716,0.7040000000000001,126960,0.67,0,3.81e-06,4,0.69,-6.323,1,21,0.0882,120.119,0.649,6
0.75,0.74,179227,0.448,0,0.0,6,0.107,-5.445,1,32,0.0369,114.014,0.343,3
0.774,0.6809999999999999,129779,0.593,0,0.0,7,0.111,-8.405,1,39,0.0691,119.501,0.8079999999999999,6
0.22,0.79,189501,0.569,1,0.0,5,0.161,-7.591,0,69,0.235,86.01100000000002,0.213,0
0.8109999999999999,0.5579999999999999,109845,0.34600000000000003,0,0.000986,9,0.359,-11.115,1,0,0.0394,72.101,0.923,8
0.8759999999999999,0.316,42267,0.0509,0,0.000431,5,0.501,-29.289,1,6,0.0807,176.61700000000005,0.653,6
0.973,0.422,174400,0.117,0,8.070000000000001e-05,8,0.105,-18.742,1,0,0.0447,123.166,0.234,7
0.0619,0.628,360227,0.337,0,0.0489,8,0.0765,-13.673,0,34,0.0385,76.07600000000002,0.333,3
0.953,0.459,205600,0.53,0,0.28,11,0.0896,-9.132,0,0,0.0392,112.337,0.5670000000000001,8
0.000541,0.441,154307,0.985,0,0.00368,9,0.135,-5.005,1,47,0.0645,146.02200000000005,0.364,3
0.991,0.29600000000000004,160307,0.16899999999999998,0,0.35200000000000004,1,0.188,-17.91,1,0,0.0441,84.383,0.0754,7
0.981,0.7170000000000001,208631,0.0937,0,0.386,7,0.0933,-16.307000000000002,1,2,0.0426,121.244,0.616,9
0.669,0.654,253627,0.863,0,0.7709999999999999,10,0.0941,-9.884,0,35,0.0348,127.396,0.954,5
0.0189,0.546,248027,0.919,0,0.000549,2,0.182,-7.735,1,30,0.0427,145.325,0.813,5
0.14,0.925,258440,0.785,1,5.12e-06,11,0.145,-5.164,1,46,0.252,93.011,0.868,3
0.862,0.342,202760,0.126,0,0.0998,3,0.146,-11.857,1,50,0.0265,77.873,0.147,9
0.17600000000000002,0.653,169733,0.304,0,0.0,5,0.251,-15.421,1,37,0.0318,83.78399999999998,0.927,6
0.0409,0.757,284625,0.596,0,0.044,7,0.171,-8.039,1,64,0.0339,97.769,0.195,4
0.634,0.521,176013,0.637,0,6.19e-05,3,0.0253,-6.162000000000001,1,12,0.109,113.671,0.615,7
0.851,0.239,184413,0.299,0,9.66e-05,3,0.325,-12.9,1,17,0.034,84.137,0.316,6
0.0544,0.431,302493,0.682,0,0.00323,2,0.142,-10.265999999999998,1,29,0.0314,122.305,0.7,5
0.908,0.359,240000,0.0955,0,0.514,5,0.124,-15.64,1,38,0.0395,87.696,0.229,2
0.7859999999999999,0.41,183573,0.104,0,3.97e-05,0,0.119,-19.873,0,27,0.0591,177.271,0.23,5
0.892,0.307,136293,0.335,0,0.0,1,0.221,-9.626,1,6,0.0312,174.205,0.489,7
0.000515,0.617,254502,0.7390000000000001,0,0.0007070000000000001,4,0.344,-6.747000000000001,0,30,0.0327,117.832,0.467,4
0.278,0.454,229027,0.6709999999999999,0,0.0,11,0.124,-11.306,1,35,0.0622,119.886,0.228,4
0.341,0.715,241667,0.401,0,0.00207,6,0.0697,-11.050999999999998,1,48,0.0242,97.292,0.511,4
0.13,0.413,308240,0.631,0,0.315,9,0.0774,-10.848,0,26,0.0363,122.752,0.454,5
0.76,0.35200000000000004,227787,0.204,0,0.000426,3,0.327,-15.414,1,49,0.0311,83.34200000000001,0.524,2
0.7340000000000001,0.398,238200,0.348,0,0.17,5,0.0912,-17.004,1,43,0.117,183.518,0.636,4
0.993,0.277,66680,0.441,0,0.8220000000000001,1,0.156,-20.56,1,0,0.0418,109.741,0.199,10
0.813,0.244,152240,0.34600000000000003,0,0.00171,0,0.313,-8.741,1,25,0.0302,185.453,0.435,6
0.72,0.648,193400,0.35,0,0.0,3,0.22,-10.68,1,44,0.0796,169.865,0.823,7
0.8640000000000001,0.907,354893,0.537,0,0.0261,2,0.0934,-10.145,0,26,0.0954,119.546,0.955,6
0.29100000000000004,0.8290000000000001,197840,0.67,0,0.8440000000000001,1,0.0504,-12.329,0,51,0.0546,130.014,0.757,3
0.0466,0.624,212173,0.805,0,0.0,9,0.328,-2.632,1,62,0.029,123.991,0.77,2
0.996,0.426,33547,0.23,0,0.962,0,0.267,-18.532,1,0,0.0431,49.847,0.738,9
0.723,0.444,254440,0.42,0,3.77e-05,2,0.123,-9.85,1,35,0.0495,105.751,0.507,7
0.906,0.289,253959,0.334,0,1.7199999999999998e-05,7,0.0938,-8.042,1,61,0.0311,67.916,0.287,1
0.131,0.631,231720,0.5529999999999999,0,2.88e-06,11,0.129,-13.989,1,34,0.0271,144.888,0.818,4
0.888,0.721,298373,0.268,0,0.8320000000000001,0,0.0681,-16.844,1,41,0.0395,94.907,0.54,5
0.0557,0.36,243227,0.977,0,0.845,2,0.327,-6.671,1,25,0.0772,150.796,0.434,4
0.33,0.752,272733,0.498,0,0.000134,5,0.35100000000000003,-11.936,1,65,0.0412,109.992,0.505,1
0.00636,0.5539999999999999,187000,0.902,0,0.0,4,0.328,-4.019,1,52,0.0566,126.021,0.662,2
0.0888,0.767,183373,0.569,0,3.01e-05,7,0.153,-10.41,1,38,0.0802,116.028,0.42,2
0.0316,0.813,368533,0.7929999999999999,1,0.0,1,0.364,-9.727,0,48,0.194,113.629,0.7240000000000001,3
0.0994,0.332,263440,0.457,0,0.000336,10,0.162,-10.919,0,21,0.0452,143.406,0.428,6
0.509,0.655,278933,0.733,0,0.0007700000000000001,0,0.0986,-7.158,0,25,0.0312,113.458,0.542,5
0.0593,0.606,255133,0.945,0,0.0682,8,0.348,-5.436,1,33,0.0668,113.071,0.579,3
0.843,0.453,103200,0.399,0,2.2e-05,0,0.407,-15.206,1,47,0.0731,139.661,0.637,3
0.693,0.519,166840,0.228,0,0.0,0,0.136,-12.795,1,20,0.0539,111.39,0.345,7
0.0947,0.593,263160,0.908,0,0.0,3,0.539,-9.054,1,29,0.125,152.30200000000005,0.823,4
0.992,0.449,178000,0.181,0,0.928,5,0.121,-16.442,0,17,0.0358,135.227,0.17600000000000002,7
0.895,0.371,179859,0.285,0,0.000696,7,0.6509999999999999,-8.958,1,0,0.0316,96.734,0.6679999999999999,8
0.994,0.8009999999999999,191000,0.0271,0,0.52,7,0.125,-23.651,1,0,0.17600000000000002,114.12,0.728,10
0.959,0.518,191493,0.0137,0,0.0387,2,0.0974,-20.773000000000003,0,8,0.101,112.849,0.197,7
0.929,0.334,226533,0.145,0,0.65,2,0.108,-20.2,0,30,0.0665,84.85600000000002,0.0621,6
0.99,0.393,479160,0.112,0,0.924,9,0.123,-24.031,1,37,0.0348,139.968,0.487,4
0.8009999999999999,0.7390000000000001,167967,0.3720000000000001,0,0.0522,1,0.0708,-7.972,1,0,0.0627,133.914,0.964,8
0.96,0.691,140518,0.166,0,0.0,9,0.299,-21.504,1,9,0.955,137.537,0.389,7
0.00675,0.49,202067,0.939,0,2.95e-05,0,0.588,-5.9860000000000015,1,37,0.0808,157.032,0.795,3
0.982,0.496,136673,0.321,0,0.0952,9,0.308,-13.247,1,0,0.0968,182.206,0.931,8
0.404,0.297,242827,0.8240000000000001,0,0.00079,2,0.989,-7.941,1,23,0.0648,141.202,0.565,5
0.282,0.8079999999999999,255560,0.871,0,0.0,1,0.0304,-3.5660000000000003,1,57,0.0364,114.993,0.946,1
0.913,0.6779999999999999,128307,0.293,0,0.000603,1,0.107,-12.755999999999998,1,54,0.0284,102.021,0.152,1
0.8759999999999999,0.274,133160,0.266,0,1.12e-05,1,0.0963,-11.693,1,30,0.0335,203.383,0.45,6
0.0881,0.855,223293,0.6809999999999999,0,3.7000000000000006e-06,2,0.0592,-4.955,1,48,0.0688,99.699,0.908,2
0.973,0.498,174093,0.265,0,0.000171,7,0.159,-13.125,1,13,0.0518,183.258,0.758,9
0.99,0.198,156000,0.00204,0,0.136,6,0.0696,-32.459,1,0,0.047,62.053,0.103,8
0.5710000000000001,0.7070000000000001,204493,0.35700000000000004,0,5.41e-05,10,0.0709,-9.363,1,38,0.0288,84.344,0.653,6
0.969,0.586,120667,0.0489,0,0.000446,0,0.17,-18.745,1,29,0.105,180.835,0.855,3
0.951,0.344,523307,0.24,0,0.19,2,0.132,-12.436,0,5,0.0347,109.669,0.218,7
0.949,0.5,237387,0.303,0,0.221,3,0.35600000000000004,-13.923,1,49,0.0281,142.433,0.606,2
0.0574,0.486,298827,0.489,0,0.00472,10,0.396,-12.074000000000002,0,25,0.104,76.94800000000002,0.403,5
0.0256,0.7709999999999999,235200,0.745,0,0.000374,11,0.107,-10.217,0,40,0.0904,106.709,0.599,2
0.307,0.635,307600,0.649,0,0.000303,2,0.21600000000000005,-5.6370000000000005,0,49,0.0372,156.041,0.598,5
0.0104,0.597,201680,0.7509999999999999,0,0.0,6,0.0912,-4.982,0,69,0.193,103.956,0.568,1
0.995,0.606,52667,0.394,0,0.858,5,0.109,-14.26,1,0,0.0456,120.934,0.981,8
0.959,0.419,116853,0.0439,0,0.0,0,0.151,-20.675,1,0,0.0984,71.209,0.26,7
0.00193,0.537,238760,0.6920000000000001,0,0.0,10,0.114,-4.159,1,61,0.0315,125.037,0.28600000000000003,1
0.325,0.6609999999999999,182133,0.607,0,5.98e-06,10,0.0859,-5.237,1,45,0.0422,130.1,0.946,2
0.974,0.118,184973,0.0845,0,0.841,3,0.113,-16.522000000000002,1,0,0.0347,58.717,0.0372,8
0.774,0.5539999999999999,203333,0.332,0,1.56e-06,8,0.0932,-9.834,1,49,0.025,99.329,0.542,4
0.0244,0.8170000000000001,179059,0.743,1,1.04e-06,9,0.102,-4.793,1,61,0.166,172.96200000000005,0.374,1
0.00672,0.314,160280,0.928,0,0.224,9,0.0891,-7.78,1,27,0.14300000000000002,120.784,0.4970000000000001,4
0.00306,0.547,293453,0.936,1,0.27,1,0.278,-4.232,1,44,0.049,91.997,0.445,1
0.611,0.14400000000000002,164133,0.152,0,0.913,0,0.0987,-19.138,0,0,0.0389,103.041,0.0596,8
0.996,0.422,274800,0.0792,0,0.926,4,0.103,-17.209,1,5,0.0597,66.94800000000001,0.119,7
0.826,0.34,1000667,0.387,0,0.327,5,0.491,-14.401,1,3,0.0533,137.575,0.226,7
0.988,0.349,491533,0.308,0,0.933,10,0.122,-13.473,0,3,0.0304,71.811,0.114,7
0.477,0.541,186520,0.312,0,0.000237,7,0.128,-11.559,1,43,0.0284,127.561,0.113,5
0.987,0.312,177973,0.227,0,0.833,4,0.0842,-16.887999999999998,1,0,0.0392,100.348,0.281,8
0.585,0.73,248373,0.545,0,0.0154,4,0.127,-10.644,0,49,0.0581,137.166,0.491,2
0.0465,0.5379999999999999,150187,0.652,0,0.0,2,0.0734,-11.285,1,44,0.052000000000000005,130.398,0.785,5
0.721,0.711,110267,0.375,0,0.0,7,0.08199999999999999,-9.149,1,40,0.0981,126.243,0.619,4
0.985,0.28,242373,0.126,0,0.8859999999999999,0,0.35700000000000004,-20.195,1,48,0.0376,77.055,0.0456,1
0.491,0.607,192893,0.67,0,0.0,0,0.0747,-5.517,0,52,0.244,80.89699999999998,0.908,1
0.8029999999999999,0.529,324227,0.454,0,0.547,8,0.35,-11.936,1,12,0.0405,122.753,0.8079999999999999,7
0.0202,0.551,264973,0.936,0,2.04e-06,1,0.211,-6.654,1,47,0.049,124.748,0.519,3
0.417,0.7040000000000001,533720,0.301,0,0.0,10,0.0608,-17.862000000000005,0,9,0.951,132.36,0.524,8
0.993,0.828,187669,0.17800000000000002,0,0.000208,9,0.158,-7.282,0,0,0.207,135.122,0.8370000000000001,8
0.99,0.701,164627,0.227,0,0.0149,2,0.203,-11.319,1,0,0.0923,121.128,0.736,10
0.00191,0.757,205187,0.6609999999999999,0,5.770000000000001e-05,2,0.141,-5.908,1,53,0.0291,111.64,0.617,1
0.3720000000000001,0.54,264160,0.474,0,0.0,10,0.118,-7.588999999999999,1,55,0.0294,128.05100000000002,0.22,2
0.242,0.743,200213,0.331,1,0.0,4,0.0938,-6.027,0,52,0.262,97.066,0.218,1
0.7040000000000001,0.669,198493,0.238,0,3.05e-06,0,0.202,-16.0,0,6,0.0424,103.954,0.78,7
0.159,0.672,600573,0.73,0,2.02e-06,9,0.0779,-6.394,0,41,0.0513,102.068,0.8220000000000001,2
0.742,0.37,193760,0.124,0,0.075,7,0.136,-17.996,1,26,0.03,93.552,0.328,5
0.103,0.386,247213,0.8109999999999999,0,0.061,1,0.206,-6.837999999999999,0,24,0.0463,158.14600000000004,0.779,5
0.964,0.795,123293,0.2,0,0.0,0,0.08900000000000001,-16.938,1,8,0.139,117.636,0.644,6
0.7509999999999999,0.593,183213,0.448,0,0.0,6,0.106,-9.734,0,45,0.0336,110.06,0.384,2
0.0858,0.509,168320,0.28300000000000003,0,4.52e-05,0,0.136,-13.648,1,37,0.0896,186.459,0.515,3
0.0287,0.644,189907,0.487,0,0.0166,6,0.206,-9.654,1,59,0.034,125.528,0.467,2
0.969,0.461,320573,0.111,0,0.209,9,0.168,-19.233,1,0,0.0411,113.391,0.271,8
0.481,0.688,280027,0.605,0,0.00154,4,0.0663,-14.966,1,39,0.0479,149.93200000000004,0.969,4
0.232,0.7,286973,0.618,0,2.65e-05,11,0.07200000000000001,-4.593,1,52,0.0261,106.061,0.937,4
0.436,0.625,223299,0.753,0,0.00273,6,0.3670000000000001,-5.983,0,57,0.166,88.956,0.539,1
0.7879999999999999,0.767,148005,0.368,0,0.000926,10,0.105,-10.364,1,20,0.0426,128.679,0.525,7
7.06e-05,0.5489999999999999,216773,0.979,0,4.21e-06,1,0.0857,-4.086,0,45,0.0691,91.982,0.378,2
0.174,0.721,254200,0.377,0,1.21e-06,0,0.344,-12.489,1,31,0.0294,84.78200000000002,0.607,4
0.6990000000000001,0.481,277120,0.311,0,0.0,0,0.157,-7.687,1,44,0.0535,71.89699999999998,0.6709999999999999,3
0.000101,0.171,195253,0.868,0,0.0231,7,0.345,-7.0920000000000005,0,26,0.0683,172.773,0.47,4
0.38,0.378,264853,0.234,0,0.0,0,0.214,-12.396,1,47,0.0315,143.46,0.202,1
0.321,0.479,422253,0.465,0,0.738,2,0.0839,-11.964,0,32,0.0482,85.958,0.463,5
0.7859999999999999,0.285,161437,0.379,0,0.000375,9,0.29600000000000004,-11.102,0,33,0.0405,180.598,0.397,6
0.927,0.252,169333,0.0961,0,0.00113,8,0.0885,-17.655,0,14,0.0339,57.065,0.152,7
0.8029999999999999,0.654,239293,0.122,0,0.0005269999999999999,5,0.152,-16.507,0,11,0.0634,137.988,0.555,6
0.4,0.52,235800,0.394,0,0.0499,2,0.0917,-15.374,0,23,0.0278,107.616,0.674,5
0.843,0.24,177907,0.293,0,0.795,7,0.102,-10.409,1,14,0.0346,97.865,0.16699999999999998,6
0.581,0.284,60480,0.419,0,1.02e-06,7,0.337,-12.136,1,17,0.0326,183.745,0.894,6
0.547,0.648,253067,0.491,0,0.0,2,0.0328,-12.392,1,46,0.0348,131.305,0.608,4
0.86,0.397,143067,0.408,0,0.0,6,0.168,-7.209,1,24,0.0295,114.075,0.482,6
0.91,0.639,191200,0.35,0,2.15e-05,7,0.509,-10.44,0,37,0.13,74.47399999999998,0.6809999999999999,3
0.61,0.35200000000000004,180480,0.231,0,3.74e-06,0,0.196,-10.621,1,19,0.0333,106.74,0.209,6
0.7509999999999999,0.632,320027,0.269,0,0.0,1,0.113,-9.839,1,40,0.0306,105.049,0.247,2
0.958,0.34700000000000003,990467,0.149,0,0.847,9,0.278,-20.444000000000006,1,39,0.0392,107.22,0.103,5
0.0163,0.608,251424,0.752,0,0.0,9,0.118,-4.954,0,62,0.0315,110.107,0.569,1
0.0314,0.7979999999999999,385200,0.8240000000000001,0,0.0933,1,0.0665,-0.933,1,48,0.14400000000000002,94.017,0.851,2
0.536,0.434,177427,0.419,0,0.0,10,0.561,-9.635,1,15,0.0322,137.03799999999998,0.84,7
0.944,0.435,145627,0.333,0,1.32e-05,0,0.373,-11.519,1,14,0.0337,94.787,0.596,7
0.667,0.452,177707,0.403,0,0.0,11,0.135,-10.898,1,42,0.0277,86.58,0.446,6
0.234,0.498,127400,0.564,0,1.26e-06,0,0.055,-12.299,1,28,0.0385,129.761,0.6659999999999999,6
0.894,0.5429999999999999,176305,0.0605,0,0.772,6,0.0996,-23.211,1,10,0.0448,82.854,0.442,7
0.0796,0.866,210893,0.731,0,0.0,6,0.0402,-5.226,1,57,0.0407,97.03,0.765,1
0.752,0.759,200227,0.7390000000000001,0,0.0146,11,0.0963,-6.879,0,42,0.0398,92.099,0.809,2
0.698,0.43,278200,0.295,0,0.569,2,0.226,-14.255,1,61,0.0283,74.014,0.159,3
0.995,0.6,216653,0.241,0,0.8759999999999999,9,0.134,-18.493,1,0,0.044,93.264,0.813,7
0.647,0.326,219493,0.0902,0,0.00091,7,0.198,-20.588,1,49,0.0344,137.611,0.218,5
0.878,0.732,174307,0.141,0,0.0,1,0.0675,-14.718,1,31,0.057,91.551,0.459,9
0.411,0.33,315904,0.6679999999999999,0,0.00481,6,0.0848,-15.344,0,28,0.119,88.684,0.205,7
0.0114,0.5660000000000001,199120,0.716,0,0.0135,0,0.252,-12.42,1,31,0.0322,99.82,0.902,4
0.855,0.4920000000000001,187978,0.199,0,0.0,7,0.0644,-12.264,0,14,0.0391,131.847,0.445,7
0.161,0.526,214427,0.446,0,0.00657,0,0.325,-11.239,1,24,0.0361,118.722,0.398,6
0.0498,0.57,188202,0.202,0,0.0267,7,0.19,-18.335,1,34,0.0296,108.391,0.519,6
0.532,0.84,169200,0.633,0,1.95e-06,5,0.0422,-8.166,0,27,0.0666,103.461,0.966,5
0.5579999999999999,0.603,235467,0.578,0,0.0,11,0.131,-6.697,1,58,0.0306,137.995,0.299,1
0.82,0.4920000000000001,262773,0.331,0,0.284,0,0.28800000000000003,-12.93,1,8,0.0326,129.201,0.334,7
0.952,0.509,101680,0.131,0,0.00619,0,0.122,-16.875,0,1,0.299,94.067,0.0395,7
0.00471,0.405,139827,0.984,0,1.7199999999999998e-05,7,0.327,-3.662,1,24,0.217,178.505,0.53,4
0.954,0.35200000000000004,288547,0.18600000000000005,0,4.38e-05,1,0.07200000000000001,-16.043,1,0,0.0516,85.292,0.198,8
0.0318,0.58,191440,0.935,0,0.0,9,0.0977,-3.3480000000000003,1,59,0.189,172.023,0.603,1
0.35700000000000004,0.277,297787,0.289,0,1.75e-06,6,0.141,-11.804,0,35,0.0267,81.949,0.0559,4
0.126,0.6559999999999999,176933,0.537,0,0.0,9,0.301,-10.788,1,14,0.0336,121.516,0.932,6
0.417,0.237,142253,0.062,0,0.893,9,0.17800000000000002,-22.176,0,61,0.0513,114.738,0.0357,2
0.836,0.404,229573,0.415,0,0.00119,7,0.196,-12.155,0,37,0.0305,109.933,0.595,5
0.985,0.25,135800,0.0827,0,0.866,11,0.172,-27.807,1,0,0.0358,128.405,0.219,8
0.349,0.659,173773,0.851,0,0.0,2,0.0401,-8.187999999999999,1,28,0.0482,125.336,0.906,4
0.785,0.659,181640,0.358,0,0.0,8,0.078,-8.726,1,59,0.0803,94.177,0.645,3
0.773,0.581,211627,0.251,0,3.87e-05,0,0.93,-16.930999999999994,1,8,0.0737,99.809,0.433,7
0.972,0.526,169973,0.252,0,0.0017,5,0.155,-9.801,1,52,0.0556,105.469,0.312,5
0.0195,0.7020000000000001,418147,0.687,0,0.329,0,0.076,-9.25,1,45,0.032,130.711,0.175,4
0.8240000000000001,0.463,209573,0.654,0,0.917,8,0.3720000000000001,-9.72,1,51,0.0659,175.204,0.5920000000000001,9
0.476,0.85,153561,0.458,1,0.0,8,0.26,-7.82,1,68,0.339,143.97299999999996,0.616,0
0.977,0.7090000000000001,198160,0.189,0,0.87,0,0.109,-15.433,0,2,0.0439,97.88,0.746,9
0.979,0.821,154907,0.402,0,0.441,6,0.0987,-7.512,0,0,0.0731,129.274,0.841,9
0.835,0.55,505080,0.391,0,0.738,3,0.0761,-11.853,0,20,0.0738,117.536,0.575,7
0.0193,0.691,266040,0.8390000000000001,0,0.0701,5,0.0503,-10.401,1,40,0.05,109.152,0.8079999999999999,4
0.033,0.369,213827,0.88,0,0.0,7,0.317,-5.043,1,49,0.0857,81.215,0.27,4
0.0033,0.459,249547,0.989,0,0.00031600000000000004,4,0.117,-3.003,1,46,0.162,175.938,0.428,1
0.425,0.634,225573,0.449,0,0.0,0,0.0415,-10.364,1,56,0.0353,146.10299999999995,0.922,2
0.544,0.419,306307,0.518,0,0.0,3,0.445,-5.689,0,49,0.16699999999999998,98.253,0.423,2
0.101,0.504,249880,0.779,1,0.0,1,0.366,-5.652,1,54,0.3670000000000001,160.737,0.498,2
0.0182,0.787,262613,0.606,0,0.000328,11,0.342,-9.522,0,57,0.195,94.631,0.477,3
0.0546,0.604,160400,0.43,0,0.0,7,0.0977,-13.575,1,48,0.032,68.257,0.644,2
0.867,0.509,169350,0.478,0,0.0291,0,0.109,-14.575,1,52,0.0895,96.66,0.302,5
0.396,0.473,521107,0.588,0,0.000169,2,0.157,-10.407,1,30,0.0455,81.317,0.629,5
0.851,0.244,249053,0.512,0,0.778,3,0.348,-14.059,1,3,0.0553,80.442,0.344,7
0.4270000000000001,0.6940000000000001,128960,0.445,0,0.000692,4,0.314,-10.573,1,12,0.0605,100.755,0.81,7
0.933,0.473,282120,0.121,0,0.00144,9,0.6759999999999999,-18.396,1,0,0.142,81.84899999999998,0.114,8
0.825,0.557,174000,0.327,0,1.82e-05,5,0.211,-10.004,1,11,0.0282,96.58,0.535,6
0.942,0.468,181307,0.136,0,3.25e-06,2,0.0833,-14.368,1,24,0.044,174.21400000000003,0.539,6
0.982,0.37,592907,0.113,0,0.847,0,0.132,-19.188,1,31,0.0431,68.358,0.309,5
0.972,0.342,175907,0.263,0,5.25e-06,0,0.131,-13.416,1,1,0.0344,104.896,0.295,8
0.405,0.7829999999999999,222933,0.747,0,0.0,11,0.0568,-10.681,0,44,0.0478,120.551,0.83,4
0.181,0.75,325173,0.782,0,0.54,9,0.142,-6.834,1,48,0.0244,107.699,0.941,4
0.00206,0.252,150907,0.507,0,0.00057,2,0.325,-13.337,1,56,0.0442,196.49400000000003,0.816,6
0.0158,0.253,260360,0.955,0,0.746,2,0.962,-7.8039999999999985,1,24,0.0806,98.843,0.425,4
0.99,0.391,187011,0.434,0,0.256,1,0.479,-8.76,1,0,0.0442,91.081,0.843,7
0.978,0.256,515253,0.118,0,0.887,11,0.0533,-20.179,1,0,0.0405,79.325,0.123,10
0.953,0.518,200667,0.0956,0,0.000784,10,0.22,-13.575,1,13,0.032,65.128,0.184,7
0.0419,0.561,187413,0.644,0,0.00115,2,0.15,-5.5820000000000025,1,44,0.0691,106.397,0.55,1
0.136,0.7120000000000001,285653,0.568,0,0.000364,9,0.961,-8.295,1,58,0.031,104.474,0.522,2
0.441,0.339,172347,0.647,0,0.0,10,0.0754,-4.1110000000000015,1,7,0.0511,55.716,0.785,6
0.978,0.35700000000000004,376453,0.13699999999999998,0,0.0,1,0.0919,-14.927,1,0,0.05,77.57300000000002,0.134,7
0.804,0.452,275507,0.28600000000000003,0,0.262,7,0.359,-13.82,1,28,0.0338,125.655,0.18600000000000005,5
0.984,0.726,204103,0.297,0,2.01e-06,6,0.381,-9.291,0,0,0.133,141.325,0.764,8
0.0634,0.61,162093,0.471,0,0.0,8,0.118,-9.151,0,54,0.0261,87.37899999999998,0.63,6
0.00205,0.425,319027,0.521,0,0.0108,2,0.0981,-8.931000000000003,1,42,0.0339,134.418,0.15,5
0.0005690000000000001,0.494,202496,0.951,0,0.0,9,0.327,-4.237,1,69,0.132,160.025,0.441,1
0.211,0.6990000000000001,105351,0.102,1,0.0,9,0.435,-19.532,0,0,0.952,134.925,0.532,8
0.977,0.289,155947,0.0935,0,4.19e-05,2,0.11,-18.586,1,11,0.033,82.023,0.15,7
0.938,0.16,262627,0.239,0,0.395,2,0.132,-16.863,1,0,0.041,98.491,0.0438,8
0.99,0.585,172352,0.35100000000000003,0,0.00354,10,0.24,-6.477,1,0,0.0337,116.552,0.494,8
0.907,0.0823,238224,0.0402,0,0.411,5,0.12,-15.85,1,0,0.039,171.96,0.292,7
0.995,0.557,193019,0.149,0,0.273,6,0.46,-16.915,1,0,0.107,107.675,0.415,9
0.517,0.748,155040,0.329,0,0.0,9,0.214,-13.309,1,16,0.0361,131.888,0.701,6
0.718,0.373,47293,0.349,0,0.00183,7,0.382,-19.331,0,50,0.359,93.073,0.5660000000000001,3
0.00602,0.628,235947,0.5710000000000001,0,8.89e-05,0,0.0833,-3.897,1,70,0.0631,119.894,0.465,0
0.146,0.706,223253,0.5579999999999999,0,0.0,2,0.118,-7.237,0,75,0.0593,110.443,0.227,1
0.994,0.475,30000,0.277,0,0.000742,11,0.299,-10.802,0,0,0.0465,93.681,0.968,9
0.985,0.438,200507,0.429,0,0.000482,8,0.35600000000000004,-14.275,1,0,0.0566,124.162,0.8390000000000001,9
0.97,0.69,369413,0.525,0,0.397,10,0.135,-10.466,0,15,0.0611,78.348,0.723,7
0.106,0.654,216587,0.51,1,6.42e-05,9,0.345,-7.808,1,55,0.211,76.045,0.31,1
0.154,0.7240000000000001,131737,0.41,0,6.579999999999999e-05,1,0.113,-13.986,0,50,0.0757,166.264,0.5329999999999999,1
0.915,0.58,243360,0.0632,0,0.000135,1,0.121,-19.53,1,31,0.0576,70.297,0.29600000000000004,7
0.994,0.8079999999999999,183520,0.131,0,0.772,6,0.112,-15.556,1,0,0.118,112.025,0.705,10
0.745,0.418,159293,0.393,0,0.0,0,0.23,-12.243,1,21,0.0444,86.055,0.8190000000000001,7
0.000172,0.409,244240,0.7929999999999999,0,0.0674,6,0.16699999999999998,-6.145,1,39,0.0321,154.077,0.471,2
0.698,0.535,144040,0.672,0,0.0,11,0.845,-7.159,1,16,0.0377,140.784,0.967,7
0.123,0.556,266933,0.9,0,0.0,0,0.5710000000000001,-6.11,1,33,0.097,126.686,0.804,4
0.797,0.546,185760,0.103,0,0.0139,0,0.1,-24.324,1,21,0.0336,122.676,0.24,4
0.77,0.206,128587,0.265,0,0.00172,6,0.17,-11.526,0,32,0.0317,140.619,0.132,7
0.00254,0.53,243939,0.907,0,3.91e-05,8,0.1,-3.0660000000000003,1,52,0.0589,109.997,0.264,1
0.936,0.57,143293,0.007640000000000002,0,9.36e-06,5,0.7390000000000001,-30.196,1,18,0.0453,84.289,0.509,6
0.0128,0.755,467827,0.836,0,0.019,7,0.3,-8.065,1,45,0.0606,126.609,0.679,4
0.12,0.639,222333,0.942,0,0.000445,2,0.0682,-4.68,1,53,0.05,119.673,0.636,3
0.0351,0.518,238133,0.87,0,0.00707,0,0.255,-4.933,1,56,0.098,169.665,0.6609999999999999,3
0.361,0.629,307627,0.7170000000000001,0,7.840000000000001e-05,4,0.0597,-7.36,1,46,0.0336,103.753,0.748,4
0.962,0.456,216400,0.16899999999999998,0,0.913,3,0.0936,-20.795,1,20,0.0302,124.934,0.24,6
0.961,0.273,194627,0.13,0,1.01e-06,5,0.269,-15.126,1,9,0.033,105.857,0.135,7
0.454,0.5760000000000001,61120,0.274,0,0.0,9,0.0841,-13.531,0,38,0.0329,85.969,0.403,6
0.573,0.623,256173,0.424,0,0.0,3,0.17600000000000002,-7.334,1,33,0.029,91.178,0.477,4
0.64,0.578,168533,0.514,0,0.0,7,0.14400000000000002,-5.99,1,57,0.0401,66.342,0.857,1
0.8640000000000001,0.596,165320,0.29,0,0.0229,9,0.111,-9.692,1,39,0.0299,108.747,0.16699999999999998,3
0.127,0.82,148080,0.7879999999999999,0,0.0,4,0.117,-6.747000000000001,1,54,0.0486,133.019,0.933,2
0.0431,0.6,166307,0.71,0,0.0,11,0.262,-7.434,0,27,0.35700000000000004,85.68299999999998,0.491,5
0.00064,0.468,234747,0.524,0,0.0221,1,0.131,-12.38,0,53,0.0474,136.293,0.537,3
0.912,0.4920000000000001,220400,0.728,0,0.206,2,0.113,-7.592,0,0,0.0336,131.394,0.784,7
0.000532,0.264,344187,0.96,0,0.00123,6,0.214,-2.968,1,53,0.0906,139.967,0.212,1
0.5529999999999999,0.398,323960,0.253,0,0.0,9,0.0765,-16.1,1,48,0.0405,120.851,0.326,4
0.423,0.705,166693,0.199,0,8.87e-06,0,0.211,-12.758,1,30,0.0438,114.108,0.7929999999999999,5
0.993,0.5770000000000001,215805,0.257,0,0.0373,0,0.308,-9.7,0,0,0.0526,83.17,0.6970000000000001,8
0.58,0.585,316107,0.657,0,0.0151,10,0.127,-7.785,1,47,0.0574,84.529,0.466,1
2.93e-05,0.507,182507,0.991,0,0.00027,4,0.108,-3.98,1,46,0.0609,91.934,0.713,3
0.000154,0.409,201467,0.872,0,5.08e-05,6,0.16699999999999998,-5.2570000000000014,0,40,0.111,200.243,0.412,2
0.586,0.5429999999999999,575867,0.142,0,0.00889,0,0.181,-20.989,1,46,0.067,101.347,0.14300000000000002,4
0.385,0.464,208295,0.727,0,0.0,3,0.135,-2.874,1,45,0.0373,86.235,0.805,3
0.00359,0.758,223240,0.49,1,6.61e-06,11,0.292,-9.877,1,61,0.139,140.116,0.335,1
0.992,0.449,207440,0.36,0,0.888,7,0.157,-17.882,1,29,0.21,78.916,0.193,6
0.00054,0.612,224674,0.938,0,0.0,11,0.368,-4.463,1,50,0.0623,100.04,0.612,1
0.0351,0.244,380960,0.561,0,0.000741,4,0.0889,-7.38,1,37,0.0321,93.633,0.166,2
0.405,0.457,256373,0.667,0,0.0,5,0.092,-8.722999999999999,1,49,0.0361,179.85299999999995,0.6,4
0.0399,0.7759999999999999,147867,0.562,1,0.0,9,0.138,-6.901,1,70,0.363,169.03,0.521,1
0.602,0.62,154133,0.5529999999999999,0,0.0,6,0.0706,-6.895,1,38,0.0905,130.833,0.695,6
0.000522,0.875,244733,0.645,1,0.0,8,0.0836,-8.61,0,40,0.28,92.046,0.5589999999999999,3
0.0478,0.5379999999999999,455693,0.6609999999999999,0,0.0191,7,0.318,-8.98,1,28,0.0298,104.332,0.282,4
0.963,0.322,545013,0.28800000000000003,0,0.903,0,0.0659,-17.344,1,14,0.0321,149.921,0.365,7
0.016,0.391,222400,0.5870000000000001,0,2.87e-06,2,0.0663,-12.232,1,24,0.0285,171.91,0.6629999999999999,5
0.14,0.6890000000000001,237000,0.398,0,3.08e-05,2,0.128,-6.704,1,60,0.0274,105.005,0.643,1
0.984,0.52,163400,0.281,0,0.00028,2,0.211,-8.776,0,0,0.0366,114.124,0.556,9
0.991,0.5379999999999999,195400,0.389,0,0.299,11,0.0935,-9.492,0,0,0.0334,104.561,0.904,8
0.845,0.13,1096267,0.0401,0,0.873,4,0.107,-23.873,1,0,0.0376,81.765,0.0412,8
0.928,0.446,966773,0.207,0,0.747,5,0.105,-15.382,0,9,0.0419,72.745,0.162,6
0.00409,0.8009999999999999,284413,0.621,0,2.47e-05,11,0.131,-6.837999999999999,0,50,0.0652,130.006,0.448,1
0.988,0.46,169788,0.353,0,0.0285,1,0.126,-9.745,1,0,0.0531,133.707,0.491,7
0.019,0.698,240706,0.91,0,7.730000000000001e-05,2,0.11,-6.563,1,41,0.0459,112.112,0.715,3
0.991,0.267,84147,0.0533,0,0.929,10,0.098,-31.124,0,0,0.0326,71.556,0.532,10
0.313,0.578,154227,0.777,0,2.61e-05,0,0.131,-9.268,1,31,0.0428,148.703,0.92,4
0.996,0.546,212573,0.0688,0,0.79,0,0.117,-15.745,0,0,0.0436,76.742,0.498,8
0.305,0.836,150367,0.304,0,0.0,4,0.0979,-7.947999999999999,1,75,0.0666,94.037,0.688,0
0.000691,0.665,228907,0.967,0,0.0,7,0.36,-4.455,1,45,0.0581,111.045,0.629,2
0.118,0.738,278907,0.995,1,1.66e-06,9,0.0337,-2.252,1,45,0.128,153.93,0.648,2
0.782,0.214,195493,0.287,0,0.0,10,0.442,-10.692,1,12,0.0311,79.911,0.16699999999999998,6
0.7,0.407,252000,0.435,0,5.8e-06,9,0.29600000000000004,-11.325,0,31,0.0273,167.15599999999995,0.52,5
0.8640000000000001,0.5,282533,0.207,0,0.000696,0,0.106,-16.817,0,30,0.0391,94.662,0.259,6
0.6709999999999999,0.482,192707,0.28800000000000003,0,0.000196,9,0.115,-13.373,1,40,0.0274,80.892,0.5489999999999999,3
0.7020000000000001,0.624,200040,0.472,0,0.0,7,0.113,-15.442,1,33,0.044,133.958,0.539,6
0.872,0.272,299293,0.5539999999999999,0,1.62e-05,2,0.85,-13.032,1,20,0.0761,104.484,0.302,5
0.0257,0.628,169397,0.7440000000000001,1,0.0,7,0.313,-4.718,1,80,0.0379,119.921,0.277,1
0.00162,0.426,205600,0.929,0,0.105,2,0.0789,-6.729,1,67,0.0701,127.059,0.539,3
0.735,0.7559999999999999,143240,0.768,0,0.0,0,0.182,-10.701,1,56,0.112,118.208,0.7829999999999999,7
0.435,0.649,233840,0.752,0,5.85e-06,11,0.289,-6.702000000000001,1,51,0.032,94.003,0.915,1
0.994,0.421,196340,0.238,0,0.8270000000000001,0,0.596,-10.36,1,0,0.0481,129.345,0.508,8
0.29600000000000004,0.7709999999999999,152413,0.649,0,0.000238,10,0.147,-6.91,0,40,0.0497,101.931,0.6609999999999999,2
0.054000000000000006,0.8170000000000001,238800,0.402,0,0.0,8,0.219,-8.045,1,39,0.091,104.911,0.463,2
0.993,0.466,189427,0.345,0,0.0,7,0.162,-7.181,1,2,0.0305,96.067,0.324,9
0.563,0.63,213027,0.376,0,0.0,3,0.14800000000000002,-13.305,1,47,0.0304,94.057,0.815,5
0.0020800000000000003,0.531,209147,0.743,0,0.35100000000000003,1,0.222,-8.831,1,41,0.0376,127.257,0.7190000000000001,4
0.767,0.421,177560,0.361,0,0.918,5,0.191,-13.418,1,27,0.028,112.29,0.514,6
0.7559999999999999,0.77,151200,0.45,0,7.63e-05,2,0.133,-10.322,1,2,0.0426,107.193,0.965,7
0.0626,0.6559999999999999,219813,0.6679999999999999,0,2.78e-06,9,0.179,-5.251,1,54,0.0303,114.905,0.617,2
0.8490000000000001,0.619,290333,0.613,0,0.000977,5,0.961,-7.857,1,29,0.103,70.16,0.485,6
0.4970000000000001,0.745,172933,0.327,0,8.65e-06,4,0.0825,-14.772,1,23,0.042,111.794,0.966,6
0.985,0.541,208797,0.114,0,2.07e-06,9,0.111,-16.479,1,0,0.0595,114.275,0.7240000000000001,7
0.8220000000000001,0.619,297507,0.268,0,0.7290000000000001,4,0.37,-18.193,1,20,0.032,144.153,0.6759999999999999,6
0.698,0.388,171600,0.308,0,0.000929,2,0.191,-13.253,0,28,0.0301,122.55,0.249,5
0.292,0.457,143880,0.794,0,4.57e-06,5,0.302,-8.884,0,20,0.114,174.415,0.8009999999999999,6
0.0599,0.42,121573,0.944,0,0.74,0,0.101,-9.296,1,38,0.0491,151.261,0.32299999999999995,3
0.649,0.718,160533,0.353,0,0.6559999999999999,0,0.505,-11.973,0,31,0.0433,141.803,0.715,6
0.273,0.604,205800,0.963,0,6.62e-06,7,0.374,-5.572,1,52,0.0906,174.718,0.695,3
0.8220000000000001,0.278,455973,0.0515,0,0.116,7,0.064,-26.259,1,0,0.0425,105.354,0.0511,8
0.392,0.578,202027,0.287,0,1.89e-05,8,0.0904,-12.898,1,33,0.0242,78.331,0.391,4
0.0821,0.6629999999999999,223999,0.875,0,0.0,6,0.124,-3.301,1,65,0.183,91.056,0.51,1
0.196,0.75,245893,0.833,0,0.0,8,0.622,-5.817,1,42,0.279,143.369,0.614,2
0.763,0.115,199747,0.396,0,0.949,9,0.468,-11.182,1,2,0.0337,82.635,0.036000000000000004,7
0.98,0.473,173240,0.121,0,0.076,2,0.264,-13.52,1,4,0.0322,93.507,0.332,7
0.757,0.472,216347,0.508,0,0.159,9,0.38,-8.73,0,27,0.0396,119.773,0.469,6
0.991,0.684,218000,0.261,0,0.7,7,0.276,-8.782,1,0,0.0727,115.778,0.652,10
0.152,0.7929999999999999,168298,0.388,0,0.782,7,0.0877,-12.419,0,36,0.0316,105.968,0.736,6
0.969,0.688,195027,0.0666,0,1.26e-05,3,0.0763,-15.897,1,13,0.0385,79.734,0.418,8
0.961,0.17600000000000002,148867,0.0157,0,0.909,4,0.12,-30.352,0,25,0.0485,122.03,0.0697,4
0.09,0.429,260173,0.59,0,9.48e-05,5,0.647,-11.45,1,37,0.0757,147.53,0.51,5
0.301,0.5710000000000001,179667,0.585,0,1.91e-05,3,0.688,-11.694,1,34,0.0548,128.487,0.732,5
0.979,0.338,199733,0.112,0,1.02e-05,6,0.129,-13.272,0,26,0.0348,64.501,0.103,5
0.0693,0.664,208293,0.608,1,5.41e-05,1,0.0836,-6.563,0,45,0.279,82.48100000000002,0.43,2
0.986,0.403,205400,0.131,0,2.28e-05,9,0.635,-19.917,1,4,0.0772,68.355,0.21600000000000005,8
0.991,0.392,182173,0.316,0,0.00161,2,0.378,-9.65,1,0,0.0388,112.605,0.455,7
0.987,0.546,199800,0.155,0,6.02e-05,0,0.18,-14.378,1,65,0.0428,72.331,0.512,1
0.0141,0.718,304600,0.7559999999999999,0,3.46e-05,10,0.0628,-7.648,0,36,0.0838,94.654,0.888,3
0.55,0.423,112067,0.59,1,4.22e-05,9,0.306,-7.37,0,53,0.156,76.035,0.387,1
0.00487,0.385,215040,0.912,0,1.11e-05,1,0.0926,-4.198,0,55,0.105,127.038,0.312,1
0.153,0.457,159133,0.602,0,0.897,7,0.132,-11.774,1,25,0.0361,129.507,0.769,5
0.995,0.261,216320,0.184,0,0.0375,1,0.111,-16.093,1,0,0.0413,64.098,0.25,9
0.0795,0.6970000000000001,263337,0.716,1,0.0,5,0.139,-6.671,0,57,0.151,140.082,0.348,1
0.54,0.583,231667,0.889,0,0.27,9,0.0995,-4.532,1,20,0.0994,106.666,0.598,5
0.939,0.799,105267,0.349,0,0.192,1,0.0354,-12.998,1,24,0.0456,107.935,0.901,7
0.994,0.486,44187,0.0228,0,0.948,10,0.152,-26.922,0,0,0.0528,129.75799999999998,0.8340000000000001,7
0.56,0.767,158987,0.505,0,0.0,0,0.107,-13.041,1,23,0.0415,123.074,0.965,4
0.0008470000000000001,0.339,326093,0.623,0,0.0125,7,0.354,-13.184,1,0,0.0481,80.847,0.451,10
0.688,0.519,441307,0.53,0,0.442,10,0.269,-8.919,1,25,0.0356,180.332,0.767,5
0.956,0.183,230733,0.264,0,0.841,5,0.107,-13.13,0,44,0.0364,95.193,0.0537,3
0.205,0.604,192747,0.515,0,0.916,7,0.105,-11.339,1,34,0.0374,157.762,0.809,3
0.000272,0.59,124773,0.77,0,0.411,10,0.0811,-12.147,1,55,0.0346,132.613,0.737,4
0.417,0.431,187368,0.487,0,3.5000000000000016e-06,2,0.364,-6.254,1,56,0.0477,162.049,0.772,3
0.215,0.738,299333,0.545,1,2.43e-05,7,0.279,-6.153,1,50,0.281,172.077,0.541,3
0.365,0.249,285267,0.521,0,0.000107,8,0.109,-12.369000000000002,1,27,0.0567,201.523,0.454,5
0.991,0.69,174573,0.16399999999999998,0,0.8859999999999999,5,0.129,-18.657,0,22,0.0451,80.1,0.579,7
0.995,0.294,214733,0.0442,0,0.963,7,0.0833,-22.951,0,41,0.0456,89.116,0.875,2
0.0546,0.653,287533,0.877,0,0.0,0,0.26,-8.657,1,24,0.0468,140.941,0.7070000000000001,5
0.215,0.488,166693,0.227,0,0.0,0,0.162,-12.547,0,17,0.0311,92.017,0.292,7
0.947,0.461,257775,0.293,0,9.95e-06,6,0.0936,-9.52,1,67,0.0555,180.297,0.531,1
0.99,0.535,167413,0.135,0,0.8859999999999999,7,0.108,-22.689,0,5,0.0395,83.84100000000002,0.552,7
0.141,0.468,193907,0.706,0,0.000445,8,0.13,-8.873,1,24,0.131,131.028,0.889,6
0.644,0.728,93879,0.498,0,0.0133,0,0.0869,-6.973,1,11,0.0456,176.463,0.962,6
0.204,0.611,203773,0.6970000000000001,0,0.0,11,0.0905,-7.017,1,37,0.268,89.838,0.735,0
0.207,0.6409999999999999,184514,0.55,0,0.0143,0,0.0883,-9.938,1,22,0.0343,95.861,0.89,5
0.995,0.7290000000000001,164533,0.18,0,0.596,4,0.161,-13.543,0,0,0.0867,120.215,0.7759999999999999,10
0.764,0.703,192240,0.18,0,0.0,2,0.12,-18.542,1,26,0.0377,125.25,0.777,5
0.991,0.403,145600,0.0732,0,0.0,3,0.11,-23.17,1,0,0.0401,45.775,0.132,8
0.981,0.448,172413,0.106,0,0.8809999999999999,7,0.149,-15.189,0,0,0.0649,66.28699999999999,0.0687,8
0.959,0.512,117253,0.221,0,0.0028,5,0.0678,-15.707,1,0,0.0734,80.937,0.742,7
0.97,0.32,172707,0.115,0,0.000225,8,0.191,-18.322,1,9,0.0389,78.149,0.16699999999999998,8
0.188,0.539,218973,0.5660000000000001,0,0.0,8,0.101,-8.21,1,59,0.033,74.997,0.628,2
0.0208,0.343,134920,0.942,1,0.0038,9,0.7909999999999999,-7.818,1,35,0.473,93.552,0.13699999999999998,3
0.964,0.405,189475,0.111,0,4.370000000000001e-05,0,0.0872,-11.879,1,74,0.0369,116.86,0.219,1
0.00807,0.7609999999999999,110420,0.684,1,0.0,1,0.117,-8.797,1,54,0.0819,87.015,0.184,1
0.00011,0.742,449499,0.965,0,0.607,1,0.0703,-8.291,0,37,0.0538,123.04,0.387,4
0.0402,0.594,199360,0.433,0,0.0,1,0.104,-7.347,0,52,0.0334,128.918,0.202,1
0.168,0.8370000000000001,253693,0.5379999999999999,0,0.0216,1,0.0603,-15.363,0,47,0.0517,106.684,0.7829999999999999,5
0.114,0.457,193333,0.8240000000000001,1,0.0,11,0.0787,-7.066,0,57,0.416,144.416,0.601,1
0.248,0.438,158147,0.8370000000000001,0,9.73e-05,5,0.135,-6.416,0,44,0.0873,125.092,0.616,6
0.942,0.199,588360,0.314,0,0.0139,9,0.111,-14.955,1,0,0.0597,63.445,0.145,7
0.996,0.727,97202,0.0534,0,0.889,0,0.102,-22.52,1,0,0.13,114.696,0.583,8
0.568,0.72,150987,0.555,0,0.0,4,0.17,-9.641,0,17,0.052000000000000005,127.292,0.7490000000000001,6
0.495,0.552,247493,0.391,0,0.0,2,0.0867,-12.097,1,45,0.0343,131.98,0.309,4
0.168,0.823,239360,0.677,0,3.32e-05,6,0.173,-12.887,1,27,0.0797,93.922,0.934,5
0.932,0.58,229861,0.403,0,0.416,7,0.159,-12.505999999999998,0,30,0.0571,96.499,0.245,5
0.98,0.295,926413,0.115,0,0.897,2,0.132,-23.416,1,13,0.0413,90.296,0.429,7
0.941,0.67,90067,0.281,0,0.000174,2,0.0929,-14.726,1,5,0.453,132.308,0.878,7
0.0738,0.7859999999999999,242320,0.371,0,0.0,0,0.0591,-7.225,1,33,0.231,176.592,0.565,3
0.174,0.7240000000000001,215160,0.444,0,5.37e-06,4,0.13699999999999998,-15.806,1,26,0.0268,134.028,0.743,4
0.988,0.589,183008,0.202,0,0.00896,9,0.355,-9.853,1,0,0.14,134.734,0.8859999999999999,8
0.872,0.612,146267,0.6709999999999999,0,0.0,2,0.125,-3.933,1,4,0.12,139.515,0.857,7
0.102,0.934,211000,0.467,0,3.98e-05,11,0.109,-10.99,0,75,0.307,123.583,0.73,5
0.0548,0.768,239908,0.853,0,0.13,10,0.0188,-5.915,0,55,0.0427,107.234,0.889,5
0.503,0.604,163667,0.7909999999999999,0,5.75e-06,9,0.327,-3.846,1,44,0.0299,80.27600000000002,0.836,6
0.039,0.8240000000000001,249533,0.366,0,0.106,7,0.0403,-10.96,1,65,0.145,73.949,0.895,4
0.508,0.581,203680,0.78,0,1.07e-05,4,0.0799,-7.053,1,67,0.0567,123.711,0.561,6
0.0226,0.448,224550,0.55,0,0.205,9,0.0425,-7.427,1,56,0.026,81.814,0.7090000000000001,5
0.841,0.535,177733,0.485,0,8.14e-05,2,0.7390000000000001,-8.115,0,22,0.158,71.875,0.67,6
0.000654,0.649,219840,0.958,0,9.45e-05,0,0.319,-2.999,1,57,0.0509,138.039,0.845,2
3.89e-05,0.378,196000,0.971,0,0.0752,4,0.109,-5.49,1,44,0.0655,136.269,0.672,3
0.142,0.629,250839,0.583,0,0.0,2,0.118,-6.274,1,59,0.0415,147.036,0.4920000000000001,1
0.507,0.511,336293,0.631,0,0.0409,10,0.195,-7.454,1,43,0.0341,110.952,0.282,2
0.00397,0.16699999999999998,222960,0.636,0,0.228,9,0.106,-7.4,1,51,0.0382,97.293,0.6709999999999999,3
0.629,0.578,157640,0.447,0,0.0,4,0.19,-14.212,1,44,0.032,116.128,0.8079999999999999,6
0.981,0.264,288707,0.202,0,0.49,0,0.101,-18.35,1,1,0.0406,95.357,0.0644,8
0.308,0.706,246267,0.404,0,0.00481,1,0.0793,-10.27,1,34,0.0367,90.319,0.416,3
0.983,0.343,148347,0.156,0,0.902,3,0.104,-15.407,1,0,0.034,62.052,0.17,8
0.0847,0.456,308440,0.696,0,0.0,6,0.499,-9.279,1,32,0.0501,157.06,0.394,3
0.86,0.244,214013,0.0867,0,0.0,5,0.201,-24.285,0,20,0.0356,177.81099999999995,0.441,6
0.122,0.529,216667,0.794,0,0.0,5,0.117,-3.903,1,61,0.16399999999999998,119.956,0.5429999999999999,1
0.959,0.691,167360,0.379,0,0.00019,5,0.13699999999999998,-15.171,0,30,0.124,90.232,0.748,4
0.000493,0.62,302893,0.862,0,0.0068,8,0.0838,-6.6370000000000005,0,34,0.0411,126.85,0.475,4
0.608,0.6729999999999999,117013,0.349,0,0.0,4,0.38,-12.414,1,62,0.0368,124.451,0.609,6
0.12,0.64,217200,0.6859999999999999,0,0.0258,2,0.0944,-8.19,1,27,0.0686,120.174,0.7879999999999999,5
0.331,0.6509999999999999,234667,0.6759999999999999,0,0.0,2,0.0319,-8.911,0,24,0.0382,124.575,0.905,5
0.985,0.192,459560,0.253,0,0.906,4,0.105,-17.517,1,8,0.0423,73.469,0.092,7
0.985,0.0946,233800,0.0031,0,0.6459999999999999,3,0.0787,-35.008,1,28,0.0423,88.45299999999996,0.0297,5
0.995,0.365,347427,0.01,0,0.924,1,0.0584,-25.268,1,57,0.0519,135.048,0.0364,7
0.132,0.649,208560,0.8,0,0.000139,6,0.175,-4.979,1,49,0.104,182.021,0.507,2
