0.634,0.61,255002,0.5529999999999999,0,0.0,2,0.129,-8.498,1,27,0.0236,98.001,0.637,4
0.0633,0.764,360987,0.941,0,0.0477,7,0.0535,-8.019,1,42,0.0691,94.557,0.481,2
0.0875,0.649,197027,0.797,0,0.000243,9,0.0573,-7.966,1,47,0.035,84.185,0.89,2
0.063,0.7290000000000001,204243,0.674,0,5.19e-05,4,0.0191,-11.423,1,22,0.0505,109.029,0.851,5
0.00103,0.48,258533,0.6920000000000001,0,0.0,5,0.41,-5.739,0,41,0.0271,149.856,0.35100000000000003,2
0.12,0.84,258640,0.7170000000000001,1,1.29e-05,10,0.298,-4.368,0,54,0.105,96.224,0.675,3
0.154,0.402,976133,0.515,0,0.0045,11,0.737,-12.143,0,30,0.0499,105.408,0.603,5
0.287,0.706,329228,0.593,0,0.0,5,0.15,-8.581,0,68,0.0902,123.774,0.481,1
0.838,0.595,176080,0.279,0,0.00605,2,0.0841,-12.794,1,52,0.0306,92.345,0.212,6
0.56,0.475,250227,0.6629999999999999,0,0.000599,0,0.0798,-9.95,1,36,0.0381,138.459,0.743,5
0.14400000000000002,0.469,162333,0.598,0,0.0,0,0.102,-8.732000000000001,1,48,0.102,204.664,0.926,3
0.145,0.865,277267,0.924,1,4.4299999999999986e-05,1,0.383,-3.489,1,52,0.226,97.523,0.557,3
0.0742,0.7390000000000001,241747,0.622,0,0.004,2,0.0697,-9.406,0,37,0.0388,89.23,0.7290000000000001,3
0.0943,0.552,186280,0.72,0,0.0,0,0.0868,-7.843,1,22,0.0521,110.607,0.423,6
0.00144,0.516,218800,0.986,0,0.0433,8,0.207,-2.537,1,33,0.0689,143.23,0.5429999999999999,4
0.0006929999999999999,0.682,133027,0.726,0,0.0006580000000000001,1,0.0474,-3.74,0,29,0.124,75.025,0.8809999999999999,3
0.257,0.616,180067,0.6859999999999999,0,1.47e-06,10,0.19,-7.365,1,49,0.0285,90.805,0.8190000000000001,4
0.0359,0.722,178200,0.636,0,1.75e-05,0,0.12,-7.957000000000002,1,41,0.0491,122.653,0.6940000000000001,3
0.868,0.494,163147,0.326,0,0.402,0,0.28800000000000003,-17.055,1,23,0.0287,100.346,0.8490000000000001,6
0.958,0.682,151990,0.259,0,0.000554,8,0.123,-14.518,1,0,0.0687,92.088,0.8370000000000001,9
0.109,0.708,238481,0.575,1,0.0,10,0.134,-5.912000000000001,1,51,0.119,139.983,0.127,1
0.152,0.6729999999999999,277037,0.564,0,0.004,2,0.0559,-5.41,0,50,0.103,121.54,0.698,3
0.257,0.275,244180,0.403,0,0.000526,4,0.222,-11.014,0,42,0.0302,168.455,0.272,3
0.0213,0.504,277160,0.6509999999999999,0,0.000202,2,0.246,-6.682,1,52,0.0281,80.934,0.284,1
0.272,0.56,322093,0.3720000000000001,0,0.0,2,0.196,-6.58,1,57,0.0446,119.189,0.473,2
0.455,0.7140000000000001,238600,0.4270000000000001,0,0.0,3,0.0831,-10.328,1,36,0.0495,74.217,0.711,3
0.241,0.385,325600,0.433,0,7.07e-06,11,0.11,-9.256,1,66,0.0435,89.97399999999998,0.4270000000000001,3
0.996,0.8290000000000001,175000,0.318,0,0.923,9,0.107,-10.933,1,0,0.0987,112.683,0.92,10
0.953,0.653,186267,0.252,0,0.00221,0,0.109,-10.673,1,4,0.0575,107.501,0.7340000000000001,9
0.307,0.62,219267,0.722,0,0.44,4,0.0704,-10.915,0,36,0.106,171.43900000000005,0.611,5
0.645,0.4270000000000001,134693,0.8059999999999999,0,0.851,5,0.12,-12.626,0,34,0.0428,141.986,0.8909999999999999,6
0.244,0.298,216933,0.672,0,0.0,7,0.0993,-5.526,1,44,0.0347,108.047,0.15,2
0.043,0.907,299507,0.645,0,0.0,7,0.18,-4.38,1,58,0.0976,103.312,0.562,3
0.875,0.61,208493,0.473,0,0.0023,1,0.245,-15.869000000000002,0,46,0.0438,107.517,0.809,3
0.505,0.547,217747,0.308,0,0.0,0,0.109,-11.75,1,55,0.0377,114.719,0.41,5
0.0985,0.716,272813,0.924,1,0.0,1,0.306,-5.433,1,56,0.324,92.022,0.7859999999999999,3
0.000842,0.212,301293,0.973,0,0.0213,2,0.0921,-5.307,1,43,0.322,159.381,0.112,4
0.54,0.625,187572,0.645,0,0.0776,9,0.34700000000000003,-5.959,1,60,0.0278,106.996,0.685,1
0.17600000000000002,0.909,191904,0.443,0,0.0,6,0.425,-6.89,0,40,0.0424,116.179,0.964,2
0.46,0.511,162840,0.509,0,0.0032600000000000003,8,0.0885,-9.629,1,10,0.0329,110.903,0.6579999999999999,7
0.8809999999999999,0.613,137787,0.868,0,0.0281,3,0.303,-9.066,1,40,0.0778,104.364,0.963,5
0.221,0.911,306827,0.648,1,0.0,7,0.289,-6.791,1,39,0.228,111.513,0.757,2
0.000825,0.274,57400,0.897,1,0.0,4,0.244,-11.172,0,34,0.0359,186.86900000000003,0.484,4
0.00014,0.468,270920,0.769,1,0.00124,4,0.271,-7.0360000000000005,1,69,0.041,104.102,0.17,3
0.11,0.324,274800,0.914,0,4.83e-06,4,0.107,-4.68,0,31,0.102,116.741,0.406,3
0.211,0.593,314307,0.589,0,0.0408,2,0.0834,-10.274,1,35,0.0257,82.57700000000001,0.63,4
0.26,0.902,193467,0.72,1,0.0,6,0.0749,-2.776,0,46,0.34700000000000003,90.059,0.805,2
0.992,0.412,200093,0.245,0,0.913,10,0.111,-15.588,0,0,0.0427,74.343,0.919,8
0.97,0.449,249267,0.441,0,0.233,11,0.108,-8.696,0,0,0.0521,99.54,0.311,7
0.00283,0.453,322093,0.7879999999999999,0,0.000119,7,0.441,-5.7120000000000015,1,64,0.0326,126.737,0.7929999999999999,1
0.856,0.1,261689,0.175,0,0.529,1,0.124,-17.557000000000002,0,39,0.0384,75.54,0.0376,4
0.0647,0.395,230051,0.92,0,3.510000000000001e-05,4,0.307,-6.041,1,51,0.0622,148.513,0.81,1
0.0118,0.213,270587,0.958,0,5.42e-05,2,0.5329999999999999,-3.353,0,35,0.0563,138.145,0.507,4
0.917,0.518,152667,0.165,0,0.0,8,0.0932,-12.241,1,33,0.0864,83.63799999999998,0.297,4
0.993,0.299,196957,0.303,0,0.904,7,0.154,-14.932,1,0,0.0517,80.735,0.5589999999999999,9
0.00557,0.209,258351,0.889,1,0.00317,0,0.112,-7.792999999999997,1,31,0.0736,93.306,0.159,4
0.951,0.5920000000000001,275667,0.115,0,6.61e-06,5,0.115,-13.934,1,0,0.041,115.759,0.361,10
0.39,0.423,214171,0.789,0,0.00198,6,0.368,-4.7810000000000015,0,1,0.149,199.802,0.875,7
0.282,0.66,144147,0.583,0,0.0,4,0.0553,-7.3610000000000015,1,50,0.0512,125.44,0.941,6
0.5770000000000001,0.277,216693,0.244,0,0.8270000000000001,7,0.273,-15.904000000000002,1,1,0.0355,80.242,0.132,8
0.64,0.7140000000000001,182613,0.5329999999999999,0,1.7e-06,4,0.162,-10.405,1,53,0.0293,118.107,0.631,1
0.7440000000000001,0.637,206067,0.528,0,0.0,4,0.114,-11.287,1,43,0.0328,124.806,0.7020000000000001,5
0.994,0.41,146653,0.201,0,0.0351,6,0.155,-15.034,1,0,0.0357,84.94,0.338,8
0.0162,0.528,215467,0.883,0,0.00604,9,0.0911,-5.2010000000000005,1,26,0.0537,143.804,0.7490000000000001,5
0.804,0.284,147960,0.32299999999999995,0,0.0,9,0.0938,-12.102,0,19,0.0353,188.778,0.301,7
0.000485,0.42,111507,0.7020000000000001,0,0.15,4,0.265,-10.939,1,28,0.0489,133.515,0.8220000000000001,4
0.00314,0.529,451893,0.622,0,0.466,10,0.0979,-8.767999999999999,1,47,0.0466,124.622,0.37,5
0.932,0.7340000000000001,114360,0.525,0,1.11e-06,3,0.429,-10.815,1,11,0.0599,117.086,0.96,6
0.813,0.486,148377,0.378,0,0.0,4,0.371,-13.317,1,1,0.0305,94.324,0.794,8
0.994,0.507,159493,0.336,0,0.956,6,0.153,-13.723,0,0,0.0779,62.37300000000001,0.655,7
0.967,0.408,59560,0.309,0,0.453,5,0.384,-12.380999999999998,0,1,0.042,84.241,0.47,7
0.984,0.155,276040,0.187,0,0.0033200000000000005,6,0.0888,-13.774,1,29,0.046,59.90600000000001,0.0663,6
0.464,0.741,159733,0.341,0,0.000129,10,0.249,-11.216,1,17,0.0402,92.144,0.93,6
0.516,0.37,159440,0.478,0,0.0,5,0.0893,-7.164,0,22,0.0333,104.566,0.172,5
0.812,0.36,191293,0.21,0,9.15e-06,5,0.0834,-13.97,1,13,0.0366,137.314,0.332,7
0.638,0.693,133067,0.795,0,0.0,10,0.0866,-4.6960000000000015,0,9,0.0334,105.651,0.835,6
0.882,0.463,261333,0.309,0,0.0,3,0.104,-9.642,1,19,0.0387,145.181,0.264,5
0.732,0.616,99227,0.41,0,0.0,1,0.123,-8.523,1,49,0.0413,129.498,0.324,2
0.0225,0.614,220667,0.807,0,0.00413,2,0.108,-12.075,1,30,0.055,184.939,0.898,4
0.005520000000000001,0.745,237240,0.34600000000000003,1,0.0,1,0.0881,-7.709,1,73,0.331,203.911,0.112,1
0.307,0.325,532307,0.71,0,0.172,6,0.132,-6.545,1,60,0.0295,134.371,0.193,1
0.987,0.242,382897,0.258,0,0.898,11,0.354,-19.282,1,0,0.037000000000000005,113.421,0.0688,9
0.139,0.7190000000000001,196267,0.405,0,0.0,5,0.0447,-14.065,1,32,0.0733,131.634,0.654,4
0.995,0.365,190240,0.0502,0,0.913,7,0.0946,-25.791,1,0,0.0907,76.355,0.388,7
0.0331,0.573,242000,0.888,0,0.311,0,0.182,-10.966,1,44,0.052000000000000005,127.033,0.964,4
0.6709999999999999,0.604,206893,0.3670000000000001,0,5.12e-06,8,0.106,-9.562,0,9,0.0412,89.76,0.616,6
0.758,0.655,234933,0.263,0,0.0,9,0.118,-15.574000000000002,0,59,0.0391,87.829,0.379,4
0.605,0.417,129667,0.426,0,3.86e-05,9,0.17,-14.059,1,49,0.0566,172.458,0.561,3
0.954,0.475,186802,0.28300000000000003,0,0.0014199999999999998,8,0.268,-13.63,0,29,0.0389,98.849,0.481,7
0.742,0.495,170373,0.359,0,0.00285,0,0.0588,-8.792,0,6,0.0421,86.229,0.6759999999999999,7
0.00307,0.677,173625,0.758,0,0.736,6,0.22,-6.523,0,65,0.027000000000000003,119.999,0.308,1
0.8490000000000001,0.517,214133,0.44,0,0.0,5,0.4,-9.445,1,0,0.0404,94.175,0.535,7
0.7170000000000001,0.773,209885,0.471,0,0.00081,5,0.0621,-7.755,1,38,0.0427,124.692,0.753,3
0.601,0.653,152200,0.221,0,0.0,11,0.155,-17.797,0,1,0.959,91.753,0.491,7
0.762,0.523,225493,0.414,0,0.0,5,0.124,-13.404000000000002,1,33,0.0393,88.329,0.691,5
0.947,0.505,363173,0.377,0,0.419,7,0.258,-14.41,1,0,0.0553,115.243,0.537,8
0.81,0.713,247933,0.319,0,5.71e-06,0,0.142,-11.099,1,55,0.028,94.043,0.472,1
0.106,0.44,212027,0.609,0,0.11,4,0.382,-13.37,0,45,0.278,133.243,0.115,2
0.439,0.508,264547,0.596,0,9.84e-06,4,0.111,-9.034,0,67,0.0334,79.359,0.4,1
0.915,0.21600000000000005,324627,0.103,0,0.635,6,0.118,-21.386,0,0,0.0469,129.589,0.0715,8
0.6659999999999999,0.649,249533,0.6609999999999999,0,2.65e-05,4,0.305,-8.344,1,20,0.0441,92.773,0.662,4
0.877,0.315,43320,0.308,0,0.732,9,0.434,-18.233,1,0,0.0307,72.251,0.353,8
0.748,0.6829999999999999,181027,0.158,0,1.57e-06,11,0.0912,-21.535,1,33,0.0351,117.144,0.409,4
0.0972,0.235,74320,0.7390000000000001,0,0.909,7,0.7559999999999999,-8.248,1,38,0.0741,145.083,0.637,4
0.544,0.8140000000000001,251893,0.416,0,0.0109,2,0.183,-11.546,1,13,0.0471,115.05,0.797,7
0.00237,0.405,299733,0.753,0,3.71e-05,2,0.191,-7.089,1,41,0.0294,104.29,0.391,3
0.354,0.428,111525,0.685,0,3.43e-06,6,0.175,-7.678,1,14,0.113,204.357,0.8809999999999999,6
0.8190000000000001,0.239,110493,0.448,0,0.000543,7,0.312,-3.499,1,0,0.0372,166.584,0.57,8
0.0628,0.276,86827,0.545,0,0.633,2,0.921,-6.17,1,31,0.0457,78.225,0.253,4
0.643,0.358,166840,0.34700000000000003,0,0.0005,4,0.199,-14.275,1,34,0.0377,81.046,0.569,5
0.256,0.878,240133,0.638,0,0.0,8,0.0571,-3.754,0,45,0.257,99.959,0.868,2
0.0461,0.8959999999999999,203051,0.684,0,0.051,1,0.16399999999999998,-6.099,1,54,0.0731,99.995,0.6859999999999999,2
0.491,0.5479999999999999,156467,0.767,0,0.0,3,0.0896,-10.92,1,31,0.0552,105.684,0.85,6
0.816,0.191,520173,0.266,0,0.927,0,0.128,-13.880999999999998,0,11,0.0395,80.329,0.105,6
0.104,0.6409999999999999,228227,0.505,0,0.0173,10,0.0694,-17.394000000000002,0,26,0.0336,99.332,0.768,4
0.0188,0.601,726027,0.56,0,0.00588,3,0.133,-9.553,0,32,0.0317,142.04,0.599,5
0.669,0.418,173693,0.906,0,0.000106,0,0.6890000000000001,-9.954,1,25,0.0497,152.967,0.654,6
0.35200000000000004,0.856,242680,0.565,0,4.45e-06,4,0.189,-12.401,0,22,0.0562,111.678,0.8440000000000001,4
0.7759999999999999,0.586,185637,0.401,0,0.0,9,0.123,-5.48,1,66,0.0469,143.842,0.74,1
0.0442,0.5489999999999999,265067,0.639,1,0.000405,4,0.121,-8.552999999999999,1,48,0.396,191.921,0.116,1
0.254,0.474,162907,0.436,0,0.0,9,0.294,-11.715,1,40,0.0284,118.314,0.588,3
0.0433,0.643,217404,0.667,0,0.0,0,0.0904,-6.9929999999999986,0,75,0.152,145.999,0.485,0
0.581,0.5379999999999999,161867,0.426,0,0.0,1,0.265,-11.218,0,25,0.0264,98.846,0.48,6
0.199,0.895,237347,0.546,1,0.0,2,0.13,-9.242,0,55,0.0629,120.076,0.249,1
0.581,0.621,232133,0.403,0,0.0,9,0.114,-8.211,1,66,0.0359,145.523,0.634,2
0.8079999999999999,0.557,293453,0.496,0,0.000173,0,0.0772,-9.602,1,69,0.0563,149.983,0.265,1
0.004079999999999999,0.404,160613,0.7659999999999999,0,0.00101,1,0.109,-7.31,1,49,0.0325,142.846,0.528,1
0.102,0.71,318147,0.778,0,1.39e-05,4,0.0482,-7.473,1,46,0.0437,109.1,0.633,4
0.0006219999999999999,0.462,410093,0.731,0,0.129,10,0.238,-6.476,1,42,0.0428,175.02200000000005,0.38,1
0.993,0.424,31640,0.104,0,0.923,10,0.122,-33.059,1,0,0.0469,134.116,0.292,8
0.916,0.665,153800,0.212,0,0.614,2,0.0949,-22.484,0,15,0.0346,108.565,0.542,6
0.684,0.6809999999999999,82347,0.8370000000000001,0,0.913,8,0.235,-9.727,1,10,0.0306,128.792,0.986,6
0.922,0.233,190213,0.21600000000000005,0,0.0408,10,0.118,-15.737,1,29,0.0333,153.566,0.155,5
0.631,0.72,96800,0.211,0,0.0,1,0.299,-17.674,0,0,0.938,115.108,0.619,10
0.972,0.6509999999999999,133747,0.128,0,0.0,9,0.102,-17.118,0,5,0.0989,105.359,0.665,7
0.975,0.648,136667,0.232,0,0.893,7,0.0813,-17.382,1,11,0.0405,97.338,0.7120000000000001,8
0.769,0.321,181827,0.262,0,0.141,5,0.111,-16.622,1,44,0.036000000000000004,83.625,0.393,3
0.12,0.677,202773,0.483,0,2.01e-06,0,0.0892,-11.630999999999998,1,29,0.0252,91.948,0.552,3
0.00698,0.7040000000000001,144987,0.726,0,0.0151,0,0.16699999999999998,-5.05,0,43,0.128,151.972,0.726,2
0.841,0.588,371667,0.463,0,0.00041900000000000016,0,0.112,-8.497,0,15,0.0311,111.247,0.355,6
0.0258,0.773,430187,0.626,0,0.503,9,0.0482,-11.934,0,26,0.0437,110.448,0.898,5
0.0442,0.721,212667,0.32,0,0.000168,7,0.0537,-12.914,1,23,0.0414,166.305,0.873,4
0.775,0.147,280427,0.155,0,0.715,1,0.116,-18.018,1,24,0.0348,88.14399999999998,0.0776,5
0.256,0.653,153387,0.823,0,0.0,6,0.0521,-6.7410000000000005,0,34,0.036000000000000004,174.175,0.8959999999999999,4
0.00118,0.369,208013,0.868,0,0.0415,11,0.0901,-4.81,1,43,0.0566,166.021,0.76,2
0.994,0.434,193252,0.217,0,0.954,9,0.135,-15.361,1,0,0.125,71.024,0.604,8
0.585,0.33,157240,0.581,0,0.0,0,0.17800000000000002,-7.171,0,53,0.0545,72.152,0.485,6
0.732,0.62,168493,0.524,0,6.04e-05,10,0.0825,-11.85,1,23,0.0381,123.135,0.894,5
0.49,0.5379999999999999,308827,0.67,1,0.14300000000000002,6,0.128,-11.053,1,39,0.103,177.93900000000005,0.588,3
0.914,0.5579999999999999,271000,0.263,0,0.882,7,0.0737,-12.855,0,7,0.0393,108.442,0.465,7
0.111,0.737,226600,0.688,0,0.00265,3,0.0851,-9.032,1,53,0.0388,100.995,0.826,1
0.974,0.506,224014,0.256,0,0.104,7,0.362,-12.312,1,0,0.0615,61.127,0.426,8
0.0733,0.529,173200,0.494,0,8.56e-05,0,0.0575,-13.272,1,22,0.0264,80.133,0.514,4
0.29600000000000004,0.76,352800,0.18,0,0.0135,5,0.0833,-17.5,0,19,0.0894,95.595,0.7020000000000001,7
0.173,0.662,395947,0.574,0,5.720000000000002e-05,9,0.623,-9.872,0,36,0.386,157.68200000000004,0.925,3
0.00152,0.337,88867,0.8809999999999999,0,0.0,6,0.35,-8.144,0,45,0.0434,101.046,0.861,4
0.114,0.564,166093,0.672,0,0.0,0,0.277,-10.906,1,31,0.0257,112.207,0.917,5
0.929,0.7829999999999999,177333,0.193,0,0.0,4,0.371,-10.398,1,9,0.0429,111.564,0.898,7
0.939,0.542,108200,0.173,0,8.99e-06,10,0.109,-13.955,0,55,0.0376,118.639,0.12,3
0.019,0.6729999999999999,252360,0.607,0,0.0,4,0.0708,-8.855,1,54,0.219,86.055,0.526,2
0.199,0.475,439667,0.7070000000000001,0,0.261,6,0.149,-7.697999999999999,1,43,0.0352,76.79899999999998,0.6409999999999999,4
0.0455,0.334,152427,0.636,0,0.0202,6,0.111,-9.109,0,43,0.0591,167.357,0.597,5
5.81e-05,0.412,218560,0.975,0,6.720000000000001e-05,2,0.101,-3.51,1,48,0.0841,156.061,0.335,1
0.8029999999999999,0.8759999999999999,151600,0.679,0,0.0,5,0.18,-10.262,0,6,0.0764,109.559,0.935,9
0.961,0.16399999999999998,389293,0.0391,0,0.171,7,0.0803,-27.57,1,28,0.0452,99.34,0.0374,3
0.716,0.685,179467,0.203,0,2.58e-05,8,0.12,-13.725,1,24,0.029,114.202,0.189,4
0.00442,0.5489999999999999,486933,0.7909999999999999,0,0.616,4,0.0485,-10.51,0,33,0.0402,166.226,0.932,4
0.906,0.435,276533,0.0737,0,4.83e-05,4,0.101,-19.406,1,38,0.0292,81.607,0.151,3
0.00608,0.604,211360,0.736,0,0.109,10,0.11,-5.596,0,63,0.0555,118.012,0.345,1
6.64e-05,0.35700000000000004,233467,0.96,0,4.01e-05,1,0.35600000000000004,-2.214,1,40,0.135,163.998,0.461,2
0.177,0.742,271133,0.863,0,5.59e-06,5,0.0699,-7.822999999999999,1,70,0.038,131.196,0.7759999999999999,3
0.0215,0.594,214093,0.731,0,1.6899999999999994e-05,9,0.0954,-7.851,1,33,0.0311,144.588,0.753,4
0.6920000000000001,0.447,161587,0.343,0,0.00067,9,0.0689,-8.677,1,49,0.029,130.917,0.6409999999999999,6
0.716,0.5579999999999999,156960,0.312,0,2.44e-06,2,0.163,-17.257,0,29,0.0386,81.013,0.768,6
0.0761,0.685,249827,0.7809999999999999,0,2.07e-05,11,0.147,-8.279,0,46,0.0481,117.457,0.962,3
0.135,0.268,478067,0.8029999999999999,0,0.624,7,0.605,-10.429,1,29,0.0788,80.768,0.168,5
0.115,0.56,194427,0.88,0,0.0,7,0.299,-3.953,1,59,0.0567,129.97,0.573,1
0.00571,0.491,259320,0.961,0,3.09e-05,2,0.774,-3.573,1,41,0.0547,124.247,0.465,4
0.991,0.586,170762,0.12,0,0.0905,5,0.116,-18.696,1,0,0.0812,92.079,0.8,8
0.995,0.527,201400,0.326,0,0.0159,11,0.108,-9.093,1,0,0.0491,114.274,0.8,9
0.196,0.68,273221,0.8,0,0.00207,1,0.4,-6.942,1,40,0.0377,128.999,0.645,4
0.883,0.29100000000000004,165973,0.17600000000000002,0,0.0167,8,0.132,-18.644,1,18,0.0319,96.213,0.203,7
0.642,0.625,297667,0.672,0,0.233,6,0.28,-7.261,0,44,0.0283,122.087,0.482,2
0.362,0.595,228333,0.664,0,0.0,4,0.11,-9.757,0,44,0.0487,140.797,0.524,3
0.8,0.495,128592,0.239,0,0.0,9,0.213,-12.838,0,13,0.0349,107.328,0.484,7
0.0269,0.721,283550,0.225,1,0.0,9,0.33,-20.205,0,0,0.949,119.49,0.672,10
0.94,0.6,168560,0.0415,0,0.0,0,0.14400000000000002,-17.086,1,4,0.063,86.525,0.441,7
0.7809999999999999,0.589,299747,0.398,0,0.0,1,0.0683,-16.012,1,42,0.382,109.664,0.725,5
0.987,0.473,221000,0.298,0,0.935,0,0.095,-18.129,0,5,0.0405,119.041,0.611,7
0.458,0.66,92147,0.868,1,0.0,1,0.453,-3.229,1,47,0.502,168.791,0.602,3
0.0913,0.843,451440,0.959,0,0.0,6,0.408,-4.933,0,50,0.0914,135.988,0.923,3
0.309,0.674,213333,0.274,0,0.000174,2,0.0449,-14.937,1,36,0.0916,129.81,0.303,6
0.994,0.752,166609,0.2,0,0.00245,5,0.13,-6.936,1,0,0.23,148.704,0.7,8
0.0086,0.745,300733,0.928,0,0.344,11,0.231,-8.65,1,41,0.0672,125.259,0.537,4
0.0233,0.802,216360,0.6709999999999999,0,0.0108,1,0.0943,-9.969,1,63,0.0424,103.993,0.912,3
0.985,0.7090000000000001,182119,0.33,0,0.39,11,0.233,-8.907,0,0,0.0913,144.769,0.833,8
0.812,0.609,190267,0.363,0,0.909,5,0.07200000000000001,-15.662,1,18,0.0464,143.164,0.7979999999999999,9
0.8170000000000001,0.327,200787,0.11,0,0.0,3,0.104,-17.26,1,7,0.0329,83.816,0.191,6
0.007909999999999999,0.5329999999999999,186813,0.967,0,0.0,1,0.336,-2.543,1,58,0.0995,142.018,0.782,2
0.8140000000000001,0.524,201933,0.171,0,2.22e-06,8,0.0871,-16.46,1,37,0.0336,132.657,0.14300000000000002,4
0.862,0.5529999999999999,133355,0.493,0,0.0476,10,0.126,-10.445,1,0,0.0533,71.49,0.6890000000000001,8
0.173,0.607,202573,0.813,0,2.96e-06,0,0.0849,-11.106,1,24,0.0346,113.577,0.908,4
0.976,0.624,158773,0.133,0,1.21e-05,3,0.205,-16.567999999999998,0,0,0.0869,100.87,0.411,10
0.6679999999999999,0.409,169707,0.51,0,0.5429999999999999,0,0.146,-6.6389999999999985,0,9,0.0327,167.98,0.772,6
0.102,0.664,214688,0.5529999999999999,1,0.0,0,0.301,-8.026,1,51,0.12,96.002,0.7979999999999999,1
0.521,0.706,161693,0.555,0,0.0228,9,0.109,-12.049,1,22,0.0328,142.046,0.8059999999999999,5
0.000127,0.489,254616,0.873,0,0.000778,9,0.108,-5.38,1,44,0.045,148.046,0.386,2
0.0806,0.745,224040,0.579,1,0.0,10,0.175,-4.75,0,39,0.281,83.988,0.648,3
0.989,0.5379999999999999,200040,0.0622,0,5.99e-05,10,0.5720000000000001,-20.72,1,3,0.0554,93.035,0.7240000000000001,9
0.596,0.383,220053,0.6970000000000001,0,0.0493,7,0.188,-6.948,0,34,0.0298,98.913,0.5770000000000001,5
0.962,0.447,269160,0.118,0,0.8079999999999999,7,0.0837,-26.603,1,18,0.0465,115.971,0.197,6
0.501,0.616,307440,0.957,0,0.0115,9,0.318,-3.966,1,57,0.0508,128.517,0.778,5
0.465,0.412,278667,0.278,0,0.0517,8,0.189,-16.176,1,19,0.0439,166.738,0.5820000000000001,6
0.00984,0.512,271373,0.8490000000000001,0,5.47e-05,4,0.309,-9.614,0,41,0.0906,174.082,0.309,3
0.98,0.35100000000000003,161907,0.276,0,0.00302,11,0.276,-12.655,0,0,0.0424,84.949,0.631,7
0.496,0.377,305760,0.21600000000000005,0,0.000616,11,0.0978,-16.347,0,23,0.0392,140.674,0.0942,6
0.919,0.888,211853,0.21600000000000005,0,2.72e-05,9,0.187,-15.483,0,0,0.528,132.07299999999998,0.93,8
0.0005269999999999999,0.5660000000000001,222360,0.976,0,0.00265,1,0.114,-3.866,1,42,0.262,193.979,0.354,2
0.173,0.706,182307,0.7509999999999999,0,0.0,9,0.168,-6.323,1,74,0.0708,91.031,0.195,2
0.000391,0.499,656493,0.916,0,0.00117,9,0.154,-4.785,0,55,0.0501,94.963,0.251,1
0.504,0.667,263960,0.605,0,0.014,5,0.246,-5.683,1,28,0.0258,94.346,0.69,5
0.103,0.426,187733,0.494,0,0.0,2,0.318,-9.482,1,41,0.0278,168.075,0.614,2
0.0362,0.721,279867,0.546,0,0.00487,5,0.114,-6.845,1,42,0.0269,115.387,0.612,3
0.831,0.5870000000000001,200253,0.301,0,0.361,10,0.192,-9.732,1,23,0.0395,121.114,0.349,7
0.81,0.823,158213,0.355,0,0.0,5,0.8029999999999999,-10.204,0,15,0.0896,112.001,0.754,6
0.209,0.768,292027,0.841,0,0.000114,2,0.374,-5.834,1,44,0.0809,107.244,0.723,3
0.395,0.688,226600,0.91,1,5.49e-06,4,0.174,-6.347,0,50,0.162,173.987,0.623,2
0.00161,0.464,230027,0.963,1,0.0,0,0.196,-3.568,0,61,0.0484,160.071,0.528,2
0.0729,0.382,408840,0.603,0,0.0328,0,0.159,-14.23,1,36,0.0346,143.41899999999995,0.7759999999999999,3
0.705,0.32,247400,0.304,0,7.44e-06,2,0.642,-14.943,0,48,0.0361,163.145,0.125,4
0.76,0.473,168960,0.607,0,0.0559,5,0.278,-10.659,0,17,0.0327,83.94,0.362,6
0.000404,0.306,442581,0.701,0,0.59,7,0.197,-9.918,0,57,0.0664,92.527,0.5379999999999999,6
0.23,0.622,219066,0.6940000000000001,0,0.398,11,0.105,-7.572,0,48,0.0389,126.978,0.146,2
0.8440000000000001,0.499,161093,0.226,0,0.0,10,0.251,-13.293,1,4,0.0336,117.058,0.485,7
0.964,0.568,96040,0.485,0,0.915,1,0.206,-14.776,1,0,0.122,132.514,0.243,8
0.948,0.477,212027,0.254,0,0.604,3,0.104,-14.761,1,14,0.0422,95.632,0.6970000000000001,6
0.229,0.69,263173,0.7859999999999999,0,0.0,2,0.0797,-2.959,1,57,0.0692,100.049,0.583,1
0.166,0.511,158907,0.6679999999999999,0,1.91e-05,7,0.125,-7.5,1,44,0.0619,156.933,0.591,2
0.205,0.5379999999999999,309693,0.405,0,9.55e-05,6,0.118,-9.865,1,35,0.036000000000000004,187.532,0.212,3
0.768,0.238,204533,0.272,0,0.0,3,0.105,-13.342,1,8,0.0318,87.84200000000001,0.171,6
0.124,0.477,200400,0.774,0,2.37e-05,10,0.124,-8.54,1,31,0.0544,87.755,0.893,3
0.8290000000000001,0.376,196173,0.0725,0,0.0,7,0.122,-19.034,1,8,0.0385,75.961,0.22,6
0.995,0.643,96200,0.332,0,0.85,5,0.107,-17.521,1,0,0.191,71.46300000000002,0.8959999999999999,10
0.0514,0.622,249893,0.804,0,0.0,8,0.046,-4.845,1,43,0.0429,96.969,0.537,2
0.0502,0.493,479147,0.8540000000000001,0,0.000165,11,0.342,-7.218,1,30,0.0442,89.955,0.374,3
0.516,0.282,167960,0.263,0,0.0,7,0.0882,-13.473,0,19,0.0332,96.79,0.251,7
0.233,0.705,267093,0.4370000000000001,0,2.29e-06,1,0.0967,-11.432,1,36,0.0291,119.798,0.3720000000000001,3
0.8,0.552,173307,0.5379999999999999,0,5.69e-05,6,0.104,-6.61,1,38,0.0249,96.039,0.7070000000000001,6
0.0599,0.7959999999999999,446307,0.5720000000000001,0,0.000348,0,0.213,-11.17,0,35,0.0533,108.568,0.763,4
0.197,0.618,176080,0.723,0,0.0,7,0.757,-10.004,1,50,0.0432,121.919,0.887,6
0.606,0.593,288933,0.624,0,0.311,9,0.126,-17.275,1,34,0.0455,113.801,0.8140000000000001,5
0.004229999999999999,0.609,222773,0.95,1,0.06,9,0.0433,-4.898,1,55,0.116,144.017,0.7709999999999999,2
0.139,0.731,171067,0.491,0,2.17e-06,5,0.0786,-13.951,1,57,0.0344,102.211,0.8909999999999999,4
0.976,0.33,396466,0.0927,0,0.0057,4,0.138,-17.371,1,0,0.0428,80.81,0.0928,7
0.0164,0.321,138573,0.966,0,0.000608,2,0.0749,-7.325,1,27,0.0577,151.626,0.645,4
0.25,0.636,260160,0.61,1,0.000121,8,0.113,-9.665,1,59,0.119,125.227,0.29600000000000004,1
0.0454,0.545,203613,0.601,1,0.0,1,0.16399999999999998,-7.85,0,60,0.298,95.848,0.34600000000000003,1
0.337,0.643,264507,0.486,0,3.86e-06,4,0.7020000000000001,-10.443,0,62,0.0278,138.151,0.146,3
0.894,0.6509999999999999,310160,0.0979,0,0.0,1,0.117,-19.553,1,0,0.931,67.50399999999999,0.4320000000000001,7
0.982,0.436,162560,0.336,0,5.38e-06,3,0.322,-11.026,0,0,0.0399,85.681,0.691,9
0.7609999999999999,0.557,160827,0.397,0,3.83e-05,10,0.16,-11.475,0,13,0.0462,80.903,0.688,7
0.971,0.498,210936,0.384,0,0.0003,0,0.241,-6.1370000000000005,1,0,0.036000000000000004,121.008,0.708,8
0.0178,0.701,168880,0.728,1,0.0,2,0.17,-5.226,1,72,0.0468,91.071,0.696,0
0.789,0.568,182507,0.322,0,1.79e-06,5,0.161,-11.364,0,8,0.0552,82.355,0.625,7
0.42,0.6759999999999999,158227,0.416,0,0.285,0,0.104,-13.775,1,24,0.112,150.42700000000005,0.762,6
0.995,0.7559999999999999,152451,0.179,0,0.89,10,0.0985,-19.075,1,0,0.0715,129.66899999999998,0.877,8
0.00735,0.364,271547,0.638,0,0.399,8,0.133,-10.24,1,54,0.0441,152.509,0.451,4
0.642,0.243,287960,0.271,0,0.00116,10,0.275,-15.593,1,21,0.035,84.589,0.353,7
0.16399999999999998,0.5529999999999999,191360,0.556,0,0.954,11,0.12,-12.823,0,20,0.0315,121.618,0.6509999999999999,6
0.669,0.629,210533,0.405,0,0.0,10,0.109,-12.264,1,32,0.0263,139.45,0.754,5
0.787,0.277,243053,0.316,0,0.617,0,0.13699999999999998,-16.298,1,38,0.0432,92.783,0.0798,3
0.0512,0.848,291707,0.691,0,0.008029999999999999,7,0.0723,-6.775,1,47,0.093,92.996,0.922,3
0.597,0.5579999999999999,268600,0.66,0,0.00111,4,0.0983,-9.453,0,35,0.0423,109.402,0.682,4
0.956,0.444,199018,0.56,0,0.000959,6,0.115,-5.881,1,0,0.0352,105.967,0.833,7
0.792,0.612,211720,0.491,0,0.0,0,0.127,-7.803,1,55,0.0295,125.912,0.4920000000000001,2
0.992,0.79,184960,0.361,0,0.118,9,0.104,-7.518,1,0,0.151,115.526,0.89,10
0.0471,0.479,243467,0.7070000000000001,0,0.0,1,0.0932,-4.968,1,56,0.0659,148.092,0.6609999999999999,3
0.939,0.423,231587,0.066,0,0.0109,7,0.258,-20.602,1,2,0.035,109.685,0.0684,7
0.000324,0.64,226400,0.713,0,0.593,4,0.139,-11.85,0,45,0.113,104.038,0.454,4
0.966,0.213,225307,0.425,0,0.116,4,0.508,-8.943,1,0,0.0333,88.833,0.307,8
0.16899999999999998,0.198,333200,0.6579999999999999,0,0.8909999999999999,7,0.226,-12.434,1,38,0.07200000000000001,133.18200000000002,0.0386,3
0.952,0.252,169467,0.131,0,3.4899999999999995e-05,5,0.1,-17.1,1,6,0.0317,97.105,0.153,7
0.991,0.342,200745,0.248,0,0.0858,10,0.134,-9.016,1,5,0.04,65.686,0.67,8
0.961,0.239,243624,0.358,0,0.0826,1,0.151,-13.423,1,0,0.044,92.431,0.21,7
0.987,0.315,64627,0.116,0,0.952,0,0.116,-12.174,1,32,0.0324,81.329,0.0742,3
0.212,0.616,203067,0.973,0,0.151,9,0.8690000000000001,-3.431,1,29,0.0538,128.09,0.893,4
0.956,0.637,147627,0.336,0,7.11e-06,3,0.119,-15.182,0,0,0.126,158.007,0.97,9
0.382,0.619,239600,0.47,0,0.0119,4,0.123,-8.557,0,31,0.0404,173.58900000000003,0.809,3
0.99,0.344,195666,0.733,0,0.439,1,0.405,-8.029,1,0,0.0491,138.149,0.841,7
0.564,0.438,322093,0.465,0,0.0,3,0.075,-4.675,0,49,0.177,82.895,0.6859999999999999,2
0.967,0.278,200240,0.273,0,0.0,7,0.185,-10.518,1,0,0.0352,106.119,0.189,8
0.825,0.6,146667,0.136,0,0.794,3,0.0769,-19.943,1,9,0.127,207.142,0.919,9
0.966,0.578,198983,0.354,0,0.0,9,0.303,-8.193999999999999,1,0,0.0359,105.117,0.563,8
0.954,0.448,453013,0.171,0,0.8909999999999999,9,0.0818,-16.683,1,0,0.0389,78.513,0.318,8
0.976,0.624,212787,0.454,0,0.637,7,0.202,-6.724,1,0,0.0434,111.428,0.607,8
0.831,0.674,186360,0.297,0,0.00306,5,0.111,-11.284,1,7,0.0526,128.844,0.722,9
0.16,0.313,250800,0.466,0,0.0,9,0.122,-8.232999999999999,1,35,0.0293,150.529,0.153,3
0.0222,0.375,219560,0.845,0,0.336,2,0.2,-3.714,1,39,0.0407,143.662,0.934,3
0.00415,0.468,200467,0.89,0,1.21e-05,4,0.508,-2.974,1,61,0.0701,140.265,0.7090000000000001,1
0.0218,0.7659999999999999,201427,0.6679999999999999,0,0.0,9,0.0938,-8.057,0,38,0.0537,154.90200000000004,0.906,3
0.0307,0.4,266533,0.8809999999999999,0,0.0139,9,0.552,-5.5539999999999985,1,36,0.0746,129.053,0.243,3
0.847,0.634,161173,0.375,0,0.199,0,0.122,-13.583,1,41,0.0343,126.239,0.242,4
0.0389,0.387,225413,0.861,0,0.00047,4,0.1,-5.529,1,48,0.0413,177.94,0.482,1
0.8340000000000001,0.342,128813,0.276,0,0.923,4,0.219,-11.083,0,0,0.0288,79.921,0.469,7
0.00447,0.7809999999999999,282093,0.625,1,0.0,7,0.185,-9.139,1,53,0.373,83.024,0.679,2
0.901,0.246,294680,0.119,0,0.515,9,0.369,-22.776,1,29,0.0488,172.829,0.13699999999999998,5
0.0123,0.626,332788,0.848,0,0.7979999999999999,2,0.695,-8.691,1,47,0.0431,108.012,0.611,3
0.354,0.547,225347,0.759,1,2.15e-05,1,0.6759999999999999,-7.039,0,63,0.413,91.85,0.575,1
0.515,0.568,230093,0.354,0,6.08e-06,8,0.0795,-10.640999999999998,1,38,0.0325,129.092,0.0617,3
0.897,0.619,397867,0.034,0,0.884,0,0.111,-22.496,1,7,0.0558,69.873,0.294,7
0.898,0.315,60800,0.055,0,0.977,0,0.119,-30.308000000000003,1,37,0.0381,115.89,0.272,3
0.6990000000000001,0.479,152600,0.267,0,0.722,4,0.339,-17.335,0,48,0.041,140.217,0.108,2
0.995,0.579,202072,0.116,0,0.00213,10,0.136,-8.424,0,0,0.0588,136.855,0.679,8
5.07e-06,0.227,143840,0.968,0,0.7490000000000001,0,0.353,-5.483,1,34,0.133,117.771,0.485,3
0.0143,0.617,242293,0.902,0,0.00528,5,0.292,-10.39,1,35,0.0449,114.707,0.718,4
0.0236,0.464,319400,0.911,1,0.0102,7,0.0998,-8.639,1,41,0.0802,159.341,0.42,3
0.0077,0.649,249267,0.731,0,0.000421,2,0.353,-7.271,1,50,0.0263,114.977,0.752,1
0.485,0.69,251400,0.619,0,0.0678,4,0.353,-13.839,1,32,0.053,104.401,0.812,5
0.417,0.775,186173,0.45,0,1.71e-06,9,0.0581,-13.095,1,44,0.0334,97.755,0.898,3
0.8109999999999999,0.583,327947,0.245,0,0.0,7,0.068,-13.932,1,21,0.0332,130.116,0.231,6
0.95,0.493,284133,0.0165,0,0.381,0,0.093,-27.416,0,16,0.0319,58.544,0.21600000000000005,7
0.484,0.743,298000,0.7070000000000001,0,0.000133,2,0.3670000000000001,-8.012,1,33,0.0271,133.02,0.8959999999999999,3
0.977,0.394,111440,0.35,0,0.0121,7,0.228,-18.33,0,30,0.0326,76.675,0.266,4
0.00466,0.579,283533,0.947,0,0.0577,7,0.114,-5.234,1,42,0.108,152.041,0.517,2
0.541,0.648,204320,0.561,1,0.0,0,0.157,-7.874,1,53,0.0532,172.06400000000005,0.512,1
0.0421,0.625,179773,0.925,0,0.0,0,0.865,-4.435,1,47,0.342,172.017,0.515,2
0.158,0.713,213307,0.782,0,5.55e-06,3,0.26,-4.597,1,50,0.0267,123.89,0.7020000000000001,1
0.151,0.77,278333,0.6679999999999999,0,0.0,1,0.0838,-6.942,0,55,0.0399,99.16,0.94,3
0.983,0.233,382627,0.17600000000000002,0,0.733,9,0.4320000000000001,-19.062,1,0,0.0363,100.824,0.0581,8
0.172,0.725,240733,0.545,0,0.0,10,0.265,-7.601,0,41,0.107,88.89299999999999,0.528,3
0.41,0.274,236800,0.726,0,0.0,3,0.326,-4.007,1,0,0.0587,172.44099999999997,0.4,0
0.0791,0.759,257987,0.6459999999999999,0,0.0,4,0.0965,-8.145,0,44,0.0683,82.95,0.7859999999999999,2
0.754,0.499,310267,0.308,0,0.000928,7,0.125,-11.692,0,47,0.0264,75.91,0.0708,3
0.789,0.452,181933,0.285,0,2.08e-05,7,0.121,-12.082,1,23,0.0281,141.209,0.159,6
0.906,0.8809999999999999,193693,0.35200000000000004,0,0.00147,3,0.0599,-18.043,1,0,0.153,131.99200000000002,0.8370000000000001,9
0.846,0.44,266240,0.295,0,0.722,3,0.0615,-9.76,0,4,0.0564,77.536,0.42,8
0.994,0.487,219960,0.109,0,5.24e-05,2,0.139,-20.146,1,5,0.271,96.949,0.362,9
0.0619,0.792,309773,0.6940000000000001,1,2.32e-05,8,0.25,-8.496,0,59,0.33,177.09400000000005,0.804,3
0.236,0.868,285907,0.434,0,0.0,0,0.16699999999999998,-8.538,1,55,0.0634,117.008,0.5760000000000001,2
0.941,0.5589999999999999,212627,0.112,0,0.889,2,0.108,-20.498,1,26,0.0418,78.173,0.224,5
0.6509999999999999,0.67,229720,0.419,0,6.9e-05,9,0.0699,-10.785,1,28,0.0479,73.21300000000002,0.5,4
0.272,0.414,253840,0.878,0,0.000332,11,0.456,-6.157,1,49,0.0378,99.804,0.438,5
0.0177,0.4920000000000001,205907,0.797,0,2.02e-05,0,0.0554,-3.464,1,43,0.07400000000000001,103.993,0.655,3
0.477,0.394,564133,0.398,0,0.000586,0,0.1,-13.561,1,30,0.0329,120.876,0.188,5
0.16399999999999998,0.698,258320,0.311,0,1.38e-06,3,0.313,-18.198,0,18,0.948,106.17,0.684,9
0.4320000000000001,0.7240000000000001,228545,0.35700000000000004,1,0.0,8,0.12,-8.197000000000001,1,69,0.0715,141.159,0.69,1
8.599999999999999e-06,0.202,414107,0.936,0,0.00595,2,0.0855,-2.942,1,39,0.0691,88.984,0.113,2
0.993,0.477,59627,0.112,0,0.901,10,0.104,-21.434,1,0,0.0609,117.598,0.7390000000000001,8
0.453,0.49,503133,0.5489999999999999,0,7.94e-05,3,0.934,-9.476,1,49,0.0378,129.238,0.7659999999999999,5
0.95,0.248,58679,0.307,0,0.0316,7,0.326,-13.446,1,0,0.0345,86.83200000000002,0.308,7
0.978,0.708,176200,0.371,0,0.0,4,0.196,-8.797,1,18,0.028,96.835,0.7020000000000001,9
0.00869,0.535,250067,0.8390000000000001,0,0.00183,2,0.0702,-8.029,1,57,0.0434,116.34,0.779,3
0.0931,0.392,269573,0.573,0,0.0,4,0.963,-8.201,0,40,0.0577,177.06799999999996,0.383,5
0.394,0.564,191000,0.894,0,0.0,2,0.852,-8.275,1,25,0.15,136.804,0.611,3
0.83,0.152,353307,0.154,0,0.878,5,0.334,-20.774,1,0,0.0356,64.48899999999999,0.218,8
0.741,0.728,201544,0.73,1,0.0,5,0.705,-5.402,1,58,0.213,136.05200000000002,0.736,1
0.995,0.374,504027,0.21,0,0.401,9,0.269,-15.287,1,0,0.0456,119.571,0.552,7
0.00378,0.527,239800,0.884,0,0.0437,7,0.1,-10.869000000000002,1,34,0.0522,130.982,0.78,5
0.0122,0.531,304053,0.7509999999999999,0,0.00396,4,0.396,-7.566,1,55,0.0251,95.215,0.53,3
0.907,0.388,351200,0.204,0,0.122,0,0.112,-10.927,1,29,0.0343,125.153,0.132,6
0.823,0.301,150667,0.3670000000000001,0,0.0,2,0.0868,-10.331,1,14,0.0294,102.267,0.3670000000000001,6
0.00105,0.64,240613,0.7829999999999999,1,0.0,2,0.384,-6.575,1,57,0.0372,90.998,0.17,2
0.768,0.636,159906,0.622,0,0.0,11,0.201,-6.797999999999999,0,24,0.0321,93.611,0.8640000000000001,7
0.6859999999999999,0.494,175400,0.818,0,0.914,7,0.334,-14.04,1,22,0.0352,129.681,0.759,6
0.49,0.457,444053,0.399,0,0.0,9,0.182,-11.558,1,47,0.0424,154.208,0.32299999999999995,2
0.989,0.759,191827,0.34,0,0.0721,5,0.0734,-11.025,1,2,0.0801,102.731,0.8909999999999999,10
0.00126,0.541,228720,0.758,0,0.0,5,0.0763,-3.626,1,52,0.0275,102.984,0.181,2
0.0318,0.657,215747,0.83,0,3.91e-05,8,0.122,-5.174,1,54,0.0248,118.026,0.653,2
0.00269,0.518,129627,0.858,0,8.840000000000001e-05,11,0.0492,-9.679,0,30,0.0826,90.661,0.883,4
0.00217,0.5660000000000001,186907,0.868,0,0.0,2,0.38,-4.84,1,33,0.0363,149.007,0.772,4
0.00634,0.405,358493,0.603,0,0.000248,0,0.251,-11.299,1,33,0.0377,128.667,0.506,4
0.0716,0.758,173067,0.55,0,1.4e-05,8,0.0889,-11.776,0,49,0.0383,95.686,0.833,3
0.213,0.48,460507,0.8420000000000001,1,0.0,6,0.184,-7.797999999999999,1,54,0.431,76.258,0.322,1
0.994,0.601,226413,0.244,0,0.00765,4,0.6679999999999999,-18.469,1,0,0.0701,111.541,0.503,8
0.929,0.159,293600,0.194,0,0.957,7,0.115,-16.413,1,45,0.0334,93.452,0.0901,2
0.0168,0.841,264947,0.522,1,1.37e-06,10,0.188,-5.962999999999999,0,73,0.049,99.059,0.616,1
0.229,0.8740000000000001,262333,0.391,1,0.764,10,0.338,-15.11,0,48,0.112,98.88,0.502,3
0.13,0.394,170560,0.747,0,0.0,8,0.0747,-4.4460000000000015,1,66,0.0627,203.918,0.7759999999999999,0
0.979,0.374,394267,0.151,0,0.82,0,0.129,-14.677,1,0,0.0384,145.754,0.27,7
0.225,0.542,252000,0.8690000000000001,0,0.8909999999999999,0,0.0453,-6.18,1,43,0.0954,190.509,0.962,3
0.233,0.698,238507,0.381,0,8.51e-06,4,0.106,-11.281,1,49,0.0291,86.302,0.365,4
0.66,0.501,302373,0.652,0,2.39e-05,2,0.0784,-10.767,1,26,0.031,79.887,0.615,5
0.385,0.588,184987,0.915,0,0.00397,1,0.273,-7.047999999999999,0,31,0.0386,127.287,0.6409999999999999,5
0.812,0.8220000000000001,120027,0.6559999999999999,0,5.05e-06,10,0.0829,-6.002000000000002,1,38,0.202,110.189,0.746,2
0.901,0.682,183907,0.158,0,2.42e-06,7,0.0817,-11.946,1,7,0.0423,99.69,0.512,9
0.563,0.516,173173,0.745,0,0.0,2,0.275,-8.352,1,76,0.0774,186.004,0.825,1
0.544,0.453,295507,0.813,0,0.0222,2,0.215,-9.449,1,22,0.14800000000000002,116.593,0.517,6
0.0626,0.612,251533,0.797,0,0.0,6,0.187,-4.896,1,59,0.0315,90.95,0.373,2
0.99,0.58,199438,0.242,0,0.000733,9,0.853,-10.538,1,0,0.107,125.733,0.757,9
0.126,0.862,334414,0.488,0,0.00018,2,0.301,-7.914,1,49,0.275,92.965,0.57,2
0.603,0.721,206054,0.5579999999999999,0,0.0044,8,0.336,-14.164,1,23,0.185,88.213,0.96,6
0.0332,0.43,189533,0.644,0,1.15e-06,5,0.227,-7.771,1,42,0.0429,161.545,0.968,5
0.00442,0.378,213360,0.912,0,1.77e-06,2,0.0976,-6.461,1,46,0.0433,131.744,0.531,3
0.848,0.561,531453,0.593,0,0.853,5,0.0815,-12.329,0,27,0.0581,176.455,0.915,5
0.769,0.298,282680,0.151,0,0.00602,8,0.105,-14.479,0,47,0.0341,158.407,0.139,1
0.995,0.285,175107,0.0124,0,0.942,9,0.0974,-31.654,0,12,0.0467,100.407,0.0499,8
0.737,0.175,282307,0.141,0,0.406,4,0.138,-21.088,0,5,0.0427,97.926,0.0386,8
0.172,0.649,259560,0.68,0,0.0,3,0.161,-2.652,1,56,0.0752,154.951,0.688,1
0.862,0.6890000000000001,259547,0.358,0,0.0,11,0.182,-11.73,1,26,0.0427,117.924,0.647,6
0.0102,0.913,175707,0.35100000000000003,0,0.0,10,0.401,-13.57,0,43,0.354,91.499,0.727,4
0.936,0.708,162973,0.486,0,0.0706,11,0.0548,-13.798,0,0,0.128,173.46099999999996,0.903,8
0.921,0.426,203786,0.0393,0,0.0063100000000000005,11,0.0797,-26.879,1,22,0.0339,97.977,0.37,6
0.994,0.495,199627,0.13699999999999998,0,0.952,3,0.106,-16.996,1,0,0.0529,82.965,0.384,9
0.995,0.6629999999999999,193627,0.244,0,0.652,7,0.108,-14.925,1,0,0.0416,79.057,0.741,8
0.701,0.526,327040,0.555,0,6.69e-06,9,0.299,-8.08,1,57,0.0338,84.088,0.38,5
0.0367,0.505,159600,0.611,0,8.79e-05,0,0.358,-8.636000000000001,1,39,0.123,103.757,0.7859999999999999,5
0.0252,0.8170000000000001,246360,0.493,0,0.809,4,0.0649,-8.019,0,37,0.0846,94.989,0.409,4
0.969,0.603,159107,0.0639,0,0.0259,1,0.115,-20.492,1,8,0.0656,108.958,0.675,6
0.007390000000000002,0.66,185307,0.8540000000000001,0,0.0,1,0.0334,-3.728,0,61,0.029,137.498,0.8220000000000001,2
0.703,0.35700000000000004,241373,0.64,0,0.0,0,0.684,-9.007,1,16,0.384,181.723,0.596,6
0.113,0.804,218267,0.762,1,0.0,10,0.278,-8.812999999999997,0,27,0.235,98.573,0.373,4
0.0668,0.708,230520,0.56,1,0.0,9,0.111,-7.1320000000000014,1,64,0.129,163.043,0.411,1
0.479,0.581,213747,0.8079999999999999,0,0.067,11,0.0746,-4.413,0,26,0.0455,109.151,0.944,5
0.0211,0.329,630880,0.867,0,0.00856,2,0.134,-8.789,1,45,0.0506,145.81,0.315,2
0.995,0.706,191253,0.201,0,0.954,2,0.0759,-12.774,1,0,0.0586,114.0,0.705,10
0.804,0.652,208400,0.208,0,0.0,7,0.101,-11.092,1,4,0.348,90.005,0.396,7
0.0322,0.297,280480,0.923,0,0.0,0,0.0962,-3.791,1,39,0.14800000000000002,172.153,0.758,2
0.295,0.762,277620,0.737,1,1.12e-06,6,0.332,-4.882,0,54,0.371,88.93299999999998,0.521,3
0.11,0.476,395373,0.604,0,4.15e-05,0,0.134,-10.85,0,58,0.117,87.304,0.583,5
0.0183,0.728,242573,0.8220000000000001,0,0.0,6,0.287,-4.118,1,55,0.0252,126.015,0.8490000000000001,1
0.962,0.279,183893,0.103,0,6.32e-05,1,0.0854,-16.417,1,19,0.0346,111.241,0.077,8
0.958,0.415,248187,0.335,0,0.899,7,0.168,-16.82,1,43,0.0407,79.86399999999998,0.15,2
0.000189,0.298,203587,0.997,0,0.00525,1,0.155,-3.952,1,32,0.145,109.321,0.099,3
0.779,0.5,203440,0.418,0,1.7899999999999998e-05,6,0.34600000000000003,-11.277,1,21,0.0444,183.067,0.51,5
0.685,0.618,253067,0.32299999999999995,0,0.000478,7,0.121,-11.243,1,43,0.026,78.34899999999998,0.244,4
0.227,0.545,276573,0.888,0,0.0126,2,0.6759999999999999,-8.749,1,30,0.0422,116.168,0.784,3
0.0465,0.573,234133,0.818,0,0.0,4,0.111,-5.157,1,50,0.0471,128.987,0.789,3
0.24,0.595,156547,0.885,0,1.1e-06,9,0.324,-5.507999999999999,1,36,0.0448,157.07,0.966,5
0.253,0.515,129440,0.502,0,0.883,11,0.345,-8.898,0,43,0.058,143.937,0.374,1
0.873,0.18,185520,0.0769,0,1.82e-06,2,0.246,-14.913,1,6,0.0356,179.755,0.131,8
0.00645,0.565,364760,0.767,0,0.0438,9,0.0765,-7.348,1,40,0.052000000000000005,126.435,0.787,4
0.983,0.233,51427,0.0785,0,0.858,5,0.302,-23.715,0,24,0.0452,114.357,0.095,9
0.00034500000000000004,0.268,316147,0.966,0,6.58e-06,11,0.29100000000000004,-3.1460000000000004,0,45,0.0719,130.034,0.5670000000000001,1
0.132,0.454,234800,0.82,0,0.000969,2,0.115,-4.1930000000000005,1,65,0.0567,166.303,0.575,1
0.831,0.691,146173,0.618,0,0.0,6,0.136,-6.678,1,24,0.154,126.533,0.682,6
0.343,0.6920000000000001,266080,0.713,1,0.0,10,0.102,-4.489,0,63,0.35100000000000003,137.36,0.615,1
0.0034200000000000003,0.654,321293,0.77,1,0.0,9,0.0887,-6.091,0,68,0.0353,137.616,0.272,2
0.649,0.6,220926,0.423,0,0.000377,10,0.0773,-8.282,1,34,0.0405,96.126,0.97,3
0.984,0.127,564120,0.23,0,0.948,3,0.118,-14.348,1,0,0.0452,68.152,0.0647,8
0.99,0.413,176120,0.197,0,0.906,6,0.105,-25.353,0,0,0.0447,134.189,0.534,10
1.84e-05,0.2,247520,0.974,0,0.161,7,0.36,-4.229,1,47,0.29100000000000004,80.123,0.215,2
0.0146,0.644,157173,0.459,0,2.51e-05,2,0.18600000000000005,-14.228,1,45,0.0319,126.098,0.908,4
0.331,0.534,155440,0.713,0,0.0277,5,0.161,-5.572,1,42,0.0548,132.528,0.879,4
0.401,0.774,215147,0.611,0,0.0,9,0.121,-3.993,1,42,0.0704,141.626,0.961,2
0.18600000000000005,0.5870000000000001,201733,0.133,0,2.26e-05,9,0.258,-15.151,0,64,0.0565,102.938,0.068,6
0.0135,0.524,270467,0.945,0,0.0033200000000000005,11,0.108,-2.467,0,51,0.0797,149.819,0.8,2
0.103,0.6970000000000001,218227,0.804,0,6.94e-06,9,0.0463,-9.345,1,38,0.0341,115.904,0.727,4
0.005370000000000001,0.565,182827,0.89,0,6.61e-05,0,0.213,-5.481,1,45,0.0285,119.862,0.7440000000000001,2
0.551,0.672,242947,0.5720000000000001,1,6.32e-05,4,0.0887,-7.216,0,52,0.0423,103.075,0.0563,1
0.112,0.456,233000,0.591,0,0.0533,9,0.188,-10.114,0,37,0.101,135.192,0.486,4
0.513,0.609,229867,0.611,0,0.0,0,0.093,-9.208,1,59,0.0298,121.836,0.916,5
0.0119,0.463,167947,0.738,0,0.0,4,0.135,-4.4430000000000005,0,49,0.0444,73.809,0.417,2
0.452,0.616,159493,0.675,0,0.0,4,0.221,-8.177999999999999,1,33,0.0289,115.881,0.757,6
0.995,0.7759999999999999,176120,0.204,0,0.404,11,0.117,-14.047,0,0,0.0565,111.159,0.812,10
0.328,0.6779999999999999,290120,0.6990000000000001,0,0.0,5,0.115,-4.752,1,55,0.0713,136.269,0.947,2
0.199,0.636,217239,0.841,0,0.000395,2,0.0836,-1.927,0,74,0.0548,121.022,0.506,0
0.29100000000000004,0.643,373012,0.248,1,0.0,11,0.46,-18.628,0,0,0.93,84.471,0.78,10
0.542,0.4370000000000001,93347,0.205,0,0.306,7,0.337,-18.528,1,0,0.0488,90.84,0.34700000000000003,8
0.119,0.541,268413,0.546,0,0.0421,2,0.184,-8.847999999999997,1,29,0.0545,88.529,0.74,5
0.103,0.465,84333,0.8859999999999999,1,0.0,7,0.236,-6.24,1,22,0.231,171.77200000000005,0.928,5
0.991,0.331,200080,0.131,0,0.000477,4,0.334,-12.132,1,0,0.039,77.982,0.318,9
3.11e-05,0.569,253573,0.858,1,0.197,1,0.272,-6.768,1,51,0.034,110.003,0.0869,3
0.32299999999999995,0.606,339787,0.589,0,0.00023,2,0.281,-10.848,1,36,0.0665,90.077,0.555,5
0.407,0.399,119173,0.285,0,0.82,2,0.153,-13.991,1,44,0.0328,120.1,0.147,2
0.84,0.652,83847,0.0999,0,0.0,0,0.413,-30.88300000000001,1,0,0.892,131.619,0.264,7
0.37,0.71,227067,0.614,0,2.39e-06,2,0.19,-9.552,1,30,0.0323,120.955,0.91,5
0.368,0.619,227320,0.66,0,0.0,7,0.4320000000000001,-5.735,1,41,0.0873,76.964,0.525,2
0.885,0.212,182440,0.316,0,0.0,10,0.103,-9.429,1,54,0.0314,83.59700000000002,0.271,7
0.14800000000000002,0.366,304947,0.908,0,0.0016300000000000002,0,0.315,-4.224,1,35,0.0407,180.02599999999995,0.489,2
0.196,0.625,170800,0.617,0,0.0,0,0.16899999999999998,-13.207,1,34,0.0351,126.878,0.946,5
0.885,0.537,162107,0.279,0,0.0013,5,0.0358,-9.014,0,7,0.0452,145.60399999999996,0.607,9
0.00855,0.396,351893,0.802,0,0.231,9,0.103,-8.005,1,33,0.0391,123.479,0.459,4
0.6659999999999999,0.536,172133,0.331,0,0.0,4,0.115,-11.418,1,19,0.0326,101.248,0.35600000000000004,6
0.165,0.433,246800,0.8109999999999999,0,0.00014099999999999998,11,0.0663,-6.1320000000000014,0,48,0.0516,131.286,0.404,2
0.501,0.772,380498,0.451,0,0.7,0,0.213,-12.242,1,59,0.0551,96.086,0.5579999999999999,2
0.412,0.532,273333,0.527,0,0.0104,1,0.103,-10.009,1,39,0.0342,143.844,0.503,3
0.636,0.6659999999999999,152000,0.201,0,3.03e-06,6,0.0933,-11.819,1,6,0.0293,86.238,0.6559999999999999,7
0.969,0.23,293533,0.0719,0,0.303,2,0.0788,-18.535,1,47,0.0339,100.542,0.0799,3
0.348,0.604,320640,0.52,0,8.62e-06,2,0.135,-7.265,1,28,0.0317,135.417,0.409,4
0.992,0.547,193000,0.179,0,0.496,5,0.125,-11.239,0,0,0.0817,115.319,0.334,8
0.027000000000000003,0.634,258432,0.927,0,0.0,2,0.0986,-4.468,1,70,0.0838,146.094,0.88,1
0.706,0.653,705800,0.514,0,3.03e-05,5,0.114,-8.217,0,8,0.0515,106.288,0.6729999999999999,7
0.0473,0.581,227909,0.741,0,2.57e-06,9,0.249,-6.8329999999999975,1,37,0.0269,113.652,0.7609999999999999,4
0.994,0.345,215840,0.312,0,0.25,0,0.0879,-10.557,1,0,0.0407,71.118,0.32299999999999995,7
0.0773,0.618,168000,0.888,0,0.0,11,0.16,-9.013,1,26,0.0492,93.585,0.8140000000000001,4
0.994,0.223,201720,0.318,0,0.0168,0,0.106,-17.599,1,0,0.0498,67.29,0.369,7
0.459,0.605,240867,0.564,0,1.29e-05,11,0.27,-11.179,0,25,0.0738,73.046,0.524,4
0.253,0.4370000000000001,230680,0.531,0,0.0,2,0.349,-6.4510000000000005,1,44,0.0267,106.137,0.338,3
0.934,0.578,184787,0.0237,0,0.7170000000000001,2,0.0798,-30.629,1,6,0.0458,93.947,0.263,7
0.0102,0.892,279893,0.6809999999999999,1,0.0,1,0.128,-5.8660000000000005,1,35,0.115,94.689,0.511,3
0.534,0.407,235880,0.406,0,0.0,4,0.184,-6.955,1,46,0.0314,182.426,0.501,6
0.884,0.498,226653,0.389,0,0.0409,3,0.0807,-11.444,1,29,0.0276,106.364,0.475,5
0.0005139999999999999,0.531,210040,0.94,0,3.04e-05,4,0.0887,-4.632,1,37,0.119,158.97899999999996,0.7440000000000001,2
0.965,0.408,179333,0.153,0,0.000708,0,0.7909999999999999,-17.509,1,11,0.0406,138.72,0.145,7
0.885,0.5,186067,0.251,0,0.00165,0,0.248,-12.981,0,43,0.0474,174.935,0.6970000000000001,7
0.8140000000000001,0.51,401227,0.147,0,0.342,7,0.184,-21.959,0,26,0.0437,78.225,0.552,6
0.99,0.484,78720,0.379,0,0.16899999999999998,3,0.101,-14.533,0,0,0.0485,97.748,0.24,7
0.314,0.234,172267,0.255,0,0.775,4,0.284,-12.706,1,13,0.0312,97.911,0.233,7
0.595,0.41,340427,0.524,0,9.44e-05,0,0.077,-10.362,1,35,0.0667,168.771,0.362,5
0.773,0.579,239520,0.285,0,1.4e-05,8,0.113,-11.489,1,54,0.026,135.45,0.232,3
0.325,0.568,228733,0.365,0,1.18e-06,7,0.0882,-13.407,1,40,0.036000000000000004,79.377,0.34,4
0.501,0.8390000000000001,209269,0.81,1,0.0,5,0.117,-5.274,0,77,0.0568,129.014,0.8140000000000001,1
0.0119,0.252,322720,0.996,0,0.00124,9,0.8390000000000001,-3.355,1,41,0.381,157.026,0.234,4
0.26,0.54,163200,0.264,0,1.67e-05,2,0.185,-19.593,1,27,0.0286,86.447,0.629,4
0.0156,0.456,140867,0.815,0,0.8740000000000001,8,0.34700000000000003,-9.617,1,20,0.0363,129.725,0.922,6
0.466,0.583,254160,0.868,0,0.919,9,0.453,-9.226,1,48,0.0419,102.036,0.897,6
0.0532,0.633,249500,0.952,0,1.73e-06,9,0.989,-4.274,0,62,0.0337,95.422,0.765,1
0.996,0.429,256000,0.0321,0,0.959,5,0.11,-23.656,1,0,0.0647,69.542,0.34,8
0.22,0.644,216000,0.509,0,0.0,7,0.0772,-6.805,1,62,0.031,114.769,0.8959999999999999,1
0.976,0.461,168680,0.07,0,0.00182,11,0.0671,-20.985,1,19,0.0325,96.015,0.241,6
0.986,0.153,197200,0.166,0,0.129,2,0.113,-16.828,0,6,0.0387,72.965,0.0902,7
0.111,0.833,306560,0.619,0,2.13e-05,7,0.159,-5.595,1,67,0.0538,109.92,0.901,3
0.173,0.875,163800,0.443,1,3.24e-05,1,0.0891,-7.461,1,75,0.14300000000000002,100.012,0.306,0
0.256,0.309,170333,0.304,0,0.0104,5,0.373,-13.044,1,11,0.03,87.571,0.34,6
0.0031,0.302,297401,0.7290000000000001,0,1.64e-05,5,0.675,-11.357,1,31,0.0482,79.735,0.5589999999999999,4
0.0498,0.889,231851,0.5760000000000001,0,0.0,1,0.0941,-5.189,1,53,0.0916,80.017,0.655,2
0.8079999999999999,0.479,193240,0.727,0,0.855,11,0.157,-10.056,1,42,0.0316,116.318,0.483,6
0.675,0.509,140507,0.5579999999999999,0,0.0,7,0.318,-12.186,1,22,0.0424,127.292,0.877,6
0.826,0.444,238587,0.8290000000000001,1,0.0,7,0.967,-6.1,1,45,0.792,98.544,0.747,2
0.889,0.631,202133,0.27,0,0.674,8,0.106,-14.43,1,39,0.0502,132.852,0.515,7
0.000337,0.327,414960,0.918,0,0.246,7,0.0679,-5.067,1,55,0.0623,161.088,0.107,2
0.0459,0.674,201667,0.456,0,9.12e-05,0,0.147,-13.050999999999998,1,34,0.0295,101.017,0.858,5
0.0952,0.256,347827,0.617,0,0.0949,4,0.579,-9.386,0,44,0.0465,147.782,0.18,3
0.272,0.701,227133,0.813,1,0.000331,10,0.3,-7.03,0,54,0.0842,180.024,0.934,1
0.273,0.654,130093,0.721,0,0.0,8,0.344,-8.476,1,39,0.139,94.851,0.967,6
0.339,0.192,473000,0.414,0,0.000505,1,0.114,-15.324000000000002,0,15,0.0327,88.12299999999998,0.262,6
0.899,0.457,209360,0.524,0,3.16e-05,5,0.217,-7.395,1,26,0.0734,189.24,0.912,5
0.328,0.716,379440,0.903,1,2.36e-06,5,0.547,-8.103,0,35,0.17800000000000002,107.491,0.741,3
4.52e-06,0.451,121733,0.758,0,0.8590000000000001,2,0.135,-13.521,1,35,0.0431,167.882,0.726,3
0.275,0.785,261613,0.5379999999999999,0,6.06e-06,5,0.0929,-9.566,1,58,0.0653,129.933,0.32299999999999995,2
0.953,0.181,220427,0.194,0,0.00441,3,0.153,-12.197,1,37,0.029,82.81299999999997,0.0759,6
0.0832,0.386,229120,0.264,0,0.417,11,0.282,-16.282,1,41,0.0347,136.363,0.158,5
0.104,0.664,237533,0.457,0,8.070000000000001e-05,7,0.266,-9.756,1,40,0.0266,114.949,0.527,3
0.802,0.575,295453,0.4320000000000001,0,0.000252,4,0.154,-10.183,0,53,0.0272,90.157,0.279,3
0.995,0.687,192914,0.142,0,0.388,4,0.123,-10.636,0,0,0.499,167.704,0.625,7
0.6559999999999999,0.603,234306,0.184,0,2.36e-06,4,0.319,-22.69400000000001,1,0,0.964,67.593,0.447,9
0.00919,0.382,288120,0.35200000000000004,0,0.85,0,0.249,-11.76,1,44,0.025,104.536,0.108,3
0.502,0.447,134360,0.792,0,0.0,9,0.337,-9.998,1,9,0.0692,178.625,0.913,7
0.118,0.7240000000000001,135920,0.573,1,0.0,7,0.5379999999999999,-4.113,1,74,0.0549,113.088,0.438,1
0.0965,0.181,148933,0.6729999999999999,0,9.52e-06,7,0.0915,-8.675,1,42,0.0515,186.145,0.254,2
0.993,0.187,65000,0.00376,0,0.382,6,0.0774,-41.76600000000001,1,59,0.0409,69.2,0.0374,1
0.333,0.515,220973,0.467,0,5.08e-06,7,0.0569,-11.99,0,37,0.0522,125.491,0.475,5
0.157,0.648,289160,0.536,0,0.00074,5,0.971,-14.262,1,40,0.0886,101.957,0.626,4
0.181,0.62,167253,0.7809999999999999,0,0.0,9,0.187,-5.938,1,49,0.0379,144.707,0.8640000000000001,6
0.0253,0.5660000000000001,221467,0.88,0,1.18e-06,5,0.339,-5.313,1,46,0.0372,115.019,0.464,2
0.899,0.242,568053,0.116,0,0.69,2,0.093,-18.223,1,0,0.0382,85.71700000000001,0.11,10
0.382,0.608,142160,0.852,0,0.000333,3,0.311,-6.909,1,20,0.0327,104.791,0.74,6
0.0157,0.425,326067,0.79,0,0.000255,9,0.0625,-6.675,1,45,0.0471,120.998,0.297,2
0.963,0.238,172880,0.21600000000000005,0,0.125,10,0.132,-20.605,1,0,0.0416,52.043,0.0449,8
0.65,0.47,143560,0.28800000000000003,0,1.85e-05,0,0.122,-12.976,1,7,0.0315,167.64,0.823,7
0.472,0.7240000000000001,217200,0.328,0,0.000339,1,0.376,-16.531,1,34,0.0396,102.806,0.79,5
0.391,0.696,236000,0.547,0,0.00549,7,0.338,-11.501,1,33,0.0615,81.936,0.7709999999999999,5
0.519,0.499,352897,0.5670000000000001,0,2.53e-06,2,0.122,-6.1,1,48,0.0285,150.983,0.14400000000000002,3
5.36e-06,0.511,304893,0.972,0,0.00101,10,0.19,-3.751,1,62,0.0413,132.97,0.532,3
0.995,0.419,45560,0.421,0,0.84,9,0.293,-13.859000000000002,1,0,0.047,142.197,0.32299999999999995,10
0.958,0.269,288166,0.191,0,0.4320000000000001,9,0.257,-13.832,1,0,0.0444,109.709,0.0326,8
0.271,0.777,294973,0.721,0,0.000179,9,0.0729,-6.4979999999999976,1,53,0.0339,127.003,0.867,4
0.948,0.158,204225,0.303,0,0.276,0,0.8340000000000001,-12.18,1,1,0.0354,174.09599999999998,0.131,9
0.748,0.6509999999999999,132667,0.519,0,0.0,2,0.115,-7.53,1,14,0.0373,105.882,0.579,7
0.958,0.623,170040,0.232,0,0.00113,8,0.16899999999999998,-11.162,0,16,0.0432,86.397,0.341,9
0.0492,0.631,123902,0.311,1,0.0,9,0.376,-19.196,0,0,0.936,75.822,0.59,10
0.0805,0.232,248840,0.87,0,0.00169,10,0.172,-4.834,0,30,0.119,155.153,0.419,5
0.609,0.535,275147,0.541,0,0.0787,5,0.14300000000000002,-10.309,0,37,0.0489,114.327,0.471,3
0.0458,0.955,216240,0.348,0,0.000322,6,0.0985,-16.393,0,32,0.295,111.877,0.695,4
0.157,0.34700000000000003,227627,0.586,0,0.0,4,0.28600000000000003,-8.057,1,32,0.0358,208.651,0.495,6
0.95,0.29600000000000004,221425,0.0846,0,0.0164,0,0.318,-18.962,1,8,0.0517,94.137,0.258,7
0.993,0.6920000000000001,119587,0.252,0,0.601,10,0.177,-10.292,1,0,0.0536,98.163,0.737,8
0.688,0.623,132627,0.207,1,0.0,10,0.581,-21.814,1,39,0.87,104.068,0.919,3
0.995,0.514,151719,0.119,0,0.915,10,0.206,-17.087,0,0,0.0819,172.485,0.795,7
0.782,0.69,302138,0.502,0,0.00152,7,0.0622,-5.523,0,11,0.0377,92.834,0.79,7
0.995,0.467,192360,0.135,0,0.897,5,0.115,-18.641,1,0,0.0581,67.377,0.614,8
0.0013,0.518,227720,0.912,0,0.458,1,0.405,-9.011,1,30,0.0346,80.093,0.966,4
0.0514,0.363,227213,0.8759999999999999,0,2.86e-06,3,0.0991,-6.53,1,50,0.111,110.019,0.408,1
0.978,0.477,241960,0.0894,0,3.77e-05,9,0.0487,-13.684,1,8,0.0561,101.71,0.314,7
0.956,0.158,183573,0.00313,0,0.923,10,0.0784,-44.15,1,34,0.0394,77.968,0.0389,5
0.722,0.708,296533,0.534,0,0.872,9,0.0672,-10.066,0,49,0.0384,123.975,0.845,5
0.6920000000000001,0.507,334813,0.385,0,1.33e-05,0,0.13,-12.483,1,29,0.0309,61.651,0.28300000000000003,6
0.247,0.828,280160,0.487,1,1.86e-05,6,0.136,-6.142,0,65,0.0343,85.027,0.7609999999999999,1
0.52,0.446,222600,0.326,0,0.0,0,0.457,-15.948,1,33,0.0536,125.916,0.513,5
0.00758,0.387,247386,0.782,0,0.00097,1,0.107,-8.318,1,43,0.0582,184.325,0.77,4
0.995,0.5820000000000001,192520,0.0686,0,0.61,3,0.26,-17.523,0,0,0.224,122.354,0.477,8
0.0244,0.423,202267,0.8759999999999999,0,0.282,10,0.15,-6.985,0,38,0.0618,103.585,0.727,5
0.899,0.425,412907,0.297,0,0.203,5,0.127,-10.104,1,0,0.0367,90.44,0.23,7
0.00795,0.233,310000,0.8690000000000001,0,0.0216,9,0.251,-4.652,1,54,0.0646,162.02100000000004,0.4,5
0.8909999999999999,0.478,203077,0.348,0,5.91e-05,7,0.254,-21.409,1,0,0.5760000000000001,77.167,0.0827,7
0.00325,0.279,416560,0.8170000000000001,0,0.0346,6,0.0855,-5.331,0,37,0.0458,156.64,0.366,3
0.000798,0.515,295320,0.971,0,0.0,11,0.273,-1.976,0,45,0.0865,132.025,0.693,1
0.0962,0.595,121040,0.39,0,0.000187,11,0.0716,-15.734000000000002,1,26,0.0507,169.204,0.8909999999999999,6
0.964,0.63,174000,0.258,0,0.763,1,0.21600000000000005,-10.258,1,0,0.0735,112.884,0.946,9
0.738,0.508,202560,0.362,0,0.000998,0,0.0922,-9.688,1,60,0.0262,107.459,0.328,2
0.104,0.58,129400,0.8009999999999999,0,0.0159,7,0.081,-7.377000000000002,1,21,0.033,131.917,0.954,6
0.0638,0.5710000000000001,248387,0.861,0,0.00827,5,0.36,-5.697,1,45,0.087,90.1,0.31,4
0.0899,0.718,189053,0.6609999999999999,1,0.0,6,0.133,-7.991,0,62,0.131,145.877,0.49,1
0.0033,0.4970000000000001,259000,0.828,0,0.0428,0,0.163,-9.356,1,32,0.0339,141.347,0.305,4
0.985,0.379,186853,0.277,0,0.0535,1,0.106,-10.904000000000002,1,0,0.0335,87.50200000000002,0.227,8
0.322,0.733,325467,0.319,0,8.18e-06,7,0.2,-11.585,1,61,0.0298,110.002,0.466,4
0.0127,0.442,272493,0.947,0,2.58e-06,4,0.406,-4.817,0,51,0.181,100.044,0.0925,2
0.35,0.32299999999999995,366898,0.524,0,4.98e-06,10,0.0818,-11.353,1,20,0.0386,76.086,0.691,5
0.932,0.5,201013,0.14400000000000002,0,0.00207,6,0.632,-20.461,0,31,0.0422,112.873,0.318,5
0.128,0.611,703133,0.429,0,0.468,7,0.031,-15.362,1,56,0.0365,95.008,0.469,3
0.8690000000000001,0.478,145800,0.181,0,8.2e-06,5,0.192,-19.567,1,25,0.0326,102.806,0.479,6
0.8240000000000001,0.5670000000000001,172893,0.442,0,0.0401,7,0.361,-9.488,1,18,0.0409,133.136,0.71,6
0.659,0.615,158347,0.48,0,0.0,9,0.166,-12.181,1,36,0.0376,133.923,0.8490000000000001,6
0.996,0.425,164613,0.0909,0,0.933,4,0.17800000000000002,-19.536,1,1,0.0527,126.878,0.379,9
0.736,0.735,146600,0.311,0,8.52e-06,0,0.343,-12.122,1,3,0.0826,103.832,0.667,8
0.523,0.476,139972,0.581,0,0.0,8,0.201,-8.795,1,62,0.12,129.56799999999998,0.282,1
1.73e-06,0.317,254827,0.856,0,0.725,4,0.0486,-12.946,0,33,0.0702,136.17700000000002,0.248,4
0.0233,0.482,253280,0.602,0,0.0,1,0.0517,-6.808,1,51,0.0278,77.1,0.35600000000000004,4
0.147,0.86,244507,0.682,0,0.00931,11,0.0225,-9.046,0,57,0.0406,123.829,0.98,1
0.958,0.6729999999999999,182533,0.485,0,0.6990000000000001,5,0.85,-9.404,1,7,0.133,102.758,0.961,10
0.213,0.726,188387,0.711,0,1.41e-06,7,0.326,-7.728,1,29,0.0414,105.034,0.708,4
0.8170000000000001,0.6,139840,0.348,0,5.3799999999999986e-05,9,0.11,-9.66,0,33,0.036000000000000004,127.078,0.655,6
0.225,0.49,392973,0.79,0,2.14e-06,10,0.978,-7.647,1,53,0.0317,160.02700000000004,0.477,2
0.647,0.664,414200,0.509,0,0.0948,4,0.0742,-8.148,0,37,0.0415,78.456,0.618,5
0.958,0.583,301227,0.166,0,0.0,10,0.119,-20.258,1,16,0.479,138.972,0.536,7
0.345,0.789,210773,0.6759999999999999,0,0.0281,8,0.112,-8.124,1,45,0.0344,91.011,0.8690000000000001,2
0.908,0.542,203493,0.14800000000000002,0,0.3670000000000001,2,0.119,-20.642,0,26,0.0358,108.556,0.299,6
0.00131,0.6940000000000001,274147,0.7190000000000001,0,1.47e-05,7,0.0714,-4.538,1,57,0.0484,129.961,0.35200000000000004,1
0.98,0.379,201333,0.117,0,0.0008210000000000001,9,0.111,-14.311,0,7,0.0325,93.083,0.271,7
0.375,0.428,237400,0.29100000000000004,0,0.00187,2,0.26,-13.547,1,35,0.0263,94.502,0.466,6
0.0251,0.603,286227,0.851,0,1.7100000000000002e-05,0,0.318,-8.574,0,47,0.0584,143.218,0.627,4
0.0785,0.376,199453,0.821,0,0.0,0,0.0823,-3.974,1,65,0.104,120.462,0.331,1
0.0181,0.62,229573,0.8690000000000001,0,0.0,1,0.369,-5.252000000000002,1,65,0.175,151.684,0.76,1
0.105,0.584,229360,0.866,0,0.00181,10,0.0383,-17.319000000000006,0,40,0.0401,127.783,0.695,4
0.906,0.5489999999999999,167000,0.312,0,0.000621,1,0.19,-10.782,1,16,0.0498,110.159,0.5720000000000001,7
0.698,0.703,201340,0.384,0,4.01e-06,10,0.0659,-8.218,1,50,0.0382,96.566,0.963,3
0.995,0.642,174169,0.16399999999999998,0,0.00335,0,0.199,-8.283,0,0,0.241,70.865,0.795,7
0.185,0.287,260693,0.975,0,0.00924,10,0.46,-8.732000000000001,1,48,0.0796,169.424,0.441,4
0.0165,0.782,214133,0.905,0,1.37e-06,7,0.0797,-3.56,1,46,0.0789,126.748,0.667,4
0.863,0.4270000000000001,258227,0.453,0,0.8909999999999999,10,0.108,-14.797,0,28,0.0409,85.807,0.196,4
0.0172,0.759,234733,0.901,0,0.0,11,0.0804,-6.023,0,34,0.0679,141.11,0.936,5
0.0687,0.852,225173,0.493,0,0.00095,5,0.0729,-7.701,0,29,0.035,110.713,0.971,4
0.00466,0.769,238027,0.659,1,0.000189,8,0.115,-5.235,0,32,0.363,165.804,0.447,3
0.471,0.649,207733,0.7490000000000001,0,0.000974,2,0.273,-11.512,1,29,0.0335,102.817,0.884,4
0.952,0.171,251053,0.115,0,0.0008810000000000002,10,0.115,-15.338,1,47,0.0328,70.935,0.134,2
0.958,0.272,178000,0.28300000000000003,0,0.782,5,0.18600000000000005,-14.979,0,0,0.0351,122.017,0.134,10
0.409,0.6970000000000001,267413,0.629,0,3.8e-06,9,0.0819,-5.7570000000000014,1,56,0.0425,123.279,0.439,2
0.0658,0.578,195507,0.581,0,0.0042,0,0.0674,-6.867000000000001,1,57,0.0318,83.29299999999998,0.408,2
0.000108,0.406,166320,0.926,0,0.0136,9,0.125,-4.875,1,41,0.0447,175.92,0.911,4
0.617,0.6659999999999999,368027,0.701,1,0.0,1,0.141,-5.9170000000000025,0,41,0.302,119.634,0.528,3
0.118,0.857,193200,0.721,1,0.0,10,0.17800000000000002,-12.702,0,53,0.341,109.806,0.594,3
0.939,0.16699999999999998,353320,0.0223,0,0.0829,3,0.0643,-33.71,1,1,0.048,66.704,0.0398,8
0.946,0.528,165390,0.405,0,0.000144,4,0.146,-5.5779999999999985,1,6,0.0981,166.058,0.882,8
0.157,0.438,169107,0.583,0,0.011,0,0.102,-11.125,1,14,0.0295,93.37,0.493,6
0.0811,0.16399999999999998,570036,0.913,0,0.94,10,0.361,-20.818,0,48,0.0722,114.549,1e-05,1
0.914,0.407,117760,0.0651,0,0.0564,2,0.0924,-22.697,0,44,0.0305,96.846,0.358,6
0.00368,0.333,231773,0.856,0,2.65e-05,11,0.373,-5.526,1,32,0.0495,101.994,0.745,3
0.515,0.7559999999999999,147267,0.411,0,0.0,2,0.084,-11.889,1,38,0.0357,126.092,0.951,4
0.129,0.525,247360,0.911,0,0.00018,0,0.36,-4.612,1,21,0.0562,129.155,0.637,5
0.00661,0.265,197693,0.97,0,5.74e-06,4,0.26,-5.534,1,40,0.0927,173.852,0.156,3
0.986,0.7490000000000001,180000,0.218,0,0.8420000000000001,5,0.754,-8.931000000000003,0,9,0.08199999999999999,113.41,0.693,10
0.899,0.856,178427,0.214,0,0.337,10,0.1,-12.047,1,9,0.045,120.267,0.616,7
0.281,0.527,181333,0.948,0,5.27e-05,6,0.224,-5.325,1,34,0.0494,153.395,0.8420000000000001,5
0.777,0.81,116286,0.28,0,1.27e-06,0,0.0872,-12.043,1,0,0.117,136.076,0.963,10
0.8809999999999999,0.6890000000000001,105680,0.619,0,0.223,5,0.0886,-0.322,1,26,0.0608,170.576,0.78,6
0.994,0.35600000000000004,195917,0.205,0,0.908,2,0.287,-13.94,0,0,0.0498,70.38600000000002,0.463,8
3.3e-05,0.194,205933,0.98,1,1.39e-05,7,0.331,-2.884,1,49,0.151,93.85,0.155,1
0.3720000000000001,0.643,234320,0.696,0,0.0,4,0.22,-8.325,1,42,0.0301,98.006,0.831,3
0.611,0.589,183573,0.6559999999999999,0,0.475,10,0.0453,-26.709,1,29,0.0649,120.512,0.395,6
0.991,0.68,186000,0.257,0,0.0677,7,0.253,-16.997,0,0,0.0606,120.751,0.687,9
0.103,0.445,263253,0.71,0,6.14e-05,4,0.16899999999999998,-6.819,1,55,0.0275,148.011,0.468,2
0.00348,0.327,185627,0.955,0,0.0,5,0.435,-5.435,1,44,0.105,145.859,0.6609999999999999,3
0.917,0.205,171467,0.044,0,0.785,10,0.0963,-15.362,0,0,0.0423,87.088,0.293,9
2.79e-05,0.359,188693,0.8590000000000001,0,0.0627,7,0.236,-8.621,1,44,0.0527,159.734,0.655,3
0.0632,0.73,350400,0.868,0,0.0661,5,0.318,-7.325,1,66,0.0288,148.217,0.923,5
0.812,0.7090000000000001,157693,0.5,0,1.88e-06,10,0.0915,-8.59,1,36,0.0488,73.359,0.973,6
0.188,0.361,345933,0.6679999999999999,0,4.39e-06,2,0.0985,-7.3370000000000015,0,36,0.102,75.133,0.696,7
0.0044,0.496,261000,0.514,0,0.000106,7,0.0429,-13.394,1,53,0.0274,168.324,0.388,3
0.054000000000000006,0.628,230893,0.635,0,0.0148,5,0.08800000000000001,-7.606,1,39,0.026,123.816,0.687,4
0.0112,0.345,204587,0.574,0,1.6100000000000002e-05,2,0.343,-7.431,1,63,0.0435,116.679,0.0736,1
0.013,0.373,217133,0.755,0,0.000113,9,0.445,-10.624,0,34,0.0753,138.995,0.736,5
0.103,0.728,202920,0.448,0,0.0,8,0.267,-10.54,1,54,0.172,80.902,0.483,3
0.954,0.363,301733,0.24,0,0.00165,0,0.154,-14.126,1,0,0.058,91.02,0.196,8
0.0561,0.451,172813,0.654,0,0.0,3,0.505,-7.693,0,40,0.0477,81.187,0.523,6
0.102,0.8640000000000001,257867,0.507,0,0.0,11,0.29100000000000004,-6.464,0,44,0.0722,126.162,0.633,4
0.846,0.562,257920,0.131,0,0.913,8,0.0984,-21.409,1,3,0.0383,95.67,0.496,7
0.747,0.7959999999999999,159373,0.679,0,0.735,0,0.465,-8.274,1,24,0.0392,117.553,0.636,4
0.0539,0.562,236865,0.878,0,0.0,8,0.112,-4.806,1,66,0.0387,103.029,0.5579999999999999,1
0.274,0.747,257467,0.667,0,5.03e-05,9,0.109,-6.75,1,48,0.0304,122.595,0.405,2
0.00212,0.489,165640,0.944,0,0.0438,2,0.328,-5.132999999999999,1,21,0.129,153.507,0.568,6
0.964,0.25,208533,0.121,0,0.000828,0,0.13,-17.072,1,32,0.0371,109.591,0.262,4
0.00614,0.459,292173,0.727,0,0.0652,0,0.384,-11.777,1,68,0.0303,149.231,0.955,4
0.775,0.5479999999999999,148840,0.221,0,0.0,0,0.109,-8.383,1,63,0.0401,140.649,0.457,1
0.872,0.29,240640,0.28800000000000003,0,0.207,2,0.122,-16.372,1,28,0.0312,96.397,0.117,6
0.529,0.513,167933,0.518,0,0.0,9,0.7809999999999999,-9.198,0,40,0.0315,138.797,0.696,6
0.0352,0.705,166693,0.725,0,0.0149,4,0.194,-7.435,1,59,0.0506,92.186,0.76,3
0.15,0.461,207201,0.612,1,0.0,8,0.086,-8.645,1,64,0.522,168.50400000000005,0.0374,1
0.599,0.366,410600,0.238,0,0.377,0,0.125,-13.583,0,32,0.0292,99.466,0.35200000000000004,6
0.987,0.544,269547,0.259,0,0.0532,0,0.139,-17.458,1,0,0.0437,78.29,0.433,10
0.989,0.166,275400,0.0703,0,0.816,9,0.109,-22.07800000000001,1,0,0.0431,88.837,0.117,7
0.979,0.69,173733,0.27,0,0.823,7,0.105,-13.029000000000002,1,0,0.119,118.455,0.6629999999999999,10
0.875,0.509,163467,0.0736,0,9.940000000000003e-05,5,0.0748,-18.431,1,0,0.0394,103.322,0.293,7
0.81,0.527,180304,0.242,1,7.170000000000001e-05,5,0.127,-11.691,1,69,0.0397,144.304,0.278,0
0.486,0.515,326533,0.857,0,0.000505,2,0.705,-9.509,1,35,0.0514,111.628,0.737,3
0.0134,0.7,258293,0.649,0,0.0,8,0.355,-9.436,0,43,0.0272,100.372,0.333,3
0.964,0.278,199133,0.302,0,0.917,1,0.0966,-13.397,1,0,0.0331,141.018,0.274,9
0.56,0.7170000000000001,108215,0.0875,1,0.0,11,0.262,-19.062,0,0,0.955,109.925,0.5589999999999999,8
0.935,0.161,316147,0.268,0,0.602,9,0.121,-16.695,0,4,0.0389,98.048,0.0503,7
0.995,0.727,197493,0.0795,0,0.853,6,0.125,-15.403,1,0,0.17,117.78,0.305,9
0.28600000000000003,0.586,173160,0.59,0,0.0,5,0.0934,-5.274,0,51,0.0331,115.069,0.431,1
0.00123,0.471,247947,0.855,0,0.732,9,0.161,-6.615,1,43,0.0507,98.836,0.19,3
0.799,0.419,181264,0.49,0,0.0,4,0.133,-8.705,0,32,0.0336,84.725,0.574,5
0.000169,0.379,459507,0.652,0,0.0043,9,0.077,-5.4060000000000015,0,39,0.0325,121.035,0.0724,3
0.887,0.461,509333,0.409,0,0.191,5,0.13699999999999998,-9.37,0,14,0.0344,96.553,0.354,7
0.0841,0.157,229840,0.5,0,0.688,6,0.223,-14.337,0,30,0.0464,224.437,0.359,4
0.867,0.336,137000,0.231,0,0.0,10,0.122,-9.172,1,18,0.0308,80.806,0.28600000000000003,6
0.954,0.574,119573,0.317,0,0.0,1,0.345,-16.203,0,0,0.215,140.874,0.8220000000000001,9
0.099,0.816,253390,0.726,1,0.0,5,0.3720000000000001,-3.998,0,82,0.129,136.048,0.65,1
0.954,0.619,194227,0.456,0,0.342,0,0.122,-8.542,1,0,0.0387,105.927,0.805,8
0.152,0.309,282387,0.5720000000000001,0,3.55e-05,0,0.16699999999999998,-9.441,1,37,0.0364,137.077,0.486,6
0.00642,0.345,313693,0.531,0,7.28e-06,0,0.14,-12.708,1,69,0.0305,176.30200000000005,0.49,4
0.281,0.57,327947,0.812,0,3.79e-05,0,0.0729,-9.787,1,42,0.046,111.833,0.654,3
0.964,0.17800000000000002,118987,0.0135,0,0.92,7,0.116,-28.20300000000001,1,48,0.046,47.37,0.0392,2
0.48,0.8140000000000001,286467,0.862,0,0.007659999999999998,1,0.0509,-6.065,1,57,0.0523,132.814,0.962,3
0.967,0.0859,403467,0.07400000000000001,0,0.9,2,0.117,-18.422,0,0,0.0379,78.567,0.0915,8
0.899,0.674,156733,0.252,0,8.07e-06,10,0.104,-12.285,1,10,0.0677,136.515,0.6940000000000001,8
0.0512,0.581,255213,0.6779999999999999,0,0.0,1,0.16399999999999998,-6.624,1,53,0.063,142.968,0.284,1
0.00231,0.458,221000,0.978,1,2.12e-06,11,0.111,-2.389,1,65,0.191,104.012,0.342,2
0.743,0.274,201160,0.209,0,6.84e-06,0,0.183,-15.723,0,41,0.0328,139.316,0.297,5
0.991,0.43,203160,0.162,0,0.939,10,0.126,-17.099,0,0,0.0535,69.146,0.195,9
0.0296,0.667,175093,0.954,0,0.0,2,0.331,-3.462,1,70,0.0817,114.0,0.807,2
0.77,0.41,221373,0.532,0,0.0,11,0.698,-10.394,0,43,0.195,134.128,0.406,6
0.24,0.453,228653,0.412,0,0.00021,1,0.101,-7.539,1,62,0.0276,75.752,0.282,2
0.257,0.368,258920,0.6920000000000001,0,0.0327,4,0.0916,-8.766,0,20,0.047,150.92,0.5489999999999999,5
0.0142,0.765,243333,0.924,0,0.0074,0,0.0663,-9.143,1,41,0.0663,103.231,0.569,4
0.973,0.609,195027,0.105,0,0.00511,2,0.116,-15.246,0,9,0.0344,108.679,0.616,8
0.8270000000000001,0.466,80667,0.391,0,0.299,10,0.34700000000000003,-13.962,1,11,0.034,117.994,0.52,7
0.16899999999999998,0.5870000000000001,264507,0.61,0,3.49e-06,7,0.0724,-6.069,1,42,0.0261,142.195,0.6579999999999999,2
0.932,0.227,248760,0.0461,0,0.000531,9,0.0892,-21.664,1,24,0.0389,164.762,0.134,4
0.653,0.583,206280,0.509,0,9.27e-06,9,0.0634,-9.545,1,21,0.0319,87.741,0.674,5
0.00246,0.532,143600,0.5489999999999999,0,0.0,11,0.053,-8.66,0,35,0.287,163.912,0.08800000000000001,3
0.954,0.476,179213,0.75,0,0.0,7,0.32,-11.237,1,0,0.157,104.185,0.738,7
0.902,0.0771,170000,1.0,0,0.613,3,0.845,-16.54,0,77,0.0508,171.623,1e-05,1
0.000601,0.413,164267,0.914,0,0.00262,10,0.0539,-10.105,0,56,0.0947,127.557,0.448,3
0.996,0.574,191835,0.206,0,0.8490000000000001,2,0.331,-12.294,1,0,0.249,75.118,0.8540000000000001,8
0.979,0.569,197400,0.366,0,0.0851,10,0.374,-10.056,0,0,0.0989,103.927,0.715,8
0.0379,0.758,198440,0.655,0,0.0,7,0.0795,-11.661,1,56,0.0292,127.141,0.767,3
0.994,0.368,177653,0.118,0,0.921,9,0.1,-23.263,0,0,0.0483,136.484,0.34700000000000003,7
0.546,0.409,241413,0.461,0,0.24,7,0.142,-13.140999999999998,1,36,0.035,172.842,0.865,5
0.6509999999999999,0.535,141667,0.456,0,0.0,2,0.397,-7.06,0,51,0.0286,102.648,0.402,6
0.889,0.617,201467,0.181,0,0.00406,8,0.207,-17.589000000000002,1,2,0.0455,160.334,0.773,8
0.29100000000000004,0.655,117836,0.174,1,6.29e-06,0,0.117,-20.096,1,0,0.951,153.116,0.5529999999999999,8
0.946,0.479,87760,0.0311,0,0.0,11,0.29600000000000004,-29.142,1,0,0.0754,132.371,0.234,8
0.79,0.57,138467,0.185,0,0.0,3,0.051,-15.074000000000002,1,23,0.0292,90.212,0.5379999999999999,6
0.964,0.0847,205493,0.0856,0,0.5920000000000001,2,0.289,-24.716,0,49,0.0405,84.245,0.0764,3
0.98,0.5660000000000001,217893,0.304,0,0.828,4,0.17,-16.967,0,4,0.0649,142.418,0.816,7
0.898,0.239,73773,0.343,0,0.98,4,0.411,-14.831,1,0,0.0368,77.50399999999998,0.145,7
0.994,0.272,391720,0.384,0,0.912,6,0.109,-13.765,1,0,0.0822,76.53,0.343,8
0.753,0.634,184507,0.349,0,0.00525,5,0.106,-13.689,1,22,0.0291,94.763,0.505,6
0.00114,0.457,305533,0.618,0,0.00257,6,0.0679,-6.682,1,63,0.0296,80.184,0.579,3
0.596,0.456,221107,0.679,0,0.000573,8,0.129,-5.778,0,72,0.064,92.026,0.107,1
0.00557,0.774,219267,0.485,0,2.31e-06,1,0.107,-10.955,1,55,0.319,156.001,0.392,3
0.0322,0.7759999999999999,116400,0.253,1,0.0,10,0.182,-20.735,0,0,0.941,63.024,0.6829999999999999,10
0.5489999999999999,0.591,147520,0.298,0,2.22e-06,4,0.0797,-12.269,0,57,0.06,119.954,0.3720000000000001,2
0.8540000000000001,0.366,686933,0.348,0,0.00595,0,0.27,-14.611,1,8,0.104,80.042,0.317,7
0.995,0.355,202440,0.108,0,0.127,8,0.0768,-16.516,1,0,0.0592,65.35600000000001,0.454,8
0.342,0.7859999999999999,205160,0.8009999999999999,0,0.0,7,0.036000000000000004,-7.331,1,23,0.0298,117.135,0.935,4
0.969,0.401,232267,0.371,0,0.0927,5,0.129,-8.682,1,2,0.0648,102.438,0.45,9
0.0128,0.424,497493,0.8640000000000001,0,0.00215,9,0.149,-4.532,0,55,0.0365,113.829,0.5710000000000001,5
0.217,0.777,175733,0.7120000000000001,0,0.0,10,0.091,-4.84,1,81,0.277,95.692,0.68,1
0.735,0.496,234707,0.339,0,0.0,10,0.115,-9.512,0,59,0.0317,129.486,0.201,4
0.429,0.794,198907,0.489,0,4.58e-06,5,0.0648,-10.309,1,37,0.0596,112.779,0.924,5
0.417,0.638,278867,0.28,0,0.439,9,0.0611,-16.516,1,67,0.0673,154.955,0.7340000000000001,5
0.589,0.598,245200,0.287,0,0.0,3,0.0981,-9.218,1,58,0.0298,143.898,0.185,2
0.856,0.162,183020,0.0797,0,1.29e-05,9,0.0973,-18.319000000000006,0,9,0.036000000000000004,77.781,0.111,7
0.99,0.158,355200,0.0135,0,0.789,3,0.0761,-31.06,1,1,0.038,67.372,0.0513,10
0.0069700000000000005,0.556,302733,0.384,0,0.000926,0,0.0545,-14.98,1,51,0.0407,126.841,0.8909999999999999,4
0.241,0.79,212280,0.746,0,0.0,9,0.316,-5.96,1,75,0.0502,124.971,0.5379999999999999,1
0.0691,0.733,403307,0.7959999999999999,0,0.873,2,0.0594,-9.736,0,31,0.0423,128.045,0.898,5
0.667,0.542,164773,0.275,0,0.000301,4,0.105,-14.073,1,32,0.0276,134.613,0.146,3
0.595,0.622,207027,0.748,0,0.303,4,0.14800000000000002,-9.488,1,0,0.0451,128.539,0.612,9
0.956,0.465,349133,0.2,0,3.950000000000001e-05,7,0.105,-12.694,1,1,0.0727,87.446,0.355,8
0.893,0.258,177253,0.674,0,0.802,2,0.526,-13.341,1,22,0.0692,124.085,0.29100000000000004,4
0.964,0.501,221701,0.0404,0,0.0373,3,0.0968,-24.412,1,0,0.0552,104.967,0.316,8
0.0476,0.752,163216,0.764,0,9.44e-05,1,0.0543,-4.399,1,77,0.038,121.958,0.5820000000000001,1
0.619,0.674,181400,0.501,0,0.0709,5,0.104,-16.359,1,27,0.0469,104.733,0.688,4
0.0228,0.594,197053,0.898,0,0.0,4,0.0627,-4.796,1,47,0.0452,161.512,0.8079999999999999,4
0.98,0.248,786467,0.128,0,0.89,5,0.0986,-21.839,0,0,0.0315,87.57700000000001,0.128,8
0.823,0.444,164119,0.312,0,0.0,0,0.0824,-13.438,1,14,0.0622,188.885,0.8220000000000001,6
0.995,0.403,321067,0.0829,0,0.923,4,0.112,-20.145,0,28,0.0451,74.164,0.0718,6
0.985,0.708,164667,0.453,0,0.00186,3,0.149,-9.267,1,13,0.0368,78.84,0.913,9
0.0251,0.6920000000000001,250387,0.908,0,0.0,9,0.0933,-5.364,1,55,0.0677,124.042,0.513,1
0.833,0.402,181987,0.4320000000000001,0,0.965,3,0.0953,-12.723,1,39,0.0289,143.756,0.579,5
0.87,0.5760000000000001,272867,0.504,0,0.000176,5,0.501,-12.029000000000002,1,1,0.243,83.16799999999998,0.597,7
0.7859999999999999,0.501,192120,0.349,1,0.0,3,0.107,-10.883,0,67,0.391,72.855,0.322,0
0.961,0.713,180976,0.265,0,0.0,7,0.299,-10.893,1,2,0.5479999999999999,108.219,0.203,8
0.158,0.407,193653,0.877,0,1.34e-06,5,0.0542,-6.318,1,30,0.0638,163.68,0.7979999999999999,5
0.993,0.238,196333,0.145,0,0.944,4,0.116,-17.43,1,0,0.0388,149.451,0.258,7
0.7929999999999999,0.581,336267,0.417,0,8.1e-05,6,0.106,-17.346,0,27,0.0966,98.314,0.477,4
0.99,0.34700000000000003,200907,0.0523,0,0.945,5,0.185,-20.952,1,41,0.0342,130.377,0.138,2
0.462,0.6970000000000001,173631,0.877,0,0.00943,3,0.083,-4.465,1,73,0.0462,101.99,0.802,1
0.94,0.61,169000,0.784,0,0.105,8,0.0835,-8.734,1,5,0.266,131.186,0.688,10
0.389,0.516,189440,0.628,0,0.0,7,0.078,-3.528,1,45,0.0311,176.093,0.622,3
0.557,0.436,272893,0.39,0,0.0,1,0.12,-9.62,0,67,0.0326,125.313,0.119,3
0.241,0.647,100813,0.166,1,0.0,6,0.294,-18.048,1,0,0.952,161.293,0.723,9
0.138,0.723,285613,0.818,0,0.748,7,0.218,-5.9460000000000015,1,52,0.0366,135.122,0.894,4
0.0013,0.488,286680,0.815,0,0.0,4,0.183,-5.985,0,39,0.0445,128.534,0.392,4
0.764,0.578,192907,0.5760000000000001,0,0.873,1,0.219,-7.999,1,11,0.0531,148.27100000000004,0.93,8
0.519,0.469,127173,0.53,0,0.0,1,0.129,-6.799,1,13,0.0407,122.124,0.621,6
0.00123,0.234,238896,0.902,0,1e-05,3,0.957,-7.353,0,41,0.0581,140.236,0.49,4
0.0666,0.828,310920,0.8240000000000001,0,5.41e-05,10,0.187,-5.912000000000001,0,29,0.0415,108.689,0.944,4
0.978,0.405,190160,0.6409999999999999,0,0.737,0,0.258,-6.175,1,0,0.0489,116.509,0.696,9
0.0065,0.644,253933,0.517,1,1.37e-06,7,0.158,-10.02,1,60,0.0803,169.799,0.464,2
0.00604,0.614,297107,0.818,0,7.87e-06,7,0.377,-5.602,1,32,0.0675,147.463,0.473,4
0.00895,0.722,264533,0.435,0,0.397,9,0.142,-14.354,1,41,0.0525,131.87,0.629,3
0.8909999999999999,0.362,177600,0.194,0,0.017,10,0.157,-13.837,1,17,0.0277,97.662,0.251,6
0.55,0.56,187040,0.434,0,0.0,4,0.34600000000000003,-14.151,0,72,0.0729,112.803,0.664,6
0.889,0.386,301747,0.34,0,0.897,7,0.114,-15.887,1,25,0.0543,158.967,0.0985,4
0.000479,0.695,218187,0.579,0,0.0,0,0.0556,-5.066,1,52,0.0325,88.95700000000002,0.726,3
0.989,0.71,164972,0.0825,0,3.55e-05,3,0.156,-9.019,1,0,0.307,93.806,0.738,8
0.306,0.573,170120,0.438,0,0.0,7,0.223,-9.9,1,16,0.026,111.803,0.551,6
0.000244,0.494,273200,0.884,0,0.0,1,0.14300000000000002,-5.541,1,45,0.0455,140.314,0.265,2
8.71e-05,0.195,267633,0.883,0,1.58e-05,2,0.36,-7.0820000000000025,1,46,0.0631,158.219,0.33,2
0.397,0.6970000000000001,241668,0.438,0,0.0,8,0.293,-8.411,1,56,0.0289,117.954,0.58,2
0.00628,0.16699999999999998,390000,0.604,0,0.00931,2,0.259,-4.549,1,50,0.0385,136.102,0.228,1
0.000824,0.3670000000000001,241533,0.634,0,0.0759,5,0.116,-6.475,1,53,0.027000000000000003,89.98100000000002,0.0964,1
0.823,0.737,182067,0.14800000000000002,0,9.62e-06,7,0.0809,-15.748,1,12,0.145,133.931,0.782,7
0.5489999999999999,0.711,376440,0.247,0,0.000235,7,0.166,-12.586,1,34,0.032,92.276,0.502,6
0.18,0.665,228112,0.799,0,0.0,6,0.125,-2.8680000000000003,0,72,0.0617,101.976,0.5,1
0.961,0.362,455733,0.155,0,0.7509999999999999,7,0.1,-15.116,0,0,0.0378,140.768,0.237,9
0.93,0.29,168533,0.151,0,0.00434,0,0.264,-16.092,0,6,0.0322,80.447,0.188,7
0.107,0.593,215621,0.504,0,0.0006580000000000001,1,0.119,-6.455,1,58,0.0261,118.022,0.236,1
0.442,0.5670000000000001,216427,0.387,0,0.00317,9,0.113,-16.605,1,36,0.0622,112.73,0.534,5
0.008870000000000001,0.741,239213,0.622,0,0.0005009999999999999,8,0.15,-5.877999999999999,1,46,0.0404,122.013,0.625,2
5.98e-05,0.421,200187,0.945,0,0.649,2,0.0443,-4.067,1,40,0.104,90.394,0.612,2
0.16,0.619,249773,0.937,1,0.0,1,0.17,-5.835,1,54,0.355,93.294,0.677,1
0.852,0.659,177600,0.527,0,0.0,4,0.6779999999999999,-12.45,1,16,0.237,116.343,0.911,6
0.0108,0.298,309107,0.963,0,0.0,1,0.17800000000000002,-3.105,1,56,0.0473,114.944,0.407,2
0.000366,0.514,276093,0.887,0,0.0314,2,0.253,-6.323,1,36,0.13699999999999998,167.99,0.392,2
0.974,0.5329999999999999,190893,0.159,0,0.6970000000000001,2,0.0924,-21.616,1,0,0.038,115.374,0.8490000000000001,10
0.509,0.596,338840,0.769,0,4.31e-05,10,0.188,-9.223,1,41,0.0363,91.783,0.947,4
0.361,0.5770000000000001,314067,0.83,0,0.0203,7,0.0681,-9.843,1,48,0.0588,142.376,0.6729999999999999,3
0.984,0.5589999999999999,192613,0.422,0,0.8079999999999999,5,0.406,-10.8,0,0,0.0544,120.896,0.674,8
0.0377,0.557,335480,0.8859999999999999,0,0.108,6,0.163,-5.356,1,63,0.0302,96.989,0.545,1
0.235,0.785,180867,0.616,1,0.0,0,0.2,-5.9270000000000005,0,57,0.239,115.187,0.907,1
0.0729,0.79,191080,0.73,0,0.0,9,0.0619,-9.904,1,54,0.0802,109.254,0.899,1
0.006370000000000001,0.789,250747,0.687,0,2.77e-06,1,0.0571,-7.441,1,43,0.0634,111.493,0.862,3
0.236,0.762,194000,0.72,1,0.0,8,0.384,-2.156,0,46,0.25,84.023,0.631,2
0.0654,0.894,180093,0.458,0,0.0192,2,0.107,-8.594,1,54,0.0507,97.015,0.679,2
0.9,0.575,150093,0.217,0,9.14e-06,11,0.14400000000000002,-12.068,1,11,0.0326,100.849,0.388,6
0.669,0.821,170000,0.376,0,1.39e-05,0,0.106,-13.622,1,54,0.0487,119.039,0.8240000000000001,6
1.26e-05,0.341,156427,0.964,0,0.000103,11,0.151,-5.327000000000001,0,36,0.107,152.192,0.459,3
0.0146,0.326,404493,0.458,0,0.00287,9,0.103,-15.654000000000002,1,43,0.156,83.26100000000002,0.345,5
0.00156,0.633,291467,0.5820000000000001,0,0.35700000000000004,8,0.117,-11.772,0,44,0.0311,119.835,0.162,2
0.45,0.687,191787,0.35200000000000004,0,0.0,2,0.172,-14.317,1,21,0.028,96.99,0.615,5
0.617,0.13,277533,0.979,0,0.409,2,0.338,-3.903,1,48,0.113,205.39,0.368,4
0.234,0.624,162907,0.41,0,0.0688,2,0.134,-12.515,1,39,0.0275,87.491,0.583,5
0.975,0.487,49547,0.5820000000000001,0,0.00039,5,0.373,-8.652999999999999,0,0,0.07200000000000001,103.975,0.7490000000000001,7
0.359,0.631,170267,0.562,0,0.000526,8,0.142,-9.274,1,9,0.0553,103.969,0.703,7
0.159,0.6759999999999999,142600,0.6759999999999999,0,1.1e-05,2,0.285,-8.05,1,43,0.0914,170.075,0.931,2
0.8079999999999999,0.785,150093,0.391,0,0.875,5,0.0941,-11.154000000000002,1,13,0.0623,115.616,0.924,9
0.938,0.259,186107,0.46,0,0.225,8,0.35100000000000003,-11.081,0,0,0.0392,89.194,0.456,9
0.399,0.495,281373,0.461,0,0.0,11,0.0606,-14.538,0,38,0.0415,207.005,0.426,4
0.957,0.322,366573,0.484,0,0.85,10,0.13699999999999998,-11.715,0,0,0.0333,151.149,0.562,10
0.568,0.448,241640,0.918,0,1.95e-06,8,0.309,-8.995,1,23,0.123,109.212,0.35700000000000004,4
0.179,0.768,213293,0.82,0,0.0,7,0.7040000000000001,-4.63,0,73,0.0475,129.969,0.625,1
0.8290000000000001,0.667,108093,0.315,0,0.0,5,0.292,-8.857999999999997,1,1,0.0409,109.352,0.737,9
0.201,0.386,230360,0.606,0,0.0,4,0.0991,-9.369,1,20,0.0291,141.279,0.14400000000000002,5
0.00379,0.405,193467,0.463,0,0.0442,0,0.392,-16.167,1,61,0.0542,79.45100000000002,0.542,6
0.964,0.519,70000,0.843,0,0.0,5,0.867,-10.673,0,7,0.825,100.141,0.423,6
0.0172,0.665,357333,0.736,0,0.0,7,0.212,-5.712999999999999,1,42,0.258,76.373,0.962,6
0.24,0.639,150107,0.6890000000000001,0,0.0,9,0.0663,-6.242000000000001,1,18,0.0307,85.87100000000002,0.953,6
0.0291,0.573,243773,0.7759999999999999,0,0.00256,5,0.171,-9.481,0,55,0.0385,138.333,0.602,4
0.0142,0.6,182507,0.865,0,4.04e-06,1,0.0469,-5.18,1,28,0.0325,126.356,0.873,5
0.973,0.8059999999999999,164132,0.313,0,1.44e-05,5,0.151,-13.76,1,0,0.0375,98.513,0.8640000000000001,8
0.472,0.5770000000000001,358547,0.698,0,0.0,0,0.0752,-5.947,0,28,0.0427,111.867,0.95,5
0.621,0.596,302060,0.4320000000000001,0,1.28e-06,9,0.0962,-12.41,0,36,0.0365,99.477,0.6409999999999999,4
0.635,0.495,291933,0.262,0,0.00486,9,0.104,-10.572,0,56,0.0292,159.986,0.287,2
0.00125,0.311,271800,0.96,0,0.00114,2,0.103,-7.255,1,31,0.124,175.183,0.421,4
2.95e-05,0.467,255693,0.942,0,0.000562,5,0.47,-4.117,1,53,0.055,139.952,0.223,1
0.125,0.759,192467,0.5379999999999999,0,2.7000000000000004e-06,9,0.0788,-6.2170000000000005,1,32,0.0341,100.674,0.765,4
0.981,0.474,204173,0.154,0,0.00899,5,0.162,-18.238,0,6,0.0948,180.523,0.138,8
0.402,0.773,172227,0.502,0,0.0,5,0.0936,-9.345,1,48,0.0432,111.728,0.967,3
0.965,0.504,90227,0.281,0,0.147,1,0.109,-15.932,1,1,0.119,187.66,0.28300000000000003,7
0.8220000000000001,0.7659999999999999,134173,0.463,0,7.15e-06,7,0.345,-14.804,1,21,0.0393,116.094,0.878,6
0.0295,0.887,239733,0.416,0,1.06e-05,1,0.066,-7.346,1,47,0.0518,94.013,0.7609999999999999,3
0.542,0.5670000000000001,266253,0.457,1,0.0,8,0.221,-8.062000000000001,1,46,0.408,159.66899999999995,0.311,2
0.327,0.382,258800,0.494,0,0.0,4,0.0501,-6.5070000000000014,0,44,0.0364,76.97399999999998,0.325,5
0.000209,0.32,127138,0.979,0,4.05e-06,2,0.117,-6.346,1,29,0.104,150.026,0.604,4
0.211,0.456,276027,0.675,0,0.159,0,0.141,-9.122,1,37,0.0314,99.805,0.369,5
0.5329999999999999,0.614,272533,0.545,0,0.0,10,0.106,-9.808,1,60,0.0564,146.071,0.8270000000000001,3
5.69e-05,0.261,162600,0.8859999999999999,0,2.22e-05,9,0.0602,-9.466,1,37,0.0605,103.353,0.504,3
0.402,0.495,263280,0.6609999999999999,0,0.00118,7,0.0827,-9.645,1,41,0.0385,79.9,0.669,5
0.211,0.845,200853,0.561,0,3.49e-06,1,0.0383,-5.252999999999999,0,74,0.0778,109.974,0.8109999999999999,1
0.0052,0.447,107573,0.944,0,0.7090000000000001,9,0.35200000000000004,-8.857999999999997,0,23,0.0416,147.779,0.564,4
0.903,0.639,157227,0.591,0,0.887,4,0.204,-5.192,1,0,0.0401,104.347,0.963,7
0.00333,0.613,328160,0.77,0,1.92e-05,2,0.318,-8.626,1,34,0.0447,116.129,0.607,3
0.8270000000000001,0.5920000000000001,173773,0.207,0,8.65e-06,2,0.256,-14.702,1,43,0.0406,132.584,0.6409999999999999,6
0.6609999999999999,0.19,267667,0.21,0,0.51,5,0.0429,-18.678,1,0,0.0526,192.095,0.227,8
0.995,0.502,235587,0.109,0,0.948,7,0.113,-22.129,1,0,0.0825,73.075,0.47,8
0.165,0.774,209957,0.912,1,0.0,2,0.745,-2.787,0,48,0.34700000000000003,150.083,0.821,2
0.7190000000000001,0.385,225680,0.501,0,1.83e-05,5,0.0826,-7.245,1,49,0.0531,125.52,0.527,6
0.848,0.155,107999,0.181,0,0.696,10,0.126,-19.216,0,4,0.0385,106.367,0.0515,8
0.674,0.7170000000000001,301960,0.8540000000000001,0,0.000878,2,0.341,-2.714,0,25,0.0373,103.019,0.917,5
0.000241,0.37,224133,0.96,0,0.0116,3,0.0563,-4.162,0,68,0.0378,89.428,0.7170000000000001,3
0.6629999999999999,0.841,531826,0.422,0,0.292,0,0.0703,-14.589,0,41,0.0386,125.776,0.821,5
0.516,0.7,199467,0.687,0,0.000179,4,0.105,-9.967,1,36,0.303,94.075,0.6629999999999999,2
0.0679,0.253,330063,0.693,0,0.0469,8,0.0888,-11.936,1,0,0.2,78.577,0.0356,8
0.006490000000000001,0.46,195307,0.929,0,0.0,6,0.154,-3.947,0,43,0.0731,156.033,0.569,2
0.127,0.4,406440,0.596,0,0.0,8,0.384,-6.377000000000002,1,54,0.0407,99.717,0.264,1
0.174,0.78,480607,0.953,0,0.00127,5,0.0889,-5.827000000000001,0,29,0.054000000000000006,136.626,0.894,4
0.00556,0.477,186827,0.731,0,0.00169,4,0.236,-9.814,0,51,0.0313,110.815,0.63,3
0.0164,0.586,208864,0.927,0,7.24e-06,2,0.153,-3.014,1,62,0.0547,111.977,0.5489999999999999,1
0.8320000000000001,0.491,187893,0.502,0,2.03e-06,2,0.128,-12.625,1,30,0.325,171.579,0.865,5
0.597,0.5579999999999999,85187,0.22,0,0.0,7,0.395,-21.56,0,41,0.459,123.172,0.503,3
0.764,0.713,1061490,0.221,0,0.0,10,0.12,-18.796,0,0,0.958,129.945,0.477,9
0.0293,0.645,225560,0.904,0,0.0,2,0.0834,-4.532,1,72,0.0462,105.97,0.6709999999999999,1
0.212,0.608,260632,0.6759999999999999,1,0.0,1,0.34700000000000003,-7.56,1,64,0.248,80.939,0.57,1
0.0365,0.446,259213,0.593,1,0.847,11,0.0988,-7.747999999999997,1,52,0.0598,123.941,0.0705,1
0.0329,0.653,180120,0.674,0,0.0,2,0.34700000000000003,-4.984,1,59,0.0471,165.94299999999996,0.7759999999999999,1
0.631,0.382,247933,0.358,0,0.000921,0,0.0973,-14.437,1,40,0.0349,115.507,0.6920000000000001,3
0.382,0.6809999999999999,124200,0.833,0,5.59e-06,0,0.391,-6.2479999999999976,1,50,0.0847,117.54,0.725,3
0.177,0.7120000000000001,214280,0.936,0,0.000837,2,0.0443,-4.246,1,48,0.0364,118.425,0.917,4
0.964,0.495,178573,0.0688,0,0.00227,4,0.112,-14.927,0,57,0.0546,120.901,0.162,7
0.675,0.507,342200,0.449,0,0.0586,10,0.747,-13.38,1,6,0.093,93.664,0.416,7
0.78,0.5820000000000001,242667,0.259,0,1.93e-06,7,0.224,-13.461,1,45,0.0281,98.668,0.259,3
0.0869,0.611,256947,0.773,0,0.0,11,0.0869,-7.599,1,45,0.0326,109.944,0.461,1
0.6659999999999999,0.617,259173,0.457,0,0.00186,7,0.073,-8.538,0,42,0.0381,132.467,0.635,5
0.117,0.628,105300,0.31,1,0.0,10,0.181,-18.322,0,0,0.931,171.59799999999996,0.735,10
0.0755,0.743,257427,0.894,1,0.00283,8,0.3670000000000001,-6.886,1,56,0.0349,95.9,0.77,2
0.0714,0.727,97200,0.233,1,0.0,2,0.265,-12.431,1,0,0.922,85.458,0.564,10
0.0161,0.463,276413,0.875,0,1.41e-06,7,0.14800000000000002,-4.45,1,47,0.0568,136.313,0.755,3
0.726,0.377,232413,0.64,0,3.58e-05,3,0.259,-9.931,0,23,0.0467,146.933,0.5670000000000001,5
0.244,0.57,189787,0.691,0,0.0,7,0.6509999999999999,-7.165,1,42,0.03,141.87,0.7020000000000001,2
0.909,0.664,207920,0.221,0,5.24e-05,2,0.129,-9.614,1,6,0.0397,115.099,0.535,9
0.122,0.637,103898,0.198,1,0.0,3,0.14400000000000002,-21.582,1,0,0.95,165.168,0.64,8
0.882,0.469,247400,0.269,0,0.000402,2,0.123,-11.819,1,52,0.0287,111.815,0.113,2
0.968,0.348,289427,0.0845,0,0.00034700000000000003,10,0.0851,-19.85,1,0,0.0375,111.338,0.163,7
0.236,0.652,287960,0.6920000000000001,0,2.23e-06,2,0.166,-8.978,1,33,0.0488,114.627,0.648,5
0.377,0.495,200853,0.555,0,0.3,7,0.112,-6.363,1,50,0.028,74.304,0.342,2
0.913,0.652,132440,0.045,0,0.0,8,0.0936,-20.535,1,42,0.1,95.613,0.667,2
0.168,0.5770000000000001,368293,0.795,0,0.0128,9,0.387,-10.123,1,33,0.0312,107.992,0.768,3
0.000582,0.317,220561,0.887,0,0.0025800000000000003,9,0.0891,-7.292000000000002,1,50,0.0375,169.613,0.871,5
0.0206,0.429,259200,0.88,0,0.698,9,0.607,-8.013,0,55,0.109,148.965,0.255,3
0.0357,0.789,365733,0.546,0,0.261,2,0.182,-10.298,1,52,0.0446,133.89600000000002,0.86,5
0.0727,0.652,116200,0.111,1,0.0,11,0.7490000000000001,-18.887,0,0,0.938,80.982,0.815,8
0.5589999999999999,0.7190000000000001,102300,0.188,0,0.0,10,0.26,-21.242,0,0,0.893,117.452,0.599,9
0.935,0.264,794267,0.329,0,0.00387,3,0.0741,-10.74,1,8,0.0496,88.338,0.158,7
0.132,0.322,518467,0.799,0,0.0184,8,0.0535,-10.664,1,14,0.0594,160.327,0.657,6
0.0228,0.394,243067,0.488,0,0.758,10,0.139,-11.781,0,24,0.0342,118.389,0.561,6
0.7040000000000001,0.6629999999999999,144360,0.664,0,0.0,0,0.215,-7.768,1,26,0.0339,117.187,0.925,6
0.0239,0.733,205560,0.442,1,0.0,10,0.133,-14.498,0,45,0.37,181.634,0.86,3
0.00335,0.515,208667,0.772,0,0.0,4,0.0987,-6.153,0,48,0.035,81.905,0.46,2
0.502,0.662,176867,0.237,0,3.41e-06,5,0.107,-11.851,1,52,0.0369,133.07399999999998,0.28,5
0.961,0.512,226240,0.261,0,7.190000000000001e-05,8,0.0841,-14.352,1,0,0.195,83.30799999999998,0.777,7
0.768,0.738,206373,0.418,0,0.0,6,0.135,-9.452,0,61,0.032,134.855,0.5920000000000001,3
0.965,0.523,103200,0.0687,0,0.633,9,0.112,-24.948,1,1,0.0414,92.369,0.586,9
0.991,0.481,166667,0.302,0,0.0,7,0.369,-7.372999999999997,1,0,0.0551,113.023,0.353,10
0.00313,0.496,343533,0.884,0,0.185,8,0.166,-5.2620000000000005,1,38,0.0969,192.158,0.305,2
0.723,0.7390000000000001,231867,0.106,0,0.000383,2,0.274,-21.272,0,27,0.0537,109.297,0.612,5
0.818,0.429,476373,0.0288,0,0.0428,0,0.0873,-24.481,1,0,0.0415,117.09,0.0887,7
0.981,0.3720000000000001,195992,0.309,0,0.154,3,0.0686,-10.339,0,44,0.037000000000000005,100.856,0.444,4
0.933,0.767,185907,0.242,0,0.8079999999999999,3,0.385,-15.534,1,0,0.0479,126.157,0.853,9
0.97,0.269,86988,0.14300000000000002,0,0.469,4,0.166,-9.003,1,0,0.0413,141.386,0.41,10
0.996,0.6629999999999999,167640,0.287,0,0.907,3,0.249,-9.674,0,0,0.0472,118.537,0.7490000000000001,10
0.7,0.653,396733,0.253,0,0.0,9,0.753,-16.642,1,30,0.0518,100.958,0.647,4
0.8320000000000001,0.17800000000000002,683693,0.0301,0,0.889,10,0.105,-31.636,1,0,0.0402,114.774,0.153,8
0.254,0.8690000000000001,258587,0.5760000000000001,0,0.0,8,0.35200000000000004,-6.356,1,56,0.181,90.01700000000002,0.377,2
0.993,0.521,197013,0.404,0,0.418,2,0.17600000000000002,-10.476,1,0,0.0353,102.822,0.401,7
0.927,0.674,122880,0.124,0,0.0,2,0.0996,-12.998,1,0,0.0733,93.207,0.96,8
0.964,0.647,210467,0.19,0,0.955,0,0.21,-15.509,0,5,0.0455,134.886,0.581,7
0.361,0.385,404213,0.595,0,1.09e-05,2,0.174,-5.67,1,60,0.0398,119.38,0.152,3
0.0327,0.642,241800,0.7490000000000001,0,0.0,11,0.114,-5.287000000000001,0,43,0.0364,124.997,0.693,2
0.00483,0.516,349560,0.518,0,0.00895,4,0.585,-10.383,1,72,0.04,108.027,0.0834,1
0.654,0.328,256133,0.454,0,0.0,10,0.7440000000000001,-12.462,1,31,0.0608,85.738,0.531,3
0.995,0.516,139480,0.0422,0,0.843,6,0.105,-24.281,0,0,0.0648,80.733,0.551,10
0.338,0.6,222133,0.438,0,0.00512,7,0.0732,-15.489,1,38,0.0358,150.7,0.0736,3
0.984,0.6729999999999999,168933,0.265,0,0.92,3,0.0988,-15.888,1,6,0.0454,77.64,0.677,7
0.862,0.605,154733,0.149,0,0.0,5,0.075,-12.046,0,9,0.0485,140.965,0.604,8
6.32e-05,0.616,227360,0.78,0,1.12e-06,2,0.0986,-8.192,1,48,0.251,122.343,0.237,3
0.034,0.639,281333,0.795,0,0.0,10,0.179,-5.9270000000000005,1,47,0.0655,171.378,0.939,4
0.938,0.316,192307,0.128,0,6.74e-06,0,0.132,-16.288,1,22,0.0355,129.143,0.279,6
0.636,0.597,92160,0.417,0,0.0,0,0.153,-11.454,1,36,0.0332,133.464,0.456,5
0.851,0.61,146827,0.203,0,9.6e-05,9,0.245,-10.816,0,13,0.0408,82.212,0.326,7
0.14800000000000002,0.8959999999999999,263227,0.433,0,0.0,0,0.14,-11.753,1,27,0.104,92.562,0.884,5
0.239,0.715,212733,0.605,0,1.41e-05,0,0.189,-5.127999999999999,0,74,0.0428,122.956,0.454,1
0.853,0.667,265227,0.0732,0,1.8e-05,10,0.168,-19.82,1,34,0.0693,67.34899999999999,0.158,6
0.23,0.772,254453,0.7290000000000001,1,0.0,2,0.257,-7.808,1,61,0.292,104.031,0.475,1
0.0034200000000000003,0.5379999999999999,152467,0.972,0,0.0073,1,0.235,-3.23,1,25,0.0453,104.354,0.478,4
0.35200000000000004,0.7859999999999999,165893,0.485,0,0.0046700000000000005,1,0.0424,-13.012,1,56,0.321,72.842,0.96,5
0.599,0.46,179333,0.435,0,0.161,7,0.0878,-12.681,0,40,0.0315,139.684,0.58,6
0.996,0.634,177133,0.281,0,0.8370000000000001,0,0.0973,-10.858,0,0,0.054000000000000006,79.835,0.932,8
0.773,0.0,497267,0.129,0,0.0988,5,0.284,-20.528,0,0,0.0,0.0,0.0,8
0.96,0.302,201333,0.295,0,4.28e-06,7,0.187,-10.269,1,0,0.0375,80.321,0.35200000000000004,8
0.969,0.6709999999999999,115520,0.0738,0,0.0,2,0.0934,-21.818,1,4,0.916,144.642,0.194,7
0.142,0.6629999999999999,227493,0.774,1,0.0,1,0.462,-5.46,1,59,0.318,90.059,0.602,1
0.128,0.768,229333,0.81,0,0.0,6,0.0741,-7.109,0,40,0.414,91.148,0.797,3
0.7140000000000001,0.362,172160,0.325,0,0.0,4,0.5579999999999999,-11.96,0,38,0.039,87.339,0.358,2
0.14,0.737,229333,0.6679999999999999,0,0.0,2,0.0338,-9.26,1,38,0.114,109.854,0.7859999999999999,3
0.0229,0.865,234760,0.7,1,0.0,2,0.28300000000000003,-5.33,1,49,0.294,93.143,0.743,3
0.0142,0.481,187533,0.88,0,0.0417,8,0.0961,-7.519,1,47,0.0453,111.871,0.747,2
0.99,0.241,332000,0.202,0,0.00177,8,0.248,-18.97,1,0,0.0464,83.455,0.181,7
0.00947,0.8290000000000001,286760,0.659,1,0.0,4,0.368,-5.949,1,45,0.205,167.899,0.7609999999999999,3
0.0427,0.413,211360,0.6990000000000001,0,0.000154,2,0.345,-13.285,1,24,0.0485,137.41,0.5720000000000001,5
8.59e-06,0.328,178067,0.925,0,0.196,10,0.604,-9.536,0,27,0.16399999999999998,154.987,0.541,3
0.728,0.726,161413,0.601,0,0.0,4,0.321,-12.674,1,14,0.0335,100.44,0.821,7
0.95,0.635,185213,0.254,0,0.00304,9,0.304,-12.311,0,2,0.126,169.252,0.691,9
0.939,0.381,188200,0.0716,0,4.56e-05,0,0.134,-19.252,1,24,0.0345,116.404,0.156,6
0.035,0.501,337360,0.605,0,0.8220000000000001,8,0.201,-9.997,1,35,0.0531,169.94400000000005,0.6,3
0.0734,0.654,237453,0.718,1,0.00121,7,0.16399999999999998,-6.6629999999999985,1,58,0.0425,90.053,0.234,1
