0.995,0.35600000000000004,165173,0.0946,0,0.9,2,0.166,-20.195,1,5,0.0382,101.099,0.38,8
0.975,0.503,181200,0.0659,0,5.87e-06,2,0.17800000000000002,-14.251,0,0,0.0414,104.9,0.396,10
0.152,0.696,219467,0.96,0,0.0,0,0.595,-4.422,1,37,0.0856,96.583,0.861,2
0.958,0.838,177853,0.354,0,0.0,2,0.0806,-7.401,1,0,0.13,120.07,0.74,8
0.0399,0.523,187996,0.774,0,0.0,7,0.168,-5.982,1,64,0.0459,99.971,0.46,1
0.994,0.551,207366,0.0868,0,0.684,9,0.251,-12.699000000000002,1,0,0.0385,65.865,0.275,8
0.0763,0.677,231667,0.388,0,0.00014,7,0.106,-12.496,1,24,0.0471,114.239,0.828,5
0.769,0.552,162693,0.303,0,3.13e-05,0,0.129,-13.077,1,14,0.0283,108.852,0.616,6
0.618,0.624,275907,0.6709999999999999,0,1.3800000000000007e-05,5,0.32,-6.232,1,52,0.0382,134.586,0.201,5
0.657,0.454,289867,0.284,0,0.0934,9,0.108,-15.105,1,37,0.0314,79.961,0.24,4
0.659,0.395,134787,0.8140000000000001,0,0.721,4,0.75,-10.764,0,10,0.0611,91.762,0.0629,6
0.00274,0.563,190760,0.879,0,0.0,4,0.101,-3.488,1,41,0.0631,124.082,0.696,2
0.619,0.332,576427,0.634,0,0.8640000000000001,4,0.243,-12.976,0,17,0.0644,137.753,0.321,6
0.5710000000000001,0.698,190000,0.611,1,5.3e-06,10,0.0587,-6.754,0,68,0.0686,130.09799999999998,0.507,1
0.5329999999999999,0.402,148880,0.995,0,0.0,6,0.172,-1.344,1,36,0.141,103.893,0.1,3
0.0863,0.649,205947,0.716,0,2.63e-05,8,0.135,-5.371,1,80,0.0349,99.988,0.163,1
0.153,0.456,284387,0.8220000000000001,0,1.99e-05,2,0.574,-2.502,0,27,0.0436,135.833,0.642,4
0.21600000000000005,0.457,157440,0.943,1,0.000245,1,0.206,-5.271,0,60,0.0768,101.837,0.373,1
0.0851,0.35100000000000003,245680,0.763,0,0.00106,11,0.979,-9.387,0,28,0.0647,131.484,0.541,5
0.851,0.362,186253,0.197,0,0.113,5,0.14400000000000002,-14.892,1,12,0.0464,185.27,0.54,9
0.48,0.597,129360,0.675,0,0.652,5,0.307,-9.682,0,8,0.0885,82.272,0.636,7
0.988,0.555,186000,0.0397,0,0.939,5,0.085,-21.354,1,58,0.0666,103.709,0.219,1
0.116,0.637,533427,0.509,0,0.758,5,0.695,-15.289,1,29,0.0687,93.072,0.624,3
0.0588,0.3720000000000001,390680,0.8170000000000001,0,0.000589,8,0.105,-9.294,1,47,0.0586,186.096,0.741,5
0.97,0.7190000000000001,180600,0.388,0,0.526,1,0.132,-11.337,1,4,0.154,118.272,0.8059999999999999,10
0.659,0.594,168853,0.716,0,0.0008289999999999999,3,0.363,-8.429,1,52,0.043,132.309,0.847,6
0.000314,0.18600000000000005,317293,0.99,0,0.0163,11,0.963,-5.009,0,28,0.241,150.05,0.221,5
0.895,0.482,170760,0.475,0,0.0633,8,0.0624,-9.069,1,7,0.0538,177.643,0.6990000000000001,8
0.743,0.66,280240,0.445,0,0.000186,3,0.07,-9.715,1,36,0.0256,104.984,0.409,3
0.00143,0.502,185040,0.929,0,0.0008300000000000001,1,0.0812,-3.563,1,49,0.054000000000000006,158.032,0.746,1
0.0717,0.622,243840,0.716,1,0.00205,10,0.111,-8.295,0,35,0.194,190.628,0.5720000000000001,3
0.00673,0.55,279336,0.779,0,0.767,7,0.101,-6.1,1,0,0.0296,140.66,0.8190000000000001,9
0.995,0.447,135853,0.396,0,0.964,5,0.131,-14.543,0,0,0.0541,68.453,0.91,9
0.933,0.0806,227667,0.0769,0,0.899,4,0.108,-23.933000000000003,0,2,0.0364,83.383,0.0379,7
0.53,0.5329999999999999,182467,0.52,0,0.0,11,0.173,-12.32,1,44,0.0472,83.194,0.652,3
0.961,0.419,96227,0.264,0,0.00075,1,0.675,-15.153,0,0,0.0819,86.514,0.188,7
0.987,0.228,174307,0.0296,0,0.825,9,0.117,-29.458,0,0,0.0465,105.627,0.0544,7
0.0202,0.579,207357,0.5579999999999999,0,1.26e-06,2,0.212,-6.9860000000000015,1,72,0.0895,179.949,0.506,1
0.128,0.768,214560,0.725,0,0.0,11,0.122,-6.5429999999999975,1,51,0.292,98.963,0.794,2
0.789,0.505,241960,0.239,0,0.8640000000000001,7,0.361,-18.163,1,28,0.075,110.055,0.49,5
0.302,0.667,170293,0.8390000000000001,0,0.0004,9,0.128,-7.261,1,30,0.062,102.519,0.8370000000000001,5
0.5379999999999999,0.794,252813,0.802,0,0.000121,9,0.695,-6.211,0,31,0.225,133.844,0.703,5
0.036000000000000004,0.725,214093,0.884,0,1.05e-05,10,0.105,-5.1610000000000005,0,40,0.1,126.785,0.364,4
0.596,0.205,216707,0.235,0,0.264,3,0.13,-16.46,1,24,0.0384,81.156,0.251,5
0.0247,0.7929999999999999,152613,0.868,0,1.76e-06,10,0.271,-5.157,0,56,0.055,94.016,0.7559999999999999,2
0.727,0.51,123173,0.6709999999999999,0,0.0013800000000000002,7,0.123,-6.983,1,15,0.0253,98.513,0.7240000000000001,6
0.163,0.72,187227,0.391,0,8.290000000000001e-05,2,0.046,-16.595,1,62,0.0342,120.794,0.7859999999999999,6
0.00025,0.295,289200,0.883,0,0.0234,0,0.13699999999999998,-3.897,0,55,0.0446,74.483,0.118,2
0.7020000000000001,0.412,271667,0.333,0,0.008159999999999999,1,0.7020000000000001,-15.88,1,39,0.049,78.875,0.447,5
0.942,0.456,189800,0.0461,0,0.272,8,0.136,-27.503,1,4,0.0424,108.328,0.152,6
0.00137,0.431,271960,0.482,0,0.441,6,0.238,-7.843,0,38,0.0308,128.045,0.123,3
0.256,0.787,237893,0.6729999999999999,1,3.57e-06,11,0.0904,-4.577,0,93,0.158,110.962,0.7859999999999999,1
0.924,0.187,428333,0.198,0,0.882,2,0.0864,-16.657,1,0,0.0376,129.115,0.0792,8
0.669,0.522,289560,0.588,0,1.19e-05,9,0.387,-8.927999999999997,0,49,0.0335,129.714,0.654,2
0.318,0.831,206693,0.59,1,0.0,1,0.101,-3.877,1,51,0.359,89.619,0.752,3
0.0253,0.479,180427,0.902,0,0.0,8,0.0738,-8.513,1,29,0.0524,155.526,0.768,4
0.162,0.718,125800,0.112,1,0.0,9,0.7190000000000001,-20.854,1,0,0.94,125.572,0.705,8
0.0832,0.825,262200,0.762,1,1.02e-05,2,0.0753,-4.81,1,43,0.26,95.965,0.603,3
0.574,0.273,165173,0.281,0,1.22e-05,10,0.0832,-13.197,1,16,0.0319,98.373,0.5529999999999999,6
0.115,0.8079999999999999,278760,0.7290000000000001,0,0.000232,2,0.139,-9.917,1,31,0.0585,131.078,0.931,5
0.991,0.6990000000000001,163000,0.247,0,0.7290000000000001,4,0.236,-10.765999999999998,0,0,0.0623,119.705,0.897,9
0.123,0.708,289533,0.456,0,0.0098,9,0.0554,-11.403,0,42,0.0844,96.035,0.962,4
0.994,0.588,204496,0.0839,0,0.327,8,0.162,-12.281,0,0,0.11,65.73,0.5539999999999999,8
0.779,0.593,220493,0.256,0,0.000587,2,0.109,-13.953,1,24,0.0349,106.616,0.44,5
0.0225,0.362,321480,0.765,0,0.0309,0,0.416,-9.337,1,33,0.0316,97.844,0.398,5
0.138,0.314,358507,0.601,0,1.94e-06,4,0.181,-9.647,1,23,0.0368,72.902,0.29,5
0.665,0.725,121500,0.305,0,0.0,7,0.182,-19.312,1,0,0.961,70.706,0.65,10
0.995,0.214,198613,0.121,0,0.0521,5,0.157,-18.112,0,0,0.0457,84.38600000000002,0.343,9
0.29100000000000004,0.7340000000000001,168333,0.6559999999999999,0,0.0,6,0.326,-9.612,1,13,0.0505,130.548,0.895,6
0.32299999999999995,0.826,238200,0.773,0,0.0,11,0.14300000000000002,-4.218,0,82,0.0524,126.899,0.7609999999999999,1
0.996,0.562,178507,0.258,0,0.94,7,0.299,-17.222,1,0,0.147,180.423,0.552,10
0.89,0.293,174667,0.0865,0,6.29e-05,0,0.112,-22.189,1,50,0.0414,130.89,0.0383,3
0.5770000000000001,0.677,132347,0.618,0,1.32e-06,9,0.0765,-8.826,1,39,0.0403,117.665,0.843,7
0.852,0.622,174240,0.185,0,6.68e-06,0,0.107,-12.556,1,12,0.0275,82.13,0.5,6
0.914,0.539,189080,0.391,0,0.0939,7,0.341,-8.683,1,0,0.06,176.458,0.736,8
0.0735,0.588,211165,0.855,0,0.815,9,0.128,-6.153,1,61,0.0372,141.941,0.7170000000000001,1
0.927,0.501,144093,0.268,0,0.0,1,0.087,-11.97,1,40,0.0517,136.986,0.555,6
0.917,0.568,188733,0.276,0,6.94e-06,3,0.258,-8.639,1,4,0.0367,100.989,0.555,9
0.0983,0.636,213413,0.813,0,3.17e-05,5,0.0576,-6.79,1,34,0.0326,117.058,0.8190000000000001,4
0.0174,0.7909999999999999,237547,0.7020000000000001,0,0.0,1,0.423,-7.332999999999997,1,64,0.0623,103.646,0.789,1
0.199,0.256,281160,0.6409999999999999,0,0.0329,1,0.0853,-10.283,1,74,0.0552,203.006,0.382,3
0.151,0.679,99197,0.14400000000000002,1,0.0,5,0.0845,-20.744,1,0,0.954,144.8,0.4920000000000001,8
0.955,0.419,154410,0.0751,0,0.807,1,0.063,-22.614,1,0,0.161,183.231,0.604,8
0.0135,0.737,214760,0.622,0,0.000427,11,0.311,-15.145,0,31,0.0881,140.15,0.967,5
0.256,0.7609999999999999,194612,0.166,0,2.36e-05,5,0.147,-17.590999999999998,1,8,0.117,117.979,0.547,6
0.987,0.778,214423,0.111,0,0.851,5,0.103,-17.887999999999995,0,3,0.0588,119.552,0.375,7
0.5920000000000001,0.399,194480,0.435,0,0.0,9,0.14400000000000002,-12.018,0,16,0.037000000000000005,86.193,0.6659999999999999,6
0.7759999999999999,0.51,207133,0.544,0,0.0,5,0.14400000000000002,-8.308,1,49,0.0282,110.197,0.598,6
0.617,0.556,163573,0.363,0,0.0,9,0.35200000000000004,-12.858,1,48,0.191,127.035,0.609,5
0.297,0.696,316867,0.784,0,0.0,5,0.0461,-4.307,1,33,0.0291,99.431,0.9,4
0.981,0.6779999999999999,175822,0.41,0,0.0,5,0.217,-6.223,1,0,0.036000000000000004,98.082,0.8079999999999999,7
0.00435,0.562,282418,0.688,1,0.000186,2,0.047,-7.247000000000001,1,53,0.0507,139.895,0.124,1
0.0525,0.481,272039,0.546,0,0.0268,2,0.454,-13.265999999999998,1,57,0.0725,180.05,0.0725,1
0.621,0.568,226987,0.428,0,1.55e-05,7,0.299,-10.036,1,35,0.0285,117.115,0.421,6
0.114,0.633,168520,0.933,0,0.0,11,0.217,-2.355,1,43,0.05,115.037,0.565,2
0.6759999999999999,0.652,340000,0.32299999999999995,0,0.00245,6,0.102,-13.705,1,50,0.0304,114.038,0.0753,1
0.983,0.742,107853,0.16,0,0.000294,11,0.108,-16.884,0,0,0.445,125.558,0.561,10
0.994,0.247,180880,0.307,0,0.599,6,0.111,-21.677,0,0,0.0408,164.833,0.611,10
0.898,0.252,72893,0.11,0,0.0,1,0.135,-18.509,1,8,0.0385,85.061,0.304,7
0.632,0.624,283680,0.34,0,0.0337,7,0.121,-12.411,1,50,0.029,129.987,0.261,1
0.8109999999999999,0.481,179373,0.165,0,0.0,2,0.112,-13.663,1,32,0.0301,92.591,0.34,8
0.639,0.647,191541,0.438,0,3.44e-06,10,0.14400000000000002,-7.824,1,31,0.0305,99.095,0.831,3
0.0327,0.325,181173,0.838,0,0.00042,1,0.126,-6.501,0,49,0.14400000000000002,156.507,0.449,5
0.804,0.565,212720,0.132,0,5.99e-06,7,0.114,-19.649,0,31,0.068,121.241,0.365,6
0.386,0.627,167800,0.7929999999999999,0,9.48e-05,5,0.157,-6.644,1,15,0.0433,139.436,0.804,6
3.2899999999999987e-05,0.416,259693,0.927,0,0.00872,2,0.0782,-3.257,1,48,0.0844,125.758,0.339,2
0.984,0.5,185000,0.454,0,0.613,9,0.32,-8.265,1,0,0.0677,147.889,0.7440000000000001,9
0.381,0.795,268213,0.731,0,0.0016300000000000002,9,0.0548,-6.056,1,56,0.0529,96.161,0.884,2
0.799,0.174,154667,0.476,0,0.000353,3,0.119,-6.192,1,20,0.0337,176.18200000000004,0.35700000000000004,6
0.00785,0.505,240480,0.7390000000000001,0,3.1e-06,9,0.0662,-9.357,1,23,0.0291,117.314,0.883,5
0.936,0.682,184200,0.62,0,0.00254,0,0.284,-4.078,1,40,0.123,116.33,0.701,7
0.139,0.8029999999999999,221234,0.521,0,0.00899,0,0.081,-7.775,1,37,0.0276,99.46,0.969,2
0.991,0.35100000000000003,184520,0.301,0,0.0191,0,0.16399999999999998,-16.373,1,12,0.0425,103.943,0.256,8
0.0293,0.939,271520,0.745,1,0.000114,2,0.0497,-4.084,1,48,0.14800000000000002,101.026,0.784,2
0.326,0.635,244573,0.584,0,0.8170000000000001,10,0.058,-13.571,1,44,0.0363,137.959,0.609,2
0.00204,0.331,180067,0.722,0,5.350000000000001e-05,7,0.256,-8.461,1,49,0.0408,125.575,0.349,3
0.799,0.541,139809,0.478,0,0.0,9,0.0595,-9.628,0,27,0.0411,133.122,0.835,6
0.6890000000000001,0.248,231920,0.218,0,3.01e-05,11,0.245,-17.034000000000002,1,40,0.0392,45.01600000000001,0.146,4
0.708,0.5379999999999999,154707,0.625,0,0.000126,8,0.128,-7.722,1,41,0.045,92.422,0.718,6
0.795,0.171,73400,0.271,0,0.764,7,0.21,-16.752,1,28,0.0359,124.453,0.16,5
0.754,0.523,229493,0.395,0,0.000102,7,0.128,-7.316,0,51,0.0525,176.356,0.397,2
0.31,0.693,361080,0.6970000000000001,0,2.86e-06,4,0.0518,-3.27,0,42,0.0423,78.508,0.843,2
0.297,0.5329999999999999,275435,0.498,0,0.252,7,0.718,-10.952,1,0,0.0288,112.48,0.5379999999999999,8
0.516,0.536,192333,0.368,0,0.0338,1,0.0921,-12.761,0,44,0.0296,109.979,0.0949,2
0.943,0.545,125440,0.128,0,0.0225,0,0.0987,-13.163,1,55,0.0393,119.044,0.327,1
0.987,0.295,309227,0.0498,0,0.807,2,0.173,-25.932,0,0,0.0335,96.35,0.115,8
0.000251,0.601,191427,0.997,0,0.000146,11,0.225,-3.434,1,41,0.0729,100.076,0.302,2
0.7070000000000001,0.57,214088,0.441,0,0.958,0,0.236,-11.216,1,4,0.0366,124.788,0.861,9
0.0288,0.525,195373,0.78,0,0.132,9,0.307,-10.606,1,27,0.0707,130.548,0.6940000000000001,5
0.028,0.6659999999999999,239880,0.826,0,0.0,1,0.182,-4.564,0,34,0.0441,146.0,0.8079999999999999,4
0.993,0.179,170640,0.43,0,2.5e-05,1,0.388,-11.645,0,0,0.0355,78.876,0.157,9
0.92,0.583,140107,0.434,0,3.76e-05,9,0.306,-9.742,1,30,0.0595,130.35299999999998,0.8,4
0.0525,0.708,212987,0.853,0,0.000173,2,0.399,-4.398,1,70,0.0844,129.946,0.399,1
0.586,0.421,850493,0.66,0,0.268,7,0.47,-10.576,0,24,0.0574,146.049,0.748,7
0.34700000000000003,0.563,206640,0.215,0,0.0,0,0.0849,-18.486,1,20,0.0527,135.372,0.545,4
0.354,0.6,285320,0.605,0,0.0,1,0.0523,-7.027,1,30,0.0291,139.417,0.386,4
0.853,0.35100000000000003,369333,0.409,0,0.452,3,0.07,-15.232,1,6,0.0522,109.454,0.341,7
0.899,0.542,198907,0.408,0,0.000178,11,0.105,-9.262,0,0,0.0356,123.353,0.7759999999999999,7
0.0828,0.8440000000000001,169038,0.644,1,0.0,11,0.113,-6.273,0,81,0.0479,122.061,0.591,1
0.909,0.597,181400,0.336,0,0.0,9,0.16899999999999998,-12.54,1,2,0.0672,107.149,0.562,8
0.233,0.625,143333,0.6859999999999999,0,0.000115,4,0.0752,-5.002,1,48,0.0295,115.158,0.528,2
0.988,0.568,26800,0.267,0,0.8109999999999999,7,0.304,-16.546,0,0,0.0611,81.78699999999998,0.759,8
0.882,0.149,174560,0.289,0,0.000966,10,0.141,-12.772,1,32,0.0351,173.23,0.229,6
0.165,0.4970000000000001,207467,0.787,0,0.522,9,0.17,-11.039,1,40,0.0734,134.59799999999998,0.812,2
0.00744,0.65,138773,0.95,0,0.446,10,0.0952,-6.272,0,45,0.0905,92.511,0.7659999999999999,2
0.953,0.491,254933,0.299,0,0.8240000000000001,9,0.122,-9.819,1,44,0.043,108.336,0.102,2
0.585,0.645,212010,0.726,0,0.000451,4,0.112,-3.402,0,65,0.0691,129.908,0.158,1
0.862,0.349,184387,0.312,0,0.000893,1,0.112,-10.51,1,0,0.0359,65.155,0.277,9
0.126,0.643,165293,0.605,0,0.0,4,0.262,-6.9979999999999976,1,46,0.0295,112.057,0.794,6
0.0946,0.85,201373,0.7090000000000001,0,0.000109,5,0.0858,-7.301,1,34,0.0369,108.781,0.914,5
0.0968,0.619,281467,0.935,0,0.000172,7,0.307,-7.158,1,59,0.0358,97.894,0.7040000000000001,4
0.883,0.535,276648,0.715,0,0.0,1,0.0693,-3.611,0,47,0.201,107.443,0.5760000000000001,1
0.579,0.603,169493,0.648,0,0.0,7,0.35700000000000004,-9.151,1,18,0.0818,78.577,0.927,6
0.0185,0.333,332530,0.8590000000000001,1,0.0,6,0.22,-2.286,1,57,0.14800000000000002,86.882,0.125,2
0.978,0.19,190133,0.0144,0,0.193,9,0.0646,-35.651,0,39,0.0443,59.176,0.0542,3
0.98,0.691,176627,0.0958,0,1.6100000000000002e-05,1,0.0931,-13.9,0,39,0.14300000000000002,101.574,0.519,9
0.981,0.562,152509,0.281,0,5.86e-05,9,0.168,-9.469,0,0,0.119,98.929,0.733,7
0.335,0.392,229024,0.69,0,0.0,11,0.0738,-5.04,1,47,0.043,163.497,0.476,1
0.995,0.379,113029,0.205,0,0.912,4,0.0865,-20.759,0,40,0.0431,150.311,0.304,4
0.957,0.17800000000000002,160600,0.273,0,2.02e-05,2,0.941,-13.055,1,7,0.0463,82.488,0.195,8
0.743,0.569,182267,0.256,0,0.0,7,0.154,-15.261,1,30,0.0462,125.484,0.516,6
0.0579,0.75,259133,0.5539999999999999,0,0.0,10,0.0724,-9.189,0,37,0.146,92.945,0.495,3
0.993,0.341,220000,0.0968,0,0.935,5,0.111,-22.806,1,0,0.0368,61.797,0.195,9
0.5379999999999999,0.574,380227,0.154,0,0.8440000000000001,11,0.721,-19.499,0,8,0.0451,107.404,0.355,6
0.012,0.7070000000000001,261364,0.979,0,0.00137,10,0.735,-3.207,0,42,0.0718,113.963,0.7020000000000001,2
0.964,0.281,519360,0.122,0,0.000344,10,0.115,-20.886,1,0,0.0532,98.174,0.0516,7
0.805,0.584,282840,0.155,0,0.909,1,0.114,-20.474,0,37,0.0516,148.261,0.354,4
0.804,0.409,154067,0.165,0,6.55e-06,2,0.228,-14.624,0,15,0.0284,88.039,0.27,6
0.21600000000000005,0.71,156933,0.57,0,0.00618,9,0.118,-12.175999999999998,1,25,0.0746,118.833,0.927,5
0.113,0.88,199400,0.775,1,0.00264,7,0.0943,-5.132999999999999,1,65,0.0952,96.507,0.284,1
0.0541,0.45,285373,0.332,0,0.0174,11,0.428,-15.768,0,41,0.0337,76.018,0.29100000000000004,5
0.102,0.6920000000000001,157333,0.772,0,2.75e-06,0,0.337,-8.061,1,27,0.053,128.408,0.6629999999999999,4
0.977,0.597,189747,0.325,0,0.27,4,0.132,-10.863,0,0,0.0793,125.848,0.747,9
0.941,0.392,212000,0.0954,0,0.0,4,0.0723,-11.633,0,3,0.0358,94.037,0.153,8
0.753,0.555,268307,0.309,0,3.83e-05,0,0.141,-14.462,1,41,0.0294,132.033,0.35200000000000004,4
0.655,0.7759999999999999,109522,0.556,0,1.16e-05,3,0.119,-8.096,0,29,0.0346,113.562,0.895,7
0.0492,0.802,214560,0.552,1,1.7e-06,5,0.0224,-4.796,0,52,0.0503,105.481,0.601,2
0.00292,0.22,220427,0.708,0,0.0267,7,0.102,-9.051,1,42,0.035,66.214,0.453,4
0.979,0.374,207773,0.524,0,0.7909999999999999,0,0.217,-8.023,1,0,0.0415,166.601,0.659,8
0.933,0.654,110748,0.263,0,0.0,4,0.103,-9.836,1,44,0.0356,77.779,0.632,1
0.988,0.464,77427,0.285,0,0.0227,0,0.118,-11.713,1,0,0.0973,78.439,0.0941,7
0.475,0.938,256000,0.614,0,0.000134,1,0.0751,-3.292,1,45,0.0373,124.964,0.7290000000000001,2
0.0574,0.7829999999999999,268667,0.608,1,0.0,0,0.102,-5.742000000000001,0,51,0.361,91.672,0.429,2
0.716,0.628,179373,0.6729999999999999,0,0.00207,11,0.084,-8.381,0,24,0.0523,121.941,0.667,6
0.195,0.802,263560,0.691,0,0.0,8,0.15,-9.441,1,40,0.35,144.032,0.893,3
0.988,0.574,205360,0.171,0,0.889,1,0.298,-16.114,1,2,0.0808,142.145,0.7609999999999999,9
0.24,0.695,289960,0.8320000000000001,0,0.0,10,0.0524,-4.998,0,40,0.0388,100.777,0.949,4
0.852,0.473,258680,0.118,0,0.735,8,0.112,-20.098,1,57,0.0339,114.521,0.0921,6
0.599,0.7490000000000001,194267,0.8059999999999999,0,1.94e-06,7,0.13699999999999998,-8.059,1,43,0.0654,125.279,0.927,3
0.935,0.28300000000000003,176240,0.381,0,0.000148,8,0.517,-9.743,0,0,0.0685,82.245,0.287,9
0.483,0.732,159413,0.5920000000000001,1,4.29e-06,0,0.245,-9.374,0,47,0.0343,139.955,0.405,1
0.981,0.674,187067,0.491,0,0.514,4,0.211,-8.174,1,0,0.0437,94.122,0.927,8
0.0682,0.542,321453,0.799,0,0.932,2,0.461,-11.021,1,46,0.0414,99.976,0.116,2
0.701,0.569,219160,0.397,0,0.894,2,0.124,-16.239,0,39,0.0363,117.397,0.802,4
0.0464,0.477,262373,0.7709999999999999,0,0.0488,0,0.106,-12.062,1,36,0.0445,168.00400000000005,0.593,4
0.0664,0.687,278667,0.59,1,2.75e-05,8,0.0772,-6.756,1,53,0.0474,126.026,0.0742,1
0.314,0.174,169520,0.272,0,0.139,5,0.0713,-12.212,1,37,0.0304,205.857,0.5770000000000001,5
0.0667,0.488,244400,0.615,0,0.00688,7,0.246,-9.854,1,35,0.0271,111.962,0.364,3
0.515,0.7090000000000001,317573,0.7829999999999999,0,0.000123,2,0.0973,-6.669,1,50,0.0371,94.001,0.733,2
0.529,0.493,145000,0.33,0,0.0,5,0.0776,-12.543,1,20,0.0278,74.73100000000002,0.6629999999999999,6
0.892,0.51,185682,0.301,1,0.0,7,0.127,-5.3439999999999985,1,69,0.0566,198.158,0.508,0
0.835,0.29600000000000004,120987,0.189,0,0.0,0,0.0848,-11.679,1,31,0.0415,179.958,0.5870000000000001,6
0.856,0.621,182560,0.377,0,0.0606,9,0.126,-9.925,0,0,0.0352,115.951,0.325,7
0.4920000000000001,0.259,134013,0.385,0,3e-05,9,0.15,-10.602,1,44,0.032,158.53,0.172,5
0.0309,0.579,202640,0.94,0,0.862,4,0.6559999999999999,-6.89,1,52,0.0375,120.097,0.401,2
0.388,0.768,178144,0.6829999999999999,0,0.0,7,0.28600000000000003,-7.172999999999999,1,57,0.0604,99.955,0.669,1
0.544,0.643,244600,0.569,0,2.17e-05,7,0.17800000000000002,-7.459,1,57,0.0276,120.507,0.275,2
0.00034700000000000003,0.967,313200,0.631,0,5.479999999999999e-05,6,0.488,-12.425999999999998,0,40,0.13699999999999998,121.437,0.898,3
0.378,0.644,266733,0.433,0,0.0,9,0.101,-14.015999999999998,1,59,0.113,80.161,0.7609999999999999,3
0.214,0.713,232733,0.934,0,0.0433,0,0.271,-4.6,1,28,0.0302,117.251,0.654,4
0.737,0.59,192827,0.8109999999999999,0,0.251,2,0.341,-6.2639999999999985,1,25,0.0405,132.745,0.848,5
0.913,0.35600000000000004,179107,0.26,0,2.1e-06,4,0.105,-10.577,0,58,0.0314,144.184,0.49,6
0.843,0.173,243893,0.147,0,0.935,0,0.134,-18.047,1,41,0.0426,118.734,0.0373,2
0.401,0.349,244293,0.467,0,0.00036,0,0.173,-9.045,1,25,0.0333,146.745,0.353,6
0.0138,0.698,95500,0.215,1,0.0,9,0.249,-14.879,1,0,0.948,83.589,0.644,10
0.259,0.397,292885,0.507,0,0.0447,11,0.142,-9.026,1,64,0.0605,74.737,0.363,1
0.856,0.2,256800,0.368,0,0.000552,9,0.758,-17.745,1,36,0.0848,173.793,0.237,3
0.5529999999999999,0.404,248627,0.517,0,2.5e-05,10,0.544,-11.056,1,38,0.0334,89.11200000000002,0.483,5
0.989,0.415,350133,0.259,0,0.907,9,0.107,-16.492,0,13,0.056,148.754,0.318,6
0.0025800000000000003,0.797,400440,0.737,0,0.133,0,0.0404,-13.87,1,51,0.0341,120.495,0.964,4
0.28,0.7020000000000001,316735,0.342,0,2.9100000000000013e-05,2,0.6990000000000001,-13.171,1,30,0.0311,114.367,0.444,5
0.772,0.399,237307,0.154,0,0.00859,4,0.151,-17.305,1,24,0.0291,102.815,0.182,5
0.621,0.245,171646,0.328,0,0.112,9,0.257,-9.533,1,0,0.0298,144.79399999999995,0.35,7
0.0536,0.938,169195,0.306,1,0.0,4,0.0889,-12.088,0,64,0.228,104.976,0.136,1
0.00646,0.366,212850,0.672,0,0.012,7,0.0417,-9.464,1,32,0.0338,128.317,0.772,5
0.895,0.648,112627,0.185,0,0.0,2,0.0722,-14.895,1,40,0.0634,160.373,0.879,5
0.321,0.531,130933,0.206,0,0.005379999999999999,0,0.0442,-13.981,1,21,0.0477,78.096,0.297,7
0.199,0.657,40000,0.325,0,0.856,10,0.0931,-14.319,0,0,0.254,81.944,0.105,10
0.784,0.413,241227,0.369,0,0.0,4,0.156,-12.561,1,50,0.0471,149.114,0.224,4
0.911,0.575,269173,0.401,0,0.0,0,0.316,-11.856,0,20,0.173,96.348,0.528,6
0.611,0.4,271320,0.569,0,1.07e-06,0,0.1,-3.645,1,57,0.0289,108.595,0.0881,3
1.32e-05,0.416,268307,0.935,0,0.005520000000000001,10,0.481,-5.547999999999999,0,52,0.101,143.719,0.202,2
0.858,0.406,216896,0.4970000000000001,1,0.0191,9,0.17800000000000002,-11.511,1,0,0.0564,165.37599999999995,0.118,9
0.513,0.804,192893,0.348,0,0.838,7,0.0839,-13.622,1,24,0.0511,106.461,0.6709999999999999,6
0.387,0.344,134840,0.264,0,0.000181,1,0.0918,-16.480999999999998,0,29,0.0284,103.01,0.517,5
0.0446,0.8009999999999999,156443,0.505,1,9.52e-06,11,0.122,-5.829,1,62,0.293,161.059,0.757,1
0.262,0.602,196830,0.58,0,1.63e-05,10,0.081,-3.856,1,35,0.0347,147.09,0.975,3
0.152,0.6829999999999999,112606,0.252,1,0.0,7,0.355,-22.164,1,0,0.9,86.87700000000002,0.536,10
0.0041600000000000005,0.618,210510,0.648,0,0.0668,2,0.171,-7.098,1,59,0.0287,129.917,0.34600000000000003,1
0.188,0.505,265507,0.727,0,0.000826,0,0.0862,-5.391,1,43,0.058,85.899,0.254,2
0.246,0.7340000000000001,243773,0.409,0,0.0,9,0.128,-7.596,1,38,0.028,107.453,0.779,2
0.00283,0.6579999999999999,240867,0.963,0,2.38e-06,1,0.951,-3.283,0,57,0.0326,134.798,0.7929999999999999,2
0.679,0.444,218133,0.376,0,0.0,7,0.134,-12.729,0,7,0.0516,78.77199999999998,0.523,7
0.74,0.685,259040,0.374,0,0.0,2,0.0825,-14.57,1,43,0.0318,140.605,0.299,3
0.07400000000000001,0.799,261240,0.504,0,0.000609,2,0.118,-12.874,1,56,0.045,101.067,0.92,3
0.99,0.623,202573,0.303,0,0.00102,2,0.113,-14.127,0,0,0.0549,98.021,0.7929999999999999,8
0.975,0.435,172280,0.281,0,0.8240000000000001,2,0.258,-12.28,0,0,0.0389,121.419,0.688,8
0.276,0.667,197640,0.779,0,3.41e-06,11,0.355,-7.291,0,43,0.0353,130.66899999999998,0.8909999999999999,3
0.16,0.629,181173,0.6579999999999999,0,0.0,6,0.245,-6.7029999999999985,0,63,0.0463,131.958,0.5429999999999999,1
0.0914,0.705,99717,0.0783,1,0.0,9,0.688,-19.64,1,0,0.927,53.655,0.61,8
0.0645,0.34700000000000003,133480,0.974,0,0.655,9,0.37,-5.816,1,32,0.124,124.607,0.343,4
0.884,0.449,205867,0.149,0,1.76e-05,7,0.305,-16.712,1,28,0.0318,92.735,0.46,5
0.0040100000000000005,0.494,283000,0.735,0,3.14e-06,5,0.544,-8.347000000000001,1,62,0.0345,132.526,0.742,5
0.435,0.5579999999999999,358227,0.5479999999999999,0,0.862,11,0.287,-7.218,1,41,0.0817,113.566,0.324,5
0.555,0.578,210467,0.527,0,0.0,2,0.108,-7.989,1,34,0.0292,147.991,0.327,3
0.847,0.546,278827,0.447,0,0.459,11,0.348,-13.046,0,31,0.0397,172.653,0.54,4
0.985,0.5920000000000001,170493,0.56,0,0.000461,5,0.363,-7.338999999999999,0,3,0.0407,109.01,0.506,9
0.208,0.794,187007,0.459,1,7.17e-06,7,0.12,-7.404,1,69,0.0941,149.033,0.266,1
0.147,0.33,250000,0.494,0,4.94e-06,0,0.13699999999999998,-7.16,1,47,0.0278,98.478,0.14300000000000002,5
0.0221,0.812,383582,0.667,0,0.000259,0,0.0889,-9.813,1,38,0.0657,128.028,0.878,4
0.293,0.59,266800,0.8029999999999999,0,1.49e-05,4,0.0691,-7.087999999999999,0,39,0.0485,169.127,0.809,3
0.238,0.401,277827,0.53,0,0.0,3,0.127,-9.37,1,17,0.0491,183.707,0.64,7
0.98,0.339,330632,0.5429999999999999,0,0.8809999999999999,2,0.13699999999999998,-6.964,1,0,0.0599,141.90200000000004,0.5770000000000001,8
0.841,0.552,250533,0.52,0,0.014,7,0.12,-9.448,0,3,0.0311,116.626,0.738,7
0.00233,0.527,212013,0.8809999999999999,1,0.0,1,0.116,-5.081,1,47,0.04,152.334,0.467,2
0.0238,0.5670000000000001,185560,0.759,0,0.899,9,0.0821,-8.902999999999997,0,29,0.0642,128.502,0.35100000000000003,4
0.00632,0.5670000000000001,212773,0.667,0,0.0,5,0.0306,-9.419,1,41,0.0411,110.152,0.8490000000000001,6
0.992,0.51,66240,0.0942,0,0.0,7,0.294,-20.17,1,0,0.0416,137.255,0.633,7
0.907,0.5329999999999999,357400,0.2,0,0.0105,0,0.233,-17.792,1,40,0.071,149.007,0.49,3
0.995,0.439,184720,0.136,0,0.93,11,0.122,-24.409,1,0,0.042,95.57,0.828,10
0.117,0.82,254120,0.952,0,0.000258,5,0.106,-4.7780000000000005,1,42,0.0723,121.949,0.36,4
0.000458,0.5820000000000001,272533,0.7440000000000001,0,0.00132,7,0.0405,-9.155,1,28,0.0336,133.344,0.674,4
0.895,0.51,286400,0.134,0,0.00692,0,0.0787,-15.982,1,51,0.0307,110.962,0.134,2
0.484,0.439,265613,0.338,0,0.00042,10,0.188,-10.108,1,56,0.0252,93.573,0.21600000000000005,2
0.943,0.5479999999999999,348293,0.14800000000000002,0,0.006809999999999999,5,0.125,-14.387,1,29,0.0575,100.907,0.272,6
0.00424,0.76,292160,0.284,0,7.84e-06,9,0.0737,-12.244000000000002,0,37,0.0297,107.963,0.108,3
0.8590000000000001,0.206,165667,0.465,0,0.638,9,0.382,-6.774,1,0,0.0332,184.703,0.33,7
0.939,0.6970000000000001,171067,0.135,0,8.41e-05,5,0.0626,-14.389,1,10,0.0391,102.587,0.674,9
0.073,0.7759999999999999,230733,0.944,0,0.0,8,0.0866,-4.854,0,45,0.0404,113.012,0.757,3
0.494,0.535,227240,0.234,0,0.0,8,0.0831,-17.287,1,47,0.0316,107.97,0.172,4
0.975,0.447,198493,0.562,0,0.0945,11,0.8590000000000001,-5.64,1,0,0.117,175.606,0.718,9
0.14,0.0928,285465,0.906,0,0.973,0,0.306,-20.669,0,64,0.104,88.07600000000002,0.0236,1
0.00178,0.4970000000000001,254693,0.914,1,0.00105,6,0.258,-6.532,1,57,0.0601,133.738,0.16,3
0.723,0.446,250347,0.502,0,4.36e-05,9,0.141,-12.691,1,28,0.0454,168.045,0.758,4
0.536,0.5,110987,0.342,0,0.0,7,0.59,-9.536,1,62,0.175,77.124,0.684,1
0.995,0.826,169960,0.27,0,0.0534,8,0.14,-14.043,1,0,0.0535,112.985,0.928,10
0.654,0.4970000000000001,248293,0.3720000000000001,0,0.0,5,0.0624,-8.094,1,36,0.0261,94.604,0.29,2
0.225,0.477,213993,0.61,0,0.0,11,0.107,-5.627999999999999,0,76,0.14400000000000002,79.882,0.358,1
2.79e-05,0.373,302560,0.895,0,0.0205,10,0.338,-5.2170000000000005,0,48,0.111,99.849,0.185,2
0.0035,0.962,362027,0.68,1,0.0005679999999999999,9,0.0952,-2.1630000000000003,1,41,0.28800000000000003,134.507,0.79,3
0.0154,0.625,211693,0.6859999999999999,0,0.0499,9,0.0932,-8.337,0,59,0.0309,139.817,0.556,2
0.101,0.5579999999999999,243707,0.7190000000000001,0,0.0,11,0.212,-5.603,1,69,0.0419,158.031,0.483,1
0.637,0.501,229960,0.454,0,0.0132,5,0.147,-8.54,0,44,0.0282,97.189,0.557,3
0.0316,0.312,215240,0.847,0,0.0838,11,0.0969,-5.533,0,22,0.0617,143.694,0.487,4
0.386,0.7909999999999999,317467,0.7290000000000001,0,0.0126,11,0.0771,-9.856,0,38,0.054000000000000006,108.274,0.7090000000000001,3
0.00129,0.675,188347,0.901,0,0.0,2,0.0509,-4.534,1,48,0.0488,137.95600000000002,0.966,1
0.987,0.379,148933,0.0472,0,0.0,0,0.14800000000000002,-19.544,1,1,0.0365,134.535,0.14400000000000002,7
0.0997,0.6779999999999999,249773,0.836,0,1.7199999999999998e-05,0,0.104,-10.019,1,42,0.0346,101.117,0.96,3
0.464,0.731,184440,0.843,0,2.31e-05,11,0.5589999999999999,-5.62,1,45,0.0524,94.966,0.662,2
0.638,0.762,188307,0.385,0,5.11e-05,4,0.0899,-13.893,1,24,0.0881,120.245,0.7929999999999999,5
0.708,0.687,219280,0.882,0,0.0,0,0.364,-2.652,1,49,0.0665,112.004,0.7609999999999999,1
0.19,0.5710000000000001,255800,0.875,0,0.00029,0,0.303,-6.795,1,50,0.0332,116.141,0.773,2
0.204,0.6759999999999999,197893,0.916,0,0.0,1,0.114,-2.52,1,56,0.0265,108.002,0.897,1
0.101,0.7659999999999999,130053,0.534,0,0.000616,7,0.0302,-8.91,1,20,0.0437,118.478,0.883,6
0.004070000000000001,0.53,150067,0.871,1,0.0207,7,0.272,-6.3610000000000015,1,60,0.302,93.046,0.706,3
0.665,0.456,266267,0.332,0,0.000248,10,0.138,-9.775,1,64,0.025,93.633,0.237,2
0.0679,0.373,269133,0.846,0,0.8690000000000001,2,0.973,-10.951,1,20,0.0681,140.187,0.14800000000000002,5
0.0509,0.6759999999999999,203881,0.578,1,0.0,10,0.0796,-4.669,0,76,0.375,158.89600000000004,0.698,1
0.0814,0.615,248973,0.531,0,0.00989,0,0.1,-6.303,1,39,0.0242,93.996,0.274,2
0.0974,0.584,261800,0.752,0,3.05e-05,1,0.0544,-5.674,1,60,0.0309,150.046,0.735,1
0.957,0.531,192800,0.189,0,0.000414,7,0.195,-14.257,0,26,0.0343,116.219,0.4320000000000001,7
0.911,0.191,203093,0.0679,0,0.0315,0,0.0754,-15.114,1,37,0.0401,81.107,0.0624,4
0.767,0.83,187755,0.482,0,0.0,3,0.131,-9.063,1,51,0.202,104.717,0.741,1
0.6779999999999999,0.636,256760,0.4370000000000001,0,0.000131,11,0.0847,-9.867,0,20,0.116,126.503,0.7290000000000001,6
0.836,0.428,201027,0.466,0,0.6829999999999999,0,0.0962,-10.152,1,1,0.041,146.791,0.568,8
0.0206,0.611,138720,0.764,0,1.16e-05,7,0.0773,-6.7860000000000005,1,31,0.236,190.188,0.905,5
0.7170000000000001,0.379,210467,0.392,0,1.09e-05,6,0.129,-8.863,0,35,0.0308,136.37,0.199,6
0.21600000000000005,0.5870000000000001,312360,0.726,1,0.0,1,0.0868,-6.263,1,60,0.214,151.882,0.248,1
0.904,0.14300000000000002,185760,0.17,0,0.000726,11,0.131,-15.419,1,23,0.0329,101.683,0.112,7
0.596,0.456,255533,0.6679999999999999,0,0.0,0,0.219,-5.494,0,60,0.0351,133.972,0.183,2
0.995,0.422,195813,0.147,0,0.778,8,0.0959,-17.154,0,0,0.0825,175.106,0.518,7
0.506,0.222,413478,0.341,0,0.00026000000000000003,8,0.116,-15.308,1,35,0.0287,74.012,0.125,4
0.927,0.552,195133,0.605,0,0.946,7,0.311,-7.342,1,0,0.036000000000000004,110.737,0.845,8
0.968,0.189,626973,0.117,0,0.897,3,0.104,-22.07,0,12,0.0456,66.82600000000001,0.0659,8
0.0021,0.423,310347,0.954,0,0.0,7,0.177,-3.157,0,61,0.047,144.553,0.5,2
0.00317,0.77,416427,0.831,0,0.0675,9,0.0857,-7.68,1,39,0.0458,129.534,0.94,4
0.905,0.387,161573,0.0288,0,0.00042800000000000016,2,0.104,-21.424,1,16,0.0398,75.094,0.157,7
0.949,0.544,310813,0.88,0,0.000315,6,0.733,-10.329,1,10,0.935,87.524,0.359,6
0.995,0.593,182533,0.101,0,0.149,7,0.282,-13.411,1,0,0.184,105.401,0.52,8
0.378,0.79,206227,0.805,0,0.0,7,0.0222,-6.988,1,32,0.0297,117.105,0.926,4
0.47,0.636,326676,0.28800000000000003,0,0.00244,0,0.162,-15.717,1,8,0.0422,116.138,0.5379999999999999,7
0.918,0.404,227467,0.428,0,0.5579999999999999,2,0.119,-8.021,0,21,0.0873,119.129,0.0646,6
0.349,0.556,326907,0.588,0,0.00828,6,0.116,-7.443,0,38,0.0376,110.58,0.6659999999999999,5
0.0247,0.941,187898,0.463,1,5.53e-05,8,0.192,-5.9929999999999986,1,76,0.113,127.003,0.312,0
0.0588,0.7909999999999999,202636,0.8390000000000001,1,6.26e-05,11,0.259,-4.284,1,72,0.266,170.113,0.383,1
0.113,0.7609999999999999,331560,0.413,0,0.00197,4,0.09,-10.137,0,42,0.0681,167.947,0.733,3
0.855,0.639,163840,0.237,0,2.05e-06,7,0.0617,-11.157,1,34,0.0473,107.67,0.6759999999999999,6
0.926,0.244,234573,0.118,0,0.912,7,0.0771,-19.005,1,34,0.0421,141.381,0.069,4
0.84,0.635,133467,0.234,0,0.0339,7,0.0952,-19.5,1,35,0.0296,87.853,0.431,3
0.884,0.509,285600,0.114,0,0.909,0,0.12,-17.524,1,42,0.0324,115.994,0.0736,2
0.981,0.534,170733,0.158,0,0.0,6,0.311,-16.22,0,0,0.329,76.758,0.626,9
0.65,0.743,267747,0.473,0,0.0,5,0.855,-14.562,1,14,0.851,144.327,0.867,7
0.386,0.546,243667,0.657,0,1.03e-05,8,0.0983,-6.526,1,65,0.0255,80.007,0.52,1
0.332,0.339,225693,0.748,0,0.00378,3,0.226,-8.516,1,21,0.0524,99.508,0.227,6
8.79e-05,0.443,223603,0.944,0,0.000542,0,0.369,-3.71,0,40,0.0377,131.828,0.573,3
0.94,0.415,336760,0.132,0,0.13699999999999998,7,0.113,-18.839,1,58,0.0353,169.00599999999997,0.122,3
0.404,0.727,85933,0.304,0,0.0,7,0.0936,-13.826,1,0,0.792,65.48899999999999,0.63,8
0.931,0.647,216600,0.247,0,0.866,5,0.103,-13.7,1,0,0.0413,131.938,0.784,8
0.00782,0.482,235467,0.955,1,0.0,6,0.0599,-0.905,0,46,0.382,89.42200000000004,0.509,1
0.433,0.868,197217,0.365,0,0.0,7,0.207,-9.51,1,80,0.0383,114.979,0.471,1
0.33,0.759,185307,0.436,0,0.0113,0,0.102,-11.233,0,71,0.0419,94.03,0.782,1
0.0976,0.339,391267,0.449,0,0.000219,0,0.114,-15.818,1,32,0.0393,72.30199999999998,0.254,3
0.608,0.69,226667,0.575,0,0.0529,2,0.0843,-12.854,1,23,0.0349,98.869,0.904,5
0.868,0.493,251360,0.17,0,0.92,4,0.16899999999999998,-19.328,0,19,0.0293,93.828,0.366,6
0.0553,0.685,171133,0.728,0,2.25e-06,7,0.0801,-8.987,1,36,0.0371,121.882,0.899,4
0.0245,0.393,319000,0.775,0,0.0,6,0.08199999999999999,-5.485,1,44,0.0382,143.928,0.162,2
0.0611,0.675,238800,0.394,1,0.0,8,0.214,-8.539,1,69,0.133,104.987,0.405,2
0.875,0.28800000000000003,185827,0.132,0,0.0,2,0.0759,-14.057,1,37,0.0318,82.81299999999997,0.262,4
0.314,0.509,48373,0.8140000000000001,0,0.83,9,0.933,-10.856,1,27,0.12,94.776,0.614,5
0.956,0.392,195653,0.591,0,0.103,1,0.112,-8.988999999999997,1,0,0.036000000000000004,87.677,0.882,8
0.7609999999999999,0.345,139467,0.476,0,0.0,2,0.101,-6.077000000000001,0,43,0.0375,105.971,0.5870000000000001,6
0.8390000000000001,0.422,143394,0.442,0,0.0,2,0.0853,-8.228,0,45,0.034,107.341,0.179,5
0.17800000000000002,0.531,175867,0.51,0,8.7e-05,4,0.282,-13.928,1,48,0.0481,128.42700000000002,0.8,3
0.638,0.6729999999999999,167413,0.375,0,0.376,8,0.35600000000000004,-15.417,1,14,0.102,136.812,0.382,7
0.629,0.4920000000000001,203120,0.321,0,0.0,2,0.261,-10.845,1,47,0.0685,85.24600000000002,0.802,5
0.943,0.416,451333,0.174,0,0.916,7,0.118,-16.689,0,53,0.0353,109.35,0.198,4
0.935,0.235,257587,0.124,0,0.000456,8,0.0849,-19.336,1,41,0.0321,88.667,0.154,4
0.828,0.6859999999999999,238600,0.358,0,0.452,1,0.11,-11.395,1,34,0.0297,79.597,0.612,3
0.7490000000000001,0.354,273440,0.314,0,0.00383,7,0.14,-11.101,1,27,0.0293,128.442,0.131,5
0.0349,0.49,484000,0.422,0,0.00539,0,0.273,-11.419,1,42,0.0282,172.30700000000004,0.722,3
0.00491,0.665,213800,0.6459999999999999,0,0.000204,4,0.199,-7.949,0,41,0.0394,133.724,0.962,2
0.901,0.536,177099,0.4270000000000001,0,0.191,2,0.142,-6.211,0,10,0.0252,101.665,0.402,7
0.307,0.6709999999999999,96400,0.108,1,0.0,1,0.49,-20.402,0,0,0.956,148.41899999999995,0.65,8
0.6679999999999999,0.586,245893,0.6940000000000001,0,0.0,1,0.0827,-4.831,0,57,0.0286,132.039,0.308,1
0.0307,0.468,143133,0.742,0,0.00127,5,0.0846,-5.56,1,40,0.0475,119.363,0.687,6
0.491,0.731,151510,0.4270000000000001,0,0.0,7,0.2,-8.261000000000001,1,46,0.0354,118.495,0.7490000000000001,3
0.126,0.8009999999999999,122932,0.845,0,0.816,2,0.0288,-13.735,1,0,0.0531,125.324,0.968,8
0.473,0.79,261400,0.418,0,0.0,5,0.12,-8.116,0,46,0.0273,111.943,0.6990000000000001,3
0.591,0.622,153307,0.65,0,0.00385,5,0.0826,-7.8889999999999985,1,14,0.0417,131.509,0.949,6
0.617,0.273,159053,0.213,0,0.000285,2,0.125,-16.769000000000002,1,14,0.0356,76.482,0.162,7
0.284,0.875,279307,0.7290000000000001,0,0.0,1,0.226,-10.424,1,65,0.0347,120.987,0.958,2
0.465,0.6,150293,0.205,0,1.83e-06,7,0.33,-11.481,1,23,0.0404,80.654,0.101,5
0.114,0.404,133200,0.903,0,0.0,2,0.0609,-10.43,0,31,0.097,94.154,0.675,6
0.0011,0.445,179653,0.963,0,6.02e-05,7,0.365,-3.1260000000000003,0,43,0.189,176.97799999999995,0.4270000000000001,2
0.5429999999999999,0.634,224027,0.469,0,0.0,0,0.117,-10.973,1,24,0.0591,113.048,0.217,5
0.8390000000000001,0.368,334293,0.363,0,0.0,10,0.155,-11.656,1,34,0.0388,82.355,0.478,6
0.982,0.326,78085,0.818,0,0.835,3,0.623,-6.38,0,3,0.0758,68.102,0.6579999999999999,8
0.201,0.419,343813,0.7020000000000001,0,0.0222,7,0.0437,-9.767,1,24,0.0573,146.82299999999995,0.7809999999999999,5
0.123,0.7440000000000001,135827,0.34700000000000003,0,2.53e-05,10,0.126,-9.708,1,39,0.16899999999999998,90.677,0.501,4
0.236,0.745,63558,0.597,0,0.0,0,0.157,-10.422,1,59,0.257,102.108,0.8420000000000001,1
0.994,0.601,149533,0.217,0,0.0752,0,0.119,-21.36,0,0,0.0538,134.996,0.8170000000000001,10
0.5670000000000001,0.439,310227,0.443,0,5.98e-05,2,0.57,-11.116,1,39,0.0373,106.382,0.716,5
0.6890000000000001,0.653,187053,0.545,0,3.91e-06,5,0.629,-9.189,0,15,0.115,124.107,0.7609999999999999,6
0.000204,0.28300000000000003,231333,0.982,0,0.0756,0,0.0627,-0.32,1,54,0.0703,124.149,0.438,3
0.743,0.348,304227,0.332,0,0.0,4,0.19,-12.805,0,0,0.0771,85.059,0.294,9
0.977,0.209,564987,0.133,0,0.743,3,0.127,-15.993,1,0,0.0378,68.465,0.0712,9
0.629,0.762,282507,0.34600000000000003,0,0.000126,4,0.0971,-12.959,0,42,0.0344,119.968,0.297,3
0.99,0.498,187157,0.316,0,0.14400000000000002,8,0.14300000000000002,-10.345,0,0,0.0416,147.357,0.835,8
0.969,0.37,181853,0.182,0,0.923,5,0.0834,-14.448,1,0,0.0333,210.313,0.846,8
0.655,0.664,169827,0.647,0,0.000435,3,0.0378,-6.356,1,25,0.0418,99.839,0.92,4
0.34600000000000003,0.569,153173,0.382,0,0.00303,7,0.0673,-9.493,1,47,0.0617,198.275,0.809,2
0.193,0.648,294200,0.453,0,0.0,7,0.0827,-9.724,1,43,0.031,121.956,0.648,3
0.0597,0.638,192267,0.885,0,5.65e-06,8,0.094,-4.171,1,51,0.0561,148.951,0.861,2
0.373,0.419,463973,0.595,0,0.157,7,0.058,-14.512,1,26,0.0607,89.90100000000002,0.366,5
0.108,0.593,253467,0.86,0,0.0263,7,0.406,-5.239,1,23,0.0393,97.824,0.78,5
0.9,0.606,247867,0.278,0,0.0,5,0.131,-13.464,1,23,0.0766,88.887,0.59,6
0.0458,0.693,277440,0.726,0,2.98e-05,9,0.0471,-8.943,1,27,0.0311,103.421,0.889,4
0.992,0.602,206000,0.287,0,0.0173,11,0.113,-10.333,0,0,0.175,112.98,0.649,10
6.54e-05,0.47,324018,0.8340000000000001,0,0.00102,0,0.3720000000000001,-9.157,0,54,0.0368,162.922,0.189,1
0.149,0.648,223333,0.72,0,0.0,0,0.105,-8.801,1,34,0.0402,136.41299999999998,0.672,4
0.235,0.7020000000000001,211267,0.498,0,0.0409,9,0.11,-13.822,0,26,0.0342,127.129,0.8859999999999999,5
0.986,0.228,196467,0.179,0,0.954,10,0.0575,-15.727,1,38,0.0382,104.304,0.0378,6
0.519,0.5760000000000001,246840,0.34,0,0.0,5,0.0861,-12.999,1,40,0.0255,82.226,0.431,3
0.7879999999999999,0.238,188400,0.328,0,0.0,7,0.0524,-11.658,1,14,0.0366,66.098,0.312,7
0.206,0.62,204467,0.703,0,0.772,2,0.206,-9.288,1,0,0.0352,135.999,0.6,9
0.858,0.615,146760,0.306,0,0.958,0,0.15,-12.026,1,49,0.0289,103.818,0.613,5
0.818,0.477,396293,0.224,0,0.0629,8,0.14,-14.447,1,4,0.0891,184.58,0.706,7
0.583,0.309,437840,0.561,0,0.0,1,0.0915,-11.727,1,26,0.0721,179.81099999999995,0.42,6
0.0826,0.537,181533,0.633,0,0.0,6,0.0755,-5.903,1,44,0.0306,161.72899999999996,0.713,3
0.993,0.391,157267,0.212,0,0.877,0,0.613,-17.704,0,10,0.0599,98.906,0.354,8
0.35100000000000003,0.7829999999999999,224440,0.563,0,0.000237,11,0.17,-9.167,1,59,0.0439,110.963,0.327,2
0.00913,0.15,284707,0.8079999999999999,0,4.77e-06,1,0.133,-8.026,1,46,0.065,73.788,0.312,3
0.0843,0.431,335107,0.523,0,0.289,9,0.363,-15.809,0,20,0.0765,123.396,0.4970000000000001,5
0.0193,0.439,206000,0.906,0,0.0,3,0.373,-4.8,1,51,0.0439,161.905,0.687,2
0.111,0.545,164000,0.8909999999999999,0,0.0,10,0.0918,-5.263,1,43,0.0471,101.987,0.608,1
0.245,0.614,250547,0.7020000000000001,0,4.63e-06,6,0.269,-6.081,0,61,0.0378,169.96599999999995,0.773,1
0.00607,0.489,140827,0.7929999999999999,0,0.0,8,0.0585,-2.774,1,33,0.182,146.935,0.508,2
0.0156,0.813,291800,0.531,0,0.526,7,0.0749,-14.546,1,27,0.0815,127.865,0.604,3
0.0793,0.354,149067,0.862,0,0.7140000000000001,10,0.173,-2.436,0,37,0.0919,128.359,0.394,3
0.434,0.5720000000000001,201893,0.956,0,0.0,9,0.0281,-4.376,1,47,0.0619,192.30900000000003,0.975,4
0.6629999999999999,0.565,165773,0.449,0,0.0,10,0.467,-9.746,1,1,0.0769,109.673,0.7490000000000001,8
0.00689,0.331,327333,0.846,0,9.43e-05,2,0.27,-5.702000000000001,0,52,0.0516,175.12099999999995,0.369,2
0.508,0.5720000000000001,152093,0.464,0,3.72e-05,3,0.0415,-9.606,1,48,0.0367,139.155,0.99,3
0.695,0.297,159387,0.405,0,0.0,7,0.342,-8.857999999999997,1,15,0.0347,205.61900000000003,0.895,6
0.969,0.29600000000000004,115160,0.0213,0,0.747,10,0.087,-30.051,1,49,0.0348,70.532,0.174,2
0.000647,0.691,257067,0.6859999999999999,0,0.00456,7,0.106,-7.465,0,57,0.0493,87.31200000000004,0.6659999999999999,2
0.982,0.4920000000000001,2516987,0.507,0,0.913,7,0.16399999999999998,-9.464,1,20,0.0434,131.792,0.0791,6
0.174,0.579,349053,0.458,1,0.0,1,0.0691,-8.522,0,46,0.0617,172.171,0.429,3
0.972,0.6409999999999999,226565,0.151,0,0.265,0,0.213,-16.406,1,0,0.0549,132.782,0.713,9
0.978,0.6679999999999999,67453,0.44,0,4.620000000000001e-05,10,0.603,-15.18,0,0,0.757,114.251,0.765,7
0.977,0.361,168800,0.086,0,0.0,9,0.11,-16.976,0,0,0.0384,78.52,0.34,9
0.181,0.64,244027,0.505,0,0.00028,9,0.114,-8.621,1,60,0.0292,127.953,0.224,3
0.000331,0.64,257173,0.821,0,0.919,1,0.273,-7.522,1,54,0.0422,105.059,0.594,2
0.696,0.17,51187,0.0623,0,0.184,5,0.0766,-22.685,1,8,0.0413,134.19299999999998,0.0375,7
0.989,0.361,575227,0.153,0,0.909,0,0.084,-18.864,1,0,0.0327,109.977,0.0924,8
0.797,0.399,235867,0.287,0,0.00743,9,0.105,-15.345,1,19,0.0498,113.972,0.139,6
0.401,0.201,242907,0.494,0,0.00159,2,0.0345,-7.513,1,35,0.0331,81.416,0.383,6
0.994,0.28800000000000003,152520,0.0437,0,0.956,5,0.413,-23.307,1,0,0.0388,100.05,0.107,8
0.8440000000000001,0.328,230715,0.19,0,0.004379999999999999,3,0.263,-14.394,0,24,0.0333,122.666,0.228,7
0.8540000000000001,0.7979999999999999,138827,0.193,0,4.61e-05,2,0.257,-14.769,1,19,0.0638,118.6,0.754,6
0.748,0.445,256787,0.399,0,0.0,9,0.122,-8.698,1,53,0.0295,81.623,0.608,2
0.17800000000000002,0.77,256440,0.775,0,0.0,8,0.0651,-4.65,0,71,0.0349,124.015,0.848,1
0.902,0.638,140467,0.6709999999999999,0,0.000231,9,0.114,-8.824,1,10,0.08900000000000001,82.45299999999997,0.93,7
0.245,0.635,186667,0.872,0,0.0637,0,0.31,-12.744000000000002,1,51,0.0445,111.03,0.927,4
0.7979999999999999,0.631,186800,0.131,0,0.348,2,0.104,-18.004,1,12,0.0392,129.429,0.409,6
0.948,0.408,162853,0.0202,0,1.67e-05,10,0.112,-22.739,1,37,0.0322,79.975,0.378,4
0.639,0.471,285640,0.444,0,0.0,3,0.0968,-7.155,1,52,0.0299,145.054,0.35,2
0.0836,0.647,229333,0.94,0,0.00962,6,0.119,-8.759,1,60,0.0394,132.82399999999998,0.835,3
0.00196,0.602,193293,0.735,0,4.77e-05,5,0.105,-5.778,1,58,0.0337,96.969,0.472,1
0.259,0.47,246600,0.6779999999999999,0,0.0,4,0.204,-8.017999999999999,1,41,0.0587,84.84299999999998,0.24,2
0.8,0.528,130533,0.715,0,0.0,0,0.192,-7.523,1,26,0.0792,172.884,0.645,6
0.878,0.285,567373,0.377,0,0.748,5,0.318,-16.301,0,8,0.0551,138.627,0.171,7
0.0879,0.868,168983,0.6559999999999999,0,0.00316,7,0.14,-6.579,1,70,0.0351,114.991,0.7929999999999999,0
0.994,0.514,157747,0.0376,0,0.958,7,0.105,-27.657,1,15,0.0379,92.5,0.298,7
0.403,0.4270000000000001,579760,0.818,0,0.228,10,0.138,-10.912,0,36,0.0491,128.628,0.7490000000000001,5
0.36,0.504,266201,0.728,0,0.0,10,0.159,-5.699,0,58,0.0234,89.255,0.6829999999999999,1
0.0008439999999999999,0.36,241240,0.987,0,0.0,2,0.261,-3.532,1,45,0.163,167.644,0.107,3
0.234,0.263,196800,0.491,0,0.87,0,0.115,-9.891,1,12,0.0366,164.03799999999995,0.379,7
0.16399999999999998,0.93,66253,0.475,0,0.0,7,0.16,-8.342,1,42,0.0375,105.083,0.968,2
0.945,0.551,184703,0.208,0,0.00483,11,0.254,-9.132,1,0,0.132,72.142,0.726,8
0.972,0.5670000000000001,313293,0.227,0,0.601,10,0.11,-13.441,1,47,0.029,136.123,0.0396,2
0.531,0.502,167133,0.46,0,0.0,2,0.213,-8.355,1,51,0.0302,150.089,0.933,4
0.979,0.463,289706,0.106,0,0.92,6,0.112,-18.92,1,13,0.0474,125.205,0.271,6
0.713,0.8,185760,0.29600000000000004,0,0.565,2,0.116,-11.202,1,31,0.161,143.36700000000005,0.6559999999999999,5
0.993,0.336,228733,0.0601,0,0.0,0,0.115,-14.955,0,0,0.0509,91.985,0.16899999999999998,7
0.000421,0.487,154800,0.518,0,0.0251,11,0.11,-13.004,0,49,0.036000000000000004,170.845,0.762,4
0.268,0.609,220500,0.733,0,0.0,7,0.121,-9.466,1,30,0.0584,179.607,0.722,4
0.987,0.3670000000000001,202760,0.527,0,0.162,7,0.1,-9.571,1,0,0.0317,104.69,0.653,7
0.988,0.438,180533,0.338,0,0.925,3,0.151,-12.718,1,0,0.0479,209.855,0.923,10
0.0559,0.514,254027,0.911,0,0.0,1,0.775,-2.027,0,71,0.41,161.109,0.619,2
0.5770000000000001,0.732,122100,0.268,0,0.0,5,0.14300000000000002,-17.291,0,1,0.926,100.908,0.464,7
0.98,0.701,128078,0.0811,0,0.0,4,0.63,-18.984,1,0,0.94,137.779,0.606,8
0.919,0.455,197027,0.445,0,0.7879999999999999,8,0.243,-15.741,1,5,0.22,176.09599999999998,0.643,7
0.253,0.516,375040,0.523,0,0.0,0,0.0967,-10.696,1,34,0.0429,96.239,0.775,5
0.0353,0.295,274307,0.758,0,0.0,0,0.982,-9.992,1,39,0.231,171.375,0.443,3
0.00851,0.8170000000000001,173396,0.534,1,1.04e-06,8,0.113,-6.325,0,63,0.298,140.005,0.579,1
0.00114,0.583,270000,0.909,0,0.000455,2,0.0959,-6.357,1,55,0.0421,137.987,0.473,2
0.897,0.516,305973,0.153,0,0.374,2,0.191,-14.409,0,5,0.0374,104.509,0.392,7
0.0183,0.5670000000000001,178373,0.918,0,0.0,2,0.111,-2.57,1,62,0.0723,160.036,0.563,1
0.949,0.551,162600,0.343,0,2.44e-05,2,0.158,-11.366,0,5,0.118,203.051,0.913,10
9.67e-05,0.547,169273,0.599,0,0.679,11,0.229,-6.057,1,57,0.0344,116.165,0.5870000000000001,2
0.0503,0.6920000000000001,114700,0.138,1,2.22e-06,8,0.0828,-21.447,1,0,0.918,138.63,0.55,8
0.8079999999999999,0.537,341947,0.37,0,0.000508,2,0.201,-11.835,0,7,0.0352,133.805,0.726,7
0.995,0.441,263773,0.0107,0,0.944,3,0.097,-30.381,1,21,0.0486,82.965,0.117,7
0.931,0.508,183040,0.59,0,0.00783,1,0.174,-11.853,1,7,0.0456,199.228,0.7929999999999999,7
0.0573,0.7090000000000001,176467,0.774,0,0.000955,4,0.0859,-5.059,1,41,0.032,149.009,0.887,2
0.985,0.325,61254,0.297,0,0.969,6,0.247,-14.515999999999998,1,0,0.0347,63.808,0.236,9
0.466,0.7190000000000001,344187,0.401,0,0.0,10,0.171,-11.899,0,22,0.935,124.871,0.596,9
0.579,0.528,232267,0.406,0,3.54e-05,8,0.14300000000000002,-14.354,1,12,0.12,117.793,0.53,6
0.404,0.5870000000000001,234547,0.635,0,0.000182,10,0.239,-7.292999999999997,1,43,0.0283,90.903,0.438,1
0.888,0.7340000000000001,175160,0.505,0,0.0,4,0.127,-8.317,1,54,0.0358,122.275,0.93,1
0.162,0.644,200613,0.84,0,0.0,8,0.0599,-4.808,1,53,0.0418,99.036,0.841,1
0.996,0.383,181053,0.087,0,0.97,6,0.155,-24.281,1,0,0.06,135.94899999999998,0.327,9
0.19,0.6859999999999999,261760,0.59,0,0.236,4,0.132,-8.743,0,43,0.0576,75.414,0.499,2
0.00199,0.465,174427,0.975,0,1.19e-05,6,0.133,-3.1860000000000004,0,45,0.0613,182.002,0.841,2
0.6759999999999999,0.467,264400,0.654,0,0.00524,9,0.142,-9.774,1,32,0.0714,164.951,0.7040000000000001,5
0.29100000000000004,0.468,217240,0.763,1,1.22e-06,9,0.204,-6.8260000000000005,0,69,0.268,101.096,0.223,0
0.968,0.494,115773,0.104,0,4.15e-05,2,0.202,-17.969,1,0,0.292,93.586,0.2,7
0.578,0.409,153400,0.505,0,0.00255,2,0.237,-11.747,1,38,0.0447,206.647,0.715,6
0.526,0.603,276827,0.327,0,0.013,5,0.0934,-15.104,1,37,0.0316,75.033,0.257,5
0.205,0.469,378907,0.621,0,0.000776,0,0.135,-6.763,1,55,0.0253,175.90599999999995,0.395,3
0.321,0.731,189427,0.555,0,0.000103,2,0.0527,-13.684,1,60,0.0519,131.26,0.935,5
0.00372,0.52,214053,0.953,0,1.55e-06,1,0.225,-2.9810000000000003,1,48,0.0376,141.942,0.892,1
0.986,0.774,165575,0.272,0,0.851,8,0.11,-14.635,1,0,0.19,73.10300000000002,0.89,8
0.194,0.6559999999999999,126500,0.198,0,0.0,7,0.0713,-18.717,1,0,0.541,131.967,0.375,8
0.154,0.841,353373,0.918,0,0.0344,10,0.0968,-6.047999999999999,0,37,0.0597,118.017,0.762,3
0.0445,0.674,277760,0.342,0,3.32e-06,11,0.0916,-15.668,1,29,0.544,167.43099999999995,0.6509999999999999,3
0.937,0.228,487587,0.106,0,0.183,0,0.322,-19.426,1,0,0.0455,134.477,0.0478,7
0.994,0.309,237960,0.109,0,0.875,9,0.101,-21.395,0,5,0.0383,85.25299999999999,0.117,7
0.713,0.778,216440,0.852,0,0.0017,1,0.424,-12.024,1,28,0.0485,127.943,0.96,4
0.6409999999999999,0.504,310160,0.442,0,0.8440000000000001,10,0.0766,-13.812,1,22,0.0365,169.05200000000005,0.613,5
0.971,0.72,140573,0.236,0,0.00119,2,0.0376,-14.263,0,1,0.121,128.107,0.69,9
0.348,0.586,126320,0.585,0,0.00028,5,0.0611,-10.134,1,26,0.0462,124.583,0.961,6
0.8290000000000001,0.7929999999999999,165956,0.514,0,0.000115,7,0.264,-11.042,1,0,0.0638,98.791,0.94,9
0.407,0.785,171347,0.259,0,7.47e-05,11,0.0854,-16.87,1,33,0.035,105.961,0.821,4
0.212,0.7609999999999999,213560,0.489,1,0.0,7,0.25,-11.025,1,45,0.0355,137.907,0.968,3
0.0972,0.774,203667,0.8170000000000001,0,2.13e-06,7,0.14300000000000002,-3.076,1,51,0.0338,93.011,0.8340000000000001,1
0.227,0.637,100800,0.16,1,0.0,7,0.318,-17.02,1,0,0.956,168.528,0.782,9
0.0601,0.568,149880,0.951,0,0.0293,9,0.0348,-8.682,1,22,0.0413,108.684,0.7859999999999999,6
0.7040000000000001,0.4920000000000001,241667,0.48,0,0.0,9,0.278,-5.1770000000000005,1,50,0.0287,117.942,0.11,3
0.994,0.232,160533,0.02,0,0.00031,2,0.0828,-25.63300000000001,1,10,0.0508,69.752,0.127,7
0.627,0.607,199493,0.51,0,0.0,10,0.182,-10.665,1,47,0.0435,83.29899999999998,0.8740000000000001,3
0.0118,0.4,592920,0.65,1,7.62e-05,5,0.7909999999999999,-6.104,0,64,0.0466,107.989,0.15,1
0.995,0.452,272280,0.172,0,0.917,1,0.217,-17.925,0,9,0.0367,88.736,0.145,7
0.122,0.7,149813,0.435,1,0.000549,0,0.114,-12.597,1,59,0.0428,141.914,0.21,1
0.359,0.38,85960,0.857,0,0.0,9,0.363,-9.281,1,21,0.055,91.559,0.455,4
0.138,0.369,395613,0.861,0,0.3,5,0.153,-7.657,0,18,0.101,119.777,0.231,6
0.885,0.565,138560,0.0822,0,3.27e-06,2,0.14,-21.014,1,25,0.0514,80.54899999999998,0.713,5
1.12e-05,0.328,671573,0.952,0,0.000334,1,0.0721,-4.037,1,38,0.0635,139.295,0.535,3
0.7140000000000001,0.574,86907,0.591,0,4.75e-06,2,0.23,-8.337,1,22,0.0323,105.366,0.7829999999999999,6
0.00122,0.4320000000000001,215373,0.755,0,3.63e-05,2,0.115,-6.992000000000001,1,26,0.0458,113.883,0.8420000000000001,5
0.00223,0.71,378493,0.8,0,0.211,1,0.0455,-7.141,1,51,0.04,110.211,0.61,3
0.0513,0.453,198333,0.8390000000000001,0,0.0,11,0.348,-3.702,1,54,0.0511,160.16,0.55,1
0.968,0.505,157720,0.298,0,0.2,8,0.0918,-17.602999999999994,1,7,0.0501,85.48700000000002,0.828,9
0.201,0.471,202400,0.594,0,0.0949,0,0.145,-10.463,1,42,0.141,103.431,0.215,6
0.0601,0.746,196628,0.767,0,1.07e-05,1,0.0859,-2.907,0,65,0.0374,94.007,0.773,1
0.565,0.596,140504,0.7120000000000001,0,0.0,10,0.305,-9.875,0,0,0.227,61.017,0.85,8
0.264,0.6459999999999999,287400,0.82,0,0.00277,0,0.248,-8.472999999999999,1,34,0.0316,134.596,0.831,5
0.0314,0.443,211307,0.634,0,0.358,9,0.33,-12.677,1,27,0.079,115.003,0.435,5
0.142,0.638,337320,0.4320000000000001,0,0.019,10,0.213,-17.345,0,39,0.0754,98.932,0.693,5
0.787,0.542,205067,0.505,0,4.6e-06,3,0.0424,-10.655,1,17,0.0283,96.085,0.706,6
0.127,0.7879999999999999,219333,0.8590000000000001,1,0.0,1,0.348,-5.5420000000000025,1,45,0.315,140.02700000000002,0.769,1
0.989,0.654,193507,0.282,0,0.0198,11,0.155,-7.371,0,0,0.0456,119.45,0.627,9
0.958,0.281,551800,0.13,0,0.155,5,0.145,-21.051,1,0,0.0338,83.204,0.174,9
0.608,0.462,192760,0.314,0,0.00014099999999999998,7,0.112,-9.844,1,6,0.0296,82.02600000000002,0.596,7
0.7559999999999999,0.534,150867,0.454,0,0.0,9,0.159,-11.922,1,29,0.0574,81.946,0.617,5
0.221,0.601,382293,0.68,0,0.155,1,0.0323,-10.892,1,27,0.0426,172.94299999999996,0.8809999999999999,4
0.885,0.64,139107,0.197,0,0.000228,0,0.17800000000000002,-17.445,1,21,0.032,97.876,0.637,6
0.14400000000000002,0.6509999999999999,212933,0.5329999999999999,0,1.64e-05,9,0.0884,-9.81,1,45,0.114,127.84,0.462,5
0.6829999999999999,0.738,217467,0.293,0,2.19e-05,7,0.0718,-7.414,1,54,0.15,84.023,0.862,1
0.831,0.716,127267,0.294,0,0.0,3,0.264,-10.789,1,25,0.0448,127.468,0.579,6
0.5920000000000001,0.618,190183,0.428,0,0.0,7,0.192,-8.5,0,71,0.038,142.02100000000004,0.359,0
0.00954,0.475,313800,0.913,0,0.083,7,0.0916,-9.084,1,33,0.0531,139.71,0.664,5
0.991,0.218,210533,0.0625,0,1.82e-05,10,0.4270000000000001,-22.482,1,52,0.0463,79.98100000000002,0.0826,6
0.0119,0.679,258042,0.453,0,0.932,9,0.0773,-12.854,1,26,0.19,79.668,0.281,5
0.903,0.762,138800,0.29100000000000004,0,0.0,9,0.317,-12.402,1,9,0.113,125.099,0.936,9
0.0405,0.583,249840,0.652,0,0.000378,7,0.0781,-6.255,1,57,0.0244,97.469,0.35200000000000004,2
0.957,0.301,102280,0.0654,0,4.74e-05,1,0.0954,-16.461,0,37,0.047,175.768,0.0578,2
0.8109999999999999,0.633,199773,0.16399999999999998,0,0.132,4,0.109,-19.689,1,25,0.0279,142.328,0.324,4
0.556,0.544,278040,0.377,0,2.07e-05,0,0.124,-9.997,1,43,0.0299,118.046,0.14,4
0.00977,0.482,192747,0.938,0,0.0,0,0.313,-5.247999999999998,1,42,0.0427,101.828,0.593,3
0.00547,0.454,243467,0.672,0,3.21e-06,6,0.179,-8.596,0,54,0.0292,114.446,0.735,2
0.205,0.6940000000000001,101000,0.13,1,0.0,3,0.338,-21.454,1,0,0.908,79.569,0.599,8
0.942,0.414,205787,0.33,0,0.000467,8,0.198,-10.836,1,39,0.0343,102.484,0.235,5
0.748,0.63,186000,0.265,0,0.748,0,0.0983,-16.963,1,47,0.0427,130.045,0.657,5
0.987,0.7340000000000001,180741,0.206,0,0.394,7,0.0834,-14.005,1,0,0.0474,119.283,0.555,9
0.0891,0.665,255960,0.875,0,0.0091,7,0.157,-12.724,1,36,0.0405,102.322,0.713,4
0.754,0.716,298907,0.275,0,1.85e-05,0,0.147,-10.013,0,56,0.0547,63.51300000000001,0.35200000000000004,1
0.0107,0.78,198293,0.542,0,0.309,0,0.0868,-10.99,0,40,0.0464,111.269,0.8079999999999999,5
0.977,0.628,170427,0.532,0,0.224,1,0.0769,-6.364,1,0,0.0491,133.976,0.84,8
0.764,0.46,121093,0.435,0,0.00521,2,0.117,-11.739,1,21,0.0331,74.77199999999998,0.478,6
0.436,0.645,334333,0.6579999999999999,0,2.51e-06,1,0.0975,-9.277,1,34,0.0363,157.498,0.961,4
0.341,0.243,370000,0.386,0,2.98e-06,0,0.117,-12.031,1,35,0.0294,163.24,0.0935,3
0.617,0.5670000000000001,155933,0.293,0,0.0,9,0.0414,-13.385,0,34,0.0386,109.057,0.685,6
0.537,0.361,396933,0.239,0,0.153,10,0.129,-13.236,0,9,0.0418,91.914,0.393,6
0.878,0.163,267680,0.145,0,0.000212,2,0.0847,-15.769,1,36,0.0339,161.077,0.08,5
0.991,0.29,504587,0.0608,0,0.904,9,0.0715,-23.97,0,4,0.0377,84.84200000000001,0.0712,8
0.246,0.716,240000,0.639,0,3.16e-06,9,0.0907,-11.122,1,22,0.0433,107.214,0.885,6
0.985,0.24,503933,0.0852,0,0.963,11,0.102,-22.95300000000001,1,1,0.0402,91.89,0.0395,8
0.541,0.7020000000000001,182973,0.7070000000000001,0,0.911,2,0.373,-11.315,1,32,0.0567,111.027,0.79,5
0.0061600000000000005,0.228,367133,0.998,0,0.221,2,0.0746,1.963,1,29,0.153,155.804,0.0768,5
0.0161,0.745,244267,0.83,1,1.99e-06,6,0.13699999999999998,-6.57,1,40,0.215,83.598,0.502,2
0.24,0.684,240400,0.47,0,1.4300000000000005e-05,7,0.342,-5.9529999999999985,1,37,0.0248,129.963,0.26,2
0.0662,0.816,307640,0.813,0,2.77e-06,6,0.602,-7.797999999999999,0,51,0.0664,127.979,0.436,1
0.452,0.498,235400,0.6709999999999999,0,2.47e-05,4,0.473,-13.017,0,25,0.32299999999999995,121.79,0.412,5
0.34600000000000003,0.7040000000000001,159467,0.7340000000000001,0,0.0,7,0.368,-9.864,1,45,0.1,116.708,0.919,2
0.0256,0.454,255234,0.726,0,7.859999999999999e-05,9,0.0604,-5.482,1,50,0.035,127.926,0.0971,1
0.00541,0.5379999999999999,214200,0.677,0,0.0,0,0.236,-6.099,1,62,0.187,132.346,0.913,2
0.91,0.275,265933,0.106,0,0.124,10,0.108,-20.77,1,0,0.0386,110.826,0.402,9
0.0895,0.584,220883,0.54,0,0.0,1,0.261,-7.786,0,80,0.0576,137.972,0.195,1
0.439,0.5539999999999999,139587,0.629,0,0.0,5,0.151,-9.162,1,33,0.0619,133.585,0.916,3
0.327,0.416,157773,0.828,0,0.000214,0,0.221,-10.267,1,29,0.071,157.114,0.693,4
0.407,0.5770000000000001,239733,0.28300000000000003,0,0.0,10,0.17,-11.049,1,40,0.0303,128.762,0.206,3
2.9600000000000005e-05,0.315,187707,0.992,0,0.00109,10,0.234,-3.999,0,35,0.113,107.885,0.234,3
0.7340000000000001,0.55,274067,0.74,0,0.0,8,0.994,-5.529,1,14,0.35700000000000004,142.232,0.78,7
0.0159,0.426,315693,0.957,0,0.0157,0,0.836,-8.027999999999999,0,34,0.192,91.08,0.122,5
0.7879999999999999,0.5870000000000001,165960,0.119,0,7.390000000000001e-05,5,0.287,-13.358,1,15,0.0357,108.977,0.652,7
0.987,0.328,151751,0.224,0,0.602,0,0.16899999999999998,-10.824000000000002,1,0,0.0333,67.02,0.407,9
0.0031,0.398,199933,0.7020000000000001,0,0.0129,0,0.251,-7.909,1,21,0.0642,79.979,0.575,6
0.0117,0.627,208947,0.847,0,0.0,2,0.317,-4.497,1,42,0.0415,110.123,0.62,2
0.96,0.541,126187,0.0988,0,0.000109,6,0.113,-14.758,1,29,0.0415,85.365,0.191,7
0.899,0.433,232053,0.101,0,0.000178,2,0.358,-19.161,1,12,0.0352,102.565,0.171,7
0.907,0.409,168480,0.435,0,7.17e-06,2,0.0559,-9.399,1,53,0.0453,78.13600000000002,0.5670000000000001,1
0.00574,0.579,391376,0.508,0,0.0004940000000000001,2,0.0575,-9.484,1,56,0.027000000000000003,147.125,0.609,2
0.8759999999999999,0.606,228387,0.328,0,0.0,10,0.138,-7.824,1,64,0.0305,124.041,0.393,1
0.89,0.552,119787,0.679,0,0.952,10,0.515,-4.686,0,0,0.123,76.036,0.961,8
0.951,0.0785,532227,0.0763,0,0.952,5,0.112,-24.169,1,0,0.0466,72.866,0.0359,7
0.98,0.759,187627,0.454,0,0.81,5,0.18,-11.245,1,8,0.0822,109.79,0.889,10
0.925,0.294,73707,0.364,0,0.907,4,0.107,-16.028,0,25,0.0374,94.62,0.127,6
0.073,0.6759999999999999,248947,0.7709999999999999,0,0.00196,2,0.103,-6.6320000000000014,1,54,0.0292,119.891,0.625,1
0.941,0.392,170493,0.508,0,0.0,9,0.34600000000000003,-10.024,0,0,0.043,111.828,0.645,7
0.261,0.6509999999999999,291200,0.563,1,0.0,1,0.098,-9.964,1,69,0.35700000000000004,150.158,0.389,0
0.2,0.32,272027,0.789,0,2.63e-06,0,0.354,-5.654,1,47,0.112,81.361,0.304,2
0.163,0.595,204067,0.531,0,0.0,8,0.281,-11.681,1,54,0.155,193.27,0.8490000000000001,3
0.7559999999999999,0.3670000000000001,211882,0.466,0,0.000824,5,0.214,-7.267,0,27,0.0279,148.572,0.371,5
0.045,0.6559999999999999,181000,0.917,0,0.000732,0,0.0878,-4.652,1,60,0.0495,152.067,0.961,1
0.00241,0.358,396637,0.8690000000000001,0,0.102,4,0.129,-6.0760000000000005,1,52,0.0449,123.67,0.797,3
0.00688,0.119,47276,0.988,0,0.0,4,0.408,-4.022,1,0,0.175,194.715,0.246,8
0.626,0.5920000000000001,162600,0.387,0,0.0,8,0.0749,-12.083,1,24,0.0334,93.435,0.508,5
0.994,0.471,122440,0.0781,0,0.93,7,0.149,-24.051,1,21,0.0618,63.912,0.35600000000000004,7
0.565,0.7509999999999999,135853,0.988,0,0.00161,4,0.285,-9.143,1,5,0.0817,88.219,0.8170000000000001,7
0.657,0.574,248267,0.695,0,0.8640000000000001,4,0.14800000000000002,-8.387,1,46,0.032,150.032,0.513,2
0.0015,0.648,220440,0.597,0,0.00021,6,0.0983,-13.247,1,39,0.0283,134.116,0.879,4
0.92,0.665,192347,0.313,0,6.759999999999999e-05,4,0.307,-15.467,1,24,0.047,110.557,0.7490000000000001,6
0.0244,0.883,200427,0.3670000000000001,0,0.0,8,0.373,-8.773,0,38,0.373,93.672,0.889,3
0.166,0.638,172480,0.522,1,0.0,2,0.0842,-8.652000000000001,1,65,0.0516,78.039,0.263,1
0.941,0.362,136400,0.0548,0,2.59e-06,5,0.166,-18.1,1,31,0.038,179.058,0.259,6
0.7909999999999999,0.475,238653,0.383,0,0.0,0,0.182,-8.862,0,7,0.0415,102.977,0.447,7
0.235,0.452,210733,0.306,0,1.91e-05,2,0.0989,-9.632,1,64,0.0274,144.125,0.182,2
0.008759999999999999,0.324,271547,0.627,0,0.485,8,0.118,-10.182,1,44,0.0441,152.57,0.449,4
0.941,0.256,191867,0.425,0,0.00113,11,0.476,-13.344,1,0,0.0369,112.793,0.309,7
0.737,0.5379999999999999,189053,0.329,0,0.0,7,0.233,-12.976,1,40,0.0318,144.497,0.599,4
0.649,0.481,216373,0.0758,0,0.0,7,0.0859,-23.435,1,43,0.0433,71.892,0.14,4
0.82,0.429,152573,0.517,0,0.0,5,0.0989,-10.31,1,16,0.0385,111.468,0.872,6
0.132,0.911,265867,0.551,0,4.120000000000001e-05,8,0.0863,-3.75,0,71,0.0449,92.887,0.969,2
0.00642,0.5710000000000001,213587,0.967,0,5.8e-06,9,0.227,-3.717,1,60,0.0716,161.96200000000005,0.7120000000000001,1
0.13699999999999998,0.8059999999999999,189665,0.901,0,0.00404,7,0.0578,-4.975,1,44,0.0268,108.417,0.966,5
0.233,0.478,274027,0.483,0,0.0,0,0.16,-8.985,1,48,0.0842,105.7,0.35100000000000003,2
0.5820000000000001,0.5720000000000001,285600,0.585,0,0.579,9,0.303,-10.166,1,44,0.0357,77.895,0.763,3
0.3720000000000001,0.6990000000000001,221546,0.458,0,1.33e-06,0,0.111,-12.357,1,48,0.106,129.991,0.269,1
0.105,0.757,205093,0.895,0,0.0,1,0.142,-4.783,1,49,0.107,94.065,0.8029999999999999,1
0.8759999999999999,0.654,194693,0.191,0,1.33e-05,7,0.112,-14.446,1,47,0.0391,92.285,0.329,4
0.43,0.65,252573,0.54,0,2.97e-06,2,0.305,-9.33,1,44,0.0754,155.101,0.6779999999999999,3
0.0355,0.6990000000000001,102041,0.243,1,0.0,0,0.327,-20.936,1,0,0.934,134.861,0.629,10
0.995,0.501,278253,0.0279,0,0.82,1,0.104,-21.719,1,38,0.0444,67.786,0.257,7
0.0784,0.5329999999999999,398107,0.7809999999999999,0,0.000273,0,0.063,-4.602,1,36,0.0316,118.316,0.815,5
0.701,0.536,151413,0.406,0,0.000948,2,0.0821,-13.74,1,30,0.045,170.334,0.815,5
0.0604,0.769,104933,0.38,0,0.109,4,0.127,-19.204,1,34,0.0406,136.43200000000002,0.735,3
0.99,0.219,113240,0.327,0,0.0129,0,0.385,-15.087,1,0,0.0496,166.59900000000005,0.199,7
0.5660000000000001,0.575,203240,0.764,0,1.07e-05,4,0.0692,-7.447999999999999,1,69,0.0746,123.821,0.536,2
0.636,0.617,195787,0.785,0,0.0,2,0.174,-5.8,1,25,0.0565,138.05700000000002,0.92,5
0.932,0.315,187267,0.0811,0,0.000312,0,0.328,-17.864,1,9,0.0384,73.829,0.223,7
0.364,0.747,157640,0.239,0,0.0165,5,0.101,-14.822,1,13,0.0479,76.58,0.498,6
0.976,0.3720000000000001,177347,0.131,0,0.643,4,0.293,-16.847,1,9,0.0414,131.819,0.425,7
0.514,0.419,220493,0.8270000000000001,0,3.55e-05,0,0.127,-4.557,1,27,0.0451,110.885,0.718,5
0.0549,0.194,205800,0.823,0,0.000965,3,0.369,-9.665,0,29,0.0728,141.33,0.365,5
0.934,0.601,141920,0.0683,0,8.170000000000001e-05,7,0.1,-13.643,0,4,0.0555,88.62200000000001,0.35100000000000003,7
0.0105,0.715,274707,0.7509999999999999,0,0.0,9,0.0501,-6.334,0,32,0.0438,116.637,0.544,3
0.407,0.633,249640,0.5329999999999999,0,0.000317,8,0.149,-9.462,1,32,0.024,98.959,0.221,3
0.968,0.6409999999999999,115253,0.0787,0,0.0,0,0.151,-20.364,1,4,0.0604,82.10600000000002,0.818,7
0.887,0.366,210400,0.407,0,0.263,2,0.114,-10.047,1,54,0.0265,148.436,0.35100000000000003,6
0.903,0.403,243827,0.27,0,0.0284,9,0.105,-13.833,1,41,0.0316,179.80900000000003,0.435,2
0.000431,0.568,231400,0.94,0,4.96e-05,1,0.0779,-5.401,1,63,0.0411,97.096,0.738,3
0.64,0.458,220053,0.445,0,0.0,9,0.118,-8.391,0,57,0.361,82.82,0.447,2
0.118,0.782,178655,0.67,1,0.0,1,0.0956,-4.332,0,61,0.358,172.00599999999997,0.745,0
0.983,0.196,199275,0.22,0,0.1,0,0.263,-10.529000000000002,1,0,0.04,78.657,0.125,10
0.459,0.588,193027,0.488,0,0.0,2,0.19,-6.519,1,41,0.0314,116.695,0.8109999999999999,4
0.0189,0.521,110267,0.915,0,0.000654,4,0.273,-9.764,1,26,0.0533,110.755,0.325,4
0.96,0.369,244680,0.339,0,0.7879999999999999,10,0.11,-12.050999999999998,1,20,0.0334,85.93299999999998,0.428,6
0.0594,0.826,288373,0.7090000000000001,0,0.0,5,0.316,-14.279000000000002,1,41,0.0646,109.869,0.779,4
0.00153,0.5329999999999999,246507,0.96,0,0.00244,7,0.243,-3.918,1,46,0.122,135.797,0.134,3
0.481,0.58,248633,0.6940000000000001,1,1.18e-06,1,0.109,-5.45,0,70,0.221,139.751,0.389,1
0.989,0.632,177853,0.359,0,0.0,0,0.108,-6.2860000000000005,1,0,0.116,117.626,0.823,8
0.129,0.625,149693,0.66,0,6.34e-05,4,0.12,-5.477,1,47,0.0416,125.303,0.731,1
0.612,0.551,165947,0.544,0,0.0198,7,0.134,-8.237,0,20,0.0291,130.834,0.747,6
0.802,0.648,183333,0.28,0,0.0,8,0.147,-13.373,1,45,0.35700000000000004,77.49,0.833,4
0.996,0.631,196213,0.256,0,0.5670000000000001,3,0.111,-13.589,1,0,0.0449,121.802,0.5770000000000001,9
0.203,0.517,242480,0.755,0,0.0,11,0.0723,-5.888,0,1,0.0423,157.011,0.37,0
0.0762,0.517,284333,0.703,0,3.2200000000000003e-05,8,0.141,-11.767,1,37,0.0709,121.14,0.8109999999999999,5
0.846,0.407,95653,0.414,0,0.16899999999999998,0,0.3670000000000001,-17.986,1,0,0.0409,146.145,0.7659999999999999,7
0.882,0.505,135333,0.35100000000000003,0,1.82e-06,7,0.0909,-9.826,0,27,0.0245,100.077,0.605,7
0.0378,0.522,178187,0.5,0,0.00294,4,0.334,-12.095999999999998,1,26,0.134,172.977,0.908,4
0.865,0.44,360133,0.0614,0,0.000704,2,0.076,-20.627,0,15,0.0418,119.716,0.134,7
0.564,0.4920000000000001,164083,0.7120000000000001,1,9.1e-05,9,0.35700000000000004,-7.278,0,60,0.691,137.453,0.23,1
0.00377,0.636,285596,0.7609999999999999,0,0.00784,9,0.0851,-7.752000000000002,0,59,0.035,120.837,0.463,1
0.613,0.551,255560,0.741,0,0.000324,2,0.112,-8.145,0,22,0.0304,135.168,0.835,5
0.731,0.486,220000,0.49,0,0.0016699999999999998,8,0.135,-13.967,1,12,0.0468,127.261,0.6679999999999999,6
0.498,0.762,182187,0.7859999999999999,0,0.000201,0,0.141,-5.08,1,24,0.044,125.524,0.969,5
0.995,0.516,183827,0.011,0,0.894,1,0.0913,-27.784,1,0,0.0598,83.36200000000002,0.35200000000000004,8
0.976,0.341,154737,0.256,0,0.6970000000000001,2,0.328,-18.86,1,0,0.0334,141.07,0.6990000000000001,9
0.397,0.589,128360,0.523,0,0.0217,3,0.0967,-11.12,1,50,0.0404,114.252,0.585,6
0.000534,0.33,169560,0.468,0,0.8759999999999999,2,0.122,-13.954,0,33,0.0452,90.212,0.384,5
0.993,0.424,196333,0.0535,0,0.387,2,0.218,-23.522,0,0,0.0414,90.311,0.261,8
0.00122,0.47,196827,0.812,0,0.821,11,0.135,-8.43,0,37,0.104,148.069,0.6859999999999999,4
0.278,0.619,190707,0.471,0,0.0,0,0.234,-5.195,1,65,0.0516,170.192,0.8170000000000001,1
0.000161,0.374,249280,0.86,0,6.26e-06,0,0.0865,-4.454,1,37,0.0532,121.15,0.337,2
0.777,0.442,429920,0.917,0,0.0,9,0.812,-11.585,0,40,0.926,95.144,0.0736,2
0.107,0.7120000000000001,204720,0.931,0,0.00132,2,0.0819,-7.742000000000001,0,43,0.0337,132.993,0.961,3
0.243,0.684,200960,0.443,1,0.0,7,0.18,-10.518,1,55,0.175,101.508,0.332,1
0.994,0.413,183560,0.289,0,0.8909999999999999,4,0.27,-11.293,1,0,0.063,168.91400000000004,0.861,8
0.916,0.341,281467,0.165,0,0.0,0,0.127,-20.102,1,0,0.0533,173.514,0.447,7
0.845,0.524,201267,0.484,0,0.799,5,0.157,-16.797,1,4,0.17600000000000002,106.151,0.594,8
0.0829,0.321,381867,0.304,0,0.413,9,0.0437,-16.52,0,25,0.0405,122.942,0.0695,5
0.0317,0.684,312440,0.3720000000000001,0,0.0,7,0.0862,-13.577,1,34,0.057,80.75399999999998,0.529,4
0.0699,0.71,402000,0.522,0,0.00344,1,0.0411,-15.204,1,30,0.043,108.831,0.728,4
0.0157,0.395,148373,0.955,0,0.000414,6,0.08900000000000001,-7.395,1,42,0.0737,157.653,0.472,3
0.0202,0.493,232533,0.586,0,0.00106,2,0.102,-13.916,1,67,0.046,113.618,0.6559999999999999,5
0.642,0.52,69720,0.28,1,3.79e-05,6,0.188,-15.879,1,37,0.268,85.43700000000003,0.649,2
0.8859999999999999,0.637,197316,0.27,0,0.00247,7,0.129,-14.222,1,23,0.0324,125.452,0.8009999999999999,6
0.263,0.6809999999999999,216560,0.453,0,0.0,7,0.0543,-6.09,1,76,0.0278,125.772,0.348,1
0.8640000000000001,0.28600000000000003,157147,0.134,0,0.0,0,0.104,-10.390999999999998,1,5,0.0398,75.29899999999998,0.213,7
0.993,0.518,198020,0.14,0,0.8759999999999999,4,0.106,-21.949,1,0,0.0744,154.32,0.8140000000000001,7
0.614,0.527,210133,0.6890000000000001,0,0.0,8,0.381,-5.684,1,62,0.0681,102.24,0.691,5
0.7,0.49,151720,0.636,0,0.0,5,0.293,-6.783,1,37,0.0578,177.104,0.962,6
0.193,0.631,280347,0.8859999999999999,0,0.000262,4,0.0453,-3.759,0,33,0.0573,103.148,0.8009999999999999,4
0.494,0.501,184561,0.534,0,0.0,4,0.107,-4.311,1,58,0.0367,170.27,0.5820000000000001,1
0.931,0.639,107573,0.102,0,0.645,0,0.0609,-26.208,1,0,0.0775,155.091,0.889,8
0.968,0.7170000000000001,193000,0.415,0,0.008409999999999999,10,0.0497,-7.957999999999997,1,10,0.0494,78.642,0.731,8
0.0301,0.625,288267,0.643,0,0.00233,1,0.34700000000000003,-6.773,0,43,0.0307,140.135,0.593,3
0.0364,0.462,308093,0.943,1,0.00148,1,0.0871,-5.343,1,45,0.245,95.483,0.218,3
0.53,0.564,201800,0.504,0,1.28e-06,9,0.112,-8.432,0,53,0.0346,133.18,0.488,4
0.956,0.75,208773,0.36,0,0.171,6,0.0662,-11.916,1,0,0.0579,95.949,0.764,8
0.349,0.753,191013,0.469,0,2.79e-06,9,0.151,-8.465,0,28,0.271,139.96200000000002,0.637,4
0.7340000000000001,0.34700000000000003,317200,0.6629999999999999,0,0.334,1,0.0989,-11.73,1,11,0.0755,175.757,0.726,7
0.161,0.467,286133,0.495,0,0.0175,2,0.0714,-15.455,0,51,0.0516,146.016,0.443,4
0.00195,0.826,283240,0.569,0,0.000189,10,0.0636,-10.619000000000002,1,63,0.0409,97.017,0.8809999999999999,2
0.748,0.449,253507,0.185,0,0.86,2,0.1,-15.931,1,29,0.0317,114.579,0.231,4
0.971,0.408,159773,0.292,0,2.21e-05,3,0.122,-11.885,1,40,0.0371,141.04399999999995,0.409,7
0.961,0.845,133680,0.262,0,0.000275,10,0.124,-13.879,1,11,0.0466,92.845,0.877,7
0.00367,0.457,148027,0.955,0,4.9000000000000005e-06,0,0.324,-5.395,1,41,0.131,170.192,0.6409999999999999,3
0.918,0.42,190693,0.102,0,0.0,2,0.135,-13.575,1,10,0.027000000000000003,76.372,0.0656,7
0.402,0.725,154307,0.513,0,0.0,7,0.248,-8.087,1,10,0.028,111.109,0.902,6
0.142,0.623,153707,0.845,0,0.0,2,0.0655,-3.381,1,49,0.13699999999999998,171.912,0.727,1
0.233,0.467,100827,0.95,0,3.53e-05,7,0.0385,-5.989,1,35,0.0759,180.989,0.981,4
0.899,0.458,180133,0.425,0,0.0,4,0.152,-9.229,0,55,0.0351,145.366,0.818,7
0.911,0.23,323480,0.21600000000000005,0,0.8290000000000001,10,0.0934,-14.727,1,63,0.0376,92.022,0.0618,1
0.996,0.369,216027,0.305,0,0.118,0,0.157,-12.567,0,0,0.0404,79.657,0.415,9
0.804,0.561,186107,0.419,0,2.49e-05,10,0.182,-12.628,1,14,0.0553,84.398,0.718,7
0.0498,0.8490000000000001,253091,0.5579999999999999,0,0.00634,10,0.119,-9.23,0,58,0.0437,109.991,0.35,1
0.994,0.5,162267,0.181,0,0.948,5,0.103,-15.49,1,0,0.0519,78.167,0.563,8
0.304,0.727,208600,0.6759999999999999,0,0.0,7,0.5,-4.556,1,43,0.25,163.02100000000004,0.391,2
0.92,0.199,191333,0.157,0,2.21e-05,2,0.244,-9.972,1,6,0.0328,83.265,0.162,7
0.378,0.649,111213,0.419,0,0.000356,5,0.0558,-12.352,1,13,0.0286,123.247,0.894,6
0.0128,0.922,245947,0.701,0,0.000822,4,0.0941,-6.6789999999999985,0,52,0.0868,101.996,0.54,3
0.928,0.622,51867,0.458,0,0.0,0,0.217,-7.181,1,28,0.0499,110.611,0.318,5
0.7759999999999999,0.507,179680,0.433,0,0.0,0,0.214,-10.779000000000002,1,15,0.0309,74.085,0.7979999999999999,6
0.98,0.115,260000,0.0357,0,0.905,2,0.09,-24.281,0,44,0.0453,178.71599999999995,0.0555,3
0.742,0.487,231067,0.439,1,0.0,0,0.091,-11.316,1,66,0.392,91.582,0.369,1
0.995,0.353,185413,0.617,0,0.922,8,0.309,-7.604,1,0,0.0459,108.278,0.39,8
0.993,0.335,403827,0.0188,0,0.93,11,0.106,-28.257,1,10,0.0452,71.09,0.107,8
0.429,0.685,216726,0.86,0,0.0,6,0.778,-4.71,1,48,0.181,129.994,0.378,1
0.172,0.939,206547,0.486,1,0.0,7,0.264,-3.488,1,60,0.207,97.582,0.517,3
0.923,0.266,199093,0.0245,0,0.95,0,0.123,-23.313,0,0,0.0351,131.225,0.104,8
0.385,0.6459999999999999,377066,0.236,1,0.0,10,0.378,-17.929000000000006,0,0,0.921,81.726,0.741,10
0.838,0.546,221910,0.934,0,1.52e-06,4,0.7659999999999999,-2.218,0,0,0.0502,97.057,0.7,7
0.992,0.703,188467,0.246,0,0.314,11,0.106,-12.414,0,1,0.11,131.034,0.7340000000000001,9
0.76,0.562,558453,0.379,0,6.94e-05,0,0.224,-9.398,1,13,0.0392,82.09700000000002,0.539,6
0.409,0.589,314067,0.453,0,0.0,0,0.35100000000000003,-13.309,1,62,0.0353,105.703,0.515,5
0.454,0.754,212320,0.402,0,7.890000000000001e-05,7,0.117,-11.712,1,36,0.0313,116.998,0.7440000000000001,3
0.00185,0.468,198338,0.647,0,0.000266,6,0.266,-7.966,1,54,0.064,203.86,0.466,1
0.0608,0.713,192547,0.475,1,7.55e-06,6,0.156,-4.436,0,66,0.0659,87.022,0.33,1
0.467,0.496,286267,0.7140000000000001,0,2.27e-06,4,0.304,-8.867,1,37,0.0281,77.73,0.319,4
0.7,0.205,635053,0.0386,0,0.705,8,0.0652,-25.427,1,0,0.0416,88.382,0.0638,8
0.976,0.684,45853,0.0631,0,0.0,10,0.107,-13.056,1,1,0.0774,139.675,0.6679999999999999,7
0.603,0.33,198173,0.499,0,1.36e-05,9,0.967,-14.002,1,29,0.0815,169.102,0.67,5
0.0754,0.629,447547,0.364,0,0.0,9,0.0258,-12.720999999999998,0,38,0.0286,122.083,0.471,3
0.0787,0.718,124400,0.29600000000000004,1,0.0,10,0.213,-17.241,1,0,0.918,129.941,0.621,10
0.403,0.243,196973,0.289,0,0.000179,5,0.23,-10.154,1,38,0.0341,82.681,0.345,4
0.0296,0.718,224960,0.7390000000000001,1,0.0,11,0.298,-5.606,1,38,0.234,89.62100000000002,0.526,3
0.898,0.138,195240,0.269,0,0.00883,7,0.249,-13.977,1,27,0.0362,76.59100000000002,0.166,4
0.991,0.315,244067,0.0146,0,0.8590000000000001,1,0.0776,-31.689,0,52,0.0447,130.274,0.112,3
0.461,0.489,222893,0.398,0,0.208,0,0.126,-13.005999999999998,1,30,0.0479,180.528,0.621,5
0.993,0.626,163546,0.0842,0,0.101,8,0.11,-11.845,0,0,0.885,63.985,0.599,8
0.946,0.26,198840,0.0488,0,0.0056,2,0.3,-19.578,1,10,0.0387,67.708,0.287,7
0.993,0.508,122240,0.0849,0,0.942,7,0.0847,-19.553,1,0,0.0518,102.104,0.337,8
0.779,0.586,379768,0.532,0,0.0005650000000000001,11,0.124,-8.837,0,56,0.0328,99.994,0.494,2
0.183,0.625,326613,0.5,0,3.37e-06,7,0.0378,-9.104,1,43,0.0873,202.318,0.777,4
0.957,0.449,338827,0.131,0,0.117,3,0.165,-15.678,1,0,0.0412,137.032,0.563,9
0.00583,0.158,1943484,0.574,0,0.579,8,0.34700000000000003,-25.155,1,48,0.179,110.004,0.0299,1
0.813,0.573,259173,0.469,0,0.0,2,0.194,-13.015,1,17,0.0332,105.866,0.591,7
0.946,0.599,141133,0.284,0,0.0136,4,0.446,-14.191,1,0,0.327,106.609,0.523,8
0.00505,0.385,137573,0.932,0,1.6899999999999994e-05,9,0.326,-13.271,1,30,0.0637,111.151,0.306,4
0.00602,0.6579999999999999,289733,0.6779999999999999,0,0.0155,4,0.413,-11.123,0,35,0.0309,116.203,0.7020000000000001,3
0.112,0.804,188733,0.745,0,0.0,4,0.0924,-5.805,0,63,0.0744,95.024,0.512,2
0.695,0.5429999999999999,314075,0.394,1,0.000239,8,0.108,-9.637,1,72,0.0864,137.811,0.118,1
0.0591,0.6759999999999999,228535,0.847,0,0.004079999999999999,7,0.233,-5.565,1,31,0.0258,106.994,0.716,4
1.3699999999999998e-05,0.123,252813,0.994,0,0.127,1,0.191,-4.169,0,28,0.13699999999999998,199.80900000000003,0.201,4
0.0673,0.8190000000000001,232133,0.611,0,7.7e-05,7,0.0477,-7.428,1,54,0.129,101.001,0.653,3
0.443,0.441,217173,0.387,0,0.0,2,0.268,-12.091,1,29,0.0447,76.189,0.5539999999999999,3
0.469,0.393,126560,0.185,0,0.000236,5,0.28600000000000003,-21.655,1,35,0.0318,82.368,0.547,4
0.00662,0.345,634013,0.88,0,0.306,2,0.0498,-8.62,1,37,0.0349,110.979,0.609,5
0.0111,0.727,257987,0.431,1,0.0166,2,0.506,-12.007,1,67,0.395,150.005,0.223,1
0.348,0.36,663333,0.595,0,0.0,9,0.255,-11.186,1,32,0.0397,143.247,0.59,4
0.733,0.623,296739,0.205,0,1.07e-06,7,0.152,-19.382,1,0,0.964,78.988,0.522,9
0.976,0.603,208200,0.13,0,0.765,8,0.0943,-13.74,1,7,0.0426,143.497,0.381,10
0.149,0.879,230853,0.679,0,0.008709999999999999,7,0.0787,-8.59,0,54,0.0421,122.38,0.7240000000000001,4
0.807,0.603,131133,0.51,0,0.0,2,0.468,-8.746,1,26,0.0462,72.876,0.723,7
0.677,0.7170000000000001,242747,0.45,0,0.00102,11,0.105,-8.531,1,53,0.0504,73.99,0.5710000000000001,1
0.8,0.305,670280,0.235,0,0.8590000000000001,0,0.127,-14.211,1,0,0.0301,103.909,0.234,8
0.171,0.914,128040,0.583,1,0.0,7,0.139,-7.912000000000001,0,68,0.452,134.882,0.588,0
0.584,0.512,189773,0.48,0,0.0,4,0.0913,-7.229,0,36,0.033,123.669,0.7170000000000001,6
0.983,0.6920000000000001,184973,0.107,0,0.0475,10,0.1,-14.469,1,8,0.0426,105.086,0.29600000000000004,7
0.0008359999999999999,0.459,298667,0.843,0,0.0016300000000000002,0,0.125,-5.593,1,40,0.036000000000000004,87.508,0.35700000000000004,4
0.0764,0.695,217067,0.978,1,3.12e-05,5,0.069,-3.556,0,56,0.274,171.093,0.706,3
0.000286,0.514,207147,0.825,0,0.293,0,0.607,-5.136,1,62,0.0486,125.273,0.655,4
0.14,0.779,243333,0.984,0,0.0,5,0.534,-2.381,0,50,0.212,102.106,0.402,4
0.426,0.594,277813,0.762,1,0.0,9,0.085,-7.951,0,62,0.0899,139.93200000000002,0.588,1
0.000614,0.526,178773,0.925,0,0.00228,7,0.343,-3.245,0,37,0.0385,150.158,0.78,2
0.33,0.637,105400,0.128,1,0.0,9,0.337,-17.1,1,0,0.945,167.66,0.6990000000000001,9
0.574,0.523,295427,0.649,0,0.00322,1,0.0783,-8.488,0,34,0.0409,131.049,0.745,5
0.983,0.8170000000000001,164493,0.177,0,0.000152,0,0.108,-12.388,1,0,0.0749,117.108,0.8,10
0.209,0.396,116373,0.903,0,0.7909999999999999,11,0.232,-8.957,0,22,0.0332,151.121,0.974,6
0.397,0.518,277213,0.757,0,0.795,1,0.282,-11.737,0,27,0.0413,100.606,0.765,5
0.0128,0.618,146973,0.588,0,0.0266,2,0.35100000000000003,-11.624,1,53,0.0735,86.90299999999998,0.768,2
0.00106,0.5920000000000001,217440,0.941,0,0.008870000000000001,7,0.033,-4.266,1,35,0.0556,114.962,0.897,3
0.000144,0.574,182373,0.933,0,0.0,1,0.3,-4.6110000000000015,1,37,0.0461,115.03,0.481,2
0.688,0.274,159413,0.173,0,0.0,1,0.0926,-13.453,1,8,0.0312,169.88,0.413,6
0.000446,0.29,260920,0.938,0,0.89,4,0.545,-7.0820000000000025,0,44,0.108,120.488,0.196,3
0.205,0.626,202621,0.88,1,0.0,9,0.128,-2.384,0,82,0.0504,95.079,0.534,1
0.892,0.293,260040,0.0654,0,1.36e-05,7,0.129,-22.405,1,26,0.0472,108.81,0.173,6
0.125,0.404,554960,0.933,0,0.00937,2,0.973,-8.994,1,40,0.0825,112.6,0.438,5
0.000458,0.504,212267,0.884,0,0.0399,3,0.108,-4.214,1,60,0.0366,140.398,0.516,2
0.0526,0.555,181400,0.5920000000000001,0,0.0,7,0.203,-4.695,1,25,0.0261,121.785,0.621,6
0.456,0.643,129973,0.623,0,1.06e-05,10,0.131,-9.58,0,27,0.0301,138.58,0.933,5
0.957,0.594,91000,0.454,0,0.000371,4,0.515,-11.863,1,29,0.0531,113.49,0.8009999999999999,5
0.79,0.608,182295,0.8220000000000001,0,0.0361,5,0.0928,-8.435,0,27,0.0449,90.889,0.933,6
0.647,0.578,289960,0.293,0,0.0,1,0.334,-12.594,1,44,0.479,139.609,0.51,2
0.995,0.411,168000,0.0105,0,0.939,5,0.0737,-29.375,1,0,0.0617,80.08800000000002,0.332,10
0.0484,0.458,242933,0.807,0,0.00085,9,0.165,-6.51,1,30,0.0637,151.52100000000004,0.879,4
0.975,0.456,257400,0.521,0,0.00559,3,0.114,-8.201,0,0,0.0561,100.864,0.872,8
0.789,0.12,89240,0.113,0,0.506,2,0.259,-23.51,1,0,0.0458,178.514,0.0561,8
0.0073799999999999985,0.721,251533,0.669,0,0.733,8,0.0762,-7.791,0,43,0.0488,88.115,0.95,3
0.962,0.302,174640,0.156,0,0.0,4,0.119,-19.71,1,0,0.0411,79.163,0.21600000000000005,8
0.245,0.526,188147,0.872,0,0.0,7,0.243,-5.079,1,57,0.0428,153.929,0.583,1
0.0952,0.8690000000000001,181467,0.254,0,3.63e-05,8,0.191,-9.526,1,43,0.071,116.559,0.8220000000000001,1
0.238,0.473,305147,0.725,0,0.004220000000000001,0,0.677,-8.003,1,30,0.0359,145.27100000000004,0.911,5
0.963,0.354,193792,0.015,0,0.894,5,0.118,-33.438,1,64,0.039,66.738,0.0899,1
0.833,0.7809999999999999,179879,0.5429999999999999,0,0.0,0,0.317,-9.374,1,0,0.179,116.48,0.862,9
0.937,0.247,440960,0.0993,0,0.000576,7,0.0823,-19.058,1,0,0.0445,85.581,0.0396,7
0.48,0.214,313373,0.91,0,0.00839,8,0.0517,-6.662000000000001,1,67,0.389,175.56099999999995,0.447,6
0.795,0.679,93907,0.7190000000000001,0,0.000165,7,0.271,-5.5539999999999985,1,22,0.153,103.939,0.6920000000000001,6
0.0723,0.312,284227,0.938,0,0.841,4,0.106,-5.6160000000000005,1,22,0.0447,138.399,0.413,5
0.132,0.435,455707,0.362,0,0.0134,9,0.157,-14.544,0,32,0.045,147.035,0.412,5
0.11,0.705,240240,0.5589999999999999,0,4.47e-05,9,0.102,-11.599,1,31,0.0906,127.123,0.6829999999999999,5
0.978,0.285,211747,0.362,0,0.000602,11,0.0794,-10.594,0,1,0.0338,88.98299999999998,0.18,8
0.5579999999999999,0.609,129373,0.399,0,0.000394,9,0.14800000000000002,-5.7010000000000005,0,22,0.029,101.607,0.37,6
0.86,0.611,439827,0.337,0,0.0803,0,0.119,-11.948,0,14,0.0659,79.471,0.503,6
0.644,0.504,101587,0.917,0,0.0,3,0.6659999999999999,-5.849,1,47,0.0982,99.091,0.733,5
0.573,0.546,165587,0.446,0,3.02e-06,2,0.18,-12.337,1,30,0.0271,134.05200000000002,0.763,6
0.0419,0.462,561627,0.5710000000000001,0,0.0995,2,0.0675,-10.858,0,33,0.0327,81.858,0.575,5
0.992,0.536,194933,0.201,0,0.6679999999999999,1,0.308,-8.229,0,0,0.112,132.17600000000002,0.688,9
0.184,0.711,203538,0.412,0,0.0,9,0.0546,-6.827000000000001,1,68,0.0445,130.015,0.18600000000000005,1
0.00131,0.757,277400,0.828,0,0.0007059999999999999,1,0.236,-7.113,1,35,0.0488,112.994,0.825,4
0.0599,0.541,192520,0.812,0,0.0,5,0.456,-6.716,0,44,0.0813,109.591,0.471,5
0.195,0.642,96500,0.222,1,0.0103,1,0.106,-19.749,1,0,0.944,87.427,0.584,8
0.769,0.623,184293,0.211,0,0.00133,2,0.0905,-17.129,1,31,0.0388,141.553,0.423,5
0.275,0.4970000000000001,148760,0.325,0,0.0212,2,0.852,-19.545,1,0,0.0709,128.763,0.816,8
0.858,0.263,731653,0.181,0,0.92,0,0.079,-13.293,0,0,0.0361,106.225,0.0784,8
0.161,0.263,94933,0.29100000000000004,0,0.584,1,0.298,-15.025,0,31,0.0333,87.67200000000004,0.0387,4
0.0161,0.568,201520,0.6920000000000001,0,0.0,8,0.14800000000000002,-4.513,1,73,0.0589,92.023,0.5770000000000001,1
0.342,0.476,263533,0.413,0,0.00018,7,0.114,-10.973,1,32,0.0316,54.178,0.281,3
0.907,0.7170000000000001,281747,0.237,0,0.000531,4,0.108,-16.924,1,44,0.0356,120.555,0.518,2
0.0236,0.474,146293,0.383,0,0.24,7,0.163,-14.419,1,28,0.0332,101.458,0.41,6
0.586,0.37,613027,0.336,0,0.898,8,0.184,-19.623,1,34,0.0342,87.84899999999998,0.225,5
0.311,0.851,173827,0.701,0,0.000211,9,0.163,-3.649,1,77,0.0396,98.039,0.527,1
0.908,0.421,352600,0.18,0,0.855,6,0.13699999999999998,-25.449,1,3,0.0352,145.737,0.5770000000000001,7
0.847,0.172,168293,0.327,0,1.21e-06,5,0.282,-9.99,1,30,0.0301,89.48200000000001,0.188,7
0.5479999999999999,0.5489999999999999,1198493,0.59,0,0.0363,5,0.091,-9.688,1,4,0.0442,108.355,0.8079999999999999,7
0.6729999999999999,0.557,298516,0.65,0,0.122,7,0.28600000000000003,-8.897,1,55,0.0424,106.1,0.965,5
0.993,0.45,415227,0.0255,0,0.931,10,0.129,-21.768,1,0,0.0393,98.692,0.0981,7
0.685,0.511,264267,0.34600000000000003,0,0.000124,5,0.294,-14.28,1,59,0.0388,140.29,0.599,5
0.45,0.747,209267,0.298,0,0.0,4,0.115,-15.517,1,33,0.0799,75.352,0.5429999999999999,3
0.8809999999999999,0.622,316533,0.235,0,0.884,0,0.118,-13.29,1,20,0.0347,125.7,0.487,6
0.797,0.479,374787,0.35100000000000003,0,0.457,8,0.0681,-14.815,1,33,0.0856,73.221,0.654,5
0.995,0.753,188120,0.142,0,0.000493,4,0.174,-10.682,1,0,0.0784,114.039,0.731,10
0.0327,0.883,162507,0.7659999999999999,0,0.0017399999999999998,2,0.217,-7.923999999999999,0,28,0.0531,98.135,0.594,4
0.993,0.389,218773,0.08800000000000001,0,0.527,1,0.363,-21.091,0,0,0.0456,92.867,0.0731,10
0.7929999999999999,0.184,309986,0.219,0,0.0,3,0.0693,-13.497,1,54,0.0302,176.42,0.21,2
0.988,0.381,40667,0.341,0,0.81,5,0.172,-14.106,1,0,0.0428,157.065,0.434,8
0.00502,0.361,173013,0.638,0,0.0169,0,0.158,-5.995,1,17,0.0306,134.434,0.7859999999999999,6
0.722,0.48,156760,0.273,0,0.00229,8,0.171,-18.963,1,18,0.0317,160.232,0.745,6
4.19e-06,0.28800000000000003,314293,0.959,0,0.6579999999999999,7,0.198,-3.1210000000000004,1,40,0.0628,107.692,0.34700000000000003,2
0.716,0.478,267360,0.241,0,0.21600000000000005,2,0.354,-17.122,1,64,0.0386,75.285,0.11,1
0.292,0.56,221840,0.863,0,0.000153,0,0.43,-8.799,1,26,0.0936,138.47,0.77,5
0.0505,0.605,145711,0.64,0,0.0,10,0.249,-8.808,1,3,0.0261,95.02,0.9,7
1.01e-05,0.632,226587,0.5920000000000001,0,0.552,0,0.0751,-8.079,1,38,0.0302,130.55100000000002,0.929,4
0.8440000000000001,0.597,147178,0.327,0,2.53e-05,3,0.0701,-11.755,1,18,0.0383,123.833,0.585,6
0.000357,0.445,232947,0.919,0,0.146,10,0.344,-4.798,0,30,0.0909,133.671,0.552,5
0.00346,0.743,360427,0.7979999999999999,0,0.00131,9,0.259,-8.263,1,62,0.0557,128.968,0.928,2
0.0595,0.475,303253,0.477,0,0.805,7,0.121,-9.284,1,44,0.0307,135.38299999999998,0.109,4
0.5539999999999999,0.633,101500,0.297,1,0.0,3,0.21,-15.505,0,0,0.905,169.66099999999997,0.636,7
0.38,0.281,309800,0.753,0,0.00893,11,0.855,-12.089,0,38,0.404,166.898,0.349,5
0.902,0.41,170693,0.218,0,0.000396,11,0.135,-12.544,0,53,0.0293,72.081,0.0755,6
0.0785,0.386,255707,0.626,0,0.00164,9,0.621,-9.451,1,54,0.0377,98.425,0.695,6
0.0137,0.49,198733,0.7979999999999999,0,0.0,6,0.0627,-3.66,1,67,0.0489,149.109,0.479,1
0.816,0.705,355813,0.384,1,0.0,3,0.124,-9.582,1,42,0.0987,104.46,0.7040000000000001,2
0.993,0.539,193213,0.311,0,0.682,6,0.299,-14.291,1,0,0.0791,145.567,0.679,8
0.476,0.669,281000,0.446,0,3.04e-06,2,0.153,-11.125,1,66,0.0312,81.558,0.5870000000000001,4
0.993,0.271,193493,0.322,0,0.00149,5,0.253,-11.535,1,0,0.0328,108.987,0.21,9
0.13699999999999998,0.563,353093,0.368,0,0.00285,8,0.0619,-18.379,1,32,0.0372,99.975,0.539,4
0.606,0.713,187587,0.47,1,1.35e-05,9,0.306,-8.698,1,69,0.0864,84.51799999999999,0.0825,0
0.685,0.424,378651,0.7659999999999999,0,0.0271,5,0.146,-8.554,1,7,0.0461,139.81799999999998,0.7809999999999999,7
0.993,0.528,209307,0.115,0,0.253,5,0.159,-19.831,1,0,0.142,78.87100000000002,0.499,8
0.536,0.655,271800,0.478,0,0.0531,5,0.319,-11.822,1,45,0.0314,88.229,0.867,5
0.503,0.758,176488,0.616,1,0.0,2,0.103,-3.471,1,65,0.311,165.90599999999995,0.494,1
0.897,0.418,162293,0.199,0,0.0,2,0.202,-12.029000000000002,1,21,0.0276,98.361,0.61,6
0.8809999999999999,0.517,195827,0.5670000000000001,0,5.76e-06,4,0.4970000000000001,-8.674,0,0,0.0602,122.759,0.908,7
0.996,0.677,138307,0.218,0,0.92,9,0.11,-20.544,1,0,0.21,72.108,0.966,10
0.32299999999999995,0.637,219000,0.73,0,0.0,5,0.0982,-5.38,0,54,0.0874,93.867,0.732,2
0.993,0.355,391400,0.0865,0,0.8759999999999999,6,0.13,-20.886,1,3,0.0493,71.723,0.1,8
0.691,0.513,204667,0.818,0,0.0581,4,0.332,-11.358,0,31,0.0965,129.075,0.775,4
0.0145,0.8340000000000001,436237,0.56,0,0.282,8,0.446,-10.062,0,51,0.0439,125.798,0.78,1
0.417,0.637,253907,0.69,1,0.0,9,0.211,-3.214,0,65,0.0693,140.329,0.103,2
0.995,0.362,116333,0.0768,0,0.489,8,0.389,-21.651,1,0,0.136,70.902,0.147,7
0.405,0.7090000000000001,203547,0.767,0,0.000172,0,0.0592,-6.732,1,66,0.0283,115.64,0.557,5
0.938,0.422,383570,0.363,0,0.00249,5,0.4370000000000001,-6.535,1,0,0.0483,134.225,0.484,8
0.267,0.696,278667,0.354,0,0.0,3,0.335,-18.165,0,12,0.944,105.439,0.722,9
0.0968,0.602,219200,0.569,0,0.0,7,0.104,-8.987,1,42,0.023,95.022,0.196,3
0.973,0.61,151907,0.251,0,0.000184,2,0.715,-16.713,1,0,0.158,104.287,0.67,7
0.0371,0.7040000000000001,96200,0.156,1,0.0,1,0.0644,-22.594,1,0,0.922,86.926,0.667,8
0.968,0.281,206293,0.102,0,0.000377,3,0.236,-14.603,1,9,0.0374,132.77200000000002,0.15,7
0.000225,0.536,70800,0.6559999999999999,0,0.0,2,0.0562,-8.867,1,43,0.0433,129.95600000000002,0.949,3
0.299,0.515,344213,0.104,0,0.866,0,0.128,-24.141,0,35,0.0422,107.991,0.187,4
0.0527,0.747,220040,0.6940000000000001,0,0.0393,8,0.0868,-7.8370000000000015,1,42,0.044,122.441,0.539,3
0.866,0.705,173640,0.574,0,7.35e-06,4,0.371,-9.038,0,3,0.0397,101.371,0.534,8
0.31,0.765,201987,0.494,0,0.0,2,0.0836,-7.348,1,58,0.0377,77.72399999999998,0.91,1
0.506,0.69,502920,0.664,0,0.00283,0,0.15,-5.91,1,42,0.0406,120.539,0.8959999999999999,5
0.951,0.338,314000,0.0931,0,0.833,5,0.1,-21.08,1,24,0.0398,83.37700000000002,0.311,4
0.0106,0.809,257427,0.588,0,0.0,5,0.0686,-6.93,0,31,0.0799,77.01899999999998,0.629,4
0.00037,0.585,162747,0.6940000000000001,0,0.0144,2,0.0724,-6.6320000000000014,1,43,0.0392,127.966,0.785,1
0.989,0.35,167126,0.1,0,0.545,4,0.11,-18.491,1,50,0.0328,108.74,0.135,1
0.004370000000000001,0.37,255145,0.636,0,0.0,0,0.08199999999999999,-6.5870000000000015,1,47,0.0331,147.707,0.371,1
0.429,0.718,337840,0.374,0,2.13e-06,9,0.0706,-12.545,0,19,0.102,83.853,0.521,5
0.97,0.239,489107,0.0566,0,0.68,8,0.325,-21.167,1,28,0.0354,90.558,0.117,5
0.978,0.348,164387,0.32,0,1.01e-05,10,0.0668,-9.374,1,0,0.0409,73.954,0.19,7
0.0347,0.787,177667,0.8320000000000001,1,0.0,10,0.0593,-4.671,1,64,0.301,92.606,0.8140000000000001,3
0.409,0.6940000000000001,135595,0.542,0,0.0614,5,0.232,-9.84,1,1,0.0383,130.68,0.897,7
0.987,0.871,211000,0.325,0,0.613,9,0.486,-6.229,0,0,0.0716,116.201,0.893,10
0.937,0.345,360147,0.116,0,0.887,10,0.225,-16.320999999999998,1,0,0.0424,156.759,0.4370000000000001,8
0.608,0.438,170587,0.315,0,0.0,8,0.151,-8.186,1,69,0.0375,190.064,0.449,0
0.0121,0.49,227707,0.883,0,0.0,4,0.0635,-8.736,0,56,0.0423,155.832,0.684,3
0.49,0.652,198707,0.608,0,0.0,1,0.147,-7.382999999999999,1,46,0.0538,111.465,0.8759999999999999,5
0.00104,0.4370000000000001,183173,0.703,0,0.000719,6,0.0857,-6.9579999999999975,0,37,0.0376,93.134,0.524,3
0.994,0.32299999999999995,198160,0.0884,0,0.878,9,0.134,-19.094,1,0,0.0439,71.75399999999998,0.185,9
0.963,0.424,198973,0.135,0,0.0119,8,0.0909,-18.657,1,8,0.0567,62.817,0.21600000000000005,7
0.967,0.596,197933,0.294,0,0.773,10,0.0952,-10.162,1,3,0.104,173.5,0.8440000000000001,10
0.0077,0.628,232067,0.871,0,1.64e-06,7,0.392,-6.44,1,62,0.0363,106.101,0.615,3
0.0209,0.594,234653,0.721,0,8.55e-06,2,0.0879,-7.812,1,60,0.0957,128.942,0.253,1
0.649,0.73,210680,0.266,0,0.000111,0,0.13,-15.101,1,45,0.0357,129.933,0.487,2
0.8140000000000001,0.654,138267,0.136,0,0.0007639999999999999,4,0.112,-13.442,1,14,0.0445,107.192,0.261,6
0.0304,0.8220000000000001,265200,0.638,0,1.92e-06,1,0.15,-13.75,1,25,0.0731,122.963,0.903,4
0.971,0.662,167532,0.341,0,0.045,0,0.0767,-11.77,1,0,0.162,149.542,0.763,8
0.884,0.508,232800,0.5539999999999999,0,0.0,1,0.703,-8.305,0,19,0.056,143.438,0.591,7
0.979,0.0612,486427,0.017,0,0.974,0,0.0908,-25.783,1,58,0.0496,62.232,0.0307,1
0.848,0.639,184187,0.102,0,1.22e-06,2,0.0976,-14.407,0,6,0.0503,146.374,0.488,7
0.994,0.802,184000,0.0683,0,0.377,4,0.115,-17.289,1,0,0.139,121.144,0.561,10
0.007759999999999999,0.792,173987,0.625,0,0.00188,1,0.329,-5.609,1,66,0.0536,103.967,0.37,1
0.265,0.794,144187,0.6970000000000001,0,0.0,4,0.181,-8.833,0,49,0.267,94.972,0.385,2
0.0396,0.563,144747,0.989,0,5.13e-05,7,0.14400000000000002,-3.703,1,27,0.0651,88.792,0.953,6
0.335,0.79,284413,0.645,1,0.0,9,0.405,-5.426,1,49,0.317,158.13,0.583,2
0.0241,0.586,211960,0.92,0,6.32e-06,7,0.173,-3.749,1,52,0.064,100.023,0.639,1
0.329,0.49,288267,0.354,0,3.3100000000000005e-05,7,0.333,-14.953,0,38,0.0434,138.651,0.424,4
0.941,0.332,832840,0.362,0,0.909,10,0.933,-16.326,1,29,0.0355,79.178,0.331,5
0.0901,0.628,284293,0.669,0,0.898,2,0.237,-14.636,0,47,0.0932,96.152,0.5,5
0.774,0.465,456804,0.557,0,0.0061600000000000005,5,0.15,-10.578,1,24,0.0323,110.19,0.831,5
0.884,0.0642,129400,0.162,0,0.889,7,0.401,-19.152,0,33,0.0355,70.104,0.0509,6
0.941,0.5920000000000001,98227,0.116,0,0.0,11,0.125,-16.323,1,0,0.0802,134.495,0.477,7
0.987,0.177,652733,0.0659,0,0.942,4,0.107,-25.675,1,10,0.0421,84.281,0.0371,6
0.8759999999999999,0.406,356480,0.318,0,0.915,0,0.251,-10.743,1,0,0.0319,63.449,0.318,9
0.46,0.452,270298,0.335,0,0.0659,0,0.0481,-12.074000000000002,1,21,0.0644,180.65,0.464,6
0.274,0.6459999999999999,219573,0.623,0,0.0,8,0.086,-8.82,0,59,0.0337,120.651,0.978,5
0.989,0.563,150733,0.22,0,0.124,2,0.134,-17.759,0,0,0.197,78.836,0.7809999999999999,9
0.163,0.345,183093,0.638,0,0.000167,2,0.136,-6.624,1,44,0.0295,115.106,0.295,6
0.986,0.159,174498,0.0737,0,0.912,7,0.274,-17.003,1,0,0.0331,107.011,0.038,8
0.992,0.579,175045,0.415,0,0.959,11,0.258,-7.9529999999999985,0,0,0.0426,130.175,0.715,8
0.777,0.514,171173,0.285,0,0.0954,5,0.27,-14.616,0,0,0.0344,96.88,0.224,7
0.0382,0.594,305013,0.812,0,0.0,2,0.157,-5.04,1,52,0.033,95.992,0.56,1
0.501,0.486,285866,0.232,0,0.000644,5,0.0497,-13.521,1,38,0.0308,128.85,0.236,3
0.13,0.596,218200,0.603,0,0.0,10,0.159,-7.991,1,50,0.0307,75.97,0.7090000000000001,3
0.238,0.7509999999999999,187613,0.6579999999999999,0,0.0445,5,0.0366,-6.348,1,27,0.0514,167.37400000000005,0.899,4
0.996,0.363,185644,0.335,0,0.92,0,0.233,-12.344,0,0,0.109,67.48899999999999,0.871,8
0.025,0.4920000000000001,260960,0.446,0,0.8740000000000001,7,0.5660000000000001,-17.180999999999994,1,50,0.064,112.818,0.35600000000000004,6
0.000122,0.188,229493,0.785,0,0.000162,2,0.942,-7.976,1,30,0.0589,103.356,0.344,6
0.0361,0.6759999999999999,221227,0.618,0,0.0,6,0.199,-8.987,0,67,0.046,173.955,0.899,3
0.993,0.494,195773,0.375,0,0.17600000000000002,1,0.16,-10.885,1,0,0.0465,80.226,0.7659999999999999,8
0.217,0.527,236800,0.723,0,0.0,1,0.037000000000000005,-6.134,1,65,0.0411,160.465,0.888,1
0.636,0.59,109505,0.835,0,0.0,5,0.305,-8.008,1,23,0.0449,150.52700000000004,0.96,6
0.0116,0.373,368440,0.6809999999999999,0,0.0008269999999999999,2,0.0905,-9.055,1,31,0.0296,98.7,0.34,4
0.772,0.14300000000000002,245320,0.174,0,0.925,9,0.091,-17.379,0,55,0.0354,138.947,0.0385,2
0.339,0.585,324674,0.597,1,0.0404,0,0.195,-7.499,1,73,0.037000000000000005,100.051,0.227,1
