0.958,0.198,572147,0.0192,0,0.941,7,0.0647,-27.44400000000001,0,53,0.0356,104.989,0.0365,2
0.8740000000000001,0.317,133293,0.526,0,1.89e-05,0,0.395,-9.974,1,28,0.0566,111.144,0.6940000000000001,6
0.696,0.523,148893,0.913,0,3.92e-06,4,0.114,-5.641,1,13,0.053,114.066,0.434,6
0.946,0.379,201640,0.0772,0,0.0215,2,0.305,-18.469,1,1,0.0328,105.155,0.29100000000000004,8
0.8540000000000001,0.745,200840,0.301,0,0.00026000000000000003,3,0.0307,-10.452,0,0,0.0631,115.234,0.784,8
0.308,0.639,104500,0.196,1,0.0,1,0.262,-19.306,1,0,0.938,74.003,0.6559999999999999,8
0.95,0.574,173533,0.215,0,0.000344,1,0.204,-15.385,1,0,0.0701,122.934,0.7559999999999999,8
0.659,0.621,150447,0.565,0,0.0,7,0.116,-8.033,1,47,0.0311,79.922,0.775,6
0.989,0.617,149173,0.0178,0,0.841,0,0.0905,-20.281,1,23,0.039,82.355,0.129,6
0.991,0.325,218227,0.0756,0,0.0584,2,0.114,-17.407,0,0,0.0465,74.104,0.306,8
0.365,0.7240000000000001,348893,0.416,0,0.0,5,0.0969,-8.964,0,55,0.0841,151.181,0.578,2
0.951,0.32,340827,0.113,0,0.000407,4,0.177,-18.956,0,0,0.0503,132.586,0.0501,7
0.075,0.6509999999999999,254800,0.523,0,0.0124,11,0.0435,-14.692,1,45,0.0717,175.507,0.723,5
0.0868,0.522,290853,0.8240000000000001,0,5.15e-05,7,0.292,-6.033,1,41,0.034,121.727,0.562,2
0.514,0.605,182093,0.22,0,0.8690000000000001,1,0.092,-15.140999999999998,1,13,0.029,112.98,0.489,6
0.5770000000000001,0.233,559120,0.598,0,0.343,7,0.963,-7.965,1,29,0.0643,71.01100000000002,0.175,6
0.871,0.29100000000000004,133200,0.025,0,1.69e-06,0,0.3720000000000001,-19.156,0,15,0.0303,90.108,0.153,7
0.794,0.393,200960,0.197,0,0.0,2,0.146,-18.15,1,10,0.0823,89.2,0.378,7
0.963,0.8420000000000001,154040,0.458,0,0.0008759999999999999,2,0.18,-5.916,1,0,0.0502,127.465,0.7829999999999999,9
0.033,0.462,196911,0.379,0,0.265,0,0.205,-16.243,1,0,0.0326,125.799,0.695,8
0.0514,0.246,148867,0.96,0,0.000101,9,0.0922,-3.465,1,42,0.21600000000000005,175.965,0.145,2
0.943,0.45,94733,0.033,0,0.17600000000000002,0,0.397,-21.08,1,0,0.0319,90.95,0.467,7
0.918,0.393,177360,0.506,0,0.0,4,0.175,-8.083,1,18,0.0512,94.223,0.381,6
0.928,0.415,338480,0.0394,0,0.0,2,0.109,-28.476,1,0,0.0812,108.498,0.141,8
0.0697,0.209,393533,0.588,0,0.000525,5,0.104,-12.255,1,30,0.0425,113.628,0.45,5
0.189,0.586,144693,0.725,0,0.00152,6,0.28600000000000003,-12.003,1,17,0.0469,103.932,0.799,6
0.991,0.8,179360,0.163,0,0.212,6,0.104,-17.979,1,18,0.17,113.163,0.556,7
0.00911,0.36,228707,0.949,0,0.006670000000000001,6,0.257,-9.85,1,35,0.0774,179.94099999999997,0.232,4
0.981,0.394,172387,0.417,0,0.8109999999999999,6,0.413,-9.107,0,0,0.0843,68.535,0.6779999999999999,8
0.812,0.564,190400,0.332,0,0.000417,9,0.27,-12.239,1,34,0.0336,113.352,0.6970000000000001,3
0.963,0.332,233600,0.73,0,0.201,9,0.474,-6.614,0,0,0.0651,152.97,0.738,9
0.6729999999999999,0.696,189231,0.57,1,3.02e-06,0,0.098,-9.084,1,71,0.557,76.976,0.329,1
0.0928,0.6,251493,0.887,0,0.378,4,0.237,-3.491,1,41,0.0284,119.216,0.768,4
0.7559999999999999,0.264,140693,0.21,0,8.38e-06,10,0.138,-14.162,1,15,0.0335,88.63,0.152,6
0.5589999999999999,0.481,201355,0.275,0,0.0,7,0.0788,-11.183,1,37,0.027000000000000003,76.545,0.328,5
0.586,0.606,177053,0.161,0,0.0,0,0.114,-15.452,1,22,0.215,160.784,0.5720000000000001,6
0.00181,0.35200000000000004,405293,0.575,0,0.687,8,0.14300000000000002,-14.853,1,46,0.0445,124.864,0.431,3
0.6709999999999999,0.721,191173,0.758,0,0.8909999999999999,11,0.133,-7.536,0,62,0.0372,150.825,0.8640000000000001,2
0.304,0.669,233018,0.431,0,0.0246,6,0.0829,-6.988,0,53,0.0498,180.03799999999995,0.259,1
0.0018,0.466,380933,0.877,0,0.00713,6,0.0709,-9.478,0,38,0.0451,146.21,0.764,4
0.00034700000000000003,0.449,226640,0.956,0,0.0,9,0.325,-4.011,0,44,0.0398,97.011,0.321,2
0.994,0.302,253973,0.0588,0,0.92,7,0.118,-20.213,0,0,0.043,79.405,0.076,8
0.792,0.69,129987,0.311,0,0.0505,0,0.218,-11.853,1,44,0.0521,139.349,0.872,2
0.8590000000000001,0.374,338560,0.222,0,1.93e-05,10,0.086,-14.841,1,21,0.0404,110.671,0.285,6
0.993,0.525,167800,0.129,0,0.8320000000000001,0,0.127,-18.053,1,0,0.0374,103.27,0.325,10
0.208,0.586,401334,0.384,0,0.443,2,0.239,-13.231,1,38,0.0331,128.611,0.696,5
0.0971,0.6859999999999999,189613,0.541,1,0.0,4,0.423,-6.643,0,49,0.0356,96.965,0.237,1
0.961,0.462,132827,0.68,0,0.0029,2,0.69,-6.62,1,30,0.207,58.398,0.815,6
0.557,0.684,205813,0.502,0,0.00287,8,0.0855,-10.985,0,34,0.0299,95.889,0.664,5
0.0006889999999999999,0.825,253653,0.7020000000000001,1,0.0,1,0.364,-6.852,1,45,0.285,86.994,0.84,2
0.6579999999999999,0.443,158613,0.165,0,0.927,2,0.358,-20.735,0,53,0.0307,78.882,0.106,2
0.929,0.172,118400,0.195,0,0.937,0,0.159,-17.389,1,10,0.0366,129.716,0.151,6
0.132,0.436,345987,0.435,0,0.0143,0,0.113,-9.954,1,25,0.032,123.476,0.631,5
0.551,0.544,1086000,0.542,0,0.00944,5,0.0929,-10.132,1,0,0.0488,112.092,0.742,7
0.17600000000000002,0.442,151893,0.907,0,0.0229,5,0.317,-5.85,1,16,0.207,123.146,0.284,6
0.645,0.595,175440,0.555,0,0.0,5,0.35100000000000003,-5.222,1,34,0.0292,100.969,0.8290000000000001,5
0.633,0.74,201600,0.568,0,8.04e-05,2,0.0745,-10.675999999999998,1,24,0.0286,111.72,0.855,5
0.949,0.441,146173,0.0651,0,2.09e-05,5,0.14300000000000002,-21.353,1,46,0.0831,82.81299999999997,0.368,4
0.972,0.74,187014,0.604,0,0.0719,5,0.0395,-10.616,1,1,0.123,123.043,0.893,10
0.564,0.495,190507,0.271,0,0.00237,6,0.0716,-17.492,1,46,0.0282,95.284,0.555,6
0.993,0.28,251960,0.0436,0,0.885,8,0.0865,-25.958,1,0,0.0393,81.07600000000002,0.182,10
0.14300000000000002,0.354,241162,0.528,0,0.0132,2,0.139,-4.644,1,27,0.0269,76.279,0.338,5
0.00521,0.569,231893,0.902,0,2.92e-06,11,0.124,-4.007,1,50,0.0536,137.986,0.944,1
0.0663,0.647,181813,0.6629999999999999,0,0.0228,0,0.737,-13.974,1,47,0.0982,129.80200000000002,0.929,6
0.877,0.385,203440,0.257,0,4.9000000000000005e-06,9,0.116,-10.843,1,23,0.0263,154.361,0.239,6
0.0030800000000000003,0.6509999999999999,213413,0.889,0,0.0,5,0.417,-5.2360000000000015,1,61,0.0694,107.009,0.813,1
0.185,0.544,183947,0.7440000000000001,1,0.0,6,0.336,-5.007,1,77,0.0889,73.699,0.5720000000000001,0
4.64e-05,0.354,274400,0.867,0,0.404,5,0.0748,-5.078,1,49,0.0362,93.389,0.436,2
0.992,0.4920000000000001,189000,0.229,0,0.907,9,0.111,-16.663,1,0,0.209,113.065,0.654,10
0.0376,0.505,206493,0.955,0,0.000355,1,0.442,-2.498,0,34,0.0572,136.012,0.65,4
0.03,0.758,267333,0.746,0,0.0903,10,0.162,-6.6179999999999986,1,35,0.0374,117.642,0.97,4
0.833,0.436,192168,0.17,1,0.00116,1,0.118,-9.549,1,62,0.34700000000000003,100.113,0.188,1
0.00153,0.452,198973,0.82,0,0.0,11,0.21,-4.508,0,51,0.0325,202.108,0.838,2
0.6890000000000001,0.453,157292,0.429,0,0.0,9,0.0876,-5.676,1,32,0.0285,105.542,0.458,5
0.995,0.652,216232,0.0433,0,0.000439,10,0.115,-11.51,0,0,0.21600000000000005,77.346,0.519,8
0.0204,0.599,262853,0.7,0,0.444,7,0.911,-7.951,0,35,0.0468,110.938,0.343,2
0.0095,0.599,217960,0.818,0,0.00571,10,0.297,-3.652,0,48,0.0394,128.159,0.366,1
0.742,0.578,255560,0.0563,0,0.000105,0,0.109,-21.523000000000003,0,35,0.0421,75.845,0.32299999999999995,5
0.00629,0.628,177377,0.621,1,0.0,4,0.113,-9.585,0,62,0.35600000000000004,130.016,0.528,1
0.996,0.212,177250,0.007490000000000002,0,0.931,2,0.0761,-29.575,0,67,0.0352,71.061,0.0985,1
0.974,0.376,316333,0.0709,0,0.0242,5,0.958,-20.751,0,7,0.0384,111.877,0.107,7
0.994,0.612,168520,0.211,0,0.726,7,0.12,-22.207,1,0,0.0562,100.747,0.6809999999999999,9
0.0678,0.602,276067,0.6,0,0.0,1,0.104,-13.692,1,28,0.031,115.8,0.3720000000000001,4
0.995,0.369,193040,0.199,0,0.7020000000000001,8,0.107,-14.622,0,0,0.0673,162.928,0.415,8
0.32,0.858,146707,0.465,0,0.000604,9,0.0753,-13.434,1,49,0.0729,117.961,0.703,6
0.00873,0.6729999999999999,259720,0.532,1,0.0,2,0.128,-7.229,1,53,0.0489,139.999,0.152,1
0.0311,0.715,262440,0.745,1,0.0,9,0.0823,-5.71,1,47,0.25,148.042,0.687,1
0.604,0.363,156560,0.416,0,0.0513,11,0.166,-9.798,0,21,0.028,94.363,0.422,5
0.7659999999999999,0.528,189800,0.15,0,0.0,3,0.166,-15.233,1,19,0.0322,85.87700000000002,0.274,7
0.984,0.126,212720,0.0234,0,0.8540000000000001,6,0.565,-30.079,0,0,0.0424,93.318,0.0397,8
0.193,0.638,152187,0.507,0,0.8440000000000001,10,0.123,-12.073,1,17,0.0284,136.143,0.794,6
0.604,0.629,272427,0.412,0,0.00655,3,0.227,-11.288,0,34,0.0347,115.698,0.458,3
0.0124,0.555,177493,0.68,0,3.9e-05,9,0.75,-5.015,1,33,0.109,185.644,0.6609999999999999,3
0.705,0.26,304200,0.625,0,0.931,2,0.0978,-9.831,1,25,0.0435,161.391,0.29100000000000004,4
0.00047,0.0857,334264,0.7070000000000001,0,0.883,11,0.345,-19.002,1,47,0.0785,87.333,0.00442,1
0.75,0.289,172280,0.339,0,0.00549,2,0.409,-6.919,1,21,0.0297,92.912,0.316,7
0.00175,0.421,383040,0.5920000000000001,0,0.237,1,0.0807,-8.397,0,42,0.0304,98.074,0.0905,3
0.952,0.419,253800,0.0758,0,1.34e-05,6,0.0939,-17.264,1,57,0.0398,129.806,0.231,6
0.99,0.505,180280,0.0575,0,0.00134,10,0.339,-15.005,1,0,0.029,92.043,0.141,9
0.551,0.762,159406,0.46,0,0.0,8,0.0764,-7.776,1,37,0.0551,118.913,0.981,3
0.452,0.489,250960,0.211,0,0.264,6,0.261,-17.055999999999994,1,37,0.0316,83.946,0.184,5
0.868,0.685,153849,0.3,0,0.00301,6,0.106,-15.796,1,23,0.0322,120.644,0.353,6
0.0514,0.635,97900,0.173,1,2.84e-06,5,0.232,-21.746,1,0,0.917,76.363,0.406,8
0.0024,0.488,315067,0.847,1,0.374,6,0.204,-11.921,0,42,0.0563,103.61,0.522,3
0.456,0.507,202333,0.52,0,0.00048,9,0.5479999999999999,-15.505,1,46,0.0399,128.553,0.835,4
0.988,0.22,527973,0.0747,0,0.841,3,0.244,-19.173,1,0,0.0397,72.69,0.14,7
0.994,0.374,97040,0.0337,0,0.903,7,0.116,-22.273000000000003,1,0,0.0417,62.233,0.279,10
0.99,0.782,185507,0.363,0,0.0734,3,0.476,-6.9570000000000025,0,0,0.131,116.167,0.789,9
0.778,0.448,270133,0.4970000000000001,0,0.207,1,0.108,-10.174,1,37,0.0359,147.031,0.29600000000000004,5
0.327,0.6709999999999999,183667,0.353,0,0.138,4,0.125,-17.154,1,46,0.0439,109.656,0.723,5
0.877,0.153,184320,0.299,0,0.809,10,0.242,-12.073,1,8,0.0344,99.35,0.049,7
0.075,0.7979999999999999,373560,0.763,0,1.51e-06,1,0.16899999999999998,-8.713,0,24,0.166,102.071,0.721,4
0.007759999999999999,0.5479999999999999,160893,0.933,0,0.0,10,0.0857,-5.9929999999999986,1,52,0.0942,167.544,0.629,3
0.948,0.462,187333,0.15,0,0.88,7,0.121,-16.017,1,0,0.0534,68.459,0.33,8
0.00909,0.395,217293,0.853,0,0.0,10,0.29,-5.808,0,47,0.0692,175.233,0.481,1
0.65,0.512,240000,0.41,0,0.028,6,0.118,-9.32,1,37,0.0323,100.076,0.233,3
0.0475,0.362,172467,0.981,0,0.0,8,0.14,-5.08,1,49,0.116,185.962,0.301,2
0.995,0.561,190480,0.282,0,0.782,3,0.129,-11.831,1,0,0.0363,109.365,0.5660000000000001,7
0.184,0.617,231627,0.918,0,0.00289,6,0.297,-4.6610000000000005,1,36,0.0542,132.589,0.5429999999999999,4
0.425,0.649,119667,0.238,0,0.0,0,0.126,-16.858,1,42,0.0371,82.17,0.711,6
0.0261,0.503,187880,0.8809999999999999,0,0.0,0,0.482,-4.502,0,63,0.0827,101.038,0.597,2
0.907,0.477,76867,0.102,0,0.0,7,0.156,-15.518,1,9,0.0512,128.465,0.6409999999999999,8
0.979,0.674,229347,0.0817,0,0.8420000000000001,0,0.139,-18.298,1,9,0.0462,124.677,0.408,7
0.28800000000000003,0.797,324826,0.7170000000000001,0,0.0,5,0.0588,-5.4110000000000005,1,28,0.0504,89.984,0.8590000000000001,4
0.184,0.51,273187,0.705,0,2.2e-06,7,0.0801,-9.251,1,20,0.0762,169.965,0.865,6
0.932,0.386,72488,0.477,0,0.939,8,0.213,-11.956,1,0,0.0406,67.306,0.0956,7
0.6829999999999999,0.5720000000000001,182267,0.47,0,0.969,5,0.381,-10.356,1,41,0.0285,110.002,0.251,2
0.384,0.684,292533,0.626,0,0.00014099999999999998,9,0.25,-11.018,1,30,0.0598,101.049,0.901,5
0.0755,0.473,268366,0.442,1,1.66e-05,9,0.119,-10.807,1,51,0.111,139.661,0.0749,1
0.831,0.69,253427,0.797,0,0.716,3,0.889,-9.853,1,6,0.0315,125.644,0.6679999999999999,9
0.996,0.211,100160,0.183,0,0.852,6,0.0948,-16.95,0,2,0.0391,91.95,0.0797,8
0.632,0.488,200160,0.189,0,1.28e-05,10,0.105,-14.479,0,34,0.0288,71.39,0.194,3
0.433,0.458,511053,0.42,0,0.00988,7,0.163,-13.02,1,26,0.0312,72.132,0.14,4
0.0368,0.5670000000000001,234497,0.735,0,0.000824,4,0.149,-7.296,1,47,0.0294,126.857,0.509,1
0.141,0.7120000000000001,316427,0.923,0,0.00194,5,0.0817,-5.746,0,41,0.037000000000000005,121.28,0.743,4
0.0323,0.619,214907,0.705,0,0.0,1,0.0919,-5.335,1,73,0.099,109.975,0.8440000000000001,1
0.266,0.299,203987,0.579,0,0.7809999999999999,2,0.197,-9.928,0,44,0.0583,140.345,0.124,2
0.46,0.616,220855,0.7240000000000001,0,8.85e-06,9,0.388,-6.2479999999999976,1,44,0.0284,123.996,0.713,2
0.409,0.8690000000000001,212520,0.705,0,0.0,10,0.0751,-9.599,1,40,0.222,109.525,0.965,3
0.0325,0.769,176387,0.632,1,0.0,10,0.116,-4.228,0,67,0.0537,131.93200000000002,0.294,1
0.183,0.47,310227,0.326,0,0.00761,2,0.0492,-15.201,1,53,0.0555,188.717,0.563,5
0.7609999999999999,0.458,139933,0.274,0,0.0,0,0.416,-14.895,1,17,0.0333,175.08700000000005,0.782,6
0.0325,0.443,243133,0.884,0,0.679,4,0.978,-9.083,1,32,0.049,137.62,0.616,5
0.0196,0.75,154107,0.705,0,0.0,1,0.266,-7.069,0,40,0.0759,161.55,0.376,2
0.72,0.6579999999999999,238213,0.636,0,7.4e-05,10,0.079,-6.646,1,47,0.03,123.166,0.7959999999999999,5
0.185,0.56,169307,0.662,0,7.53e-05,4,0.0785,-9.471,1,16,0.0493,129.072,0.916,6
0.895,0.192,320587,0.0257,0,0.8059999999999999,7,0.145,-33.469,1,0,0.0438,93.16,0.0431,7
0.6779999999999999,0.6759999999999999,222240,0.5760000000000001,0,1.03e-06,9,0.0974,-6.385,0,57,0.106,172.893,0.586,2
0.008709999999999999,0.772,227733,0.935,0,7.62e-06,6,0.063,-4.805,0,60,0.0732,98.226,0.867,3
0.394,0.152,80507,0.0168,0,0.961,8,0.456,-40.484,0,0,0.0363,135.209,0.04,8
0.151,0.617,200787,0.652,0,0.0,7,0.107,-5.132999999999999,0,53,0.0293,86.97200000000002,0.242,1
0.0684,0.455,240707,0.8859999999999999,0,9.67e-06,2,0.282,-7.6629999999999985,1,49,0.138,80.767,0.792,3
0.0408,0.879,291693,0.508,0,0.000903,5,0.099,-11.126,0,49,0.0554,131.082,0.969,2
0.585,0.741,326667,0.36,0,0.868,4,0.0809,-14.824000000000002,0,32,0.0449,120.074,0.21600000000000005,3
0.789,0.534,132680,0.0872,0,0.0,7,0.108,-18.742,1,20,0.0302,79.845,0.314,6
0.00708,0.305,507160,0.613,1,0.00245,9,0.121,-4.652,0,46,0.047,183.992,0.547,2
0.995,0.7979999999999999,170307,0.204,0,0.906,9,0.11,-22.105,1,0,0.0594,114.893,0.573,10
0.0331,0.354,224467,0.546,0,0.00445,7,0.112,-7.085,1,25,0.0264,97.825,0.569,6
0.565,0.604,173933,0.532,0,1.67e-06,10,0.197,-10.053,1,38,0.0268,106.861,0.8340000000000001,3
0.698,0.735,173202,0.235,0,0.00604,3,0.107,-13.239,1,77,0.315,62.44600000000001,0.462,1
0.991,0.341,322536,0.0573,0,0.0,7,0.0983,-18.802,1,7,0.0385,80.762,0.258,7
0.13,0.479,147827,0.8320000000000001,0,2.8300000000000014e-05,3,0.0459,-4.746,1,52,0.145,140.41,0.584,5
0.7959999999999999,0.58,148427,0.504,0,0.282,1,0.387,-9.923,1,11,0.0905,132.9,0.677,6
0.99,0.389,200307,0.47,0,0.941,10,0.29100000000000004,-9.731,1,0,0.038,130.079,0.84,7
0.862,0.364,235307,0.387,0,0.299,9,0.5479999999999999,-14.791,0,0,0.0638,129.394,0.0759,8
0.952,0.29100000000000004,204225,0.399,0,0.000286,7,0.211,-10.31,1,0,0.0375,100.126,0.317,9
0.359,0.423,428800,0.738,0,0.084,6,0.0801,-7.329,1,42,0.0319,111.414,0.276,3
0.897,0.197,250933,0.0909,0,0.00152,5,0.108,-18.863,1,53,0.0334,86.98100000000002,0.108,5
0.924,0.642,166027,0.197,0,0.000308,5,0.0927,-14.293,1,41,0.0476,88.27799999999998,0.406,5
0.994,0.425,104600,0.413,0,0.723,7,0.204,-12.632,0,6,0.0708,77.334,0.444,7
0.199,0.623,159205,0.7290000000000001,0,0.000138,2,0.28300000000000003,-9.003,1,42,0.033,112.046,0.446,6
0.995,0.778,148000,0.0838,0,0.7440000000000001,4,0.112,-16.070999999999998,1,0,0.0838,118.362,0.684,10
0.979,0.612,166200,0.204,0,4.32e-06,10,0.355,-13.559,1,10,0.0652,130.843,0.535,7
0.993,0.359,184733,0.0674,0,1.4499999999999993e-05,3,0.146,-16.654,1,0,0.0501,85.417,0.175,7
0.968,0.65,104800,0.103,0,6.52e-06,5,0.126,-19.467,1,0,0.114,103.553,0.73,8
0.966,0.575,155040,0.0954,0,0.0,7,0.0706,-19.045,0,0,0.419,115.467,0.672,7
0.564,0.584,309973,0.397,0,6.17e-06,5,0.114,-13.802,0,48,0.0386,117.264,0.675,4
0.152,0.615,232200,0.535,0,0.0,9,0.095,-7.99,0,37,0.0502,87.042,0.611,2
0.831,0.644,179467,0.0768,0,3.12e-05,6,0.0953,-13.348,1,38,0.0424,78.719,0.306,3
0.631,0.755,126173,0.7929999999999999,0,5.58e-06,4,0.0682,-9.807,1,13,0.0422,113.067,0.932,7
0.655,0.54,422600,0.624,0,0.0251,4,0.233,-7.051,0,40,0.0541,151.172,0.8640000000000001,3
0.669,0.379,181067,0.225,0,0.000112,7,0.268,-14.799,0,15,0.0307,94.95,0.361,6
0.995,0.369,204467,0.14,0,0.9,3,0.14400000000000002,-15.839,0,0,0.0455,68.233,0.154,9
0.225,0.6990000000000001,181573,0.51,0,0.00235,0,0.0846,-12.358,1,37,0.0275,130.064,0.971,3
0.974,0.322,362147,0.386,0,0.915,0,0.0714,-14.763,0,27,0.0462,94.201,0.126,6
0.815,0.435,210227,0.388,0,0.0,0,0.303,-12.162,1,12,0.0551,90.476,0.5920000000000001,8
0.931,0.14,303360,0.141,0,0.96,5,0.107,-23.843000000000004,1,0,0.0382,101.477,0.0985,8
0.136,0.5379999999999999,197548,0.733,0,0.0,4,0.289,-5.641,1,56,0.0296,165.102,0.7559999999999999,1
0.341,0.551,229533,0.151,0,0.0,5,0.119,-20.176,1,50,0.0408,133.07,0.353,4
0.0831,0.932,286453,0.862,1,0.0,10,0.326,-3.621,0,45,0.246,95.244,0.742,2
0.106,0.82,172669,0.5,1,0.0,10,0.183,-11.1,0,69,0.452,89.09,0.7290000000000001,0
0.995,0.4270000000000001,206027,0.00852,0,0.906,7,0.0724,-29.25800000000001,1,8,0.0742,109.676,0.0929,8
0.972,0.332,168493,0.156,0,0.913,3,0.652,-20.124,1,27,0.0366,137.727,0.353,6
0.0777,0.508,220415,0.947,0,0.0,7,0.7120000000000001,-6.995,0,44,0.085,145.099,0.691,4
0.39,0.706,199293,0.8909999999999999,0,5.63e-06,10,0.182,-3.643,1,30,0.0479,115.639,0.802,3
0.39,0.519,229493,0.973,0,0.978,7,0.784,-3.044,1,32,0.0562,140.221,0.8220000000000001,5
0.252,0.6579999999999999,156320,0.418,0,0.00125,9,0.165,-7.568,1,31,0.0266,75.015,0.613,6
0.121,0.455,87533,0.7,0,0.0126,4,0.312,-13.914,1,28,0.0323,142.54,0.975,4
0.138,0.5329999999999999,157427,0.745,0,0.000125,5,0.0982,-6.477,0,20,0.058,86.69,0.758,6
0.995,0.421,190693,0.1,0,0.882,5,0.12,-18.262,0,7,0.0348,83.055,0.152,7
0.103,0.608,200987,0.753,0,0.0,0,0.0996,-4.748,0,68,0.368,97.626,0.482,1
0.00223,0.53,235933,0.647,0,0.485,0,0.454,-11.220999999999998,1,57,0.0327,154.81799999999996,0.726,3
0.847,0.619,168933,0.261,0,0.0138,11,0.0681,-13.142,1,0,0.106,138.118,0.758,9
0.5870000000000001,0.7390000000000001,367920,0.813,0,0.00625,6,0.682,-5.29,0,30,0.0996,138.028,0.846,5
0.757,0.213,221787,0.185,0,8.540000000000003e-05,4,0.111,-10.929,0,51,0.0327,72.844,0.182,1
0.00146,0.5539999999999999,236748,0.878,0,0.0,11,0.0998,-3.02,0,61,0.0513,132.889,0.55,1
0.693,0.306,415533,0.921,0,0.623,5,0.152,-10.498,1,16,0.502,84.051,0.613,7
0.115,0.8079999999999999,186533,0.85,0,0.000109,5,0.316,-8.772,1,63,0.0868,106.855,0.7170000000000001,5
0.969,0.25,269840,0.244,0,0.000193,4,0.201,-11.894,1,0,0.0372,75.14699999999998,0.09,7
0.647,0.557,248947,0.64,0,0.0,8,0.0903,-5.107,1,30,0.117,78.308,0.448,4
0.993,0.6809999999999999,217014,0.129,0,0.915,3,0.118,-12.215,1,0,0.0599,120.759,0.626,8
0.653,0.465,144760,0.878,0,0.199,11,0.0911,-11.287,0,29,0.0394,194.926,0.753,4
0.452,0.355,123267,0.939,0,0.000113,0,0.238,-3.1660000000000004,1,35,0.21,178.995,0.28300000000000003,2
0.907,0.5,246920,0.348,0,5.8e-05,4,0.728,-9.314,1,0,0.406,68.285,0.34700000000000003,8
0.611,0.48,211653,0.388,0,1.63e-06,4,0.116,-8.511000000000001,0,10,0.0342,112.977,0.524,6
0.544,0.495,167480,0.611,0,0.166,8,0.327,-8.416,1,3,0.0296,71.429,0.329,7
0.863,0.271,241400,0.127,0,8.17e-06,5,0.65,-20.964,1,16,0.0368,82.213,0.287,6
0.609,0.8059999999999999,157334,0.289,0,0.0,1,0.105,-9.853,0,62,0.0389,89.958,0.457,1
0.105,0.54,423933,0.385,0,0.916,7,0.101,-13.819,0,51,0.0435,91.041,0.0875,3
0.0972,0.531,226307,0.746,0,0.0,11,0.102,-4.228,1,65,0.0329,139.78799999999998,0.304,1
2.65e-06,0.0,66860,0.0146,0,0.831,1,0.31,-19.407,1,60,0.0,0.0,0.0,1
0.00334,0.505,244000,0.911,0,0.00207,9,0.0599,-6.4670000000000005,0,19,0.086,136.304,0.526,5
0.00655,0.262,290280,0.988,0,0.897,11,0.132,-4.922,0,54,0.253,91.319,0.227,4
0.27,0.722,260827,0.611,0,0.322,0,0.282,-6.572,0,25,0.0351,115.818,0.957,4
0.992,0.429,399667,0.0997,0,0.902,0,0.115,-23.88300000000001,1,57,0.0427,93.229,0.0804,2
0.00399,0.499,277160,0.705,0,9.11e-06,9,0.104,-5.596,0,62,0.0669,123.909,0.36,2
0.992,0.679,174840,0.3720000000000001,0,0.321,9,0.442,-6.53,1,0,0.0641,118.763,0.932,10
0.996,0.609,165133,0.342,0,0.879,7,0.109,-9.221,0,0,0.149,199.007,0.7829999999999999,9
0.32299999999999995,0.69,194408,0.784,0,0.0,1,0.203,-4.6530000000000005,1,75,0.032,106.066,0.669,1
0.7140000000000001,0.505,224667,0.589,0,0.229,5,0.921,-12.616,1,28,0.235,100.351,0.762,7
0.00474,0.63,181440,0.966,0,0.0,11,0.0354,-2.879,0,44,0.134,114.454,0.5,2
0.309,0.7070000000000001,236747,0.451,0,0.0,11,0.0524,-10.38,1,48,0.0761,73.209,0.616,2
0.264,0.74,218360,0.35,0,0.0,0,0.246,-12.041,1,44,0.0412,130.437,0.949,3
0.963,0.236,240107,0.0364,0,0.00025,11,0.0591,-26.837,0,14,0.0447,70.23899999999999,0.139,6
0.416,0.419,298000,0.295,0,0.368,4,0.16699999999999998,-17.587,1,29,0.0261,77.702,0.289,5
0.152,0.721,104000,0.362,1,0.0,4,0.433,-13.397,0,0,0.916,122.831,0.32,10
0.0828,0.63,247947,0.782,1,0.0,8,0.034,-5.44,0,54,0.132,140.144,0.418,2
0.0367,0.6409999999999999,240147,0.615,0,0.0,1,0.105,-7.475,1,51,0.389,68.938,0.411,2
0.968,0.453,200980,0.217,0,0.0,4,0.224,-11.186,1,0,0.0513,76.61,0.59,9
0.56,0.441,220173,0.644,0,0.0,11,0.109,-5.774,1,65,0.0363,141.733,0.349,1
0.218,0.6920000000000001,339733,0.608,0,0.0,8,0.348,-5.233,0,58,0.041,125.012,0.449,1
0.0262,0.779,206387,0.626,1,0.00488,10,0.114,-7.73,0,66,0.067,140.078,0.419,1
0.0767,0.6990000000000001,241480,0.877,0,0.0,11,0.386,-4.788,1,62,0.0374,107.023,0.493,2
0.7659999999999999,0.25,211293,0.174,0,0.000101,9,0.166,-13.661,1,13,0.0347,83.635,0.0909,6
0.777,0.6829999999999999,155307,0.556,0,0.0,0,0.065,-8.706,1,21,0.0543,110.523,0.884,6
0.972,0.333,198427,0.044,0,0.000218,7,0.124,-19.57,1,40,0.0391,78.723,0.177,6
0.933,0.232,194867,0.249,0,0.145,1,0.17,-15.484000000000002,1,1,0.042,95.791,0.159,8
0.41,0.643,259747,0.573,1,0.00017,4,0.0695,-7.034,1,71,0.0709,165.192,0.47,1
0.247,0.675,313160,0.919,0,0.0658,11,0.299,-7.772,0,29,0.0406,148.241,0.872,5
0.691,0.463,113627,0.502,0,0.0,4,0.16699999999999998,-10.068,1,32,0.0665,175.96200000000005,0.937,4
0.8959999999999999,0.72,163067,0.139,0,0.0,8,0.123,-15.74,1,10,0.0537,100.704,0.506,9
0.384,0.556,324773,0.6,0,0.0705,2,0.725,-11.502,1,18,0.0363,104.895,0.787,5
0.0802,0.645,181880,0.541,1,0.0,10,0.325,-6.312,0,63,0.0385,95.061,0.411,1
0.991,0.423,272307,0.121,0,0.922,10,0.219,-22.648000000000003,1,25,0.04,143.564,0.371,6
0.86,0.354,195280,0.509,0,0.642,5,0.321,-10.93,0,21,0.0308,172.88099999999997,0.8390000000000001,7
0.76,0.438,240573,0.43,0,0.287,0,0.0945,-11.237,0,13,0.043,107.162,0.551,7
0.0755,0.647,377973,0.721,0,0.121,4,0.16899999999999998,-8.918,1,46,0.0341,109.967,0.546,1
0.118,0.551,214920,0.503,0,3.98e-06,0,0.109,-8.712,1,22,0.0298,128.928,0.762,5
0.00413,0.57,180267,0.927,0,0.0,7,0.152,-2.024,1,45,0.0382,122.868,0.579,2
0.996,0.446,184653,0.128,0,0.7759999999999999,1,0.263,-10.429,1,0,0.0615,127.441,0.341,8
0.812,0.6,179400,0.383,0,0.902,0,0.0933,-13.715,1,12,0.0375,92.836,0.784,7
0.937,0.802,179667,0.383,0,0.23,5,0.129,-11.351,1,10,0.0906,107.059,0.96,10
0.465,0.9,427360,0.845,0,0.0,11,0.0724,-7.306,0,55,0.257,111.187,0.914,2
0.927,0.504,132067,0.452,0,8.27e-06,2,0.109,-13.402,0,13,0.0404,119.579,0.63,6
0.603,0.241,236173,0.56,0,0.0,5,0.154,-1.409,1,43,0.0321,72.428,0.387,2
0.0789,0.337,297107,0.499,0,2.42e-05,7,0.0892,-9.772,1,17,0.0313,85.527,0.299,6
0.629,0.27,264760,0.282,0,0.0,2,0.0924,-9.88,1,48,0.0327,171.555,0.0787,3
0.987,0.191,185333,0.108,0,0.0229,3,0.457,-20.833,1,9,0.0442,90.556,0.056,8
0.861,0.7070000000000001,329133,0.191,0,0.0113,7,0.124,-13.135,1,23,0.0353,119.182,0.157,5
0.693,0.446,131600,0.42,0,0.591,5,0.163,-13.935,1,9,0.0496,198.355,0.893,7
0.17,0.627,173640,0.478,1,6.92e-05,4,0.301,-7.141,0,50,0.038,129.96200000000002,0.378,2
0.0236,0.69,176533,0.6940000000000001,0,0.0,9,0.101,-4.708,1,40,0.0312,122.035,0.672,3
0.758,0.695,237320,0.59,0,0.000462,3,0.118,-5.564,1,14,0.0257,102.477,0.594,6
0.711,0.674,258547,0.163,0,0.0,0,0.102,-14.791,0,27,0.124,90.768,0.363,7
0.207,0.564,199880,0.24,0,5.350000000000001e-05,9,0.486,-9.983,0,35,0.0516,102.821,0.0653,6
0.989,0.6459999999999999,150435,0.184,0,0.0164,6,0.225,-6.2,1,0,0.466,88.515,0.6890000000000001,8
0.000479,0.516,258453,0.905,0,0.0,11,0.198,-5.613,1,62,0.0399,129.999,0.612,1
0.102,0.679,375027,0.841,0,0.0246,10,0.413,-8.455,0,33,0.0507,114.593,0.96,4
0.0926,0.0,143583,0.00216,0,0.982,10,0.821,-22.55,1,76,0.0,0.0,0.0,1
0.166,0.589,403920,0.47,0,1.45e-06,4,0.112,-5.32,1,46,0.028,119.386,0.102,1
0.909,0.503,140693,0.0345,0,0.0,2,0.139,-19.564,1,6,0.0558,76.785,0.44,7
0.979,0.222,408107,0.155,0,0.14300000000000002,7,0.122,-17.855,1,0,0.0453,87.01299999999998,0.0374,8
0.0967,0.752,325880,0.8340000000000001,0,0.0,7,0.404,-10.661,1,28,0.269,110.719,0.607,3
0.7140000000000001,0.489,161623,0.51,0,4.2e-05,5,0.118,-8.527000000000001,1,0,0.0382,98.646,0.883,7
0.95,0.569,156120,0.228,0,0.0,9,0.235,-16.457,1,22,0.0446,89.735,0.762,6
0.0172,0.715,268840,0.907,0,8.39e-05,7,0.426,-6.025,0,56,0.0993,124.992,0.841,2
0.333,0.6629999999999999,247600,0.752,0,0.0,2,0.15,-6.352,1,37,0.0516,114.937,0.6859999999999999,2
0.394,0.544,279893,0.768,0,3.79e-06,1,0.912,-10.76,1,21,0.253,87.833,0.7959999999999999,7
0.861,0.488,172760,0.17600000000000002,0,0.0,5,0.119,-13.815,1,5,0.0331,114.728,0.621,7
0.224,0.7040000000000001,246240,0.636,0,0.0,11,0.156,-7.809,1,48,0.0236,110.021,0.5710000000000001,1
0.994,0.599,207633,0.101,0,0.0445,8,0.209,-10.693,1,0,0.21600000000000005,146.197,0.504,7
0.0828,0.544,226560,0.642,0,0.0,8,0.117,-6.843,0,50,0.0384,98.085,0.389,2
0.7120000000000001,0.483,278827,0.495,0,1.35e-05,9,0.267,-10.001,1,30,0.0275,79.593,0.374,3
0.339,0.672,254507,0.471,0,0.0,0,0.15,-6.9270000000000005,1,38,0.0675,58.54,0.381,3
0.255,0.8859999999999999,233440,0.591,0,0.0,10,0.213,-12.323,0,47,0.254,101.623,0.828,3
0.5489999999999999,0.7040000000000001,228554,0.884,0,0.000364,8,0.0492,-6.275,1,39,0.0527,93.058,0.964,3
0.951,0.322,278533,0.227,0,2.61e-06,6,0.114,-11.188,1,54,0.0384,182.843,0.218,6
0.29600000000000004,0.78,229435,0.816,1,0.0,10,0.139,-5.318,0,48,0.28800000000000003,119.975,0.555,1
1.25e-05,0.515,218560,0.857,0,0.0954,5,0.486,-4.582,1,61,0.0511,92.028,0.669,1
0.752,0.428,79000,0.599,0,0.61,7,0.198,-7.367000000000001,1,0,0.0413,81.42699999999998,0.823,7
0.341,0.757,224694,0.173,0,0.0,10,0.305,-20.82,1,10,0.952,117.622,0.324,6
0.8220000000000001,0.6709999999999999,265680,0.696,0,0.727,8,0.0409,-5.27,0,32,0.0947,151.725,0.848,8
0.6970000000000001,0.448,313973,0.365,0,0.0,8,0.136,-7.159,1,48,0.0264,91.19,0.134,3
5.21e-05,0.371,251547,0.941,0,0.6759999999999999,5,0.0732,-4.783,1,62,0.0602,120.499,0.386,2
0.6709999999999999,0.336,286867,0.636,0,0.00379,5,0.105,-6.185,1,42,0.0378,81.986,0.387,4
0.315,0.6729999999999999,267840,0.4920000000000001,1,0.0,1,0.131,-8.777000000000001,0,52,0.0543,116.913,0.336,1
0.769,0.706,184589,0.394,0,0.0327,0,0.117,-12.66,1,32,0.0275,92.449,0.7,6
0.447,0.597,108360,0.56,0,9.3e-06,9,0.111,-7.632999999999999,1,25,0.0392,131.063,0.8909999999999999,6
0.0273,0.5710000000000001,147773,0.8009999999999999,0,0.0161,7,0.321,-8.318999999999999,1,32,0.034,144.45,0.888,4
0.193,0.725,98300,0.179,1,0.0,2,0.263,-17.91,0,0,0.935,95.363,0.421,8
0.44,0.758,191440,0.596,0,1.86e-05,2,0.132,-7.468,1,51,0.0281,121.207,0.8590000000000001,3
0.129,0.703,163355,0.736,0,0.0,9,0.313,-3.779,0,65,0.107,154.946,0.629,0
0.991,0.149,168880,0.655,0,0.00593,5,0.277,-6.6789999999999985,1,0,0.0481,83.331,0.376,9
0.135,0.772,204160,0.861,0,0.000742,7,0.064,-2.389,1,43,0.0898,133.918,0.424,2
0.0958,0.6970000000000001,224627,0.7440000000000001,1,0.0,11,0.263,-5.702000000000001,0,45,0.229,103.266,0.504,2
0.992,0.251,26027,0.0263,0,0.229,8,0.193,-27.56900000000001,0,0,0.0446,139.695,0.0462,8
0.7559999999999999,0.275,91931,0.12,0,0.000644,8,0.156,-18.799,1,36,0.0405,86.01,0.17,5
0.884,0.83,173853,0.382,0,0.301,2,0.11,-11.231,0,38,0.0566,121.12,0.54,3
0.474,0.488,313413,0.5429999999999999,0,0.0,4,0.129,-8.286,0,38,0.2,125.422,0.359,5
0.5870000000000001,0.6579999999999999,146560,0.616,0,0.0,0,0.043,-11.392,1,30,0.0581,145.55700000000004,0.976,7
0.0159,0.609,292000,0.598,0,2.07e-05,7,0.0749,-10.084,0,42,0.1,83.822,0.333,3
0.0219,0.732,465800,0.6609999999999999,0,0.13,11,0.628,-8.675,1,46,0.234,150.614,0.7509999999999999,2
0.878,0.49,109733,0.361,0,0.0,0,0.6409999999999999,-15.311,1,33,0.0447,87.71600000000002,0.5770000000000001,3
0.261,0.643,269533,0.85,0,0.000121,5,0.618,-9.906,0,48,0.0947,111.097,0.782,2
0.0518,0.568,241333,0.971,0,4.24e-05,7,0.265,-3.478,1,47,0.0543,139.27,0.778,2
0.8809999999999999,0.6809999999999999,159933,0.274,0,0.0,10,0.0844,-13.726,1,0,0.0635,88.065,0.888,10
0.013,0.718,242000,0.6629999999999999,1,0.0,8,0.0631,-5.154,1,49,0.19,95.728,0.488,2
0.387,0.574,298960,0.541,0,0.00183,10,0.301,-12.369000000000002,0,40,0.0566,129.335,0.679,7
0.104,0.8240000000000001,250773,0.657,1,0.0,0,0.17,-6.782,1,47,0.228,89.03200000000002,0.82,1
0.0197,0.53,221636,0.8079999999999999,0,0.0547,8,0.112,-5.045,1,49,0.0332,132.02100000000002,0.459,1
0.0288,0.612,118093,0.467,0,0.0,7,0.185,-17.303,1,12,0.0735,97.459,0.963,7
0.963,0.5489999999999999,146704,0.521,0,9.02e-05,1,0.242,-5.53,1,0,0.102,131.26,0.858,8
0.16699999999999998,0.28,256163,0.821,1,0.0,8,0.139,-2.864,0,68,0.111,181.444,0.254,1
0.3720000000000001,0.696,216133,0.5529999999999999,0,0.0,10,0.489,-7.487,0,42,0.293,91.128,0.674,2
0.7509999999999999,0.489,174133,0.415,0,0.000653,10,0.14,-7.466,1,46,0.0268,104.207,0.35700000000000004,2
0.995,0.467,177533,0.413,0,0.0241,11,0.331,-8.435,1,0,0.044,114.122,0.743,8
0.353,0.65,183267,0.53,0,0.0,10,0.0539,-9.947,1,47,0.0406,94.656,0.618,2
0.8390000000000001,0.682,260285,0.173,0,3.26e-05,1,0.0983,-8.749,1,82,0.0314,112.663,0.236,1
0.765,0.72,130547,0.54,0,0.961,5,0.111,-11.483,0,30,0.0526,154.57,0.755,6
0.000212,0.446,209067,0.277,0,0.7859999999999999,1,0.14800000000000002,-19.578,1,54,0.0322,135.925,0.0706,4
0.00145,0.552,317200,0.907,0,0.00353,1,0.0481,-5.476,1,38,0.0329,84.469,0.591,3
0.917,0.466,167249,0.298,0,0.0,5,0.21,-10.769,1,0,0.0771,85.294,0.591,8
0.765,0.7390000000000001,97900,0.119,1,0.0,11,0.457,-18.14,0,0,0.949,110.512,0.359,8
0.4920000000000001,0.63,234867,0.441,0,0.0,1,0.119,-9.829,0,57,0.0355,60.011,0.505,1
0.0556,0.722,180000,0.833,0,0.0,6,0.195,-3.915,1,69,0.094,93.941,0.53,1
0.0171,0.6990000000000001,177587,0.526,0,0.0006320000000000001,0,0.9,-11.09,1,31,0.0867,128.19299999999998,0.809,5
0.0018,0.309,110587,0.97,0,0.000695,4,0.156,-6.42,1,33,0.172,151.361,0.605,4
0.994,0.799,183813,0.16399999999999998,0,0.467,2,0.122,-12.129,1,0,0.0676,114.851,0.91,10
2.69e-05,0.431,215627,0.947,0,0.794,11,0.349,-5.067,1,45,0.0649,96.243,0.422,2
0.843,0.677,132320,0.338,0,3.5000000000000016e-06,1,0.103,-10.209,1,18,0.0367,75.97399999999998,0.624,7
0.5429999999999999,0.823,310933,0.467,1,1.06e-06,0,0.135,-10.394,0,61,0.301,95.026,0.618,1
0.993,0.27,42560,0.363,0,0.851,7,0.15,-14.847,1,19,0.0818,97.129,0.486,7
0.242,0.7120000000000001,402101,0.166,1,0.0,7,0.471,-20.784,1,0,0.909,108.726,0.816,10
0.856,0.394,151626,0.247,0,1.16e-05,5,0.124,-13.216,1,14,0.0456,98.237,0.397,6
0.0343,0.938,219600,0.465,0,0.0,4,0.0768,-14.739,0,28,0.21600000000000005,101.985,0.5660000000000001,4
0.606,0.659,152000,0.446,0,0.0,5,0.0892,-10.38,0,9,0.0769,75.729,0.833,7
0.0114,0.197,261240,0.858,1,0.0004860000000000001,1,0.0758,-6.9860000000000015,1,45,0.044,172.52599999999995,0.6970000000000001,4
0.0908,0.87,290867,0.515,0,0.000133,9,0.081,-13.104,0,41,0.0329,111.248,0.93,4
0.122,0.574,227907,0.61,0,1.1e-06,2,0.13,-7.282999999999999,1,62,0.0732,74.957,0.374,1
0.197,0.703,230120,0.825,0,1.32e-05,10,0.217,-6.265,1,41,0.0494,94.742,0.909,1
0.872,0.6709999999999999,167067,0.32,0,1.73e-06,10,0.403,-16.636,0,8,0.398,81.596,0.64,7
0.772,0.703,191190,0.145,0,0.00255,5,0.104,-12.019,0,25,0.0827,127.036,0.8240000000000001,7
0.223,0.691,181893,0.6890000000000001,0,0.00354,8,0.0902,-13.327,1,26,0.0418,104.714,0.815,4
0.0075200000000000015,0.284,340907,0.875,0,0.000461,11,0.402,-6.069,0,75,0.0422,75.009,0.595,3
0.991,0.402,175591,0.0985,0,0.915,7,0.111,-19.571,1,2,0.0381,161.736,0.227,7
0.923,0.451,190360,0.322,0,0.858,1,0.262,-17.146,1,10,0.0294,83.59200000000001,0.58,9
0.0916,0.473,266573,0.8320000000000001,0,0.498,10,0.101,-5.841,0,20,0.0283,100.881,0.238,4
0.693,0.627,171253,0.0139,0,0.0,4,0.125,-28.241,1,0,0.124,112.307,0.505,7
0.067,0.7240000000000001,246333,0.705,0,0.0,2,0.262,-5.859,0,62,0.112,146.589,0.662,2
0.117,0.703,309440,0.494,0,0.0,2,0.557,-14.789,1,35,0.0535,96.946,0.6759999999999999,5
0.215,0.552,215333,0.802,0,0.0,0,0.275,-3.799,1,58,0.0615,78.21,0.7759999999999999,2
0.193,0.685,217287,0.508,0,0.0,0,0.139,-6.4,1,73,0.0987,99.063,0.315,1
0.502,0.6940000000000001,236667,0.51,0,0.128,4,0.112,-10.804,1,53,0.0355,144.947,0.384,2
0.833,0.4,134760,0.376,0,0.0,2,0.579,-11.193,0,16,0.0488,77.365,0.442,6
0.0664,0.807,231800,0.769,1,0.0,7,0.0618,-3.644,0,42,0.269,99.664,0.705,2
0.741,0.545,158133,0.7909999999999999,0,0.0,0,0.393,-6.6389999999999985,1,15,0.0419,169.49200000000005,0.941,6
0.8440000000000001,0.225,146280,0.28600000000000003,0,1.68e-06,10,0.16899999999999998,-16.053,1,21,0.035,178.923,0.478,6
0.00875,0.787,439994,0.6679999999999999,1,0.00024,10,0.431,-7.599,0,26,0.182,184.659,0.8079999999999999,4
0.987,0.412,266693,0.126,0,0.0419,9,0.34,-15.413,1,0,0.0621,87.459,0.498,8
0.00535,0.4270000000000001,320627,0.867,1,0.0008460000000000001,7,0.0785,-9.077,1,57,0.128,170.25599999999997,0.56,3
0.967,0.414,115213,0.0545,0,0.728,2,0.0858,-15.309,1,35,0.0337,100.007,0.0828,5
0.308,0.601,169013,0.8540000000000001,0,0.0,9,0.0947,-5.8370000000000015,1,44,0.0656,141.395,0.936,6
0.895,0.54,151560,0.339,0,0.0203,7,0.425,-14.606,1,9,0.0644,105.85,0.477,7
0.00101,0.5489999999999999,243400,0.976,0,0.00985,7,0.131,-6.6110000000000015,0,44,0.0913,121.626,0.078,4
0.141,0.629,252400,0.77,0,0.0593,0,0.244,-8.516,1,34,0.0961,171.938,0.807,3
0.434,0.219,133040,0.976,0,0.5,11,0.309,-2.934,1,39,0.0967,161.285,0.613,4
0.34600000000000003,0.778,242733,0.547,0,0.000302,2,0.132,-7.273,1,80,0.0489,95.002,0.441,1
0.957,0.652,241667,0.289,0,0.002,0,0.132,-11.587,1,4,0.0354,109.03,0.626,7
0.231,0.631,237027,0.634,0,1.3e-05,6,0.0924,-4.456,1,63,0.0247,100.967,0.774,1
0.6579999999999999,0.67,254867,0.787,0,0.000217,0,0.13,-6.847,0,41,0.0446,113.345,0.8190000000000001,2
0.708,0.465,393987,0.303,0,2e-06,7,0.981,-8.793,1,45,0.04,143.933,0.337,2
0.74,0.6890000000000001,158960,0.344,0,0.0,5,0.0677,-10.636,1,38,0.0353,77.62100000000002,0.795,3
0.000211,0.3720000000000001,305293,0.888,1,0.00442,2,0.115,-5.88,1,62,0.0943,141.374,0.555,3
0.0271,0.8,130707,0.48,1,0.0,6,0.061,-14.466,1,35,0.263,92.536,0.647,3
0.0467,0.47,490067,0.813,0,0.424,7,0.7170000000000001,-6.78,1,49,0.0366,114.978,0.16399999999999998,3
0.45,0.387,654413,0.314,0,0.445,2,0.15,-11.956,1,50,0.0298,75.148,0.193,3
0.0222,0.693,217133,0.962,0,9.79e-05,0,0.308,-7.309,1,29,0.0308,128.195,0.927,4
0.0565,0.754,235293,0.818,0,0.000424,10,0.0979,-7.099,1,35,0.0458,110.501,0.877,5
0.0318,0.792,258840,0.77,0,0.000194,6,0.122,-4.811,1,56,0.0392,132.793,0.732,2
0.836,0.483,202627,0.431,0,5.19e-05,8,0.199,-7.6560000000000015,1,65,0.0343,78.26,0.29600000000000004,1
0.052000000000000005,0.8170000000000001,209143,0.5870000000000001,1,0.00165,2,0.185,-6.502000000000002,1,63,0.108,140.062,0.35200000000000004,1
0.259,0.732,258933,0.675,0,0.0,7,0.0832,-5.577000000000001,1,32,0.0584,105.041,0.494,3
0.995,0.341,119893,0.0624,0,0.914,9,0.0753,-26.435,0,0,0.0454,110.823,0.328,8
0.973,0.4370000000000001,178160,0.152,0,0.0008550000000000001,9,0.34700000000000003,-19.828,1,0,0.103,173.18,0.511,7
0.818,0.7120000000000001,133200,0.312,0,0.0,8,0.171,-11.535,1,1,0.0552,76.98100000000002,0.542,10
0.423,0.424,242286,0.439,0,0.0,0,0.393,-12.446,1,61,0.0412,125.168,0.195,4
0.8079999999999999,0.482,167227,0.387,0,0.5379999999999999,0,0.168,-13.371,0,27,0.0272,108.268,0.596,6
0.908,0.703,135533,0.316,0,0.0,2,0.0919,-11.899,1,0,0.151,129.658,0.855,10
0.585,0.879,295933,0.488,0,0.00216,5,0.0683,-14.803,1,46,0.0605,117.686,0.8320000000000001,3
0.935,0.612,192067,0.168,0,0.0,8,0.415,-18.66,1,1,0.287,110.397,0.521,10
0.343,0.612,262960,0.652,0,0.0,0,0.0537,-7.024,1,41,0.0681,114.918,0.388,2
0.995,0.769,171613,0.12,0,0.6970000000000001,2,0.126,-17.117,1,0,0.101,113.757,0.748,10
0.006220000000000001,0.805,284000,0.643,0,0.0088,11,0.361,-5.444,1,43,0.0589,114.494,0.8390000000000001,3
0.125,0.799,254963,0.698,1,0.0,9,0.0778,-5.947,0,68,0.16899999999999998,121.998,0.799,1
0.006670000000000001,0.87,251493,0.591,1,0.0,1,0.119,-6.5820000000000025,1,35,0.0378,107.628,0.7959999999999999,3
0.00168,0.335,254840,0.933,1,0.036000000000000004,8,0.254,-4.225,1,48,0.0767,192.055,0.35700000000000004,2
0.466,0.63,194115,0.511,0,0.0,5,0.142,-6.197,0,47,0.0388,168.833,0.92,2
0.929,0.599,149693,0.249,0,0.000372,3,0.12,-14.168,1,13,0.0307,100.496,0.43,6
0.125,0.804,184440,0.528,1,0.0,1,0.41,-3.2310000000000003,1,71,0.378,138.005,0.321,0
0.989,0.5710000000000001,156933,0.26,0,0.378,9,0.177,-13.877,0,13,0.226,86.435,0.541,8
0.0492,0.6679999999999999,212440,0.921,0,0.00517,7,0.0877,-3.727,1,73,0.0439,120.0,0.782,2
0.662,0.29,164000,0.408,0,0.0,7,0.272,-9.607,1,57,0.0318,102.229,0.542,2
0.064,0.56,257107,0.313,0,0.0,4,0.112,-12.94,1,30,0.0393,98.275,0.175,6
0.927,0.7809999999999999,157533,0.0925,0,0.494,4,0.119,-17.236,1,26,0.0646,76.058,0.409,6
0.0524,0.442,212013,0.935,0,0.000307,9,0.188,-6.903,1,50,0.0424,151.44799999999995,0.514,4
0.00154,0.619,208901,0.642,0,1.38e-06,11,0.158,-5.194,0,62,0.0328,140.012,0.448,1
0.979,0.276,157747,0.07,0,0.635,7,0.0945,-21.005,1,23,0.0378,97.975,0.163,5
0.952,0.5,182413,0.237,0,0.0933,9,0.308,-12.255,0,32,0.0421,149.213,0.816,9
0.821,0.249,245920,0.217,0,0.105,5,0.133,-14.875,1,46,0.0307,100.044,0.113,6
0.996,0.484,175427,0.256,0,0.941,0,0.271,-15.499,1,0,0.0726,117.571,0.632,10
0.13699999999999998,0.7090000000000001,181893,0.945,0,0.0,8,0.145,-4.415,0,51,0.0794,120.076,0.6759999999999999,1
0.509,0.416,215680,0.527,1,0.00312,0,0.112,-8.692,0,57,0.331,81.57600000000002,0.202,1
0.00909,0.354,175800,0.925,0,0.00104,9,0.121,-9.485,1,28,0.0749,94.815,0.531,4
0.269,0.35600000000000004,156840,0.636,0,0.0,7,0.307,-10.969,1,20,0.0531,188.253,0.939,6
0.007659999999999998,0.348,288787,0.5760000000000001,0,0.0462,0,0.276,-8.388,1,53,0.0289,179.014,0.428,5
0.943,0.363,184307,0.129,0,0.454,10,0.14800000000000002,-19.668,1,32,0.0558,115.076,0.0658,4
0.0565,0.677,226255,0.728,0,0.000708,9,0.196,-7.7429999999999986,1,33,0.0509,167.959,0.738,4
0.8390000000000001,0.232,153440,0.362,0,0.0,11,0.127,-11.776,1,3,0.0431,174.893,0.362,8
0.174,0.544,184893,0.951,0,0.0,9,0.0249,-3.974,1,46,0.0597,122.015,0.62,4
0.97,0.6409999999999999,138880,0.487,0,0.0,4,0.105,-12.089,0,4,0.0712,99.452,0.828,7
0.787,0.7559999999999999,180907,0.464,0,0.0,7,0.124,-11.401,0,42,0.0459,109.305,0.757,3
0.992,0.6609999999999999,36760,0.135,0,0.765,8,0.112,-23.724,0,2,0.121,101.062,0.294,7
0.448,0.5720000000000001,262680,0.863,0,0.000192,9,0.051,-3.571,0,48,0.069,109.498,0.569,5
0.892,0.198,661093,0.132,0,0.8490000000000001,4,0.209,-16.575,1,0,0.0404,74.697,0.108,8
0.00114,0.462,303440,0.742,1,0.0161,10,0.102,-3.695,0,39,0.0376,146.878,0.293,2
0.213,0.6609999999999999,214520,0.5760000000000001,0,3.4200000000000005e-05,7,0.0702,-10.249,0,27,0.0347,136.286,0.971,6
0.0864,0.555,222360,0.6920000000000001,0,3.2500000000000004e-05,9,0.232,-4.767,1,61,0.0277,88.995,0.313,2
0.979,0.343,67173,0.0249,0,0.899,2,0.146,-27.86,1,0,0.0365,135.79399999999998,0.116,8
0.0176,0.58,299973,0.923,0,0.000678,4,0.124,-7.419,0,34,0.0468,139.509,0.695,4
0.0457,0.631,263093,0.77,0,0.0,2,0.481,-5.315,1,43,0.0267,102.348,0.7340000000000001,3
0.331,0.525,264000,0.374,0,0.0,4,0.0775,-13.045,1,33,0.0346,110.305,0.344,6
0.97,0.625,282773,0.0885,0,0.0527,2,0.0989,-20.764,1,0,0.277,100.206,0.581,9
0.21600000000000005,0.532,248267,0.412,0,0.000686,4,0.149,-9.933,1,37,0.0243,78.37899999999998,0.182,3
0.0399,0.403,143120,0.8759999999999999,0,3.05e-05,7,0.0533,-6.0070000000000014,1,31,0.0487,172.072,0.715,5
0.195,0.72,176640,0.448,0,6.75e-06,11,0.0844,-11.599,0,33,0.0712,125.354,0.674,5
0.0938,0.893,293840,0.5760000000000001,1,0.0,1,0.0758,-7.5139999999999985,1,42,0.35700000000000004,94.307,0.861,2
0.7020000000000001,0.599,342667,0.271,0,0.0,9,0.219,-12.949000000000002,0,28,0.0534,145.901,0.395,7
0.000144,0.285,142947,0.979,0,0.0,2,0.334,-4.428,1,30,0.175,182.7,0.108,3
0.923,0.71,68706,0.172,0,0.0,0,0.111,-22.228,0,0,0.51,86.588,0.19,7
0.0678,0.69,247933,0.76,0,0.0,0,0.184,-4.7780000000000005,1,59,0.0587,89.958,0.468,2
0.899,0.28600000000000003,203560,0.0685,0,0.792,0,0.4920000000000001,-21.888,1,23,0.0442,136.56,0.387,6
0.52,0.541,201333,0.409,0,0.0,4,0.0791,-10.986,0,33,0.0337,144.138,0.29600000000000004,4
0.69,0.568,593760,0.35200000000000004,0,0.0037,5,0.0926,-13.984000000000002,0,8,0.0499,124.39,0.42,6
0.831,0.448,226973,0.179,0,0.0,8,0.175,-15.584,1,37,0.0572,130.166,0.265,3
0.00168,0.623,194507,0.622,0,0.181,2,0.343,-12.255,1,57,0.0412,125.166,0.319,3
0.614,0.29100000000000004,181160,0.306,0,0.0,2,0.0582,-13.448,0,28,0.0319,176.68900000000005,0.388,6
0.106,0.887,315293,0.701,0,0.00948,4,0.0466,-5.892,0,72,0.0873,110.002,0.965,2
0.737,0.38,255933,0.7140000000000001,0,0.000126,1,0.973,-11.273,1,8,0.7759999999999999,178.90400000000002,0.685,7
0.004529999999999999,0.495,239894,0.894,0,0.000596,2,0.103,-4.814,0,66,0.0441,126.03,0.213,1
0.945,0.33,161840,0.107,0,0.0,8,0.1,-16.491,1,0,0.0311,93.262,0.349,7
0.815,0.551,164984,0.476,0,0.8759999999999999,7,0.0511,-6.981,1,0,0.0314,73.445,0.7909999999999999,8
0.947,0.285,147729,0.0177,0,0.457,7,0.111,-26.72,1,6,0.0345,83.331,0.202,6
0.0458,0.833,320413,0.82,0,0.0,7,0.07,-6.519,1,39,0.14,125.982,0.532,2
0.00145,0.383,178573,0.93,0,0.00662,7,0.212,-4.999,1,52,0.0621,122.564,0.358,2
0.0507,0.508,235877,0.397,0,0.0,4,0.134,-13.727,0,38,0.056,131.664,0.336,5
0.173,0.542,237827,0.7490000000000001,0,0.942,6,0.315,-8.333,0,56,0.0277,94.031,0.674,1
0.368,0.737,188990,0.77,0,0.0,10,0.306,-7.752999999999999,0,69,0.51,158.351,0.431,1
0.797,0.52,290627,0.343,0,1.14e-05,9,0.17800000000000002,-9.032,1,33,0.0259,77.92699999999998,0.2,4
0.112,0.6890000000000001,277560,0.422,0,0.85,0,0.121,-12.474,1,32,0.0304,95.732,0.821,4
0.973,0.5770000000000001,159948,0.17800000000000002,0,0.0,5,0.184,-19.35,0,0,0.0461,137.49,0.578,8
0.86,0.885,77213,0.329,0,0.18,11,0.11,-14.663,1,53,0.238,93.51,0.902,2
0.0757,0.743,278084,0.679,1,0.0,10,0.34700000000000003,-8.295,0,65,0.28600000000000003,147.752,0.618,1
0.0601,0.546,144133,0.815,0,0.000334,6,0.267,-7.36,0,36,0.109,96.573,0.898,3
8.120000000000001e-05,0.462,250827,0.947,0,0.000752,6,0.16,-4.082,0,50,0.08199999999999999,130.126,0.539,2
0.0021100000000000003,0.473,256893,0.907,0,0.0113,2,0.14800000000000002,-3.765,1,27,0.0892,141.359,0.394,4
0.445,0.545,207787,0.32299999999999995,0,0.0104,7,0.138,-13.095999999999998,1,16,0.0527,73.406,0.823,6
0.451,0.462,181160,0.399,0,0.0,7,0.389,-12.374,1,59,0.0635,167.96099999999996,0.73,1
0.631,0.487,162507,0.634,0,0.00015900000000000002,4,0.311,-8.023,0,38,0.044,180.699,0.873,4
0.623,0.47,394920,0.156,0,0.187,2,0.104,-17.035999999999998,1,51,0.0399,118.176,0.059,1
0.992,0.28600000000000003,130200,0.177,0,0.932,7,0.11,-25.772,1,0,0.0431,167.352,0.425,10
0.476,0.438,459387,0.634,1,0.0,5,0.113,-7.456,0,59,0.337,203.585,0.397,1
0.468,0.561,264205,0.616,0,0.0,7,0.117,-7.61,1,61,0.28300000000000003,107.611,0.293,0
0.00252,0.196,195093,0.7509999999999999,0,0.667,9,0.378,-7.39,1,47,0.0405,145.719,0.629,6
0.231,0.55,201467,0.934,0,0.197,4,0.289,-7.876,1,31,0.0885,81.538,0.7929999999999999,6
0.00404,0.4270000000000001,240760,0.965,0,0.00472,0,0.369,-4.282,1,52,0.15,131.94799999999998,0.0654,2
0.755,0.518,153013,0.371,0,0.0,9,0.196,-10.73,0,36,0.042,135.20600000000002,0.772,6
0.821,0.252,163093,0.324,0,0.0,11,0.373,-12.065,1,31,0.0357,131.08100000000002,0.401,3
0.289,0.496,186293,0.94,0,0.0,2,0.251,-3.332,1,47,0.0373,158.967,0.95,2
0.757,0.71,122720,0.546,0,0.00981,2,0.152,-14.582,1,48,0.0469,82.182,0.897,1
0.983,0.63,113373,0.274,0,0.8959999999999999,3,0.0968,-10.883,1,34,0.103,82.249,0.42,6
0.682,0.522,308667,0.19,0,0.0574,8,0.6990000000000001,-20.128,1,37,0.0358,98.903,0.521,4
0.599,0.445,229680,0.446,0,2.21e-05,8,0.339,-7.468,0,62,0.0312,90.927,0.389,1
0.573,0.53,155800,0.268,0,0.0,6,0.214,-8.724,0,12,0.0272,108.657,0.236,6
0.855,0.213,154933,0.175,0,0.013,3,0.328,-21.036,1,19,0.0339,68.456,0.177,6
0.978,0.31,211187,0.447,0,0.28300000000000003,5,0.31,-9.691,1,2,0.0353,74.878,0.455,9
0.16,0.402,238200,0.475,0,0.0236,9,0.14400000000000002,-12.902,1,21,0.0324,91.17,0.635,6
0.0108,0.735,170752,0.494,1,1.05e-06,8,0.108,-7.607,0,62,0.115,135.159,0.14300000000000002,1
0.138,0.6809999999999999,182400,0.685,0,0.000311,6,0.0443,-12.883,0,30,0.0255,107.618,0.845,3
0.954,0.485,164840,0.302,0,1.52e-06,4,0.795,-14.982,1,0,0.0501,46.783,0.485,8
0.995,0.612,193027,0.262,0,0.0,5,0.163,-10.479,1,1,0.0853,109.047,0.521,10
0.0125,0.7120000000000001,184120,0.852,0,5.38e-06,9,0.109,-4.825,1,58,0.0425,127.006,0.906,1
0.975,0.585,159253,0.4370000000000001,0,7.39e-06,11,0.208,-9.039,1,0,0.0965,82.963,0.429,8
0.984,0.301,461000,0.0552,0,0.907,5,0.0641,-22.124,1,43,0.0464,76.012,0.04,2
0.517,0.47,253667,0.547,0,1.95e-05,1,0.25,-13.04,1,21,0.0415,96.972,0.511,6
0.565,0.716,183013,0.913,0,2.09e-06,2,0.0829,-3.112,1,46,0.0532,113.094,0.939,1
0.995,0.387,129013,0.314,0,0.914,7,0.136,-16.248,1,0,0.0363,93.653,0.7859999999999999,8
0.0568,0.743,173880,0.444,0,0.00102,9,0.163,-11.818,1,30,0.0268,126.655,0.764,3
0.45,0.805,131827,0.547,0,0.16,1,0.158,-15.34,1,49,0.0419,102.413,0.7509999999999999,5
0.774,0.215,226000,0.24,0,1.76e-05,5,0.39,-17.774,0,38,0.0351,79.83800000000002,0.268,4
0.894,0.648,262867,0.34700000000000003,0,0.0013,2,0.106,-12.002,0,48,0.0287,117.325,0.359,4
0.0069900000000000006,0.618,173082,0.867,1,1.03e-06,0,0.202,-4.915,1,68,0.0439,98.03,0.579,1
0.0936,0.498,187893,0.515,0,0.0,11,0.1,-11.985,0,31,0.0395,127.761,0.616,5
0.000923,0.331,181707,0.959,0,4.6e-06,6,0.292,-4.979,1,47,0.0703,133.69,0.318,3
0.25,0.5529999999999999,106560,0.99,0,0.0,8,0.162,-4.383,1,34,0.105,92.34,0.868,4
0.0308,0.66,265387,0.706,0,0.00223,7,0.0996,-8.009,0,23,0.0356,139.483,0.931,5
0.995,0.551,202387,0.424,0,0.5920000000000001,1,0.325,-11.812,1,0,0.0435,120.912,0.507,8
0.759,0.535,232267,0.29100000000000004,0,0.725,0,0.369,-18.961,1,7,0.16699999999999998,168.854,0.67,8
0.263,0.695,256307,0.647,0,0.000492,4,0.0539,-9.652,0,51,0.0353,116.774,0.88,4
0.444,0.715,169733,0.742,0,0.00365,0,0.0791,-8.576,1,33,0.0435,86.26299999999998,0.818,5
0.5489999999999999,0.464,236667,0.5,0,1.7100000000000002e-05,5,0.0973,-7.9129999999999985,1,36,0.0275,94.791,0.359,3
2.93e-05,0.486,249867,0.985,1,0.0331,1,0.0596,-4.813,1,36,0.0773,108.546,0.194,3
0.575,0.7020000000000001,213133,0.486,0,0.0176,7,0.0806,-14.628,1,49,0.0469,127.76,0.8140000000000001,4
0.486,0.354,243973,0.478,0,0.958,5,0.156,-14.394,1,26,0.0336,125.99,0.594,4
0.232,0.8170000000000001,284560,0.939,0,0.0151,10,0.34600000000000003,-4.838,0,55,0.161,90.079,0.736,2
0.987,0.401,96833,0.006409999999999999,0,0.904,5,0.106,-24.556,0,60,0.0459,69.241,0.303,1
0.108,0.49,212307,0.5479999999999999,0,2.65e-05,2,0.324,-10.018,1,35,0.0368,157.385,0.711,5
0.7170000000000001,0.446,227893,0.368,0,0.0,1,0.531,-8.116,1,16,0.0417,112.195,0.429,6
0.889,0.33,259107,0.21,1,1.1e-05,4,0.0784,-10.808,1,57,0.0307,128.154,0.135,1
0.5710000000000001,0.7020000000000001,171107,0.56,0,0.0,4,0.109,-12.323,1,44,0.0342,125.452,0.889,6
0.335,0.609,137773,0.336,0,1.94e-06,11,0.116,-12.708,0,11,0.0326,126.822,0.664,6
0.407,0.59,595027,0.444,0,0.341,5,0.0744,-14.208,0,22,0.0522,140.421,0.388,6
0.992,0.76,195568,0.123,0,0.00262,10,0.174,-10.216,0,0,0.294,63.706,0.6409999999999999,8
0.605,0.518,311360,0.438,0,7.77e-05,10,0.19,-5.716,1,41,0.0234,99.176,0.14400000000000002,2
0.904,0.496,187067,0.272,0,0.0,3,0.108,-10.95,1,12,0.0317,114.02,0.175,6
0.858,0.158,209973,0.146,0,0.402,5,0.129,-17.775,1,37,0.0353,134.28799999999998,0.0558,3
0.569,0.603,146760,0.7240000000000001,0,0.0,7,0.2,-9.869,1,22,0.173,164.524,0.942,7
0.7090000000000001,0.645,291147,0.7959999999999999,0,1.73e-05,2,0.0992,-8.029,1,48,0.0508,176.942,0.745,2
0.00909,0.484,242747,0.92,0,0.0,3,0.119,-4.603,1,43,0.0533,136.034,0.35700000000000004,2
0.7809999999999999,0.541,160787,0.338,0,0.85,5,0.0825,-15.814,0,35,0.0477,100.376,0.6990000000000001,6
0.019,0.509,78681,0.542,1,0.00639,3,0.23,-8.027000000000001,0,79,0.442,97.767,0.151,0
0.262,0.453,148689,0.316,0,0.0008939999999999998,0,0.135,-8.525,1,3,0.0316,125.628,0.177,0
0.955,0.236,195067,0.261,0,0.0245,2,0.424,-13.647,1,59,0.0374,93.383,0.106,3
0.944,0.682,187307,0.196,0,0.69,3,0.107,-13.627,1,8,0.0796,122.62,0.569,10
0.6779999999999999,0.526,139067,0.314,0,0.0,4,0.3670000000000001,-10.658,1,46,0.059,159.165,0.557,7
0.459,0.525,151400,0.748,0,0.312,8,0.319,-7.83,1,2,0.0541,143.266,0.866,7
0.000968,0.606,216093,0.89,0,3.37e-06,10,0.136,-10.51,0,33,0.0342,139.3,0.945,3
0.67,0.728,206733,0.295,0,1.27e-05,3,0.141,-13.642,1,47,0.0317,121.857,0.654,2
0.006520000000000001,0.807,218067,0.773,0,0.0101,5,0.474,-4.101,0,55,0.0675,124.992,0.8640000000000001,1
0.774,0.471,197000,0.56,0,0.6829999999999999,1,0.105,-10.609000000000002,1,37,0.0284,169.77700000000004,0.773,2
0.74,0.5710000000000001,233667,0.281,0,0.0,5,0.163,-10.56,1,62,0.0475,142.263,0.294,2
0.865,0.5720000000000001,162987,0.31,0,0.00513,1,0.17800000000000002,-10.375,1,1,0.161,168.195,0.617,9
0.0365,0.8,234733,0.7709999999999999,0,8.13e-06,10,0.895,-6.483,1,46,0.155,120.974,0.857,2
0.447,0.588,279573,0.555,0,0.0,1,0.0806,-9.401,1,57,0.0334,151.991,0.445,2
0.83,0.5660000000000001,292600,0.19,0,0.0,5,0.272,-14.656,1,15,0.0257,102.249,0.421,7
0.25,0.7390000000000001,287173,0.77,0,0.0,0,0.105,-8.169,1,48,0.0291,120.099,0.727,3
0.7879999999999999,0.337,186107,0.32,0,0.931,2,0.0907,-11.541,1,17,0.0268,94.903,0.35200000000000004,6
0.0756,0.239,362000,0.961,0,0.000435,9,0.491,-4.955,1,36,0.0732,184.342,0.599,3
0.544,0.8270000000000001,213383,0.474,1,0.0,4,0.115,-9.72,1,58,0.0905,96.027,0.759,1
0.775,0.627,256000,0.156,0,0.000729,2,0.187,-18.489,1,20,0.0324,95.03,0.485,6
0.621,0.36,188200,0.29100000000000004,0,0.0113,5,0.1,-17.332,1,24,0.0307,142.816,0.22,5
0.983,0.251,252600,0.0182,0,0.000193,3,0.134,-23.634,1,17,0.0379,104.263,0.0703,7
0.0245,0.314,547063,0.5670000000000001,0,0.804,9,0.117,-12.612,0,40,0.046,122.199,0.151,5
0.393,0.519,199307,0.172,0,0.00384,4,0.0839,-17.703,1,31,0.0314,129.411,0.338,5
0.111,0.2,143373,0.233,0,0.935,0,0.261,-20.856,1,11,0.0394,71.256,0.194,7
0.53,0.784,218307,0.718,0,0.000265,6,0.0653,-11.02,1,32,0.0974,101.84,0.8240000000000001,6
0.244,0.63,80067,0.8009999999999999,0,0.174,9,0.342,-11.681,1,33,0.0819,115.609,0.76,4
0.917,0.275,158747,0.479,0,0.227,0,0.31,-9.166,1,3,0.0382,83.579,0.319,7
0.987,0.48,201617,0.225,0,0.00105,3,0.18600000000000005,-8.859,1,0,0.084,76.777,0.508,8
0.632,0.5770000000000001,154547,0.627,0,0.605,4,0.499,-8.722000000000001,1,9,0.0309,74.85300000000002,0.847,6
0.0312,0.368,192773,0.7709999999999999,0,0.8170000000000001,4,0.0649,-11.758,0,36,0.0509,99.908,0.331,3
0.67,0.742,173893,0.535,0,0.0,5,0.145,-9.715,1,36,0.0328,99.202,0.922,5
0.000848,0.631,246333,0.86,0,0.6559999999999999,11,0.823,-10.835,1,44,0.0537,128.434,0.722,4
0.7290000000000001,0.103,200907,0.35200000000000004,0,0.898,8,0.241,-10.361,1,45,0.0366,183.075,0.421,3
0.203,0.485,294754,0.621,0,3.63e-06,6,0.123,-5.114,1,45,0.0254,81.986,0.114,2
0.135,0.472,137867,0.685,0,0.0,0,0.204,-6.984,1,36,0.0337,127.302,0.904,6
0.21,0.77,98000,0.163,1,5.19e-05,1,0.212,-20.868,1,0,0.902,61.823,0.568,8
0.341,0.672,194560,0.7170000000000001,1,2.4e-05,1,0.106,-2.714,1,72,0.034,160.981,0.225,1
0.0127,0.802,189787,0.828,0,0.0683,4,0.0293,-6.3660000000000005,0,55,0.0426,97.01,0.946,2
0.462,0.6990000000000001,165000,0.5579999999999999,1,0.0,11,0.116,-7.622000000000001,1,82,0.0603,79.992,0.493,1
0.794,0.621,135707,0.534,0,0.455,5,0.11,-15.681,1,23,0.0506,121.99,0.961,6
0.977,0.5,153027,0.48,0,0.897,8,0.188,-9.218,1,0,0.0528,204.241,0.888,9
0.862,0.496,214093,0.0814,0,0.0,0,0.108,-16.262,1,19,0.0389,80.453,0.406,7
0.245,0.759,173573,0.344,0,0.0104,2,0.125,-13.638,1,45,0.443,188.251,0.5,3
0.0221,0.511,218933,0.968,0,0.00085,3,0.0787,-2.417,1,39,0.084,137.48,0.606,4
0.192,0.485,153227,0.49,0,0.000288,9,0.0701,-9.628,1,28,0.0301,116.886,0.393,6
0.873,0.45,189973,0.422,0,1.4e-05,6,0.0676,-10.613,1,37,0.034,88.432,0.376,2
0.903,0.5770000000000001,157480,0.441,0,0.0485,5,0.115,-11.433,1,0,0.0299,91.457,0.513,8
0.88,0.579,259507,0.385,0,2.17e-06,7,0.16399999999999998,-7.885,1,54,0.0256,103.779,0.145,2
0.222,0.5660000000000001,96573,0.378,0,0.0,10,0.17800000000000002,-16.906,1,30,0.0454,108.075,0.5760000000000001,6
0.0017,0.47,198400,0.701,0,0.0,9,0.324,-12.691,1,39,0.0346,140.968,0.818,5
0.204,0.622,276387,0.873,1,0.0,2,0.5720000000000001,-4.995,1,51,0.298,79.715,0.4920000000000001,1
0.902,0.581,92904,0.355,0,0.0,5,0.133,-12.663,1,0,0.24,85.27600000000002,0.655,9
0.00605,0.534,207813,0.7240000000000001,0,0.0929,6,0.108,-4.675,0,66,0.0495,81.846,0.503,1
0.991,0.245,146827,0.14300000000000002,0,0.934,4,0.0763,-16.279,0,7,0.0363,102.225,0.068,7
0.6709999999999999,0.742,260863,0.363,0,1.43e-06,1,0.145,-8.187999999999999,1,70,0.0282,130.921,0.35100000000000003,1
0.948,0.7509999999999999,186760,0.337,0,0.897,5,0.0811,-12.261,1,0,0.0566,106.524,0.967,8
0.625,0.611,159512,0.39,0,0.0,2,0.118,-5.8610000000000015,0,73,0.116,163.89700000000005,0.617,1
0.0226,0.698,248521,0.66,1,0.0,0,0.0622,-7.882999999999999,1,73,0.052000000000000005,159.94899999999996,0.451,1
0.52,0.322,209720,0.6459999999999999,0,0.00153,11,0.972,-8.573,1,43,0.0333,113.154,0.153,3
0.00338,0.343,195532,0.963,0,0.0136,6,0.72,-3.354,1,50,0.106,151.496,0.55,2
0.949,0.278,429840,0.0728,0,0.888,2,0.496,-20.378,1,37,0.0341,91.848,0.17600000000000002,4
0.996,0.36,163600,0.0762,0,0.8959999999999999,4,0.22,-16.889,1,0,0.0865,77.998,0.546,9
0.113,0.667,203440,0.659,0,0.0,2,0.325,-4.932,1,62,0.0298,89.12799999999999,0.575,2
0.986,0.5379999999999999,191948,0.0831,0,0.895,0,0.127,-23.238000000000003,1,2,0.0651,130.832,0.175,9
0.87,0.476,158902,0.3720000000000001,0,0.0102,5,0.1,-14.345999999999998,1,39,0.0321,200.241,0.952,5
0.00462,0.523,202013,0.795,0,0.0,4,0.358,-2.92,1,59,0.0386,144.106,0.484,2
0.319,0.642,258733,0.595,0,0.000134,7,0.136,-9.094,0,52,0.071,82.412,0.705,2
0.0322,0.706,344600,0.682,0,9.34e-05,11,0.27,-12.378,0,37,0.0561,96.068,0.706,4
0.935,0.407,226846,0.21600000000000005,0,0.809,3,0.11,-19.179,1,0,0.0595,93.507,0.41,10
0.0425,0.498,218013,0.8109999999999999,0,0.0,1,0.0959,-8.884,0,42,0.044,76.782,0.828,5
0.101,0.5539999999999999,187803,0.525,0,0.0,4,0.165,-10.562,1,19,0.034,123.169,0.74,6
0.0529,0.825,312027,0.489,1,1.53e-05,11,0.0929,-9.31,0,33,0.261,130.06799999999998,0.395,3
0.00182,0.5479999999999999,262257,0.94,0,3.85e-05,10,0.126,-2.58,0,54,0.0428,135.046,0.336,1
0.0219,0.597,218400,0.812,0,0.00106,5,0.102,-12.062,1,60,0.0315,135.68,0.823,4
0.0632,0.706,96700,0.129,1,5.19e-05,0,0.0669,-20.59,1,0,0.914,105.892,0.5479999999999999,8
0.588,0.813,171549,0.875,0,1.53e-05,5,0.304,-4.39,1,38,0.0364,135.039,0.975,3
0.986,0.461,98307,0.041,0,7.96e-05,9,0.154,-22.073,0,0,0.049,87.37799999999999,0.454,7
0.635,0.54,209547,0.439,0,1.93e-05,10,0.0993,-8.591000000000001,1,69,0.115,167.908,0.371,1
0.00114,0.626,326521,0.706,0,0.00255,0,0.222,-7.332999999999997,1,58,0.0269,113.994,0.378,1
0.000241,0.451,210960,0.925,0,0.85,2,0.119,-7.481,1,51,0.0398,137.0,0.436,3
0.986,0.6729999999999999,195507,0.129,0,0.945,7,0.11,-18.092,1,0,0.123,122.336,0.539,9
0.979,0.487,149773,0.113,0,0.892,0,0.0778,-18.967,1,47,0.0564,66.475,0.233,2
0.984,0.324,724987,0.159,0,0.87,2,0.122,-18.415,0,0,0.0327,94.313,0.0819,7
0.157,0.698,274360,0.447,0,0.00564,5,0.405,-8.04,0,54,0.102,133.776,0.407,2
0.135,0.6679999999999999,220427,0.223,0,0.0431,10,0.112,-12.727,0,38,0.0298,100.508,0.149,5
0.00295,0.6,207493,0.8690000000000001,0,0.0,2,0.12,-5.362,1,37,0.0411,141.13299999999995,0.784,4
0.000189,0.544,254733,0.934,0,0.78,9,0.0644,-4.597,1,37,0.0507,143.865,0.7859999999999999,2
0.052000000000000005,0.7809999999999999,180005,0.69,1,0.0,0,0.353,-6.6110000000000015,1,62,0.237,120.024,0.591,1
0.00193,0.425,240796,0.733,0,0.00922,9,0.171,-6.882999999999999,1,67,0.0396,117.985,0.313,1
0.8220000000000001,0.645,206640,0.211,0,9.19e-06,11,0.138,-12.73,1,59,0.0257,86.12100000000002,0.174,4
0.0165,0.267,93427,0.988,0,0.959,5,0.34600000000000003,-4.1930000000000005,1,38,0.0663,174.02200000000005,0.964,4
0.247,0.52,263560,0.7090000000000001,0,1.7800000000000002e-05,5,0.18,-7.125,0,67,0.0352,76.039,0.536,3
0.133,0.8740000000000001,230440,0.732,1,0.0,1,0.0863,-3.73,0,46,0.252,155.09799999999996,0.452,2
0.373,0.63,274493,0.551,0,5.75e-05,9,0.103,-9.28,1,73,0.0549,143.868,0.518,6
2.860000000000001e-05,0.42,286467,0.914,0,0.0282,6,0.22,-4.322,0,57,0.0431,170.199,0.301,1
0.838,0.565,212747,0.258,0,1.71e-06,8,0.133,-12.666,1,2,0.0339,115.741,0.28800000000000003,7
0.978,0.394,135240,0.006529999999999999,0,0.877,2,0.106,-36.612,1,23,0.0459,78.238,0.13,6
0.0885,0.637,297933,0.682,0,2.9600000000000005e-05,7,0.447,-14.182,1,36,0.035,124.104,0.825,4
0.328,0.748,172373,0.7859999999999999,0,0.0,4,0.34,-7.7879999999999985,0,64,0.0641,104.833,0.917,2
0.382,0.591,331627,0.422,0,0.000697,11,0.104,-12.502,1,40,0.0355,75.937,0.442,2
0.000521,0.474,193827,0.953,0,0.0708,9,0.102,-4.056,1,39,0.111,124.728,0.456,2
0.583,0.514,207533,0.162,0,2.1e-05,2,0.111,-17.392,1,37,0.0317,147.11700000000005,0.271,4
0.00213,0.373,179667,0.985,0,0.0024,4,0.438,-5.965,1,40,0.305,129.761,0.0929,2
0.92,0.306,189827,0.203,0,1.2e-06,0,0.527,-18.932,1,0,0.0531,77.594,0.419,7
0.983,0.491,236427,0.45,0,0.121,11,0.147,-11.946,1,0,0.0545,123.553,0.7120000000000001,8
0.17,0.499,297507,0.787,0,0.5660000000000001,4,0.0699,-7.341,0,25,0.0439,142.553,0.642,4
0.7559999999999999,0.297,217520,0.21,0,0.0,0,0.133,-14.671,1,3,0.0314,103.11,0.197,7
0.952,0.537,218787,0.257,0,3.89e-05,9,0.0899,-10.447,1,50,0.0344,127.981,0.16899999999999998,1
0.112,0.565,107067,0.923,0,2.53e-05,0,0.161,-7.35,1,35,0.0907,106.739,0.684,5
0.000119,0.3720000000000001,307507,0.87,0,0.0319,4,0.108,-5.6,0,36,0.0408,172.688,0.53,3
0.00314,0.281,252333,0.447,0,6.51e-06,7,0.132,-13.605,1,34,0.0389,97.462,0.16399999999999998,4
0.0966,0.478,318667,0.6809999999999999,0,1.77e-06,9,0.472,-6.9110000000000005,1,57,0.0317,154.82,0.422,2
0.413,0.818,274067,0.705,0,0.0,4,0.0269,-9.609,1,64,0.0329,123.436,0.965,4
0.608,0.552,137107,0.463,0,0.0,2,0.32299999999999995,-11.568,1,34,0.106,198.372,0.909,3
0.0579,0.515,99320,0.8440000000000001,0,2.01e-05,4,0.195,-5.605,1,46,0.0955,113.187,0.931,2
0.136,0.206,173601,0.308,0,0.612,3,0.199,-12.51,1,0,0.0365,82.20100000000002,0.11,8
0.986,0.44,151301,0.0555,0,0.923,2,0.121,-30.438,1,0,0.0451,93.809,0.276,9
0.764,0.36,179400,0.336,0,1.46e-05,5,0.121,-12.0,0,32,0.0356,179.963,0.5660000000000001,6
0.857,0.455,319613,0.268,0,3.62e-06,0,0.095,-9.754,1,51,0.033,168.308,0.248,2
0.00257,0.374,404707,0.7959999999999999,0,0.00147,0,0.0704,-7.87,1,36,0.028,95.312,0.442,5
0.973,0.4370000000000001,178160,0.152,0,0.0008550000000000001,9,0.34700000000000003,-19.828,1,0,0.103,173.18,0.511,7
0.907,0.677,135147,0.401,0,0.8440000000000001,6,0.104,-14.282,1,10,0.0339,132.07299999999998,0.933,6
0.0296,0.644,249200,0.8240000000000001,0,0.0536,2,0.179,-12.58,0,21,0.0382,102.064,0.915,5
0.0649,0.28300000000000003,252000,0.4370000000000001,0,0.0,5,0.131,-9.921,1,28,0.0423,172.891,0.508,3
0.913,0.159,228773,0.342,0,0.599,1,0.147,-8.815,1,16,0.0297,85.148,0.0494,8
0.000964,0.35200000000000004,198760,0.772,0,0.0,8,0.135,-5.22,0,38,0.0747,129.762,0.248,2
0.000797,0.573,186333,0.636,0,3.03e-05,1,0.0953,-7.355,1,24,0.033,122.704,0.705,6
0.922,0.52,202496,0.119,0,0.0,0,0.0883,-12.148,1,76,0.0407,69.217,0.355,1
0.968,0.489,191600,0.462,0,0.63,7,0.0676,-10.035,0,0,0.223,106.449,0.785,8
0.331,0.6609999999999999,233467,0.6659999999999999,0,0.000169,0,0.274,-6.794,1,25,0.0265,116.646,0.7390000000000001,5
0.982,0.195,131773,0.134,0,0.217,9,0.199,-18.583,1,0,0.0408,175.21,0.213,7
0.0464,0.541,306600,0.932,0,0.888,0,0.0973,-12.044,1,32,0.0358,141.543,0.273,5
0.359,0.319,245493,0.606,0,0.0,4,0.136,-7.284,1,52,0.0323,122.634,0.309,6
0.974,0.416,173000,0.24,0,0.023,8,0.0789,-14.319,1,2,0.0656,171.83,0.763,10
0.52,0.711,161907,0.8029999999999999,0,8.37e-06,0,0.0987,-4.58,1,63,0.124,182.92,0.787,1
0.949,0.0777,167800,0.255,0,1.39e-05,2,0.0897,-17.408,1,10,0.0379,79.098,0.184,7
0.807,0.534,246782,0.5479999999999999,0,0.763,8,0.153,-13.470999999999998,0,39,0.0334,154.94299999999996,0.368,2
0.981,0.418,93293,0.223,0,0.000218,4,0.132,-16.482,1,0,0.297,105.115,0.228,7
0.405,0.698,106333,0.255,1,0.00242,4,0.0985,-8.647,0,58,0.0303,132.036,0.243,1
0.542,0.6409999999999999,233573,0.504,0,0.0,5,0.28600000000000003,-12.897,1,40,0.0577,120.883,0.6409999999999999,5
0.381,0.625,198827,0.401,0,0.0,7,0.0917,-12.127,1,35,0.024,105.344,0.429,3
0.0203,0.642,129613,0.99,1,0.000183,6,0.271,-4.091,0,29,0.43,116.501,0.377,4
0.7859999999999999,0.52,166360,0.4270000000000001,0,0.000248,7,0.162,-8.407,0,8,0.0669,145.58700000000005,0.634,7
0.233,0.7659999999999999,134507,0.753,0,1.01e-05,0,0.615,-5.238,1,49,0.122,130.139,0.867,2
0.96,0.615,199267,0.381,0,0.0912,3,0.0899,-10.904000000000002,1,7,0.411,182.841,0.885,10
0.0791,0.431,184893,0.831,0,0.0,8,0.312,-5.1080000000000005,1,68,0.0474,167.96,0.35200000000000004,1
0.0178,0.7879999999999999,240707,0.872,0,0.00011,7,0.375,-7.02,1,23,0.103,116.984,0.603,5
0.0238,0.66,242960,0.523,0,0.0,4,0.142,-12.068,1,57,0.0608,126.342,0.794,2
0.334,0.395,223173,0.698,0,6.440000000000001e-05,2,0.155,-6.244,1,48,0.0573,124.66,0.455,5
0.149,0.713,200133,0.7490000000000001,0,0.0,5,0.0508,-4.187,1,41,0.0295,103.087,0.971,2
0.895,0.61,172893,0.215,0,1.36e-05,0,0.147,-14.132,1,8,0.0443,101.026,0.593,9
0.984,0.199,399880,0.0669,0,1.96e-06,7,0.128,-19.509,0,41,0.0336,88.821,0.0643,6
0.0153,0.166,380760,0.723,0,0.00265,11,0.214,-6.845,1,38,0.0472,170.957,0.0756,2
0.462,0.477,114160,0.578,0,0.0,7,0.158,-10.601,1,20,0.0989,59.037,0.743,7
0.324,0.8029999999999999,225533,0.7559999999999999,0,1.43e-06,4,0.0814,-8.151,1,47,0.0444,136.852,0.91,3
0.0021,0.5920000000000001,329733,0.767,0,0.00165,9,0.127,-2.7880000000000003,0,47,0.027000000000000003,96.483,0.328,2
0.138,0.545,213238,0.826,1,0.0,1,0.338,-4.651,1,51,0.0491,140.02,0.487,1
0.98,0.6409999999999999,199907,0.0462,0,0.287,2,0.131,-17.82,1,0,0.0477,86.539,0.6759999999999999,9
0.011,0.622,241333,0.7040000000000001,0,0.00999,7,0.0634,-5.222,1,54,0.0275,79.973,0.464,2
0.8759999999999999,0.7390000000000001,141653,0.366,0,2.47e-05,0,0.0645,-10.742,1,36,0.0538,127.398,0.774,3
0.94,0.319,191370,0.319,0,0.0517,0,0.127,-10.281,0,0,0.0566,69.555,0.68,8
0.847,0.5,125320,0.456,0,0.000341,2,0.285,-11.547,1,19,0.0284,91.459,0.76,6
0.426,0.706,215322,0.871,0,0.825,0,0.13,-6.433,1,25,0.0478,118.081,0.6859999999999999,5
6.890000000000001e-05,0.478,146960,0.912,0,0.34,2,0.307,-10.174,1,38,0.0347,130.487,0.977,4
0.977,0.584,270327,0.103,0,0.91,3,0.0947,-20.54,1,42,0.0434,65.157,0.203,7
0.147,0.502,176483,0.6709999999999999,1,0.0,9,0.211,-5.158,0,67,0.293,153.864,0.584,1
0.964,0.213,97055,0.402,0,0.768,2,0.366,-7.006,1,0,0.0318,85.10799999999998,0.2,8
0.954,0.38,201187,0.35,0,0.813,8,0.145,-13.153,1,0,0.0386,95.905,0.682,7
0.6729999999999999,0.353,148093,0.413,0,0.0,10,0.613,-15.788,1,17,0.0357,183.079,0.504,6
0.698,0.627,339632,0.192,0,0.0,9,0.229,-19.563,1,0,0.963,57.323,0.51,9
0.221,0.667,193600,0.523,0,2.33e-06,7,0.227,-13.487,1,27,0.0425,165.322,0.9,4
0.00904,0.787,249693,0.8059999999999999,1,0.000711,3,0.206,-8.693,0,33,0.126,101.905,0.8490000000000001,3
0.0704,0.66,1111600,0.953,0,0.665,7,0.0842,-9.006,1,26,0.0382,92.048,0.6409999999999999,5
0.897,0.565,168733,0.266,0,0.5710000000000001,11,0.103,-11.708,1,29,0.0375,109.976,0.5770000000000001,5
0.439,0.6629999999999999,155067,0.389,0,0.0,9,0.129,-11.185,1,26,0.0303,138.207,0.619,4
0.664,0.203,602227,0.378,0,0.915,7,0.117,-14.317,1,46,0.0477,168.78799999999995,0.101,2
0.00224,0.461,196400,0.949,0,0.0935,10,0.211,-4.7010000000000005,1,38,0.0779,142.976,0.5,2
0.0212,0.451,286840,0.585,0,0.00572,4,0.161,-10.431,0,42,0.0318,114.941,0.6990000000000001,5
0.000759,0.713,236667,0.603,0,5.51e-06,6,0.0453,-4.896,0,68,0.287,78.027,0.799,1
0.117,0.6629999999999999,242067,0.7290000000000001,0,0.0138,4,0.672,-10.704,1,37,0.0556,106.213,0.963,5
0.995,0.499,184274,0.278,0,0.00579,0,0.412,-7.995,1,0,0.0414,122.36,0.721,8
0.0125,0.831,224013,0.6509999999999999,1,0.0,1,0.0809,-8.363,1,56,0.4370000000000001,120.064,0.502,1
0.961,0.405,174773,0.138,0,0.0233,7,0.0976,-13.45,0,14,0.0716,78.074,0.309,7
0.0262,0.706,214726,0.5720000000000001,1,0.0,8,0.585,-5.799,0,60,0.0326,139.982,0.574,1
0.995,0.405,108240,0.00646,0,0.8420000000000001,9,0.117,-25.989,0,0,0.0478,99.179,0.354,9
0.125,0.605,241867,0.5489999999999999,0,0.0,0,0.16899999999999998,-6.7070000000000025,1,42,0.0441,76.994,0.295,2
0.0499,0.4320000000000001,236293,0.393,0,0.124,2,0.189,-11.823,1,20,0.0306,116.188,0.485,6
0.863,0.41,206267,0.54,0,0.00183,4,0.25,-9.819,0,0,0.0421,114.661,0.69,8
0.00092,0.494,121413,0.8490000000000001,0,0.0043,9,0.0598,-2.306,1,44,0.0397,184.666,0.97,5
0.00129,0.415,157560,0.747,0,0.005379999999999999,5,0.147,-10.585,0,38,0.0837,151.55700000000004,0.774,5
0.8590000000000001,0.197,276480,0.108,0,0.7490000000000001,2,0.131,-20.444000000000006,1,33,0.036000000000000004,96.387,0.0751,5
0.0422,0.295,560627,0.7090000000000001,0,0.0599,2,0.149,-10.952,1,21,0.16399999999999998,155.374,0.0848,5
3.4899999999999995e-05,0.373,203573,0.961,0,1.46e-05,2,0.271,-3.16,1,57,0.0996,168.13099999999997,0.5429999999999999,2
0.256,0.752,207813,0.7120000000000001,1,0.0,4,0.136,-5.4670000000000005,0,62,0.0474,139.999,0.588,1
0.65,0.59,273440,0.376,0,5.45e-06,5,0.101,-9.341,1,27,0.0262,139.613,0.261,3
0.903,0.225,80400,0.342,0,0.000518,8,0.13699999999999998,-8.179,1,0,0.0293,85.785,0.406,7
0.000576,0.46,182733,0.596,0,0.39,3,0.295,-13.037,1,39,0.042,98.426,0.833,6
0.973,0.317,334200,0.145,0,0.419,5,0.13699999999999998,-19.112,1,15,0.0413,145.59,0.364,6
0.662,0.501,220293,0.355,0,0.000282,0,0.12,-12.415,1,26,0.0287,112.386,0.58,6
0.807,0.773,130573,0.309,0,2.44e-05,9,0.106,-9.665,1,42,0.0417,127.868,0.8240000000000001,3
0.66,0.438,201800,0.446,0,2.99e-05,10,0.0415,-7.492000000000001,1,41,0.053,208.891,0.972,3
0.993,0.471,181787,0.123,0,0.311,3,0.111,-15.632,1,3,0.0402,73.58,0.363,7
0.066,0.841,228571,0.573,0,1.76e-06,3,0.0598,-6.75,1,41,0.0439,133.437,0.931,3
0.7979999999999999,0.4,244950,0.449,0,0.000811,9,0.126,-10.28,1,0,0.0796,72.672,0.59,8
0.0771,0.431,316987,0.8759999999999999,0,1.8100000000000006e-05,4,0.0998,-6.109,1,49,0.0658,160.0,0.519,1
0.813,0.578,45587,0.371,0,0.901,5,0.52,-11.362,1,0,0.0336,100.709,0.838,9
0.00195,0.6579999999999999,164867,0.91,1,1.5399999999999998e-05,7,0.158,-3.499,1,54,0.316,92.332,0.494,2
0.212,0.636,217693,0.627,0,0.0,2,0.0861,-11.175,1,39,0.0282,100.187,0.721,3
0.836,0.522,160400,0.317,0,0.0,8,0.0792,-11.248,1,10,0.0389,72.498,0.471,7
0.0207,0.774,275267,0.778,0,0.0,1,0.237,-5.066,1,46,0.246,77.992,0.514,2
0.239,0.545,214240,0.574,0,2.29e-05,0,0.0743,-9.385,1,30,0.0629,134.43200000000002,0.938,5
0.92,0.415,322629,0.0929,0,0.58,2,0.129,-10.469,0,33,0.0368,65.266,0.315,7
0.977,0.772,211000,0.397,0,0.9,1,0.0963,-6.649,1,0,0.0965,116.126,0.718,9
0.0195,0.8140000000000001,217678,0.307,0,0.746,5,0.092,-17.402,1,0,0.0972,171.89,0.935,8
0.994,0.334,728000,0.185,0,0.906,10,0.113,-19.939,1,0,0.0434,75.15899999999998,0.117,7
0.979,0.134,189250,0.0413,0,0.815,9,0.0878,-28.929,1,65,0.0607,144.69299999999996,0.0444,0
0.976,0.252,284467,0.21600000000000005,0,0.0213,2,0.18600000000000005,-16.377,1,0,0.0492,77.318,0.0375,8
0.769,0.502,312933,0.544,0,0.0839,8,0.0792,-11.325,1,11,0.0414,106.22,0.711,6
0.804,0.249,247933,0.238,0,0.0,6,0.135,-15.612,1,57,0.0325,168.233,0.317,3
0.8320000000000001,0.617,125893,0.422,1,0.0,5,0.901,-14.989,1,36,0.921,118.366,0.605,3
0.745,0.342,218493,0.294,0,0.848,5,0.16699999999999998,-15.008,1,31,0.0401,172.942,0.376,5
0.996,0.381,140173,0.00558,0,0.951,8,0.0931,-29.964,1,25,0.0639,82.516,0.138,4
0.991,0.487,238227,0.0404,0,1.03e-05,3,0.22,-21.69,0,0,0.0927,79.506,0.151,10
0.983,0.723,137893,0.321,0,0.0,9,0.486,-14.935,0,35,0.897,116.78,0.608,4
0.294,0.797,166813,0.413,0,0.379,0,0.0716,-9.769,1,36,0.0548,93.164,0.812,5
0.438,0.488,482960,0.476,0,0.000279,5,0.11,-10.316,0,47,0.0497,110.951,0.583,6
0.728,0.229,435200,0.177,0,0.0115,4,0.133,-16.679000000000002,0,52,0.0402,137.681,0.0937,3
0.255,0.505,288933,0.637,0,0.0,9,0.119,-6.483,0,33,0.0711,79.42399999999998,0.462,2
0.994,0.486,194480,0.0693,0,0.935,7,0.0972,-21.473000000000006,1,9,0.04,136.875,0.205,7
0.00136,0.363,395147,0.763,0,0.000177,4,0.0884,-8.088,0,40,0.0385,91.846,0.596,5
0.446,0.507,261400,0.599,0,6.31e-05,2,0.096,-11.84,1,33,0.0347,123.175,0.6579999999999999,4
0.994,0.457,138680,0.0823,0,0.0,4,0.0924,-16.223,1,0,0.0439,108.851,0.354,7
0.189,0.738,280200,0.413,0,0.0,11,0.0805,-6.681,0,44,0.38,143.988,0.527,2
0.00747,0.371,432733,0.889,0,0.301,4,0.44,-8.416,0,25,0.0567,115.712,0.371,4
0.14300000000000002,0.375,196800,0.574,0,0.0,7,0.11,-5.305,1,71,0.0315,132.025,0.406,1
0.8440000000000001,0.495,184307,0.5870000000000001,0,0.0,11,0.0793,-7.154,1,17,0.0726,103.076,0.695,6
0.981,0.29600000000000004,122067,0.223,0,0.000273,0,0.301,-14.041,1,0,0.0457,155.971,0.183,7
0.193,0.6629999999999999,150720,0.598,0,8.02e-05,11,0.0856,-4.042,1,84,0.17,172.245,0.4,0
0.0498,0.7,300600,0.402,1,1.04e-06,5,0.16,-9.93,0,62,0.278,77.87100000000002,0.499,1
0.00728,0.474,226400,0.531,0,0.00838,11,0.3,-11.741,0,39,0.0917,141.968,0.302,4
0.617,0.6459999999999999,126920,0.331,0,0.049,8,0.075,-16.456,1,11,0.044,143.32399999999996,0.879,7
0.971,0.502,307173,0.211,0,0.662,0,0.121,-17.4,0,0,0.0357,127.77,0.35700000000000004,8
0.985,0.276,136582,0.15,0,0.932,7,0.119,-18.262,1,51,0.0517,78.366,0.552,3
0.66,0.769,164640,0.479,0,0.0,1,0.0914,-5.339,1,82,0.0385,96.051,0.8029999999999999,1
0.5660000000000001,0.463,277333,0.322,0,0.0141,6,0.131,-15.504,1,19,0.0359,144.649,0.267,5
5.78e-05,0.471,208627,0.878,0,2.16e-06,7,0.13,-5.1960000000000015,1,40,0.0338,131.983,0.502,2
0.0476,0.634,221693,0.7859999999999999,0,8.46e-06,11,0.456,-6.502999999999999,0,28,0.0255,124.421,0.885,4
0.986,0.345,191107,0.316,0,0.87,9,0.16899999999999998,-12.329,1,0,0.0541,196.597,0.7170000000000001,8
0.988,0.42,136467,0.212,0,0.0326,7,0.252,-10.74,1,0,0.0374,75.541,0.448,8
0.0958,0.618,322427,0.7909999999999999,1,0.0,11,0.0261,-7.392,0,45,0.412,82.931,0.695,2
0.993,0.487,175040,0.168,0,0.0824,9,0.103,-16.688,1,0,0.0474,114.094,0.504,9
0.35100000000000003,0.536,264787,0.62,0,0.0,0,0.0818,-6.2570000000000014,1,55,0.0361,142.46200000000005,0.31,3
0.8190000000000001,0.449,139347,0.324,0,1.76e-06,6,0.122,-11.632,1,21,0.0283,104.208,0.561,6
0.0213,0.512,224840,0.768,0,3.2e-06,1,0.0918,-4.673,1,58,0.045,126.907,0.322,1
0.748,0.721,312867,0.865,1,0.0,1,0.657,-5.371,0,35,0.153,132.998,0.415,3
0.0345,0.621,212267,0.672,1,0.0,6,0.0899,-6.662000000000001,0,47,0.308,84.995,0.514,3
0.758,0.55,263667,0.486,0,0.0,9,0.124,-13.441,1,32,0.033,79.89699999999998,0.629,4
0.908,0.649,183200,0.241,0,0.000161,8,0.114,-14.705,1,39,0.419,161.45,0.6659999999999999,9
0.784,0.789,180000,0.49,0,0.000598,2,0.112,-6.587999999999999,1,69,0.0392,140.034,0.8690000000000001,1
0.00215,0.478,196507,0.913,1,0.000627,1,0.182,-5.276,1,42,0.199,179.009,0.7240000000000001,2
0.0033200000000000005,0.366,269893,0.979,0,0.0,5,0.386,-4.383,1,33,0.0518,146.519,0.716,4
0.718,0.444,332667,0.388,0,0.0,5,0.163,-11.947,1,41,0.0405,66.824,0.544,4
0.987,0.647,41600,0.0185,0,0.574,5,0.102,-29.831,1,0,0.0841,98.446,0.425,8
0.927,0.547,176653,0.349,0,0.236,5,0.184,-6.995,1,0,0.0291,73.267,0.39,8
0.231,0.878,243133,0.578,0,0.0,0,0.0821,-7.572,1,56,0.0467,105.987,0.961,2
0.0891,0.5760000000000001,244733,0.693,0,0.00508,10,0.3720000000000001,-11.548,0,27,0.0749,153.841,0.778,4
0.0227,0.701,205867,0.69,0,0.0,11,0.173,-10.27,1,40,0.0398,122.189,0.964,3
0.7809999999999999,0.649,99400,0.0693,1,0.0,4,0.319,-22.09800000000001,0,0,0.943,90.678,0.418,8
0.698,0.556,317987,0.258,0,5.56e-05,5,0.0954,-11.745,1,38,0.0412,83.964,0.414,6
0.938,0.426,451000,0.13,0,0.0521,5,0.228,-17.227999999999998,1,0,0.0389,128.172,0.309,9
0.17,0.77,295613,0.287,0,0.0,9,0.0782,-10.487,0,33,0.0785,120.988,0.5670000000000001,3
0.5429999999999999,0.531,169133,0.573,0,0.0,5,0.228,-3.605,1,50,0.0867,206.254,0.982,2
0.29100000000000004,0.488,238133,0.7120000000000001,0,0.0,7,0.22,-4.42,1,0,0.0537,84.757,0.636,0
0.114,0.775,232267,0.381,0,0.0,7,0.495,-11.317,1,36,0.0388,141.512,0.496,3
0.905,0.482,108133,0.237,0,0.48,5,0.103,-13.27,1,6,0.0485,149.036,0.6459999999999999,7
0.251,0.685,186410,0.5529999999999999,0,0.00103,11,0.34,-7.93,1,32,0.047,164.34599999999998,0.964,5
0.0927,0.496,275640,0.759,0,9.84e-05,4,0.596,-10.061,1,36,0.0791,134.483,0.804,5
0.348,0.76,191295,0.718,1,0.0,1,0.0982,-3.017,1,67,0.232,128.14,0.557,1
0.721,0.3670000000000001,205907,0.465,0,0.000307,11,0.5820000000000001,-9.547,1,48,0.0357,140.39700000000002,0.456,5
0.0319,0.468,218840,0.774,0,0.0,2,0.0666,-4.716,1,47,0.0316,141.959,0.408,1
0.752,0.395,395800,0.5489999999999999,0,0.0125,9,0.0767,-10.909,0,48,0.0513,89.539,0.52,4
0.986,0.555,214147,0.602,0,0.0297,2,0.279,-10.435,1,0,0.0366,133.934,0.7879999999999999,7
0.252,0.861,214000,0.568,1,0.0,11,0.221,-8.01,0,47,0.305,161.984,0.59,2
0.7859999999999999,0.242,322440,0.623,0,0.161,4,0.119,-15.215,1,36,0.0657,163.607,0.303,4
0.8109999999999999,0.326,172960,0.502,0,0.0,5,0.647,-6.2970000000000015,1,15,0.0413,74.5,0.848,6
0.995,0.41,187173,0.058,0,0.937,8,0.126,-24.395,1,4,0.0516,78.458,0.203,8
0.0025,0.521,239560,0.902,0,0.00014199999999999998,7,0.18600000000000005,-4.452,1,36,0.0309,120.097,0.86,3
0.961,0.278,444840,0.0962,0,0.769,2,0.0975,-22.382,1,0,0.0368,97.463,0.111,9
0.0617,0.713,280973,0.541,0,0.00013700000000000002,6,0.112,-9.295,0,56,0.248,75.714,0.28,2
9e-05,0.18,228067,0.867,0,0.0,6,0.0917,-5.3370000000000015,1,46,0.217,76.251,0.108,2
0.413,0.6729999999999999,120133,0.482,0,0.0,4,0.33,-11.826,0,23,0.0366,115.982,0.711,6
0.983,0.452,297933,0.0823,0,0.00312,9,0.101,-17.844,0,31,0.037000000000000005,116.965,0.193,6
0.229,0.59,231291,0.764,0,0.0,2,0.192,-4.735,1,66,0.0467,104.911,0.331,1
0.28800000000000003,0.4970000000000001,235907,0.7140000000000001,0,0.0,2,0.151,-4.209,1,62,0.0343,144.075,0.381,2
0.614,0.35100000000000003,142173,0.284,0,0.0,5,0.285,-10.499,1,13,0.0259,140.372,0.516,6
0.991,0.4920000000000001,157573,0.147,0,0.0,5,0.0855,-19.241,1,13,0.0367,115.598,0.354,7
0.828,0.317,205495,0.34600000000000003,0,0.0,11,0.135,-13.528,1,45,0.0343,96.823,0.344,5
0.0302,0.628,239387,0.426,0,0.0,2,0.0749,-13.918,1,42,0.051,88.905,0.453,2
0.129,0.342,299693,0.459,0,0.139,6,0.103,-14.465,0,38,0.0278,90.869,0.233,5
0.8190000000000001,0.54,79067,0.218,0,0.0,5,0.407,-25.927,1,0,0.7020000000000001,162.609,0.494,7
0.955,0.439,298027,0.184,0,0.0,10,0.0836,-16.595,1,30,0.243,66.514,0.475,4
0.915,0.743,159200,0.371,0,0.000309,3,0.353,-9.509,1,26,0.0533,115.099,0.8059999999999999,9
0.166,0.87,216067,0.551,0,3.66e-05,6,0.0642,-10.563,0,48,0.06,116.916,0.409,4
0.6,0.54,232867,0.32299999999999995,0,0.0003,10,0.13,-12.793,1,29,0.0355,113.117,0.369,6
0.598,0.735,298640,0.61,0,0.0,1,0.0541,-8.635,1,56,0.0439,91.951,0.789,3
0.957,0.609,188707,0.371,0,0.00171,7,0.103,-8.812000000000003,0,10,0.0425,96.811,0.261,6
0.0026,0.8240000000000001,426853,0.6559999999999999,1,0.00251,1,0.14400000000000002,-6.5710000000000015,1,61,0.224,125.006,0.7070000000000001,3
0.987,0.478,241766,0.121,0,0.908,9,0.7,-23.53,1,5,0.041,114.424,0.451,8
0.715,0.285,269717,0.725,0,1.62e-06,6,0.217,-3.717,1,33,0.033,101.476,0.465,5
0.00129,0.662,148467,0.8340000000000001,0,0.359,11,0.119,-11.012,0,30,0.0346,139.137,0.963,4
0.8079999999999999,0.429,384000,0.112,0,0.15,9,0.207,-21.807,1,22,0.0335,99.487,0.114,6
0.795,0.613,157187,0.218,0,0.8859999999999999,7,0.111,-18.486,1,49,0.0366,82.37100000000002,0.635,6
0.222,0.7390000000000001,231467,0.48,0,9.88e-06,8,0.122,-8.116,0,38,0.0412,140.071,0.6629999999999999,2
0.841,0.416,106200,0.32299999999999995,0,0.0,4,0.16,-12.839,1,24,0.0403,81.889,0.669,5
0.0161,0.57,251373,0.927,0,0.000115,0,0.1,-8.99,1,26,0.0398,114.817,0.789,5
0.98,0.365,207067,0.177,0,0.789,10,0.109,-16.854,1,0,0.0469,70.502,0.257,8
0.424,0.664,194827,0.243,0,0.7759999999999999,7,0.0308,-19.972,1,35,0.16699999999999998,146.156,0.648,5
0.7040000000000001,0.6920000000000001,194160,0.6920000000000001,1,0.0,9,0.177,-4.67,0,61,0.132,90.321,0.685,2
0.975,0.718,259520,0.25,0,0.000254,2,0.114,-17.76,1,6,0.924,122.898,0.29600000000000004,7
0.000343,0.469,193653,0.955,0,1.35e-06,10,0.5479999999999999,-4.253,1,64,0.0432,143.85299999999995,0.462,2
0.258,0.795,168733,0.569,0,5.78e-06,3,0.277,-10.72,1,43,0.0346,127.259,0.862,6
0.00476,0.447,239307,0.958,0,0.0,7,0.114,-2.724,1,49,0.136,182.142,0.522,2
0.6940000000000001,0.726,195267,0.457,0,0.000479,7,0.175,-11.004,1,22,0.0273,115.019,0.667,4
0.974,0.213,246160,0.0746,0,0.926,9,0.129,-19.708,1,41,0.038,143.775,0.075,2
0.00941,0.581,231707,0.526,0,0.000539,11,0.113,-7.6389999999999985,1,45,0.0253,166.074,0.5720000000000001,2
0.973,0.611,213840,0.0918,0,0.7490000000000001,7,0.105,-21.161,0,6,0.0465,139.275,0.256,7
0.191,0.4,180160,0.365,0,0.0,2,0.133,-14.003,1,27,0.0639,147.764,0.778,6
0.949,0.326,428067,0.243,0,0.393,0,0.0882,-15.538,1,7,0.0406,128.112,0.138,6
0.0956,0.425,165533,0.524,0,0.0,9,0.0454,-11.467,1,36,0.0366,128.61,0.743,4
0.0148,0.343,246307,0.936,0,3.37e-05,4,0.113,-4.897,1,46,0.0386,156.905,0.522,3
0.08,0.6829999999999999,219027,0.921,1,1.46e-06,2,0.225,-4.833,1,56,0.227,160.088,0.625,1
0.795,0.54,423413,0.198,0,0.0172,0,0.112,-14.081,1,45,0.0329,125.532,0.212,2
0.000291,0.6829999999999999,190907,0.8290000000000001,0,0.00116,5,0.156,-5.564,0,58,0.0528,108.327,0.5670000000000001,2
0.353,0.716,327560,0.369,0,0.0,5,0.173,-9.679,1,33,0.0304,117.018,0.405,3
0.778,0.46,126587,0.5670000000000001,0,0.0,2,0.124,-7.091,0,18,0.0737,115.678,0.6779999999999999,7
0.99,0.187,138960,0.0223,0,0.906,0,0.128,-27.298,1,12,0.0395,204.633,0.0471,7
0.337,0.637,199747,0.521,1,0.007859999999999999,1,0.33,-7.437,1,50,0.11,139.963,0.0781,1
0.947,0.557,169933,0.355,0,0.000273,10,0.0976,-14.465,0,0,0.0418,150.959,0.852,8
0.706,0.787,251947,0.344,0,0.0,7,0.0643,-7.331,1,55,0.031,110.036,0.361,1
0.72,0.498,179080,0.235,0,0.0,1,0.14400000000000002,-16.541,0,85,0.188,118.917,0.0895,1
0.967,0.241,379320,0.265,0,0.887,7,0.0968,-12.425999999999998,0,0,0.0344,98.7,0.129,7
0.7290000000000001,0.463,160440,0.415,0,0.0,0,0.0939,-14.067,0,51,0.0443,115.444,0.233,3
0.979,0.269,198533,0.161,0,0.7959999999999999,3,0.115,-15.609000000000002,0,3,0.0342,73.919,0.138,9
0.403,0.47,193627,0.335,0,6.72e-06,0,0.35,-10.207,1,7,0.0251,91.665,0.413,7
0.932,0.573,97827,0.532,0,0.951,8,0.14300000000000002,-10.585,0,14,0.0628,156.372,0.545,7
0.643,0.7040000000000001,179440,0.515,0,0.0,7,0.6890000000000001,-10.138,1,30,0.05,130.327,0.584,4
0.0399,0.8640000000000001,147796,0.7340000000000001,0,0.0,1,0.162,-4.477,1,50,0.0759,98.515,0.213,1
0.453,0.787,320960,0.629,0,0.0355,0,0.133,-13.13,0,42,0.0278,109.707,0.866,4
0.742,0.528,120867,0.537,0,1.86e-06,9,0.0642,-12.713,1,22,0.03,156.974,0.916,7
0.8270000000000001,0.514,234600,0.293,0,0.0,9,0.17800000000000002,-11.630999999999998,1,5,0.0746,96.131,0.482,7
0.0257,0.8320000000000001,185143,0.515,1,6.979999999999999e-05,9,0.0957,-7.112,0,61,0.375,139.997,0.653,1
0.057,0.672,243267,0.624,0,0.000363,10,0.112,-11.433,1,47,0.0281,112.762,0.746,4
0.0271,0.473,251907,0.913,1,0.0,11,0.0784,-3.372,0,41,0.444,94.571,0.721,2
0.928,0.394,191404,0.472,0,0.916,10,0.126,-10.637,1,0,0.0779,214.451,0.958,8
0.687,0.332,236747,0.232,0,0.0,10,0.107,-10.737,1,29,0.0343,122.096,0.151,3
0.8170000000000001,0.413,296040,0.431,0,1.73e-05,5,0.0615,-7.548999999999999,1,12,0.0406,177.116,0.414,6
0.139,0.606,236686,0.655,0,0.0,6,0.103,-6.3279999999999985,1,61,0.402,159.82399999999996,0.696,1
0.994,0.5589999999999999,81880,0.00845,0,0.951,10,0.0735,-30.219,0,8,0.146,113.124,0.199,8
0.044,0.541,290107,0.8959999999999999,0,0.0183,7,0.363,-9.964,1,33,0.0715,114.967,0.187,3
0.329,0.583,286400,0.772,0,1.27e-05,1,0.0393,-10.899,1,26,0.0385,104.848,0.961,4
0.7090000000000001,0.765,188918,0.428,0,3.46e-05,0,0.0949,-8.008,1,42,0.0273,97.3,0.638,3
0.905,0.654,264813,0.528,0,0.72,7,0.115,-17.36,1,34,0.0351,108.876,0.868,6
0.818,0.6559999999999999,250120,0.33,1,0.00386,8,0.107,-8.771,1,66,0.162,119.057,0.349,1
0.0372,0.593,187280,0.8859999999999999,0,0.0,6,0.402,-2.428,0,45,0.0298,107.495,0.738,1
0.267,0.672,140213,0.715,0,0.000293,2,0.0878,-10.052,1,25,0.07200000000000001,85.10799999999998,0.959,6
0.585,0.507,199507,0.5329999999999999,0,0.0,1,0.107,-6.5820000000000025,1,48,0.0293,140.219,0.544,4
0.87,0.627,132867,0.494,0,0.000238,7,0.136,-9.415,1,0,0.0389,109.283,0.715,8
0.000378,0.7240000000000001,368333,0.79,0,0.482,1,0.0545,-11.389,1,32,0.0699,115.421,0.962,4
0.76,0.725,155933,0.276,0,0.0,7,0.116,-12.25,1,46,0.0599,112.89,0.7170000000000001,3
0.165,0.5589999999999999,151800,0.961,0,0.0,7,0.152,-4.162,0,51,0.0544,143.974,0.6970000000000001,2
0.0656,0.638,184667,0.727,0,1.01e-06,7,0.0821,-7.187,1,24,0.253,80.49600000000002,0.8690000000000001,5
0.0478,0.5479999999999999,249760,0.552,0,0.00168,1,0.0583,-11.248,1,24,0.13,174.585,0.8390000000000001,5
0.00496,0.5660000000000001,196427,0.764,0,0.00517,9,0.058,-9.153,1,34,0.0441,137.697,0.905,3
0.821,0.562,329000,0.417,0,0.0,3,0.0958,-11.063,1,33,0.0457,131.168,0.175,3
0.00771,0.203,256667,0.924,0,0.000583,2,0.135,-7.143,0,26,0.16899999999999998,171.097,0.412,4
0.363,0.491,263627,0.43,0,0.0,0,0.0822,-9.56,1,48,0.0333,130.15,0.0871,3
0.6759999999999999,0.477,180907,0.458,0,0.0,6,0.23,-6.9270000000000005,1,58,0.0508,168.91299999999995,0.895,3
0.743,0.659,324067,0.407,0,0.0,4,0.0784,-9.718,0,59,0.0353,119.321,0.269,2
0.627,0.433,358147,0.728,0,0.0387,2,0.212,-11.380999999999998,1,0,0.071,104.63,0.504,8
0.754,0.5,174440,0.464,0,0.187,7,0.154,-10.521,0,48,0.0391,149.486,0.268,3
0.0339,0.5,352160,0.731,0,0.00172,0,0.0571,-11.961,1,25,0.068,127.688,0.696,5
0.981,0.419,281920,0.14800000000000002,0,0.885,2,0.13699999999999998,-21.644,1,0,0.0434,120.775,0.135,7
0.657,0.7809999999999999,195320,0.377,0,0.036000000000000004,0,0.142,-12.922,1,19,0.0377,133.97899999999998,0.49,6
0.988,0.28600000000000003,426840,0.183,0,0.691,11,0.0897,-14.323,0,0,0.0383,141.634,0.122,8
0.0852,0.34,251933,0.754,0,0.0,4,0.198,-4.381,1,41,0.0447,146.70600000000005,0.12,2
0.6659999999999999,0.48,121000,0.784,0,0.8959999999999999,9,0.187,-9.82,1,20,0.0341,147.154,0.914,7
0.995,0.614,184575,0.149,0,0.159,4,0.106,-14.785,0,10,0.0733,69.449,0.68,9
0.7859999999999999,0.5579999999999999,128667,0.422,0,0.0,0,0.218,-9.403,1,32,0.203,201.582,0.7240000000000001,7
0.6659999999999999,0.705,257907,0.362,0,0.000139,2,0.0872,-14.899,1,29,0.0347,95.072,0.899,3
0.0821,0.449,168000,0.7959999999999999,0,4.3e-05,10,0.193,-3.698,1,50,0.047,79.992,0.0395,1
0.969,0.324,191427,0.265,0,0.48,11,0.119,-14.939,1,0,0.0355,121.413,0.386,7
0.0955,0.417,189293,0.687,0,0.0278,7,0.0989,-6.484,1,66,0.0372,204.11,0.627,1
0.823,0.337,141107,0.542,0,0.000413,2,0.0579,-14.701,1,30,0.0546,69.421,0.7809999999999999,4
0.5579999999999999,0.682,211600,0.6940000000000001,0,1.91e-06,7,0.229,-4.634,1,43,0.0249,105.065,0.7140000000000001,2
0.757,0.622,308467,0.604,0,0.00619,3,0.22,-6.33,1,30,0.0385,114.239,0.7809999999999999,7
0.971,0.456,237413,0.28300000000000003,0,0.968,4,0.117,-15.939,0,31,0.0581,130.635,0.4320000000000001,6
0.322,0.66,179573,0.48,0,0.0030800000000000003,9,0.0498,-13.832,1,28,0.029,122.163,0.941,4
0.198,0.5920000000000001,234667,0.579,0,0.0,4,0.141,-5.904,1,71,0.0498,120.025,0.633,3
0.909,0.506,198760,0.28,0,0.000311,3,0.16399999999999998,-16.651,1,47,0.0397,139.846,0.316,5
0.449,0.535,300600,0.311,0,0.0,2,0.187,-16.09,1,51,0.0343,103.543,0.32,5
0.637,0.563,386933,0.526,0,0.0418,6,0.733,-17.674,1,17,0.0868,120.103,0.428,6
0.415,0.468,126867,0.35700000000000004,0,0.0,5,0.198,-10.300999999999998,0,37,0.0516,140.011,0.637,6
0.272,0.653,109988,0.14400000000000002,1,0.000463,5,0.112,-20.454,0,0,0.8640000000000001,83.132,0.617,8
0.0977,0.754,272834,0.575,1,0.0,9,0.474,-8.22,1,42,0.366,180.389,0.561,3
0.994,0.527,159333,0.0291,0,0.917,7,0.0959,-31.347,1,47,0.0741,99.331,0.28,3
0.85,0.458,559280,0.244,0,0.331,8,0.0711,-17.532,1,32,0.0973,120.871,0.122,3
0.972,0.304,235147,0.14,0,2e-05,8,0.0879,-17.565,1,0,0.0413,111.104,0.0932,8
0.595,0.772,273162,0.745,0,0.87,11,0.117,-10.194,1,58,0.0405,116.014,0.166,1
0.981,0.314,189133,0.138,0,0.00066,9,0.195,-13.885,1,9,0.0303,76.904,0.348,8
0.938,0.293,545333,0.0888,0,0.78,9,0.0918,-26.06,0,40,0.0457,91.712,0.153,3
0.995,0.667,188000,0.405,0,0.677,7,0.131,-11.52,1,0,0.4370000000000001,156.364,0.961,9
0.961,0.468,54133,0.311,0,0.00545,0,0.215,-15.511,0,0,0.0553,81.896,0.355,8
0.00154,0.473,235133,0.971,0,0.0,1,0.222,-3.696,1,40,0.0564,144.73,0.6459999999999999,2
0.514,0.627,103500,0.265,0,0.0,9,0.14800000000000002,-22.398000000000003,0,0,0.938,78.263,0.6659999999999999,9
0.105,0.638,281133,0.8059999999999999,0,0.00024700000000000004,2,0.0803,-6.989,1,33,0.0529,108.257,0.83,4
0.8029999999999999,0.464,185067,0.565,0,0.0005639999999999999,5,0.161,-10.593,1,12,0.187,175.638,0.807,7
0.174,0.568,184000,0.79,1,0.0,8,0.269,-4.4110000000000005,1,66,0.0791,109.747,0.5660000000000001,1
0.000155,0.314,298533,0.991,1,0.0477,5,0.0968,-3.867,0,55,0.318,138.975,0.0395,4
0.4970000000000001,0.429,183667,0.327,0,0.00406,9,0.359,-11.88,1,2,0.027000000000000003,96.559,0.471,7
0.873,0.467,146893,0.626,0,3.3100000000000005e-05,4,0.253,-8.596,1,21,0.0465,83.814,0.88,7
0.527,0.6990000000000001,191360,0.716,0,0.0,0,0.162,-3.998,1,48,0.0536,130.014,0.974,2
0.6990000000000001,0.514,139333,0.19,0,0.0,10,0.228,-11.362,0,5,0.0251,35.251,0.179,7
0.28800000000000003,0.54,168360,0.62,0,0.0,0,0.107,-7.43,1,30,0.0319,132.174,0.483,6
0.000471,0.475,244160,0.943,0,1.87e-05,8,0.223,-5.376,0,50,0.13,154.808,0.496,2
0.708,0.55,271413,0.507,0,0.423,10,0.116,-7.568,0,46,0.0295,95.002,0.262,2
0.738,0.768,321760,0.391,0,0.0,0,0.0754,-9.899,1,34,0.0289,114.91,0.831,4
0.396,0.147,570069,0.621,0,0.981,0,0.684,-38.051,0,59,0.0553,104.245,1e-05,1
0.17,0.523,299160,0.742,0,0.0,0,0.0245,-5.886,0,40,0.0474,94.306,0.812,3
0.993,0.574,183587,0.24,0,0.882,11,0.152,-15.188,1,0,0.35100000000000003,91.074,0.7290000000000001,7
0.993,0.468,183360,0.208,0,1.2e-05,2,0.129,-12.222,0,5,0.0337,66.505,0.53,8
0.203,0.742,255267,0.509,0,0.502,7,0.29100000000000004,-13.93,1,30,0.0327,134.923,0.741,4
0.98,0.145,492547,0.123,0,0.932,1,0.084,-18.949,1,43,0.041,61.782,0.0379,2
0.252,0.7709999999999999,315000,0.563,0,0.00323,2,0.133,-10.722,0,36,0.0284,113.915,0.884,5
0.0596,0.333,289559,0.922,0,2.05e-06,0,0.126,-4.087,1,63,0.0592,162.97799999999995,0.335,3
0.604,0.741,157587,0.6779999999999999,0,0.937,0,0.0578,-11.41,1,23,0.0462,89.47,0.973,6
0.255,0.507,246560,0.691,0,1.6e-05,0,0.885,-7.357,0,40,0.0764,79.314,0.453,3
0.459,0.8059999999999999,334933,0.489,0,0.000277,11,0.115,-10.541,0,43,0.241,81.015,0.703,2
0.00013000000000000002,0.563,228667,0.862,0,0.0928,11,0.16,-13.736,0,41,0.0373,104.081,0.128,4
0.0209,0.7829999999999999,206093,0.649,0,0.0048200000000000005,7,0.067,-4.127,1,65,0.0322,103.997,0.665,2
0.946,0.14300000000000002,160467,0.134,0,0.019,2,0.157,-11.768,1,15,0.0352,82.44,0.293,7
0.71,0.579,156533,0.362,0,0.00053,9,0.126,-12.442,1,50,0.0284,100.561,0.401,3
0.569,0.5820000000000001,252707,0.336,0,0.877,5,0.104,-11.3,0,23,0.0358,95.136,0.376,7
0.929,0.317,165306,0.293,0,5.29e-06,10,0.132,-9.849,1,35,0.0328,137.06,0.183,4
0.376,0.755,216480,0.635,0,0.00148,6,0.132,-4.7330000000000005,0,59,0.0323,120.024,0.971,2
0.28300000000000003,0.536,202800,0.614,0,0.0,6,0.336,-8.293,1,37,0.0331,106.333,0.527,5
0.794,0.502,156160,0.5660000000000001,0,6.61e-05,0,0.0799,-13.04,1,41,0.0435,170.14,0.969,2
0.0453,0.574,217333,0.937,0,0.0,5,0.242,-4.34,1,60,0.112,103.006,0.446,1
0.488,0.687,109700,0.22,1,5.08e-05,2,0.13699999999999998,-18.606,0,0,0.919,100.916,0.5529999999999999,8
0.229,0.926,252558,0.711,0,3.06e-06,0,0.0595,-3.377,0,51,0.0468,125.083,0.9,1
0.00145,0.368,203493,0.95,0,0.0268,0,0.469,-3.394,1,36,0.0491,114.152,0.322,4
