0.00181,0.449,164667,0.938,0,0.0,1,0.353,-6.36,1,55,0.0455,89.695,0.825,3
0.995,0.677,167000,0.0258,0,0.909,6,0.145,-24.353,0,0,0.135,116.58,0.639,9
0.802,0.6579999999999999,138600,0.259,0,0.0,1,0.066,-16.389,0,18,0.0357,121.37,0.546,6
0.994,0.612,193867,0.193,0,0.758,11,0.109,-18.925,1,0,0.0708,136.74,0.836,8
0.0407,0.731,255480,0.772,0,0.0,7,0.449,-4.559,1,55,0.0258,110.04,0.928,1
0.146,0.737,221093,0.563,0,0.0,7,0.16,-7.852,1,60,0.03,96.054,0.743,2
0.848,0.396,163827,0.181,0,0.0,1,0.0926,-13.809,0,10,0.0345,129.716,0.377,6
0.928,0.5710000000000001,375173,0.265,0,0.625,10,0.7859999999999999,-17.074,0,19,0.0411,135.513,0.403,7
0.00154,0.197,312253,0.623,0,0.609,8,0.0839,-9.923,0,21,0.0332,144.564,0.575,6
0.00187,0.486,367733,0.35600000000000004,0,0.0,0,0.0865,-14.609000000000002,1,24,0.0293,96.116,0.615,6
0.779,0.181,287521,0.245,0,0.899,1,0.0681,-12.333,1,54,0.0389,109.007,0.0366,1
0.0975,0.872,355907,0.8109999999999999,0,0.00287,11,0.0782,-11.483,0,35,0.0453,139.325,0.971,4
0.605,0.508,225493,0.28,0,0.0,2,0.0915,-12.024,1,46,0.0579,122.085,0.609,2
0.962,0.461,235427,0.105,0,6.9e-05,2,0.152,-18.343,1,0,0.0733,134.991,0.262,7
0.708,0.611,207467,0.309,0,0.0,7,0.16699999999999998,-11.752,1,26,0.0499,132.407,0.532,7
0.000388,0.31,390307,0.499,0,0.665,9,0.25,-7.992000000000001,1,47,0.0374,145.575,0.197,3
0.005520000000000001,0.612,251507,0.78,0,0.0,7,0.0654,-6.529,1,44,0.0308,120.638,0.8220000000000001,2
0.995,0.6759999999999999,207400,0.0905,0,0.8959999999999999,10,0.122,-21.941,0,31,0.0387,95.975,0.551,4
0.222,0.802,147400,0.305,0,0.00014199999999999998,0,0.304,-15.91,1,27,0.0475,114.83,0.968,4
0.0167,0.428,173573,0.555,0,4.88e-05,2,0.312,-6.912000000000001,1,21,0.0333,134.156,0.537,6
0.996,0.608,172449,0.109,0,0.898,2,0.16,-12.488,1,0,0.404,66.219,0.8029999999999999,8
0.893,0.68,156027,0.292,0,1.56e-05,10,0.136,-10.515999999999998,1,2,0.121,132.975,0.778,8
0.0237,0.418,249067,0.931,0,1.97e-05,2,0.0882,-9.116,1,32,0.21600000000000005,121.666,0.182,4
0.44,0.588,308867,0.353,0,8.47e-06,9,0.0425,-12.781,1,34,0.0438,141.417,0.24,5
0.377,0.68,120500,0.242,0,0.0,7,0.531,-17.404,1,0,0.6759999999999999,44.515,0.466,8
0.0612,0.605,307987,0.627,0,3.6e-05,0,0.106,-7.454,1,53,0.0265,120.0,0.243,1
0.0391,0.917,288560,0.5710000000000001,0,0.0116,4,0.138,-6.456,0,48,0.0308,99.879,0.924,3
0.7140000000000001,0.8240000000000001,150733,0.485,0,0.0,8,0.0643,-11.178,1,11,0.0662,119.609,0.921,7
0.0832,0.431,178423,0.741,1,0.0,6,0.14,-4.7360000000000015,0,62,0.359,83.005,0.422,0
0.983,0.262,302000,0.112,0,0.000119,4,0.16399999999999998,-16.908,0,0,0.0471,79.045,0.0735,7
0.32299999999999995,0.373,195507,0.424,0,0.0,5,0.14400000000000002,-8.988,1,60,0.0358,209.267,0.488,2
0.435,0.579,125440,0.72,0,0.0178,10,0.0618,-6.59,1,24,0.0456,171.06799999999996,0.974,4
0.98,0.456,88067,0.122,0,0.911,3,0.139,-18.415,1,0,0.0798,99.485,0.16,10
0.974,0.183,179133,0.0075,0,0.59,0,0.0731,-33.087,1,41,0.0395,66.333,0.127,3
0.988,0.449,272212,0.0822,0,0.871,5,0.0881,-18.624,1,29,0.0368,120.506,0.0654,4
0.69,0.7140000000000001,148533,0.345,0,0.0,9,0.14800000000000002,-15.466,0,33,0.0627,88.04,0.591,6
0.904,0.6759999999999999,159693,0.386,0,0.212,4,0.194,-13.645,1,18,0.0277,110.912,0.7,6
0.905,0.0694,696440,0.172,0,0.8540000000000001,9,0.108,-18.986,1,9,0.0402,77.043,0.0319,7
0.465,0.464,235627,0.754,1,1.57e-05,9,0.37,-6.653,0,52,0.128,86.501,0.444,2
0.99,0.27,217587,0.16899999999999998,0,0.868,4,0.08800000000000001,-19.028,1,0,0.0328,86.459,0.038,8
0.64,0.527,223307,0.363,0,0.0,5,0.0921,-11.275,1,33,0.0307,113.257,0.7340000000000001,6
0.994,0.747,169000,0.22,0,0.8220000000000001,7,0.313,-11.394,0,0,0.0602,116.889,0.66,10
0.885,0.17,240707,0.335,0,0.000375,1,0.0905,-10.880999999999998,1,44,0.0317,204.46,0.464,5
0.5429999999999999,0.551,289747,0.442,0,0.0,0,0.063,-8.9,0,56,0.0295,96.333,0.422,4
0.005229999999999999,0.335,224973,0.825,0,0.00429,8,0.226,-5.598,1,59,0.0506,177.15599999999995,0.682,1
0.987,0.379,190560,0.315,0,0.00305,2,0.369,-9.775,1,0,0.0525,97.433,0.551,9
0.989,0.685,164571,0.0615,0,0.0008150000000000001,3,0.106,-16.457,0,1,0.0508,113.371,0.526,8
0.114,0.482,202333,0.949,0,8.85e-05,5,0.0942,-6.359,0,52,0.192,168.18099999999995,0.327,2
0.94,0.584,146307,0.3,0,2.18e-05,9,0.101,-12.154000000000002,1,39,0.0359,157.811,0.727,3
0.233,0.602,417027,0.325,0,0.782,4,0.173,-14.083,0,25,0.0296,89.945,0.777,5
0.993,0.303,635040,0.0529,0,0.894,10,0.119,-25.1,0,0,0.0406,75.747,0.0592,10
0.0635,0.7340000000000001,347253,0.77,0,0.00624,4,0.214,-8.521,0,42,0.0498,127.521,0.87,4
0.931,0.316,343987,0.29,0,0.848,2,0.118,-16.097,1,47,0.0381,79.389,0.207,4
0.99,0.586,191675,0.0558,0,0.0008439999999999999,2,0.104,-10.324000000000002,1,0,0.29100000000000004,101.085,0.594,9
0.8759999999999999,0.434,197720,0.139,0,0.0,0,0.134,-15.017,1,27,0.07,72.468,0.231,5
0.0632,0.547,299600,0.794,0,4.88e-05,1,0.196,-3.28,1,44,0.0596,142.138,0.243,1
0.828,0.693,187373,0.457,0,0.8170000000000001,3,0.438,-10.13,1,3,0.0754,97.308,0.764,9
0.0058,0.608,248560,0.677,0,0.000537,4,0.266,-9.951,0,43,0.0246,114.046,0.787,3
0.0162,0.755,292747,0.857,0,0.000571,7,0.0346,-5.565,1,31,0.0329,107.514,0.884,5
0.987,0.319,180930,0.106,0,0.00363,4,0.418,-16.579,1,0,0.0439,76.042,0.3,9
0.86,0.242,201613,0.16899999999999998,0,0.0222,9,0.14,-15.374,1,0,0.0345,67.01,0.159,7
0.711,0.605,71400,0.591,0,0.0,7,0.35600000000000004,-7.041,1,29,0.0409,74.484,0.895,7
0.77,0.509,305001,0.417,0,0.0946,10,0.0887,-9.632,1,63,0.0295,134.95600000000002,0.482,1
0.0573,0.807,187920,0.887,1,2.87e-06,9,0.124,-3.726,1,71,0.0503,134.05200000000002,0.961,1
0.252,0.635,163200,0.87,0,0.0,7,0.325,-9.473,1,19,0.0729,115.344,0.74,5
0.000732,0.34700000000000003,194133,0.988,0,0.0,9,0.101,-2.979,1,55,0.122,191.924,0.775,2
0.76,0.535,324400,0.337,0,2.14e-05,3,0.0693,-12.688,1,43,0.0318,78.947,0.21,2
0.182,0.37,145360,0.382,0,0.0,7,0.364,-10.76,0,42,0.0271,89.963,0.539,2
0.0329,0.9,323027,0.631,0,1.64e-05,7,0.722,-9.629,1,27,0.102,140.376,0.7090000000000001,5
0.991,0.237,56360,0.473,0,0.909,4,0.317,-16.064,0,9,0.0444,106.849,0.977,7
0.00222,0.44,149307,0.919,1,0.00503,7,0.0892,-4.462,1,48,0.0735,184.324,0.773,2
0.995,0.369,161961,0.104,0,0.253,1,0.159,-18.293,1,0,0.0467,112.118,0.484,8
0.851,0.219,201533,0.104,0,0.624,1,0.0338,-19.348,0,0,0.0344,86.723,0.272,9
0.198,0.647,163800,0.8109999999999999,0,1.71e-06,2,0.39,-6.7620000000000005,1,42,0.0418,105.731,0.965,2
0.159,0.67,275413,0.435,1,1.07e-05,10,0.135,-10.314,1,50,0.0513,110.08,0.0879,1
0.0783,0.8590000000000001,214120,0.644,1,0.00762,6,0.217,-3.047,1,52,0.124,92.046,0.378,3
0.421,0.557,146197,0.483,0,0.0,5,0.318,-10.579,1,49,0.038,117.652,0.679,6
0.85,0.594,131800,0.619,0,1.55e-05,10,0.0818,-11.347,0,7,0.0764,87.426,0.831,7
0.862,0.7090000000000001,319160,0.155,0,0.0,5,0.527,-22.74,1,15,0.8190000000000001,130.58700000000002,0.573,9
0.994,0.5720000000000001,188918,0.142,0,0.0177,4,0.103,-15.81,1,10,0.0457,124.226,0.958,9
0.303,0.7140000000000001,191533,0.561,0,0.0,8,0.285,-8.967,0,37,0.392,96.194,0.738,3
0.22,0.713,230267,0.768,0,0.0,2,0.177,-6.702000000000001,1,63,0.0363,125.203,0.878,3
0.6709999999999999,0.624,181347,0.293,0,0.0,5,0.121,-10.409,1,2,0.0391,122.922,0.733,7
0.9,0.119,214333,0.369,0,0.784,10,0.14,-15.537,1,50,0.0529,75.039,0.0431,2
0.905,0.631,578960,0.118,0,0.0524,10,0.107,-15.192,0,25,0.0671,60.239,0.29600000000000004,7
0.977,0.5760000000000001,139400,0.422,0,0.0026,10,0.08800000000000001,-12.072,1,0,0.0824,117.154,0.537,7
0.153,0.644,183200,0.84,0,1.35e-06,0,0.294,-6.347,0,60,0.0511,99.936,0.935,1
0.528,0.438,354507,0.539,0,5.36e-06,9,0.115,-11.746,1,46,0.0285,161.519,0.309,3
0.328,0.51,227907,0.418,0,0.785,8,0.0751,-15.295,1,9,0.0464,115.826,0.54,7
0.0007559999999999999,0.501,251133,0.9,0,0.419,2,0.239,-8.954,1,25,0.0554,152.954,0.94,5
0.000185,0.449,198347,0.841,0,0.0,6,0.449,-4.798,1,47,0.036000000000000004,106.964,0.209,2
0.307,0.594,249907,0.764,0,6.82e-05,5,0.0887,-6.233,0,32,0.0338,95.81,0.5870000000000001,4
0.785,0.585,320773,0.52,0,0.664,5,0.0941,-11.869000000000002,0,30,0.0483,89.292,0.604,5
0.14800000000000002,0.561,246045,0.604,1,0.0,8,0.737,-6.234,1,66,0.254,106.735,0.703,0
0.758,0.488,643787,0.324,0,1.13e-05,5,0.17600000000000002,-10.373,1,14,0.0488,96.508,0.547,6
0.8959999999999999,0.535,297937,0.305,0,1.21e-05,2,0.379,-8.912,0,6,0.0294,98.705,0.57,7
0.0818,0.8690000000000001,486187,0.503,0,0.00837,2,0.187,-12.804,1,38,0.0479,112.664,0.914,5
0.634,0.539,141240,0.36,0,0.0,6,0.11,-12.082,1,49,0.0271,113.376,0.7290000000000001,4
0.414,0.7140000000000001,299800,0.812,0,0.39,5,0.138,-7.457000000000002,1,30,0.044,128.687,0.887,6
0.0106,0.626,235000,0.519,0,0.000117,7,0.0801,-15.798,1,23,0.0334,116.276,0.621,4
0.6509999999999999,0.408,164600,0.31,0,0.0,4,0.159,-10.772,1,25,0.0293,77.48100000000002,0.524,6
0.961,0.583,228867,0.142,0,0.899,8,0.103,-18.991,1,16,0.0441,68.225,0.141,6
0.992,0.64,201004,0.244,0,0.443,6,0.142,-10.401,0,0,0.13,151.382,0.802,7
0.00579,0.635,252707,0.8540000000000001,0,0.0083,10,0.0623,-5.02,0,52,0.0612,100.851,0.59,2
0.0204,0.383,210013,0.778,0,0.228,11,0.441,-4.845,0,33,0.0282,91.176,0.512,5
0.995,0.397,292987,0.0185,0,0.917,7,0.0828,-32.417,1,53,0.0483,128.58,0.256,2
0.988,0.5660000000000001,195829,0.151,0,0.0021,4,0.343,-11.666,1,0,0.34600000000000003,73.693,0.599,8
0.992,0.415,179533,0.0637,0,0.902,9,0.104,-20.404,1,5,0.0323,101.071,0.14400000000000002,7
0.00312,0.65,224560,0.449,0,1.94e-05,0,0.5479999999999999,-7.555,1,51,0.0281,89.641,0.6990000000000001,4
0.108,0.23,198960,0.996,0,0.927,8,0.129,-4.308,1,43,0.0878,100.892,0.0332,4
0.0784,0.745,188160,0.639,0,7.99e-06,8,0.261,-6.809,1,57,0.0248,100.412,0.797,3
0.84,0.115,434707,0.209,0,0.913,3,0.0878,-17.14,1,29,0.0412,56.082,0.035,4
0.946,0.112,89560,0.0244,0,0.924,4,0.527,-31.71,0,0,0.0507,180.24400000000003,0.18600000000000005,8
0.242,0.46,249920,0.72,0,0.00831,1,0.528,-11.263,1,38,0.0525,123.548,0.59,5
0.775,0.407,155040,0.366,0,0.0,2,0.579,-12.874,1,14,0.0265,81.898,0.43,6
0.317,0.563,256267,0.513,0,0.000183,7,0.262,-11.727,1,20,0.0262,127.844,0.7390000000000001,5
0.685,0.285,152760,0.284,0,1.09e-06,8,0.128,-10.619000000000002,1,7,0.0355,89.37200000000001,0.177,7
0.794,0.5529999999999999,207134,0.443,0,0.000125,4,0.195,-8.283999999999999,1,52,0.0311,139.691,0.433,2
0.273,0.6579999999999999,262400,0.499,0,6.87e-05,2,0.162,-15.298,0,32,0.162,103.928,0.685,5
0.931,0.487,338720,0.563,0,4.51e-05,1,0.7040000000000001,-14.861,1,0,0.86,123.213,0.456,7
0.981,0.473,219907,0.163,0,0.1,5,0.307,-13.323,1,39,0.0426,117.979,0.399,3
0.0076799999999999985,0.611,247572,0.742,0,0.831,7,0.232,-7.402,1,50,0.0445,103.039,0.343,1
0.000244,0.6459999999999999,226286,0.97,0,0.00483,5,0.0668,-1.64,1,51,0.129,140.145,0.325,1
0.322,0.5920000000000001,174133,0.8340000000000001,0,0.0,2,0.364,-11.565,1,53,0.0334,130.967,0.809,6
0.943,0.199,332533,0.0673,0,0.105,0,0.15,-22.556,1,49,0.0529,74.49,0.0575,2
0.0334,0.721,221714,0.716,1,0.00084,10,0.237,-7.037000000000001,0,88,0.0657,104.994,0.667,1
0.741,0.633,203266,0.754,0,0.000926,2,0.33,-10.624,1,23,0.0471,92.642,0.908,6
0.0671,0.6409999999999999,210480,0.78,0,0.00181,9,0.0562,-6.675,1,57,0.0351,94.228,0.746,5
0.00173,0.35100000000000003,367107,0.965,0,0.00825,0,0.98,-6.7079999999999975,0,29,0.0765,89.711,0.121,3
0.7140000000000001,0.802,206557,0.42,1,4.1e-06,5,0.11,-9.131,0,68,0.101,130.119,0.603,1
0.416,0.54,305067,0.489,0,0.000915,10,0.142,-10.151,1,60,0.0269,130.984,0.336,4
0.273,0.747,259333,0.6459999999999999,0,3.7000000000000006e-06,7,0.0931,-9.185,1,47,0.191,87.01100000000002,0.73,2
0.101,0.72,198053,0.741,0,1.41e-05,10,0.289,-6.529,0,82,0.0287,119.896,0.35700000000000004,1
0.000341,0.846,218213,0.649,0,0.0,1,0.0623,-6.849,0,44,0.0534,114.976,0.496,2
0.5670000000000001,0.494,403827,0.162,0,0.000117,5,0.109,-15.041,0,35,0.0362,107.687,0.179,6
0.569,0.35600000000000004,228373,0.743,0,0.905,2,0.328,-4.842,1,50,0.0412,142.768,0.518,2
0.426,0.615,191360,0.831,0,7.26e-05,1,0.184,-9.394,1,49,0.0311,135.114,0.914,4
0.0078,0.511,127053,0.745,0,0.343,4,0.174,-6.71,1,47,0.0428,95.198,0.951,5
0.411,0.73,191267,0.782,0,0.11,11,0.108,-7.109,0,59,0.0336,120.018,0.606,1
0.00218,0.615,202467,0.919,0,0.000607,4,0.113,-4.3180000000000005,0,56,0.0798,130.91899999999998,0.542,1
0.687,0.375,295733,0.255,0,3.55e-06,4,0.0678,-11.800999999999998,1,43,0.0313,140.244,0.036000000000000004,3
0.0502,0.6990000000000001,280973,0.618,0,0.000925,7,0.0914,-7.337999999999999,1,42,0.0594,99.965,0.679,2
0.792,0.523,178467,0.516,0,6.75e-05,11,0.185,-12.238,1,0,0.0706,131.998,0.6859999999999999,0
0.177,0.7979999999999999,215880,0.895,0,0.0,5,0.358,-7.811,1,55,0.21600000000000005,127.967,0.784,1
0.0046,0.496,185587,0.863,0,0.0,9,0.639,-4.1530000000000005,1,60,0.0381,110.018,0.243,2
0.0212,0.4270000000000001,245067,0.947,0,0.00405,2,0.158,-9.792,1,31,0.0563,93.853,0.6459999999999999,5
0.996,0.605,88853,0.007909999999999999,0,0.971,0,0.173,-30.462,1,0,0.0794,98.438,0.0625,7
0.147,0.747,137280,0.32,0,0.00432,0,0.061,-12.585,1,31,0.0324,107.086,0.535,5
0.99,0.672,133973,0.102,0,3.87e-06,9,0.175,-15.871,0,0,0.112,105.534,0.85,7
0.995,0.16399999999999998,442800,0.0016699999999999998,0,0.892,1,0.131,-42.66,0,45,0.0427,71.32300000000002,0.181,3
0.375,0.853,204893,0.64,0,0.000977,4,0.265,-7.706,1,35,0.0332,125.455,0.867,3
0.12,0.616,254871,0.8540000000000001,0,0.0,11,0.322,-4.749,0,71,0.368,113.982,0.8009999999999999,0
0.491,0.537,321795,0.366,0,0.514,5,0.103,-18.078,1,39,0.0464,92.554,0.447,5
0.857,0.7559999999999999,191307,0.61,0,9.48e-06,4,0.119,-9.224,1,37,0.0289,100.119,0.921,4
0.934,0.185,182773,0.0805,0,0.0125,6,0.0841,-21.025,1,36,0.0428,89.936,0.0574,6
0.985,0.594,196053,0.447,0,0.381,5,0.17800000000000002,-13.696,1,0,0.0375,148.164,0.858,7
0.0775,0.738,225573,0.85,0,0.0,7,0.162,-5.818,0,63,0.0403,94.999,0.6779999999999999,2
0.0569,0.792,167027,0.862,1,9.72e-06,6,0.181,-6.424,0,61,0.428,137.887,0.345,1
0.0266,0.563,328307,0.6729999999999999,0,3.67e-06,6,0.92,-8.043,0,38,0.295,81.518,0.649,5
0.376,0.648,469333,0.382,0,0.0,10,0.168,-12.907,0,22,0.95,89.137,0.602,9
5.7399999999999986e-05,0.5539999999999999,93467,0.939,0,0.00014099999999999998,7,0.29600000000000004,-4.024,1,42,0.0894,145.059,0.6759999999999999,2
0.722,0.386,361093,0.316,0,1.22e-05,9,0.0862,-9.595,1,38,0.0308,83.51,0.191,3
0.4270000000000001,0.402,304027,0.306,0,0.8370000000000001,8,0.96,-19.818,1,31,0.0343,144.944,0.0432,4
0.376,0.637,158707,0.682,0,0.0,2,0.17,-4.632,1,47,0.0291,81.016,0.541,2
0.631,0.531,224773,0.7190000000000001,0,0.922,1,0.13,-5.063,1,49,0.0296,75.001,0.179,1
0.011,0.672,263173,0.906,0,5.460000000000001e-05,2,0.0756,-10.217,1,44,0.0592,121.971,0.242,3
0.4,0.7120000000000001,230400,0.633,0,0.000231,11,0.157,-11.593,0,49,0.055,90.401,0.884,2
0.0253,0.515,67640,0.335,0,0.401,10,0.0787,-27.063,0,35,0.136,210.131,0.0623,5
0.856,0.508,135840,0.0965,0,0.012,11,0.102,-18.283,1,53,0.031,77.907,0.29600000000000004,3
0.11,0.883,226533,0.6679999999999999,0,0.000529,9,0.0734,-2.957,1,86,0.113,87.97200000000002,0.6759999999999999,1
0.112,0.509,183680,0.49,0,0.259,5,0.106,-6.977,1,45,0.0486,180.965,0.968,3
0.772,0.218,222773,0.19,0,0.7490000000000001,7,0.133,-20.281,1,41,0.0355,78.962,0.0695,5
0.992,0.63,148533,0.162,0,0.0591,6,0.13,-20.097,1,0,0.7709999999999999,59.183,0.612,7
0.0217,0.339,636267,0.35600000000000004,0,0.755,5,0.3720000000000001,-17.53,0,46,0.041,84.811,0.207,3
0.568,0.451,291928,0.246,0,0.0,7,0.0954,-12.711,1,27,0.0563,203.575,0.457,5
0.038,0.8590000000000001,175788,0.675,1,0.0,1,0.105,-6.683,1,64,0.142,99.941,0.183,1
0.7440000000000001,0.257,233901,0.452,0,0.0996,7,0.38,-12.365,1,53,0.0349,83.553,0.271,5
0.9,0.6990000000000001,180707,0.4,0,2.01e-06,10,0.0451,-13.49,1,1,0.0618,88.084,0.94,9
0.0323,0.759,224240,0.7290000000000001,0,0.0,0,0.275,-8.654,1,41,0.14300000000000002,138.545,0.6809999999999999,4
0.522,0.5760000000000001,175880,0.467,0,0.0,2,0.111,-6.32,1,41,0.0342,81.932,0.44,2
0.00149,0.488,243240,0.831,0,0.000441,3,0.336,-5.559,1,56,0.0349,142.124,0.414,1
0.979,0.366,200680,0.0563,0,0.8959999999999999,4,0.119,-25.706,1,0,0.0393,108.023,0.13,10
0.674,0.88,163027,0.485,0,1.3e-05,7,0.0373,-6.848,1,45,0.0653,108.94,0.974,2
0.307,0.807,238827,0.7020000000000001,1,0.0,6,0.111,-6.5939999999999985,0,62,0.0748,114.038,0.447,1
0.748,0.602,146680,0.952,0,0.0,9,0.0561,-4.261,0,10,0.162,165.18200000000004,0.807,7
0.904,0.605,156280,0.113,0,0.481,2,0.112,-17.480999999999998,1,35,0.0317,88.40700000000002,0.441,5
0.6829999999999999,0.6509999999999999,148053,0.614,0,0.0,7,0.217,-8.81,1,29,0.0703,119.469,0.868,6
0.142,0.495,206027,0.745,0,0.000441,11,0.194,-5.475,0,57,0.035,143.398,0.589,1
0.234,0.715,261253,0.635,0,0.000542,0,0.157,-6.345,1,39,0.0384,128.998,0.679,2
0.873,0.826,66360,0.318,0,0.8809999999999999,5,0.152,-17.333,0,4,0.0396,127.314,0.983,7
0.233,0.755,218200,0.831,0,1.77e-06,3,0.0891,-5.5760000000000005,1,51,0.0304,93.022,0.892,1
0.648,0.439,246160,0.228,0,3.55e-06,4,0.105,-17.782,1,34,0.0275,79.278,0.224,5
0.74,0.405,418947,0.6920000000000001,0,0.521,0,0.141,-13.52,1,29,0.0378,111.255,0.7390000000000001,5
0.926,0.345,252692,0.204,0,0.0165,6,0.081,-17.361,1,46,0.0364,115.052,0.17800000000000002,3
0.166,0.767,307267,0.35600000000000004,0,0.309,8,0.101,-15.502,0,35,0.106,105.404,0.271,3
0.184,0.802,166173,0.725,0,0.0,5,0.0727,-2.935,1,51,0.0321,111.154,0.966,2
0.952,0.5760000000000001,178560,0.179,0,0.0,7,0.325,-9.725,0,6,0.0327,77.65,0.4920000000000001,9
0.7909999999999999,0.14800000000000002,277733,0.0947,0,0.894,10,0.112,-20.117,1,41,0.0344,162.395,0.0808,3
0.7,0.453,238640,0.353,0,0.0,0,0.775,-13.32,0,20,0.136,95.959,0.458,6
0.00685,0.7440000000000001,383547,0.614,0,0.334,1,0.0708,-3.908,0,58,0.0838,131.994,0.774,2
0.944,0.313,244560,0.14400000000000002,0,0.92,2,0.181,-17.316,1,53,0.0368,145.162,0.303,2
0.000172,0.581,192307,0.785,0,0.00348,6,0.0889,-4.873,1,44,0.0426,93.47,0.637,2
0.99,0.565,163683,0.218,0,0.0,6,0.12,-11.362,1,0,0.195,128.227,0.535,7
0.0607,0.593,210827,0.8640000000000001,0,0.00028,7,0.114,-7.829,1,40,0.032,96.361,0.785,5
0.621,0.6829999999999999,243031,0.181,0,3.42e-06,8,0.439,-21.698,1,0,0.963,81.908,0.314,9
0.988,0.397,174398,0.0906,1,0.856,5,0.344,-21.655,1,45,0.054000000000000006,185.167,0.136,2
0.000999,0.342,253667,0.862,0,0.862,4,0.36,-13.464,0,43,0.036000000000000004,146.136,0.5920000000000001,4
0.107,0.362,312400,0.614,0,0.0012,7,0.123,-13.297,0,51,0.0961,79.432,0.664,5
0.424,0.617,280533,0.439,0,0.0,9,0.127,-5.63,1,69,0.0269,139.97899999999998,0.242,1
0.6859999999999999,0.672,171533,0.693,0,0.0,5,0.0968,-8.127,0,29,0.0389,95.431,0.8440000000000001,6
0.648,0.711,234973,0.464,0,0.00373,4,0.0846,-4.816,0,65,0.0488,127.274,0.507,1
5.96e-05,0.435,199827,0.979,0,0.000265,11,0.128,-5.154,1,49,0.105,99.956,0.611,3
0.0766,0.519,346627,0.61,0,6.49e-05,0,0.248,-10.255999999999998,1,55,0.036000000000000004,121.324,0.232,4
0.311,0.487,272093,0.939,0,0.443,0,0.385,-7.037000000000001,1,34,0.0877,105.353,0.193,4
0.878,0.34700000000000003,154933,0.109,0,0.0,5,0.34,-19.51,1,16,0.0352,84.898,0.642,7
0.994,0.5660000000000001,189200,0.47,0,0.902,2,0.161,-16.924,1,0,0.482,164.97799999999995,0.95,7
0.99,0.494,265400,0.0372,0,0.934,7,0.0959,-22.287,1,42,0.0498,93.654,0.244,2
0.145,0.439,182720,0.675,0,0.0,1,0.44,-7.062,1,48,0.354,91.415,0.945,2
0.911,0.451,172667,0.0498,0,0.0032600000000000003,1,0.103,-23.474,1,18,0.0282,69.093,0.394,6
0.993,0.6,101448,0.226,0,0.00346,0,0.366,-13.538,1,0,0.44,128.755,0.7440000000000001,9
0.715,0.622,62693,0.284,0,0.0,5,0.415,-10.967,1,40,0.0329,71.54899999999998,0.787,2
0.236,0.298,197813,0.982,0,0.0,11,0.151,-2.286,0,38,0.368,159.218,0.231,2
0.000769,0.5770000000000001,266107,0.893,0,0.000599,4,0.0719,-6.044,1,40,0.042,123.657,0.7859999999999999,4
0.932,0.54,183173,0.477,0,0.916,7,0.273,-8.588,1,40,0.031,107.727,0.342,6
0.154,0.596,278760,0.33,0,0.000971,2,0.136,-12.234000000000002,1,31,0.0248,105.903,0.48,6
0.358,0.684,172480,0.5589999999999999,0,0.0427,5,0.6409999999999999,-11.366,0,44,0.168,179.55599999999995,0.892,4
0.128,0.66,116456,0.722,0,0.0,5,0.106,-6.489,1,69,0.0341,92.605,0.6,0
0.037000000000000005,0.624,200600,0.8170000000000001,0,0.247,4,0.358,-4.4030000000000005,1,46,0.0312,113.028,0.439,1
0.0268,0.34600000000000003,140200,0.967,0,0.00148,7,0.042,-3.709,1,33,0.112,156.768,0.353,3
0.23,0.685,103700,0.124,1,0.0,11,0.254,-17.52,0,0,0.916,99.35,0.7240000000000001,9
0.000234,0.263,175947,0.974,0,1.1e-06,0,0.0698,-3.412,1,39,0.141,194.287,0.255,2
0.982,0.409,271667,0.182,0,0.0306,5,0.153,-12.279000000000002,1,0,0.0397,99.867,0.268,8
0.8059999999999999,0.688,167147,0.222,0,4.6e-05,0,0.0831,-15.974,1,10,0.0723,116.588,0.362,7
0.185,0.58,236667,0.693,0,2.33e-05,7,0.428,-12.706,1,34,0.0539,120.745,0.8029999999999999,4
0.542,0.513,200760,0.309,0,0.0,6,0.071,-11.31,0,42,0.0441,108.979,0.275,5
0.87,0.638,157240,0.188,0,0.0,5,0.0739,-16.788,1,44,0.0363,97.189,0.693,3
0.8170000000000001,0.384,251400,0.0964,0,0.000266,1,0.112,-14.009,1,46,0.0389,167.546,0.276,2
0.995,0.35700000000000004,192707,0.306,0,0.069,7,0.121,-14.339,1,0,0.0393,111.982,0.462,8
0.962,0.6970000000000001,182200,0.429,0,0.514,0,0.25,-9.241,1,4,0.0583,100.54,0.955,10
0.963,0.24,643680,0.26,0,0.919,5,0.0812,-16.337,0,23,0.0343,79.861,0.0969,6
0.955,0.474,175308,0.284,0,0.000133,4,0.34,-13.787,1,1,0.0692,176.21400000000003,0.7040000000000001,8
0.0831,0.625,662773,0.835,0,0.0842,9,0.0999,-6.476,0,49,0.0491,118.641,0.8759999999999999,5
0.0104,0.638,226321,0.703,0,0.0,7,0.132,-7.874,1,72,0.444,105.766,0.261,1
0.00842,0.532,258413,0.8740000000000001,0,0.012,9,0.452,-5.183,0,69,0.0482,91.038,0.361,1
0.532,0.644,171427,0.156,0,0.0,1,0.105,-16.529,1,56,0.0329,113.96,0.7440000000000001,6
0.965,0.469,52600,0.309,0,0.0,7,0.115,-13.694,1,55,0.091,112.412,0.235,1
0.995,0.476,178647,0.34,0,0.916,0,0.117,-15.567,1,0,0.103,91.934,0.772,9
0.752,0.741,201547,0.718,1,1.36e-06,6,0.246,-6.273,1,52,0.254,94.802,0.89,3
0.0398,0.414,321667,0.6940000000000001,0,0.000483,0,0.161,-5.9510000000000005,1,37,0.0327,114.103,0.07200000000000001,3
0.494,0.353,104493,0.962,0,0.0,11,0.648,-7.274,1,48,0.0569,183.314,0.708,4
0.103,0.833,184880,0.59,0,0.000353,0,0.0798,-7.149,1,35,0.0302,107.377,0.818,3
0.954,0.525,243853,0.217,0,0.868,0,0.118,-15.517,0,0,0.0666,154.423,0.63,9
0.00232,0.37,319373,0.857,0,0.000225,6,0.138,-7.93,1,48,0.0516,81.203,0.45,3
0.8140000000000001,0.391,147000,0.131,0,0.0,0,0.14800000000000002,-13.729,1,37,0.0294,80.982,0.478,6
0.755,0.588,190467,0.453,0,7.36e-05,0,0.145,-17.439,1,21,0.0434,90.991,0.949,7
0.345,0.629,186693,0.4920000000000001,0,0.0,4,0.132,-11.112,1,42,0.027000000000000003,94.457,0.7120000000000001,3
0.0188,0.5720000000000001,280493,0.872,0,0.0,10,0.129,-5.093,1,43,0.0676,94.032,0.381,3
0.172,0.741,240926,0.562,1,0.0,4,0.0751,-5.474,0,61,0.165,180.06799999999996,0.292,1
0.8440000000000001,0.403,154267,0.17,0,1.5e-05,10,0.115,-13.763,1,32,0.0295,98.907,0.17,3
0.000211,0.48,312360,0.923,0,0.531,11,0.106,-8.793,0,45,0.0682,96.535,0.44,4
0.894,0.61,495907,0.2,0,0.0905,5,0.13,-14.76,1,17,0.0437,96.039,0.591,7
0.682,0.395,201693,0.21600000000000005,0,0.0,4,0.135,-18.217,0,25,0.0307,92.574,0.466,6
0.945,0.6920000000000001,128067,0.07400000000000001,0,0.0,0,0.106,-15.772,1,9,0.0502,88.99,0.461,7
0.6679999999999999,0.7190000000000001,104800,0.112,1,0.0,4,0.453,-18.168,0,0,0.953,125.645,0.425,8
0.536,0.513,288493,0.575,0,0.0,10,0.13699999999999998,-3.391,1,45,0.0421,157.576,0.779,3
0.966,0.684,145972,0.197,0,0.0161,6,0.139,-11.286,1,4,0.0807,128.51,0.5660000000000001,9
0.0369,0.655,239400,0.747,0,1.29e-06,4,0.0449,-4.41,1,47,0.0333,118.054,0.613,2
0.993,0.342,186384,0.26,0,0.000298,0,0.202,-14.285,1,0,0.0543,97.017,0.284,9
0.2,0.349,248360,0.589,0,0.287,10,0.125,-10.511,1,32,0.0294,174.105,0.608,4
0.98,0.396,187040,0.35200000000000004,0,0.203,9,0.329,-10.972,1,0,0.0426,80.667,0.961,8
0.411,0.593,230173,0.267,0,2.4e-06,8,0.0689,-15.054,1,31,0.0333,128.941,0.0757,4
0.0283,0.49,320960,0.8690000000000001,0,0.097,3,0.0571,-3.007,1,39,0.0477,126.586,0.447,2
0.603,0.4320000000000001,209867,0.5579999999999999,0,1.78e-06,10,0.588,-10.249,1,24,0.0903,117.576,0.6729999999999999,5
0.865,0.293,217187,0.153,0,0.85,10,0.203,-18.989,1,41,0.0306,88.662,0.235,5
0.0475,0.606,228147,0.503,0,0.0,7,0.116,-6.678,0,60,0.155,80.04,0.31,1
0.8240000000000001,0.197,482093,0.17,0,0.77,0,0.0871,-20.589,1,0,0.0439,107.276,0.0646,8
0.917,0.496,262533,0.35200000000000004,0,0.0374,0,0.118,-10.28,1,55,0.0357,140.01,0.102,1
0.996,0.514,170467,0.127,0,0.931,5,0.115,-24.238000000000003,1,0,0.211,62.31,0.907,9
0.995,0.387,170493,0.31,0,0.902,2,0.14300000000000002,-13.253,1,0,0.168,216.083,0.706,10
0.102,0.621,242320,0.341,0,7.780000000000001e-05,9,0.0652,-11.447,1,51,0.049,98.554,0.578,6
0.904,0.547,162200,0.0994,0,6.82e-06,9,0.7,-16.988,1,27,0.1,90.142,0.208,5
0.865,0.785,111800,0.105,0,0.0,1,0.128,-15.413,1,2,0.35600000000000004,108.855,0.507,7
0.96,0.404,95843,0.112,0,0.0,11,0.0908,-9.185,1,0,0.0593,173.25099999999995,0.221,8
0.155,0.722,334627,0.532,0,0.0333,8,0.0581,-14.183,1,32,0.0329,128.532,0.755,4
0.431,0.618,185747,0.379,0,0.000605,5,0.299,-11.416,1,31,0.024,87.381,0.42,4
0.16899999999999998,0.564,183707,0.8059999999999999,0,0.0,4,0.0663,-8.227,1,47,0.063,176.405,0.633,1
0.8390000000000001,0.358,190232,0.335,0,0.000114,7,0.0913,-7.445,1,12,0.0335,148.246,0.249,6
0.738,0.459,158973,0.366,0,0.0,5,0.129,-9.267,1,28,0.166,166.16099999999997,0.569,7
0.63,0.6779999999999999,273401,0.5920000000000001,0,0.0436,11,0.0543,-11.678,0,53,0.199,99.293,0.612,5
0.0893,0.727,210462,0.496,1,0.00011,5,0.0987,-10.386,0,74,0.17800000000000002,130.061,0.504,0
0.942,0.504,152907,0.329,0,0.0,8,0.826,-11.137,1,35,0.111,169.956,0.923,7
0.943,0.835,152907,0.362,0,0.0478,9,0.0881,-14.686,0,0,0.0979,89.38600000000002,0.962,8
0.00765,0.271,106600,0.923,0,0.0,2,0.382,-3.237,1,24,0.0904,120.462,0.787,4
0.632,0.522,121893,0.0949,0,0.004220000000000001,2,0.08900000000000001,-16.346,1,49,0.0319,92.864,0.706,5
0.985,0.21600000000000005,475267,0.0943,0,0.598,4,0.129,-19.979,0,50,0.0374,66.329,0.0613,2
0.8859999999999999,0.5770000000000001,163960,0.469,0,0.465,0,0.188,-6.271,1,19,0.0333,90.155,0.329,6
0.374,0.6679999999999999,180653,0.48,0,0.000482,10,0.127,-11.302,1,18,0.0512,121.455,0.657,6
0.984,0.318,70387,0.193,0,0.0,7,0.0794,-20.884,1,0,0.0871,74.937,0.13,7
0.8859999999999999,0.622,193507,0.489,0,2.09e-05,2,0.0856,-5.19,1,2,0.0702,125.977,0.511,7
0.00151,0.35700000000000004,283227,0.828,0,0.0005269999999999999,4,0.345,-12.136,0,53,0.0482,107.126,0.624,4
0.954,0.475,185960,0.021,0,0.00301,5,0.118,-25.163,1,13,0.0408,79.01899999999998,0.203,7
0.0025,0.706,247427,0.865,0,0.0443,4,0.123,-9.032,0,31,0.0347,131.901,0.772,4
0.995,0.46,104230,0.12,0,0.938,0,0.0862,-17.785,1,48,0.0541,132.369,0.267,2
0.904,0.331,226307,0.0967,0,0.00013700000000000002,7,0.0818,-16.826,1,29,0.0331,66.541,0.111,7
0.426,0.584,194827,0.607,0,0.0,11,0.101,-6.605,1,76,0.0356,117.817,0.374,1
0.281,0.32299999999999995,594707,0.588,0,0.3720000000000001,1,0.0628,-14.566,1,5,0.0829,165.725,0.757,7
0.00239,0.477,149853,0.962,0,0.0,11,0.311,-4.23,0,39,0.0685,90.973,0.583,2
0.596,0.5720000000000001,225933,0.485,0,0.0,8,0.131,-7.3370000000000015,1,64,0.0362,81.01899999999998,0.257,2
0.818,0.5489999999999999,228440,0.147,0,0.0,7,0.338,-17.026,1,53,0.0667,76.473,0.615,7
0.7909999999999999,0.29,201333,0.17800000000000002,0,1.94e-06,2,0.187,-13.589,1,32,0.032,86.16,0.131,6
0.905,0.65,58331,0.887,0,0.0016300000000000002,4,0.802,-11.328,1,0,0.6679999999999999,128.333,0.787,8
0.161,0.684,250840,0.8109999999999999,0,0.000363,7,0.0871,-4.494,1,70,0.0714,87.866,0.721,1
0.662,0.527,315720,0.718,0,1.31e-06,2,0.971,-6.117000000000001,1,22,0.0388,76.786,0.489,4
0.995,0.455,196387,0.104,0,0.665,9,0.162,-14.734000000000002,1,0,0.0546,68.69800000000001,0.285,9
0.747,0.156,243880,0.156,0,0.463,2,0.172,-17.088,0,34,0.038,74.83,0.0566,5
0.317,0.55,166449,0.452,0,5.98e-06,0,0.726,-12.666,1,44,0.0738,78.143,0.25,5
0.812,0.516,177853,0.261,0,0.000153,4,0.208,-11.062,1,42,0.0369,119.41,0.361,2
0.996,0.6890000000000001,171224,0.166,0,0.0201,0,0.12,-13.199000000000002,1,0,0.233,123.87,0.446,9
0.992,0.358,237667,0.175,0,0.197,4,0.371,-18.265,1,0,0.0879,81.101,0.115,10
0.5329999999999999,0.767,209067,0.456,0,3.04e-05,9,0.142,-8.568999999999999,1,50,0.0282,95.277,0.645,3
0.445,0.421,123000,0.867,0,0.0,4,0.306,-7.247000000000001,1,30,0.0745,204.556,0.85,6
0.873,0.131,211373,0.13,0,0.509,1,0.28,-18.004,1,11,0.0432,78.415,0.0541,9
0.0918,0.7190000000000001,98283,0.147,1,0.000277,0,0.223,-21.525,1,0,0.7509999999999999,117.8,0.603,8
0.439,0.34600000000000003,232200,0.35100000000000003,0,4.8e-06,0,0.116,-10.717,1,18,0.0376,176.05700000000004,0.129,6
0.0145,0.816,245773,0.65,0,0.0105,11,0.103,-9.576,0,47,0.0497,117.551,0.723,3
0.971,0.6809999999999999,103840,0.261,0,0.00013000000000000002,2,0.106,-11.371,1,5,0.112,96.261,0.68,7
0.992,0.258,141400,0.0105,0,0.925,6,0.106,-35.021,1,0,0.0416,72.778,0.0368,7
0.00717,0.452,194160,0.8809999999999999,0,0.0,4,0.118,-6.447,0,44,0.0858,157.726,0.7959999999999999,3
0.489,0.758,240627,0.465,0,5.21e-05,7,0.116,-6.5470000000000015,1,62,0.0374,138.90200000000002,0.759,1
0.949,0.391,119173,0.13,0,1.28e-06,8,0.15,-10.204,1,9,0.0314,119.485,0.332,7
0.904,0.5329999999999999,302360,0.0787,0,1.6e-05,7,0.33,-20.188,1,52,0.0547,118.398,0.208,4
0.787,0.597,210040,0.295,0,0.0,9,0.416,-11.476,1,30,0.0396,91.705,0.453,5
0.209,0.752,179507,0.726,0,0.0,9,0.0525,-3.639,1,44,0.109,168.255,0.968,2
0.8220000000000001,0.5579999999999999,256867,0.58,0,2.13e-06,1,0.327,-10.671,1,35,0.462,130.938,0.902,3
0.203,0.421,287427,0.735,0,0.00746,9,0.24,-7.09,1,46,0.0364,158.003,0.604,3
0.0203,0.764,226587,0.6609999999999999,0,0.000179,5,0.179,-8.276,1,59,0.0526,92.018,0.479,1
0.0002220000000000001,0.5479999999999999,145733,0.949,0,2.13e-05,0,0.102,-6.58,1,48,0.0782,134.075,0.7829999999999999,3
0.799,0.422,213107,0.339,0,0.00125,2,0.155,-10.074,1,38,0.0266,146.173,0.198,5
0.00194,0.557,214400,0.951,0,0.000172,0,0.157,-3.003,1,48,0.033,93.974,0.528,2
0.853,0.439,192773,0.268,0,2.82e-05,5,0.13,-10.601,0,23,0.0285,95.298,0.127,5
0.000653,0.319,126520,0.995,1,0.0,0,0.274,-2.94,1,60,0.0848,155.232,0.334,4
0.974,0.395,163527,0.238,0,0.943,4,0.0797,-16.089000000000002,0,29,0.0588,182.179,0.979,6
0.349,0.55,358773,0.387,0,0.307,10,0.206,-7.922999999999999,1,45,0.0287,113.996,0.213,2
0.785,0.264,150800,0.382,0,2.62e-06,4,0.215,-8.901,1,34,0.0293,78.441,0.329,6
0.568,0.496,409779,0.28800000000000003,0,0.000621,10,0.251,-14.409,1,45,0.0443,118.858,0.16899999999999998,5
0.888,0.46,193880,0.429,0,0.00356,7,0.362,-10.092,1,0,0.0419,132.727,0.835,7
0.0896,0.493,252600,0.573,0,0.0,1,0.0413,-7.93,1,53,0.0282,77.126,0.473,2
0.921,0.278,169787,0.245,0,1.35e-05,1,0.11,-11.589,1,41,0.0311,80.52600000000002,0.173,4
0.992,0.6859999999999999,167213,0.187,0,0.938,8,0.141,-17.121,1,0,0.104,118.36,0.8190000000000001,10
0.509,0.619,108333,0.298,0,0.0,4,0.0688,-13.784,0,25,0.0546,80.523,0.722,6
0.97,0.462,211524,0.229,0,1.7800000000000002e-05,1,0.0934,-11.125,1,0,0.11,72.476,0.565,7
0.0409,0.911,156882,0.637,1,3.68e-05,8,0.238,-8.381,1,77,0.447,149.996,0.66,0
0.991,0.6629999999999999,202014,0.273,0,2.75e-05,11,0.11,-10.107,1,0,0.0425,114.63,0.599,7
0.00851,0.825,222133,0.856,1,1.4e-06,1,0.127,-1.912,1,67,0.0476,128.016,0.207,2
0.736,0.402,136573,0.203,0,0.0,9,0.133,-15.212,1,39,0.0285,89.52,0.465,6
0.0155,0.5770000000000001,187733,0.785,0,3.68e-06,2,0.162,-9.728,1,33,0.0302,99.229,0.898,5
0.00136,0.337,286707,0.8490000000000001,1,0.0,8,0.0904,-4.604,1,44,0.0456,106.395,0.685,2
0.927,0.6940000000000001,168733,0.102,0,0.0,2,0.0726,-18.846,1,4,0.0477,111.926,0.722,7
0.995,0.5870000000000001,125309,0.199,0,0.0338,4,0.46,-10.71,1,0,0.104,74.352,0.8140000000000001,8
0.163,0.393,428267,0.506,0,0.000122,9,0.448,-13.093,1,40,0.0639,137.863,0.504,4
0.982,0.485,218027,0.0341,0,0.00512,5,0.0641,-19.172,1,2,0.0472,132.016,0.316,7
0.759,0.481,162747,0.204,0,0.0,6,0.153,-14.561,1,27,0.0292,83.822,0.3,6
0.003820000000000001,0.354,257680,0.836,0,0.0229,0,0.19,-3.888,1,43,0.0497,165.02,0.235,1
0.311,0.518,232800,0.638,0,0.0566,2,0.0689,-8.386000000000001,1,47,0.0376,160.106,0.51,3
0.00539,0.503,208267,0.792,0,0.0,6,0.0762,-3.937,1,41,0.0422,92.068,0.438,2
0.8109999999999999,0.563,146067,0.154,0,0.0,4,0.0995,-15.297,0,18,0.0271,93.078,0.436,6
0.313,0.611,198240,0.706,0,0.0,8,0.053,-5.0360000000000005,1,67,0.0603,157.968,0.7240000000000001,1
0.306,0.476,145267,0.463,0,1.31e-05,5,0.0453,-10.44,1,26,0.0369,110.086,0.757,6
0.127,0.488,269813,0.858,0,0.222,9,0.313,-7.17,0,53,0.0304,141.829,0.899,4
0.995,0.6809999999999999,213316,0.0422,0,0.000106,6,0.365,-13.752,1,0,0.232,121.147,0.573,8
0.159,0.483,229960,0.6,0,0.299,5,0.521,-11.83,1,36,0.0323,109.925,0.655,4
0.992,0.34700000000000003,227053,0.0771,0,0.782,1,0.105,-24.753,0,11,0.0456,137.637,0.245,7
0.931,0.0657,118988,0.00183,0,0.98,1,0.116,-34.484,1,62,0.0462,73.61,0.0396,1
0.000336,0.397,233960,0.8490000000000001,0,0.035,0,0.0599,-7.15,1,27,0.038,142.142,0.6779999999999999,5
0.728,0.6679999999999999,248161,0.855,1,0.0,2,0.106,-5.69,1,64,0.0369,139.97,0.907,1
0.00112,0.457,220347,0.94,0,0.00107,0,0.555,-4.677,1,29,0.0441,135.309,0.735,5
0.196,0.8170000000000001,192640,0.506,0,0.0008439999999999999,0,0.208,-8.646,1,38,0.0532,113.811,0.967,4
0.885,0.53,231827,0.056,0,3.16e-06,5,0.119,-20.391,0,26,0.0485,75.229,0.173,6
0.976,0.6659999999999999,94387,0.213,0,0.00443,7,0.407,-12.595,1,15,0.0412,112.911,0.7829999999999999,6
0.72,0.6559999999999999,141773,0.196,0,0.0,8,0.0995,-16.070999999999998,1,31,0.0437,108.197,0.6759999999999999,4
3.21e-05,0.45,235667,0.8590000000000001,0,0.000202,2,0.182,-5.155,1,47,0.0516,95.778,0.463,1
0.00278,0.607,203733,0.723,0,0.0036,2,0.0889,-9.681,1,44,0.0252,103.396,0.685,3
0.547,0.85,160907,0.468,0,0.0667,2,0.106,-9.09,0,56,0.039,106.974,0.76,2
0.0439,0.642,206000,0.701,0,0.0,0,0.204,-7.985,1,30,0.0316,116.612,0.775,4
0.883,0.502,707933,0.228,0,0.113,0,0.141,-15.800999999999998,0,24,0.037000000000000005,107.823,0.189,6
0.903,0.531,162640,0.106,0,2.61e-05,2,0.13699999999999998,-20.683000000000003,1,42,0.0527,131.263,0.295,5
0.181,0.5539999999999999,258907,0.617,0,0.00029,1,0.14,-12.624,1,24,0.0743,152.553,0.927,5
0.996,0.44,47333,0.213,0,0.948,7,0.18,-18.859,0,0,0.0901,65.779,0.12,8
0.8490000000000001,0.223,254533,0.0757,0,0.9,5,0.13,-18.807,1,36,0.0366,104.036,0.0398,5
0.768,0.615,315597,0.6409999999999999,0,0.000476,4,0.698,-5.447,1,16,0.0921,102.607,0.828,7
0.987,0.545,198792,0.475,0,0.000819,10,0.1,-10.417,1,1,0.0541,145.996,0.747,8
0.317,0.321,276503,0.7090000000000001,0,0.0,11,0.0722,-7.119,1,23,0.104,62.75100000000001,0.5379999999999999,4
0.944,0.426,190733,0.145,0,1.74e-05,8,0.238,-12.005999999999998,1,44,0.0334,108.218,0.24,7
0.995,0.634,177363,0.295,0,0.059,6,0.155,-9.55,0,0,0.116,95.203,0.515,8
0.0529,0.664,235947,0.602,0,0.0,4,0.35600000000000004,-5.369,0,77,0.0412,134.049,0.289,1
0.532,0.662,340960,0.331,0,0.000125,0,0.253,-12.712,1,33,0.0581,120.228,0.408,7
0.406,0.465,261613,0.419,0,0.00367,0,0.165,-12.175999999999998,1,40,0.0287,82.45299999999997,0.5529999999999999,6
0.0375,0.8590000000000001,222333,0.687,1,0.0,9,0.0542,-2.089,0,49,0.12,102.068,0.73,2
0.961,0.327,181080,0.18600000000000005,0,0.0,8,0.117,-11.417,1,25,0.031,80.867,0.36,5
0.987,0.324,201693,0.328,0,0.823,5,0.131,-9.544,0,0,0.0469,74.146,0.401,9
0.994,0.341,130560,0.032,0,0.909,7,0.142,-28.554,1,1,0.0451,99.722,0.373,8
0.108,0.795,183000,0.496,0,0.0,0,0.0645,-5.882999999999999,1,82,0.0722,94.01,0.8740000000000001,1
0.102,0.569,187524,0.721,0,3.3799999999999995e-05,10,0.205,-5.8889999999999985,1,63,0.0375,180.06,0.927,1
0.25,0.6829999999999999,220520,0.419,0,0.000127,1,0.322,-11.7,1,27,0.0456,82.228,0.544,7
0.93,0.265,332133,0.138,0,0.0932,5,0.0973,-15.507,0,37,0.036000000000000004,57.782,0.162,6
0.11,0.6709999999999999,191600,0.314,1,0.0,5,0.0825,-8.091000000000001,0,78,0.244,110.898,0.29600000000000004,1
0.981,0.45,223533,0.238,0,3.9e-05,1,0.103,-12.588,0,0,0.0784,131.683,0.398,7
0.858,0.4970000000000001,154067,0.154,0,0.135,2,0.106,-17.792,1,53,0.0301,102.472,0.15,5
0.984,0.161,400387,0.141,0,0.8059999999999999,10,0.116,-18.709,1,0,0.0385,89.459,0.056,8
0.228,0.753,208840,0.588,0,0.00103,5,0.0449,-12.454,1,57,0.0331,118.915,0.97,4
0.8290000000000001,0.18600000000000005,164813,0.14400000000000002,0,0.0,1,0.069,-14.095,1,13,0.0356,82.05,0.133,6
0.947,0.35200000000000004,517360,0.2,0,0.108,11,0.68,-17.218,0,0,0.037000000000000005,102.069,0.0847,8
0.375,0.753,198027,0.8370000000000001,0,0.00395,9,0.35600000000000004,-10.995,1,40,0.0666,138.915,0.778,2
0.904,0.638,228533,0.454,0,0.0116,0,0.0936,-12.964,1,3,0.0416,132.125,0.87,8
0.0896,0.49,200992,0.8109999999999999,0,0.0,1,0.0898,-2.524,0,51,0.044,125.965,0.547,1
0.27,0.7609999999999999,287813,0.505,0,5.11e-05,7,0.28600000000000003,-8.356,0,57,0.0267,113.029,0.387,2
0.989,0.7440000000000001,143253,0.205,0,0.0781,3,0.103,-12.890999999999998,1,1,0.128,94.49,0.713,9
0.969,0.685,253393,0.221,0,0.026,10,0.0997,-13.098,1,11,0.0469,114.236,0.496,6
0.972,0.294,152707,0.29,0,0.0,3,0.133,-10.629,1,0,0.0359,169.933,0.657,8
0.784,0.633,104933,0.29,0,0.0,0,0.414,-12.755,1,27,0.0801,120.435,0.643,5
0.968,0.34,153800,0.23,0,0.35100000000000003,2,0.6779999999999999,-18.064,1,0,0.0533,137.394,0.12,8
0.888,0.472,154733,0.307,0,0.0,10,0.118,-11.267,1,20,0.0288,110.743,0.279,6
0.0641,0.629,144800,0.546,0,0.0004730000000000001,11,0.135,-12.581,1,20,0.0443,81.321,0.741,4
0.8170000000000001,0.383,280757,0.43,0,1.04e-06,10,0.0869,-8.644,1,66,0.0302,107.005,0.174,1
0.924,0.28,634173,0.238,0,0.605,0,0.0864,-16.496,1,0,0.0379,134.164,0.13,8
0.103,0.706,179960,0.516,0,0.00107,10,0.551,-8.378,1,51,0.032,94.428,0.748,2
0.0029,0.609,252400,0.935,0,0.000359,6,0.188,-2.9410000000000003,1,69,0.0479,95.957,0.498,2
0.992,0.507,207653,0.278,0,0.157,11,0.122,-9.55,0,0,0.0468,98.775,0.75,7
0.962,0.47,121533,0.128,0,0.0,1,0.116,-21.328000000000007,1,0,0.16899999999999998,83.052,0.239,8
0.573,0.513,219840,0.772,0,0.0,9,0.8540000000000001,-11.598,1,27,0.489,123.184,0.6890000000000001,5
0.643,0.741,135360,0.754,0,0.0,3,0.124,-5.5820000000000025,0,25,0.0653,160.14,0.933,7
0.458,0.8390000000000001,198533,0.44,0,0.00135,6,0.191,-7.112,0,18,0.0434,113.602,0.7490000000000001,5
0.84,0.53,170467,0.336,0,0.0,5,0.132,-11.140999999999998,1,15,0.041,138.108,0.679,6
0.945,0.754,145773,0.222,0,0.0255,10,0.13,-15.417,1,16,0.0402,102.737,0.5820000000000001,6
0.515,0.539,150040,0.278,0,0.0,2,0.0975,-11.065,1,39,0.0234,93.535,0.322,5
0.989,0.5670000000000001,208469,0.0341,0,0.326,0,0.0878,-17.895,0,43,0.0525,82.881,0.391,3
0.5710000000000001,0.426,288667,0.528,0,0.247,0,0.096,-10.634,1,43,0.0574,106.13,0.695,6
0.488,0.805,222476,0.6970000000000001,0,0.0,11,0.0922,-7.349,0,69,0.0363,125.842,0.721,3
0.772,0.418,162040,0.457,0,0.0,2,0.33,-7.0139999999999985,0,14,0.0541,150.898,0.596,7
0.226,0.919,239667,0.579,0,0.000288,0,0.0776,-7.337999999999999,0,60,0.059,130.205,0.941,2
0.993,0.428,316747,0.0108,0,0.924,1,0.0812,-27.554,1,52,0.0425,68.661,0.0397,2
0.412,0.5720000000000001,238760,0.635,0,0.0,8,0.142,-8.474,1,23,0.0245,93.908,0.565,5
0.527,0.693,95000,0.3,1,0.0,6,0.514,-15.463,1,0,0.935,139.705,0.595,7
0.613,0.506,170800,0.35200000000000004,0,1.01e-06,8,0.236,-9.961,1,15,0.0339,141.727,0.5660000000000001,6
0.28300000000000003,0.784,267013,0.701,0,1.6e-05,7,0.151,-10.542,1,35,0.0485,96.255,0.882,4
0.104,0.7,228827,0.6659999999999999,0,0.0,11,0.0843,-7.849,1,46,0.0275,121.005,0.462,3
0.00333,0.0751,109134,0.499,0,0.785,2,0.0618,-6.9670000000000005,1,46,0.0618,176.517,0.109,3
0.971,0.316,96147,0.349,0,1.71e-06,5,0.146,-11.009,1,0,0.0321,110.292,0.8,9
0.457,0.306,378787,0.541,0,6.06e-06,11,0.122,-8.195,0,45,0.0383,122.041,0.183,2
0.486,0.551,339467,0.17800000000000002,0,0.00662,2,0.086,-16.303,1,28,0.0434,81.518,0.292,6
2.79e-05,0.701,251973,0.878,0,0.522,7,0.0608,-7.911,1,52,0.035,130.512,0.875,2
0.964,0.6970000000000001,166973,0.14,0,4.57e-06,10,0.093,-14.259,1,7,0.0626,97.704,0.521,9
9.43e-05,0.528,220480,0.831,0,0.0,8,0.141,-3.607,1,64,0.0429,131.094,0.632,2
0.319,0.688,291867,0.679,0,0.000301,1,0.29,-11.05,0,50,0.0259,101.872,0.536,3
0.593,0.556,152493,0.395,0,5.400000000000001e-05,5,0.266,-11.594,1,14,0.0267,96.443,0.6809999999999999,6
0.0934,0.588,171289,0.438,0,6.63e-06,9,0.113,-10.339,1,19,0.0388,124.417,0.608,6
0.852,0.632,148589,0.38,1,0.0,1,0.0992,-7.073,1,60,0.0301,77.944,0.588,1
0.422,0.631,285507,0.635,0,0.00112,4,0.163,-13.902,1,42,0.0602,163.275,0.916,5
0.0638,0.6,218827,0.852,0,0.00881,5,0.321,-12.390999999999998,1,37,0.0361,126.201,0.8440000000000001,3
0.0213,0.396,425960,0.8,0,0.279,7,0.122,-10.102,1,44,0.0319,147.053,0.5329999999999999,3
0.0437,0.693,252307,0.727,0,4.63e-06,9,0.142,-9.643,1,43,0.0543,137.525,0.917,2
0.961,0.627,180741,0.355,0,0.14300000000000002,6,0.455,-11.248,0,0,0.0516,119.32,0.6970000000000001,9
0.0367,0.7440000000000001,688027,0.87,0,0.0486,11,0.115,-6.834,0,33,0.0483,122.985,0.693,3
0.00424,0.7070000000000001,249286,0.88,0,0.0379,4,0.0534,-3.2110000000000003,0,68,0.0317,105.003,0.565,1
0.13,0.7190000000000001,212733,0.455,0,1.15e-05,7,0.1,-13.214,1,52,0.0507,159.648,0.85,3
0.0384,0.879,411400,0.833,0,0.0072099999999999985,4,0.293,-8.376,0,21,0.0627,130.15200000000002,0.789,4
0.0349,0.6970000000000001,222387,0.8590000000000001,0,0.0,5,0.0931,-5.306,0,55,0.19,93.78,0.696,2
0.0647,0.647,219200,0.8,0,0.0,7,0.334,-5.384,1,63,0.165,160.078,0.942,1
0.6709999999999999,0.404,292907,0.27,0,0.000721,9,0.114,-16.076,1,23,0.0283,96.312,0.376,6
0.933,0.226,180893,0.122,0,0.252,1,0.117,-14.679,1,11,0.045,169.987,0.187,7
0.16399999999999998,0.446,197440,0.601,0,9.65e-06,9,0.166,-7.604,0,54,0.0276,108.464,0.735,2
0.0873,0.614,155467,0.677,0,0.0346,9,0.118,-10.491,0,24,0.0642,99.472,0.292,5
0.000204,0.355,147000,0.972,1,0.0,4,0.173,-3.551,1,44,0.0599,144.809,0.745,3
0.821,0.53,157200,0.326,0,0.0,3,0.0663,-13.556,1,8,0.0779,182.828,0.871,7
0.857,0.365,126973,0.274,0,0.962,4,0.16899999999999998,-14.778,0,27,0.0308,79.081,0.355,6
0.0119,0.799,224493,0.69,0,2.87e-05,11,0.133,-4.998,0,57,0.0749,129.297,0.8959999999999999,2
0.278,0.768,177773,0.809,0,0.0,4,0.139,-4.204,0,67,0.0616,111.989,0.748,1
0.536,0.49,173027,0.652,0,0.723,7,0.139,-9.877,1,29,0.0547,83.741,0.77,6
0.0516,0.633,330533,0.823,0,0.000496,5,0.188,-5.7920000000000025,1,57,0.0287,115.107,0.444,3
0.626,0.6409999999999999,116027,0.8340000000000001,0,0.000534,7,0.131,-7.831,1,46,0.242,120.948,0.8490000000000001,2
0.155,0.831,152867,0.65,0,0.262,9,0.105,-4.508,1,59,0.06,101.681,0.826,6
0.5429999999999999,0.56,140120,0.715,0,0.000743,0,0.99,-11.767,1,46,0.0817,137.365,0.968,3
0.172,0.5770000000000001,218107,0.5479999999999999,0,0.0213,4,0.0692,-7.816,1,38,0.026,80.9,0.522,5
0.799,0.35,194200,0.259,0,0.0,10,0.161,-13.647,1,3,0.0504,77.777,0.188,8
0.259,0.711,216280,0.5539999999999999,0,3.39e-05,7,0.0832,-5.109,1,48,0.0347,114.967,0.746,2
0.235,0.509,174781,0.687,0,0.0,1,0.8740000000000001,-11.207,1,21,0.0454,104.315,0.721,4
0.7829999999999999,0.561,179400,0.361,0,0.0,0,0.112,-14.281,1,16,0.0328,119.324,0.799,6
0.695,0.551,120373,0.987,0,0.753,8,0.482,-8.292,1,17,0.0664,95.185,0.419,6
0.00232,0.378,370507,0.585,0,0.28,2,0.11,-7.766,1,47,0.0296,129.906,0.274,3
0.076,0.899,234320,0.626,0,0.0,6,0.0631,-4.228,0,67,0.292,88.007,0.873,1
0.366,0.629,138467,0.53,0,0.0,7,0.313,-12.481,0,45,0.0998,151.80100000000004,0.905,4
0.0715,0.691,181573,0.795,0,0.0,10,0.0932,-5.38,0,42,0.0439,146.144,0.64,2
0.0227,0.5660000000000001,297387,0.581,0,0.0008150000000000001,5,0.16699999999999998,-6.933,1,39,0.0245,100.117,0.326,2
0.994,0.516,202000,0.198,0,0.0915,8,0.13699999999999998,-15.245,1,0,0.0693,66.941,0.5329999999999999,10
0.0132,0.56,244400,0.209,1,0.551,7,0.342,-13.591,1,35,0.039,140.744,0.407,3
0.00368,0.631,243040,0.8909999999999999,0,0.00124,0,0.157,-4.202,1,54,0.0998,119.96,0.677,1
0.000282,0.343,269773,0.981,0,0.00048,7,0.111,-3.574,1,41,0.206,83.796,0.354,3
0.7759999999999999,0.253,140667,0.303,0,0.0,9,0.0959,-10.364,1,31,0.0303,80.146,0.308,6
0.804,0.6779999999999999,157720,0.607,0,0.0,1,0.316,-8.508,1,9,0.0408,138.481,0.885,7
0.7,0.41,219480,0.277,0,0.0,7,0.196,-11.630999999999998,1,24,0.0373,92.56,0.453,6
0.941,0.281,197867,0.18600000000000005,0,8.6e-05,1,0.0974,-11.457,1,11,0.0316,86.97399999999998,0.15,7
0.912,0.496,427333,0.23,0,0.687,10,0.304,-12.69,0,9,0.0383,121.581,0.376,7
0.986,0.0657,207600,0.0207,0,0.8490000000000001,6,0.303,-30.377,0,12,0.0492,59.357,0.0399,7
0.9,0.447,172093,0.269,0,0.00549,6,0.117,-12.853,0,0,0.0748,118.095,0.479,8
0.0629,0.7709999999999999,423000,0.8240000000000001,0,0.0318,9,0.787,-10.088,1,46,0.057,120.247,0.746,4
0.989,0.526,151440,0.41,0,0.889,9,0.562,-12.451,1,0,0.039,67.15100000000001,0.917,8
0.989,0.257,192727,0.0317,0,0.944,8,0.16,-23.03,1,64,0.0424,205.506,0.268,1
0.199,0.7809999999999999,260707,0.698,0,0.003820000000000001,9,0.0716,-7.126,0,26,0.0543,123.527,0.924,4
0.8290000000000001,0.44,112893,0.674,0,0.0,1,0.324,-11.871,1,14,0.042,130.559,0.398,6
0.0564,0.685,183138,0.667,1,0.0,8,0.115,-3.837,1,69,0.0365,95.518,0.643,1
0.8220000000000001,0.472,348507,0.35600000000000004,0,0.631,9,0.112,-15.277,1,45,0.0374,97.295,0.229,6
0.042,0.785,218960,0.737,0,0.000107,9,0.108,-5.306,1,71,0.0363,125.447,0.971,4
0.335,0.478,180173,0.5670000000000001,0,0.0,5,0.127,-8.855,1,32,0.0485,128.924,0.536,5
0.294,0.675,248920,0.409,0,0.000596,0,0.119,-10.707,0,61,0.0423,79.954,0.308,1
0.595,0.738,192333,0.5539999999999999,0,0.00241,2,0.0852,-13.038,1,26,0.0336,94.192,0.645,6
0.99,0.364,173707,0.155,0,0.00207,9,0.0931,-13.354,1,0,0.0721,70.47399999999998,0.237,8
0.779,0.522,151947,0.557,0,0.252,2,0.205,-9.608,0,25,0.0277,87.859,0.8109999999999999,6
0.101,0.889,238640,0.512,0,0.0,9,0.0784,-8.586,1,46,0.475,92.496,0.855,3
0.0112,0.555,267613,0.625,0,4.18e-05,8,0.128,-5.746,1,43,0.028,137.95,0.259,1
0.272,0.446,194907,0.735,0,0.0031100000000000004,6,0.573,-5.752999999999999,0,28,0.0367,104.882,0.333,6
0.74,0.345,187157,0.193,0,4.2e-06,6,0.117,-10.236,0,58,0.0328,77.547,0.268,1
0.247,0.634,99500,0.247,1,0.0,11,0.528,-16.23,0,0,0.949,170.27599999999995,0.495,10
0.0148,0.569,219733,0.968,1,0.0,2,0.0892,-5.202000000000001,1,34,0.198,152.165,0.7,2
0.0282,0.429,329200,0.78,0,0.0,7,0.297,-9.139,1,40,0.053,138.834,0.218,4
0.149,0.29100000000000004,249533,0.804,0,5.23e-06,9,0.298,-8.329,1,35,0.0628,178.046,0.483,3
0.928,0.401,157331,0.226,0,0.00594,7,0.294,-14.406,1,11,0.0275,67.044,0.519,6
0.341,0.6409999999999999,187680,0.508,0,0.0,10,0.14400000000000002,-9.683,1,45,0.0289,138.251,0.334,2
0.963,0.331,304507,0.0496,0,0.128,9,0.107,-23.638,0,0,0.0449,117.385,0.118,8
0.0714,0.743,171210,0.753,1,3.02e-06,1,0.08800000000000001,-4.479,1,66,0.0424,157.046,0.6970000000000001,0
0.0181,0.5579999999999999,261227,0.604,0,0.0,7,0.503,-7.892,0,48,0.0529,120.159,0.32299999999999995,2
0.209,0.845,145547,0.76,1,0.0,1,0.105,-6.007999999999999,0,69,0.362,101.91,0.516,1
0.677,0.599,364240,0.448,0,0.444,7,0.156,-16.264,0,21,0.0338,147.055,0.759,4
0.051,0.626,221096,0.55,0,0.0,9,0.118,-5.105,0,71,0.029,133.976,0.123,1
0.995,0.35700000000000004,252533,0.526,0,0.000197,3,0.33,-6.672999999999999,1,0,0.0403,81.42,0.5710000000000001,9
0.974,0.391,168512,0.114,0,0.949,2,0.183,-11.505999999999998,0,52,0.0329,70.197,0.139,7
0.00778,0.6679999999999999,277000,0.6970000000000001,0,1.36e-05,5,0.134,-7.982,0,43,0.0351,100.008,0.6809999999999999,3
0.939,0.629,181640,0.333,0,0.198,5,0.13699999999999998,-13.424,1,44,0.029,79.09899999999998,0.18,5
0.0183,0.477,212093,0.7879999999999999,0,1.78e-06,10,0.294,-4.46,1,58,0.0362,129.967,0.255,1
0.8740000000000001,0.0935,1298000,0.197,0,0.929,7,0.124,-17.291,1,23,0.0416,87.855,0.0339,6
0.0237,0.593,172507,0.688,0,0.0,9,0.284,-10.984000000000002,1,32,0.0343,106.12,0.428,4
0.102,0.87,328893,0.563,0,0.000232,0,0.0895,-11.493,1,44,0.124,119.782,0.537,3
0.975,0.67,170627,0.165,0,0.154,7,0.306,-12.13,1,13,0.0459,142.661,0.8,8
0.972,0.233,164080,0.384,0,0.914,5,0.0792,-15.317,1,0,0.0403,84.771,0.415,8
0.237,0.478,242773,0.748,0,0.752,2,0.0822,-10.384,1,26,0.0934,115.842,0.772,4
0.984,0.271,392347,0.135,0,0.889,9,0.0888,-19.604,1,4,0.0455,178.451,0.101,8
0.7859999999999999,0.474,115267,0.38,0,0.0,9,0.267,-11.277,1,23,0.0302,136.947,0.833,6
0.64,0.583,184267,0.324,0,0.0,5,0.0986,-13.087,1,25,0.0493,101.305,0.78,6
0.927,0.421,80167,0.11,0,0.0,5,0.311,-17.304000000000002,1,0,0.037000000000000005,93.406,0.349,8
0.0151,0.764,265827,0.785,1,0.0,1,0.0493,-4.096,1,42,0.369,95.959,0.777,2
0.0425,0.434,209493,0.939,0,0.0,4,0.491,-2.983,0,68,0.0593,159.93200000000004,0.569,2
0.00269,0.246,222733,0.92,0,0.0,0,0.0471,-5.83,0,29,0.173,172.699,0.586,4
0.7759999999999999,0.614,174440,0.625,0,0.000327,4,0.157,-10.019,1,26,0.0322,139.496,0.961,6
0.906,0.493,286720,0.33,0,4.24e-06,10,0.416,-11.011,0,34,0.161,169.048,0.403,4
0.974,0.619,145127,0.32,0,0.000131,7,0.212,-13.681,1,0,0.0971,122.615,0.76,7
0.00499,0.63,286453,0.78,1,0.0,6,0.206,-5.353,1,59,0.221,155.779,0.281,2
0.406,0.78,234707,0.456,0,0.0,7,0.101,-11.843,1,43,0.031,97.19,0.631,3
0.773,0.5429999999999999,318187,0.266,0,0.207,5,0.0802,-16.854,0,47,0.0304,129.826,0.54,3
0.398,0.284,247467,0.733,0,0.0007,2,0.7440000000000001,-12.012,1,24,0.0741,109.888,0.334,5
0.738,0.6759999999999999,125533,0.596,0,0.0,5,0.117,-10.629,0,26,0.0362,108.709,0.809,6
0.7040000000000001,0.487,191427,0.478,0,0.0,8,0.121,-5.91,0,61,0.0536,137.799,0.28800000000000003,1
0.444,0.391,213667,0.202,0,0.0,4,0.28600000000000003,-17.776,1,34,0.0323,122.649,0.15,4
2.94e-06,0.307,397360,0.977,0,0.0275,11,0.0939,-6.198,0,28,0.0723,150.739,0.603,4
0.0776,0.775,104387,0.266,0,0.0,8,0.0917,-21.866,1,0,0.956,62.933,0.7120000000000001,8
0.0701,0.8809999999999999,255307,0.6970000000000001,1,9.57e-06,11,0.274,-8.374,0,1,0.132,124.037,0.726,0
0.546,0.469,167707,0.636,0,2.96e-06,7,0.0899,-5.759,1,19,0.0335,137.108,0.728,6
0.836,0.51,281307,0.307,0,0.862,0,0.0669,-16.963,1,0,0.0444,157.437,0.28300000000000003,8
0.45,0.698,225173,0.805,0,0.0,5,0.14400000000000002,-7.023,0,29,0.0461,95.85,0.926,5
0.101,0.431,373400,0.524,0,0.531,6,0.106,-16.407,0,22,0.0583,141.097,0.662,4
0.99,0.438,206698,0.135,0,0.6709999999999999,5,0.257,-13.295,1,0,0.0852,139.05100000000002,0.201,9
0.198,0.718,381560,0.708,0,0.00267,11,0.0629,-8.818,1,39,0.0339,119.747,0.272,4
0.969,0.207,292853,0.128,0,0.000184,2,0.0672,-13.19,1,18,0.0452,74.01899999999998,0.0391,7
0.934,0.535,37426,0.222,0,0.00418,6,0.109,-16.79,1,2,0.0435,81.044,0.285,8
0.471,0.534,288984,0.906,1,0.0,1,0.782,-2.316,1,53,0.349,174.058,0.499,1
0.945,0.439,219599,0.236,0,0.0,5,0.203,-11.755,0,26,0.0462,130.575,0.3720000000000001,6
0.119,0.457,232000,0.417,0,0.0,10,0.113,-8.458,1,37,0.0303,120.164,0.212,3
0.00146,0.635,223867,0.491,0,0.171,0,0.0426,-15.557,1,30,0.0323,114.164,0.785,4
0.199,0.5489999999999999,140600,0.725,0,0.0,0,0.17800000000000002,-8.512,1,37,0.0431,134.64,0.878,4
0.439,0.495,122298,0.362,0,1.67e-05,2,0.127,-8.737,1,52,0.0539,104.937,0.198,1
0.46,0.695,179172,0.573,0,0.0734,4,0.482,-8.597000000000001,0,70,0.106,99.939,0.408,1
0.17800000000000002,0.376,242012,0.723,0,0.0,7,0.0815,-2.951,1,62,0.046,84.146,0.16699999999999998,1
0.397,0.58,237067,0.37,0,1.99e-05,10,0.213,-12.825,1,18,0.0267,111.573,0.382,4
0.569,0.539,348760,0.458,0,0.158,10,0.0778,-10.19,0,8,0.0431,126.69,0.534,6
0.0945,0.7859999999999999,271933,0.518,0,0.00214,7,0.303,-9.077,1,35,0.0386,144.57299999999995,0.821,4
0.909,0.289,266773,0.108,0,0.845,10,0.107,-18.837,1,28,0.0371,102.582,0.19,6
0.00135,0.735,264360,0.6409999999999999,0,0.89,6,0.228,-11.343,1,49,0.0959,113.402,0.481,2
0.114,0.343,383360,0.841,0,0.747,9,0.384,-7.237,0,44,0.047,134.881,0.508,3
0.994,0.482,195840,0.285,0,0.0461,7,0.17800000000000002,-8.679,1,0,0.0649,70.932,0.675,9
0.0273,0.511,220133,0.913,0,0.00569,0,0.0864,-4.379,0,40,0.0323,121.451,0.856,4
0.000155,0.542,226000,0.894,0,0.00104,1,0.116,-5.025,1,42,0.0537,119.128,0.336,2
0.909,0.486,207187,0.251,0,2.23e-05,5,0.162,-17.785,1,31,0.031,150.118,0.612,5
0.261,0.547,172867,0.82,0,0.0,8,0.3,-6.728,1,76,0.0805,118.208,0.933,5
0.217,0.495,272947,0.653,0,0.000458,7,0.334,-6.769,0,64,0.0361,80.89699999999998,0.5710000000000001,2
0.7929999999999999,0.511,763333,0.493,0,3.98e-06,7,0.342,-9.501,1,1,0.0305,158.17600000000004,0.856,7
0.92,0.269,264227,0.13699999999999998,0,0.0,2,0.163,-14.952,1,9,0.0474,80.23100000000002,0.17,7
0.119,0.152,205811,0.206,0,0.993,3,0.885,-21.57800000000001,0,64,0.0574,108.785,1e-05,1
0.971,0.885,181493,0.417,0,0.139,4,0.487,-6.256,1,0,0.071,119.889,0.867,9
0.112,0.69,225987,0.902,0,0.0,6,0.175,-4.269,0,67,0.0407,92.988,0.7859999999999999,1
0.708,0.595,171040,0.7170000000000001,0,0.00302,2,0.28,-8.908,1,22,0.0334,118.629,0.787,6
0.981,0.247,183147,0.174,0,0.0138,10,0.0771,-13.928,0,0,0.0484,64.935,0.14,8
0.00359,0.6509999999999999,204413,0.835,1,0.0,6,0.118,-5.768,1,63,0.0464,150.058,0.87,1
0.0437,0.391,218773,0.63,0,0.00115,3,0.113,-6.7639999999999985,0,43,0.0274,174.04,0.134,2
0.0738,0.639,233867,0.495,0,0.0,5,0.0682,-10.783,0,41,0.35600000000000004,175.982,0.833,3
0.00072,0.493,227867,0.516,0,0.229,2,0.121,-13.071,1,48,0.0295,139.865,0.621,4
0.103,0.279,496573,0.472,0,0.8740000000000001,4,0.063,-16.42,1,54,0.0295,115.13,0.135,2
0.0327,0.485,308947,0.8370000000000001,0,0.339,0,0.21600000000000005,-7.302,1,22,0.0675,141.076,0.708,5
0.383,0.7090000000000001,104000,0.124,1,0.0,11,0.221,-16.859,0,0,0.92,85.852,0.863,9
0.91,0.214,175227,0.423,0,0.000768,2,0.0961,-10.009,1,30,0.0353,76.29899999999998,0.209,6
0.416,0.474,162600,0.382,0,0.0,3,0.0947,-11.538,1,15,0.0342,108.855,0.6859999999999999,6
0.0694,0.71,205680,0.705,0,0.0,1,0.118,-7.686,1,55,0.441,109.536,0.473,1
0.964,0.364,822307,0.189,0,0.82,2,0.0769,-22.125,0,49,0.0425,111.408,0.28300000000000003,3
0.00297,0.97,164960,0.578,1,0.0,6,0.368,-14.512,0,30,0.187,113.01,0.631,3
0.867,0.539,94480,0.174,0,1.32e-06,9,0.116,-18.556,0,33,0.081,97.697,0.611,4
0.901,0.0629,194813,0.0871,0,0.97,5,0.131,-20.987,1,0,0.0463,57.113,0.035,9
0.981,0.499,307693,0.0255,0,0.841,7,0.11,-26.527,1,14,0.043,49.33,0.0519,6
0.189,0.5589999999999999,114600,0.8690000000000001,0,0.0,2,0.0716,-6.7170000000000005,1,24,0.102,118.696,0.451,6
0.336,0.324,193467,0.378,0,0.6829999999999999,7,0.2,-16.164,1,33,0.0399,130.879,0.424,6
0.34600000000000003,0.401,129333,0.213,0,1.05e-05,1,0.0596,-13.124,1,50,0.0545,110.611,0.6779999999999999,6
0.85,0.555,265987,0.765,0,0.0,1,0.7,-6.232,0,41,0.892,97.404,0.624,2
0.962,0.379,141400,0.0638,0,0.0,4,0.156,-16.699,0,22,0.0346,83.846,0.265,4
0.0225,0.765,241133,0.601,1,0.0,11,0.385,-9.326,0,57,0.203,85.928,0.368,3
0.633,0.474,388360,0.879,0,0.0,4,0.16,-3.979,0,2,0.115,91.09,0.6709999999999999,0
0.501,0.523,147333,0.611,0,1.19e-06,1,0.158,-11.193,1,13,0.0535,135.151,0.64,6
0.98,0.511,200647,0.285,0,0.0020800000000000003,4,0.151,-13.527,0,0,0.0454,123.51,0.69,8
0.674,0.764,182973,0.748,0,0.00129,4,0.0762,-9.733,1,26,0.034,124.903,0.922,6
0.994,0.639,184416,0.146,0,0.000505,1,0.0813,-7.212999999999999,0,0,0.376,167.125,0.745,8
0.7809999999999999,0.718,1057141,0.243,0,0.0,0,0.112,-18.562,1,0,0.96,127.488,0.609,9
0.00982,0.223,248440,0.794,0,0.381,11,0.115,-10.013,0,39,0.0372,196.237,0.916,2
0.486,0.632,266227,0.565,0,0.0,10,0.3,-8.669,1,50,0.027000000000000003,128.821,0.616,5
0.254,0.5429999999999999,135000,0.885,0,0.00192,5,0.07200000000000001,-7.452000000000001,0,0,0.36,141.357,0.831,8
0.816,0.339,149773,0.312,0,1.07e-05,10,0.284,-13.032,1,20,0.0332,97.343,0.219,7
0.979,0.378,227239,0.05,0,0.92,3,0.106,-18.012999999999995,1,0,0.0359,69.956,0.11,9
0.134,0.6940000000000001,173480,0.78,0,0.0,0,0.19,-6.047999999999999,1,42,0.05,113.98,0.935,2
0.655,0.555,177133,0.341,0,2.82e-06,6,0.13699999999999998,-10.357,1,32,0.0285,139.335,0.184,3
0.442,0.556,178333,0.425,0,1.56e-05,7,0.133,-13.542,1,36,0.0326,129.53799999999998,0.376,5
0.552,0.556,118361,0.64,1,0.0,11,0.215,-7.504,1,71,0.445,88.399,0.703,1
0.0589,0.7759999999999999,216187,0.575,1,0.0,4,0.349,-10.613,1,34,0.117,144.15,0.34,3
0.0419,0.49,332333,0.774,0,0.708,1,0.175,-10.854,1,40,0.0573,89.37100000000002,0.8079999999999999,5
0.097,0.662,194080,0.586,0,0.00272,0,0.115,-8.821,1,69,0.0307,90.0,0.29600000000000004,1
0.0186,0.916,217493,0.5379999999999999,0,0.0,11,0.11,-10.918,0,38,0.405,99.386,0.698,4
0.87,0.725,171547,0.16699999999999998,0,0.0,0,0.232,-14.842,1,1,0.0477,97.034,0.629,9
0.888,0.545,310667,0.0145,0,0.0903,5,0.156,-23.17,1,42,0.0441,102.057,0.133,6
0.735,0.642,160000,0.654,0,7.46e-06,2,0.081,-8.637,1,36,0.0259,94.758,0.754,5
0.93,0.225,156907,0.14800000000000002,0,0.755,7,0.163,-18.309,1,43,0.0333,69.733,0.104,2
0.7709999999999999,0.525,373467,0.433,0,0.0021,7,0.204,-13.33,0,9,0.0367,106.792,0.725,7
0.927,0.528,269853,0.115,0,0.557,10,0.232,-21.438,0,22,0.0328,61.512,0.0874,6
0.747,0.318,216573,0.399,0,3.13e-05,0,0.4,-7.322999999999999,1,35,0.0326,99.942,0.419,4
0.747,0.542,141326,0.459,0,0.969,2,0.188,-11.936,1,2,0.0319,135.523,0.93,7
0.00336,0.453,470667,0.8190000000000001,0,0.0021,5,0.8909999999999999,-10.938,1,30,0.16899999999999998,139.127,0.45,6
0.987,0.366,188709,0.134,0,0.778,5,0.123,-22.56900000000001,0,0,0.0457,115.967,0.252,8
0.181,0.777,232840,0.493,0,0.0,2,0.108,-6.516,1,61,0.126,134.086,0.82,2
0.731,0.6659999999999999,165733,0.6659999999999999,0,0.000291,0,0.0557,-9.875,1,24,0.0295,107.918,0.705,5
0.987,0.309,191893,0.159,0,0.907,3,0.157,-19.26,1,9,0.0308,59.195,0.092,8
0.992,0.7,189507,0.389,0,0.7490000000000001,0,0.6759999999999999,-8.506,1,0,0.0863,108.31,0.911,9
0.599,0.503,155573,0.32,0,0.0,1,0.477,-10.865,1,5,0.0589,135.751,0.7,7
0.00298,0.527,268707,0.8190000000000001,0,0.000152,9,0.0606,-3.374,0,53,0.0422,140.02,0.14300000000000002,1
0.698,0.504,176707,0.466,0,0.0,7,0.111,-5.319,1,28,0.0264,97.613,0.67,4
0.2,0.56,199619,0.836,0,1.06e-06,5,0.314,-4.022,0,54,0.0821,127.643,0.38,1
0.212,0.418,224787,0.688,0,0.00964,11,0.705,-5.515,1,53,0.0265,150.03,0.319,1
0.523,0.529,186867,0.541,0,2.56e-05,5,0.96,-10.722,1,28,0.028,95.04,0.603,4
0.012,0.604,253840,0.601,0,0.00196,3,0.0867,-8.602,1,33,0.0373,170.537,0.758,4
0.7879999999999999,0.551,337707,0.29600000000000004,0,3.34e-05,9,0.128,-15.398,1,40,0.0284,95.014,0.215,5
0.255,0.644,215787,0.451,0,0.000278,4,0.11,-12.758,1,35,0.0273,149.381,0.443,3
0.0283,0.68,262133,0.523,0,0.0,10,0.274,-5.9929999999999986,1,39,0.146,112.812,0.614,2
0.384,0.4970000000000001,267707,0.578,0,0.667,3,0.377,-12.139,1,22,0.0447,186.593,0.912,5
0.961,0.76,79773,0.219,0,0.944,7,0.416,-18.5,1,7,0.0521,115.765,0.885,8
0.00222,0.465,165667,0.89,0,0.00143,5,0.309,-6.141,0,14,0.0345,129.724,0.521,6
0.000303,0.491,245293,0.937,0,0.0274,6,0.447,-4.561,0,34,0.0403,137.738,0.612,4
0.217,0.5670000000000001,166333,0.626,0,0.0,5,0.423,-13.587,1,35,0.0419,134.77700000000002,0.759,5
0.0544,0.622,288987,0.629,0,0.00015800000000000002,6,0.264,-8.821,0,62,0.0276,88.02600000000002,0.4920000000000001,3
0.978,0.451,163493,0.275,0,2.01e-06,8,0.174,-12.328,1,16,0.0448,187.043,0.477,9
0.624,0.665,136493,0.314,0,0.0,9,0.0804,-11.025,1,24,0.0305,120.885,0.895,4
0.105,0.402,167160,0.831,0,1.28e-06,8,0.105,-5.276,1,43,0.0597,82.336,0.635,2
0.994,0.505,192766,0.0537,0,0.000828,0,0.165,-11.25,1,0,0.324,65.795,0.721,7
0.653,0.705,117533,0.526,0,3.56e-06,10,0.0921,-11.247,0,9,0.04,124.554,0.909,7
0.015,0.855,178600,0.614,1,0.0,11,0.307,-8.984,0,55,0.41,105.986,0.495,3
0.338,0.483,126800,0.632,0,0.0,9,0.377,-6.877999999999999,1,26,0.0302,148.222,0.935,6
0.0379,0.653,251760,0.943,0,0.0,9,0.0989,-7.315,1,63,0.0515,122.586,0.925,3
0.555,0.75,331720,0.6759999999999999,0,0.0011,10,0.883,-5.282,1,49,0.0476,122.202,0.934,2
0.685,0.6990000000000001,130173,0.467,0,0.0,4,0.315,-8.578,0,69,0.0375,119.287,0.764,6
0.527,0.6759999999999999,202373,0.688,0,0.00128,7,0.687,-9.089,1,25,0.027000000000000003,135.319,0.89,5
0.0171,0.5770000000000001,210156,0.535,0,0.0229,2,0.262,-13.232,1,28,0.0307,101.291,0.4970000000000001,6
0.889,0.32,639787,0.394,0,0.865,10,0.0468,-10.185,1,33,0.0346,131.233,0.107,4
0.0487,0.6679999999999999,215147,0.78,1,0.0,7,0.107,-6.481,1,65,0.0901,170.032,0.7390000000000001,1
0.191,0.624,269720,0.5539999999999999,0,0.00131,2,0.299,-8.113,1,65,0.0225,97.031,0.311,2
0.996,0.578,178933,0.0954,0,0.51,1,0.0988,-16.176,1,0,0.12,129.809,0.703,8
0.979,0.28300000000000003,167733,0.0168,0,9.06e-05,1,0.101,-23.882,1,39,0.0343,84.50200000000002,0.0656,3
0.98,0.233,66027,0.29600000000000004,0,0.8740000000000001,0,0.14300000000000002,-16.314,1,0,0.0367,181.461,0.278,8
0.982,0.191,384893,0.112,0,0.904,0,0.101,-25.688,0,41,0.0394,139.19799999999998,0.328,4
0.75,0.589,253637,0.515,0,0.279,3,0.229,-7.593,1,6,0.0346,78.861,0.716,7
0.0396,0.742,198067,0.853,0,0.0,7,0.0664,-7.832000000000002,1,42,0.034,135.02,0.963,3
0.986,0.394,346160,0.0755,0,0.845,7,0.165,-17.782,1,33,0.035,65.40899999999999,0.208,7
0.565,0.431,242813,0.39,0,0.0,9,0.873,-11.996,1,29,0.0394,135.248,0.277,4
0.117,0.677,276000,0.5,0,0.0109,5,0.0648,-7.838999999999999,1,50,0.0248,93.051,0.525,4
0.193,0.471,216093,0.897,0,0.0,9,0.196,-2.27,1,70,0.0597,159.958,0.7190000000000001,1
0.994,0.521,191493,0.161,0,0.873,10,0.194,-10.172,1,0,0.0868,165.015,0.7170000000000001,10
0.0481,0.71,265467,0.627,0,0.000111,9,0.0825,-10.624,0,27,0.0286,130.878,0.835,4
0.925,0.604,155613,0.0302,0,0.0917,4,0.11,-14.884,1,0,0.0791,73.047,0.174,8
0.35100000000000003,0.455,97907,0.94,1,0.154,7,0.324,-8.465,1,38,0.039,96.009,0.602,3
0.995,0.393,191411,0.168,0,0.965,10,0.0993,-16.686,1,0,0.0401,71.343,0.512,9
0.192,0.507,302533,0.488,0,0.76,8,0.111,-15.063,1,54,0.0449,103.023,0.0369,2
0.995,0.35200000000000004,127147,0.078,0,0.938,8,0.0834,-27.965,1,0,0.0341,68.532,0.101,9
0.119,0.657,253787,0.985,0,0.0,5,0.6409999999999999,-3.22,1,58,0.109,150.03799999999995,0.7759999999999999,2
0.394,0.397,117080,0.39,0,2.13e-05,11,0.239,-17.695,1,29,0.0324,150.599,0.887,6
0.7240000000000001,0.605,251733,0.197,0,3.87e-06,1,0.223,-16.459,1,57,0.0403,109.764,0.171,3
0.959,0.266,183693,0.0248,0,6.04e-05,10,0.0978,-24.497,1,36,0.0467,132.519,0.0617,3
0.14400000000000002,0.746,179560,0.611,0,3.63e-05,10,0.0737,-7.726,1,45,0.23,152.31,0.823,3
0.449,0.64,142000,0.5429999999999999,0,1.7e-06,5,0.0811,-11.737,1,37,0.14300000000000002,91.23,0.545,4
0.912,0.439,133907,0.337,0,0.00852,5,0.224,-12.681,1,20,0.0548,180.211,0.7,6
0.000312,0.17600000000000002,271493,0.9,0,0.0116,2,0.218,-5.284,1,46,0.0581,82.43700000000003,0.253,4
0.000371,0.5920000000000001,235533,0.746,0,0.0,2,0.284,-4.975,1,51,0.0548,165.97299999999996,0.49,1
0.959,0.442,201227,0.579,0,0.0004940000000000001,3,0.138,-7.641,0,0,0.0386,107.165,0.743,8
0.974,0.219,243587,0.131,0,0.0064,9,0.539,-14.048,0,1,0.035,173.72,0.15,8
0.995,0.375,169253,0.319,0,0.8740000000000001,4,0.172,-15.537,1,0,0.0441,163.387,0.908,10
0.3,0.44,145800,0.6990000000000001,0,0.0,5,0.0496,-9.379,1,13,0.124,187.095,0.748,7
0.561,0.485,207107,0.551,0,0.0,0,0.0691,-14.813,1,39,0.131,94.601,0.471,4
0.8290000000000001,0.349,465893,0.447,0,0.0,7,0.7090000000000001,-16.634,1,21,0.484,79.335,0.262,6
0.393,0.6509999999999999,244693,0.5529999999999999,0,0.00691,2,0.154,-10.1,1,60,0.0269,88.095,0.607,3
0.0153,0.6609999999999999,220653,0.733,0,0.0,0,0.0982,-2.7,0,61,0.0434,143.93200000000004,0.612,1
0.0207,0.459,106693,0.966,0,0.0,11,0.215,-3.678,0,53,0.0924,147.624,0.7290000000000001,4
0.995,0.354,213800,0.0616,0,0.168,9,0.121,-20.233,1,0,0.0583,91.318,0.29100000000000004,8
0.753,0.547,661853,0.4920000000000001,0,0.1,5,0.119,-12.364,1,18,0.0358,123.351,0.525,6
0.00972,0.564,233907,0.8490000000000001,0,0.784,8,0.108,-8.352,1,46,0.0595,128.68,0.503,3
0.124,0.45,235667,0.969,0,1.7100000000000002e-05,2,0.315,-3.61,1,30,0.0652,96.155,0.302,4
0.955,0.415,256300,0.104,0,3.79e-06,0,0.104,-11.83,1,72,0.0426,82.006,0.18,1
0.0834,0.642,191720,0.6829999999999999,0,0.0,1,0.155,-5.386,1,72,0.262,154.881,0.584,1
0.217,0.34700000000000003,152427,0.325,0,4.57e-06,7,0.184,-6.075,1,42,0.0282,103.54,0.398,6
0.8340000000000001,0.402,154480,0.184,0,0.0,10,0.165,-16.683,1,23,0.0608,163.952,0.6970000000000001,7
0.00036,0.467,236400,0.937,0,0.00106,2,0.249,-7.647,1,27,0.0339,150.342,0.955,4
0.721,0.76,155973,0.595,0,0.0,11,0.0939,-7.6320000000000014,1,50,0.0291,109.83,0.7290000000000001,3
0.992,0.264,185413,0.0611,0,0.863,4,0.133,-25.772,0,6,0.0404,74.331,0.245,8
0.0507,0.453,284227,0.635,0,5.710000000000001e-05,2,0.026,-11.93,1,35,0.0249,86.759,0.5770000000000001,3
0.821,0.7120000000000001,174707,0.146,0,0.0,1,0.0768,-14.663,1,6,0.0603,91.578,0.451,9
0.923,0.478,161000,0.252,0,0.92,5,0.113,-15.015,0,0,0.0647,71.568,0.5,7
0.853,0.779,160293,0.263,0,0.0304,8,0.0953,-11.79,1,29,0.125,148.71200000000005,0.7290000000000001,7
0.0789,0.772,266400,0.879,0,0.0,2,0.657,-5.601,1,46,0.188,105.004,0.602,1
0.556,0.7979999999999999,245173,0.32,0,0.000115,9,0.0484,-16.658,1,30,0.054000000000000006,119.455,0.449,4
0.29,0.6859999999999999,321587,0.365,0,1.2e-06,3,0.199,-18.427,0,12,0.944,101.822,0.701,9
0.867,0.6,96800,0.154,1,0.0,4,0.784,-18.066,0,0,0.964,205.313,0.394,8
0.863,0.436,130893,0.248,0,0.0163,5,0.358,-17.738,1,18,0.035,123.762,0.555,6
0.0425,0.434,209493,0.939,0,0.0,4,0.491,-2.983,0,54,0.0593,159.93200000000004,0.569,2
0.836,0.619,167267,0.335,0,1.19e-06,8,0.132,-13.9,1,15,0.0407,97.11,0.643,6
0.000275,0.463,329773,0.868,0,0.8809999999999999,4,0.348,-7.292999999999997,1,33,0.0418,95.453,0.8140000000000001,4
0.0488,0.7040000000000001,293533,0.569,1,0.0,7,0.191,-4.998,0,64,0.247,109.314,0.313,1
0.821,0.6509999999999999,499253,0.581,0,9.04e-05,0,0.155,-10.29,0,24,0.028,133.988,0.8440000000000001,6
0.996,0.693,156537,0.226,0,2.59e-05,3,0.0957,-12.085,0,0,0.0873,95.129,0.445,9
0.25,0.866,247173,0.7879999999999999,0,1.97e-05,2,0.342,-8.187999999999999,1,56,0.278,158.412,0.752,2
0.7120000000000001,0.594,229973,0.28300000000000003,0,0.00109,0,0.0915,-13.559,1,36,0.0383,187.282,0.248,3
0.828,0.593,161160,0.29,0,0.0,11,0.107,-14.979,1,32,0.101,121.367,0.34700000000000003,6
0.994,0.605,193480,0.123,0,0.0147,2,0.16,-18.448,0,0,0.0676,101.697,0.522,7
0.993,0.54,191493,0.333,0,1.7199999999999998e-05,5,0.139,-12.909,0,0,0.0598,61.731,0.502,9
0.117,0.376,239960,0.885,0,0.0104,2,0.29600000000000004,-7.034,1,46,0.0775,135.619,0.6970000000000001,2
0.995,0.339,159215,0.267,0,0.884,2,0.12,-9.97,0,0,0.0481,82.036,0.415,10
0.0892,0.655,181840,0.8,0,0.0,6,0.491,-8.375,1,43,0.029,111.195,0.695,2
0.48,0.7340000000000001,225827,0.765,0,0.0,11,0.101,-4.573,1,64,0.0394,133.921,0.634,2
0.562,0.581,99467,0.873,0,0.0122,5,0.929,-10.913,1,29,0.189,127.828,0.907,5
0.965,0.736,176427,0.118,0,0.8440000000000001,6,0.0836,-17.715999999999994,0,0,0.194,87.721,0.6559999999999999,9
0.409,0.731,98500,0.248,1,0.0,0,0.0917,-16.434,1,0,0.863,82.926,0.318,7
0.0836,0.51,178480,0.6990000000000001,0,0.0,2,0.479,-11.688,1,42,0.0599,138.59,0.693,4
0.101,0.903,211840,0.611,0,0.0,1,0.104,-8.283,0,37,0.0768,102.043,0.343,3
0.85,0.165,818040,0.308,0,0.873,11,0.095,-14.455,0,0,0.0387,138.601,0.0455,8
0.0399,0.5579999999999999,240267,0.947,0,4.27e-06,10,0.175,-3.797,1,46,0.0423,129.994,0.418,1
0.953,0.267,191467,0.0449,0,0.0,0,0.0925,-19.985,1,4,0.0434,78.402,0.278,8
0.732,0.535,188227,0.516,0,0.0865,1,0.116,-9.453,1,20,0.0523,140.201,0.718,7
0.462,0.883,138427,0.446,0,1.03e-06,0,0.0447,-10.304,1,43,0.0574,112.635,0.964,3
0.985,0.349,196173,0.16899999999999998,0,1.41e-06,7,0.215,-20.233,1,14,0.16399999999999998,78.001,0.213,8
0.987,0.199,684307,0.0364,0,0.8320000000000001,3,0.0981,-22.613000000000003,1,0,0.0374,86.012,0.0845,7
0.966,0.491,212493,0.5379999999999999,0,0.0113,1,0.409,-6.412000000000001,0,0,0.0774,171.453,0.845,9
0.542,0.337,414693,0.555,0,0.00615,0,0.928,-6.9910000000000005,1,32,0.0361,179.22400000000005,0.599,5
0.838,0.417,192333,0.498,1,0.0,9,0.0748,-6.077000000000001,1,64,0.0845,179.801,0.37,1
0.26,0.765,246453,0.387,0,7.57e-06,0,0.126,-9.142,1,45,0.0283,95.173,0.6970000000000001,3
0.00222,0.4370000000000001,275413,0.946,0,0.0002220000000000001,4,0.405,-2.998,1,46,0.08,154.959,0.343,2
0.789,0.413,153507,0.174,0,0.00154,5,0.235,-15.848,1,43,0.0299,104.194,0.371,6
0.994,0.574,186907,0.317,0,0.84,2,0.211,-7.057,1,3,0.0484,83.565,0.667,9
0.349,0.457,222533,0.504,0,0.0,10,0.155,-11.913,1,30,0.0502,112.177,0.422,3
0.8320000000000001,0.0889,659000,0.008490000000000001,0,0.815,5,0.12,-33.111,1,48,0.0453,86.682,0.034,3
0.156,0.677,314867,0.7929999999999999,1,0.0,2,0.435,-3.848,1,41,0.0774,134.005,0.599,2
0.7020000000000001,0.57,242133,0.342,0,0.000611,11,0.104,-10.82,0,45,0.0279,91.708,0.359,5
0.987,0.53,211773,0.0651,0,0.84,9,0.0946,-23.111,0,6,0.0489,68.72800000000001,0.0647,7
0.0409,0.677,218480,0.642,1,0.0,1,0.189,-8.308,1,57,0.195,85.059,0.62,1
0.405,0.5329999999999999,155267,0.597,0,0.000149,9,0.177,-9.37,1,20,0.0913,119.373,0.7340000000000001,4
0.114,0.534,307507,0.703,0,0.011,9,0.0918,-5.4060000000000015,0,55,0.0458,171.96099999999996,0.317,2
4.6e-05,0.431,215427,0.823,0,3.45e-05,4,0.0447,-5.2189999999999985,1,57,0.0638,150.072,0.271,2
0.394,0.439,353920,0.528,0,0.016,7,0.0976,-14.054,1,29,0.0536,153.85,0.581,5
0.936,0.693,221627,0.328,0,0.00386,0,0.202,-10.887,1,48,0.044,126.424,0.974,1
0.349,0.735,241667,0.444,0,0.0104,5,0.0721,-11.17,1,30,0.0335,129.495,0.7979999999999999,6
0.99,0.55,100427,0.0186,0,0.0,10,0.136,-19.082,1,4,0.0787,81.75,0.232,7
0.108,0.181,183973,0.987,0,0.00514,2,0.0903,-3.666,1,45,0.431,179.38099999999997,0.39,2
0.00146,0.409,274387,0.979,1,2.68e-06,5,0.139,-2.107,1,58,0.134,173.982,0.201,1
0.624,0.73,58773,0.411,0,0.0,4,0.124,-14.244000000000002,1,34,0.106,89.421,0.55,5
0.0083,0.462,117346,0.982,0,0.0,9,0.596,-3.81,0,27,0.19,101.966,0.154,4
0.6809999999999999,0.44,158853,0.682,0,3.33e-05,4,0.207,-7.416,1,61,0.0373,135.917,0.626,1
0.0765,0.774,214200,0.6409999999999999,0,0.0,1,0.0867,-10.193,1,68,0.0799,113.256,0.875,5
0.487,0.802,225667,0.81,0,0.0236,7,0.185,-10.24,1,33,0.0466,121.792,0.853,4
0.775,0.6409999999999999,212733,0.139,0,1.42e-06,7,0.383,-17.628,1,32,0.0441,130.628,0.471,5
0.294,0.691,195893,0.763,0,0.0,1,0.0951,-10.717,0,33,0.0313,126.726,0.966,4
0.648,0.652,108493,0.556,0,4.89e-05,9,0.461,-11.005,1,6,0.0388,127.221,0.8029999999999999,7
0.0419,0.476,343040,0.8270000000000001,0,0.0968,2,0.961,-9.707,1,27,0.0501,101.26,0.606,5
0.225,0.6920000000000001,216933,0.711,0,0.0,0,0.12,-7.497999999999997,0,81,0.0317,125.135,0.875,4
0.644,0.5589999999999999,141307,0.828,0,0.946,7,0.122,-9.989,1,14,0.0405,117.104,0.968,6
0.951,0.807,38227,0.133,0,0.000107,2,0.215,-25.695,0,15,0.208,42.445,0.7240000000000001,7
0.889,0.435,337040,0.511,0,0.00324,9,0.0812,-10.996,0,11,0.0642,106.955,0.583,8
0.6459999999999999,0.873,159440,0.335,0,0.0,9,0.142,-10.624,1,20,0.0404,99.276,0.871,7
0.00189,0.263,503428,0.978,0,0.0403,11,0.894,-6.669,0,37,0.455,90.803,0.0769,3
0.603,0.483,188213,0.4920000000000001,0,0.0,0,0.32299999999999995,-6.591,0,72,0.295,144.511,0.66,0
0.066,0.809,219467,0.455,0,0.00124,4,0.0734,-13.11,0,50,0.149,92.426,0.688,3
0.503,0.635,217720,0.353,0,0.000309,0,0.152,-11.341,1,57,0.0361,110.516,0.233,2
0.994,0.6659999999999999,191640,0.181,0,0.89,3,0.182,-13.715,1,0,0.0904,69.303,0.5379999999999999,7
0.304,0.56,264440,0.743,0,0.000204,10,0.108,-8.71,1,43,0.0422,168.196,0.463,3
0.8370000000000001,0.364,164049,0.392,0,0.0,5,0.322,-11.314,1,0,0.142,180.04,0.625,9
0.0291,0.696,223973,0.778,0,1.77e-06,1,0.13,-7.28,1,48,0.0286,119.93,0.746,3
0.473,0.371,302453,0.634,0,1.52e-05,2,0.121,-5.5820000000000025,1,25,0.0381,136.82299999999998,0.277,4
0.00169,0.392,115187,0.968,0,5.75e-06,0,0.3720000000000001,-4.472,1,30,0.105,150.162,0.557,4
0.193,0.812,225227,0.519,0,0.000219,2,0.275,-11.05,1,39,0.0363,104.719,0.974,3
0.773,0.762,156173,0.415,0,0.000826,6,0.0817,-12.539,1,15,0.0326,119.578,0.7859999999999999,6
0.31,0.804,250227,0.6970000000000001,1,0.0,11,0.883,-8.51,1,56,0.264,92.919,0.472,2
0.993,0.359,80827,0.15,0,0.0,3,0.111,-15.315,1,0,0.0612,179.66099999999997,0.5760000000000001,7
0.0251,0.444,265427,0.732,0,0.0,7,0.7559999999999999,-7.049,1,36,0.117,177.257,0.508,3
0.196,0.5670000000000001,277773,0.912,0,7.06e-06,2,0.127,-5.26,1,45,0.0974,143.983,0.371,3
0.0482,0.413,217773,0.748,0,0.0017,4,0.18,-8.064,0,32,0.0688,130.322,0.647,5
0.958,0.436,201747,0.273,0,0.00198,4,0.115,-13.58,0,22,0.0318,132.886,0.227,5
0.0453,0.598,201027,0.861,0,0.0,10,0.257,-3.215,1,65,0.0424,128.025,0.325,1
0.976,0.479,204160,0.506,0,0.00103,0,0.16699999999999998,-8.343,1,0,0.0508,180.828,0.858,9
0.0363,0.412,125434,0.81,0,1.1e-05,7,0.104,-10.655,1,30,0.0725,174.362,0.966,3
0.836,0.551,153507,0.447,0,0.0005009999999999999,1,0.105,-9.215,1,24,0.0286,124.474,0.755,6
0.006509999999999999,0.249,231000,0.8029999999999999,0,0.000152,9,0.355,-10.655,1,28,0.0396,172.18900000000005,0.329,4
0.961,0.7190000000000001,147853,0.46,0,0.0359,11,0.0706,-7.55,0,0,0.198,137.532,0.8,8
0.0441,0.809,226938,0.737,1,0.0,1,0.341,-5.186,1,69,0.108,80.025,0.3670000000000001,1
0.949,0.26,154482,0.0523,0,0.0,5,0.107,-15.479,1,14,0.0372,55.982,0.219,7
0.765,0.269,356000,0.5379999999999999,0,1.85e-06,10,0.174,-10.249,0,44,0.0494,82.976,0.281,5
0.331,0.529,138133,0.7170000000000001,0,0.0,10,0.112,-3.426,0,24,0.0378,75.595,0.813,6
0.7909999999999999,0.511,258401,0.402,1,0.0,2,0.961,-25.399,1,24,0.93,90.84,0.151,4
0.179,0.769,241947,0.6609999999999999,0,0.522,2,0.0745,-8.127,1,41,0.0492,104.37,0.816,4
0.949,0.431,216627,0.578,0,0.6990000000000001,10,0.228,-11.087,1,0,0.0593,147.83700000000005,0.5760000000000001,10
0.996,0.376,218560,0.34,0,0.8190000000000001,8,0.133,-11.448,0,0,0.039,98.631,0.763,8
0.000118,0.295,421467,0.937,1,0.33,6,0.0717,-7.467,0,40,0.0981,100.403,0.208,3
0.983,0.35,224707,0.44,0,0.825,10,0.36,-9.981,0,3,0.0368,149.711,0.8390000000000001,7
0.936,0.277,99947,0.446,0,0.0821,9,0.168,-13.573,1,14,0.0653,130.959,0.222,7
0.0773,0.7759999999999999,232533,0.706,1,0.0,1,0.0985,-5.33,1,48,0.253,94.12,0.598,2
0.195,0.815,260200,0.495,0,0.0,9,0.0601,-9.287,0,32,0.11,175.642,0.961,4
0.637,0.649,182867,0.685,0,0.000139,0,0.11,-9.831,1,32,0.0406,123.208,0.529,4
0.693,0.407,152533,0.443,0,0.0,7,0.0761,-7.907,1,16,0.0401,130.024,0.563,6
0.903,0.903,104800,0.114,0,0.000118,4,0.095,-19.501,1,1,0.3720000000000001,110.464,0.868,7
0.557,0.444,170520,0.6709999999999999,0,1.27e-05,6,0.0757,-5.0760000000000005,1,22,0.0303,126.34,0.924,6
0.976,0.125,394560,0.0115,0,0.187,2,0.0836,-26.636,1,57,0.0423,94.585,0.0948,3
0.813,0.511,166360,0.385,0,1.86e-06,4,0.175,-11.342,1,23,0.35100000000000003,76.983,0.25,5
0.112,0.213,200400,0.489,0,0.0,7,0.133,-8.471,1,35,0.0334,196.347,0.139,3
0.863,0.529,323827,0.406,0,0.00485,5,0.14800000000000002,-12.661,1,48,0.0304,153.822,0.4970000000000001,2
0.6409999999999999,0.287,39009,0.0676,0,1.57e-05,1,0.101,-19.996,1,38,0.0437,55.401,0.0727,4
0.104,0.476,206587,0.659,0,0.0,11,0.232,-4.898,0,62,0.0251,176.018,0.4920000000000001,2
0.008709999999999999,0.547,193911,0.789,0,0.0,8,0.1,-5.619,1,68,0.042,129.916,0.345,1
0.996,0.742,162387,0.272,0,0.8190000000000001,10,0.226,-11.906,1,0,0.105,122.426,0.6990000000000001,10
0.7140000000000001,0.504,549493,0.457,0,0.0227,5,0.147,-14.524,0,23,0.0535,182.324,0.847,6
0.0057,0.302,543653,0.599,0,0.7390000000000001,9,0.146,-11.254,0,21,0.0479,122.539,0.132,5
0.993,0.407,197468,0.0989,0,0.355,8,0.272,-23.313,1,0,0.0401,68.717,0.465,9
0.648,0.628,259840,0.299,0,0.014,5,0.0781,-17.901,1,32,0.0394,78.175,0.404,4
0.139,0.532,254373,0.532,0,0.0,10,0.0952,-9.787,1,47,0.0295,140.47799999999998,0.18,4
0.14,0.774,255760,0.603,0,0.007640000000000002,7,0.29600000000000004,-6.941,1,49,0.04,113.022,0.94,2
0.0118,0.336,340627,0.823,0,0.846,0,0.105,-8.09,1,42,0.0364,150.452,0.449,4
0.163,0.51,243133,0.639,0,1.08e-06,9,0.0567,-7.612,1,33,0.052000000000000005,151.431,0.657,3
0.0727,0.696,188627,0.858,1,3.19e-06,9,0.0631,-5.155,1,64,0.0859,176.06099999999995,0.5329999999999999,2
0.422,0.753,148200,0.435,0,0.0,5,0.14800000000000002,-10.103,1,15,0.0302,99.058,0.789,6
0.96,0.222,373093,0.127,0,0.171,7,0.115,-19.251,0,0,0.0387,81.65899999999998,0.188,9
0.17,0.722,215493,0.499,0,1.6800000000000002e-05,11,0.0918,-15.201,0,20,0.6,157.725,0.965,5
0.987,0.483,201240,0.236,0,0.503,3,0.14300000000000002,-11.117,1,4,0.0562,82.211,0.508,9
9.01e-05,0.457,205267,0.522,0,0.624,9,0.14300000000000002,-9.57,1,35,0.0362,128.325,0.299,3
0.0558,0.526,168720,0.962,0,0.0075099999999999984,0,0.146,-1.3130000000000002,0,36,0.117,108.312,0.588,3
0.93,0.439,315664,0.596,0,3.08e-05,0,0.953,-8.009,1,0,0.0506,126.371,0.845,7
0.701,0.511,251333,0.306,0,0.0,5,0.0732,-12.793,1,40,0.0295,115.739,0.224,4
0.483,0.232,71853,0.723,0,0.875,11,0.0761,-8.374,1,0,0.0535,78.374,0.28800000000000003,8
0.978,0.623,187181,0.0219,0,0.868,2,0.0941,-23.802,0,9,0.0428,75.075,0.391,7
0.331,0.47,265733,0.419,0,7.59e-06,3,0.14800000000000002,-11.097,1,38,0.0355,148.24,0.183,3
0.975,0.254,379573,0.0596,0,0.93,5,0.0977,-28.84,1,46,0.0422,77.328,0.197,7
0.995,0.434,187453,0.0979,0,0.737,6,0.11,-22.73,1,0,0.0873,76.274,0.335,10
0.731,0.602,194853,0.377,0,0.0,11,0.0808,-6.212999999999999,1,86,0.0446,73.877,0.518,1
0.967,0.256,249667,0.263,0,0.000447,0,0.228,-9.93,1,21,0.0301,101.001,0.166,6
0.103,0.813,139080,0.375,0,2.11e-05,0,0.0836,-10.037,1,42,0.064,116.01,0.7340000000000001,4
0.726,0.375,302267,0.227,0,0.0396,2,0.145,-15.242,0,20,0.0358,77.384,0.18600000000000005,6
4.13e-05,0.129,199707,0.597,0,0.941,7,0.192,-13.323,1,23,0.049,61.19600000000001,0.236,5
0.736,0.314,277027,0.289,0,1.78e-06,3,0.0924,-16.521,1,22,0.0385,123.97,0.0986,5
0.873,0.618,235467,0.28600000000000003,0,0.00129,6,0.102,-10.162,1,52,0.0366,97.346,0.708,2
0.995,0.7509999999999999,188507,0.18,0,0.6659999999999999,4,0.108,-11.363,1,0,0.0947,115.572,0.635,10
0.0725,0.8490000000000001,111020,0.648,1,0.00592,7,0.0984,-6.188,1,74,0.0832,106.075,0.196,1
0.00838,0.5870000000000001,235440,0.866,0,3.55e-05,9,0.15,-6.444,1,43,0.0816,107.986,0.391,1
0.7509999999999999,0.764,158773,0.232,0,0.0,7,0.327,-12.84,1,37,0.0408,109.871,0.6829999999999999,3
0.0976,0.464,128000,0.7859999999999999,0,0.701,10,0.219,-10.819,1,13,0.0316,156.97799999999995,0.737,6
0.312,0.394,428440,0.5429999999999999,0,0.536,5,0.0788,-9.767,1,22,0.0505,93.72,0.716,5
0.436,0.565,120333,0.329,0,0.0,10,0.29,-12.222,0,53,0.0475,79.054,0.7020000000000001,6
0.276,0.518,207560,0.484,0,4.120000000000001e-05,7,0.0979,-9.342,1,20,0.0254,73.304,0.631,6
0.159,0.379,217933,0.484,0,0.0,5,0.6990000000000001,-14.642,0,55,0.141,84.506,0.456,4
0.0299,0.8540000000000001,201267,0.453,0,0.0,6,0.157,-12.82,0,38,0.0734,132.21200000000002,0.816,4
0.512,0.659,186667,0.479,0,3.58e-05,10,0.0449,-10.528,1,22,0.0514,81.497,0.857,5
0.131,0.524,202000,0.902,0,0.0453,0,0.0998,-4.327,0,11,0.0962,118.593,0.568,6
0.77,0.601,159093,0.516,0,0.00921,4,0.311,-12.300999999999998,0,0,0.0352,119.321,0.964,7
0.00125,0.397,191293,0.8390000000000001,0,0.0,4,0.5760000000000001,-6.674,1,53,0.102,116.947,0.764,2
0.6940000000000001,0.504,375200,0.237,0,0.00029,0,0.175,-18.413,0,19,0.0328,105.262,0.73,6
0.417,0.778,245333,0.595,0,0.0,7,0.0615,-8.627,1,54,0.0286,104.009,0.774,2
0.6890000000000001,0.544,372267,0.51,0,0.0016300000000000002,5,0.196,-8.759,0,24,0.0378,132.321,0.6409999999999999,6
0.0185,0.688,230800,0.917,0,0.00241,2,0.0712,-7.449,1,53,0.0314,123.873,0.7879999999999999,3
0.502,0.5529999999999999,242800,0.659,0,0.8590000000000001,9,0.184,-9.281,1,53,0.0613,183.815,0.46,3
0.991,0.375,182533,0.0779,0,0.918,10,0.124,-23.081,1,0,0.0398,79.756,0.24,10
0.128,0.924,232040,0.7490000000000001,1,1.17e-05,11,0.659,-5.6389999999999985,0,46,0.27,112.089,0.741,2
0.378,0.67,153293,0.7959999999999999,0,1.19e-05,0,0.189,-7.717,1,33,0.0399,126.063,0.924,6
0.042,0.442,210200,0.953,0,0.0,1,0.206,-3.133,1,40,0.326,154.157,0.4320000000000001,2
0.289,0.746,176973,0.557,0,1.19e-06,7,0.0996,-11.072,0,45,0.0405,119.748,0.892,5
0.0509,0.521,190200,0.794,0,0.00014099999999999998,6,0.0875,-6.481,1,36,0.0474,153.969,0.524,3
0.6559999999999999,0.419,260547,0.362,0,0.00943,5,0.0918,-9.383,1,41,0.0279,79.96300000000002,0.341,2
0.885,0.7609999999999999,203867,0.211,0,4.53e-05,5,0.0483,-13.592,0,1,0.0559,86.161,0.728,9
0.0282,0.362,157507,0.853,0,0.00216,2,0.105,-7.572,1,34,0.0641,97.534,0.5589999999999999,3
0.96,0.672,320867,0.202,0,0.241,7,0.108,-22.47,1,8,0.0565,174.66,0.6859999999999999,7
0.0328,0.733,204027,0.906,1,0.0,8,0.111,-4.749,1,42,0.379,98.516,0.696,2
0.0198,0.467,185080,0.815,0,1.23e-06,7,0.118,-7.9289999999999985,0,57,0.0524,140.047,0.335,1
0.994,0.394,179304,0.326,0,0.66,0,0.184,-12.089,0,0,0.0468,113.672,0.304,9
0.995,0.65,182173,0.324,0,0.218,8,0.0676,-11.704,1,2,0.0726,101.437,0.7659999999999999,10
0.994,0.345,259973,0.0514,0,0.911,9,0.0765,-23.188,0,0,0.034,99.38,0.0885,8
0.968,0.307,158328,0.14800000000000002,0,5.45e-05,2,0.14,-15.527,1,10,0.0319,80.861,0.132,7
0.43,0.606,158654,0.66,0,0.00225,0,0.0507,-6.67,0,0,0.0331,143.127,0.914,8
0.8290000000000001,0.604,251333,0.307,0,0.000624,1,0.266,-13.157,1,27,0.0271,96.425,0.6409999999999999,5
0.0335,0.77,249231,0.79,1,0.0,0,0.0937,-5.007,1,58,0.0912,104.062,0.261,1
1.01e-06,0.17,141430,0.847,0,0.999,8,0.482,-16.912,1,63,0.0679,116.661,0.0394,1
0.42,0.736,224800,0.7190000000000001,0,0.000851,3,0.35,-9.311,1,50,0.0313,113.228,0.657,3
0.735,0.7,235853,0.604,0,0.0,9,0.32,-6.393,0,30,0.0419,100.618,0.8759999999999999,4
0.17600000000000002,0.794,175533,0.5770000000000001,0,0.0,1,0.117,-9.19,1,32,0.0606,124.255,0.8759999999999999,3
0.971,0.7490000000000001,193120,0.237,0,0.929,2,0.152,-13.296,0,4,0.0413,122.839,0.5589999999999999,9
0.748,0.601,164120,0.285,0,0.0,0,0.0468,-11.117,1,27,0.0668,74.237,0.476,7
0.872,0.7070000000000001,479293,0.421,0,0.813,5,0.0663,-16.277,0,28,0.0332,134.035,0.833,6
0.993,0.293,228640,0.0297,0,0.000254,5,0.0919,-26.782,1,0,0.047,102.613,0.194,8
0.993,0.48,232000,0.0902,0,0.912,1,0.184,-17.007,0,0,0.0439,119.377,0.112,10
0.7829999999999999,0.198,47180,0.007259999999999998,0,0.899,1,0.287,-43.809,1,0,0.0418,96.599,0.0383,8
0.907,0.684,180040,0.241,0,0.000225,0,0.182,-18.725,1,26,0.0347,134.743,0.7120000000000001,6
0.211,0.551,375533,0.446,0,5.3e-06,9,0.705,-16.281,0,23,0.108,81.696,0.727,4
0.981,0.49,21067,0.284,0,0.156,10,0.757,-13.099,0,0,0.233,117.268,0.529,7
0.98,0.0661,387573,0.0151,0,0.645,5,0.07,-32.253,1,0,0.0589,70.001,0.0358,8
0.971,0.47,190424,0.512,0,0.926,7,0.353,-10.424,1,0,0.0775,77.79,0.8540000000000001,9
0.987,0.35,209000,0.295,0,9.88e-06,5,0.119,-12.982,0,0,0.0454,160.6,0.34,7
0.112,0.721,216040,0.74,0,4.120000000000001e-05,1,0.0848,-5.4529999999999985,1,64,0.0416,104.815,0.7140000000000001,3
0.979,0.633,157093,0.327,0,0.0,10,0.222,-13.085,1,0,0.175,92.968,0.845,10
0.029,0.655,238013,0.477,0,0.000221,1,0.0518,-9.616,0,52,0.0421,92.097,0.642,4
0.4270000000000001,0.672,182307,0.6970000000000001,0,0.0,11,0.131,-7.223,1,45,0.0251,103.358,0.757,3
0.00135,0.484,202693,0.7559999999999999,0,1.55e-06,9,0.168,-5.709,0,48,0.0605,132.722,0.195,1
0.247,0.565,244347,0.614,0,0.000523,10,0.0858,-9.773,0,27,0.081,109.471,0.6990000000000001,7
0.0971,0.73,93156,0.544,1,0.0,1,0.155,-7.8210000000000015,1,0,0.412,160.153,0.349,8
0.462,0.409,263227,0.428,0,8.22e-05,11,0.0687,-13.195,1,49,0.0412,119.941,0.04,4
0.4920000000000001,0.693,188560,0.526,0,0.0,4,0.11,-4.328,1,62,0.0295,85.012,0.5760000000000001,1
0.157,0.741,254453,0.7609999999999999,0,0.7070000000000001,11,0.0392,-13.496,1,53,0.0469,118.912,0.958,4
0.197,0.8320000000000001,270093,0.7290000000000001,0,0.0,8,0.103,-8.092,1,48,0.0468,93.319,0.934,3
0.929,0.498,204867,0.534,0,0.116,4,0.0954,-6.14,1,0,0.0471,109.684,0.873,9
0.119,0.617,192200,0.953,1,0.0,2,0.331,-4.162,1,70,0.0693,154.964,0.594,1
0.963,0.509,166315,0.206,0,0.0,0,0.387,-10.743,1,0,0.221,80.67399999999998,0.506,8
0.435,0.57,96560,0.198,0,0.125,7,0.262,-16.919,1,54,0.0294,129.048,0.326,5
0.7090000000000001,0.65,256707,0.32299999999999995,0,0.0768,11,0.0829,-10.954,1,49,0.0258,84.02,0.318,2
0.0718,0.838,270333,0.942,1,0.0,5,0.142,-2.353,1,42,0.395,79.935,0.961,2
0.995,0.75,167787,0.162,0,0.858,7,0.209,-16.938,0,0,0.225,127.169,0.685,9
0.0923,0.674,196867,0.81,0,4.74e-05,7,0.11,-5.117,0,55,0.0378,94.995,0.391,1
0.362,0.746,190427,0.465,0,0.000257,2,0.0685,-11.993,1,42,0.062,126.389,0.96,3
0.77,0.708,174800,0.453,0,1.64e-06,7,0.0686,-12.095999999999998,1,23,0.0727,121.526,0.969,7
0.0315,0.602,214853,0.795,0,0.239,10,0.458,-5.555,1,55,0.0784,137.381,0.399,5
0.952,0.366,151800,0.219,0,0.835,2,0.0812,-24.554,1,32,0.055,142.738,0.79,4
0.0504,0.7020000000000001,291400,0.76,0,0.00164,4,0.272,-5.87,0,62,0.0367,100.0,0.455,4
0.207,0.851,177800,0.637,0,1.8e-06,2,0.0748,-6.7970000000000015,1,38,0.0324,93.698,0.858,3
0.986,0.358,182973,0.231,0,0.0249,5,0.26,-12.35,0,0,0.045,74.459,0.4,9
0.0701,0.606,165558,0.995,1,2.55e-05,8,0.266,-4.448,0,35,0.349,94.799,0.368,3
0.639,0.494,240627,0.412,0,4.46e-06,5,0.0631,-5.687,0,58,0.133,113.108,0.378,1
0.993,0.501,138987,0.327,0,0.478,0,0.345,-13.525,1,0,0.0423,146.912,0.544,8
0.224,0.6829999999999999,240400,0.274,0,0.8640000000000001,9,0.0715,-14.507,0,28,0.147,111.501,0.636,4
0.55,0.644,153653,0.956,0,0.0,3,0.0842,-3.657,1,51,0.236,137.996,0.6459999999999999,5
0.976,0.484,209573,0.114,0,8.11e-06,0,0.108,-16.347,1,16,0.0365,135.808,0.527,7
0.00954,0.7709999999999999,202400,0.688,1,0.0,7,0.0578,-5.515,1,61,0.14800000000000002,92.003,0.307,1
0.394,0.506,326493,0.7979999999999999,0,0.0,6,0.603,-6.891,1,34,0.0623,85.891,0.392,4
0.005379999999999999,0.5760000000000001,217414,0.813,0,0.0,7,0.316,-6.587999999999999,0,57,0.0417,147.885,0.251,1
0.5479999999999999,0.685,177720,0.615,1,5.06e-06,6,0.16899999999999998,-7.983,1,61,0.0387,137.93200000000002,0.7170000000000001,1
0.983,0.523,181414,0.0218,0,0.0,11,0.28,-15.331,1,0,0.28600000000000003,65.414,0.494,7
0.104,0.722,134298,0.487,0,0.136,5,0.0927,-11.065,1,28,0.0295,97.331,0.7070000000000001,6
0.792,0.485,187267,0.16899999999999998,0,0.00689,2,0.14300000000000002,-20.579,0,41,0.038,98.373,0.232,4
0.986,0.519,225280,0.0609,0,0.00133,5,0.107,-11.328,1,55,0.0514,118.56,0.122,1
0.189,0.696,278600,0.521,0,0.0,3,0.117,-6.635,1,54,0.0343,134.28,0.552,3
0.189,0.8190000000000001,276813,0.546,0,0.0,5,0.131,-8.095,0,55,0.057,155.034,0.888,1
0.0604,0.925,222533,0.628,1,0.0,6,0.358,-7.5870000000000015,1,66,0.131,120.021,0.81,1
0.995,0.18600000000000005,345493,0.0112,0,0.899,6,0.0948,-30.222,1,20,0.0335,65.82300000000001,0.116,6
0.954,0.7020000000000001,88360,0.0521,0,9.67e-05,4,0.116,-14.354,1,44,0.0916,80.14699999999998,0.5579999999999999,2
0.629,0.455,110493,0.5820000000000001,0,4.22e-06,4,0.172,-10.009,1,48,0.0292,140.928,0.927,6
0.765,0.24,186493,0.417,0,5.36e-06,9,0.197,-11.542,1,27,0.0355,171.582,0.545,6
0.987,0.227,114853,0.0274,0,0.0007030000000000001,5,0.107,-23.923,0,32,0.0397,93.756,0.25,7
0.929,0.489,179693,0.327,0,5.96e-05,4,0.385,-6.43,1,32,0.0281,77.41199999999998,0.414,5
0.267,0.5589999999999999,149440,0.7040000000000001,0,0.0,0,0.0622,-6.053,0,47,0.12,175.142,0.883,2
0.278,0.6859999999999999,199797,0.632,0,0.00607,10,0.407,-12.031,1,52,0.0328,98.242,0.912,5
0.362,0.245,88867,0.625,0,0.6609999999999999,4,0.202,-11.481,0,28,0.0402,147.847,0.103,5
0.068,0.644,218907,0.974,0,1.07e-05,0,0.218,-6.5760000000000005,1,39,0.041,140.035,0.53,2
0.7140000000000001,0.489,161623,0.51,0,4.34e-05,5,0.118,-8.527000000000001,1,0,0.0382,98.646,0.883,7
0.000265,0.476,194640,0.865,0,0.0822,7,0.0891,-5.343,0,42,0.0581,166.024,0.536,2
0.419,0.7709999999999999,197307,0.401,0,0.000301,10,0.053,-15.084,0,29,0.0383,103.408,0.7979999999999999,5
0.398,0.564,244187,0.306,0,1.21e-05,6,0.107,-12.789,1,36,0.0288,97.813,0.38,3
0.645,0.393,144307,0.444,0,3.5e-05,7,0.606,-12.513,1,0,0.0365,88.648,0.633,8
0.121,0.579,237267,0.8009999999999999,0,7.58e-05,0,0.0821,-7.454,1,59,0.0449,174.755,0.972,4
0.984,0.833,150158,0.379,0,0.0292,10,0.0935,-6.79,1,0,0.125,113.322,0.955,8
0.162,0.716,222000,0.753,0,0.0306,2,0.0831,-5.682,1,38,0.0286,120.142,0.561,2
0.9,0.6579999999999999,141613,0.102,0,0.0,1,0.0804,-16.721,1,0,0.0798,117.31,0.363,7
0.107,0.716,187973,0.8079999999999999,0,0.00269,2,0.0618,-7.2010000000000005,1,42,0.0315,133.563,0.964,2
0.0394,0.41,173693,0.75,0,0.00184,0,0.0971,-10.854,1,29,0.0605,126.346,0.501,5
0.809,0.266,144280,0.337,0,9.8e-05,5,0.0765,-9.549,1,28,0.0304,91.755,0.438,6
0.989,0.384,434427,0.0953,0,0.889,3,0.0514,-24.118,1,23,0.0389,84.277,0.253,4
