0.892,0.305,470787,0.293,0,0.88,2,0.0849,-12.983,1,0,0.0409,80.479,0.297,9
0.00256,0.745,241733,0.794,0,0.0158,11,0.0933,-8.011000000000001,0,41,0.0383,133.047,0.978,3
0.267,0.441,252800,0.8,0,0.0,10,0.101,-3.268,1,50,0.0365,151.011,0.204,2
0.00361,0.255,289600,0.65,0,0.8859999999999999,2,0.259,-11.101,1,24,0.039,110.176,0.47,5
0.0508,0.857,239133,0.6629999999999999,0,0.0,8,0.0681,-11.964,0,38,0.304,101.945,0.726,3
0.962,0.42,192973,0.13699999999999998,0,0.716,7,0.126,-18.008,0,0,0.05,159.285,0.462,9
0.29,0.5670000000000001,327400,0.328,0,6.94e-05,0,0.0642,-14.539,1,25,0.0535,68.62899999999999,0.615,4
0.949,0.551,906707,0.604,0,0.0,6,0.721,-12.264,1,13,0.936,124.325,0.344,6
0.974,0.6859999999999999,198933,0.257,0,0.92,8,0.227,-17.592,1,20,0.0423,107.11,0.8170000000000001,7
0.802,0.623,152532,0.55,0,0.0,4,0.231,-4.927,1,41,0.0507,92.373,0.74,3
0.419,0.574,156107,0.53,0,0.0,10,0.241,-10.111,1,49,0.0262,112.629,0.83,3
0.989,0.306,170960,0.0125,0,0.0,4,0.327,-23.29,1,7,0.0372,81.08,0.0517,7
0.87,0.737,209932,0.443,0,0.0,2,0.589,-10.188,1,0,0.0974,123.115,0.955,7
0.311,0.544,168240,0.748,0,0.0007160000000000001,1,0.0633,-6.2429999999999986,1,56,0.0298,139.739,0.825,6
0.727,0.46,243670,0.411,0,0.455,3,0.13699999999999998,-16.102999999999998,0,27,0.0358,141.138,0.516,5
0.815,0.6809999999999999,384773,0.302,0,0.0,0,0.24,-12.114,1,10,0.614,99.667,0.5579999999999999,7
0.436,0.573,214267,0.39,0,0.012,4,0.195,-9.154,1,38,0.0236,89.852,0.282,3
0.675,0.768,195560,0.343,0,0.015,7,0.093,-11.541,1,25,0.036000000000000004,91.113,0.551,6
0.505,0.5489999999999999,208773,0.7290000000000001,0,0.0,1,0.104,-5.062,0,43,0.0382,166.082,0.5479999999999999,2
0.114,0.384,170800,0.324,0,0.000349,5,0.191,-15.646,0,25,0.0328,88.43,0.51,4
0.993,0.0962,95333,0.121,0,0.413,4,0.14800000000000002,-25.138,1,16,0.0331,75.405,0.13699999999999998,6
0.0239,0.6920000000000001,225827,0.6409999999999999,0,1.23e-05,7,0.114,-7.601,1,32,0.0359,98.742,0.5589999999999999,3
0.99,0.467,169352,0.246,0,0.0568,9,0.102,-11.822,1,0,0.0542,86.51700000000002,0.249,7
0.000207,0.426,425840,0.922,0,0.241,4,0.22,-6.766,0,53,0.0308,124.619,0.81,4
0.0267,0.833,189853,0.431,1,0.0,0,0.633,-9.604,1,63,0.194,133.938,0.224,1
0.5760000000000001,0.359,151227,0.244,0,0.897,7,0.0958,-7.98,1,5,0.0271,86.696,0.263,6
0.0116,0.14400000000000002,164750,0.997,0,0.733,4,0.471,-16.136,1,71,0.0908,103.903,0.00598,1
0.016,0.501,250587,0.7240000000000001,0,0.0541,9,0.0863,-7.818,1,30,0.031,128.916,0.422,5
0.71,0.621,182947,0.495,0,2.76e-06,3,0.0676,-5.019,1,47,0.0863,182.103,0.983,2
0.371,0.7070000000000001,196293,0.647,0,0.0,1,0.0948,-10.241,0,32,0.0359,124.01,0.823,4
0.438,0.575,139587,0.451,0,0.754,2,0.172,-14.082,1,30,0.0282,173.57299999999995,0.972,6
0.362,0.568,203600,0.38,0,0.00124,7,0.103,-5.358,1,42,0.0291,107.598,0.429,6
0.502,0.687,177400,0.439,1,0.000367,2,0.109,-8.347000000000001,1,66,0.0426,91.972,0.35200000000000004,1
0.96,0.586,164907,0.199,0,4.54e-05,9,0.209,-14.045,1,0,0.0437,164.56799999999996,0.675,9
0.605,0.583,263397,0.515,0,0.000691,11,0.0931,-9.283,0,59,0.0571,115.732,0.603,1
0.703,0.5670000000000001,152627,0.512,0,1.12e-06,0,0.133,-8.696,0,31,0.046,116.752,0.773,6
0.974,0.73,165280,0.401,0,0.345,10,0.17800000000000002,-3.714,1,0,0.0731,119.124,0.8029999999999999,10
0.25,0.77,282000,0.55,0,0.000113,10,0.254,-7.13,1,41,0.0476,114.218,0.6940000000000001,3
0.0359,0.305,396760,0.907,0,0.0593,0,0.102,-5.8660000000000005,1,41,0.0619,112.737,0.544,4
0.079,0.635,190004,0.462,0,0.000977,2,0.368,-8.818999999999997,1,11,0.115,121.226,0.89,6
0.8490000000000001,0.6940000000000001,190120,0.363,0,0.552,10,0.103,-11.692,1,9,0.103,101.726,0.809,10
0.923,0.279,185227,0.313,0,0.00074,10,0.366,-8.006,1,8,0.0373,74.94,0.289,7
0.162,0.627,273733,0.701,0,0.778,2,0.103,-9.604,1,31,0.0699,123.102,0.8320000000000001,4
0.981,0.6809999999999999,195715,0.199,0,0.122,6,0.199,-7.601,0,0,0.0587,125.059,0.7490000000000001,8
0.674,0.623,202107,0.8859999999999999,0,2.94e-05,7,0.14300000000000002,-4.9110000000000005,1,31,0.263,143.411,0.784,5
0.995,0.655,179467,0.269,0,0.0214,10,0.135,-5.716,1,0,0.0829,119.82,0.599,9
0.72,0.335,124893,0.249,0,0.963,2,0.0938,-18.775,0,27,0.0274,104.978,0.0727,5
0.118,0.7559999999999999,166146,0.648,1,0.0,0,0.515,-5.287000000000001,1,70,0.0731,80.979,0.657,1
0.63,0.417,160067,0.377,0,0.000202,3,0.108,-8.726,1,36,0.0281,97.854,0.383,6
0.994,0.5720000000000001,187989,0.158,0,0.0674,4,0.107,-15.148,1,15,0.0432,127.929,0.961,9
0.0051,0.805,190573,0.871,0,0.0,7,0.149,-3.684,1,49,0.0761,127.964,0.613,2
0.98,0.442,180373,0.37,0,0.0,0,0.478,-11.215,1,0,0.0781,71.342,0.384,9
0.016,0.381,858533,0.5920000000000001,0,0.363,2,0.273,-10.124,0,42,0.0322,124.984,0.285,4
0.0443,0.684,214560,0.659,0,5.81e-06,9,0.0758,-9.762,0,31,0.0341,107.637,0.916,5
0.138,0.696,178893,0.648,0,6.56e-06,7,0.124,-7.784,1,41,0.0306,127.491,0.877,3
0.307,0.433,236467,0.733,0,0.000144,1,0.0827,-9.244,0,63,0.0491,102.662,0.742,5
0.00116,0.605,235960,0.619,0,0.109,9,0.302,-11.542,1,26,0.0263,107.608,0.913,5
0.133,0.879,191427,0.56,1,0.0,9,0.375,-6.924,0,35,0.0515,134.01,0.946,0
0.0006190000000000001,0.0781,222819,0.383,0,0.958,2,0.35700000000000004,-22.909,1,70,0.0532,84.229,0.0306,1
0.992,0.35600000000000004,191133,0.234,0,0.613,4,0.156,-14.611,0,0,0.0369,104.349,0.25,7
0.627,0.531,187467,0.759,0,7.04e-06,7,0.35100000000000003,-10.992,1,44,0.0521,120.96,0.888,6
0.879,0.489,242867,0.308,0,0.0,0,0.0959,-5.488,1,52,0.0297,128.855,0.29,2
0.0754,0.773,306240,0.414,0,5.97e-06,9,0.0591,-7.541,1,40,0.0476,125.876,0.461,3
0.564,0.512,236493,0.5660000000000001,0,1.51e-05,5,0.7140000000000001,-6.4689999999999985,1,22,0.0264,93.858,0.319,5
0.142,0.634,242733,0.765,0,0.000878,6,0.129,-8.629,0,23,0.0306,82.98700000000002,0.821,4
0.878,0.37,243893,0.434,0,0.0029100000000000003,7,0.0995,-7.673999999999999,0,53,0.0444,200.23,0.424,1
0.392,0.6970000000000001,270095,0.652,0,0.0,2,0.219,-6.556,1,38,0.191,120.381,0.727,2
0.205,0.421,221200,0.92,0,0.145,11,0.51,-6.452000000000001,1,28,0.0492,101.567,0.468,5
0.184,0.711,177467,0.405,0,0.0,10,0.17800000000000002,-12.358,1,37,0.034,98.489,0.8740000000000001,3
0.611,0.456,400507,0.235,0,0.0415,11,0.55,-14.304,0,33,0.0404,81.814,0.162,5
0.345,0.7509999999999999,212904,0.382,0,0.0,9,0.0867,-11.827,1,34,0.0275,95.269,0.7190000000000001,3
0.7929999999999999,0.623,44427,0.0687,0,0.0,7,0.506,-29.92,1,0,0.654,143.469,0.7120000000000001,7
0.867,0.574,144147,0.293,0,2.06e-06,4,0.154,-13.337,1,21,0.0405,113.033,0.685,7
0.000134,0.482,210933,0.93,0,0.00571,1,0.2,-5.209,1,38,0.0487,127.888,0.344,2
0.146,0.371,341800,0.634,0,0.011,10,0.104,-7.648,0,54,0.0277,84.977,0.568,1
0.586,0.218,165467,0.206,0,0.408,8,0.232,-16.009,0,24,0.0376,174.875,0.384,5
0.0639,0.266,216787,0.5529999999999999,0,0.00471,9,0.0834,-8.362,0,44,0.0347,194.557,0.298,4
0.118,0.609,156480,0.802,0,0.000131,9,0.0904,-9.501,0,54,0.0538,127.672,0.926,5
0.00386,0.496,384013,0.62,0,1.47e-06,4,0.114,-7.457999999999997,0,60,0.0265,140.06,0.279,3
0.416,0.575,217213,0.33,0,0.0,7,0.0872,-6.557,1,77,0.031,95.801,0.277,1
0.0636,0.414,241067,0.726,0,0.000666,5,0.478,-5.3420000000000005,0,43,0.0462,122.117,0.337,3
0.8640000000000001,0.531,155160,0.448,0,0.036000000000000004,5,0.923,-8.627,1,2,0.0455,102.131,0.879,8
0.529,0.7190000000000001,258773,0.551,0,9.05e-06,0,0.139,-9.124,1,48,0.0324,123.444,0.8290000000000001,4
0.0324,0.28600000000000003,153800,0.959,0,0.0123,2,0.951,-8.611,1,21,0.09,145.98,0.368,4
0.015,0.5660000000000001,336333,0.966,0,0.0313,11,0.86,-3.865,0,31,0.0608,106.023,0.401,4
0.303,0.5820000000000001,248800,0.6759999999999999,0,0.0,5,0.234,-7.496,1,33,0.0265,108.291,0.496,3
2.53e-05,0.381,174320,0.984,1,6.91e-05,1,0.27,-2.42,1,61,0.0638,186.081,0.81,2
0.522,0.787,235547,0.5920000000000001,1,0.0,9,0.101,-7.06,0,42,0.0756,92.048,0.86,2
0.8370000000000001,0.61,117240,0.5710000000000001,0,0.743,1,0.15,-7.136,0,45,0.0315,106.185,0.909,3
5.600000000000001e-05,0.343,111920,0.725,0,0.731,8,0.0667,-10.505999999999998,1,48,0.0334,79.85300000000002,0.8640000000000001,4
0.755,0.494,125240,0.743,0,0.0,7,0.0628,-13.342,0,31,0.43,169.134,0.769,3
0.29600000000000004,0.884,204413,0.305,0,0.893,4,0.101,-8.392000000000001,1,42,0.0516,116.544,0.542,6
0.393,0.508,187386,0.584,0,0.0,2,0.295,-3.972,1,46,0.0278,77.532,0.438,3
0.8170000000000001,0.648,130707,0.495,0,0.0,10,0.1,-14.216,0,13,0.083,126.181,0.89,6
0.473,0.629,177427,0.545,0,5.08e-05,4,0.0854,-11.466,1,44,0.0348,162.438,0.735,6
0.993,0.8190000000000001,203564,0.318,0,0.914,8,0.391,-8.207,1,0,0.18,76.861,0.894,8
0.953,0.316,224040,0.151,0,0.0,0,0.125,-14.823,0,30,0.039,181.775,0.263,7
0.923,0.602,262293,0.14400000000000002,0,9.27e-06,10,0.152,-10.718,1,29,0.0335,125.054,0.102,3
0.835,0.5660000000000001,135600,0.29100000000000004,0,0.00044,0,0.158,-14.975,1,12,0.0367,140.892,0.627,6
0.992,0.736,135827,0.254,0,0.000132,7,0.21600000000000005,-17.037,1,0,0.0709,111.654,0.777,10
0.00506,0.602,171493,0.8909999999999999,0,0.0,0,0.591,-5.569,0,44,0.0974,139.974,0.648,2
0.992,0.595,121587,0.11,0,0.8759999999999999,9,0.133,-26.101,0,23,0.0595,61.114,0.6829999999999999,7
0.0322,0.866,183160,0.555,1,3.57e-06,11,0.0922,-7.782,1,41,0.045,103.538,0.536,3
0.971,0.389,187600,0.212,0,0.000366,0,0.42,-14.357,0,0,0.0851,81.32300000000002,0.142,7
0.7490000000000001,0.37,229333,0.259,0,0.0,2,0.0981,-13.741,1,47,0.0296,136.721,0.159,3
5.460000000000001e-05,0.388,100600,0.7709999999999999,0,0.0,2,0.359,-9.393,1,54,0.0385,99.258,0.826,4
0.000224,0.328,282093,0.826,1,0.000944,6,0.0818,-5.085,1,64,0.0362,106.606,0.341,3
0.0294,0.637,239507,0.7609999999999999,0,0.438,2,0.0253,-10.653,0,35,0.0388,120.935,0.102,3
0.862,0.316,298307,0.396,0,0.866,2,0.63,-12.53,0,0,0.0398,139.303,0.473,7
0.26,0.467,132547,0.163,0,0.7070000000000001,2,0.11,-20.859,0,34,0.0391,145.808,0.138,6
0.123,0.593,166413,0.877,0,0.0,0,0.503,-3.825,0,70,0.0677,123.76,0.635,0
0.99,0.388,203005,0.118,0,0.746,6,0.163,-20.923,0,0,0.0438,78.465,0.355,7
0.851,0.5670000000000001,143507,0.161,0,0.0389,0,0.114,-19.959,0,35,0.0574,161.305,0.448,3
0.99,0.708,203000,0.243,0,0.469,4,0.182,-10.324000000000002,0,0,0.215,115.938,0.55,9
0.974,0.29100000000000004,499920,0.0838,0,0.659,5,0.405,-24.705,1,0,0.0389,116.299,0.0993,9
0.0659,0.7190000000000001,308307,0.61,0,0.292,9,0.149,-15.384,0,27,0.0437,139.71200000000002,0.537,4
0.227,0.632,203000,0.743,0,0.00115,10,0.138,-6.785,1,51,0.0342,119.521,0.726,3
0.797,0.626,206333,0.407,0,2.62e-06,0,0.125,-13.604,1,13,0.0461,74.612,0.6890000000000001,6
0.722,0.482,217227,0.324,0,0.0,7,0.174,-10.424,1,46,0.0292,126.857,0.547,5
0.0823,0.486,172560,0.535,0,0.0,10,0.0571,-5.0710000000000015,0,51,0.0239,94.901,0.448,1
0.501,0.303,211200,0.28300000000000003,0,0.000969,2,0.202,-10.890999999999998,0,35,0.0295,98.682,0.108,5
0.0613,0.468,137427,0.4320000000000001,0,0.0,0,0.0533,-10.382,1,60,0.1,101.097,0.393,1
0.00016299999999999998,0.502,126573,0.978,0,1.27e-06,7,0.287,-3.278,1,59,0.0649,138.811,0.603,2
0.154,0.784,160220,0.68,1,0.0,1,0.226,-4.91,1,63,0.14400000000000002,152.972,0.105,0
0.743,0.518,148293,0.218,0,1.77e-06,2,0.163,-12.142,1,19,0.0342,121.104,0.522,6
0.353,0.525,289293,0.7040000000000001,0,5.26e-06,9,0.0743,-5.801,0,63,0.0501,98.455,0.855,2
0.996,0.4270000000000001,172960,0.459,0,0.0013800000000000002,2,0.263,-9.53,1,0,0.048,81.94,0.599,10
0.46,0.14400000000000002,186067,0.317,0,0.0189,11,0.336,-11.504,1,35,0.0317,82.314,0.197,6
0.87,0.403,264267,0.18,0,0.00866,9,0.116,-14.629,0,33,0.0359,116.178,0.153,4
0.983,0.418,185313,0.31,0,7.52e-05,5,0.439,-13.427,1,0,0.0589,112.424,0.365,9
0.0682,0.5429999999999999,222413,0.75,0,0.0166,2,0.125,-7.0710000000000015,0,65,0.0282,88.10700000000001,0.758,1
0.21600000000000005,0.648,196827,0.821,0,1.38e-06,4,0.0712,-8.978,1,29,0.116,144.092,0.611,6
0.908,0.4970000000000001,152013,0.0882,0,0.0327,4,0.124,-22.933000000000003,1,27,0.0374,142.438,0.486,5
0.9,0.505,655533,0.0779,0,0.0142,8,0.0567,-24.82,1,9,0.0402,104.982,0.134,6
0.653,0.608,272027,0.417,0,0.000178,9,0.117,-8.345,1,41,0.0235,92.045,0.217,2
0.327,0.769,209616,0.6659999999999999,1,0.0,1,0.124,-7.542999999999997,1,54,0.0645,92.995,0.194,1
0.816,0.411,207987,0.105,0,0.000212,8,0.101,-14.857,0,2,0.0313,93.659,0.452,8
0.00735,0.6679999999999999,232227,0.633,0,0.0,1,0.107,-6.905,1,43,0.133,96.348,0.6859999999999999,2
0.0557,0.7120000000000001,225920,0.8909999999999999,1,0.0,2,0.134,-6.4570000000000025,1,74,0.24,170.13,0.799,1
0.858,0.594,158200,0.311,0,0.0,9,0.135,-10.647,1,10,0.0304,94.179,0.4920000000000001,7
0.289,0.708,103500,0.222,1,0.0,10,0.733,-19.642,0,0,0.895,134.43200000000002,0.6990000000000001,10
0.0105,0.862,255360,0.746,1,0.0,7,0.142,-5.729,1,51,0.259,156.12,0.882,2
0.006529999999999999,0.759,354200,0.794,0,0.000532,7,0.0683,-8.85,1,48,0.0306,131.045,0.7879999999999999,5
0.0404,0.285,318227,0.846,0,0.0,2,0.182,-6.472,1,72,0.0438,108.808,0.287,3
0.99,0.392,313667,0.0168,0,0.917,1,0.114,-27.693,1,12,0.0399,70.44800000000002,0.0948,6
0.007090000000000002,0.855,262800,0.7879999999999999,1,0.0,6,0.358,-3.0410000000000004,0,46,0.219,99.992,0.809,2
0.000212,0.274,422933,0.726,1,0.0113,9,0.0993,-11.541,1,66,0.0449,146.44899999999996,0.426,3
0.332,0.595,230627,0.605,0,1.56e-06,9,0.243,-6.914,1,42,0.174,140.05,0.81,2
0.00224,0.612,249107,0.845,0,0.00168,11,0.5820000000000001,-5.565,0,40,0.0352,139.514,0.769,4
0.0548,0.927,247120,0.53,1,0.0,6,0.0701,-6.602,1,51,0.253,106.363,0.5670000000000001,2
0.389,0.605,143917,0.525,0,0.0,0,0.0621,-8.228,1,44,0.0458,132.648,0.978,4
0.977,0.185,96800,0.0893,0,0.00773,1,0.113,-20.396,1,50,0.044,79.123,0.258,2
0.32,0.6629999999999999,169800,0.21,1,0.0,7,0.321,-19.048,1,0,0.924,82.15899999999998,0.813,10
0.6579999999999999,0.379,372760,0.34,0,0.0005480000000000001,1,0.0746,-12.470999999999998,1,29,0.0397,125.775,0.16899999999999998,5
0.8909999999999999,0.161,122907,0.0659,0,0.939,4,0.1,-26.49,1,29,0.0438,109.446,0.0394,3
0.0258,0.727,216067,0.815,1,0.0,3,0.231,-2.454,1,81,0.153,176.075,0.677,1
0.5820000000000001,0.422,152602,0.343,0,8.36e-06,3,0.126,-9.028,1,18,0.0267,104.084,0.423,6
0.563,0.705,214067,0.299,0,0.000718,9,0.35600000000000004,-14.802,1,30,0.029,101.271,0.491,3
0.972,0.593,194933,0.118,0,0.0141,9,0.119,-14.224,0,8,0.033,108.615,0.617,9
0.000479,0.322,207827,0.945,0,0.187,2,0.109,-9.319,1,28,0.0712,103.328,0.365,4
0.643,0.706,142115,0.0972,1,0.0,6,0.815,-21.316,1,0,0.947,107.983,0.609,8
0.939,0.343,191293,0.123,0,0.0006349999999999999,6,0.154,-16.474,1,16,0.0335,92.345,0.19,7
0.995,0.188,256973,0.028,0,0.917,2,0.0845,-29.797,1,0,0.0477,79.047,0.282,8
0.0295,0.603,163333,0.687,0,0.000215,11,0.0646,-8.851,1,23,0.0969,187.996,0.825,5
0.00119,0.818,190679,0.6509999999999999,1,0.0,2,0.104,-4.328,1,61,0.14800000000000002,146.015,0.156,1
0.42,0.743,192969,0.55,1,0.0,1,0.162,-6.521,0,69,0.436,141.864,0.564,0
0.726,0.479,152027,0.88,0,0.0,9,0.294,-6.643,1,16,0.0459,108.436,0.627,7
5.31e-05,0.435,402144,0.853,0,0.00746,4,0.13,-7.341,0,55,0.124,129.218,0.475,4
0.995,0.573,95867,0.0574,0,0.94,8,0.109,-26.037,0,0,0.0467,94.268,0.705,8
0.938,0.26,267000,0.123,0,0.000297,10,0.126,-17.299,1,0,0.0436,85.463,0.384,8
3.54e-05,0.35700000000000004,221400,0.965,0,0.0169,8,0.0812,-1.047,1,35,0.123,137.96,0.414,5
0.188,0.603,277587,0.77,1,0.0,1,0.112,-5.84,0,51,0.0605,122.011,0.37,1
0.994,0.6409999999999999,148520,0.149,0,0.0156,10,0.355,-15.51,0,0,0.0457,111.389,0.624,10
0.589,0.797,277200,0.6859999999999999,0,0.265,11,0.21600000000000005,-10.970999999999998,0,41,0.14,116.749,0.813,5
0.00561,0.481,234147,0.926,0,0.0,0,0.119,-3.464,1,56,0.0576,149.957,0.523,2
0.985,0.232,130880,0.0497,0,0.875,0,0.116,-35.255,1,0,0.0459,140.485,0.4,7
0.916,0.344,137107,0.236,0,5.42e-06,2,0.365,-12.03,1,12,0.0304,84.214,0.205,6
0.958,0.53,442227,0.14300000000000002,0,0.4970000000000001,8,0.278,-17.471,1,46,0.0423,125.464,0.119,7
0.29600000000000004,0.785,146413,0.831,0,0.0,9,0.17600000000000002,-4.439,1,66,0.193,134.829,0.581,1
0.977,0.389,192413,0.399,0,0.4270000000000001,5,0.223,-11.753,1,0,0.152,73.758,0.34,9
0.731,0.35200000000000004,162520,0.276,0,0.000143,4,0.14400000000000002,-11.737,1,29,0.0274,148.518,0.219,5
0.108,0.8029999999999999,307267,0.511,0,1.97e-05,6,0.275,-6.434,0,41,0.0365,103.235,0.96,2
0.384,0.633,315893,0.867,0,0.003,5,0.0555,-5.096,1,28,0.0256,94.803,0.597,4
0.00295,0.7979999999999999,263520,0.585,0,0.162,0,0.106,-7.099,1,48,0.0315,124.027,0.649,2
0.375,0.5539999999999999,215067,0.903,0,0.0002220000000000001,4,0.117,-5.9510000000000005,0,28,0.0302,106.466,0.923,4
0.472,0.307,320027,0.625,0,0.0005769999999999999,5,0.14400000000000002,-8.982999999999997,0,53,0.062,180.467,0.183,1
0.188,0.708,313347,0.31,0,4.84e-05,10,0.139,-18.628,0,18,0.942,108.426,0.6829999999999999,9
0.199,0.51,182560,0.74,0,0.0,9,0.391,-8.427,1,38,0.0385,132.689,0.608,4
0.00192,0.557,287760,0.906,0,0.0,1,0.48,-5.7479999999999976,1,48,0.0328,128.97299999999998,0.8640000000000001,1
0.0257,0.78,236120,0.675,0,0.00851,5,0.0323,-9.129,0,37,0.0415,122.994,0.962,5
0.946,0.475,153227,0.215,0,0.00896,7,0.14400000000000002,-13.390999999999998,1,40,0.0281,73.547,0.371,3
0.17,0.789,243287,0.564,1,1.03e-05,1,0.138,-9.513,0,66,0.166,145.97,0.52,0
0.366,0.653,117800,0.32,1,0.0,9,0.293,-16.555,1,0,0.944,89.87200000000001,0.484,10
0.251,0.5670000000000001,301240,0.95,0,0.00502,0,0.643,-4.742,1,29,0.0428,129.222,0.757,5
0.833,0.398,340027,0.407,0,6.43e-06,0,0.0766,-9.923,1,5,0.0388,78.807,0.389,7
0.0963,0.426,205923,0.8,0,0.00186,11,0.14,-6.322,0,53,0.34600000000000003,155.976,0.377,1
0.964,0.68,257973,0.238,0,0.0,0,0.168,-13.899,1,9,0.387,120.33,0.517,7
0.407,0.413,302867,0.255,0,0.0,7,0.131,-16.352999999999998,1,43,0.138,93.992,0.264,5
0.97,0.334,162213,0.293,0,0.189,3,0.655,-15.515,1,0,0.0609,114.424,0.28,8
0.249,0.722,308652,0.741,0,0.0,1,0.151,-3.72,1,72,0.19,162.11,0.46,1
0.0679,0.71,301617,0.8270000000000001,0,0.00275,2,0.0793,-9.26,1,23,0.102,119.082,0.607,5
0.942,0.192,287940,0.194,0,0.000132,8,0.142,-15.44,1,5,0.0343,84.85700000000001,0.0969,7
0.575,0.6809999999999999,166213,0.71,0,0.000113,4,0.0903,-13.399,1,24,0.0365,88.916,0.97,5
0.807,0.648,133707,0.477,0,0.179,9,0.122,-8.414,0,7,0.0266,63.631,0.617,6
0.0283,0.765,139920,0.555,0,0.17800000000000002,9,0.108,-9.326,1,13,0.0422,127.481,0.79,6
0.00455,0.611,253000,0.6890000000000001,1,0.0,7,0.514,-4.976,1,49,0.041,144.99200000000005,0.7040000000000001,2
0.272,0.541,187640,0.518,0,0.0,7,0.0835,-4.12,1,59,0.0451,75.134,0.305,1
0.429,0.772,186409,0.5429999999999999,0,6.95e-06,8,0.206,-3.057,1,67,0.0477,118.314,0.855,0
0.509,0.59,171493,0.5760000000000001,0,0.00242,5,0.0854,-8.992,1,2,0.063,120.642,0.521,9
0.0176,0.608,259227,0.8340000000000001,0,1.8e-05,0,0.12,-3.584,1,48,0.0239,105.782,0.615,4
0.434,0.679,194933,0.7759999999999999,0,0.0,9,0.193,-7.97,0,47,0.0343,117.789,0.7759999999999999,5
0.879,0.369,194747,0.946,0,0.797,3,0.49,-4.815,1,0,0.217,81.824,0.7709999999999999,7
0.988,0.782,178280,0.292,0,0.0227,11,0.325,-7.73,1,0,0.0437,126.874,0.616,9
5.2e-05,0.3720000000000001,245627,0.959,0,0.00996,9,0.183,-6.23,1,31,0.0703,115.396,0.519,3
0.46,0.247,285160,0.271,0,0.0,9,0.188,-9.945,0,48,0.0289,82.988,0.127,2
0.583,0.397,310733,0.4270000000000001,0,0.000423,4,0.962,-11.374,1,39,0.0436,165.688,0.324,3
0.453,0.551,150720,0.6629999999999999,0,6.31e-06,5,0.341,-8.681000000000001,1,38,0.0499,103.817,0.884,7
0.16699999999999998,0.542,180715,0.418,0,0.0,0,0.0822,-7.114,1,0,0.147,149.314,0.157,8
0.476,0.5429999999999999,170920,0.442,0,0.0,4,0.34600000000000003,-11.867,1,49,0.0284,84.321,0.365,5
0.0763,0.677,231667,0.388,0,0.00014,7,0.106,-12.496,1,44,0.0471,114.239,0.828,5
0.0542,0.779,153429,0.455,1,0.0,1,0.177,-15.025,1,54,0.28,140.181,0.197,1
0.0429,0.535,279707,0.679,0,0.0,9,0.516,-8.74,1,44,0.0391,93.487,0.698,3
0.402,0.536,194659,0.317,0,0.0,6,0.11,-8.752,1,70,0.0359,143.89,0.319,1
0.0466,0.545,254587,0.639,0,0.000115,4,0.522,-8.742,1,28,0.0308,118.407,0.4270000000000001,4
0.114,0.306,357200,0.326,0,0.000122,10,0.247,-14.779000000000002,1,28,0.0327,114.371,0.386,5
0.949,0.574,107960,0.168,0,0.0,7,0.0955,-19.213,0,11,0.149,183.678,0.87,7
0.375,0.655,184227,0.782,0,0.0,1,0.317,-4.789,1,72,0.185,79.42699999999998,0.8320000000000001,1
0.992,0.517,293800,0.0192,0,0.941,2,0.0677,-27.576,1,14,0.049,82.999,0.0713,7
0.0533,0.599,288877,0.667,1,0.0,7,0.134,-4.267,1,68,0.0367,80.984,0.8170000000000001,1
0.312,0.621,210507,0.473,0,0.0,5,0.11,-6.07,0,62,0.0251,80.027,0.325,2
0.852,0.6509999999999999,178493,0.361,0,0.000218,2,0.321,-7.774,1,0,0.0387,93.448,0.905,8
0.0264,0.431,270927,0.773,0,0.0,2,0.348,-5.002,1,60,0.0636,111.387,0.504,1
0.8809999999999999,0.634,181933,0.151,0,9.85e-05,7,0.103,-18.363,0,23,0.0473,74.086,0.321,7
0.6990000000000001,0.7440000000000001,129100,0.277,0,0.0,8,0.276,-17.465,1,0,0.93,103.481,0.736,10
0.615,0.47,171973,0.5429999999999999,0,0.448,0,0.304,-15.005999999999998,0,8,0.0497,141.804,0.884,7
0.981,0.5329999999999999,144000,0.102,0,8.23e-06,2,0.1,-14.544,0,1,0.058,88.613,0.384,8
0.522,0.7909999999999999,244920,0.7340000000000001,0,0.00165,5,0.16699999999999998,-5.464,1,71,0.0629,105.854,0.962,5
0.0966,0.2,529348,0.404,0,0.7290000000000001,9,0.6809999999999999,-13.68,0,37,0.0284,81.895,0.124,6
0.978,0.328,256187,0.0667,0,0.89,8,0.339,-24.826,0,24,0.0378,108.227,0.0683,6
0.344,0.6679999999999999,266827,0.908,0,0.0030800000000000003,7,0.0332,-4.197,1,37,0.0396,102.001,0.784,2
0.996,0.394,175587,0.133,0,0.474,11,0.159,-18.215,1,0,0.0505,82.367,0.44,9
0.7559999999999999,0.836,187373,0.248,0,0.145,4,0.0744,-21.443,0,14,0.166,139.403,0.918,7
0.885,0.231,197533,0.147,0,0.00255,11,0.207,-16.793,1,16,0.0336,81.493,0.139,6
0.0903,0.855,231573,0.7120000000000001,1,0.0,1,0.0873,-6.17,1,53,0.161,92.486,0.557,2
0.354,0.609,205667,0.343,0,7.14e-06,2,0.127,-9.49,1,45,0.026,90.318,0.416,1
0.838,0.34600000000000003,74093,0.758,0,0.61,7,0.0871,-10.645,1,13,0.0404,79.42,0.0325,7
0.336,0.552,143693,0.474,0,0.0,7,0.173,-6.847,1,59,0.0275,92.156,0.7,1
0.971,0.595,245667,0.274,0,0.00855,4,0.108,-14.992,1,25,0.0469,169.53,0.665,4
0.297,0.389,197867,0.799,0,0.0,0,0.399,-8.377,0,26,0.069,95.52,0.7090000000000001,5
0.0032600000000000003,0.238,363267,0.932,0,0.298,4,0.114,-5.809,1,47,0.0912,150.899,0.18600000000000005,2
0.0204,0.7490000000000001,186067,0.359,0,0.000962,11,0.17800000000000002,-14.07,1,47,0.423,88.738,0.7609999999999999,3
0.025,0.434,87533,0.989,0,0.913,0,0.35600000000000004,-4.759,1,27,0.0624,110.042,0.336,4
0.511,0.6509999999999999,182707,0.226,0,6.32e-05,4,0.219,-13.453,1,23,0.0285,96.09,0.535,6
0.0254,0.595,212947,0.606,0,0.0,9,0.0912,-3.724,0,60,0.0577,128.861,0.474,1
0.955,0.58,131707,0.0783,0,0.000244,4,0.171,-20.456,1,25,0.055,125.931,0.625,7
0.000545,0.321,304307,0.995,0,0.00271,9,0.213,-5.608,1,43,0.191,128.22,0.0634,2
0.14,0.718,96000,0.193,1,0.0,1,0.387,-17.570999999999998,1,0,0.952,128.553,0.381,10
0.157,0.8420000000000001,212500,0.8009999999999999,1,4.82e-06,8,0.0642,-4.167,0,72,0.228,95.881,0.617,1
0.976,0.153,340493,0.0905,0,0.92,7,0.12,-25.262,1,5,0.0387,70.914,0.0741,7
0.981,0.73,148960,0.5770000000000001,0,0.498,4,0.35,-6.364,1,0,0.0578,133.102,0.963,8
0.0182,0.711,235240,0.65,1,0.0,9,0.0948,-7.186,0,55,0.191,95.814,0.386,1
0.951,0.174,315560,0.0482,0,0.899,9,0.278,-27.006,1,0,0.0388,86.68799999999996,0.0375,8
0.102,0.687,223853,0.7609999999999999,0,0.0,9,0.147,-4.582,0,71,0.0876,113.939,0.743,1
0.742,0.473,204703,0.615,0,0.5760000000000001,3,0.156,-9.758,1,3,0.0905,160.213,0.708,7
0.941,0.358,235267,0.17600000000000002,0,0.0,10,0.117,-15.122,1,32,0.038,147.392,0.319,6
7.12e-06,0.311,222573,0.941,0,0.0652,8,0.3720000000000001,-2.687,1,39,0.0987,110.279,0.292,2
0.466,0.511,170120,0.226,0,0.7609999999999999,5,0.141,-23.734,1,15,0.0303,97.665,0.531,6
0.403,0.403,345787,0.272,0,0.17,2,0.0806,-13.492,1,62,0.0325,130.872,0.105,3
0.168,0.65,138453,0.823,0,0.813,8,0.354,-7.914,1,24,0.123,126.916,0.603,6
0.0703,0.528,273107,0.382,0,0.00626,7,0.225,-14.140999999999998,0,39,0.0285,99.508,0.743,5
0.313,0.613,242442,0.537,1,0.0,1,0.0741,-8.298,0,65,0.0513,104.629,0.7959999999999999,0
0.635,0.753,207667,0.39,0,0.0,4,0.0677,-14.554,1,42,0.0364,113.963,0.795,4
0.732,0.381,203754,0.37,0,0.00229,7,0.314,-12.565,1,58,0.0303,78.048,0.102,3
0.99,0.6759999999999999,177685,0.333,0,3.2899999999999987e-05,5,0.564,-11.061,1,14,0.0663,115.179,0.44,9
0.779,0.476,259080,0.478,0,0.117,11,0.103,-11.765999999999998,1,53,0.0395,89.06,0.489,1
0.000261,0.436,306627,0.938,0,0.963,11,0.165,-7.75,0,31,0.0967,113.485,0.399,4
0.908,0.479,167733,0.22,0,3.87e-05,9,0.0643,-11.931,1,10,0.0289,107.83,0.56,7
0.00826,0.715,252307,0.738,0,0.0,7,0.26,-10.139,1,63,0.157,97.877,0.573,3
0.994,0.434,217453,0.419,0,0.873,7,0.158,-10.537,1,0,0.039,102.668,0.85,8
0.848,0.194,132840,0.126,0,0.593,0,0.101,-24.58,1,0,0.0383,77.258,0.246,8
0.534,0.424,173080,0.536,0,0.0,9,0.126,-11.043,0,18,0.0396,155.775,0.6629999999999999,6
0.996,0.542,194200,0.272,0,0.523,3,0.149,-9.721,1,0,0.0854,200.126,0.8290000000000001,9
0.0472,0.406,143333,0.736,0,0.737,2,0.284,-11.513,1,20,0.0367,189.829,0.8420000000000001,5
0.0387,0.7509999999999999,283800,0.599,0,0.000236,11,0.426,-8.183,0,47,0.336,95.702,0.353,2
0.988,0.596,165160,0.429,0,0.501,1,0.121,-11.941,0,0,0.0781,103.543,0.629,8
0.35100000000000003,0.638,111640,0.474,0,0.191,5,0.105,-12.7,0,65,0.124,179.771,0.441,1
0.0123,0.443,237077,0.6659999999999999,1,4.94e-05,7,0.115,-8.156,1,46,0.375,80.056,0.259,1
0.98,0.5670000000000001,202360,0.531,0,0.746,4,0.312,-5.346,1,0,0.0547,94.639,0.835,9
0.35600000000000004,0.63,175326,0.826,0,6.98e-06,0,0.136,-4.798,1,69,0.0449,116.039,0.239,0
0.312,0.745,145640,0.841,0,0.631,9,0.0325,-6.952000000000001,1,33,0.0329,123.535,0.961,6
0.305,0.578,295453,0.312,0,0.0637,0,0.45,-18.14,1,9,0.0425,81.877,0.54,7
0.0432,0.574,192973,0.908,0,0.303,0,0.112,-6.324,1,26,0.0555,110.3,0.856,5
0.98,0.774,174393,0.198,0,0.172,9,0.208,-14.445,0,8,0.0858,130.89700000000002,0.813,9
0.0254,0.513,242560,0.855,0,0.000399,4,0.51,-6.297999999999999,0,53,0.102,129.061,0.28800000000000003,1
0.961,0.32,210333,0.26,0,0.0,10,0.279,-15.49,1,2,0.0333,144.312,0.173,7
0.995,0.327,27107,0.297,0,0.922,2,0.103,-16.058,1,0,0.0442,93.8,0.366,8
0.0303,0.74,306533,0.738,0,0.00406,6,0.0324,-9.849,0,30,0.0399,112.589,0.971,3
0.116,0.0,164336,0.468,0,0.991,11,0.595,-14.43,0,67,0.0,0.0,0.0,1
0.669,0.442,181371,0.687,0,1.8e-06,9,0.0381,-4.527,1,34,0.0382,203.833,0.768,3
0.0979,0.537,191018,0.784,0,0.0,3,0.224,-4.869,1,68,0.034,137.995,0.468,1
0.8059999999999999,0.633,144973,0.266,0,0.0,0,0.119,-12.678,1,16,0.0388,113.73,0.421,6
0.126,0.7809999999999999,169893,0.652,0,4.59e-05,5,0.0671,-13.34,1,44,0.114,165.601,0.945,5
0.912,0.6579999999999999,207627,0.386,0,1.3e-05,4,0.0912,-4.46,1,54,0.0289,133.52,0.197,2
0.916,0.662,262533,0.207,0,0.0698,2,0.101,-16.176,1,58,0.0427,95.466,0.496,2
0.202,0.541,185760,0.721,0,0.0,9,0.931,-8.389,0,29,0.205,80.008,0.856,6
0.977,0.636,195560,0.122,0,0.000327,11,0.0804,-23.252,0,23,0.0392,107.689,0.513,6
0.184,0.7390000000000001,228160,0.8859999999999999,0,0.0,5,0.159,-4.313,1,46,0.0385,119.997,0.873,2
0.85,0.5670000000000001,249640,0.458,0,0.000627,7,0.35100000000000003,-12.049,1,45,0.0257,98.317,0.665,3
0.534,0.4,1618693,0.512,0,0.276,10,0.104,-9.094,0,28,0.0348,99.18,0.17,5
0.5489999999999999,0.608,148693,0.526,0,1.02e-06,11,0.0736,-9.118,1,33,0.03,116.339,0.393,6
0.498,0.468,299090,0.622,0,0.0216,9,0.236,-11.257,1,43,0.0393,175.359,0.93,5
0.584,0.7509999999999999,150740,0.603,0,0.0,7,0.0772,-13.140999999999998,1,15,0.11,110.245,0.6459999999999999,6
0.237,0.505,286333,0.438,0,0.0,2,0.503,-10.942,1,31,0.0447,60.06399999999999,0.34600000000000003,3
0.911,0.648,186613,0.132,0,0.0,5,0.268,-15.063,1,9,0.0426,90.773,0.494,9
0.645,0.757,119933,0.565,0,0.0,3,0.0404,-6.846,1,19,0.0348,146.032,0.945,6
0.451,0.648,355989,0.66,0,0.0,9,0.189,-10.455,0,59,0.0454,105.913,0.452,4
0.589,0.499,221000,0.33,0,4.2100000000000014e-05,7,0.102,-11.467,1,50,0.0348,135.993,0.395,5
0.0224,0.601,219533,0.599,0,5.81e-06,2,0.225,-7.398,1,23,0.0366,120.054,0.569,5
0.000148,0.433,232987,0.941,0,0.000354,1,0.282,-5.715,1,47,0.123,100.24,0.42,2
0.314,0.6970000000000001,205693,0.536,0,0.00303,10,0.344,-9.113,0,42,0.03,99.972,0.7340000000000001,3
0.458,0.596,210187,0.688,0,0.807,0,0.0701,-9.328,0,23,0.0418,101.638,0.718,6
0.308,0.711,209267,0.412,0,0.00126,2,0.0882,-13.873,1,52,0.0659,123.35,0.8490000000000001,4
0.946,0.71,213800,0.181,0,5.17e-05,2,0.153,-15.800999999999998,1,15,0.0357,102.305,0.581,7
0.971,0.45,127547,0.0176,0,0.8029999999999999,0,0.0862,-30.826,1,20,0.0544,102.818,0.265,7
0.685,0.742,104542,0.0881,1,0.0,7,0.491,-25.434,1,0,0.957,81.84100000000002,0.35600000000000004,8
0.511,0.183,262733,0.211,0,0.000185,4,0.568,-15.582,1,23,0.0312,88.23700000000002,0.299,5
0.412,0.7040000000000001,178733,0.545,0,1.58e-06,9,0.168,-9.764,1,35,0.0319,115.496,0.5720000000000001,3
0.000307,0.272,346302,0.94,1,0.848,8,0.0779,-5.7429999999999986,0,34,0.0733,96.262,0.248,4
0.171,0.634,268467,0.91,0,0.00321,2,0.102,-8.332,1,44,0.0289,103.399,0.8170000000000001,3
0.00941,0.311,261575,0.887,0,0.0,1,0.281,-2.5780000000000003,0,60,0.277,175.483,0.627,1
0.731,0.71,140500,0.115,0,0.0,5,0.477,-22.849,0,0,0.901,55.82100000000001,0.405,7
0.0252,0.596,279373,0.947,1,0.0,9,0.888,-4.5139999999999985,1,64,0.218,143.991,0.555,1
0.00255,0.667,237522,0.72,1,7.890000000000001e-05,7,0.0753,-5.349,0,66,0.0331,100.021,0.705,0
0.768,0.585,189987,0.276,0,8.27e-05,2,0.11,-15.175,1,37,0.0319,154.593,0.591,3
0.231,0.621,193880,0.795,0,0.0,3,0.16399999999999998,-5.31,1,58,0.0287,96.801,0.784,3
0.315,0.644,261867,0.43,0,0.00903,7,0.162,-12.935,1,44,0.0352,105.377,0.406,2
0.93,0.401,184690,0.457,0,0.00272,2,0.815,-8.408,0,0,0.0727,204.758,0.471,8
0.154,0.321,438227,0.7859999999999999,0,8.04e-05,11,0.0956,-7.313,0,28,0.0512,93.227,0.428,4
0.471,0.619,273864,0.381,0,0.0318,11,0.101,-10.691,0,59,0.0523,139.929,0.312,1
0.215,0.301,449333,0.8690000000000001,0,0.0028,2,0.35700000000000004,-2.275,1,44,0.0406,150.518,0.116,2
0.0211,0.636,266280,0.476,0,0.805,2,0.522,-12.582,1,44,0.0348,131.22,0.16399999999999998,5
0.121,0.589,201093,0.502,0,0.227,1,0.0519,-14.103,1,23,0.0258,92.837,0.667,5
0.8490000000000001,0.602,312293,0.197,0,0.0,8,0.383,-13.889,1,3,0.0758,143.795,0.551,7
0.848,0.328,582699,0.496,0,2.63e-05,5,0.442,-10.706,1,0,0.0608,102.163,0.5870000000000001,7
0.252,0.89,242680,0.705,1,1.9e-06,1,0.665,-2.56,0,51,0.245,92.892,0.917,3
0.209,0.604,175733,0.328,0,2.68e-05,9,0.185,-12.283,1,23,0.0318,124.453,0.3,6
0.0815,0.634,205693,0.8320000000000001,1,0.0,11,0.429,-3.879,0,58,0.0463,145.966,0.772,1
0.102,0.774,91800,0.51,1,0.00831,2,0.0845,-12.774,1,32,0.0861,95.785,0.7170000000000001,4
0.995,0.551,133693,0.158,0,0.72,2,0.139,-21.341,1,0,0.109,141.292,0.92,10
0.0301,0.7140000000000001,261173,0.633,0,0.00355,7,0.281,-12.018,1,35,0.0563,95.17,0.535,4
0.00144,0.328,314787,0.968,0,0.07200000000000001,2,0.825,-5.756,0,22,0.112,91.742,0.29100000000000004,4
0.835,0.561,144667,0.6920000000000001,0,0.809,9,0.0778,-10.99,1,10,0.0345,151.29,0.955,6
5.6299999999999986e-05,0.512,220880,0.996,1,0.000167,2,0.34700000000000003,-2.1,1,63,0.114,130.931,0.0601,2
0.67,0.773,145160,0.244,0,0.0,7,0.0813,-14.711,1,23,0.0699,140.306,0.948,5
0.00256,0.792,171467,0.445,1,0.0,10,0.108,-7.871,0,64,0.544,157.153,0.399,1
0.125,0.765,184558,0.906,1,0.0,8,0.423,-2.097,0,78,0.0965,96.071,0.95,1
0.00228,0.542,173320,0.91,0,0.00524,7,0.0686,-8.924,1,67,0.0873,101.774,0.775,4
0.655,0.366,169547,0.503,0,2.86e-06,8,0.0713,-5.113,1,21,0.0388,74.801,0.5720000000000001,6
0.434,0.45,174105,0.583,0,0.0126,4,0.244,-10.49,0,70,0.0811,77.066,0.701,1
0.155,0.732,212667,0.653,0,0.0005059999999999999,0,0.0624,-8.277999999999999,1,42,0.0776,87.07799999999996,0.825,5
0.995,0.508,250093,0.525,0,0.475,2,0.22,-8.352,1,0,0.0564,130.47299999999998,0.821,9
0.00898,0.648,214573,0.623,0,0.00517,9,0.32299999999999995,-12.848,1,50,0.0384,147.61700000000005,0.7829999999999999,2
0.245,0.6409999999999999,210867,0.76,0,1.06e-06,2,0.0973,-8.424,1,37,0.0501,120.237,0.805,5
0.995,0.495,199227,0.4270000000000001,0,0.888,3,0.109,-9.611,1,0,0.0652,68.859,0.6509999999999999,7
0.966,0.208,176600,0.203,0,0.983,5,0.315,-20.584,1,4,0.0396,122.0,0.138,7
0.657,0.297,204760,0.39,0,0.126,7,0.331,-11.534,1,0,0.0438,104.683,0.279,7
0.746,0.6579999999999999,148320,0.545,0,0.0,7,0.211,-10.87,1,13,0.126,116.539,0.95,6
0.995,0.529,152869,0.338,0,0.0,11,0.111,-8.582,0,0,0.0406,121.269,0.552,9
0.915,0.454,173267,0.335,0,0.00639,9,0.284,-13.645,0,0,0.0584,173.063,0.653,9
0.0109,0.665,238000,0.394,0,0.371,1,0.208,-16.730999999999998,1,36,0.0313,136.929,0.672,4
0.805,0.643,139480,0.511,0,2.88e-06,5,0.4270000000000001,-8.851,0,15,0.0902,148.688,0.785,7
0.833,0.454,216573,0.735,1,1.39e-06,6,0.8240000000000001,-12.97,0,21,0.951,60.353,0.298,5
0.141,0.723,228400,0.584,0,0.0,0,0.0917,-5.729,1,52,0.0259,114.072,0.62,2
0.8240000000000001,0.5539999999999999,217000,0.158,0,7.74e-06,9,0.0891,-16.007,1,39,0.0327,71.57,0.266,4
0.928,0.495,170147,0.224,0,0.87,5,0.0942,-17.825,1,3,0.0475,85.82600000000002,0.792,8
0.0716,0.636,229173,0.8590000000000001,0,0.00099,6,0.0731,-5.131,0,37,0.0532,90.982,0.723,3
0.0653,0.416,205187,0.825,0,0.0,7,0.342,-4.709,1,57,0.0403,135.912,0.397,1
0.0146,0.447,205573,0.765,0,0.0,6,0.075,-5.001,1,63,0.0433,169.85299999999995,0.365,2
0.917,0.5870000000000001,193667,0.282,0,0.0,9,0.13699999999999998,-12.01,1,42,0.0304,115.646,0.564,5
0.18600000000000005,0.787,269533,0.479,1,0.0007639999999999999,1,0.111,-8.248,0,50,0.128,149.995,0.715,2
0.46,0.631,123100,0.267,0,0.0,4,0.123,-16.480999999999998,0,2,0.961,166.037,0.399,7
0.942,0.556,154384,0.506,0,3.18e-05,1,0.118,-7.327000000000001,0,0,0.0355,86.73899999999998,0.835,7
0.868,0.657,111133,0.344,0,0.0,9,0.542,-12.269,1,2,0.435,115.54,0.679,8
0.993,0.495,163910,0.231,0,0.207,11,0.15,-11.249,1,0,0.187,191.219,0.7809999999999999,7
0.588,0.429,155907,0.626,0,0.0016300000000000002,9,0.951,-8.947000000000003,1,34,0.0405,158.768,0.6990000000000001,4
0.987,0.547,171128,0.152,0,0.00149,4,0.331,-16.567,1,0,0.0803,56.738,0.5660000000000001,9
0.981,0.224,525053,0.0272,0,0.741,3,0.171,-20.478,1,0,0.0369,89.781,0.0521,8
0.261,0.607,237067,0.354,0,0.000659,5,0.0989,-13.882,1,40,0.0278,133.34,0.579,4
0.903,0.5529999999999999,251333,0.285,0,0.000272,9,0.13,-6.697,0,40,0.032,93.004,0.246,5
0.214,0.562,177533,0.741,0,1.75e-05,4,0.103,-9.362,1,30,0.0308,149.145,0.85,4
0.245,0.5539999999999999,222400,0.921,0,0.542,1,0.304,-3.224,1,0,0.061,144.661,0.429,9
0.119,0.5329999999999999,204880,0.748,0,0.612,1,0.316,-7.8610000000000015,1,47,0.0285,105.921,0.343,1
0.105,0.519,309533,0.531,0,0.000288,3,0.312,-6.922999999999999,0,37,0.0339,173.576,0.489,4
0.638,0.687,137067,0.242,0,9.16e-05,0,0.0686,-9.016,1,53,0.0577,119.232,0.78,2
0.7829999999999999,0.212,452573,0.134,0,0.132,5,0.155,-22.612,1,18,0.0404,85.184,0.224,6
0.135,0.506,249867,0.86,0,2.2e-05,5,0.0803,-8.286,1,37,0.0609,155.004,0.682,5
0.995,0.476,206944,0.122,0,0.00287,8,0.139,-10.892,1,0,0.0855,65.712,0.603,8
7.25e-06,0.311,115027,0.302,0,0.926,7,0.208,-9.667,0,31,0.0363,174.488,0.394,3
0.993,0.473,71640,0.0534,0,0.946,10,0.106,-24.425,1,6,0.0591,69.757,0.633,7
0.974,0.43,185267,0.146,0,0.908,5,0.391,-16.57,1,2,0.0559,175.058,0.602,9
0.318,0.501,217227,0.736,0,0.0,7,0.33,-9.953,1,32,0.114,94.218,0.926,6
0.28,0.685,295467,0.6779999999999999,0,0.00147,7,0.06,-11.958,1,24,0.041,119.589,0.909,4
0.218,0.851,160133,0.513,0,6.34e-05,10,0.0393,-10.172,1,45,0.0674,107.704,0.961,3
0.994,0.315,184686,0.21,0,0.0126,7,0.123,-12.293,0,0,0.0556,79.568,0.541,9
0.967,0.542,75933,0.172,0,0.019,3,0.284,-17.018,1,0,0.121,81.956,0.7490000000000001,8
0.802,0.603,113840,0.259,0,4.48e-05,4,0.117,-11.957,1,26,0.036000000000000004,138.44299999999998,0.575,6
0.00262,0.491,230778,0.947,0,0.0,0,0.34,-2.252,1,67,0.306,166.247,0.473,1
0.993,0.8440000000000001,184947,0.276,0,0.943,9,0.111,-18.051,1,0,0.0701,115.226,0.899,10
0.763,0.126,188173,0.16,0,0.0243,7,0.228,-17.395,1,1,0.0355,91.636,0.0359,8
0.991,0.503,34520,0.181,0,0.92,5,0.11,-21.876,1,0,0.086,168.796,0.94,7
0.987,0.241,193480,0.0437,0,0.000453,5,0.265,-24.571,1,20,0.0443,85.936,0.458,6
0.602,0.5770000000000001,109827,0.229,0,0.0,6,0.179,-14.6,1,32,0.0389,134.736,0.687,7
0.976,0.27,203293,0.232,0,0.0032,3,0.106,-17.363,1,0,0.0408,98.026,0.0724,8
0.996,0.616,168133,0.247,0,0.919,11,0.116,-14.713,1,0,0.353,70.26100000000001,0.893,7
0.119,0.496,168160,0.8170000000000001,1,0.0,7,0.375,-8.906,1,41,0.269,91.8,0.664,2
0.0008619999999999999,0.926,249933,0.453,1,5.95e-05,7,0.124,-5.921,1,56,0.109,138.004,0.393,3
0.0873,0.69,190733,0.7809999999999999,0,2.28e-06,5,0.16399999999999998,-5.101,0,65,0.0305,130.02,0.841,1
0.551,0.738,192000,0.441,0,0.0,11,0.101,-7.069,1,49,0.07400000000000001,182.617,0.966,1
0.986,0.319,256053,0.0543,0,0.972,1,0.115,-25.734,1,5,0.0436,80.616,0.182,10
0.991,0.439,189419,0.122,0,0.718,5,0.355,-15.413,1,0,0.0619,69.718,0.4920000000000001,8
0.7509999999999999,0.6629999999999999,245667,0.482,0,0.0,7,0.973,-13.309,1,6,0.477,123.729,0.662,6
0.7140000000000001,0.509,261120,0.242,0,0.000365,3,0.127,-13.353,1,65,0.0291,169.642,0.448,3
0.961,0.622,108133,0.911,0,0.00353,2,0.114,-2.059,0,0,0.205,114.56,0.883,8
0.0561,0.408,201467,0.579,0,0.000149,5,0.0712,-10.277,1,31,0.026,76.051,0.397,4
0.6970000000000001,0.3720000000000001,295093,0.606,0,0.0104,0,0.324,-10.768,0,40,0.0479,137.80100000000002,0.301,2
0.396,0.695,162173,0.434,0,1.09e-06,0,0.317,-9.72,1,35,0.0405,106.395,0.963,3
0.0942,0.259,362627,0.68,0,0.00105,6,0.267,-8.523,0,32,0.0483,89.021,0.568,5
0.994,0.7240000000000001,205400,0.25,0,0.915,10,0.158,-12.122,0,11,0.0352,96.862,0.5489999999999999,10
0.966,0.831,164333,0.247,0,0.00254,5,0.196,-12.469,1,24,0.0662,108.179,0.778,8
0.6709999999999999,0.455,314080,0.412,0,0.0385,8,0.12,-13.311,1,6,0.0413,166.136,0.662,7
0.957,0.215,66960,0.00419,0,0.206,1,0.113,-37.851,1,12,0.0372,55.612,0.0359,6
0.0297,0.718,216707,0.944,0,0.0148,0,0.13,-6.405,0,48,0.0282,139.04,0.8240000000000001,3
0.8420000000000001,0.138,151100,0.56,0,0.0,8,0.102,-6.799,1,4,0.0407,203.068,0.28,7
0.636,0.5820000000000001,164520,0.5,0,9.71e-06,2,0.134,-11.647,1,47,0.0459,160.414,0.971,6
0.981,0.636,309120,0.222,0,0.0,2,0.524,-16.641,1,0,0.945,87.39,0.701,7
0.7070000000000001,0.603,202200,0.552,0,0.000258,8,0.28300000000000003,-10.435,1,33,0.0424,101.636,0.6409999999999999,6
0.145,0.69,386573,0.575,0,0.745,4,0.0551,-14.302,0,29,0.0631,95.934,0.518,5
0.991,0.845,189707,0.333,0,0.8759999999999999,5,0.0906,-12.305,1,0,0.0503,128.6,0.6990000000000001,9
0.983,0.636,143240,0.266,0,0.0,7,0.214,-18.681,0,0,0.107,108.803,0.693,9
0.895,0.807,183987,0.117,0,0.24,0,0.111,-17.596,1,52,0.0621,120.246,0.595,5
0.0484,0.841,288400,0.878,0,3.18e-06,8,0.335,-4.772,0,51,0.0782,115.973,0.966,2
0.521,0.562,146987,0.718,0,1.96e-05,3,0.128,-7.941,1,43,0.0466,166.44400000000005,0.941,5
0.305,0.7120000000000001,106814,0.7140000000000001,0,0.0127,2,0.28600000000000003,-12.333,1,31,0.0993,81.214,0.828,5
0.54,0.456,291867,0.368,0,0.07400000000000001,4,0.177,-15.955,1,40,0.027000000000000003,103.2,0.479,5
0.224,0.581,270680,0.826,0,0.00128,1,0.0506,-5.603,1,61,0.0816,168.56099999999995,0.573,4
0.916,0.189,119510,0.00301,0,0.8640000000000001,2,0.091,-36.57,1,61,0.0479,62.691,0.0375,1
0.125,0.465,142026,0.84,1,0.0,0,0.138,-4.35,1,74,0.0722,83.98100000000002,0.672,1
0.073,0.664,342680,0.401,0,0.000234,6,0.28,-7.84,1,35,0.0339,123.91,0.0947,3
0.738,0.472,236307,0.496,0,0.0,6,0.416,-8.904,0,26,0.0767,205.609,0.521,5
0.006509999999999999,0.639,184360,0.845,0,0.0,4,0.0619,-3.729,1,54,0.0346,94.036,0.7290000000000001,2
0.909,0.35700000000000004,213787,0.439,0,0.00153,0,0.16399999999999998,-9.673,0,0,0.0587,110.242,0.237,7
0.763,0.531,206465,0.483,1,1.58e-06,6,0.16,-9.729,0,64,0.0467,84.814,0.414,1
0.942,0.7390000000000001,192027,0.223,0,0.898,8,0.107,-11.439,1,38,0.0371,132.697,0.7290000000000001,4
0.8340000000000001,0.311,137120,0.365,0,0.0,5,0.339,-8.685,0,27,0.0381,116.586,0.5329999999999999,6
0.913,0.438,223653,0.268,0,0.00271,0,0.15,-11.882,0,25,0.0311,144.019,0.226,6
0.465,0.764,252133,0.4320000000000001,0,0.0107,1,0.199,-15.257,0,49,0.0847,93.294,0.8340000000000001,5
0.926,0.31,173467,0.156,0,0.00021,0,0.201,-16.534000000000002,1,11,0.0332,64.048,0.0677,6
0.985,0.421,461133,0.235,0,0.747,3,0.7120000000000001,-18.046,1,0,0.0386,116.183,0.39,9
0.421,0.0872,64400,0.145,0,0.942,0,0.108,-22.621,1,31,0.0441,169.622,0.0737,4
0.182,0.433,222107,0.411,0,0.0,2,0.133,-13.856,1,36,0.0435,184.027,0.359,3
0.127,0.833,223787,0.525,0,0.00103,3,0.0774,-9.869,0,23,0.16399999999999998,158.856,0.89,5
0.00146,0.34700000000000003,128507,0.8079999999999999,0,0.00771,5,0.439,-5.59,1,48,0.0609,168.12599999999995,0.782,2
0.8320000000000001,0.426,188200,0.234,0,0.000204,3,0.13699999999999998,-18.349,1,40,0.0343,107.771,0.6829999999999999,3
0.562,0.439,211293,0.341,0,1.25e-05,9,0.122,-13.871,1,38,0.0375,119.094,0.384,5
0.995,0.606,186590,0.139,0,0.508,0,0.133,-9.322,1,0,0.311,73.733,0.631,8
0.000333,0.32,291547,0.937,0,0.159,6,0.344,-10.392,1,52,0.0553,155.621,0.684,3
0.201,0.747,190707,0.514,0,0.131,0,0.215,-12.025,1,30,0.0546,110.504,0.7909999999999999,3
0.0394,0.889,212767,0.511,1,0.0,1,0.233,-9.043,0,52,0.317,77.993,0.53,1
0.6779999999999999,0.294,903480,0.237,0,0.8109999999999999,0,0.0606,-19.088,1,42,0.043,134.451,0.266,4
0.134,0.5820000000000001,219400,0.604,0,0.000957,9,0.102,-6.9620000000000015,1,60,0.0493,143.952,0.341,1
0.541,0.49,241000,0.235,1,4.75e-05,3,0.13699999999999998,-20.423,1,56,0.0434,120.138,0.188,1
0.993,0.513,386947,0.547,0,0.461,9,0.068,-9.491,1,0,0.0553,97.94,0.8440000000000001,8
0.996,0.308,58360,0.262,0,0.8170000000000001,8,0.125,-17.278,0,1,0.0374,139.515,0.474,8
0.991,0.391,188867,0.225,0,0.495,2,0.128,-14.312,1,0,0.0865,63.823,0.539,8
0.7090000000000001,0.634,209400,0.327,0,0.0131,0,0.158,-9.703,0,50,0.0551,80.825,0.498,7
0.804,0.455,196840,0.142,0,0.0,9,0.0937,-18.408,1,34,0.0669,93.279,0.374,4
0.6609999999999999,0.0,14840,0.7170000000000001,0,0.8959999999999999,10,0.0538,-8.751,1,0,0.0,0.0,0.0,8
0.987,0.493,235373,0.8079999999999999,0,0.7559999999999999,5,0.908,-13.36,1,23,0.244,117.076,0.602,6
0.214,0.645,222147,0.536,0,0.435,7,0.226,-12.314,1,35,0.0374,144.766,0.504,5
0.00257,0.636,301933,0.913,0,0.106,0,0.194,-8.838,1,54,0.0311,123.28,0.698,3
0.8859999999999999,0.6679999999999999,264933,0.0701,0,0.948,6,0.106,-24.957,1,40,0.0373,137.759,0.424,3
0.908,0.359,152333,0.28600000000000003,0,0.0036,9,0.109,-10.172,0,62,0.0338,152.205,0.229,1
0.194,0.644,190253,0.478,0,0.00376,11,0.106,-6.4689999999999985,1,58,0.0529,159.898,0.496,1
0.8909999999999999,0.392,274733,0.285,0,0.038,1,0.284,-10.066,1,29,0.0279,95.177,0.273,4
0.995,0.403,186760,0.366,0,0.8290000000000001,5,0.239,-13.667,1,0,0.0412,72.624,0.701,9
0.645,0.7090000000000001,155467,0.341,0,0.0,3,0.0754,-11.984000000000002,1,7,0.0681,120.693,0.716,7
0.5720000000000001,0.481,274947,0.324,0,0.0,6,0.101,-11.546,1,45,0.0289,144.42,0.181,1
0.976,0.245,273240,0.52,0,0.000768,7,0.0586,-7.537000000000001,1,0,0.0316,98.369,0.542,7
0.408,0.757,174960,0.343,0,0.0,7,0.302,-12.643,1,39,0.0354,97.819,0.884,4
0.00605,0.639,170516,0.674,0,0.0727,9,0.0741,-9.095,1,30,0.0702,127.218,0.7340000000000001,4
0.476,0.463,164400,0.711,0,0.000152,8,0.114,-14.809,1,29,0.0475,102.487,0.86,6
0.515,0.5670000000000001,564040,0.402,0,6.53e-05,5,0.0611,-16.105999999999998,1,19,0.0396,132.42,0.76,6
0.75,0.63,261640,0.29100000000000004,0,0.0,9,0.172,-12.0,0,34,0.0298,132.099,0.28,3
3.13e-05,0.618,326787,0.6859999999999999,0,0.713,0,0.179,-7.625,1,23,0.024,109.375,0.358,4
0.112,0.777,133333,0.595,0,1.14e-06,6,0.147,-4.534,1,64,0.0606,86.029,0.445,1
0.804,0.6990000000000001,87507,0.28800000000000003,0,0.0,1,0.153,-18.767,1,36,0.573,51.47,0.735,3
0.365,0.81,239027,0.835,0,0.00201,4,0.0523,-10.18,1,41,0.0847,125.67,0.948,2
0.634,0.489,420867,0.459,0,0.0,6,0.234,-10.094,0,25,0.0379,143.92,0.424,5
0.0966,0.455,240067,0.763,0,0.00107,9,0.3720000000000001,-9.651,0,46,0.0365,136.141,0.289,3
0.0682,0.565,279067,0.7070000000000001,0,0.0,11,0.292,-12.204,0,24,0.0371,94.9,0.574,4
0.491,0.358,278427,0.804,0,0.0,1,0.6,-10.697,1,32,0.232,136.83700000000002,0.501,4
0.00728,0.517,238487,0.857,0,8.97e-06,5,0.224,-5.943,1,35,0.0532,122.637,0.677,4
1.52e-05,0.382,197707,0.617,0,6e-06,9,0.384,-12.358,1,35,0.0491,164.963,0.616,4
0.307,0.312,195427,0.209,0,1.42e-05,10,0.16699999999999998,-17.704,1,42,0.0377,90.672,0.0868,4
0.0716,0.784,140182,0.94,0,0.000171,9,0.133,-7.327000000000001,0,61,0.054000000000000006,137.003,0.979,1
0.579,0.613,238733,0.349,0,0.0,7,0.0765,-8.766,1,40,0.0252,103.977,0.052000000000000005,2
0.142,0.7190000000000001,348733,0.727,0,0.0025,0,0.101,-9.828,1,34,0.0286,119.495,0.931,4
0.247,0.763,244800,0.552,0,0.00205,4,0.12,-10.890999999999998,1,0,0.0288,120.006,0.774,7
0.993,0.284,225693,0.146,0,0.884,4,0.157,-22.045,1,0,0.0357,97.649,0.0448,8
0.0329,0.608,262707,0.65,0,0.0454,4,0.0704,-11.445,1,39,0.031,140.213,0.665,4
0.0182,0.723,180773,0.468,0,0.000144,2,0.0591,-17.212,1,44,0.0547,146.582,0.612,6
0.321,0.5820000000000001,211043,0.654,0,0.18,10,0.199,-10.146,1,18,0.0314,107.601,0.898,6
0.015,0.647,194898,0.754,0,0.0,10,0.0684,-5.4460000000000015,1,64,0.0378,97.005,0.755,1
0.517,0.479,41560,0.574,0,2.96e-06,7,0.161,-12.161,0,14,0.242,156.471,0.884,7
0.222,0.705,219707,0.667,0,0.000126,1,0.0654,-10.566,1,44,0.028,118.606,0.746,5
0.8270000000000001,0.478,182259,0.444,0,0.516,5,0.218,-9.159,1,4,0.0658,166.543,0.763,7
0.726,0.503,234453,0.7190000000000001,0,0.000133,5,0.252,-11.425999999999998,0,27,0.0412,95.366,0.8029999999999999,5
0.397,0.575,206893,0.5489999999999999,0,0.0181,4,0.193,-7.545,1,33,0.0307,143.685,0.879,2
0.961,0.461,142507,0.294,0,0.895,8,0.0837,-11.220999999999998,1,28,0.0788,175.253,0.488,6
0.616,0.8029999999999999,173757,0.872,0,0.0784,5,0.21600000000000005,-3.3160000000000003,1,3,0.0343,115.682,0.948,7
0.34700000000000003,0.726,103700,0.124,1,0.0,7,0.162,-17.055999999999994,1,0,0.924,100.758,0.622,9
0.6709999999999999,0.531,185227,0.343,0,1.72e-06,4,0.158,-15.074000000000002,0,37,0.0295,104.037,0.498,6
0.253,0.679,179330,0.821,1,0.0,8,0.623,-8.452,1,49,0.303,103.014,0.614,1
6.829999999999999e-05,0.725,459048,0.655,0,0.8390000000000001,1,0.135,-7.815,1,0,0.0338,126.001,0.35100000000000003,7
0.0254,0.54,321318,0.919,0,0.0,2,0.36,-2.405,1,55,0.0443,157.673,0.449,3
0.258,0.693,224333,0.669,0,0.0,2,0.417,-7.035,1,51,0.0327,135.989,0.8390000000000001,2
0.013,0.583,233853,0.623,1,4.74e-05,1,0.0537,-6.876,0,54,0.0978,154.834,0.275,1
0.67,0.409,205840,0.335,0,1.55e-06,7,0.267,-11.534,0,36,0.0248,80.744,0.439,5
0.7879999999999999,0.6709999999999999,246933,0.504,0,0.0,5,0.11,-10.827,1,53,0.0383,144.215,0.6709999999999999,1
0.987,0.848,169067,0.26,0,9.74e-06,5,0.109,-12.751,0,4,0.194,106.746,0.846,10
0.0316,0.736,225427,0.634,0,0.000239,0,0.363,-8.582,1,42,0.0266,109.333,0.838,4
0.993,0.483,188347,0.279,0,0.0,0,0.451,-10.277,1,0,0.0522,76.771,0.69,9
0.264,0.742,324800,0.598,0,0.465,9,0.0898,-11.341,1,27,0.0257,107.666,0.961,4
0.639,0.8270000000000001,309133,0.526,0,8.2e-06,6,0.391,-13.365,0,52,0.363,91.552,0.8009999999999999,3
0.501,0.8959999999999999,131706,0.447,0,0.0,5,0.213,-13.111,1,21,0.0565,110.727,0.961,7
0.818,0.401,130133,0.101,0,0.00023,0,0.152,-21.78,0,0,0.0554,142.026,0.331,8
0.405,0.748,191883,0.602,0,0.00368,10,0.28300000000000003,-3.589,1,26,0.0421,80.395,0.912,6
0.979,0.324,288813,0.179,0,0.902,2,0.13,-15.097,0,0,0.0344,125.263,0.181,8
0.0675,0.6809999999999999,209333,0.897,1,0.0,11,0.0808,-3.342,0,45,0.312,88.24799999999998,0.634,2
0.458,0.399,228693,0.366,0,0.0043100000000000005,5,0.117,-10.814,1,45,0.035,130.246,0.14300000000000002,6
0.986,0.473,199947,0.467,0,0.913,7,0.14,-11.669,0,0,0.0414,117.399,0.767,8
0.994,0.55,227960,0.0983,0,0.175,1,0.637,-20.05,1,1,0.21600000000000005,136.703,0.378,8
0.924,0.674,244773,0.332,0,0.0,4,0.244,-14.2,1,0,0.0715,106.363,0.911,7
0.388,0.748,295680,0.48,1,0.0,5,0.139,-6.37,0,60,0.14,137.835,0.29600000000000004,1
0.988,0.565,162600,0.33,0,0.0488,0,0.107,-13.645,0,0,0.209,184.99,0.82,8
0.82,0.591,161762,0.37,0,0.0,8,0.334,-8.123,1,37,0.135,207.287,0.972,3
0.828,0.406,134293,0.211,0,0.0,6,0.121,-12.609000000000002,1,29,0.0387,78.23899999999998,0.175,4
0.992,0.25,183653,0.365,0,0.812,10,0.308,-13.352,0,0,0.0335,82.86200000000002,0.494,7
0.971,0.745,192027,0.396,0,0.00179,0,0.238,-10.57,1,8,0.481,117.753,0.7509999999999999,10
0.971,0.202,539653,0.0593,0,0.168,8,0.101,-16.23,1,0,0.0382,86.03,0.0921,7
0.342,0.715,204604,0.8390000000000001,0,0.0,0,0.104,-2.7,1,45,0.0469,107.068,0.9,4
0.994,0.303,93427,0.175,0,0.93,9,0.753,-22.81900000000001,1,1,0.0392,103.964,0.376,8
0.0223,0.376,213438,0.852,1,0.0648,1,0.156,-6.2360000000000015,1,33,0.0647,102.802,0.242,4
0.0193,0.8109999999999999,268533,0.458,0,1.41e-06,5,0.0526,-9.688,0,67,0.0402,92.94,0.797,3
0.393,0.603,200533,0.738,0,2.31e-06,5,0.27,-5.131,1,45,0.026,106.923,0.493,3
0.992,0.579,83000,0.188,0,0.722,4,0.238,-18.794,1,0,0.0537,126.06,0.6709999999999999,7
0.227,0.379,313160,0.555,0,6.78e-05,9,0.171,-12.188,0,25,0.0415,131.611,0.736,5
0.787,0.6859999999999999,121933,0.467,0,0.628,2,0.279,-9.563,1,4,0.059,79.172,0.87,7
0.631,0.495,286627,0.501,0,0.0,7,0.278,-12.046,1,34,0.0459,94.166,0.948,4
0.855,0.253,331767,0.294,0,0.1,1,0.611,-11.731,1,25,0.0293,144.595,0.156,7
0.989,0.193,61027,0.0149,0,0.9,7,0.149,-33.836,0,0,0.0458,75.027,0.188,8
0.972,0.439,148093,0.386,0,0.915,8,0.139,-12.949000000000002,1,7,0.0699,146.32,0.8490000000000001,7
0.225,0.431,455147,0.655,0,0.000192,4,0.191,-8.57,0,26,0.0526,78.58,0.626,5
0.674,0.706,257817,0.187,0,2.72e-06,7,0.34600000000000003,-18.439,1,0,0.949,110.102,0.34,9
0.922,0.633,232000,0.206,0,0.125,7,0.129,-15.225,1,0,0.0888,136.991,0.785,9
0.955,0.485,140000,0.3670000000000001,0,0.00619,11,0.129,-10.197,1,0,0.0591,115.982,0.369,8
0.358,0.774,228067,0.931,0,0.0,6,0.138,-2.4930000000000003,1,54,0.0303,115.071,0.857,3
0.713,0.459,253051,0.601,0,0.00161,7,0.0838,-7.811,1,40,0.0718,198.794,0.898,3
0.995,0.292,183853,0.116,0,0.378,3,0.202,-17.709,1,0,0.0397,74.678,0.091,9
0.0585,0.601,167240,0.846,0,1.05e-06,4,0.0947,-3.1210000000000004,1,46,0.0324,124.919,0.7340000000000001,6
0.391,0.453,352373,0.418,0,0.00165,5,0.181,-11.552,1,35,0.0342,79.57600000000002,0.55,5
0.828,0.287,120507,0.7709999999999999,0,2.52e-06,5,0.337,-7.483,1,6,0.0496,196.828,0.752,6
0.000187,0.403,226840,0.916,0,0.0965,9,0.382,-4.409,1,45,0.0638,161.887,0.631,2
0.993,0.488,123613,0.00232,0,0.872,7,0.11,-34.588,1,17,0.0537,47.544,0.268,6
0.35700000000000004,0.915,128800,0.19,0,0.0,10,0.07400000000000001,-21.512,0,29,0.0757,111.631,0.873,4
0.363,0.257,238867,0.8690000000000001,0,1.09e-05,9,0.45,-4.268,1,35,0.0389,201.97,0.731,5
0.973,0.2,673733,0.0916,0,0.875,5,0.0756,-22.312,0,0,0.0376,65.211,0.0515,10
0.726,0.451,26307,0.597,0,0.726,8,0.5,-13.806,1,0,0.172,75.258,0.974,8
0.926,0.16899999999999998,197653,0.298,0,0.918,5,0.117,-15.438,1,20,0.0336,83.542,0.0585,7
0.00111,0.22,250560,0.877,1,5.63e-06,7,0.277,-3.925,1,38,0.0749,159.873,0.188,2
0.0748,0.26,204080,0.777,0,5.99e-05,7,0.364,-6.745,1,30,0.0429,84.42399999999998,0.5660000000000001,4
0.79,0.273,212733,0.21600000000000005,0,0.000651,6,0.206,-13.99,0,26,0.0313,82.022,0.124,5
0.652,0.762,203529,0.535,0,0.0,7,0.14800000000000002,-5.332999999999998,1,34,0.0357,113.902,0.662,3
0.185,0.6609999999999999,220907,0.7140000000000001,0,0.0,2,0.264,-10.688,1,22,0.0615,94.046,0.866,4
0.195,0.851,158684,0.625,1,0.0,10,0.266,-5.4170000000000025,0,70,0.303,99.061,0.6679999999999999,1
0.989,0.35600000000000004,128200,0.0893,0,0.901,7,0.0941,-20.655,0,0,0.0633,74.932,0.101,10
0.634,0.6729999999999999,247253,0.406,0,0.000131,0,0.0581,-13.547,1,35,0.0336,125.953,0.6859999999999999,4
0.422,0.6709999999999999,248440,0.711,0,0.0,2,0.104,-7.813,1,72,0.0478,113.809,0.466,4
0.6559999999999999,0.7070000000000001,289907,0.53,0,1.93e-05,9,0.101,-11.992,1,30,0.0322,142.144,0.617,4
0.944,0.6709999999999999,133025,0.0852,0,1.16e-05,6,0.206,-23.785,1,0,0.922,84.065,0.199,7
0.157,0.5710000000000001,272840,0.893,0,9.04e-05,0,0.281,-5.522,1,21,0.0377,101.34,0.816,4
0.32,0.755,265227,0.836,1,3.03e-05,6,0.199,-5.742000000000001,1,45,0.166,90.847,0.696,2
0.639,0.462,394392,0.7040000000000001,1,0.0,4,0.655,-6.011,1,53,0.619,169.396,0.547,1
0.927,0.653,147213,0.101,0,0.0,1,0.116,-17.927,1,0,0.153,91.747,0.453,7
0.000312,0.519,201867,0.934,0,0.00457,7,0.13699999999999998,-7.1370000000000005,1,64,0.0471,138.162,0.586,2
0.16699999999999998,0.384,221640,0.677,0,0.0,8,0.0727,-6.419,1,1,0.191,165.84099999999995,0.253,0
0.5,0.7340000000000001,190987,0.637,0,0.0026100000000000003,9,0.0914,-9.182,0,29,0.0496,85.63,0.951,3
0.505,0.595,192547,0.653,0,0.000513,0,0.205,-11.323,1,26,0.0613,81.00399999999998,0.75,5
0.7829999999999999,0.623,226280,0.281,0,0.000268,5,0.105,-9.128,1,50,0.0276,127.106,0.247,1
0.996,0.515,153040,0.748,0,0.156,0,0.4320000000000001,-5.968,1,0,0.0382,118.325,0.696,7
0.789,0.384,200098,0.354,0,0.0,5,0.134,-6.025,1,54,0.0555,184.34,0.546,3
7.219999999999999e-05,0.429,406187,0.484,0,0.916,0,0.0771,-10.963,1,39,0.0339,123.366,0.402,5
0.116,0.738,299200,0.35700000000000004,0,1.51e-06,10,0.26,-9.081,0,49,0.0593,126.143,0.34,3
0.434,0.551,350667,0.29100000000000004,0,3.78e-05,5,0.11,-12.544,1,42,0.0283,119.005,0.0823,4
0.945,0.411,327173,0.194,0,0.888,6,0.151,-18.697,0,36,0.031,128.11,0.0937,5
0.988,0.235,135668,0.116,0,0.951,4,0.122,-21.701,1,65,0.0328,167.94099999999997,0.109,1
0.134,0.706,263240,0.871,0,0.000602,5,0.158,-5.6720000000000015,1,44,0.0329,118.082,0.928,4
0.0106,0.403,228733,0.912,0,0.0775,6,0.0899,-8.486,0,24,0.0812,104.79,0.292,4
0.246,0.514,259600,0.679,0,0.0,11,0.0676,-9.217,1,36,0.0294,166.65599999999995,0.748,5
0.8809999999999999,0.563,187356,0.488,0,0.0,7,0.407,-8.49,1,0,0.0866,137.66899999999998,0.898,8
0.626,0.742,251240,0.649,0,3.73e-05,8,0.055,-8.289,1,26,0.0578,121.286,0.667,4
0.00372,0.326,210520,0.935,0,7.55e-06,9,0.302,-5.69,1,55,0.0698,135.762,0.17,3
0.826,0.55,185493,0.269,0,0.0,10,0.0516,-11.481,1,18,0.0429,66.721,0.368,6
0.955,0.274,143707,0.0769,0,5.13e-06,11,0.154,-18.535,0,9,0.0333,87.369,0.196,7
0.598,0.476,119800,0.722,0,0.0,0,0.184,-10.017,1,68,0.0646,92.966,0.909,6
0.974,0.342,1037360,0.124,0,0.8909999999999999,0,0.1,-20.689,0,13,0.0361,132.749,0.112,6
0.125,0.594,238420,0.726,0,0.000145,0,0.068,-4.4510000000000005,1,42,0.187,199.649,0.936,2
0.995,0.514,172133,0.256,0,0.0,0,0.349,-15.145,1,0,0.0871,79.467,0.574,10
0.831,0.202,128840,0.134,0,0.0869,3,0.464,-18.516,1,0,0.0428,82.541,0.0664,8
0.495,0.632,198867,0.314,0,0.0,10,0.213,-12.205,1,29,0.0261,87.755,0.438,4
0.987,0.389,304333,0.0832,0,0.221,4,0.104,-19.155,0,0,0.0436,116.434,0.184,8
0.0589,0.83,173560,0.826,0,0.000491,0,0.0721,-4.338,1,44,0.0882,125.752,0.862,4
0.962,0.792,112107,0.212,0,0.0,0,0.105,-13.601,1,8,0.173,120.321,0.9,7
0.995,0.395,156027,0.245,0,0.931,5,0.114,-22.87,1,0,0.0555,114.199,0.8320000000000001,10
0.54,0.7340000000000001,194880,0.637,0,0.0,7,0.877,-3.9,1,55,0.0515,120.531,0.8240000000000001,2
0.131,0.599,351267,0.7440000000000001,0,0.00275,7,0.0795,-8.72,1,63,0.0316,91.259,0.723,5
0.0226,0.381,194707,0.8290000000000001,0,0.00027400000000000005,10,0.402,-4.564,1,64,0.0598,165.935,0.509,0
0.0027,0.6709999999999999,171886,0.498,0,0.0958,9,0.0915,-13.767,1,0,0.0306,114.676,0.7759999999999999,8
0.604,0.7390000000000001,148176,0.562,0,6.03e-06,3,0.0856,-3.947,1,67,0.0317,147.941,0.923,1
0.151,0.621,185493,0.8740000000000001,0,0.0,8,0.287,-2.823,1,44,0.0338,97.079,0.7120000000000001,2
0.802,0.28600000000000003,210560,0.168,0,0.0,2,0.162,-16.583,1,22,0.0325,80.016,0.105,6
0.00928,0.581,236200,0.581,0,0.000123,2,0.287,-7.084,1,45,0.031,114.886,0.138,3
0.28800000000000003,0.61,206160,0.447,0,6.43e-05,7,0.0748,-13.321,1,25,0.0279,178.03,0.765,4
0.99,0.16899999999999998,298707,0.376,0,0.0667,5,0.129,-12.32,1,2,0.0479,79.76100000000002,0.0856,7
0.83,0.244,247613,0.339,0,1.37e-06,7,0.142,-11.916,1,16,0.0313,92.496,0.151,7
0.454,0.605,204333,0.7979999999999999,0,1.12e-05,9,0.457,-7.556,1,26,0.0406,120.725,0.669,5
0.982,0.512,194987,0.299,0,0.00277,9,0.12,-10.451,1,0,0.0879,116.707,0.516,7
0.735,0.629,161698,0.417,0,0.0337,0,0.0752,-8.16,1,0,0.207,137.58100000000002,0.455,7
0.747,0.476,194240,0.3720000000000001,0,0.022,1,0.15,-9.309,1,3,0.0415,180.221,0.838,7
0.16899999999999998,0.79,340987,0.443,0,1.68e-06,2,0.272,-10.078,0,44,0.026,98.043,0.6459999999999999,4
0.7170000000000001,0.536,219400,0.156,0,0.00201,7,0.0735,-17.272000000000002,1,29,0.0288,80.998,0.21,3
0.662,0.5720000000000001,247373,0.409,0,0.29600000000000004,3,0.125,-11.384,1,65,0.0377,129.983,0.35100000000000003,1
0.993,0.305,207987,0.386,0,0.693,2,0.0745,-11.66,1,0,0.0429,59.972,0.171,9
0.936,0.373,140200,0.377,0,0.0,2,0.0793,-10.844,1,29,0.0301,180.12099999999995,0.6729999999999999,7
0.0101,0.631,170427,0.519,0,0.000459,10,0.112,-11.281,1,19,0.0264,136.06,0.8029999999999999,4
0.321,0.524,214169,0.371,0,0.0,5,0.175,-11.576,1,25,0.0313,101.212,0.782,6
0.716,0.322,288427,0.52,0,3.69e-06,7,0.0797,-7.63,1,49,0.0351,132.123,0.13,2
0.946,0.38,205512,0.28600000000000003,0,0.007109999999999998,8,0.115,-11.184,1,0,0.038,129.194,0.438,8
0.447,0.708,279171,0.544,1,0.0375,0,0.0733,-8.124,1,0,0.0316,120.0,0.406,10
0.7909999999999999,0.49,190067,0.363,0,0.00201,1,0.0858,-11.362,1,6,0.0444,186.316,0.78,8
0.7020000000000001,0.5760000000000001,141293,0.727,0,0.0,4,0.324,-9.973,0,58,0.05,173.854,0.7509999999999999,6
0.901,0.5429999999999999,95227,0.775,0,0.902,0,0.258,-17.616,0,54,0.052000000000000005,106.018,0.0222,1
0.0979,0.5760000000000001,257241,0.53,0,0.000312,0,0.396,-12.624,1,44,0.037000000000000005,119.923,0.436,4
0.852,0.51,193827,0.11,0,0.0,10,0.212,-22.443,1,25,0.0364,119.197,0.799,6
0.28300000000000003,0.402,326493,0.674,0,0.0,6,0.7340000000000001,-9.53,1,41,0.395,62.278,0.737,3
0.000229,0.297,261733,0.431,0,0.955,2,0.152,-15.446,1,32,0.0403,150.392,0.177,3
0.919,0.696,164400,0.157,0,0.8740000000000001,6,0.109,-22.63300000000001,1,30,0.0626,94.23,0.601,7
0.00293,0.487,154200,0.847,0,0.0633,9,0.102,-5.881,1,42,0.0359,128.862,0.7509999999999999,3
0.7040000000000001,0.425,174267,0.31,0,0.000109,9,0.0831,-12.202,0,36,0.0312,105.899,0.237,5
0.328,0.551,150093,0.564,0,0.00295,2,0.35200000000000004,-9.298,0,29,0.0338,124.883,0.89,4
0.995,0.328,150470,0.0725,0,0.914,10,0.215,-27.284,0,0,0.0312,86.335,0.269,7
0.991,0.269,148133,0.0298,0,0.0481,1,0.114,-21.884,1,0,0.0355,88.08200000000002,0.467,8
0.0668,0.723,204867,0.848,0,0.7929999999999999,9,0.59,-7.184,1,42,0.0703,119.413,0.8270000000000001,5
0.0768,0.723,336550,0.647,0,0.000237,11,0.131,-9.178,0,45,0.0317,137.336,0.653,3
0.00301,0.471,177280,0.924,0,0.0,8,0.313,-3.906,1,66,0.0586,154.961,0.725,1
0.958,0.535,357600,0.257,0,0.8759999999999999,7,0.112,-17.526,1,1,0.0337,124.464,0.37,8
0.121,0.633,201547,0.696,0,0.0,7,0.0667,-6.364,1,49,0.0683,169.855,0.922,1
0.019,0.498,266880,0.883,0,0.000257,0,0.99,-7.711,1,30,0.0675,122.304,0.581,4
0.274,0.787,265093,0.446,0,8.46e-06,7,0.127,-11.634,0,26,0.121,138.119,0.836,5
0.5529999999999999,0.19,175400,0.0453,0,0.35700000000000004,11,0.425,-33.712,0,41,0.0364,112.487,0.0375,4
0.00893,0.552,321613,0.499,1,0.0,1,0.297,-7.7,0,46,0.387,122.089,0.313,1
0.0806,0.628,246413,0.857,0,5.94e-05,2,0.317,-5.827000000000001,1,27,0.0365,127.539,0.764,5
0.00575,0.569,188960,0.745,0,4.93e-05,2,0.279,-3.854,1,58,0.182,91.533,0.7140000000000001,2
0.123,0.386,340133,0.706,0,8.329999999999999e-05,7,0.298,-6.05,1,58,0.0326,140.249,0.509,2
0.989,0.635,182587,0.116,0,0.921,7,0.254,-13.541,0,0,0.0436,96.058,0.483,8
0.94,0.287,198760,0.285,0,0.672,5,0.39,-13.435,1,0,0.058,164.035,0.701,9
0.917,0.657,900467,0.407,0,0.789,5,0.225,-11.456,0,11,0.0422,118.71,0.243,6
0.0816,0.73,190253,0.805,0,0.000243,7,0.0814,-11.11,1,48,0.0398,115.402,0.933,4
0.82,0.18,175533,0.0512,0,0.0546,7,0.13699999999999998,-29.604,1,47,0.0439,79.124,0.0601,2
0.541,0.557,202400,0.888,0,0.00706,2,0.485,-6.159,1,39,0.0379,117.441,0.877,5
0.991,0.306,231262,0.691,0,0.947,10,0.6970000000000001,-5.877999999999999,1,0,0.059,72.574,0.792,7
0.995,0.418,89987,0.247,0,0.916,10,0.106,-18.047,1,0,0.0462,84.316,0.138,9
0.983,0.226,330253,0.105,0,0.0545,10,0.0996,-19.083,1,11,0.0444,98.377,0.0516,7
0.0108,0.7290000000000001,179831,0.687,1,0.0,8,0.162,-8.06,0,71,0.25,160.085,0.6829999999999999,1
0.0177,0.483,215440,0.523,0,0.133,0,0.123,-16.034000000000002,1,45,0.0286,82.25299999999999,0.898,5
0.7809999999999999,0.685,143800,0.207,0,0.0117,4,0.127,-13.18,1,2,0.0258,104.384,0.618,7
0.000168,0.69,304280,0.38,1,0.000533,9,0.136,-12.845,1,54,0.0609,201.697,0.305,3
0.0058200000000000005,0.383,460600,0.6759999999999999,0,0.45,4,0.107,-13.798,1,37,0.0548,114.524,0.309,3
0.228,0.591,268160,0.574,0,1.4300000000000005e-05,5,0.0794,-8.276,0,37,0.0269,131.495,0.229,3
0.98,0.679,199787,0.7020000000000001,0,0.936,7,0.158,-6.239,0,0,0.0521,100.464,0.917,9
0.3720000000000001,0.456,102280,0.565,0,0.0,1,0.348,-14.649,1,20,0.777,138.042,0.6890000000000001,6
0.397,0.735,221429,0.916,1,2.91e-06,2,0.0918,-2.082,1,81,0.117,167.99400000000003,0.691,0
0.0852,0.287,141360,0.952,0,0.0129,0,0.895,-5.432,0,30,0.219,80.64699999999998,0.211,4
0.971,0.205,258637,0.154,0,0.948,2,0.103,-25.38,1,50,0.042,114.851,0.0389,1
0.231,0.906,217283,0.366,1,0.0,11,0.17800000000000002,-8.92,0,63,0.395,95.007,0.238,0
0.179,0.5479999999999999,264200,0.46,0,0.639,2,0.289,-12.664,1,54,0.0293,116.738,0.664,3
0.0617,0.505,83053,0.701,0,8.83e-06,4,0.139,-7.895,1,40,0.245,149.033,0.78,5
0.982,0.388,149493,0.00615,0,3.74e-05,8,0.0823,-28.159,1,11,0.044,84.402,0.256,7
0.994,0.884,177107,0.0392,0,0.0551,10,0.117,-24.548,1,0,0.491,124.232,0.8240000000000001,9
0.0469,0.279,389095,0.638,0,0.0572,6,0.141,-12.569,0,46,0.0449,178.273,0.466,5
0.212,0.726,257760,0.486,0,0.00022,9,0.077,-8.774,1,44,0.0237,95.983,0.476,3
0.654,0.309,243707,0.54,0,0.0,7,0.982,-9.881,1,49,0.0463,182.318,0.411,2
0.0926,0.691,293200,0.7020000000000001,0,0.0,11,0.0693,-10.856,0,33,0.0432,95.044,0.863,4
0.0503,0.428,214831,0.919,0,0.0,10,0.245,-3.245,0,60,0.0618,145.92700000000005,0.294,2
0.0217,0.7929999999999999,267783,0.924,0,0.0,4,0.644,-3.017,0,60,0.321,140.03,0.665,1
0.0859,0.7070000000000001,234133,0.8140000000000001,0,0.00281,2,0.234,-10.677,1,51,0.0288,121.92,0.6970000000000001,4
0.996,0.679,181813,0.0735,0,0.588,9,0.155,-18.308,0,0,0.13,143.503,0.5479999999999999,9
0.981,0.81,146227,0.233,0,0.00517,5,0.132,-15.719,0,42,0.0515,86.258,0.555,3
0.871,0.13699999999999998,456587,0.223,0,0.828,0,0.6629999999999999,-15.481,1,1,0.0333,69.885,0.11,7
0.5660000000000001,0.644,216893,0.768,0,0.000335,7,0.961,-6.785,1,24,0.097,134.845,0.823,5
0.345,0.55,200353,0.422,0,0.0,0,0.0872,-6.519,1,43,0.0317,139.264,0.634,3
0.502,0.524,230000,0.274,0,0.257,6,0.0924,-13.931,1,65,0.295,167.998,0.342,1
0.99,0.393,217600,0.258,0,0.843,8,0.12,-13.947,0,0,0.0359,103.239,0.534,8
0.804,0.682,287871,0.281,0,0.359,5,0.106,-14.267,1,71,0.126,82.954,0.475,0
0.993,0.5760000000000001,196258,0.205,0,0.000638,0,0.13699999999999998,-9.47,0,0,0.0767,125.322,0.7,8
0.525,0.619,188760,0.404,0,0.0,9,0.0838,-11.187,1,29,0.0297,111.548,0.664,3
0.92,0.664,68840,0.51,0,0.0891,5,0.823,-9.58,0,0,0.128,126.502,0.899,8
0.8190000000000001,0.464,221000,0.374,0,0.0,0,0.301,-13.555,1,31,0.0319,100.933,0.575,6
0.901,0.329,218693,0.0912,0,0.797,7,0.157,-23.649,0,20,0.0369,103.784,0.179,6
0.982,0.657,75573,0.162,0,0.64,5,0.112,-18.824,1,0,0.0425,124.975,0.807,8
0.959,0.444,232328,0.126,0,0.0,9,0.0751,-11.77,0,64,0.0344,138.069,0.407,1
0.973,0.532,192587,0.459,0,0.0458,8,0.134,-11.388,0,0,0.0342,156.509,0.7909999999999999,7
0.6709999999999999,0.701,291413,0.4370000000000001,0,0.0694,9,0.0967,-10.947,1,36,0.031,122.907,0.52,5
0.993,0.35700000000000004,189219,0.325,0,0.8490000000000001,6,0.183,-7.6,1,0,0.0327,97.961,0.36,8
0.0863,0.7490000000000001,214357,0.606,1,0.0,5,0.13,-5.597,0,49,0.34600000000000003,124.527,0.474,1
0.971,0.306,168853,0.0854,0,0.000285,2,0.0973,-22.577,1,0,0.0425,74.079,0.19,7
0.966,0.41,205367,0.0153,0,3.88e-05,5,0.0828,-21.965,1,43,0.05,147.41899999999995,0.21600000000000005,5
0.99,0.0847,276600,0.0562,0,0.431,11,0.107,-22.69,0,0,0.0438,181.308,0.0462,8
0.000536,0.624,235867,0.7440000000000001,0,0.000546,9,0.0876,-6.99,1,42,0.0467,161.04399999999995,0.655,4
0.61,0.696,267427,0.334,0,0.000355,6,0.0713,-11.246,1,42,0.0328,111.632,0.362,4
0.7509999999999999,0.555,153867,0.746,0,0.0,4,0.28800000000000003,-10.334,0,24,0.0344,135.069,0.924,6
0.969,0.516,190667,0.142,0,2.19e-05,0,0.177,-13.873,1,3,0.0364,85.50399999999998,0.423,9
0.0179,0.315,315480,0.97,1,0.0,10,0.0885,-6.765,0,41,0.399,153.218,0.119,2
0.413,0.682,182760,0.29,0,7.36e-05,0,0.0655,-11.701,1,38,0.0325,124.165,0.24,4
0.991,0.275,259227,0.51,0,0.0006320000000000001,2,0.16699999999999998,-6.925,1,0,0.0409,81.78,0.508,9
0.501,0.71,471893,0.322,0,0.0,10,0.6970000000000001,-17.102,0,11,0.946,130.691,0.5720000000000001,8
0.767,0.5660000000000001,402067,0.428,0,0.000426,0,0.232,-10.528,1,20,0.0466,116.038,0.378,5
0.89,0.236,181787,0.141,0,4.38e-05,0,0.146,-12.969,1,12,0.0363,176.305,0.161,8
0.0015,0.544,210093,0.87,0,2.8e-06,8,0.246,-6.103,1,51,0.26,129.984,0.502,1
0.877,0.487,319573,0.479,0,0.000102,10,0.6970000000000001,-9.668,1,29,0.229,122.381,0.4270000000000001,5
0.992,0.51,515827,0.0602,0,0.921,1,0.119,-19.449,1,17,0.0731,72.358,0.14400000000000002,6
0.34600000000000003,0.537,157400,0.3720000000000001,0,5.570000000000001e-05,5,0.307,-12.386,0,26,0.0339,84.38799999999998,0.574,6
0.743,0.602,160757,0.198,0,0.523,2,0.113,-12.644,0,29,0.0348,93.706,0.335,7
0.84,0.464,167907,0.233,0,4.62e-06,10,0.145,-14.399,1,42,0.0432,176.22,0.562,6
9.45e-05,0.332,247080,0.969,0,5.31e-05,1,0.0984,-4.592,1,41,0.0986,105.014,0.414,1
0.0026,0.439,150533,0.561,0,1.18e-05,4,0.319,-9.507,0,34,0.0345,162.903,0.794,6
0.99,0.336,192693,0.0579,0,6.22e-06,2,0.37,-20.469,1,3,0.0507,79.473,0.151,9
0.469,0.325,315973,0.14300000000000002,0,0.000221,2,0.101,-12.218,1,58,0.033,110.823,0.179,3
0.0146,0.6829999999999999,213293,0.9,0,0.0706,7,0.29600000000000004,-7.506,1,57,0.105,103.625,0.616,3
0.162,0.684,262800,0.784,0,6.159999999999999e-05,7,0.18600000000000005,-5.365,1,38,0.0271,119.039,0.775,4
0.39,0.6729999999999999,186933,0.448,0,0.0,7,0.129,-12.291,1,27,0.0261,99.213,0.675,4
0.0198,0.7490000000000001,230333,0.6859999999999999,0,0.0,1,0.112,-11.479,1,33,0.281,126.138,0.454,3
0.0214,0.438,225000,0.418,0,0.0,2,0.33,-12.556,1,24,0.0394,98.173,0.8440000000000001,4
0.823,0.6409999999999999,160813,0.278,0,0.0,0,0.23,-13.957,1,0,0.0574,89.264,0.56,7
0.8490000000000001,0.645,347893,0.607,0,0.233,1,0.084,-8.429,1,38,0.0376,102.206,0.929,4
0.8270000000000001,0.682,263800,0.425,0,0.0326,5,0.0579,-11.84,0,15,0.0338,130.674,0.667,6
0.0716,0.373,314547,0.53,0,0.0,5,0.155,-6.445,1,47,0.028,143.90200000000004,0.214,1
0.48,0.889,297147,0.498,0,0.000308,2,0.0958,-7.643,0,24,0.0615,122.426,0.662,6
0.8909999999999999,0.394,217173,0.181,0,0.198,7,0.1,-19.229,1,19,0.0417,184.365,0.475,5
0.479,0.7,273680,0.794,0,0.00028,8,0.0921,-8.191,1,55,0.0484,164.287,0.858,4
0.212,0.622,297560,0.815,0,0.76,9,0.423,-11.259,0,24,0.126,104.771,0.4970000000000001,4
0.987,0.636,211069,0.3670000000000001,0,0.000533,2,0.151,-7.808,1,0,0.4970000000000001,167.47099999999998,0.912,8
0.00957,0.528,231106,0.757,0,5.53e-05,6,0.145,-5.422999999999999,1,50,0.212,93.007,0.304,1
0.448,0.106,764040,0.119,0,0.831,7,0.141,-22.951,0,0,0.0416,90.922,0.0399,8
0.488,0.578,144248,0.453,0,0.0,1,0.158,-11.389,0,41,0.034,126.371,0.6829999999999999,7
0.00055,0.507,120707,0.595,0,0.156,2,0.264,-12.754,1,35,0.0314,115.013,0.785,3
0.56,0.41,148947,0.39,0,0.0,10,0.0882,-9.845,1,26,0.0272,104.072,0.4370000000000001,6
0.0315,0.295,253029,0.308,0,0.785,2,0.0906,-15.332,1,42,0.041,117.932,0.0392,4
0.816,0.317,210181,0.377,0,0.0,4,0.575,-11.196,0,0,0.0578,189.676,0.295,8
0.00233,0.652,347933,0.597,0,0.718,9,0.407,-8.841000000000003,1,42,0.0319,125.995,0.18600000000000005,3
0.0874,0.675,155160,0.7909999999999999,0,0.0,1,0.298,-5.327000000000001,1,20,0.0428,97.792,0.885,6
0.637,0.515,276640,0.833,0,0.944,4,0.302,-9.409,1,58,0.0362,178.47099999999998,0.965,2
0.902,0.237,184333,0.377,0,0.0,5,0.131,-8.798,1,53,0.0287,173.142,0.479,6
0.933,0.35600000000000004,835467,0.224,0,0.799,2,0.0675,-17.0,1,0,0.0412,113.605,0.376,8
0.122,0.742,198000,0.913,0,0.0,5,0.329,-3.227,0,58,0.0773,116.029,0.7040000000000001,2
0.0304,0.231,310377,0.904,0,2.74e-06,2,0.15,-5.506,1,55,0.0895,176.07299999999995,0.598,2
0.828,0.644,151339,0.623,0,1.46e-05,5,0.122,-8.972000000000003,1,35,0.0882,183.758,0.868,7
0.723,0.4970000000000001,109893,0.723,0,0.326,2,0.534,-8.626,1,3,0.0578,131.256,0.7340000000000001,7
0.804,0.493,184667,0.516,0,0.0,7,0.959,-13.487,0,18,0.35,123.063,0.517,6
0.511,0.677,146653,0.6409999999999999,0,0.0,1,0.275,-6.113,0,14,0.0433,128.015,0.795,6
0.27,0.639,307910,0.8690000000000001,0,0.0,11,0.0802,-4.024,1,72,0.147,169.801,0.767,1
0.209,0.454,222893,0.416,0,0.0,4,0.135,-6.377999999999999,1,42,0.0278,154.908,0.179,2
0.17,0.615,257640,0.917,0,0.006690000000000001,4,0.287,-7.318,1,50,0.0348,104.879,0.7659999999999999,4
0.736,0.388,503840,0.0794,0,0.8059999999999999,9,0.0872,-21.906,0,45,0.0298,76.57300000000002,0.132,4
0.39,0.7,212280,0.706,0,0.0,3,0.366,-5.479,1,63,0.0265,97.028,0.648,1
0.924,0.298,214893,0.295,0,0.0772,7,0.0701,-10.435,1,7,0.0279,84.198,0.274,7
0.5,0.321,666067,0.375,0,0.0606,2,0.129,-16.101,1,23,0.0475,133.844,0.256,5
0.557,0.636,210893,0.46,0,0.0,3,0.0858,-5.185,1,49,0.0305,144.898,0.857,1
0.0175,0.69,240893,0.618,0,3.26e-06,2,0.0891,-9.36,1,66,0.0904,174.03799999999995,0.733,2
0.0936,0.29600000000000004,326040,0.563,0,5.93e-05,5,0.116,-5.58,1,56,0.029,167.412,0.267,2
0.42,0.636,136067,0.365,0,0.0,5,0.299,-9.999,1,15,0.0332,105.287,0.84,6
0.595,0.738,310947,0.428,0,0.0,5,0.0835,-8.0,1,48,0.0267,105.103,0.684,4
0.0738,0.51,268867,0.931,1,0.0,11,0.5,-3.302,1,70,0.34700000000000003,201.936,0.53,3
0.713,0.5429999999999999,135920,0.555,0,0.0293,5,0.266,-12.931,1,30,0.0433,165.232,0.8170000000000001,4
0.994,0.408,320440,0.00559,0,0.936,11,0.0896,-31.094,1,31,0.0531,67.997,0.13699999999999998,4
0.478,0.443,117957,0.969,0,0.7559999999999999,2,0.0573,-11.366,1,37,0.0811,105.184,0.183,4
0.0717,0.585,124891,0.883,0,0.0,1,0.0813,-6.24,1,51,0.0466,143.974,0.813,1
0.984,0.469,130027,0.194,0,0.335,3,0.105,-22.081,1,5,0.0416,145.41299999999995,0.5579999999999999,8
0.27,0.39,247773,0.486,0,0.000485,10,0.0772,-9.612,1,30,0.0291,123.402,0.273,5
0.0237,0.755,268573,0.87,1,0.0,11,0.165,-4.4830000000000005,0,50,0.271,89.96600000000002,0.522,3
0.967,0.503,223173,0.237,0,0.000588,2,0.324,-16.611,1,0,0.0592,141.369,0.581,9
0.995,0.8320000000000001,154836,0.124,0,0.516,5,0.181,-10.38,1,0,0.101,100.572,0.586,8
0.995,0.393,322200,0.0301,0,0.914,5,0.126,-29.19400000000001,0,0,0.0398,71.233,0.162,8
0.0424,0.532,151973,0.373,0,0.779,9,0.133,-16.099,1,35,0.0282,112.16,0.5589999999999999,6
0.933,0.33,171453,0.0791,0,4.25e-05,3,0.232,-17.195,1,23,0.0376,127.549,0.231,7
0.948,0.21,184373,0.229,0,0.000431,0,0.0926,-12.36,0,29,0.0373,75.05,0.265,7
0.0359,0.34,472280,0.903,0,0.735,2,0.14,-9.669,1,26,0.057,138.89700000000002,0.399,5
0.0211,0.496,336000,0.7390000000000001,0,0.00444,6,0.106,-7.193,1,77,0.0415,132.41,0.378,3
0.284,0.812,248921,0.647,0,0.0,1,0.29600000000000004,-10.798,0,33,0.0596,123.072,0.924,4
0.0731,0.479,132960,0.67,0,3.51e-06,9,0.262,-8.073,0,14,0.0289,117.845,0.7490000000000001,6
0.514,0.569,304826,0.521,0,0.00469,10,0.0962,-10.183,0,66,0.0839,115.055,0.14300000000000002,1
0.942,0.546,154667,0.156,0,8.83e-06,2,0.226,-18.601,1,22,0.0617,80.10600000000002,0.466,6
0.536,0.578,199067,0.231,0,5.610000000000002e-05,3,0.106,-15.93,0,29,0.0391,78.34899999999998,0.124,6
0.08800000000000001,0.7909999999999999,202266,0.639,0,0.0,8,0.114,-3.01,0,45,0.337,169.942,0.5,2
0.916,0.47,111787,0.589,0,0.000866,3,0.0532,-11.012,1,20,0.0533,203.001,0.961,6
0.0775,0.926,222253,0.71,0,0.0,8,0.153,-1.52,1,40,0.0786,133.92700000000002,0.635,3
0.905,0.266,148933,0.695,0,0.627,4,0.16699999999999998,-8.308,1,28,0.052000000000000005,179.197,0.526,6
0.189,0.81,147613,0.539,0,0.8079999999999999,11,0.0718,-9.812,1,21,0.0314,89.789,0.7140000000000001,6
0.7809999999999999,0.5770000000000001,279493,0.6809999999999999,0,7.23e-05,2,0.269,-7.537000000000001,1,21,0.0314,105.15,0.7490000000000001,7
0.843,0.647,170200,0.282,0,0.00134,3,0.182,-15.042,1,32,0.0319,132.16899999999998,0.753,3
0.16399999999999998,0.243,594080,0.872,0,0.0175,4,0.158,-6.058,0,39,0.0523,105.828,0.0948,4
0.207,0.54,189800,0.8420000000000001,0,0.00363,0,0.324,-7.006,1,33,0.039,160.621,0.899,6
0.314,0.841,194453,0.7070000000000001,1,6.25e-06,5,0.0635,-5.502000000000002,1,47,0.0715,113.043,0.6859999999999999,2
0.14300000000000002,0.7859999999999999,101330,0.316,1,0.0,0,0.664,-13.093,1,0,0.933,80.84100000000002,0.32,10
0.0638,0.441,171800,0.826,0,0.00162,6,0.0944,-4.175,1,72,0.04,75.982,0.5770000000000001,1
0.319,0.5579999999999999,433360,0.451,0,0.000113,2,0.102,-13.04,1,31,0.0453,125.825,0.7659999999999999,6
0.853,0.5870000000000001,201040,0.159,0,0.0249,2,0.0884,-18.531,1,32,0.0308,111.879,0.331,5
0.0826,0.723,178000,0.6579999999999999,0,2.32e-06,7,0.17,-6.6670000000000025,1,41,0.0507,129.53,0.757,2
0.0681,0.685,235813,0.836,0,3.47e-06,9,0.0668,-3.841,1,39,0.077,143.60399999999996,0.5379999999999999,3
0.441,0.764,336133,0.7240000000000001,1,1.27e-06,1,0.177,-4.748,0,62,0.368,84.79700000000003,0.826,2
0.00116,0.573,198707,0.615,0,0.00356,6,0.331,-14.15,0,22,0.0507,134.623,0.69,4
0.6559999999999999,0.5,288600,0.254,0,0.29100000000000004,0,0.114,-18.443,0,9,0.051,150.884,0.6579999999999999,6
0.0212,0.268,409987,0.6970000000000001,0,4.58e-06,8,0.38,-5.886,1,60,0.0422,144.01,0.112,1
0.617,0.394,160187,0.28,0,0.0,10,0.0929,-10.528,1,25,0.029,146.58,0.206,5
0.767,0.507,184600,0.333,0,0.000928,1,0.166,-9.285,1,14,0.0247,95.605,0.532,6
0.254,0.499,145800,0.5870000000000001,0,0.0,5,0.171,-7.312,1,25,0.0277,142.21200000000005,0.733,7
0.994,0.905,169187,0.263,0,0.94,9,0.111,-14.633,0,0,0.156,116.464,0.826,10
0.965,0.4370000000000001,298773,0.177,0,0.0049,7,0.126,-13.595,1,0,0.0431,117.311,0.214,8
0.223,0.6629999999999999,193227,0.527,0,0.0877,7,0.0773,-9.958,1,25,0.0272,101.139,0.508,6
0.95,0.289,145560,0.214,0,0.00207,9,0.254,-17.795,1,0,0.0413,88.97399999999998,0.375,8
0.109,0.728,184717,0.855,0,0.000576,2,0.113,-6.0310000000000015,1,59,0.0333,133.887,0.971,4
0.969,0.064,155200,0.0404,0,0.918,0,0.0785,-26.424,1,39,0.042,33.334,0.0318,3
0.6759999999999999,0.46,151693,0.125,0,0.0172,1,0.172,-17.545,1,32,0.0383,173.91099999999997,0.551,5
0.373,0.695,212307,0.883,0,0.0,9,0.0831,-6.125,0,33,0.145,118.826,0.276,5
0.996,0.611,197573,0.142,0,0.7829999999999999,7,0.125,-12.835,1,0,0.0688,127.369,0.8,9
0.363,0.7559999999999999,178253,0.5529999999999999,0,0.0,9,0.282,-13.605,1,20,0.12,122.211,0.943,6
0.539,0.6859999999999999,137840,0.24,0,0.000181,1,0.343,-17.9,1,11,0.947,101.576,0.258,8
0.596,0.682,195573,0.443,0,0.00539,2,0.266,-10.787,0,71,0.0554,99.891,0.5820000000000001,1
0.745,0.774,281267,0.769,1,0.0,9,0.161,-5.452000000000001,0,47,0.18,120.001,0.922,2
0.983,0.0985,217760,0.254,0,0.912,10,0.0876,-16.088,1,0,0.0412,77.016,0.0423,8
0.949,0.6890000000000001,186507,0.161,0,0.0,3,0.116,-20.499,1,0,0.0801,144.113,0.7979999999999999,9
0.122,0.7090000000000001,252263,0.711,0,0.0,7,0.277,-4.265,0,59,0.0884,136.899,0.421,1
0.948,0.335,2310231,0.458,0,0.14400000000000002,8,0.976,-8.93,1,0,0.0735,143.398,0.338,7
0.0637,0.364,133133,0.944,0,0.035,11,0.13699999999999998,-4.038,0,38,0.098,162.784,0.902,3
0.938,0.5770000000000001,204107,0.152,0,0.74,8,0.0825,-15.243,1,6,0.0381,63.317,0.391,7
0.0654,0.588,295160,0.865,1,0.0,2,0.359,-3.465,1,47,0.385,88.589,0.503,2
0.7090000000000001,0.424,140947,0.383,0,0.0,0,0.227,-13.643,1,16,0.0524,86.837,0.875,6
0.612,0.675,126405,0.906,0,0.00596,0,0.122,-6.978,1,15,0.0357,89.95200000000001,0.965,6
0.00943,0.368,278813,0.8240000000000001,1,0.0,1,0.11,-4.07,0,43,0.0401,161.974,0.12,1
6.720000000000001e-05,0.366,115707,0.889,0,0.000797,9,0.444,-2.408,1,31,0.0314,181.743,0.916,5
0.0293,0.843,202478,0.812,1,0.0,6,0.233,-7.03,0,46,0.172,105.488,0.361,3
0.975,0.433,201907,0.341,0,0.35700000000000004,5,0.0784,-7.955,0,0,0.041,129.10399999999998,0.507,8
0.994,0.489,87973,0.295,0,0.926,2,0.13,-22.305,1,21,0.0514,100.041,0.971,7
7.68e-05,0.338,137360,0.848,0,4.88e-06,7,0.335,-6.3210000000000015,1,33,0.0622,92.227,0.662,4
0.981,0.422,470320,0.205,0,0.841,7,0.0429,-15.374,0,0,0.0341,127.737,0.482,9
0.00998,0.509,285160,0.778,0,0.0,11,0.19,-3.608,1,63,0.0295,105.066,0.21600000000000005,1
0.42,0.471,245133,0.7120000000000001,0,0.0,5,0.237,-4.869,1,43,0.0433,190.693,0.5379999999999999,3
0.52,0.743,555773,0.645,0,0.298,0,0.0947,-9.322,1,27,0.0443,77.093,0.715,6
0.14400000000000002,0.5529999999999999,226213,0.506,0,3.78e-06,4,0.438,-13.271,0,50,0.046,143.278,0.51,5
0.901,0.483,175240,0.276,0,0.0,0,0.11,-8.708,1,36,0.0328,109.508,0.361,7
0.845,0.468,165053,0.298,0,0.044,4,0.249,-15.661,1,27,0.0286,78.127,0.36,6
0.976,0.136,557746,0.145,0,0.872,6,0.403,-17.785,0,1,0.0423,72.145,0.0386,10
0.994,0.34700000000000003,310133,0.0317,0,0.887,1,0.0754,-22.936,1,7,0.0514,77.711,0.129,8
0.348,0.145,246293,0.361,0,0.354,9,0.409,-8.76,0,39,0.035,82.06,0.134,5
0.65,0.475,201143,0.404,1,0.0,0,0.1,-8.899,1,63,0.0946,104.513,0.463,1
0.994,0.407,307337,0.789,0,0.7070000000000001,4,0.917,-8.844,1,0,0.498,113.977,0.774,9
0.418,0.716,221093,0.6679999999999999,0,0.26,9,0.276,-10.713,0,33,0.0849,96.612,0.7290000000000001,5
0.941,0.0,11973,0.277,0,0.0,0,0.542,-21.291,1,0,0.0,0.0,0.0,7
0.8490000000000001,0.275,153227,0.297,0,0.00337,10,0.209,-14.05,1,19,0.0299,78.533,0.309,6
0.96,0.471,199733,0.146,0,2.02e-05,0,0.383,-20.635,1,0,0.146,127.368,0.197,7
0.628,0.569,150440,0.599,0,0.6459999999999999,5,0.14800000000000002,-10.57,1,19,0.0431,186.422,0.8540000000000001,6
0.8590000000000001,0.569,233400,0.226,0,3.55e-06,7,0.0867,-17.414,1,43,0.0371,66.86399999999999,0.345,4
0.098,0.727,190720,0.932,0,0.0,1,0.211,-4.931,1,68,0.16,114.032,0.662,1
0.841,0.469,74867,0.645,0,0.77,10,0.116,-14.649,0,0,0.0379,75.24,0.0505,8
0.01,0.76,208333,0.821,1,0.000442,2,0.456,-6.684,1,49,0.0967,120.01,0.35200000000000004,1
0.0011,0.521,234800,0.591,0,1.28e-05,1,0.132,-5.752999999999999,1,43,0.0328,103.449,0.179,2
0.34,0.805,281773,0.735,0,0.0,11,0.228,-4.904,0,45,0.0519,91.074,0.792,4
0.565,0.35100000000000003,352493,0.132,0,0.0,3,0.272,-18.266,1,13,0.0496,81.862,0.329,7
0.969,0.685,65582,0.205,0,0.00283,7,0.098,-17.23,0,6,0.0647,132.09799999999998,0.688,7
0.00306,0.209,218960,0.957,0,3.37e-05,7,0.315,-4.336,1,53,0.0912,155.061,0.578,2
0.945,0.241,136986,0.172,0,0.000162,3,0.195,-14.491,1,8,0.0323,87.141,0.12,7
0.0495,0.809,403713,0.698,0,0.513,7,0.0562,-8.876,1,29,0.07400000000000001,127.915,0.963,4
0.11,0.715,173325,0.624,1,0.0,4,0.123,-3.0460000000000003,0,81,0.114,158.08700000000005,0.412,1
0.495,0.611,297133,0.396,0,1.4e-06,2,0.065,-13.741,1,50,0.17800000000000002,99.71,0.754,3
0.889,0.638,173080,0.308,0,0.0008529999999999999,6,0.0543,-11.89,1,52,0.0301,82.527,0.466,1
0.18600000000000005,0.622,237480,0.711,1,0.0,10,0.107,-8.213,1,58,0.414,173.396,0.7340000000000001,3
0.0325,0.498,290933,0.508,0,0.0,2,0.136,-5.882999999999999,1,50,0.0348,74.866,0.199,2
0.985,0.418,169133,0.182,0,0.8170000000000001,0,0.267,-23.474,1,1,0.0441,91.133,0.596,8
0.0546,0.604,160400,0.43,0,0.0,7,0.0977,-13.575,1,52,0.032,68.257,0.644,5
0.851,0.685,171227,0.392,0,0.076,5,0.14400000000000002,-11.001,1,6,0.0469,124.235,0.877,7
0.206,0.586,191227,0.59,0,0.0,1,0.104,-15.898,0,35,0.0785,100.268,0.7609999999999999,4
0.993,0.415,196933,0.154,0,0.932,10,0.103,-16.553,1,34,0.038,60.264,0.187,6
0.937,0.223,91707,0.0138,0,0.916,5,0.13,-32.843,0,49,0.0294,64.017,0.0357,3
0.5,0.625,483133,0.373,0,0.000524,5,0.132,-12.549,0,43,0.0383,88.54299999999998,0.43,5
0.0206,0.966,199000,0.633,0,4.06e-06,2,0.0715,-6.392,1,68,0.101,108.011,0.767,1
0.0041600000000000005,0.544,294707,0.787,0,1.18e-06,9,0.247,-4.295,0,45,0.0434,118.969,0.32299999999999995,1
0.985,0.627,187080,0.4920000000000001,0,9.95e-05,2,0.331,-6.494,1,0,0.0477,128.50799999999998,0.518,9
0.978,0.256,515253,0.118,0,0.887,11,0.0533,-20.179,1,0,0.0405,79.325,0.123,10
0.421,0.5589999999999999,209453,0.835,0,0.0,3,0.0811,-4.475,1,47,0.0633,117.885,0.504,1
0.654,0.331,221600,0.244,0,0.000547,8,0.0635,-12.187,1,32,0.0305,78.503,0.239,6
0.0566,0.537,181210,0.693,0,0.0,9,0.146,-5.256,1,62,0.0847,176.00400000000005,0.581,1
0.0492,0.665,219307,0.7659999999999999,0,0.338,10,0.113,-9.454,0,62,0.0505,73.683,0.905,2
0.7929999999999999,0.624,243680,0.257,0,0.0016600000000000002,7,0.731,-15.321,1,48,0.0331,108.099,0.355,2
0.993,0.591,96827,0.194,0,0.907,5,0.108,-13.032,1,0,0.19,109.744,0.521,8
0.242,0.617,198203,0.315,0,0.000178,2,0.0873,-11.48,1,19,0.0288,106.311,0.417,5
0.16699999999999998,0.797,177720,0.922,1,0.0,1,0.348,-2.397,1,55,0.34600000000000003,141.966,0.83,1
0.906,0.464,232893,0.155,0,0.36,9,0.112,-19.061,1,33,0.0337,100.683,0.433,6
0.0764,0.473,50133,0.979,0,0.961,5,0.969,-6.307,1,29,0.234,92.666,0.23,5
0.8,0.625,125080,0.399,0,0.0,0,0.228,-10.021,1,18,0.0293,93.621,0.8490000000000001,6
0.00647,0.695,182693,0.818,0,4.87e-06,5,0.0219,-5.379,0,73,0.0334,119.965,0.916,1
0.0126,0.693,226640,0.72,0,0.0,2,0.126,-5.606,1,42,0.0459,104.985,0.453,1
0.0253,0.462,276027,0.75,0,6.18e-05,0,0.068,-6.519,1,39,0.044,133.499,0.847,5
0.0155,0.882,417600,0.399,0,0.238,7,0.0427,-10.147,1,49,0.0386,103.154,0.794,5
0.0104,0.431,340027,0.463,0,0.623,9,0.227,-13.091,1,26,0.0352,110.448,0.578,4
0.7979999999999999,0.501,300587,0.234,0,4.89e-05,11,0.0714,-13.663,1,38,0.0298,121.457,0.293,4
0.877,0.611,258360,0.409,0,0.0443,8,0.241,-7.567,1,10,0.0358,96.12,0.679,7
0.000839,0.415,237787,0.918,0,7.53e-05,1,0.121,-6.335,1,39,0.0373,134.94899999999998,0.512,4
0.00301,0.529,211720,0.8,0,1.17e-05,1,0.102,-3.79,1,54,0.0318,96.81,0.498,2
0.6940000000000001,0.5579999999999999,190773,0.463,0,3.82e-05,0,0.259,-14.59,1,25,0.0524,176.685,0.7909999999999999,4
0.159,0.8420000000000001,196639,0.556,1,0.0,8,0.204,-6.7929999999999975,1,63,0.442,118.836,0.306,0
0.507,0.51,414600,0.542,0,2.55e-06,7,0.118,-15.503,1,31,0.0749,175.093,0.856,6
0.79,0.625,236027,0.319,0,0.104,6,0.0921,-12.119000000000002,0,62,0.0805,127.799,0.438,1
0.386,0.4970000000000001,105467,0.6609999999999999,0,0.0,4,0.491,-7.117000000000001,1,9,0.0373,95.293,0.962,6
0.0527,0.66,199333,0.789,1,0.0,7,0.341,-5.143,1,64,0.364,182.218,0.513,3
0.995,0.336,316133,0.0201,0,0.931,11,0.0852,-23.889,1,0,0.0595,83.541,0.156,8
0.16699999999999998,0.539,168200,0.612,0,8.669999999999999e-05,0,0.102,-12.671,1,41,0.0351,146.762,0.967,5
0.955,0.669,197120,0.438,0,0.000136,6,0.132,-11.216,0,1,0.0617,109.644,0.7829999999999999,7
0.961,0.31,235851,0.647,0,0.0008320000000000001,8,0.883,-7.477,1,0,0.093,92.903,0.7879999999999999,7
0.647,0.672,259907,0.529,0,0.0,2,0.147,-11.566,1,38,0.2,118.822,0.696,4
0.965,0.0818,374733,0.0218,0,0.841,0,0.104,-28.778,0,56,0.0409,172.87900000000005,0.0616,1
0.982,0.2,225320,0.182,0,0.371,4,0.32299999999999995,-16.833,1,0,0.043,72.82300000000002,0.0671,7
0.0632,0.552,319733,0.904,0,0.000186,0,0.21600000000000005,-6.745,0,48,0.0719,133.28,0.721,4
0.198,0.75,123200,0.239,1,2.15e-06,5,0.182,-20.618,0,0,0.7509999999999999,129.838,0.609,8
0.295,0.925,132907,0.5,1,0.0,7,0.106,-9.058,1,64,0.425,129.97299999999998,0.6679999999999999,0
0.0102,0.429,337936,0.276,0,0.0307,2,0.0994,-18.492,1,32,0.0613,178.433,0.289,5
0.0268,0.745,228067,0.8390000000000001,0,0.000538,7,0.075,-5.895,0,41,0.0303,129.97899999999998,0.665,2
5.94e-05,0.431,201613,0.909,1,0.9,10,0.969,-7.352,0,34,0.0827,108.142,0.392,4
0.994,0.433,187480,0.0177,0,0.919,8,0.115,-32.226,1,10,0.0341,135.273,0.102,6
0.196,0.4370000000000001,201733,0.748,0,0.000328,4,0.158,-6.593,1,60,0.0689,149.834,0.383,2
0.831,0.378,234467,0.104,0,4.320000000000001e-05,0,0.117,-18.178,1,23,0.0294,79.66,0.195,5
0.82,0.578,174289,0.555,0,7.140000000000001e-05,7,0.334,-13.05,1,0,0.459,169.238,0.873,8
0.0345,0.588,214560,0.855,0,0.007859999999999999,7,0.16,-4.205,1,61,0.0331,123.69,0.698,2
0.0173,0.569,126652,0.866,0,0.0,9,0.08800000000000001,-7.95,1,44,0.0368,135.403,0.96,3
0.000409,0.337,176960,0.985,0,0.00027,2,0.238,-4.675,1,56,0.0787,103.95,0.371,3
0.0986,0.7909999999999999,170640,0.613,0,0.0,1,0.0765,-11.628,0,54,0.0763,143.017,0.8959999999999999,2
0.142,0.35700000000000004,118067,0.238,1,0.0859,8,0.55,-16.78,0,62,0.265,156.907,0.494,1
0.299,0.265,143333,0.775,0,0.0198,0,0.18,-5.524,1,30,0.0369,164.528,0.802,5
0.813,0.659,185120,0.513,0,0.0,7,0.639,-9.043,1,8,0.126,123.38,0.544,7
0.7809999999999999,0.476,167707,0.312,0,0.00012,7,0.0842,-7.492000000000001,0,11,0.0305,133.844,0.371,6
0.243,0.7190000000000001,209667,0.546,0,0.008440000000000001,7,0.181,-10.239,1,63,0.032,117.925,0.669,2
0.511,0.6409999999999999,278827,0.442,0,0.0,10,0.145,-14.191,0,37,0.147,117.866,0.752,4
0.00686,0.569,282373,0.693,0,0.85,9,0.0906,-12.82,1,35,0.038,83.598,0.713,4
0.0904,0.57,187347,0.672,0,1.44e-06,7,0.269,-7.705,1,33,0.0345,136.88299999999998,0.614,6
0.596,0.626,151800,0.28,0,0.0162,4,0.109,-16.641,1,25,0.0388,106.016,0.342,3
0.981,0.449,456493,0.0426,0,0.0,8,0.117,-18.589,1,35,0.0441,119.857,0.16699999999999998,7
0.0662,0.944,295333,0.624,1,0.0,11,0.662,-13.166,0,32,0.539,110.987,0.621,3
0.0375,0.429,165013,0.471,0,0.000199,2,0.108,-9.289,1,31,0.0268,99.269,0.438,5
0.37,0.368,121800,0.889,0,7.859999999999999e-05,2,0.441,-14.679,1,36,0.109,96.975,0.0644,4
0.907,0.743,153533,0.51,0,0.878,10,0.248,-10.894,1,0,0.0398,114.919,0.958,9
0.00648,0.342,236867,0.5870000000000001,0,0.0995,11,0.207,-7.273,0,53,0.0537,168.847,0.484,1
0.396,0.769,158040,0.915,0,0.5329999999999999,0,0.212,-6.5539999999999985,1,21,0.0889,117.181,0.64,4
0.183,0.852,180935,0.568,1,0.0,1,0.0993,-9.202,0,67,0.344,81.52600000000002,0.504,1
0.993,0.407,92173,0.267,0,0.871,4,0.138,-19.537,1,0,0.043,114.419,0.971,7
0.7659999999999999,0.452,415227,0.494,0,0.000346,6,0.0798,-10.179,1,16,0.0379,127.645,0.102,6
0.0686,0.7290000000000001,194040,0.468,0,0.00119,11,0.0593,-11.274,0,38,0.0385,96.287,0.493,4
0.298,0.574,71400,0.505,0,0.897,8,0.227,-20.963,1,1,0.037000000000000005,99.91,0.916,8
0.969,0.32,325960,0.149,0,0.0835,5,0.23,-15.597,0,0,0.0382,123.539,0.182,9
0.0792,0.82,241467,0.743,0,7.41e-06,11,0.0544,-9.947,1,57,0.0412,101.451,0.962,3
0.181,0.607,221280,0.6729999999999999,0,0.0,5,0.069,-6.484,0,62,0.0611,88.95200000000001,0.215,1
0.318,0.399,92973,0.542,0,0.0,0,0.307,-10.627,1,18,0.036000000000000004,130.232,0.802,6
0.322,0.813,178893,0.74,0,2.97e-06,2,0.0455,-6.829,1,44,0.0906,115.405,0.924,3
0.8370000000000001,0.284,188680,0.316,0,0.0,2,0.14300000000000002,-10.559,1,13,0.0292,169.416,0.26,7
0.000134,0.51,375867,0.89,0,0.343,4,0.107,-7.737999999999999,0,40,0.0528,127.761,0.179,4
0.737,0.501,249427,0.268,0,4.62e-06,5,0.187,-11.854,1,43,0.0411,86.484,0.493,4
0.0229,0.8029999999999999,329427,0.875,1,0.0,4,0.368,-2.837,1,48,0.24,93.958,0.35600000000000004,2
0.552,0.7070000000000001,166267,0.483,0,0.000143,0,0.388,-9.929,1,47,0.0371,128.32,0.79,7
0.0212,0.546,318493,0.561,0,0.00141,0,0.5760000000000001,-13.074000000000002,0,42,0.166,181.63,0.8109999999999999,4
0.374,0.25,325803,0.364,0,2.91e-06,10,0.727,-15.726,1,25,0.0329,182.124,0.363,4
0.5820000000000001,0.62,223560,0.838,0,0.0,2,0.0557,-2.7310000000000003,1,31,0.0802,110.136,0.8859999999999999,4
0.00225,0.436,67787,0.982,0,0.0,5,0.383,-2.255,0,35,0.17800000000000002,102.72,0.71,4
0.851,0.59,279453,0.379,0,0.0009789999999999998,4,0.0799,-12.452,1,50,0.0329,100.846,0.138,1
0.00141,0.268,162573,0.946,0,0.0431,2,0.16699999999999998,-4.814,0,39,0.125,173.15900000000005,0.429,2
0.00574,0.579,391376,0.508,0,0.0004940000000000001,2,0.0575,-9.484,1,47,0.027000000000000003,147.125,0.609,4
0.000989,0.349,158533,0.995,0,0.0,5,0.0955,-2.622,1,50,0.14300000000000002,189.936,0.223,1
0.000131,0.809,368466,0.883,0,0.8909999999999999,0,0.0691,-7.247999999999997,1,0,0.055,123.141,0.66,10
0.411,0.74,140747,0.574,1,0.0,4,0.262,-6.938,1,62,0.245,149.762,0.33,1
0.762,0.6990000000000001,137373,0.951,0,4.38e-06,9,0.16699999999999998,-4.658,1,3,0.0465,82.229,0.938,7
0.72,0.7090000000000001,145102,0.448,0,5.570000000000001e-05,0,0.0714,-4.982,1,54,0.0437,83.906,0.746,3
0.000359,0.261,135573,0.885,0,0.00426,0,0.254,-5.2879999999999985,1,45,0.0831,166.653,0.17800000000000002,3
0.831,0.64,166707,0.366,0,1.98e-05,5,0.132,-9.385,1,41,0.0312,118.777,0.5579999999999999,7
