0.0238,0.624,206627,0.476,0,0.141,4,0.0997,-10.993,1,59,0.0416,119.968,0.184,1
0.8759999999999999,0.5589999999999999,200960,0.113,0,0.0,8,0.212,-16.934,1,36,0.0602,80.67,0.361,6
0.0294,0.7829999999999999,282253,0.556,1,0.000154,0,0.105,-9.267,1,45,0.0845,155.262,0.542,3
0.636,0.4970000000000001,271840,0.512,0,0.253,3,0.191,-8.43,1,40,0.0286,97.993,0.324,2
0.255,0.546,211400,0.528,0,0.0,0,0.0514,-6.0120000000000005,1,66,0.0314,188.161,0.773,1
0.119,0.617,296313,0.905,0,0.00117,2,0.77,-4.329,1,37,0.0321,103.862,0.769,3
0.341,0.667,258827,0.508,1,0.0,5,0.644,-10.337,1,61,0.451,89.436,0.093,1
0.964,0.21,205240,0.152,0,1.54e-06,3,0.204,-16.897000000000002,1,3,0.0389,86.573,0.134,7
0.968,0.18,208280,0.298,0,0.741,8,0.122,-11.220999999999998,1,14,0.0364,169.408,0.108,7
0.187,0.75,241627,0.742,0,0.0,5,0.0712,-10.184,0,60,0.027000000000000003,95.872,0.653,4
0.000319,0.429,177067,0.913,0,4.73e-05,11,0.101,-5.945,1,51,0.0431,161.122,0.7390000000000001,2
0.96,0.585,183333,0.172,0,0.00333,5,0.0826,-12.835,1,8,0.0597,119.722,0.619,9
0.6940000000000001,0.5489999999999999,626880,0.498,0,3.87e-05,7,0.109,-9.203,0,62,0.0371,95.345,0.575,5
0.996,0.535,182440,0.0875,0,0.812,8,0.312,-19.799,1,0,0.1,67.60600000000001,0.64,9
0.00761,0.615,281147,0.91,0,0.0067,5,0.16,-2.825,0,51,0.0762,140.0,0.34600000000000003,1
0.682,0.7040000000000001,188252,0.168,0,3.2299999999999986e-05,6,0.13,-21.094,1,0,0.945,132.148,0.467,9
0.906,0.6679999999999999,151600,0.28300000000000003,0,0.0,7,0.0397,-12.03,1,4,0.331,165.078,0.906,9
0.0102,0.6409999999999999,222027,0.72,0,0.0,11,0.154,-4.3260000000000005,1,58,0.0552,77.969,0.578,2
0.0863,0.737,280693,0.657,0,0.0339,4,0.0953,-10.962,0,51,0.0284,131.02200000000002,0.76,3
0.974,0.556,176760,0.433,0,0.846,2,0.147,-11.076,1,22,0.0601,110.964,0.5429999999999999,6
0.99,0.294,136840,0.0997,0,0.0,5,0.141,-19.17,1,19,0.0309,77.861,0.484,6
0.0345,0.807,173061,0.6779999999999999,1,0.0,6,0.0986,-3.244,0,70,0.177,147.004,0.21,0
0.993,0.385,196786,0.231,0,0.0185,5,0.259,-9.227,0,0,0.048,92.432,0.467,8
0.956,0.629,246720,0.0782,0,0.00103,3,0.377,-13.765999999999998,1,0,0.0486,80.309,0.54,7
0.149,0.505,183693,0.983,0,0.0392,8,0.923,-6.527,1,32,0.0574,112.285,0.312,4
0.0414,0.665,175755,0.6509999999999999,1,0.0,1,0.0896,-5.515,1,81,0.156,163.935,0.237,1
0.14800000000000002,0.897,256053,0.826,1,0.0,1,0.27,-4.489,1,42,0.282,100.1,0.8109999999999999,3
0.0428,0.747,183197,0.598,0,0.0,10,0.0548,-7.789,1,43,0.0474,107.235,0.956,3
0.617,0.431,61960,0.125,0,0.0385,9,0.271,-13.838,1,0,0.0303,63.577,0.512,7
0.66,0.649,183800,0.8340000000000001,0,0.0,10,0.0579,-10.97,1,13,0.0738,134.017,0.715,6
0.995,0.589,183347,0.185,0,0.93,11,0.106,-17.535,1,0,0.0753,130.33,0.551,8
0.224,0.147,91773,0.5670000000000001,0,0.0325,9,0.414,-10.880999999999998,0,34,0.0484,138.563,0.275,4
0.989,0.708,199760,0.424,0,0.162,6,0.124,-12.505,1,0,0.0326,115.39,0.81,8
0.0038,0.765,216000,0.872,0,0.482,10,0.275,-6.9929999999999986,0,55,0.119,118.074,0.901,2
0.0114,0.911,233093,0.434,0,0.000128,7,0.177,-9.232,1,32,0.158,116.901,0.457,3
0.526,0.474,227333,0.528,0,0.0,7,0.109,-8.588,1,59,0.0276,144.366,0.364,3
0.823,0.5920000000000001,277400,0.2,0,0.0,1,0.101,-16.392,1,48,0.0344,172.64700000000005,0.382,4
0.0154,0.7070000000000001,180480,0.506,0,0.0121,1,0.165,-9.216,1,46,0.039,146.982,0.871,2
0.163,0.721,212320,0.457,1,0.0,2,0.0977,-7.1,1,55,0.265,127.983,0.231,1
0.8809999999999999,0.376,205840,0.319,0,0.0,0,0.124,-9.573,1,41,0.031,132.105,0.217,6
0.99,0.298,355400,0.106,0,0.927,1,0.0847,-22.898000000000003,1,0,0.0347,60.87300000000001,0.0383,7
0.16899999999999998,0.598,254667,0.636,0,7.32e-06,0,0.29,-4.177,1,44,0.0312,120.078,0.27,2
0.992,0.396,180744,0.34700000000000003,0,0.0613,11,0.232,-10.022,1,0,0.044,142.03799999999995,0.884,7
0.4970000000000001,0.258,320773,0.317,0,0.000251,4,0.113,-12.626,0,49,0.038,90.675,0.161,2
0.947,0.526,135667,0.612,0,0.000567,8,0.16,-8.167,1,1,0.057,124.371,0.764,8
0.039,0.804,214973,0.649,0,2.9100000000000013e-05,0,0.123,-5.31,1,43,0.0309,109.999,0.977,1
0.993,0.4370000000000001,174395,0.407,0,0.0,3,0.479,-10.482,1,0,0.0966,65.676,0.604,9
0.227,0.7809999999999999,206360,0.53,0,0.0,4,0.106,-14.848,1,32,0.0685,110.157,0.8170000000000001,4
0.968,0.614,186285,0.163,0,0.918,3,0.126,-13.533,0,0,0.0529,69.72399999999999,0.84,8
0.995,0.635,186000,0.21600000000000005,0,0.743,2,0.127,-11.319,1,0,0.113,181.206,0.86,10
0.92,0.349,191973,0.182,0,0.0152,5,0.14300000000000002,-13.507,1,64,0.031,136.094,0.17800000000000002,7
0.4,0.7909999999999999,167493,0.593,0,0.000187,8,0.321,-12.944,1,40,0.0505,124.971,0.908,3
0.9,0.67,145480,0.374,0,0.000219,1,0.329,-11.331,1,28,0.041,88.54,0.701,7
0.243,0.757,272333,0.398,0,0.0649,10,0.182,-15.444,1,34,0.0289,105.867,0.598,4
0.763,0.518,396160,0.226,0,0.0118,7,0.1,-17.084,0,23,0.0577,147.225,0.546,6
0.987,0.5820000000000001,463733,0.165,0,0.933,7,0.111,-18.363,1,9,0.0613,100.403,0.677,8
0.0008759999999999999,0.617,236150,0.607,0,0.0701,1,0.0918,-7.015,1,68,0.0231,102.068,0.446,3
0.407,0.569,242373,0.343,0,0.0,6,0.0977,-9.922,1,35,0.0254,77.378,0.28,3
0.746,0.715,267893,0.41,0,0.0,6,0.124,-7.785,1,44,0.0288,131.826,0.419,3
0.797,0.434,119000,0.458,0,0.0,2,0.0698,-8.861,1,44,0.0351,76.26899999999998,0.7490000000000001,6
0.6609999999999999,0.713,301911,0.205,0,2.04e-05,5,0.207,-20.44,1,0,0.95,114.954,0.429,9
0.987,0.278,346237,0.355,0,0.885,5,0.116,-14.834,1,30,0.0335,145.69899999999996,0.185,4
0.87,0.353,137090,0.0785,0,2.21e-06,0,0.112,-18.434,0,2,0.0376,70.535,0.261,9
0.5920000000000001,0.7020000000000001,158933,0.434,0,0.000327,8,0.204,-9.855,1,40,0.035,89.546,0.655,5
0.0174,0.284,325360,0.925,0,0.0,0,0.121,-4.475,0,47,0.281,199.905,0.343,2
0.502,0.536,391133,0.343,0,1.15e-05,6,0.0638,-14.312,1,30,0.0284,125.004,0.313,4
0.00244,0.6809999999999999,281933,0.918,0,0.000535,9,0.119,-4.83,0,63,0.0508,105.031,0.551,2
0.127,0.502,281040,0.417,0,0.00419,10,0.106,-7.665,1,69,0.0718,180.301,0.218,1
0.961,0.597,181815,0.004529999999999999,0,0.0,10,0.693,-26.712,0,1,0.066,65.186,0.331,8
0.99,0.629,207227,0.111,0,0.301,0,0.0897,-11.118,0,35,0.0472,133.752,0.481,7
0.7090000000000001,0.654,188893,0.483,0,0.0,10,0.102,-10.028,1,51,0.0509,120.673,0.604,3
0.307,0.442,181027,0.305,0,8.32e-06,4,0.33,-8.942,1,38,0.0383,92.133,0.5429999999999999,5
0.00139,0.612,231893,0.7759999999999999,1,0.219,11,0.17800000000000002,-8.684,0,35,0.0349,138.577,0.547,3
0.695,0.7240000000000001,360653,0.431,0,0.00252,10,0.0698,-12.046,0,53,0.0291,126.665,0.378,4
0.381,0.345,131266,0.34600000000000003,0,0.0,0,0.471,-10.837,1,42,0.0309,109.368,0.521,6
0.449,0.391,272609,0.329,0,4.12e-06,4,0.0608,-13.755999999999998,0,30,0.0354,90.001,0.342,6
0.0122,0.408,243493,0.72,1,0.0,9,0.507,-3.045,1,53,0.136,83.49600000000002,0.0525,1
0.955,0.282,222200,0.289,0,4.7e-06,2,0.304,-12.053,1,9,0.0342,124.356,0.125,7
0.991,0.334,201667,0.0873,0,0.0746,8,0.298,-17.840999999999994,0,12,0.0412,89.75299999999999,0.121,7
0.797,0.28,189187,0.242,0,1.34e-05,8,0.205,-13.646,1,25,0.0304,81.361,0.208,7
0.163,0.643,500373,0.66,0,0.0,9,0.114,-5.812,1,47,0.0301,95.132,0.672,2
0.845,0.536,191173,0.494,0,0.00982,7,0.938,-11.52,0,2,0.472,180.142,0.685,10
0.29600000000000004,0.871,131286,0.7020000000000001,1,0.0,5,0.0912,-8.025,1,68,0.253,125.089,0.675,1
0.0189,0.5870000000000001,172973,0.603,0,0.0,0,0.0967,-13.399,1,48,0.0437,98.114,0.878,5
0.953,0.5429999999999999,176200,0.0603,0,0.0255,3,0.338,-13.954,1,0,0.138,80.917,0.251,8
0.968,0.649,179507,0.306,0,0.00496,8,0.0668,-10.477,1,15,0.0451,96.007,0.632,9
0.00716,0.458,153333,0.946,0,0.000157,2,0.28300000000000003,-6.525,1,29,0.0469,152.681,0.736,4
0.34700000000000003,0.8009999999999999,225840,0.471,0,0.008140000000000001,11,0.0444,-15.445,0,41,0.0354,127.136,0.923,5
0.00024900000000000004,0.381,671360,0.82,1,0.725,7,0.152,-6.4179999999999975,0,56,0.0398,111.82,0.574,2
0.878,0.596,182573,0.366,0,0.00263,10,0.23,-14.933,1,42,0.0325,145.717,0.853,6
0.00918,0.638,189520,0.884,0,0.000337,6,0.139,-4.0680000000000005,0,53,0.049,130.032,0.541,1
0.519,0.629,290973,0.703,0,0.0,2,0.11,-4.875,1,62,0.0504,144.016,0.402,2
0.994,0.464,174667,0.0717,0,6.1e-05,0,0.133,-12.185,1,11,0.0437,94.902,0.381,9
0.28600000000000003,0.701,141240,0.545,0,2.59e-06,9,0.0853,-8.305,1,19,0.0321,124.628,0.732,6
0.482,0.536,200373,0.664,0,0.0,11,0.0925,-4.735,1,53,0.0276,89.963,0.38,1
0.986,0.638,157962,0.431,0,2.78e-05,8,0.226,-10.753,1,0,0.0735,93.886,0.473,9
0.993,0.867,178602,0.387,0,0.00168,8,0.146,-9.207,0,0,0.36,111.903,0.882,8
0.00989,0.461,764457,0.5660000000000001,0,0.7859999999999999,9,0.109,-9.133,0,64,0.0566,88.06700000000002,0.387,1
0.775,0.515,272200,0.64,0,0.0562,6,0.112,-9.799,1,40,0.0426,111.157,0.314,3
0.813,0.7140000000000001,215533,0.55,0,0.91,10,0.158,-12.031,1,19,0.0949,93.303,0.804,6
0.792,0.294,188693,0.305,0,0.00154,5,0.123,-10.229,1,22,0.0347,71.868,0.272,6
0.982,0.667,192235,0.47,0,0.0,3,0.531,-12.021,1,0,0.049,125.218,0.8759999999999999,9
0.948,0.581,203041,0.477,0,0.71,6,0.084,-7.802,1,0,0.0509,118.807,0.941,8
0.986,0.244,396173,0.12,0,0.878,11,0.0913,-19.775,0,43,0.0415,82.74,0.0398,4
0.922,0.485,207560,0.209,0,0.0073700000000000015,11,0.243,-13.376,1,5,0.0406,113.123,0.7020000000000001,9
0.007490000000000002,0.76,239267,0.8029999999999999,1,0.0,1,0.6940000000000001,-6.545,0,45,0.219,93.042,0.835,1
0.875,0.514,155120,0.243,0,1.14e-06,5,0.104,-12.62,1,19,0.0296,102.002,0.393,6
0.00572,0.547,199867,0.626,1,0.0,2,0.313,-6.244,1,60,0.208,101.971,0.34600000000000003,1
0.987,0.365,40067,0.304,0,0.919,7,0.162,-22.905,1,42,0.0374,107.77,0.977,4
0.223,0.5489999999999999,280653,0.667,0,0.306,1,0.0753,-10.115,0,13,0.0761,99.118,0.438,7
0.28,0.919,308558,0.465,1,0.0,9,0.146,-8.64,0,41,0.4,95.867,0.629,4
0.0846,0.552,275427,0.6940000000000001,0,0.0,4,0.117,-4.489,1,51,0.026,136.019,0.359,2
0.165,0.417,362933,0.49,0,0.0011,7,0.285,-12.297,1,64,0.0354,164.125,0.536,3
0.903,0.384,135000,0.0836,0,0.0,2,0.204,-20.848000000000006,1,15,0.0414,76.57600000000002,0.314,6
0.058,0.7759999999999999,180467,0.9,0,0.0,0,0.256,-3.97,1,53,0.0382,127.051,0.963,1
0.0376,0.625,262067,0.505,0,6.99e-06,7,0.0847,-9.978,1,38,0.0274,118.467,0.7090000000000001,5
0.6729999999999999,0.249,351227,0.236,0,0.157,4,0.125,-13.875,0,20,0.0364,128.179,0.0731,6
0.18600000000000005,0.586,420307,0.461,0,7.46e-06,0,0.0688,-13.003,1,26,0.0781,131.539,0.209,4
0.715,0.4920000000000001,633827,0.6809999999999999,0,0.0621,5,0.0917,-11.005,0,20,0.078,127.428,0.8220000000000001,6
0.994,0.3,320267,0.128,0,0.897,8,0.14,-20.444000000000006,0,0,0.0411,80.47399999999998,0.227,8
0.964,0.364,151333,0.14,0,0.0,10,0.388,-19.744,1,0,0.0473,68.267,0.332,7
0.949,0.54,249591,0.381,0,7.42e-05,11,0.7559999999999999,-11.800999999999998,1,0,0.181,125.171,0.895,8
0.2,0.476,279467,0.6579999999999999,0,0.00155,6,0.0635,-6.737,0,31,0.0281,97.527,0.35700000000000004,3
0.187,0.466,279840,0.406,0,0.6709999999999999,7,0.105,-13.378,1,33,0.0539,148.59799999999996,0.77,5
0.115,0.14,182813,0.00162,0,0.459,5,0.4320000000000001,-17.222,1,67,0.24,138.49200000000002,1e-05,1
0.166,0.634,97392,0.281,1,0.0,1,0.117,-15.202,1,0,0.956,169.463,0.4,10
0.799,0.564,240933,0.336,0,3.91e-06,6,0.98,-15.14,1,23,0.28600000000000003,91.475,0.6920000000000001,6
0.000104,0.28,572133,0.907,0,0.00536,2,0.337,-9.29,1,52,0.0586,104.896,0.45,3
0.276,0.609,179267,0.501,0,0.0,1,0.362,-9.324,1,18,0.0505,119.788,0.7190000000000001,6
0.972,0.442,192240,0.297,0,0.0008089999999999999,2,0.107,-9.768,1,0,0.0478,78.955,0.349,9
0.0138,0.675,153240,0.96,0,3.74e-05,9,0.0512,-5.259,1,23,0.0309,127.982,0.983,5
0.0213,0.27,368800,0.906,0,6.47e-05,2,0.362,-8.15,1,29,0.245,201.729,0.384,4
0.972,0.584,179587,0.34,0,0.000536,7,0.156,-7.146,1,1,0.036000000000000004,72.098,0.383,8
0.772,0.449,185827,0.385,0,0.0,1,0.242,-12.946,1,22,0.149,90.225,0.779,7
0.0251,0.316,295000,0.95,0,8.14e-06,0,0.107,-4.664,1,33,0.139,183.999,0.659,3
0.388,0.8190000000000001,382453,0.328,0,6.54e-06,8,0.1,-7.3370000000000015,1,37,0.0541,132.12,0.181,2
0.877,0.601,166540,0.454,0,0.0,3,0.313,-6.532,1,9,0.0545,165.59799999999996,0.964,8
0.208,0.557,126373,0.518,0,0.0,2,0.0604,-12.627,1,45,0.0464,138.403,0.475,3
0.405,0.57,218800,0.657,0,1.86e-06,8,0.0723,-6.987,1,50,0.0356,144.247,0.41,1
0.6940000000000001,0.464,156333,0.337,0,0.0,5,0.141,-11.615,1,15,0.0508,114.284,0.495,7
0.8290000000000001,0.769,114373,0.222,0,0.0,7,0.504,-11.669,1,2,0.0685,103.855,0.696,7
0.00665,0.507,281373,0.684,0,2.85e-05,8,0.115,-6.23,0,43,0.0506,146.02100000000004,0.371,2
0.947,0.6779999999999999,196973,0.37,0,0.0887,2,0.197,-9.672,1,0,0.048,138.649,0.607,9
0.871,0.304,180693,0.305,0,0.00368,2,0.3670000000000001,-10.879,1,70,0.0298,146.066,0.464,5
0.0576,0.698,96200,0.189,1,0.00013700000000000002,1,0.155,-21.365,1,0,0.8,136.642,0.72,8
0.72,0.397,376240,0.466,0,0.918,0,0.335,-13.129,0,13,0.0373,136.285,0.607,6
0.34700000000000003,0.68,229400,0.741,0,1.87e-06,2,0.117,-5.055,1,73,0.0357,127.024,0.635,1
5.05e-05,0.344,320333,0.911,0,0.0016600000000000002,10,0.0642,-5.997000000000001,1,52,0.054000000000000006,135.213,0.51,3
0.0065,0.5670000000000001,289267,0.945,0,7.72e-06,11,0.978,-6.126,0,28,0.052000000000000005,119.572,0.423,5
0.0477,0.8009999999999999,169020,0.698,1,1.46e-06,0,0.184,-8.998,0,67,0.33,76.5,0.502,1
0.00125,0.408,218053,0.915,0,3.83e-05,4,0.0351,-5.124,1,43,0.0451,137.444,0.8540000000000001,3
0.289,0.526,487893,0.531,0,0.0254,8,0.6509999999999999,-12.931,1,23,0.0809,115.633,0.684,6
0.01,0.66,267667,0.541,0,0.261,6,0.129,-18.466,0,36,0.0405,104.99,0.547,3
0.000118,0.269,837173,0.813,0,0.823,4,0.302,-11.857,1,36,0.0429,129.582,0.537,4
0.504,0.136,271413,0.321,0,0.923,5,0.191,-5.398,1,0,0.0392,69.422,0.17,7
0.7020000000000001,0.7120000000000001,124200,0.762,0,0.0,11,0.419,-12.717,0,26,0.0389,97.961,0.917,7
0.994,0.381,188413,0.087,0,0.957,2,0.112,-19.656,1,0,0.0465,137.781,0.394,9
0.415,0.779,175000,0.627,0,0.162,4,0.0608,-12.044,1,29,0.0271,113.311,0.723,5
0.8590000000000001,0.279,251093,0.295,0,0.94,6,0.547,-15.135,1,56,0.035,129.16899999999998,0.381,1
0.141,0.8440000000000001,230547,0.6859999999999999,0,0.0,0,0.35,-5.247000000000001,0,56,0.0421,122.966,0.759,1
0.309,0.769,249507,0.6809999999999999,0,1.2e-05,1,0.248,-12.906,1,33,0.136,108.462,0.901,3
0.414,0.643,189000,0.711,0,0.0,2,0.229,-6.77,0,51,0.0277,122.737,0.411,4
0.000734,0.471,220133,0.843,0,1.91e-05,4,0.163,-3.592,1,44,0.0295,137.92,0.484,2
0.877,0.399,384200,0.376,0,0.922,10,0.109,-11.874,1,0,0.0345,136.06,0.526,8
0.774,0.5379999999999999,318187,0.61,0,0.7490000000000001,11,0.0909,-8.027000000000001,0,66,0.0392,152.999,0.199,2
0.932,0.139,212853,0.0134,0,0.416,7,0.109,-33.857,1,0,0.0384,80.468,0.0373,8
0.979,0.505,440707,0.211,0,0.924,0,0.312,-9.575,1,5,0.0367,108.759,0.3720000000000001,7
0.383,0.5770000000000001,177400,0.306,0,0.0,9,0.18,-11.559,1,65,0.0427,125.166,0.568,7
0.799,0.5720000000000001,375853,0.115,0,6.05e-05,7,0.104,-15.497,0,25,0.0448,65.719,0.21600000000000005,7
0.76,0.624,197772,0.58,0,0.025,2,0.341,-11.413,0,26,0.0396,101.341,0.713,6
0.711,0.502,163733,0.387,0,0.0,6,0.133,-10.748,0,19,0.0324,111.543,0.7020000000000001,6
0.973,0.279,169960,0.187,0,0.943,5,0.108,-18.958,1,0,0.0327,82.429,0.4370000000000001,8
0.163,0.281,298702,0.534,0,1.05e-05,8,0.12,-7.045,0,50,0.0333,78.77,0.217,2
0.848,0.448,263440,0.485,0,0.209,3,0.332,-12.832,1,0,0.041,100.411,0.191,8
0.512,0.586,146000,0.44,0,0.000105,8,0.113,-9.225,1,19,0.0268,95.465,0.701,6
0.93,0.447,160440,0.35600000000000004,0,0.6859999999999999,9,0.514,-14.919,0,0,0.0412,117.783,0.319,8
0.114,0.7290000000000001,257067,0.7490000000000001,1,0.0,6,0.18,-5.5429999999999975,1,43,0.265,92.971,0.852,3
0.6809999999999999,0.737,98203,0.297,1,0.0,0,0.275,-18.425,1,0,0.659,126.207,0.522,7
0.772,0.578,232133,0.353,0,0.0,10,0.0588,-11.954,1,33,0.0759,80.194,0.383,3
0.46,0.6659999999999999,204267,0.73,0,8.25e-05,2,0.319,-10.347,1,50,0.054000000000000006,93.396,0.933,4
0.97,0.7170000000000001,258827,0.447,0,4.17e-06,1,0.17600000000000002,-14.444,1,0,0.95,123.798,0.645,8
0.117,0.628,283760,0.892,1,0.0,9,0.313,-6.066,0,39,0.282,87.01299999999998,0.6890000000000001,3
0.104,0.856,388587,0.722,0,0.0031100000000000004,3,0.0937,-7.631,1,37,0.0528,132.31799999999998,0.847,4
0.0086,0.6,244427,0.954,0,0.624,11,0.0775,-5.462999999999999,0,51,0.0555,140.125,0.665,3
0.992,0.415,207307,0.303,0,1.34e-05,1,0.187,-12.825,0,0,0.0349,79.16199999999998,0.375,8
0.00193,0.6709999999999999,340267,0.813,1,2.17e-06,5,0.0654,-4.194,0,45,0.118,164.06400000000005,0.151,2
0.918,0.454,378307,0.0836,0,0.198,5,0.111,-18.623,1,0,0.0492,124.928,0.377,7
0.959,0.6920000000000001,141840,0.196,0,0.0,9,0.147,-16.135,1,0,0.34600000000000003,110.097,0.703,7
0.00695,0.4920000000000001,237733,0.7759999999999999,0,0.000104,9,0.205,-5.712999999999999,0,60,0.0403,118.235,0.759,2
0.98,0.43,339707,0.0218,0,0.933,0,0.0779,-29.4,1,15,0.0426,124.857,0.122,7
0.0877,0.742,126200,0.879,0,0.0,0,0.0622,-5.352,1,54,0.0536,127.57,0.914,1
0.0222,0.7040000000000001,206813,0.57,0,0.0,5,0.101,-7.136,1,61,0.0989,141.888,0.524,2
0.758,0.758,294587,0.565,0,9.05e-06,6,0.126,-10.127,1,41,0.045,113.595,0.7809999999999999,2
0.838,0.485,141040,0.376,0,4.75e-05,1,0.27,-10.521,1,42,0.0315,161.195,0.867,4
0.262,0.436,153160,0.95,0,0.00495,0,0.146,-4.52,1,42,0.0966,135.743,0.8079999999999999,2
0.872,0.366,78667,0.398,0,1.95e-06,5,0.13,-11.499,1,23,0.0367,118.48,0.18600000000000005,5
0.95,0.413,467547,0.235,0,0.652,7,0.284,-11.475,1,0,0.0355,83.932,0.421,8
0.21,0.424,219933,0.4270000000000001,0,7.42e-06,1,0.166,-11.27,1,28,0.0546,136.717,0.166,6
0.958,0.231,72880,0.174,0,0.843,5,0.234,-16.718,1,49,0.15,91.125,0.0322,2
0.991,0.401,381773,0.163,0,0.948,5,0.122,-20.795,0,7,0.045,71.219,0.254,7
0.252,0.75,105300,0.153,1,0.0,0,0.393,-16.563,1,0,0.95,60.051,0.602,8
0.534,0.3720000000000001,281040,0.503,0,0.00204,9,0.106,-10.87,0,30,0.0307,82.67299999999999,0.225,5
0.954,0.239,99253,0.0608,0,0.0547,0,0.127,-22.689,1,37,0.0359,80.458,0.0646,3
0.655,0.473,332200,0.354,0,0.00353,6,0.104,-12.807,0,41,0.0377,85.667,0.466,5
0.4970000000000001,0.364,697946,0.541,0,0.0827,7,0.119,-10.379,0,25,0.0545,80.339,0.322,6
0.0628,0.623,174947,0.585,1,0.000155,0,0.119,-7.895,1,66,0.124,158.273,0.5379999999999999,1
5.06e-06,0.441,171173,0.949,0,7.25e-05,4,0.271,-4.408,0,38,0.0568,145.058,0.388,2
0.85,0.5920000000000001,92187,0.152,0,2.07e-06,9,0.316,-12.996,0,14,0.0587,141.638,0.624,8
0.89,0.828,186267,0.414,0,0.629,0,0.339,-12.247,1,26,0.087,84.59,0.912,5
0.000336,0.102,652040,0.8640000000000001,0,0.2,7,0.0852,-6.102,1,41,0.0774,189.889,0.312,2
0.00962,0.557,211867,0.8440000000000001,0,0.0,7,0.0536,-4.623,1,61,0.0376,147.077,0.754,1
0.994,0.635,134733,0.298,0,0.000253,2,0.0902,-13.928,0,0,0.0737,120.976,0.722,10
0.8220000000000001,0.551,133093,0.934,0,0.14300000000000002,7,0.419,-6.66,0,49,0.0481,87.055,0.96,2
0.987,0.256,57133,0.0258,0,0.972,7,0.116,-28.607,1,40,0.0391,82.711,0.325,3
0.00171,0.419,268000,0.932,0,0.0,1,0.13699999999999998,-3.604,0,59,0.106,169.88099999999997,0.445,2
0.0461,0.78,232907,0.755,0,0.00875,6,0.383,-5.604,1,38,0.0392,101.557,0.862,4
0.619,0.688,210120,0.489,1,0.0,2,0.153,-7.627000000000002,0,72,0.173,85.404,0.5589999999999999,1
0.987,0.246,198373,0.0877,0,0.951,9,0.0668,-24.736,1,0,0.0399,112.791,0.0366,8
0.595,0.6859999999999999,242187,0.457,0,0.0,11,0.105,-8.322000000000001,1,42,0.0468,150.953,0.718,2
0.841,0.7,169853,0.179,0,0.0,0,0.107,-12.204,1,21,0.0318,101.648,0.625,6
0.00569,0.894,216333,0.6779999999999999,0,2.43e-06,6,0.317,-5.6110000000000015,0,53,0.0523,105.024,0.8440000000000001,2
0.8809999999999999,0.512,167933,0.333,0,1.68e-06,0,0.211,-11.685,1,17,0.0301,110.689,0.329,7
0.996,0.486,245987,0.424,0,0.915,5,0.14,-9.483,0,0,0.0437,83.15299999999998,0.6409999999999999,9
0.688,0.597,360627,0.466,0,0.695,5,0.289,-11.085,1,34,0.0292,104.273,0.3720000000000001,5
0.964,0.373,214787,0.114,0,0.0004980000000000001,5,0.111,-17.951,1,54,0.0476,127.545,0.173,1
0.875,0.508,95093,0.292,0,0.337,3,0.117,-15.106,0,27,0.0319,84.86,0.147,4
0.7020000000000001,0.371,236333,0.238,0,0.0784,4,0.221,-11.746,0,52,0.0297,138.096,0.132,2
0.246,0.691,182668,0.5379999999999999,0,0.163,0,0.17800000000000002,-9.952,1,69,0.103,99.972,0.329,1
0.275,0.802,218107,0.873,0,3.12e-06,11,0.308,-5.698,1,48,0.054000000000000006,95.0,0.0933,2
0.467,0.598,362493,0.809,0,0.8690000000000001,5,0.18600000000000005,-9.43,1,42,0.0487,90.572,0.503,5
0.958,0.428,300707,0.0517,0,0.93,10,0.102,-21.493,1,18,0.0384,110.053,0.0653,6
0.578,0.625,285667,0.342,0,4.07e-05,9,0.0826,-11.772,1,35,0.0476,147.57,0.914,3
0.0247,0.7509999999999999,205000,0.912,0,0.0,5,0.0778,-1.822,0,56,0.0391,108.002,0.804,2
0.8859999999999999,0.41,128587,0.103,0,0.0,10,0.118,-14.269,1,0,0.0364,99.728,0.28800000000000003,7
0.00113,0.192,441640,0.959,0,0.764,4,0.964,-7.348,0,23,0.0868,174.93,0.451,4
0.0216,0.745,204907,0.8440000000000001,0,0.0,3,0.0617,-6.709,0,56,0.0609,125.042,0.8290000000000001,2
0.365,0.7070000000000001,165707,0.65,0,0.00358,9,0.214,-10.158,1,26,0.0356,99.53,0.8240000000000001,6
0.00286,0.7879999999999999,275387,0.616,0,0.5489999999999999,9,0.0952,-10.671,0,62,0.0337,119.037,0.696,1
0.259,0.675,160707,0.597,0,0.0141,0,0.292,-10.16,1,24,0.0424,120.659,0.8440000000000001,6
0.0674,0.735,172427,0.721,0,0.0283,0,0.0629,-10.72,1,33,0.0326,125.25,0.898,5
0.945,0.407,228933,0.128,0,0.0,5,0.329,-18.701,0,17,0.0433,136.905,0.384,7
0.8370000000000001,0.764,189486,0.32,0,0.0,11,0.0822,-7.209,1,91,0.0546,91.019,0.575,1
0.8370000000000001,0.274,200867,0.23,0,0.0061600000000000005,7,0.271,-12.554,1,33,0.034,141.112,0.193,5
0.929,0.687,340200,0.0674,0,7.69e-05,9,0.0718,-19.886,1,43,0.0478,113.501,0.63,3
0.716,0.461,367507,0.5760000000000001,0,0.0,0,0.165,-10.64,1,26,0.0324,95.815,0.619,6
0.795,0.171,101707,0.00383,0,0.883,1,0.0755,-21.71,1,40,0.0464,76.214,0.458,5
0.871,0.682,153693,0.297,0,0.00017,6,0.105,-15.003,1,24,0.034,120.364,0.377,6
0.292,0.612,216307,0.49,0,6.32e-06,10,0.156,-10.139,1,36,0.0252,105.935,0.335,4
0.93,0.775,149440,0.355,0,0.0233,10,0.17600000000000002,-14.129,0,4,0.0435,162.30700000000004,0.912,9
0.029,0.439,180773,0.611,0,1.76e-06,4,0.152,-7.3039999999999985,1,47,0.0338,76.36399999999998,0.574,2
0.247,0.586,272627,0.8290000000000001,0,0.00595,1,0.127,-5.749,1,55,0.0998,167.678,0.447,3
0.826,0.327,172733,0.156,0,3.88e-05,5,0.227,-13.521,1,12,0.03,94.052,0.168,6
0.655,0.416,151733,0.359,0,1.54e-06,3,0.376,-9.608,1,11,0.029,105.368,0.541,7
0.358,0.705,192267,0.311,0,0.0108,0,0.104,-15.241,1,25,0.0296,95.312,0.537,5
0.753,0.758,43107,0.172,0,6.4e-05,2,0.0935,-21.124,0,28,0.0496,113.989,0.617,5
0.0006,0.534,205640,0.962,0,0.0263,2,0.113,-4.129,1,54,0.0568,106.48,0.737,1
0.00322,0.448,173973,0.947,0,0.0,2,0.185,-4.7810000000000015,1,38,0.113,140.043,0.7290000000000001,3
0.106,0.754,263333,0.647,0,2.79e-05,1,0.0712,-8.169,1,44,0.08,123.858,0.8270000000000001,2
0.0964,0.595,296400,0.736,0,9.28e-06,11,0.104,-6.648,1,47,0.0469,167.669,0.521,3
0.897,0.782,190016,0.47,1,0.0331,0,0.107,-10.876,1,57,0.154,122.019,0.229,1
0.304,0.471,284280,0.461,0,0.000199,0,0.244,-14.936,1,29,0.0349,84.361,0.7879999999999999,5
0.902,0.298,220400,0.0972,0,0.00101,4,0.573,-24.00800000000001,0,22,0.0507,131.991,0.0394,7
0.0961,0.7040000000000001,241733,0.49,0,0.000114,9,0.157,-6.6670000000000025,1,43,0.339,155.909,0.642,2
0.845,0.5539999999999999,190827,0.409,0,2.28e-06,1,0.0281,-14.822,1,0,0.0416,114.427,0.965,7
0.959,0.624,124373,0.0402,0,0.0,0,0.29,-17.215999999999998,0,44,0.129,103.193,0.245,3
0.134,0.564,239827,0.633,1,0.0,4,0.0846,-4.633,1,46,0.42,177.047,0.54,2
0.919,0.334,201400,0.154,0,0.0006900000000000001,1,0.107,-15.56,1,24,0.0341,62.377,0.36,7
2.1e-05,0.467,169173,0.987,0,0.007759999999999999,9,0.112,-3.952,1,49,0.0884,98.3,0.583,2
0.747,0.608,195907,0.388,0,0.0,8,0.233,-13.165,1,0,0.108,115.429,0.96,7
0.956,0.589,182827,0.0703,0,0.000311,3,0.1,-15.005,0,21,0.0421,113.468,0.612,7
0.563,0.301,139642,0.472,0,4.19e-06,0,0.15,-9.125,1,26,0.0318,179.532,0.746,6
0.8079999999999999,0.7020000000000001,214853,0.368,0,0.0,5,0.125,-10.103,1,13,0.08800000000000001,112.235,0.564,6
0.438,0.86,193573,0.459,1,0.0,11,0.274,-5.742000000000001,0,47,0.109,97.512,0.746,1
0.965,0.303,190013,0.431,0,0.39,4,0.417,-10.453,1,0,0.0394,77.652,0.624,9
0.769,0.5539999999999999,332293,0.55,0,4.48e-05,10,0.746,-8.613999999999999,1,12,0.104,153.759,0.7490000000000001,7
0.2,0.387,129227,0.551,0,0.0,4,0.355,-9.643,1,42,0.0303,155.209,0.903,5
0.932,0.698,200200,0.471,0,0.023,0,0.086,-9.757,1,0,0.0617,117.131,0.753,9
0.214,0.5479999999999999,138427,0.895,0,0.8029999999999999,9,0.122,-10.877,1,14,0.0383,90.944,0.888,6
0.0519,0.235,424733,0.675,0,0.481,9,0.0999,-8.738999999999999,1,37,0.041,184.723,0.584,5
0.192,0.87,414173,0.875,0,0.35700000000000004,6,0.0804,-8.501,0,41,0.205,124.298,0.715,3
0.8909999999999999,0.317,172653,0.0436,0,0.922,0,0.157,-29.086,1,54,0.0317,89.65100000000002,0.0396,2
0.0205,0.742,189960,0.713,0,0.0,1,0.059,-5.522,0,76,0.0303,120.032,0.879,1
0.000189,0.361,361533,0.992,1,0.0006129999999999999,11,0.285,-2.69,1,50,0.136,101.579,0.32,2
0.866,0.632,185027,0.13699999999999998,0,2.92e-06,4,0.0825,-15.351,1,35,0.0446,125.95,0.516,3
0.7240000000000001,0.5379999999999999,163267,0.287,0,1.25e-06,5,0.282,-11.029000000000002,1,30,0.0539,82.16799999999998,0.5760000000000001,7
0.000849,0.522,235933,0.913,0,0.0329,8,0.0571,-11.573,1,35,0.0434,143.071,0.329,4
0.0719,0.398,206227,0.502,0,0.755,4,0.145,-15.055,0,42,0.0469,62.983,0.598,3
0.7879999999999999,0.24,171560,0.268,0,5.320000000000001e-05,3,0.21,-15.201,1,14,0.0326,72.191,0.349,7
0.982,0.141,195627,0.185,0,0.948,10,0.0719,-15.699000000000002,1,36,0.0481,54.869,0.0379,6
0.518,0.52,153554,0.391,0,6.17e-06,11,0.106,-7.4929999999999986,1,28,0.0284,83.509,0.315,5
0.036000000000000004,0.7120000000000001,272613,0.407,0,0.000291,4,0.0963,-7.104,0,55,0.0308,103.97,0.0997,2
0.598,0.542,200387,0.37,0,0.0,4,0.16,-8.174,1,16,0.031,114.654,0.72,6
0.048,0.581,286093,0.412,0,0.0225,7,0.125,-13.564,1,38,0.0283,86.912,0.246,4
0.3670000000000001,0.73,423560,0.488,0,6.75e-05,4,0.0882,-11.532,1,30,0.0321,152.638,0.964,6
0.613,0.539,278933,0.419,0,0.0,2,0.0476,-11.796,1,25,0.0225,83.898,0.486,5
0.158,0.715,96403,0.134,1,0.0,0,0.496,-22.259,1,0,0.938,128.368,0.728,8
0.541,0.525,157977,0.483,0,0.905,0,0.3670000000000001,-8.95,1,4,0.0325,128.683,0.87,9
0.00282,0.75,175107,0.815,0,0.000477,8,0.5760000000000001,-4.648,1,45,0.0515,120.006,0.94,2
0.648,0.578,277867,0.618,0,0.246,4,0.184,-9.527,1,39,0.0327,106.821,0.721,2
0.995,0.589,132493,0.4320000000000001,0,0.79,8,0.126,-9.435,1,0,0.163,88.292,0.903,7
0.878,0.289,138178,0.297,0,0.6559999999999999,5,0.349,-12.94,1,0,0.0538,204.24,0.459,8
0.499,0.392,482187,0.407,0,2.4e-05,5,0.0947,-9.52,0,11,0.0285,81.607,0.49,6
0.992,0.284,434627,0.251,0,0.91,1,0.154,-15.02,0,0,0.0431,76.658,0.0983,8
0.994,0.391,165253,0.128,0,0.153,2,0.0983,-15.22,1,34,0.038,126.716,0.227,9
0.0296,0.418,233147,0.469,0,0.0031100000000000004,1,0.132,-13.513,1,35,0.0302,112.348,0.237,3
0.00313,0.485,198173,0.936,0,0.633,4,0.166,-11.738,0,45,0.0669,109.374,0.337,4
0.601,0.453,158907,0.369,0,0.0,9,0.226,-12.732,1,16,0.0851,160.10299999999995,0.579,7
0.0023,0.608,184933,0.679,0,0.00048,2,0.0591,-10.808,1,43,0.0314,128.024,0.961,4
0.87,0.302,184147,0.207,0,5.52e-06,2,0.177,-8.821,1,0,0.0307,79.484,0.339,9
0.434,0.583,161427,0.475,0,0.0,4,0.401,-17.366,1,13,0.174,91.964,0.91,7
0.995,0.43,197892,0.181,0,0.941,10,0.14400000000000002,-13.754,1,0,0.126,81.898,0.36,8
0.83,0.628,107187,0.399,0,0.0,0,0.353,-12.447,1,43,0.18,87.807,0.924,7
0.5870000000000001,0.6709999999999999,181333,0.325,0,9.35e-05,3,0.12,-14.023,1,8,0.322,118.239,0.765,7
0.373,0.5870000000000001,298798,0.528,0,0.693,10,0.109,-10.793,0,43,0.0393,133.983,0.502,5
0.00169,0.379,216200,0.61,0,0.0362,0,0.175,-9.135,1,38,0.035,128.224,0.107,3
0.0796,0.84,232560,0.578,0,0.0,7,0.0528,-11.104,1,24,0.035,122.948,0.964,4
0.975,0.35100000000000003,188732,0.417,0,0.0,10,0.913,-9.689,1,0,0.0692,77.32,0.526,8
0.408,0.556,262440,0.628,0,0.0,6,0.384,-4.435,0,45,0.0717,111.173,0.297,2
0.7609999999999999,0.626,291400,0.441,0,0.0138,9,0.0685,-10.637,0,64,0.0308,78.094,0.563,3
0.442,0.599,173773,0.703,0,0.0,11,0.232,-7.058,1,46,0.0502,92.828,0.887,3
0.909,0.5,154040,0.233,0,2.16e-06,0,0.0987,-11.848,1,0,0.0522,136.05200000000002,0.459,7
0.852,0.468,199742,0.221,0,0.00113,7,0.0956,-10.274,0,0,0.0424,123.74,0.715,7
0.77,0.51,185547,0.643,0,0.00346,5,0.251,-6.415,1,41,0.0369,109.527,0.599,6
0.146,0.815,246507,0.7390000000000001,1,0.0,11,0.101,-5.017,0,51,0.128,151.958,0.202,1
0.938,0.228,189146,0.0351,0,0.0488,5,0.0827,-28.687,1,23,0.0419,87.32600000000002,0.13699999999999998,6
0.627,0.6809999999999999,250240,0.423,0,0.512,0,0.0925,-12.002,1,52,0.0253,91.044,0.439,1
0.565,0.506,252320,0.527,0,0.0159,0,0.131,-11.758,1,42,0.0526,171.755,0.5920000000000001,5
0.8859999999999999,0.7609999999999999,187867,0.124,0,0.505,2,0.0857,-21.096,0,26,0.0757,94.022,0.696,6
0.102,0.785,315827,0.69,1,1.77e-05,11,0.166,-7.407999999999999,1,49,0.265,78.51899999999998,0.614,3
0.878,0.461,132000,0.161,0,0.0,8,0.17,-11.145,1,56,0.405,88.781,0.353,1
0.32,0.71,140267,0.486,0,0.00192,0,0.132,-11.839,1,31,0.048,114.796,0.802,6
0.92,0.35,198973,0.252,0,3.27e-06,9,0.255,-12.044,1,47,0.0486,168.613,0.258,6
0.015,0.59,270200,0.593,0,0.000236,5,0.134,-8.646,0,39,0.132,175.041,0.826,3
0.708,0.542,153115,0.337,0,2.53e-06,11,0.103,-16.55,1,23,0.15,147.412,0.473,6
0.00566,0.302,379200,0.929,0,0.000136,5,0.08199999999999999,-6.882999999999999,1,27,0.0663,165.109,0.8079999999999999,6
0.324,0.753,145078,0.679,1,4.2100000000000014e-05,5,0.423,-7.0920000000000005,0,77,0.0349,105.977,0.19,1
0.209,0.6409999999999999,252733,0.5539999999999999,0,0.0614,2,0.238,-14.085,1,29,0.0487,103.557,0.478,5
0.378,0.508,233773,0.52,0,7.56e-06,8,0.116,-9.621,1,44,0.16399999999999998,143.19799999999995,0.731,2
0.411,0.547,166000,0.265,0,1.35e-06,9,0.109,-16.803,1,43,0.0249,93.106,0.385,5
0.473,0.35700000000000004,179840,0.715,0,0.0,11,0.16899999999999998,-8.954,1,32,0.0604,97.912,0.34,6
0.0336,0.66,260013,0.7140000000000001,0,0.0068,1,0.311,-10.606,0,39,0.0413,105.376,0.888,4
0.266,0.599,246240,0.938,1,0.0,7,0.211,-4.182,1,38,0.209,88.895,0.59,3
0.7390000000000001,0.665,105200,0.693,0,0.0,7,0.109,-5.212999999999999,0,44,0.0295,117.293,0.964,2
0.057,0.48,249387,0.621,0,0.000662,11,0.452,-12.138,1,28,0.0741,134.87,0.482,5
0.7440000000000001,0.7090000000000001,121600,0.0907,0,0.0,5,0.778,-24.698,0,0,0.918,114.154,0.578,7
0.007490000000000002,0.304,340107,0.637,0,6.440000000000001e-05,6,0.21600000000000005,-5.9220000000000015,1,56,0.0334,140.498,0.174,2
0.7809999999999999,0.701,168080,0.498,0,0.000181,0,0.0812,-9.995,0,1,0.17600000000000002,84.555,0.448,7
0.971,0.53,155000,0.13699999999999998,0,0.000111,3,0.0956,-21.88300000000001,1,25,0.0353,129.797,0.691,6
0.0426,0.789,215440,0.64,1,0.0,8,0.111,-5.506,0,55,0.28,127.941,0.221,1
0.942,0.16899999999999998,257507,0.0832,0,0.765,8,0.245,-22.747,1,0,0.043,85.319,0.166,8
0.00406,0.43,126333,0.99,0,0.452,2,0.813,-10.45,1,35,0.0507,154.838,0.0491,3
0.366,0.631,324882,0.682,0,0.0,9,0.338,-10.486,0,0,0.0417,150.061,0.386,8
0.442,0.485,626667,0.454,0,3.12e-05,8,0.0866,-12.675999999999998,1,46,0.034,151.069,0.809,4
0.424,0.476,197773,0.501,0,1.16e-05,9,0.16,-11.708,1,40,0.0372,101.677,0.575,6
0.11,0.728,239507,0.716,0,0.00066,7,0.043,-6.2410000000000005,0,47,0.051,89.971,0.8340000000000001,2
0.993,0.501,234760,0.104,0,0.954,1,0.139,-19.006,1,19,0.0504,141.189,0.0718,7
0.0252,0.885,266560,0.489,0,0.0,4,0.0523,-16.975,0,37,0.22,115.898,0.893,5
0.919,0.429,435173,0.177,0,0.888,0,0.722,-22.902,1,31,0.0333,126.534,0.173,6
0.0859,0.845,229840,0.701,0,0.00232,8,0.494,-5.1110000000000015,0,51,0.209,91.851,0.647,3
0.895,0.6409999999999999,152067,0.364,0,0.0,7,0.142,-8.93,1,16,0.0272,112.242,0.292,6
0.13699999999999998,0.259,426533,0.293,0,0.00336,9,0.0671,-15.169,1,43,0.0451,68.139,0.297,4
0.0688,0.675,169293,0.812,0,0.00062,4,0.336,-4.309,1,49,0.0566,92.013,0.64,1
0.989,0.588,197693,0.349,0,0.754,7,0.105,-9.641,1,0,0.0628,120.331,0.594,8
0.931,0.624,255853,0.252,0,0.000423,2,0.104,-11.502,1,60,0.03,107.0,0.3670000000000001,1
0.0475,0.882,409093,0.426,0,0.0379,4,0.153,-12.073,0,23,0.0666,128.11700000000002,0.701,4
0.993,0.404,185587,0.24,0,0.949,4,0.322,-24.276,0,0,0.125,113.509,0.797,7
0.123,0.103,207707,0.999,0,0.998,10,0.407,-15.465,0,65,0.059,90.897,0.00126,1
0.131,0.614,311800,0.706,0,0.000509,7,0.108,-7.48,1,50,0.0253,132.395,0.672,3
0.988,0.174,70907,0.221,0,0.8240000000000001,7,0.119,-21.263,1,7,0.0355,87.33200000000002,0.669,7
0.0603,0.856,218400,0.478,0,1.87e-05,11,0.0724,-10.202,0,42,0.173,139.225,0.698,5
0.0408,0.481,257733,0.6729999999999999,0,0.7240000000000001,1,0.684,-9.876,1,32,0.0461,117.127,0.8959999999999999,4
0.277,0.7709999999999999,122573,0.54,0,0.026,9,0.0883,-10.407,1,28,0.0372,118.938,0.933,6
0.108,0.317,223600,0.746,0,0.0,5,0.172,-9.929,0,24,0.06,119.216,0.244,4
0.421,0.417,207947,0.5920000000000001,0,0.000763,7,0.202,-4.833,1,47,0.0273,63.496,0.355,3
0.7340000000000001,0.519,248667,0.37,0,4.47e-06,6,0.184,-11.449000000000002,0,43,0.0296,120.121,0.302,4
0.88,0.446,174747,0.338,0,0.911,3,0.237,-15.16,1,14,0.0377,116.707,0.885,6
0.232,0.5329999999999999,321147,0.757,0,3.42e-06,0,0.274,-5.48,1,35,0.0593,180.518,0.471,5
0.96,0.271,505907,0.177,0,0.894,3,0.177,-16.358,1,1,0.0372,145.31,0.124,8
0.995,0.341,119893,0.0624,0,0.914,9,0.0753,-26.435,0,0,0.0454,110.823,0.328,8
0.823,0.691,192960,0.26,0,4.8e-06,2,0.102,-14.15,1,34,0.0297,79.08,0.447,3
0.993,0.405,89440,0.0966,0,7.83e-06,6,0.123,-21.635,1,2,0.0457,113.777,0.362,7
0.6409999999999999,0.449,89227,0.451,0,0.247,0,0.139,-13.46,0,0,0.0468,115.531,0.633,8
0.995,0.38,162120,0.307,0,0.888,11,0.121,-10.38,0,0,0.0352,99.083,0.59,8
0.5820000000000001,0.6509999999999999,202920,0.708,0,0.0,4,0.0796,-4.791,1,73,0.0376,119.964,0.5579999999999999,1
0.995,0.35600000000000004,255786,0.0707,0,0.942,1,0.123,-19.375,1,51,0.0685,195.181,0.17600000000000002,1
0.954,0.5820000000000001,131893,0.246,0,2.97e-05,9,0.0853,-21.402,0,4,0.0738,136.836,0.861,7
0.906,0.522,357773,0.461,0,0.00223,8,0.12,-14.018,1,16,0.0377,145.739,0.706,6
7.12e-06,0.412,161733,0.988,0,0.44,8,0.0709,-3.703,1,41,0.0785,184.999,0.489,2
0.574,0.297,213973,0.481,0,0.00352,0,0.094,-7.681,1,47,0.0278,139.89600000000002,0.456,5
0.991,0.389,128027,0.132,0,0.914,7,0.139,-22.25,1,1,0.0415,109.321,0.733,8
0.26,0.655,219067,0.5870000000000001,0,6.07e-06,1,0.0953,-8.736,1,62,0.045,91.494,0.521,0
0.914,0.332,259853,0.315,0,0.757,2,0.0914,-15.461,1,28,0.0293,76.3,0.332,5
0.125,0.555,208733,0.662,0,0.0,11,0.111,-4.952,0,79,0.0827,148.128,0.35600000000000004,1
0.653,0.5820000000000001,139453,0.123,0,0.0,3,0.0846,-26.148000000000003,1,0,0.295,101.917,0.388,7
0.261,0.782,243667,0.759,0,0.0,8,0.102,-5.87,1,33,0.0447,87.01,0.779,3
0.0241,0.72,230827,0.639,0,9.23e-05,7,0.386,-7.357,1,54,0.0251,125.155,0.64,2
0.275,0.7759999999999999,252187,0.7909999999999999,0,1.64e-05,5,0.14300000000000002,-6.551,0,50,0.0415,107.954,0.961,1
0.977,0.6559999999999999,152000,0.175,0,0.899,0,0.0912,-28.548,1,70,0.217,78.843,0.452,1
0.466,0.579,187141,0.565,1,0.0,11,0.226,-6.901,1,63,0.418,83.973,0.631,0
0.985,0.285,121000,0.29100000000000004,0,0.897,4,0.161,-15.003,0,11,0.0293,94.205,0.336,7
0.0939,0.502,159133,0.735,0,0.0,4,0.266,-12.342,1,42,0.155,203.162,0.8909999999999999,3
0.107,0.387,251627,0.862,0,0.0,9,0.103,-2.219,0,57,0.0457,161.984,0.337,2
0.00144,0.341,194160,0.916,0,0.0,8,0.231,-4.842,0,62,0.0841,159.925,0.578,2
0.603,0.8059999999999999,172693,0.386,0,8.85e-06,0,0.117,-7.949,0,8,0.0988,105.07,0.7040000000000001,6
0.401,0.436,148533,0.705,0,0.885,5,0.119,-7.687,1,20,0.0348,149.751,0.8140000000000001,6
0.128,0.55,144813,0.942,0,0.000218,9,0.185,-7.044,1,42,0.0729,113.857,0.815,5
0.984,0.191,275133,0.0469,0,1.83e-05,4,0.102,-23.366,1,2,0.0524,81.845,0.0389,8
0.15,0.603,184747,0.381,0,0.0,8,0.0492,-11.384,1,20,0.0253,78.926,0.684,6
0.000374,0.29100000000000004,195467,0.735,0,4.53e-06,9,0.0808,-4.767,1,49,0.0415,175.97799999999995,0.19,2
0.268,0.7140000000000001,108100,0.18600000000000005,1,0.0,6,0.5589999999999999,-23.515,1,0,0.909,63.74800000000001,0.711,10
0.797,0.555,142440,0.207,0,0.479,7,0.16399999999999998,-21.999,1,24,0.108,171.50799999999995,0.883,6
0.102,0.368,344400,0.476,0,0.00242,3,0.0779,-12.73,0,43,0.052000000000000005,115.252,0.294,5
0.992,0.441,181972,0.19,0,0.0638,11,0.0766,-9.162,1,0,0.0717,63.2,0.5329999999999999,8
0.000483,0.417,209267,0.871,0,3.43e-05,1,0.0867,-3.54,1,54,0.039,142.003,0.188,2
0.941,0.775,114773,0.194,0,0.00685,5,0.195,-16.883,1,46,0.0731,120.764,0.7829999999999999,3
0.416,0.73,174667,0.452,0,0.0,2,0.233,-11.125,1,45,0.0378,132.249,0.972,5
0.943,0.438,375095,0.129,0,0.816,3,0.315,-12.626,1,13,0.0405,109.546,0.364,6
0.00371,0.825,258040,0.8059999999999999,0,1.14e-05,8,0.0378,-11.181,0,27,0.146,119.377,0.8590000000000001,4
0.232,0.7140000000000001,168328,0.213,1,1.86e-06,6,0.131,-17.707,1,0,0.935,95.79,0.5489999999999999,8
0.952,0.654,141573,0.545,0,0.18,3,0.332,-14.312,1,16,0.233,119.869,0.275,7
0.252,0.447,361493,0.648,0,3.83e-06,0,0.2,-12.519,1,53,0.0422,85.583,0.569,5
0.585,0.54,240200,0.478,0,1.96e-06,5,0.0804,-11.366,1,24,0.0272,127.309,0.799,5
0.22,0.765,183720,0.535,0,2.55e-05,0,0.104,-7.229,1,65,0.0265,105.019,0.5479999999999999,2
0.941,0.557,73800,0.396,0,0.934,7,0.328,-18.269,1,0,0.0514,147.84,0.938,8
0.973,0.509,147267,0.4920000000000001,0,0.8859999999999999,10,0.123,-12.749,0,0,0.0365,94.58,0.72,9
0.8809999999999999,0.598,255120,0.183,0,0.0,2,0.6779999999999999,-16.255,0,8,0.0728,134.216,0.518,7
0.0117,0.585,194700,0.927,0,0.0,6,0.0889,-3.059,1,47,0.0572,99.961,0.8959999999999999,1
0.0847,0.598,216907,0.569,0,0.0,2,0.206,-5.7920000000000025,1,54,0.0263,135.995,0.35100000000000003,1
0.0375,0.7,210160,0.797,0,0.0,9,0.0574,-3.859,1,43,0.271,80.97399999999998,0.887,2
0.0022,0.382,213200,0.882,0,0.14400000000000002,11,0.0776,-4.166,1,45,0.0429,140.034,0.57,2
0.949,0.387,194680,0.253,0,0.11,2,0.094,-9.841,1,22,0.0264,95.2,0.116,6
0.967,0.321,194520,0.31,0,0.00194,11,0.0835,-13.95,1,0,0.0469,76.979,0.525,8
0.00196,0.7759999999999999,217707,0.675,1,0.0,8,0.227,-6.224,0,62,0.266,131.984,0.27,1
0.91,0.382,225813,0.213,0,0.936,7,0.0737,-16.63,1,0,0.0351,141.83100000000005,0.5920000000000001,8
0.172,0.8420000000000001,276520,0.648,1,0.0,11,0.374,-6.939,1,46,0.255,85.46700000000001,0.389,3
0.635,0.338,154213,0.242,0,0.127,0,0.0816,-18.224,1,15,0.0314,198.361,0.625,6
0.0196,0.657,317067,0.537,0,5.55e-06,6,0.102,-7.825,0,34,0.199,172.21200000000005,0.636,2
0.983,0.129,362373,0.16899999999999998,0,0.6709999999999999,2,0.0551,-19.327,1,0,0.0421,79.42399999999998,0.0755,8
0.049,0.698,236827,0.838,0,0.758,4,0.0892,-5.371,0,53,0.0499,128.004,0.289,1
0.456,0.772,169907,0.82,0,0.0,9,0.276,-6.945,1,43,0.14300000000000002,106.738,0.96,2
0.652,0.388,303373,0.338,0,3.72e-06,10,0.248,-10.054,1,81,0.0328,177.78400000000005,0.477,5
0.5760000000000001,0.688,506707,0.413,0,0.000155,5,0.0993,-13.194,0,17,0.0344,77.47,0.713,5
0.922,0.2,212440,0.13699999999999998,0,0.0264,0,0.238,-16.887,1,14,0.0337,90.327,0.07200000000000001,7
0.995,0.462,189133,0.259,0,0.638,4,0.134,-12.975,0,0,0.0515,127.48,0.66,8
0.825,0.579,196560,0.16,0,4.55e-05,5,0.18600000000000005,-12.783,1,17,0.0644,69.381,0.487,7
0.875,0.53,229800,0.259,0,0.0,5,0.054000000000000006,-11.077,1,50,0.0266,102.538,0.22,4
0.0534,0.748,198067,0.939,0,0.0,0,0.32,-4.288,0,61,0.0341,104.001,0.96,3
0.989,0.574,141653,0.3670000000000001,0,0.149,5,0.185,-17.894000000000005,1,0,0.0414,97.12,0.7879999999999999,10
0.66,0.7120000000000001,250837,0.46,0,6.42e-06,0,0.101,-9.6,1,62,0.201,79.98,0.123,1
0.424,0.475,378240,0.399,0,0.7140000000000001,3,0.984,-10.672,1,39,0.0286,121.699,0.462,3
0.993,0.44,187493,0.259,0,0.8490000000000001,4,0.147,-14.025,0,0,0.0865,76.257,0.8490000000000001,9
0.0324,0.46,215440,0.54,0,0.0168,5,0.326,-5.1320000000000014,1,63,0.0381,137.855,0.0506,3
0.994,0.447,181826,0.117,0,0.0253,9,0.141,-18.54,1,0,0.0499,103.248,0.794,7
0.584,0.569,133357,0.58,0,0.977,5,0.14300000000000002,-10.962,1,0,0.0386,131.816,0.962,8
0.9,0.8490000000000001,49827,0.506,0,0.000384,0,0.835,-13.042,1,24,0.0964,90.962,0.978,6
0.244,0.618,151800,0.419,0,0.501,1,0.087,-15.452,1,38,0.0373,114.81,0.8059999999999999,4
0.537,0.5,390173,0.474,0,0.0275,1,0.34600000000000003,-13.42,1,12,0.0391,98.283,0.754,7
0.969,0.545,208212,0.366,0,0.267,2,0.6409999999999999,-9.51,1,75,0.0378,86.99700000000001,0.1,1
0.966,0.122,575360,0.0159,0,0.701,2,0.111,-26.355,1,0,0.0411,86.514,0.0392,7
0.0514,0.6579999999999999,234987,0.835,0,9.32e-06,10,0.203,-6.3660000000000005,0,30,0.0384,95.33,0.62,4
0.0127,0.7959999999999999,260800,0.752,0,0.0,5,0.456,-7.997000000000001,0,37,0.361,144.44,0.509,3
0.743,0.612,374227,0.235,0,5.66e-06,6,0.131,-15.999,0,37,0.0343,125.999,0.245,3
0.00309,0.523,340320,0.847,0,1.21e-05,3,0.146,-5.888,1,62,0.028,155.032,0.475,1
0.747,0.537,227200,0.383,0,0.00025,2,0.35600000000000004,-6.528,1,72,0.0247,104.252,0.339,1
0.949,0.248,160347,0.218,0,0.0,5,0.366,-10.73,1,8,0.032,99.175,0.232,7
0.0392,0.655,232731,0.687,0,0.000515,1,0.1,-7.612,1,35,0.132,128.40200000000002,0.423,3
0.981,0.16899999999999998,265307,0.0559,0,0.906,4,0.111,-23.169,1,3,0.041,83.08,0.0359,7
0.691,0.59,145267,0.517,0,0.0,7,0.0686,-6.577000000000001,1,38,0.0377,83.133,0.963,7
0.6940000000000001,0.741,272200,0.465,0,2.35e-05,0,0.0605,-12.241,0,48,0.0413,85.744,0.858,3
0.00108,0.76,213706,0.8420000000000001,0,4.370000000000001e-05,1,0.052000000000000005,-7.081,0,38,0.0397,109.184,0.8170000000000001,5
0.8540000000000001,0.5760000000000001,189845,0.16,0,0.0,1,0.105,-12.906,1,49,0.0491,106.094,0.116,5
0.964,0.242,126067,0.0386,0,0.12,4,0.129,-25.31900000000001,0,0,0.0476,72.824,0.061,8
0.5589999999999999,0.605,350267,0.574,0,0.113,2,0.0684,-10.536,1,72,0.0377,129.44899999999998,0.5429999999999999,5
0.903,0.6970000000000001,164680,0.415,0,0.867,0,0.28,-10.949000000000002,1,0,0.0367,110.33,0.816,8
0.231,0.667,230160,0.35,0,0.0131,0,0.112,-12.876,1,31,0.0321,75.656,0.5660000000000001,3
0.445,0.249,838733,0.513,0,0.0344,0,0.113,-13.476,0,26,0.0634,99.351,0.274,5
0.8109999999999999,0.231,221440,0.25,0,0.000324,0,0.185,-11.789,1,21,0.0332,82.975,0.134,6
0.733,0.415,131440,0.597,0,0.0492,0,0.222,-9.69,1,11,0.03,139.483,0.932,6
0.755,0.0964,487000,0.122,0,0.885,0,0.3,-20.658,0,8,0.0375,88.072,0.0493,6
0.0075200000000000015,0.6859999999999999,310200,0.667,0,0.006640000000000001,9,0.405,-10.263,1,51,0.0587,105.917,0.332,3
0.412,0.527,210440,0.295,0,0.0,9,0.152,-12.077,0,45,0.0602,91.359,0.299,5
0.935,0.49,188400,0.26,0,0.474,7,0.264,-16.085,1,1,0.0367,114.213,0.72,8
0.298,0.6829999999999999,277173,0.49,0,0.008759999999999999,0,0.14300000000000002,-12.775,1,34,0.0443,146.002,0.7170000000000001,5
0.855,0.8590000000000001,74861,0.14800000000000002,0,7.22e-06,9,0.0921,-15.129,0,12,0.0794,121.487,0.846,8
0.000416,0.494,229533,0.8759999999999999,0,2.5e-05,9,0.101,-4.505,1,46,0.157,143.38299999999995,0.503,2
0.0624,0.649,254160,0.893,0,0.0141,0,0.123,-3.467,1,41,0.0269,109.38,0.462,5
4.78e-05,0.225,153400,0.956,0,0.227,9,0.0678,-8.801,1,28,0.0802,122.325,0.468,4
0.231,0.632,199373,0.54,0,0.0,7,0.182,-7.766,1,23,0.0424,133.25,0.797,4
0.986,0.309,225733,0.157,0,0.00185,3,0.377,-13.388,1,0,0.0446,80.107,0.265,8
0.172,0.894,239027,0.67,0,0.000362,11,0.0691,-9.406,0,60,0.0474,127.208,0.961,4
0.34600000000000003,0.667,249240,0.337,0,0.0,7,0.17,-16.325,1,29,0.0387,85.145,0.772,4
0.138,0.659,253787,0.8540000000000001,0,0.00857,2,0.0434,-4.499,1,29,0.0511,119.957,0.8490000000000001,4
0.969,0.7440000000000001,163240,0.041,0,0.0528,3,0.0533,-22.303,1,10,0.0802,165.00599999999997,0.664,9
0.993,0.424,197280,0.064,0,0.828,7,0.122,-22.025,0,0,0.056,135.55200000000002,0.5529999999999999,7
0.893,0.468,186213,0.272,0,0.000386,6,0.13,-12.8,1,34,0.0408,81.574,0.273,5
0.0005070000000000001,0.8370000000000001,167400,0.8190000000000001,1,0.0,2,0.32299999999999995,-5.245,1,53,0.211,149.918,0.643,3
0.0114,0.623,117833,0.249,1,0.0,9,0.364,-21.124,1,0,0.952,173.438,0.542,10
0.802,0.4,169493,0.608,0,1.71e-06,0,0.94,-9.665,1,16,0.0422,104.759,0.512,6
0.764,0.623,114587,0.645,0,1.19e-05,2,0.25,-8.562000000000001,1,13,0.0987,144.69299999999996,0.977,7
0.7929999999999999,0.5589999999999999,188613,0.122,0,1.41e-06,5,0.318,-11.983,1,46,0.0701,117.455,0.335,1
0.0856,0.72,298053,0.7340000000000001,0,0.0,6,0.303,-4.515,1,54,0.0316,115.999,0.37,2
0.956,0.358,293987,0.13699999999999998,0,2.13e-05,10,0.117,-14.049,1,49,0.0328,129.252,0.379,2
0.000286,0.308,141080,0.988,0,2.49e-05,7,0.659,-3.741,1,0,0.127,176.91299999999995,0.5,9
0.4270000000000001,0.388,115000,0.945,1,0.00014199999999999998,5,0.262,-6.438,0,41,0.4320000000000001,94.029,0.236,2
0.464,0.619,156722,0.453,0,0.0,5,0.149,-7.697,1,79,0.0264,96.021,0.217,0
0.8320000000000001,0.784,52067,0.207,0,0.0,4,0.117,-12.478,0,45,0.047,112.266,0.5479999999999999,3
0.922,0.518,366600,0.0991,0,0.627,0,0.377,-16.52,1,18,0.0383,95.248,0.361,7
0.00612,0.718,230933,0.933,0,0.00236,10,0.329,-5.146,0,32,0.0507,102.008,0.794,4
0.0196,0.5710000000000001,192941,0.752,0,6.92e-05,3,0.114,-4.872,1,64,0.0293,102.043,0.25,1
0.0198,0.266,242067,0.536,0,0.0,2,0.157,-5.613,1,52,0.0357,176.063,0.25,2
0.312,0.718,142044,0.484,0,0.0,11,0.127,-10.376,1,60,0.522,113.865,0.6920000000000001,1
0.398,0.722,169760,0.899,0,0.0,3,0.313,-2.863,1,49,0.0616,124.867,0.969,1
0.14400000000000002,0.618,185253,0.374,0,3.46e-05,7,0.0608,-14.097,0,27,0.0285,109.883,0.545,5
0.102,0.605,185027,0.621,0,0.0007440000000000001,9,0.22,-10.495,1,37,0.0532,125.701,0.696,4
0.6920000000000001,0.6709999999999999,177400,0.326,0,0.0,11,0.106,-12.672,1,29,0.0312,81.98899999999998,0.35700000000000004,3
0.0125,0.718,249907,0.726,0,0.0069900000000000006,9,0.112,-8.491,1,40,0.0296,128.721,0.935,5
0.289,0.561,294222,0.485,0,0.00164,1,0.194,-8.343,0,57,0.0362,118.017,0.0663,1
0.0167,0.6759999999999999,324880,0.879,0,0.0543,6,0.0382,-8.666,0,26,0.0421,105.771,0.8640000000000001,5
0.946,0.303,255747,0.622,0,0.000231,0,0.0696,-8.607999999999999,0,0,0.0632,86.594,0.0867,7
0.591,0.802,220027,0.417,0,0.2,11,0.103,-14.74,1,48,0.1,104.059,0.39,2
0.0431,0.961,251080,0.438,1,0.0,7,0.139,-7.877000000000002,1,64,0.31,124.018,0.412,1
0.913,0.309,297840,0.0519,0,0.445,0,0.0904,-23.861,0,6,0.0483,181.98,0.227,7
0.128,0.54,206427,0.91,0,0.302,4,0.607,-8.248,1,23,0.0535,124.758,0.763,6
0.149,0.813,203293,0.622,0,0.000982,9,0.0822,-9.806,1,29,0.0446,122.72,0.973,5
0.104,0.8079999999999999,227747,0.562,1,0.0,0,0.129,-6.311,1,51,0.184,90.02600000000002,0.601,1
0.905,0.519,170053,0.192,0,0.0799,10,0.0886,-20.924,0,18,0.0481,93.925,0.38,7
0.403,0.7090000000000001,243627,0.5660000000000001,0,0.0,9,0.1,-6.499,0,43,0.166,127.992,0.5529999999999999,2
0.00466,0.191,162347,0.969,0,9.05e-06,1,0.277,-7.557,0,43,0.1,173.763,0.265,5
0.0169,0.405,311893,0.7,0,0.6920000000000001,7,0.612,-12.541,1,34,0.0474,141.219,0.7979999999999999,5
0.00746,0.85,299893,0.68,1,9.02e-05,4,0.253,-7.903,0,41,0.0902,144.004,0.422,2
0.8290000000000001,0.568,387267,0.441,0,0.0,0,0.695,-10.833,1,25,0.265,123.831,0.381,5
0.312,0.48,391829,0.31,0,1.47e-05,9,0.113,-7.887,1,62,0.0258,86.149,0.16,1
0.985,0.29100000000000004,738253,0.25,0,0.939,6,0.205,-15.403,1,0,0.0344,95.579,0.161,8
0.0138,0.545,244107,0.804,0,0.00287,2,0.956,-11.032,1,32,0.0473,166.293,0.758,3
0.304,0.8340000000000001,250467,0.623,0,0.0105,2,0.292,-9.241,1,43,0.0278,111.939,0.782,2
0.86,0.682,285053,0.0453,0,0.858,0,0.101,-20.792,1,32,0.0563,93.695,0.426,6
0.856,0.139,480107,0.22,0,0.831,2,0.17,-19.974,0,67,0.0324,71.432,0.0789,1
0.0114,0.575,179640,0.731,0,3.97e-06,1,0.35100000000000003,-7.876,1,47,0.168,125.44,0.6940000000000001,2
0.705,0.7909999999999999,205507,0.518,0,0.000213,9,0.244,-7.0310000000000015,1,39,0.0733,110.872,0.705,2
0.34700000000000003,0.603,107827,0.81,0,0.0,7,0.0351,-5.145,0,58,0.0653,112.162,0.932,2
0.919,0.391,143267,0.106,0,0.222,2,0.12,-17.972,1,20,0.0452,83.61399999999998,0.14400000000000002,6
0.00103,0.608,180867,0.685,0,0.000546,5,0.758,-9.938,0,46,0.0393,106.935,0.447,3
0.987,0.29100000000000004,184640,0.531,0,0.0262,4,0.527,-11.282,0,0,0.0386,51.117,0.597,9
0.14300000000000002,0.584,199213,0.535,0,9.68e-06,9,0.0557,-10.642,1,32,0.0267,138.937,0.488,5
0.912,0.487,181952,0.117,0,0.0,0,0.2,-16.622,1,0,0.056,115.284,0.5429999999999999,9
0.0306,0.685,289533,0.547,0,1.05e-05,11,0.0694,-12.417,0,52,0.0487,77.509,0.909,4
0.34,0.7659999999999999,268085,0.545,1,0.0,9,0.1,-5.195,1,70,0.0737,94.07,0.428,0
0.0501,0.34700000000000003,439733,0.235,0,0.129,7,0.0759,-17.775,1,48,0.0287,92.422,0.0586,4
0.00203,0.643,264827,0.901,0,5.820000000000001e-05,10,0.185,-4.862,1,40,0.0404,119.984,0.8759999999999999,2
0.995,0.121,253307,0.0157,0,0.912,9,0.0928,-27.451,1,36,0.0517,74.437,0.0843,4
0.738,0.742,177946,0.254,0,0.526,0,0.0988,-17.574,0,24,0.0368,103.873,0.657,6
0.0871,0.466,318200,0.922,0,0.0008380000000000001,0,0.69,-7.847,0,51,0.157,91.122,0.201,5
0.0475,0.669,201693,0.7829999999999999,0,0.0296,2,0.115,-12.302,1,68,0.0295,124.518,0.8959999999999999,4
0.53,0.662,147133,0.631,0,4.03e-05,0,0.0638,-10.957,1,42,0.0552,111.674,0.8170000000000001,3
0.552,0.475,201200,0.477,0,0.00729,5,0.133,-7.527,0,62,0.0266,129.006,0.227,2
0.989,0.522,298474,0.246,0,0.011,7,0.201,-13.876,1,0,0.342,74.721,0.382,10
0.595,0.627,291840,0.218,0,0.000788,7,0.17800000000000002,-11.786,1,24,0.0303,70.12,0.304,5
0.981,0.496,168467,0.0937,0,0.0,3,0.263,-15.485,1,9,0.0365,90.929,0.249,9
0.941,0.233,206560,0.234,0,0.0,0,0.188,-13.441,1,0,0.0349,172.519,0.104,8
0.0229,0.5670000000000001,310893,0.518,0,0.000189,11,0.0809,-12.702,0,30,0.0301,97.37,0.7440000000000001,5
0.693,0.8029999999999999,143800,0.402,0,0.0,2,0.0271,-13.233,1,47,0.0817,122.142,0.967,3
0.17600000000000002,0.752,214667,0.787,1,0.0,1,0.271,-5.912000000000001,1,42,0.327,88.678,0.7120000000000001,3
0.0277,0.469,215373,0.877,0,0.00165,11,0.366,-5.729,0,51,0.0347,154.983,0.71,2
0.0188,0.308,145827,0.979,0,2.94e-06,11,0.741,-6.278,0,25,0.128,171.669,0.281,4
0.233,0.693,238667,0.7170000000000001,0,1.13e-06,5,0.26,-6.289,0,59,0.28300000000000003,130.07399999999998,0.253,1
0.0679,0.816,139227,0.486,0,1.03e-05,6,0.085,-8.181000000000001,1,36,0.0637,94.078,0.903,2
0.0896,0.677,245173,0.349,0,0.0,11,0.126,-16.34,1,22,0.0431,76.923,0.747,4
0.989,0.667,151208,0.539,0,0.893,3,0.21600000000000005,-8.665,1,0,0.0341,121.589,0.963,10
0.0192,0.665,312227,0.888,0,7.13e-05,9,0.112,-5.99,0,34,0.0409,127.628,0.622,4
0.0223,0.602,227520,0.526,1,0.0,2,0.099,-8.046,1,38,0.245,89.929,0.557,2
0.995,0.6609999999999999,195507,0.109,0,0.00064,5,0.14,-14.465,0,0,0.0948,120.558,0.735,9
0.948,0.238,236467,0.246,0,0.000171,5,0.132,-12.595,1,12,0.0422,176.834,0.0897,7
0.721,0.626,177333,0.185,0,0.0,5,0.294,-14.561,0,8,0.133,93.572,0.7190000000000001,7
0.789,0.187,459693,0.344,0,0.395,8,0.0809,-16.183,1,34,0.0438,175.273,0.0991,3
0.735,0.405,164813,0.563,0,0.0,9,0.198,-7.313,1,43,0.033,117.777,0.5920000000000001,6
0.0644,0.735,252333,0.574,0,2.37e-05,10,0.105,-12.512,0,45,0.0764,97.982,0.8690000000000001,5
0.0534,0.7070000000000001,269093,0.6920000000000001,0,0.00796,0,0.0649,-6.937,1,47,0.0409,116.868,0.248,3
0.494,0.851,185945,0.4970000000000001,1,0.0,1,0.152,-12.585,0,37,0.313,94.539,0.752,3
0.7859999999999999,0.6579999999999999,209493,0.381,1,0.00107,1,0.426,-7.206,1,49,0.438,89.961,0.5429999999999999,1
0.993,0.364,287893,0.0737,0,0.8759999999999999,7,0.281,-19.529,0,0,0.0348,93.524,0.0808,8
0.194,0.866,293133,0.648,1,5.9e-06,1,0.0727,-7.112,1,45,0.0746,99.685,0.68,3
0.0128,0.747,213507,0.705,0,0.0,9,0.126,-5.1370000000000005,0,71,0.126,136.024,0.56,1
0.946,0.228,213713,0.224,0,0.0002220000000000001,7,0.273,-12.749,1,47,0.0311,60.3,0.18,5
0.184,0.403,1043067,0.6579999999999999,0,0.244,0,0.18600000000000005,-11.544,1,26,0.0469,133.375,0.65,5
0.15,0.695,240040,0.615,0,0.000212,7,0.0879,-5.325,0,62,0.042,124.015,0.414,1
0.0262,0.8270000000000001,120947,0.535,1,0.0,7,0.111,-8.697000000000001,1,64,0.0461,129.941,0.48,1
0.0264,0.797,279307,0.716,1,1.53e-05,8,0.0882,-7.547999999999999,0,39,0.156,96.252,0.923,3
0.8290000000000001,0.441,534787,0.281,0,0.894,5,0.68,-20.118,0,35,0.0517,116.551,0.445,6
0.871,0.158,470747,0.16899999999999998,0,0.534,3,0.124,-22.627,1,2,0.0479,99.958,0.0678,9
0.7829999999999999,0.621,418053,0.3720000000000001,0,9.72e-05,3,0.0941,-11.845999999999998,0,24,0.0293,101.12,0.369,5
0.00432,0.408,249560,0.863,0,0.13,8,0.114,-1.894,1,49,0.0386,159.928,0.465,2
0.955,0.227,199173,0.341,0,0.942,7,0.16699999999999998,-11.986,1,19,0.0341,83.542,0.0682,7
0.252,0.424,188220,0.647,0,0.0,9,0.208,-6.556,1,60,0.188,89.79299999999998,0.262,1
0.975,0.458,265667,0.0483,0,0.857,10,0.107,-26.224,0,3,0.0475,88.147,0.618,9
0.519,0.471,197933,0.252,0,0.0,0,0.295,-12.367,1,25,0.0408,101.057,0.303,3
0.971,0.462,206707,0.536,0,0.928,11,0.163,-10.183,1,0,0.0381,83.495,0.87,8
0.259,0.607,248387,0.754,0,0.0,11,0.111,-4.3210000000000015,1,54,0.0411,82.995,0.607,1
0.315,0.556,306453,0.5920000000000001,0,0.00334,9,0.196,-8.519,0,59,0.0287,180.645,0.675,4
0.00947,0.504,222867,0.7120000000000001,0,0.535,5,0.133,-8.097000000000001,1,40,0.0507,145.625,0.698,3
0.989,0.5870000000000001,179520,0.118,0,4.46e-06,9,0.141,-16.706,0,0,0.0805,87.712,0.57,8
0.013,0.227,494960,0.733,0,2.0600000000000006e-05,9,0.113,-7.869,0,27,0.06,75.322,0.273,5
0.48,0.598,496320,0.7829999999999999,0,0.0416,7,0.94,-9.516,1,12,0.37,113.41,0.8390000000000001,7
2.54e-05,0.412,185240,0.769,0,0.00421,5,0.434,-6.229,1,35,0.0416,129.708,0.312,3
0.933,0.467,127667,0.134,0,0.82,8,0.13,-19.911,1,45,0.0369,88.22,0.236,3
0.85,0.0982,302200,0.127,0,0.913,9,0.106,-17.730999999999995,0,47,0.0367,81.303,0.0381,2
0.0303,0.415,251423,0.369,1,7.64e-06,8,0.383,-10.044,1,64,0.0741,95.746,0.0913,1
0.805,0.412,280427,0.459,0,0.0,9,0.127,-9.667,1,19,0.138,87.37799999999999,0.5489999999999999,6
0.992,0.461,110640,0.136,0,0.873,8,0.0846,-22.485,1,0,0.0359,86.23299999999998,0.285,10
0.153,0.736,278700,0.882,0,0.0406,10,0.0763,-5.7429999999999986,1,8,0.223,95.056,0.72,7
0.0673,0.642,146840,0.706,0,0.00213,0,0.0355,-8.058,1,36,0.0333,98.949,0.794,5
0.307,0.852,234173,0.852,0,2.34e-05,8,0.73,-6.8420000000000005,1,42,0.0483,120.084,0.8540000000000001,2
0.439,0.379,144333,0.495,0,0.0,10,0.163,-9.628,1,30,0.0358,147.797,0.339,3
0.0635,0.6990000000000001,266560,0.469,0,0.034,11,0.0735,-14.504,0,22,0.0494,116.102,0.95,4
0.794,0.3720000000000001,170467,0.214,0,0.0,5,0.258,-13.054,0,15,0.0321,173.65,0.536,6
0.0217,0.639,237284,0.8190000000000001,0,2.31e-05,0,0.0785,-5.8660000000000005,1,54,0.04,147.997,0.863,3
0.956,0.557,115827,0.13699999999999998,0,0.476,9,0.21600000000000005,-15.079,1,32,0.21600000000000005,65.502,0.475,5
0.322,0.504,213667,0.563,0,0.318,9,0.37,-7.007999999999999,1,23,0.0294,112.121,0.35600000000000004,6
0.994,0.6709999999999999,139760,0.215,0,0.276,5,0.184,-11.622,1,13,0.0669,122.351,0.647,7
0.979,0.777,183000,0.285,0,0.0422,1,0.318,-13.51,1,0,0.206,125.345,0.919,9
0.302,0.6509999999999999,235173,0.386,0,6.670000000000001e-05,9,0.0622,-16.775,1,45,0.0361,81.232,0.595,5
0.986,0.335,72067,0.359,0,0.77,10,0.078,-13.133,1,0,0.0367,171.94,0.5379999999999999,8
0.0768,0.537,279000,0.652,0,0.0033,1,0.0536,-10.632,0,48,0.0316,158.003,0.542,2
0.00222,0.703,316275,0.708,0,0.75,5,0.107,-11.784,0,27,0.0341,106.132,0.853,4
0.8640000000000001,0.482,423400,0.466,0,0.0159,2,0.14800000000000002,-13.58,1,28,0.0292,106.455,0.691,5
0.994,0.446,257627,0.0326,0,0.916,1,0.11,-23.166,1,0,0.0385,126.299,0.127,9
0.0434,0.598,285440,0.619,0,7.15e-06,9,0.116,-10.231,1,24,0.0748,144.826,0.527,6
0.218,0.634,161867,0.727,0,0.00743,9,0.121,-10.867,1,49,0.0418,80.057,0.684,3
0.83,0.44,316600,0.573,0,0.0,4,0.0584,-11.203,0,29,0.0665,172.17700000000005,0.7859999999999999,7
0.516,0.431,154733,0.456,0,0.0,0,0.433,-14.089,1,26,0.0431,171.66299999999995,0.8390000000000001,6
0.0032600000000000003,0.403,206667,0.918,0,0.3720000000000001,0,0.0958,-6.562,1,45,0.0545,162.542,0.7190000000000001,5
0.716,0.411,190740,0.434,0,0.0,5,0.29600000000000004,-7.459,1,39,0.0425,196.509,0.95,4
0.0996,0.586,343400,0.377,0,3.15e-06,2,0.0859,-12.638,1,57,0.0271,90.716,0.438,4
0.89,0.303,118933,0.129,0,0.007759999999999999,6,0.123,-15.069,1,55,0.0301,84.167,0.155,3
0.486,0.425,218693,0.715,0,0.195,7,0.092,-6.825,1,22,0.0327,79.402,0.631,6
0.7959999999999999,0.627,167960,0.317,0,0.0,8,0.184,-12.787,1,19,0.0431,106.151,0.711,7
0.65,0.338,254723,0.251,0,0.019,5,0.269,-17.826,1,31,0.036000000000000004,183.015,0.5870000000000001,5
0.443,0.735,399667,0.339,0,0.00564,9,0.0778,-11.956,0,48,0.0456,121.779,0.389,3
0.00687,0.569,249707,0.93,0,0.000143,11,0.37,-4.637,0,53,0.0525,122.957,0.696,3
0.7440000000000001,0.591,157733,0.454,0,0.0,5,0.0989,-8.936,1,48,0.0322,128.909,0.865,3
0.611,0.541,159173,0.506,0,0.0,0,0.6940000000000001,-10.655,1,32,0.156,76.661,0.75,6
0.993,0.403,197016,0.316,0,0.0255,7,0.448,-14.457,0,0,0.0472,116.625,0.285,9
0.000552,0.7390000000000001,228267,0.565,0,0.00104,0,0.0293,-12.607,1,49,0.0664,82.234,0.7070000000000001,3
0.123,0.471,259360,0.579,0,0.68,0,0.429,-12.62,1,30,0.0278,93.206,0.386,6
0.0165,0.5429999999999999,208973,0.873,0,9.45e-05,10,0.15,-5.159,0,44,0.0803,150.891,0.7859999999999999,2
0.0979,0.648,161800,0.57,0,0.0,5,0.232,-4.432,1,41,0.0394,122.003,0.7829999999999999,5
0.0193,0.6679999999999999,113800,0.0835,1,3.4e-05,0,0.252,-23.638,1,0,0.787,81.992,0.66,8
0.867,0.69,174827,0.119,0,0.000146,5,0.11,-19.503,0,34,0.0449,130.406,0.484,6
0.586,0.35100000000000003,389000,0.708,0,4.47e-06,3,0.107,-9.4,1,32,0.0576,98.024,0.55,5
0.799,0.302,398693,0.275,0,6.52e-06,5,0.172,-12.81,1,51,0.0317,134.69799999999998,0.328,5
0.18,0.336,296733,0.973,0,0.00028700000000000004,2,0.17,-3.716,1,35,0.0683,126.671,0.444,4
0.996,0.5479999999999999,59455,0.327,0,0.643,6,0.142,-11.703,1,0,0.121,76.482,0.343,8
0.5920000000000001,0.481,154304,0.88,0,0.0,10,0.215,-3.596,1,50,0.126,88.863,0.8390000000000001,1
0.752,0.6509999999999999,519600,0.14300000000000002,0,0.421,5,0.138,-22.617,1,53,0.0531,78.792,0.601,2
0.907,0.425,248268,0.0599,0,0.0,4,0.0976,-19.185,1,28,0.0417,112.002,0.156,7
0.0537,0.715,97700,0.162,1,8.43e-06,2,0.328,-22.775,1,0,0.8690000000000001,123.127,0.78,8
0.468,0.636,211150,0.623,0,0.004529999999999999,5,0.35100000000000003,-7.016,1,69,0.0603,100.026,0.389,1
0.139,0.696,276693,0.623,0,3.63e-05,9,0.8440000000000001,-10.282,0,39,0.0471,124.82,0.669,4
0.939,0.48,190328,0.233,0,0.000169,0,0.389,-15.264,1,1,0.0499,83.325,0.787,8
0.982,0.399,388625,0.29600000000000004,0,0.000105,0,0.0944,-13.007,1,0,0.101,80.741,0.408,7
0.0023,0.392,192027,0.948,0,0.0,1,0.0653,-3.707,1,53,0.0456,190.937,0.593,2
0.0765,0.7120000000000001,309840,0.785,1,0.0,11,0.0711,-4.748,0,43,0.339,89.764,0.607,2
0.0953,0.878,254027,0.311,0,0.0,1,0.0808,-17.401,1,52,0.324,117.759,0.486,4
0.477,0.687,273040,0.544,0,0.0,3,0.0937,-8.642000000000001,1,56,0.162,72.082,0.742,3
0.487,0.388,199773,0.609,0,2.5e-05,7,0.263,-9.545,1,34,0.0443,73.426,0.599,4
0.0157,0.499,299600,0.655,0,0.0,6,0.114,-6.5760000000000005,1,61,0.0343,146.877,0.158,1
0.823,0.494,140200,0.524,0,9.1e-06,10,0.0718,-9.505,1,0,0.0652,191.666,0.862,7
0.965,0.42,259227,0.0445,0,0.0075099999999999984,7,0.165,-20.031,1,0,0.0434,129.815,0.173,9
0.807,0.175,90627,0.212,0,0.988,5,0.0753,-12.414,1,1,0.0335,149.57299999999995,0.0695,7
0.0632,0.385,294533,0.443,0,0.0,7,0.0898,-9.627,0,65,0.0295,151.278,0.275,2
0.0472,0.563,209413,0.865,0,0.000191,5,0.77,-5.277,1,74,0.16,156.27100000000004,0.601,5
0.74,0.2,352240,0.196,0,0.13699999999999998,5,0.363,-16.516,1,0,0.0406,97.67,0.102,8
0.0008380000000000001,0.35,114720,0.989,0,0.0,11,0.36,-2.582,0,34,0.172,150.10299999999995,0.338,4
0.0481,0.652,157600,0.665,0,0.000493,9,0.0644,-8.073,1,26,0.0261,79.266,0.848,6
0.988,0.294,131867,0.0771,0,0.0,2,0.107,-11.238,1,2,0.0317,171.116,0.146,7
0.0365,0.889,143147,0.375,1,0.0,6,0.0962,-12.011,0,70,0.41,114.036,0.5670000000000001,0
0.0845,0.532,223760,0.6459999999999999,0,3.1e-05,5,0.297,-6.487,1,41,0.0323,80.945,0.206,2
0.816,0.532,185947,0.392,0,0.0,10,0.122,-7.502000000000002,1,64,0.0289,151.879,0.35200000000000004,1
0.196,0.625,100715,0.229,1,0.0,0,0.225,-19.189,1,0,0.963,170.41,0.381,10
0.828,0.853,255720,0.474,0,0.00755,9,0.306,-10.711,1,57,0.049,115.052,0.636,1
0.953,0.324,332400,0.198,0,2.94e-05,0,0.339,-15.514,1,0,0.0582,59.99,0.0723,7
0.988,0.067,192500,0.0346,0,0.939,7,0.122,-29.992,1,62,0.0535,71.583,0.0395,1
0.333,0.555,214307,0.496,0,0.0,10,0.0956,-6.136,1,49,0.028,79.01,0.27,2
0.16399999999999998,0.818,234373,0.8490000000000001,0,4.36e-05,7,0.165,-4.185,1,44,0.0905,100.503,0.638,2
0.732,0.55,113427,0.242,0,0.0259,2,0.139,-16.660999999999998,1,6,0.0539,169.32299999999995,0.415,7
0.000108,0.7,354333,0.649,0,0.67,7,0.0858,-9.981,0,55,0.0331,131.056,0.965,4
0.0165,0.863,245667,0.6559999999999999,0,8.45e-06,2,0.0936,-6.505,0,48,0.0381,93.078,0.622,2
0.217,0.746,201440,0.481,0,0.0,6,0.127,-10.062,1,24,0.0406,122.464,0.627,4
0.271,0.377,336600,0.544,0,1.37e-06,6,0.281,-7.051,1,36,0.0312,112.908,0.333,5
0.0262,0.6509999999999999,164880,0.835,0,0.00685,6,0.056,-4.311,0,55,0.0649,98.411,0.6920000000000001,2
0.381,0.642,195053,0.782,1,0.0,5,0.108,-3.395,0,76,0.0477,162.005,0.396,1
0.0766,0.795,192427,0.899,1,0.0,1,0.0852,-7.02,1,57,0.292,115.062,0.6940000000000001,2
0.0382,0.5579999999999999,274867,0.841,0,5.26e-06,11,0.58,-7.303,0,21,0.128,88.708,0.7879999999999999,6
0.8490000000000001,0.487,181533,0.483,0,1.3e-05,11,0.119,-12.255999999999998,1,5,0.0623,102.77,0.7140000000000001,6
0.00648,0.551,211720,0.741,0,0.00603,8,0.0707,-4.245,1,59,0.029,79.984,0.399,1
0.99,0.45,122320,0.0511,0,0.897,2,0.112,-27.874,0,14,0.0379,69.757,0.102,8
0.0233,0.613,254840,0.7020000000000001,0,0.00339,9,0.229,-4.817,1,41,0.0319,84.18299999999998,0.748,2
0.159,0.562,220200,0.836,0,0.000445,4,0.268,-9.344,1,44,0.0385,165.489,0.965,3
0.383,0.775,313493,0.517,0,0.0,5,0.08,-12.769,0,39,0.0438,88.68700000000004,0.7979999999999999,3
0.82,0.423,257107,0.211,0,0.0,10,0.0894,-12.268,1,52,0.0287,138.61,0.131,4
0.8220000000000001,0.149,293120,0.206,0,0.0006490000000000001,3,0.115,-13.888,1,72,0.0323,79.764,0.264,5
0.00173,0.388,205200,0.899,0,8.89e-06,6,0.345,-8.953,1,22,0.0534,164.452,0.802,4
0.991,0.633,163587,0.108,0,0.8909999999999999,1,0.199,-14.589,0,0,0.25,133.54,0.76,8
0.978,0.282,338960,0.0806,0,0.8490000000000001,2,0.0789,-21.57800000000001,1,0,0.0435,96.239,0.173,7
0.8009999999999999,0.525,141133,0.737,0,0.00118,1,0.0851,-9.288,1,9,0.171,134.201,0.703,8
0.597,0.614,211764,0.527,0,0.0,10,0.11,-6.374,1,74,0.0302,121.941,0.354,1
0.519,0.616,175840,0.541,0,0.0,9,0.333,-8.995,0,26,0.0625,103.437,0.75,5
0.0691,0.601,148373,0.466,0,0.213,1,0.11,-12.661,1,34,0.134,97.323,0.13699999999999998,3
0.314,0.6659999999999999,202693,0.75,0,0.0,11,0.0753,-5.926,0,60,0.0598,163.937,0.964,1
0.473,0.435,224987,0.476,0,0.0,10,0.315,-10.898,1,39,0.053,178.748,0.7070000000000001,4
0.6729999999999999,0.5589999999999999,258507,0.319,0,0.0,4,0.108,-10.939,0,48,0.309,86.085,0.599,2
0.994,0.506,199453,0.101,0,0.888,9,0.109,-18.514,1,0,0.038,73.99,0.23,9
0.0568,0.782,243133,0.597,1,0.0,1,0.5820000000000001,-6.399,1,57,0.335,94.631,0.528,3
0.923,0.496,201267,0.311,0,0.0127,5,0.252,-11.202,1,6,0.124,191.035,0.718,10
0.0758,0.507,233685,0.564,0,0.0,7,0.413,-6.652,1,64,0.0291,82.493,0.328,1
0.562,0.52,144307,0.264,0,1.32e-05,10,0.122,-15.534,1,31,0.0263,94.323,0.598,4
0.424,0.79,160989,0.757,0,0.0,7,0.0581,-6.3420000000000005,1,61,0.0465,126.269,0.933,1
0.994,0.459,190920,0.482,0,0.939,7,0.306,-8.187999999999999,0,0,0.0376,86.779,0.922,9
0.271,0.619,314467,0.359,0,0.0,7,0.111,-12.604,1,40,0.111,134.28,0.5710000000000001,4
0.992,0.461,188107,0.177,0,0.774,9,0.224,-12.825,1,0,0.0316,91.886,0.366,8
0.679,0.452,198533,0.28600000000000003,0,2.66e-06,7,0.13,-18.912,1,38,0.0375,140.0,0.56,5
0.00573,0.439,252160,0.63,0,0.0,0,0.14,-7.108,1,52,0.0289,137.24200000000002,0.376,4
0.259,0.737,245867,0.258,0,2.71e-06,10,0.101,-7.784,1,45,0.0528,61.028,0.83,2
0.434,0.598,183333,0.64,0,0.505,4,0.0892,-12.32,1,38,0.0325,130.542,0.626,3
0.015,0.445,149733,0.655,0,1.81e-06,9,0.29100000000000004,-12.386,0,40,0.0465,139.454,0.732,4
0.833,0.601,159067,0.483,0,6.11e-06,0,0.097,-7.689,1,42,0.0276,92.149,0.6629999999999999,2
0.596,0.563,141747,0.848,0,1.26e-05,0,0.118,-8.418,1,24,0.0402,92.952,0.926,6
0.862,0.4970000000000001,157147,0.272,0,0.0,5,0.195,-12.07,1,33,0.0287,106.174,0.464,6
0.61,0.73,122000,0.308,1,0.0,3,0.12,-16.442,1,0,0.905,87.946,0.495,7
0.858,0.536,186520,0.305,0,2.9e-06,7,0.101,-8.645,1,50,0.121,175.18400000000003,0.643,3
0.778,0.65,189521,0.529,0,0.00266,7,0.0343,-9.756,1,4,0.0394,126.419,0.884,7
0.968,0.413,198880,0.0343,0,0.0783,3,0.32299999999999995,-25.514,1,0,0.0308,99.985,0.441,7
0.627,0.617,162653,0.41,0,0.0,7,0.19,-8.142000000000001,0,51,0.0308,124.018,0.318,1
0.026,0.8859999999999999,194640,0.69,0,0.0,5,0.889,-10.982,1,45,0.189,151.012,0.785,3
0.047,0.632,249253,0.926,0,0.000169,4,0.116,-3.463,1,48,0.0322,112.058,0.889,1
0.505,0.6,400267,0.872,0,0.00145,1,0.168,-4.166,1,47,0.141,147.708,0.823,2
0.841,0.231,175076,0.455,0,0.0,2,0.0823,-8.06,1,41,0.0296,166.705,0.391,6
0.109,0.498,167360,0.8490000000000001,0,0.0,4,0.271,-4.963,1,47,0.114,170.03799999999995,0.72,2
0.0486,0.585,307547,0.632,0,0.000208,7,0.195,-5.354,1,44,0.0299,81.441,0.43,2
0.7170000000000001,0.7090000000000001,202884,0.465,1,0.0,1,0.117,-10.852,0,59,0.0896,155.905,0.318,1
0.547,0.858,234920,0.6,0,0.00113,2,0.132,-6.6770000000000005,1,64,0.063,106.023,0.513,1
0.993,0.222,201718,0.451,0,0.84,2,0.263,-8.979,1,0,0.0481,87.402,0.107,8
0.416,0.509,206707,0.7190000000000001,0,2.85e-06,10,0.0725,-9.964,1,27,0.0383,143.895,0.851,5
0.259,0.413,220827,0.359,0,3.47e-05,4,0.273,-10.838,1,46,0.0348,181.863,0.165,3
0.58,0.731,273200,0.5329999999999999,0,0.479,9,0.128,-18.424,0,32,0.0461,101.328,0.964,4
0.046,0.643,164832,0.598,1,0.000396,11,0.503,-6.674,0,64,0.311,83.523,0.248,0
0.996,0.586,199000,0.237,0,0.935,7,0.281,-13.927,0,0,0.038,83.335,0.909,8
0.0254,0.644,254545,0.926,1,0.00536,1,0.18600000000000005,-2.629,1,48,0.0566,132.034,0.04,1
0.506,0.5720000000000001,289573,0.276,0,1.22e-05,10,0.141,-12.958,1,45,0.0297,123.833,0.13699999999999998,3
0.963,0.596,203707,0.325,0,6.850000000000001e-05,3,0.128,-7.1629999999999985,0,0,0.0529,155.774,0.76,7
0.635,0.6759999999999999,146027,0.35200000000000004,0,0.0,2,0.0417,-13.858,1,38,0.0384,111.61,0.787,6
0.0293,0.517,246973,0.481,1,1.7899999999999998e-05,5,0.0903,-8.273,1,68,0.0272,138.51,0.461,2
0.894,0.499,152400,0.0334,0,3.12e-05,10,0.117,-18.327,1,22,0.0379,106.329,0.397,6
0.00358,0.693,204853,0.871,0,2.01e-05,0,0.11,-3.389,1,58,0.0844,111.989,0.5329999999999999,2
0.118,0.846,329440,0.8270000000000001,0,0.0,7,0.0638,-7.148,1,48,0.123,127.036,0.8190000000000001,3
0.818,0.619,156227,0.312,0,0.000184,0,0.282,-12.924,1,10,0.0274,92.749,0.8340000000000001,6
0.0434,0.795,297200,0.4320000000000001,0,0.0477,8,0.0487,-11.791,1,28,0.0534,164.437,0.8220000000000001,4
0.98,0.236,567693,0.17800000000000002,0,0.792,9,0.168,-18.081,1,0,0.0451,77.408,0.171,7
0.86,0.459,224160,0.0139,0,6.48e-05,10,0.155,-27.901,1,25,0.0402,102.457,0.228,6
0.399,0.703,187733,0.366,0,0.0,7,0.123,-14.112,1,28,0.0301,115.827,0.7709999999999999,5
0.984,0.528,241347,0.0335,0,8.25e-05,4,0.118,-22.475,1,6,0.0702,94.471,0.386,7
0.35600000000000004,0.408,420773,0.612,0,0.00391,5,0.298,-10.19,0,4,0.0438,142.387,0.6779999999999999,7
0.944,0.348,182360,0.0596,0,0.0005269999999999999,7,0.124,-18.77,1,18,0.0355,66.479,0.146,7
0.273,0.601,285640,0.597,0,0.0,5,0.299,-10.63,1,56,0.16399999999999998,143.518,0.7609999999999999,3
0.996,0.705,188373,0.0691,0,0.777,2,0.115,-15.944,1,0,0.0699,116.235,0.522,9
0.978,0.4970000000000001,405227,0.153,0,0.809,5,0.138,-12.65,0,36,0.0407,100.222,0.276,3
0.0262,0.7859999999999999,292013,0.9,1,0.0235,1,0.306,-0.8390000000000001,1,59,0.205,91.984,0.627,2
0.962,0.252,252893,0.106,0,0.841,10,0.118,-22.523000000000003,1,0,0.0435,105.225,0.284,8
0.8190000000000001,0.495,370427,0.16399999999999998,0,0.00164,2,0.0799,-17.273,0,49,0.0284,90.854,0.24,3
0.227,0.462,264453,0.915,0,0.000212,9,0.063,-4.39,1,31,0.0309,141.511,0.585,5
0.989,0.5720000000000001,186907,0.21600000000000005,0,0.908,1,0.11,-23.335,0,1,0.0376,133.041,0.809,8
0.0773,0.401,183973,0.911,0,0.00112,9,0.225,-7.184,1,41,0.0678,138.908,0.6990000000000001,4
0.688,0.458,288240,0.557,0,0.139,9,0.13699999999999998,-12.495,1,21,0.0472,143.214,0.598,5
0.68,0.339,311573,0.218,0,0.000374,2,0.0871,-15.88,0,38,0.0356,99.77,0.0691,5
0.992,0.564,186467,0.203,0,5.45e-06,4,0.457,-11.501,1,4,0.0743,160.767,0.8140000000000001,10
0.201,0.253,233080,0.431,0,0.000232,11,0.106,-11.802,0,34,0.0343,89.913,0.463,3
0.409,0.417,194880,0.484,0,0.959,9,0.0663,-8.781,1,50,0.0791,149.79,0.501,5
0.141,0.584,535333,0.975,0,0.501,11,0.101,-6.534,0,20,0.0651,138.341,0.8759999999999999,5
0.71,0.573,199627,0.741,0,8.64e-06,9,0.364,-7.0760000000000005,1,35,0.0688,107.993,0.672,5
0.156,0.815,151641,0.5670000000000001,1,0.0,10,0.0884,-4.6530000000000005,0,79,0.135,95.034,0.732,1
0.523,0.6970000000000001,205293,0.383,0,0.0,7,0.0769,-12.209,1,15,0.0306,115.276,0.8490000000000001,6
0.0005549999999999999,0.5489999999999999,164920,0.877,0,0.0,6,0.0969,-5.008,1,57,0.0317,110.963,0.377,1
0.84,0.399,171453,0.42,0,0.0313,7,0.168,-12.737,1,33,0.0335,69.208,0.767,5
0.7170000000000001,0.607,216333,0.425,0,0.0,11,0.0883,-7.974,1,61,0.0269,134.001,0.5379999999999999,1
0.8959999999999999,0.331,133560,0.391,0,0.00164,2,0.294,-11.859000000000002,1,7,0.0407,178.696,0.862,7
0.985,0.5489999999999999,215733,0.489,0,0.411,10,0.15,-10.287,1,0,0.035,104.855,0.632,8
0.0136,0.74,186107,0.965,0,9.46e-05,10,0.6609999999999999,-4.351,0,54,0.145,140.974,0.797,3
9.89e-05,0.462,254787,0.871,1,0.0,0,0.107,-4.448,1,43,0.0636,183.929,0.509,2
0.735,0.848,162213,0.27,0,1.6e-05,2,0.366,-11.101,0,14,0.0662,106.88,0.7979999999999999,6
0.14400000000000002,0.57,233964,0.642,0,0.0,1,0.15,-4.6389999999999985,0,0,0.053,167.83,0.255,8
0.0185,0.534,180493,0.931,0,0.0,1,0.193,-3.606,1,49,0.0613,150.359,0.8320000000000001,4
0.505,0.76,221419,0.568,1,0.0,9,0.107,-3.92,1,66,0.0558,77.482,0.414,1
0.321,0.448,219400,0.546,0,0.0,4,0.52,-6.6720000000000015,1,41,0.086,123.513,0.403,2
0.425,0.754,279360,0.319,0,1.1e-06,0,0.127,-8.773,1,53,0.0464,129.858,0.382,2
0.952,0.498,77800,0.0887,0,0.8690000000000001,5,0.135,-18.499,1,38,0.0349,112.449,0.449,3
0.963,0.547,219344,0.0897,0,0.00578,3,0.111,-18.732,1,62,0.0457,117.17,0.263,1
0.132,0.249,282133,0.82,0,0.818,7,0.153,-8.283999999999999,0,38,0.0494,151.79,0.219,5
0.365,0.53,234840,0.753,0,4.19e-05,0,0.269,-5.551,1,53,0.0346,123.979,0.38,1
0.0212,0.409,229107,0.77,0,0.000368,11,0.358,-9.111,0,16,0.111,152.54399999999995,0.463,6
0.748,0.675,155432,0.313,0,0.000233,3,0.412,-14.826,1,30,0.277,135.643,0.978,4
0.408,0.605,203680,0.612,0,0.0,1,0.109,-5.791,0,45,0.26,139.94299999999998,0.96,2
0.5379999999999999,0.8009999999999999,268133,0.434,0,0.0,7,0.0729,-9.174,0,48,0.376,132.254,0.6609999999999999,2
0.773,0.215,169707,0.281,0,0.0,6,0.127,-15.011,0,15,0.0369,163.95,0.467,6
0.0738,0.438,184787,0.4970000000000001,0,0.0073799999999999985,7,0.659,-10.149,0,21,0.0347,114.687,0.244,5
0.993,0.475,181394,0.192,0,0.000203,3,0.72,-13.961,1,0,0.0659,66.983,0.349,8
0.585,0.64,156667,0.31,0,0.0,8,0.239,-9.399,1,10,0.18600000000000005,123.003,0.5770000000000001,7
0.05,0.294,210107,0.745,0,0.125,5,0.6759999999999999,-9.138,1,67,0.0461,134.364,0.34700000000000003,5
0.984,0.522,193307,0.517,0,0.11,4,0.392,-10.533,1,0,0.238,84.544,0.602,8
0.0153,0.882,215133,0.634,0,0.0396,1,0.051,-12.044,1,37,0.0526,144.072,0.964,3
0.281,0.411,213400,0.5720000000000001,0,0.627,4,0.0701,-9.688,1,22,0.0307,184.787,0.569,5
0.147,0.525,192028,0.635,0,0.000114,5,0.122,-7.805,1,56,0.0239,82.445,0.6679999999999999,1
0.485,0.657,30667,0.0935,0,0.0,11,0.28600000000000003,-24.136,1,32,0.961,153.334,0.433,5
0.135,0.779,286387,0.362,0,0.206,0,0.111,-10.847,1,67,0.0474,85.01100000000002,0.46,0
0.32299999999999995,0.685,186467,0.61,0,0.0,0,0.102,-5.221,0,68,0.0439,94.384,0.32299999999999995,1
0.185,0.7490000000000001,51667,0.855,0,0.0,5,0.0504,-4.123,1,41,0.068,145.064,0.97,2
0.00312,0.552,334227,0.677,0,0.000235,2,0.0644,-14.871,1,33,0.0543,92.549,0.0885,4
0.934,0.552,192065,0.301,0,0.0008730000000000001,8,0.378,-9.696,1,0,0.171,73.057,0.903,7
0.8059999999999999,0.507,255773,0.198,0,0.0,2,0.102,-16.089000000000002,1,55,0.0324,141.261,0.601,5
0.471,0.62,353573,0.807,0,0.108,8,0.0477,-7.752999999999999,1,57,0.0548,118.796,0.579,4
0.795,0.25,199600,0.102,0,0.00015,9,0.397,-16.175,1,32,0.0334,72.41199999999998,0.0769,6
0.9,0.693,263480,0.201,0,0.0,1,0.112,-9.903,1,36,0.0288,100.836,0.679,3
0.625,0.281,283693,0.418,0,0.0105,7,0.462,-11.111,1,38,0.0307,106.518,0.18,6
0.836,0.252,152467,0.363,0,0.926,2,0.1,-10.532,0,11,0.0337,151.695,0.355,8
0.438,0.764,270293,0.601,0,0.0,1,0.0804,-3.878,0,57,0.0414,130.114,0.626,2
5.19e-05,0.38,339880,0.8,0,0.735,4,0.321,-8.617,1,46,0.0695,138.714,0.574,4
0.978,0.5870000000000001,42973,0.705,0,0.0,2,0.196,-13.5,1,0,0.8490000000000001,118.252,0.563,9
0.16,0.838,430800,0.304,0,0.0257,4,0.0828,-9.975,0,60,0.0628,112.618,0.221,2
0.165,0.448,192720,0.8690000000000001,0,6.25e-05,4,0.32,-4.6160000000000005,1,43,0.177,184.042,0.232,2
0.99,0.235,94293,0.0746,0,0.841,9,0.168,-19.068,1,13,0.0407,113.641,0.278,6
0.892,0.631,115720,0.336,0,9.69e-05,7,0.161,-16.524,1,22,0.077,120.692,0.6829999999999999,6
0.3,0.72,409227,0.35,0,0.84,5,0.0864,-17.730999999999995,0,27,0.0364,95.393,0.937,5
0.102,0.596,253787,0.541,1,0.0,4,0.145,-8.026,1,56,0.418,95.752,0.851,2
0.000992,0.612,264520,0.877,0,0.00563,0,0.462,-4.43,1,47,0.064,131.06799999999998,0.38,1
0.941,0.121,669560,0.0522,0,0.0572,7,0.1,-20.15,1,45,0.0388,91.473,0.0375,2
0.755,0.177,224493,0.0353,0,1.52e-06,10,0.112,-21.101,0,27,0.0532,169.458,0.037000000000000005,7
0.000456,0.3,259307,0.971,0,0.0,7,0.28300000000000003,-3.1180000000000003,1,53,0.142,184.536,0.336,1
0.8909999999999999,0.69,172920,0.28300000000000003,0,0.000386,2,0.111,-7.309,1,59,0.0294,104.348,0.35,1
0.128,0.726,224640,0.855,0,0.0,1,0.68,-7.53,0,62,0.0307,104.002,0.884,2
0.98,0.477,257387,0.287,0,7.36e-05,3,0.126,-10.217,1,0,0.0465,126.219,0.506,8
0.75,0.483,305360,0.35,0,0.0,7,0.19,-8.495,0,3,0.0377,99.662,0.201,8
0.14400000000000002,0.578,277307,0.6,0,0.0,8,0.426,-5.7,1,59,0.0455,76.999,0.6459999999999999,1
0.555,0.621,260827,0.534,0,1.29e-05,9,0.297,-10.09,0,38,0.036000000000000004,119.615,0.574,5
0.0567,0.546,204941,0.608,1,0.0,1,0.0664,-6.261,1,59,0.209,98.036,0.37,0
0.234,0.7759999999999999,230667,0.605,0,0.0,2,0.13,-10.489,1,24,0.0326,116.009,0.974,4
0.094,0.5760000000000001,168107,0.443,0,0.0,0,0.197,-10.625,1,18,0.0282,111.162,0.7559999999999999,6
0.79,0.491,337933,0.454,0,0.00156,7,0.705,-12.74,1,42,0.0343,108.36,0.383,3
0.00801,0.753,227587,0.745,0,0.00102,9,0.478,-6.313,0,39,0.0371,132.025,0.728,2
0.987,0.647,195335,0.174,0,0.926,10,0.108,-18.179,1,3,0.0457,128.036,0.557,7
0.0193,0.429,235373,0.564,0,0.000828,11,0.128,-6.784,1,74,0.0268,104.212,0.276,5
0.6779999999999999,0.511,169493,0.417,0,0.0,7,0.145,-10.982,1,38,0.0307,138.18,0.7070000000000001,5
0.976,0.39,133067,0.373,0,0.00673,5,0.117,-7.271,0,0,0.0317,176.808,0.7040000000000001,7
0.959,0.705,166867,0.237,0,0.8490000000000001,10,0.12,-10.423,1,2,0.0595,114.307,0.614,9
0.49,0.419,336040,0.516,0,1.03e-06,3,0.404,-10.624,1,26,0.0492,132.869,0.718,4
0.0316,0.58,177267,0.8490000000000001,0,0.0405,2,0.341,-11.664,1,53,0.0325,142.70600000000005,0.929,5
0.00405,0.607,307867,0.615,0,0.448,4,0.0524,-9.991,0,38,0.112,182.061,0.35600000000000004,3
0.893,0.494,196827,0.4320000000000001,0,0.0,7,0.104,-6.488,1,54,0.0388,127.122,0.398,6
0.57,0.77,155427,0.6459999999999999,0,0.0,9,0.13699999999999998,-10.723,1,38,0.0684,118.771,0.7829999999999999,6
0.42,0.825,178307,0.65,0,0.934,9,0.146,-4.8660000000000005,0,31,0.0303,133.00799999999998,0.966,5
0.7340000000000001,0.44,190480,0.562,0,0.0,5,0.193,-10.116,0,0,0.12,161.844,0.7490000000000001,8
0.995,0.701,180507,0.161,0,0.746,2,0.154,-14.866,1,0,0.0557,102.209,0.7759999999999999,10
0.986,0.612,206760,0.117,0,0.0,9,0.119,-12.77,0,0,0.0501,65.587,0.483,8
0.934,0.339,150467,0.128,0,1.51e-05,7,0.112,-19.684,1,0,0.0454,87.667,0.28,8
0.993,0.373,391373,0.194,0,0.912,1,0.119,-17.544,1,8,0.036000000000000004,67.546,0.161,7
0.966,0.597,42973,0.128,0,0.00079,0,0.0897,-11.747,1,0,0.227,83.613,0.284,8
0.0208,0.628,186024,0.821,1,0.0,1,0.426,-2.721,0,70,0.0525,93.001,0.465,1
0.0226,0.46,256760,0.644,0,0.454,9,0.12,-11.297,1,33,0.0403,133.047,0.079,5
0.991,0.6709999999999999,179862,0.261,0,0.00034500000000000004,10,0.0934,-7.1629999999999985,1,0,0.322,97.216,0.705,8
0.156,0.522,257973,0.8220000000000001,0,0.0,9,0.7759999999999999,-4.464,0,33,0.322,176.204,0.754,3
0.628,0.774,357133,0.258,0,0.000109,5,0.12,-16.776,1,37,0.0356,130.821,0.551,3
0.381,0.635,237912,0.659,0,0.0,1,0.278,-7.991,0,46,0.0264,97.138,0.385,4
0.858,0.436,162933,0.0695,0,0.0,7,0.107,-19.735,1,50,0.0298,97.128,0.255,6
0.321,0.809,228467,0.59,0,3.620000000000001e-05,2,0.135,-7.362,1,47,0.0637,129.98,0.94,1
0.542,0.735,144853,0.392,0,0.0,11,0.125,-8.235,1,14,0.0281,119.449,0.758,6
0.7120000000000001,0.489,92880,0.715,0,2.12e-06,5,0.249,-7.745,0,25,0.14800000000000002,131.525,0.621,7
0.152,0.653,166253,0.55,0,0.0,9,0.117,-6.095,1,50,0.0464,203.013,0.966,3
0.215,0.647,184267,0.65,0,2.37e-05,4,0.222,-12.02,0,30,0.0441,91.996,0.49,5
0.862,0.49,189507,0.193,0,9.74e-06,11,0.113,-9.544,1,59,0.0421,89.154,0.184,2
0.959,0.127,166320,0.0807,0,0.174,7,0.119,-26.033,0,41,0.044,63.239,0.0398,3
0.981,0.536,185933,0.219,0,0.0,0,0.204,-8.485,0,0,0.0424,82.87799999999999,0.31,9
0.8959999999999999,0.334,246067,0.293,0,0.0,4,0.378,-7.436,1,29,0.0423,88.744,0.193,5
0.15,0.303,372533,0.63,0,0.00179,9,0.134,-9.897,0,45,0.0496,155.887,0.483,2
0.764,0.5529999999999999,201560,0.333,0,0.000986,8,0.145,-11.072,1,40,0.0296,116.523,0.47,6
0.000242,0.556,226480,0.883,0,0.0252,7,0.272,-5.046,0,42,0.0718,128.109,0.49,2
0.851,0.448,254920,0.172,0,6.34e-06,7,0.111,-11.57,1,37,0.0362,76.432,0.129,2
0.146,0.657,211907,0.5670000000000001,0,2e-05,9,0.0554,-12.871,1,47,0.0261,109.007,0.563,4
0.114,0.664,208615,0.863,0,0.0,5,0.451,-5.402,0,54,0.125,129.97,0.46,1
0.8420000000000001,0.443,151267,0.16,0,0.0,10,0.166,-21.04,1,21,0.052000000000000005,138.134,0.736,6
0.993,0.464,183293,0.442,0,0.726,7,0.205,-9.964,0,0,0.103,127.911,0.5820000000000001,8
0.7490000000000001,0.65,155120,0.748,0,1.56e-05,8,0.862,-4.984,1,17,0.101,116.174,0.855,6
0.00015800000000000002,0.293,228027,0.987,1,0.14,8,0.308,-6.034,0,30,0.14400000000000002,113.371,0.0648,4
0.638,0.866,143840,0.6409999999999999,0,0.0,10,0.0528,-5.7879999999999985,1,5,0.0519,111.324,0.927,7
0.478,0.527,114360,0.63,1,0.0,8,0.103,-7.67,1,67,0.0975,169.986,0.426,1
0.872,0.406,258000,0.201,0,0.316,10,0.315,-17.285999999999998,1,33,0.0328,149.13,0.401,4
0.87,0.275,1059351,0.381,0,0.932,2,0.0865,-18.374,0,38,0.042,148.955,0.0648,5
0.74,0.411,172293,0.7190000000000001,0,0.0466,9,0.759,-11.205,1,27,0.0438,92.108,0.807,5
0.0309,0.568,237293,0.878,0,4.26e-06,7,0.213,-5.0939999999999985,1,54,0.0933,171.72299999999996,0.725,1
0.0272,0.556,132800,0.5720000000000001,0,0.00498,2,0.105,-11.692,1,42,0.0554,128.888,0.964,5
0.00572,0.211,349333,0.7120000000000001,0,0.00433,0,0.0299,-9.799,1,23,0.0451,182.117,0.366,4
0.987,0.165,191200,0.254,0,0.004370000000000001,10,0.084,-11.887,1,0,0.0313,76.664,0.146,7
0.8959999999999999,0.584,173307,0.247,0,1.33e-06,5,0.213,-12.074000000000002,0,4,0.0293,102.628,0.593,8
0.0393,0.706,239600,0.5660000000000001,0,9.6e-05,4,0.0833,-13.162,1,30,0.0276,97.33,0.86,3
0.0004730000000000001,0.379,114133,0.938,0,0.0,9,0.139,-10.053,1,46,0.0807,140.141,0.194,4
0.926,0.4,210867,0.0407,0,0.31,2,0.129,-16.679000000000002,0,0,0.0266,61.71100000000001,0.0921,8
0.0333,0.305,369560,0.857,0,0.7959999999999999,11,0.343,-9.716,0,20,0.0771,137.783,0.546,6
0.32299999999999995,0.503,116000,0.61,0,0.812,9,0.0591,-13.397,1,20,0.0583,154.767,0.645,6
0.338,0.37,313587,0.6759999999999999,0,0.0,6,0.418,-7.562,0,40,0.0652,124.071,0.5670000000000001,2
0.6579999999999999,0.65,196560,0.599,0,0.000117,8,0.239,-10.187,1,1,0.0536,116.474,0.823,10
0.963,0.395,160840,0.205,0,5.4299999999999985e-05,5,0.3,-11.8,1,0,0.034,110.534,0.285,9
0.000298,0.4370000000000001,340627,0.911,0,0.64,9,0.966,-6.859,1,26,0.0372,144.338,0.885,5
0.6940000000000001,0.443,181893,0.259,0,1.39e-06,7,0.128,-11.005999999999998,1,7,0.0316,108.572,0.685,6
0.0496,0.433,114093,0.82,0,0.000167,4,0.152,-6.808,1,25,0.0743,117.507,0.932,4
0.8540000000000001,0.0871,209533,0.281,0,0.862,11,0.371,-12.741,1,5,0.0371,167.49200000000005,0.0368,7
0.585,0.677,175227,0.552,0,0.00411,5,0.149,-12.205,1,9,0.0285,110.589,0.893,8
0.903,0.5,124533,0.29,0,5.920000000000001e-05,0,0.201,-10.684,1,10,0.0308,116.556,0.308,6
0.889,0.772,135653,0.483,0,0.0102,8,0.0626,-9.177,1,50,0.0381,130.989,0.8390000000000001,2
0.000729,0.581,397814,0.812,0,0.007659999999999998,2,0.14800000000000002,-7.045,1,38,0.0348,108.901,0.355,4
0.8140000000000001,0.758,140040,0.275,0,0.0,0,0.0497,-11.076,1,4,0.16399999999999998,94.697,0.535,7
0.993,0.486,218267,0.031,0,0.943,8,0.0966,-21.026,1,41,0.0645,134.931,0.206,2
0.721,0.746,113467,0.35600000000000004,0,0.112,10,0.0776,-15.175999999999998,1,10,0.0527,108.713,0.308,6
0.486,0.674,209320,0.6459999999999999,0,8.37e-05,5,0.262,-5.876,1,64,0.027000000000000003,148.1,0.613,2
0.0181,0.467,188133,0.885,0,0.0,9,0.364,-8.226,0,52,0.0446,94.397,0.452,4
0.955,0.795,155027,0.243,0,0.00512,5,0.26,-12.25,0,42,0.0447,115.95,0.738,8
0.802,0.578,178147,0.434,0,0.00103,5,0.277,-10.865,1,55,0.0468,106.358,0.75,2
0.462,0.595,273151,0.657,1,0.000597,1,0.4370000000000001,-6.4979999999999976,0,75,0.183,156.093,0.718,1
0.00149,0.457,524067,0.866,1,0.0103,4,0.0633,-4.553,1,47,0.0406,174.05900000000003,0.262,1
0.7929999999999999,0.407,288960,0.28300000000000003,0,6.06e-05,7,0.256,-12.937,1,5,0.0302,129.129,0.449,7
0.7709999999999999,0.491,190320,0.325,0,0.0,5,0.0883,-10.559,1,14,0.0277,132.791,0.5479999999999999,6
0.175,0.7609999999999999,282653,0.763,0,3.84e-05,7,0.0485,-6.7410000000000005,1,25,0.0772,112.132,0.628,4
0.7959999999999999,0.75,204213,0.727,0,0.0,6,0.361,-12.457,0,7,0.128,123.64,0.726,7
0.125,0.757,238333,0.777,0,0.000297,0,0.287,-8.919,1,46,0.0359,118.203,0.853,4
0.153,0.741,131135,0.927,0,2.92e-06,0,0.0635,-7.0139999999999985,1,29,0.054000000000000006,146.84799999999996,0.963,6
0.335,0.618,203279,0.6890000000000001,0,0.0,10,0.0857,-7.794,1,42,0.0309,121.792,0.627,5
0.623,0.5589999999999999,157288,0.713,0,0.12,10,0.152,-10.457,1,26,0.0575,128.031,0.642,6
0.993,0.253,345240,0.29600000000000004,0,0.0778,0,0.107,-8.318999999999999,1,0,0.0314,91.271,0.134,7
0.551,0.28600000000000003,206480,0.846,0,0.93,5,0.72,-13.592,1,0,0.0431,121.411,0.785,7
0.995,0.753,201729,0.206,0,0.29,11,0.312,-9.661,0,0,0.525,123.146,0.616,8
0.263,0.675,65933,0.741,0,0.0,10,0.15,-11.683,1,46,0.0595,142.116,0.631,2
0.799,0.462,154613,0.29,0,0.0,9,0.123,-12.225,1,36,0.0467,175.935,0.481,6
0.537,0.556,276000,0.446,0,0.0,1,0.201,-8.328,1,47,0.03,96.043,0.307,2
0.974,0.581,187867,0.0583,0,0.0,9,0.183,-23.131,1,4,0.125,112.949,0.219,9
0.5920000000000001,0.679,106600,0.247,0,0.0,6,0.28800000000000003,-22.594,1,0,0.952,76.947,0.6,9
0.94,0.373,416493,0.107,0,0.117,1,0.0765,-18.101,1,16,0.0388,177.16,0.0393,6
0.625,0.721,145027,0.329,0,1.7899999999999998e-05,0,0.0978,-10.371,1,7,0.0307,117.864,0.508,7
0.991,0.116,284735,0.17800000000000002,0,0.804,4,0.902,-21.844,0,0,0.0427,83.15799999999999,0.0377,10
0.901,0.625,148167,0.29600000000000004,0,0.649,4,0.107,-15.46,1,0,0.0431,122.111,0.384,8
0.0225,0.7190000000000001,187747,0.7120000000000001,1,0.0,8,0.0442,-5.242000000000001,1,60,0.221,96.997,0.419,1
0.987,0.537,194960,0.363,0,0.185,1,0.273,-7.824,1,0,0.0344,80.986,0.568,9
0.993,0.62,203015,0.261,0,0.0016,9,0.209,-10.647,0,0,0.5710000000000001,73.687,0.5820000000000001,7
0.981,0.285,512800,0.0781,0,0.917,5,0.0937,-23.975,1,21,0.043,81.858,0.187,4
0.8440000000000001,0.5489999999999999,532560,0.46,0,0.0124,7,0.285,-11.973,1,5,0.0314,93.555,0.745,7
0.996,0.491,205440,0.0583,0,0.376,0,0.13699999999999998,-17.785,1,19,0.0431,166.27,0.556,10
0.838,0.193,454827,0.071,0,0.8959999999999999,1,0.14300000000000002,-21.279,0,36,0.0396,119.765,0.0372,3
0.7559999999999999,0.267,410547,0.16399999999999998,0,0.826,9,0.161,-17.529,1,0,0.045,177.407,0.263,8
0.00182,0.377,260107,0.8390000000000001,1,0.0157,6,0.153,-6.425,1,50,0.0445,94.78,0.34600000000000003,3
0.0122,0.476,115267,0.863,0,0.00414,7,0.156,-7.4,1,34,0.0397,190.524,0.961,3
0.995,0.434,182773,0.322,0,0.883,10,0.128,-15.618,1,0,0.0497,203.564,0.745,10
0.131,0.72,183027,0.884,0,1.16e-05,7,0.281,-6.23,1,26,0.0337,112.696,0.8859999999999999,4
0.0281,0.468,212107,0.627,0,7.97e-06,6,0.11,-5.085,1,79,0.0476,179.642,0.159,1
0.0463,0.772,325640,0.654,0,5e-05,2,0.222,-10.493,1,50,0.0459,129.696,0.962,4
0.134,0.607,190773,0.4920000000000001,0,0.00123,11,0.141,-11.403,1,28,0.057,86.53,0.653,5
0.0412,0.831,226800,0.765,1,0.0,6,0.35200000000000004,-5.6610000000000005,0,45,0.273,90.995,0.523,3
0.953,0.224,195747,0.284,0,0.853,0,0.128,-10.203,0,15,0.0349,72.961,0.0933,7
0.487,0.473,128000,0.344,0,0.0,10,0.0716,-14.313,1,25,0.0349,145.286,0.802,6
0.00872,0.433,287133,0.8079999999999999,0,0.0235,2,0.45,-9.263,0,46,0.0516,132.536,0.18600000000000005,3
0.993,0.397,197960,0.398,0,0.0132,5,0.0987,-9.825,1,0,0.0517,97.722,0.536,9
0.0193,0.443,162667,0.969,0,2.58e-05,8,0.1,-3.774,1,37,0.0945,103.524,0.625,3
0.0769,0.476,220587,0.6779999999999999,0,0.00188,3,0.142,-11.967,1,25,0.0433,90.607,0.71,5
0.969,0.655,166827,0.157,0,0.887,5,0.112,-17.057000000000002,0,11,0.0622,83.572,0.406,7
0.0756,0.7170000000000001,159613,0.68,0,0.000138,9,0.396,-10.667,1,35,0.0519,123.592,0.912,4
0.991,0.29600000000000004,182773,0.281,0,0.818,2,0.344,-14.564,1,0,0.0363,115.758,0.505,7
0.28600000000000003,0.556,243707,0.669,0,4.01e-06,2,0.631,-7.725,0,42,0.244,167.26,0.882,5
0.7040000000000001,0.677,358760,0.382,0,0.123,0,0.098,-11.154000000000002,1,23,0.0408,115.189,0.7290000000000001,6
0.467,0.542,279280,0.4920000000000001,0,0.00105,2,0.0863,-11.927,1,55,0.0256,103.064,0.58,6
0.969,0.534,185733,0.0899,0,1.32e-06,6,0.158,-21.412,1,25,0.0935,62.201,0.4920000000000001,5
0.988,0.65,148707,0.111,0,0.78,1,0.0886,-19.037,0,0,0.0795,108.19,0.49,8
0.757,0.2,194867,0.138,0,1.3e-05,10,0.184,-16.391,1,12,0.0328,169.997,0.129,6
0.99,0.236,189507,0.136,0,0.00232,9,0.0893,-25.278,0,8,0.0441,93.456,0.136,6
0.411,0.705,184400,0.429,1,0.0245,7,0.233,-15.091,1,48,0.0609,110.389,0.775,5
0.0034100000000000003,0.269,366840,0.927,0,0.479,0,0.645,-6.377000000000002,0,34,0.0673,161.852,0.545,5
0.00366,0.799,595520,0.7879999999999999,0,0.0399,1,0.0558,-7.061,1,23,0.04,116.635,0.7709999999999999,5
0.455,0.471,227747,0.31,0,3.16e-06,2,0.289,-11.583,1,48,0.024,147.686,0.274,3
0.34600000000000003,0.8390000000000001,235373,0.623,0,0.0138,1,0.314,-13.712,1,51,0.108,103.799,0.6679999999999999,4
0.989,0.418,192520,0.292,0,0.893,9,0.121,-11.949000000000002,0,0,0.038,88.637,0.436,8
0.213,0.177,110800,0.775,0,0.62,2,0.275,-6.454,1,25,0.0493,208.615,0.495,5
0.414,0.58,225012,0.941,0,1.41e-05,7,0.155,-3.51,1,46,0.0805,119.844,0.684,4
0.973,0.138,625680,0.0967,0,0.919,4,0.0605,-22.356,1,44,0.0386,65.605,0.0384,6
0.987,0.215,605933,0.18,0,0.0116,3,0.107,-17.337,1,1,0.0531,79.07300000000002,0.0845,7
0.379,0.349,329041,0.331,0,0.00293,2,0.181,-13.681,1,26,0.0328,88.855,0.373,6
0.0612,0.7290000000000001,224320,0.894,0,0.0,0,0.36,-4.0539999999999985,1,67,0.0798,101.053,0.757,1
0.386,0.371,266533,0.609,0,0.0,11,0.104,-5.524,1,70,0.0295,136.526,0.426,3
0.807,0.324,256173,0.237,0,5.84e-06,0,0.157,-12.311,1,13,0.0371,68.311,0.327,7
0.333,0.434,206733,0.45,0,2.05e-05,9,0.0844,-10.347,1,45,0.0599,171.77,0.485,5
0.0963,0.63,172253,0.754,0,0.0,2,0.268,-3.564,1,74,0.0284,95.999,0.73,1
0.956,0.244,212480,0.0803,0,0.00387,1,0.191,-20.5,1,30,0.0396,148.674,0.147,6
0.782,0.629,638560,0.194,0,0.0114,11,0.108,-14.595,0,32,0.0509,122.062,0.307,5
0.973,0.45,295253,0.0533,0,0.8290000000000001,3,0.181,-19.282,1,41,0.0357,104.326,0.098,7
0.0286,0.522,310533,0.738,0,5.8e-06,0,0.4,-6.422999999999999,1,50,0.031,142.702,0.461,3
0.1,0.601,173640,0.652,1,0.0322,7,0.264,-6.634,1,42,0.08199999999999999,102.208,0.469,3
0.8340000000000001,0.436,213493,0.195,0,4.62e-06,7,0.132,-14.934,1,18,0.0357,97.682,0.252,6
0.00141,0.493,185693,0.4920000000000001,0,0.101,2,0.234,-12.917,1,41,0.0383,120.455,0.28800000000000003,5
0.96,0.451,166573,0.075,0,1.21e-06,7,0.1,-18.73,0,30,0.0369,99.421,0.247,7
