0.816,0.8079999999999999,80573,0.262,0,4.87e-06,4,0.0386,-18.768,0,2,0.34600000000000003,126.287,0.507,7
0.906,0.6940000000000001,202493,0.36,0,0.88,0,0.109,-11.686,1,0,0.043,102.911,0.527,9
0.7240000000000001,0.568,136533,0.501,0,0.0,1,0.133,-12.058,1,17,0.0466,141.594,0.591,6
0.431,0.721,147560,0.753,0,0.0,2,0.0567,-10.704,1,13,0.0625,103.222,0.966,6
0.457,0.479,125093,0.416,0,1.7199999999999998e-05,4,0.118,-11.451,0,77,0.124,79.593,0.514,5
0.00124,0.465,348933,0.804,0,0.0457,11,0.541,-5.5420000000000025,1,46,0.0368,116.005,0.109,2
0.14800000000000002,0.44,257600,0.931,0,0.0,9,0.163,-7.205,1,51,0.0592,144.628,0.772,4
0.179,0.337,261907,0.514,0,0.0,5,0.344,-11.598,1,36,0.0428,203.072,0.723,4
0.983,0.684,248198,0.35200000000000004,0,0.0,10,0.278,-8.28,1,9,0.0448,116.484,0.442,7
0.996,0.63,143240,0.12,0,0.8490000000000001,3,0.115,-22.139,1,0,0.121,128.05700000000002,0.627,10
0.147,0.7490000000000001,180907,0.748,0,1.51e-05,0,0.265,-5.783,1,49,0.0311,110.437,0.745,2
0.539,0.487,312560,0.304,0,0.0,2,0.152,-15.082,0,60,0.0953,177.747,0.449,4
0.961,0.462,143440,0.279,0,0.0,10,0.109,-11.127,1,9,0.0495,131.575,0.722,7
0.147,0.378,243707,0.653,0,2.1600000000000007e-05,11,0.102,-7.427,0,38,0.0339,112.704,0.483,2
0.223,0.619,231800,0.8959999999999999,0,0.0,9,0.101,-4.2330000000000005,0,67,0.0315,136.648,0.952,2
0.0539,0.635,186067,0.529,0,0.116,2,0.106,-11.1,1,49,0.036000000000000004,136.398,0.846,5
0.481,0.737,193065,0.8690000000000001,0,0.0,2,0.308,-5.433,1,62,0.0267,126.628,0.898,3
0.316,0.877,190827,0.638,0,1.24e-05,10,0.0695,-4.03,1,23,0.133,94.599,0.897,7
0.619,0.57,124970,0.473,0,0.0,1,0.134,-11.633,1,0,0.0456,114.694,0.961,8
0.235,0.7829999999999999,182370,0.596,0,0.0,7,0.0427,-10.056,1,45,0.0676,127.576,0.88,5
0.11,0.6920000000000001,197373,0.794,0,0.0,2,0.138,-6.629,1,42,0.11,131.999,0.464,2
0.107,0.677,274467,0.722,0,0.00912,2,0.366,-7.858,0,53,0.0258,133.472,0.7659999999999999,4
0.0067,0.8109999999999999,307000,0.53,0,0.0285,2,0.0801,-8.537,0,47,0.0355,107.853,0.75,3
0.865,0.642,297920,0.33,0,3.99e-05,7,0.24,-10.505999999999998,1,0,0.0714,130.355,0.648,7
0.284,0.483,146267,0.177,0,0.499,2,0.116,-17.629,1,57,0.0277,74.994,0.192,6
0.14300000000000002,0.644,131540,0.297,1,0.0,2,0.114,-13.283,1,0,0.949,85.751,0.618,10
0.313,0.489,300400,0.7240000000000001,0,0.185,5,0.287,-8.367,1,77,0.0352,117.292,0.15,5
0.00607,0.401,464720,0.943,0,0.00427,2,0.16899999999999998,-4.4860000000000015,1,41,0.0757,100.028,0.165,2
0.403,0.745,166600,0.6,0,0.0,8,0.0595,-7.285,1,57,0.18,110.275,0.706,1
0.221,0.5720000000000001,232973,0.6629999999999999,0,0.0,4,0.29100000000000004,-5.4179999999999975,1,53,0.0274,140.253,0.455,1
0.316,0.266,203627,0.5379999999999999,0,0.884,9,0.506,-13.375,1,16,0.0319,187.825,0.7959999999999999,6
0.795,0.512,682467,0.274,0,0.00242,5,0.5539999999999999,-18.993,0,15,0.0452,103.147,0.737,7
0.379,0.523,243947,0.5379999999999999,0,0.0173,3,0.121,-4.185,0,42,0.0271,115.066,0.0639,2
2.9100000000000013e-05,0.366,225333,0.898,0,0.106,0,0.14800000000000002,-6.8020000000000005,1,39,0.0946,123.408,0.284,4
0.996,0.434,183133,0.111,0,0.885,8,0.38,-19.589,1,0,0.0456,78.935,0.145,10
0.82,0.438,214347,0.212,0,0.0,0,0.116,-14.081,1,27,0.0447,115.453,0.377,7
0.000205,0.662,299907,0.871,0,0.882,11,0.094,-12.68,0,33,0.0429,117.492,0.71,4
0.000315,0.196,137960,0.946,0,0.522,7,0.35700000000000004,-5.31,1,29,0.0523,117.944,0.448,4
0.8959999999999999,0.81,166440,0.14400000000000002,0,0.371,10,0.125,-18.076,0,42,0.0532,118.792,0.431,6
0.78,0.847,137787,0.737,0,0.00313,7,0.113,-7.141,1,21,0.0457,128.37,0.7490000000000001,7
0.7340000000000001,0.603,225680,0.594,0,0.00011,4,0.171,-11.904000000000002,1,22,0.0561,99.921,0.672,4
0.625,0.416,161627,0.597,0,0.147,5,0.31,-13.959,1,25,0.0336,123.772,0.813,4
0.183,0.455,510120,0.409,0,1.03e-05,5,0.111,-15.078,0,9,0.0424,123.222,0.758,7
0.701,0.4320000000000001,154280,0.188,0,0.00317,2,0.106,-15.931,1,38,0.0304,106.316,0.194,4
0.6659999999999999,0.354,138933,0.366,0,0.0,5,0.16699999999999998,-10.799,0,28,0.0345,111.057,0.585,6
0.962,0.331,247246,0.23,0,0.0443,10,0.145,-12.743,1,0,0.0456,69.296,0.14400000000000002,7
0.8079999999999999,0.696,173400,0.455,0,0.00187,2,0.368,-11.223,1,14,0.159,113.852,0.927,7
0.6990000000000001,0.705,172547,0.187,0,0.0,9,0.179,-12.014,0,24,0.0369,110.85,0.5,7
0.594,0.807,235480,0.555,0,1.36e-06,10,0.102,-4.499,1,61,0.0497,92.706,0.97,2
0.815,0.452,164107,0.546,0,0.306,5,0.16899999999999998,-9.706,0,6,0.036000000000000004,95.614,0.899,7
0.597,0.409,132789,0.0299,0,0.915,9,0.0625,-25.256,0,2,0.0577,134.49,0.0531,8
0.415,0.358,158160,0.86,0,0.0933,4,0.14300000000000002,-8.617,0,28,0.0973,111.843,0.794,6
0.561,0.632,314027,0.679,0,0.00181,0,0.344,-8.652000000000001,1,48,0.0322,158.644,0.831,2
0.37,0.687,376426,0.339,0,3.88e-06,0,0.307,-11.935,0,36,0.0381,119.822,0.344,3
0.995,0.561,32107,0.177,0,0.928,0,0.14400000000000002,-22.015,0,0,0.0428,139.219,0.665,8
0.256,0.348,228373,0.789,0,0.0419,7,0.368,-13.916,0,40,0.0329,89.26799999999999,0.369,4
0.536,0.7120000000000001,230414,0.181,0,5.6299999999999986e-05,11,0.227,-21.926,0,0,0.947,124.268,0.384,9
0.975,0.384,374387,0.184,0,0.00925,10,0.239,-13.791,1,0,0.0415,136.501,0.507,7
0.11,0.691,216573,0.632,0,5.400000000000001e-05,7,0.117,-10.227,1,48,0.0293,112.485,0.7829999999999999,3
0.263,0.72,97700,0.17800000000000002,1,0.0,1,0.463,-21.736,1,0,0.858,123.679,0.7120000000000001,10
0.805,0.498,180093,0.236,0,0.0,7,0.297,-9.633,1,51,0.0324,131.73,0.706,2
0.258,0.784,206309,0.568,0,7.42e-06,9,0.0926,-7.0429999999999975,1,45,0.0507,112.075,0.8690000000000001,2
2.27e-05,0.417,222627,0.935,1,0.000937,4,0.292,-3.505,1,48,0.102,135.957,0.254,2
0.61,0.324,46533,0.353,1,0.0,4,0.903,-18.873,1,46,0.09,113.898,0.848,3
0.994,0.5770000000000001,186093,0.116,0,0.897,7,0.107,-20.037,1,9,0.0494,63.243,0.412,7
0.461,0.4270000000000001,206387,0.465,0,5.520000000000003e-05,6,0.154,-6.595,1,67,0.0291,112.137,0.458,1
0.99,0.433,198000,0.252,0,1.17e-05,11,0.132,-11.9,1,0,0.033,88.756,0.181,9
0.00304,0.518,279300,0.953,0,0.131,9,0.101,-4.148,0,43,0.0451,155.089,0.736,3
0.8540000000000001,0.482,254427,0.479,0,0.0146,4,0.238,-9.421,0,50,0.0291,133.937,0.223,5
0.6890000000000001,0.523,338387,0.304,0,0.0242,3,0.106,-12.081,1,51,0.0333,120.392,0.114,5
0.244,0.7859999999999999,151667,0.857,0,0.0,0,0.28,-3.906,1,36,0.0808,95.919,0.962,5
0.0351,0.234,283667,0.8270000000000001,0,0.334,9,0.409,-11.614,1,24,0.102,187.09,0.417,4
0.156,0.52,243493,0.737,0,7.55e-06,0,0.0866,-11.715,1,57,0.0972,149.861,0.728,5
0.00328,0.466,120227,0.691,0,6.2e-06,0,0.0538,-9.979,1,20,0.065,168.74599999999995,0.812,6
0.261,0.482,140964,0.634,0,1.59e-06,1,0.204,-7.971,0,64,0.0847,139.046,0.7140000000000001,1
0.989,0.374,237000,0.112,0,0.0,10,0.157,-15.183,1,3,0.0582,93.65,0.327,10
0.922,0.196,166495,0.268,0,0.004529999999999999,5,0.831,-12.271,1,1,0.0396,162.065,0.284,7
3.3e-06,0.439,176600,0.894,0,0.0211,6,0.0905,-6.396,0,52,0.0517,96.106,0.591,2
0.7490000000000001,0.471,327173,0.341,0,0.0,5,0.405,-9.425,0,3,0.16899999999999998,117.595,0.341,7
0.957,0.159,252293,0.105,0,0.534,8,0.106,-21.737,1,13,0.0369,108.324,0.0399,7
0.84,0.5589999999999999,239933,0.15,0,0.736,0,0.116,-17.569000000000006,1,41,0.0474,148.11,0.182,5
0.3,0.527,267029,0.444,0,2.31e-05,5,0.13,-8.757,1,48,0.0268,135.922,0.173,2
0.91,0.5760000000000001,94973,0.466,0,0.000456,8,0.268,-13.358,1,9,0.0655,120.11,0.887,6
0.938,0.221,190773,0.264,0,6.36e-06,8,0.132,-12.58,1,0,0.0352,79.13600000000002,0.328,8
0.0348,0.422,311093,0.7509999999999999,0,0.000161,2,0.988,-6.949,1,36,0.0483,79.566,0.321,5
0.215,0.6659999999999999,148979,0.625,0,0.0,4,0.0891,-12.861,1,25,0.0529,88.904,0.8640000000000001,5
0.6579999999999999,0.242,154173,0.436,0,0.0,5,0.324,-7.528,1,42,0.0367,69.182,0.345,7
0.188,0.737,172533,0.804,0,5.43e-06,1,0.0347,-4.59,0,42,0.0297,117.105,0.966,2
0.983,0.343,201960,0.544,0,0.872,10,0.215,-8.355,0,0,0.0713,212.325,0.826,8
0.5329999999999999,0.797,211120,0.75,1,0.108,0,0.095,-9.369,1,69,0.247,177.87,0.74,2
0.835,0.654,259307,0.452,0,2.89e-05,2,0.16,-9.709,1,62,0.03,106.662,0.691,7
0.0399,0.823,225227,0.563,1,0.0,6,0.0851,-5.095,1,73,0.0443,98.031,0.682,1
0.00451,0.451,384733,0.968,0,0.262,2,0.211,-7.0939999999999985,1,35,0.0543,128.684,0.5770000000000001,5
0.46,0.636,239893,0.517,0,1.84e-05,0,0.0753,-8.998,1,29,0.0348,165.282,0.855,5
0.313,0.603,314160,0.506,0,0.00085,8,0.0604,-8.17,1,35,0.0291,82.95,0.202,3
0.7290000000000001,0.547,173113,0.19,0,0.0,4,0.14400000000000002,-17.320999999999998,1,13,0.301,203.55,0.483,6
0.956,0.629,57053,0.18600000000000005,0,0.552,5,0.0712,-18.66,1,0,0.336,67.51100000000001,0.16,7
0.237,0.396,232560,0.28,0,7.170000000000001e-05,0,0.133,-12.48,1,46,0.0409,73.293,0.223,4
0.102,0.7240000000000001,218133,0.779,0,0.00152,9,0.129,-10.036,1,45,0.037000000000000005,123.934,0.93,4
0.131,0.504,191307,0.498,1,0.0,0,0.0929,-8.24,1,76,0.0499,87.221,0.196,0
0.8420000000000001,0.555,94907,0.404,0,0.0,7,0.218,-14.187,0,57,0.0621,120.509,0.736,4
0.995,0.509,97867,0.185,0,0.934,7,0.188,-25.386,1,0,0.0652,122.138,0.928,8
0.0358,0.638,199813,0.43,0,0.17,4,0.275,-8.997,0,42,0.0288,87.589,0.316,2
0.802,0.57,322187,0.388,0,0.0041600000000000005,5,0.0403,-12.89,0,10,0.0302,138.47799999999998,0.56,6
0.815,0.7,188639,0.422,0,5.87e-06,2,0.237,-8.709,1,40,0.0506,122.544,0.97,3
0.601,0.481,264280,0.4270000000000001,0,4.74e-06,4,0.0876,-9.378,1,0,0.0319,73.078,0.399,9
0.331,0.391,244227,0.542,0,1.53e-06,9,0.202,-13.158,1,27,0.102,186.859,0.652,5
0.0275,0.687,142769,0.721,0,0.0104,7,0.36,-5.7570000000000014,1,52,0.0349,136.635,0.614,1
0.975,0.102,202267,0.361,0,0.0499,3,0.0943,-7.68,1,4,0.0346,69.69800000000001,0.0592,7
0.255,0.723,108900,0.14,1,0.0,11,0.266,-17.782,0,0,0.901,124.107,0.78,9
0.305,0.555,168693,0.442,0,0.0,2,0.127,-13.296,1,30,0.0306,123.911,0.7929999999999999,6
0.727,0.456,203107,0.4370000000000001,0,1.6e-06,2,0.46,-9.599,0,43,0.258,200.316,0.7659999999999999,2
0.68,0.489,213290,0.245,0,0.166,0,0.125,-14.517,1,0,0.0407,104.954,0.36,8
0.00446,0.363,304829,0.542,0,7.509999999999998e-05,0,0.332,-5.644,1,58,0.0322,130.82,0.25,1
0.266,0.928,290987,0.638,0,0.0,11,0.103,-5.138,0,52,0.0472,124.991,0.952,2
0.0227,0.425,267387,0.795,0,0.0174,2,0.0685,-5.37,1,40,0.0478,148.414,0.3670000000000001,3
0.981,0.649,173767,0.128,0,0.899,2,0.121,-21.404,1,0,0.0781,122.961,0.517,9
0.603,0.541,209627,0.6659999999999999,0,0.00399,0,0.0912,-7.768,1,44,0.0277,147.055,0.955,3
0.0374,0.928,177866,0.392,1,0.0,3,0.107,-7.537000000000001,0,69,0.0563,102.023,0.454,1
0.4,0.601,336707,0.379,0,0.83,8,0.0772,-18.806,1,33,0.0278,105.794,0.775,5
0.794,0.39,330533,0.31,0,0.0,5,0.379,-14.545,1,65,0.0676,177.515,0.584,6
0.525,0.209,411040,0.322,0,0.000136,9,0.129,-11.376,1,48,0.0311,141.188,0.0758,2
0.354,0.5920000000000001,189813,0.509,0,0.000681,2,0.14,-10.832,1,32,0.0477,177.12,0.862,3
0.995,0.261,206500,0.0411,0,0.929,1,0.101,-26.863000000000003,1,67,0.0622,199.838,0.235,0
0.243,0.545,259053,0.698,0,0.0,5,0.102,-4.272,1,49,0.0308,72.449,0.407,1
0.17800000000000002,0.5920000000000001,251827,0.4270000000000001,0,0.0,7,0.153,-10.198,1,41,0.0252,109.908,0.387,2
0.391,0.255,174333,0.358,0,0.0,4,0.0808,-13.487,1,32,0.0301,186.68,0.636,3
0.0562,0.342,450333,0.8190000000000001,0,0.0338,4,0.145,-6.885,0,53,0.0524,127.102,0.537,5
0.696,0.574,191112,0.344,0,0.0,5,0.104,-5.363,1,40,0.124,186.983,0.962,3
0.508,0.551,307507,0.418,0,0.0355,0,0.174,-10.265,1,39,0.0377,76.73100000000002,0.202,5
0.7490000000000001,0.422,245213,0.632,0,1.25e-06,9,0.594,-7.121,0,54,0.0779,134.715,0.81,6
0.0279,0.787,165800,0.38,0,0.623,4,0.185,-11.264,1,24,0.0757,120.897,0.6970000000000001,6
0.591,0.389,188027,0.52,0,0.0,2,0.149,-8.661,1,21,0.032,96.996,0.564,6
0.613,0.765,232480,0.507,0,2.23e-06,2,0.1,-2.373,1,56,0.0391,90.123,0.968,2
0.00405,0.7559999999999999,233293,0.915,0,0.000171,8,0.0371,-6.0939999999999985,1,61,0.0371,124.97,0.741,3
0.898,0.547,164147,0.0992,0,4.17e-06,10,0.103,-16.791,0,17,0.0795,97.194,0.28800000000000003,7
0.887,0.525,164006,0.642,0,5.01e-06,7,0.141,-9.139,1,11,0.0561,102.589,0.514,6
0.954,0.392,457187,0.249,0,0.0399,2,0.196,-15.267,1,0,0.0415,77.26899999999998,0.519,8
0.511,0.598,128040,0.589,0,1.17e-05,5,0.307,-10.665,0,24,0.0328,97.564,0.728,6
0.948,0.292,153253,0.195,0,0.104,2,0.297,-14.436,1,1,0.0416,100.905,0.326,8
0.907,0.359,136587,0.145,0,0.000349,0,0.157,-15.890999999999998,1,24,0.0386,108.884,0.256,6
0.8440000000000001,0.833,156138,0.233,0,0.0005269999999999999,11,0.0592,-17.796,0,17,0.348,90.891,0.912,6
0.0234,0.226,322000,0.542,0,0.101,2,0.397,-12.078,1,23,0.0581,171.584,0.364,6
0.33,0.472,313133,0.743,0,5.03e-05,2,0.0955,-7.226,1,53,0.0443,171.92,0.947,3
0.0171,0.438,153093,0.816,0,0.0,1,0.382,-7.572999999999999,1,43,0.0564,148.244,0.644,3
0.994,0.621,176613,0.0281,0,2.95e-06,7,0.324,-21.273000000000003,1,3,0.07200000000000001,105.501,0.389,9
0.5479999999999999,0.79,244067,0.455,0,0.000105,9,0.108,-11.039,1,44,0.0536,119.49,0.405,4
0.381,0.616,285291,0.505,0,0.00115,1,0.161,-9.307,1,57,0.058,139.95600000000002,0.228,1
0.00864,0.731,258467,0.355,0,5.14e-05,8,0.0579,-12.741,1,56,0.0603,175.72,0.529,3
0.0293,0.556,219596,0.723,1,0.0,0,0.13,-5.337999999999999,1,58,0.149,110.628,0.555,1
0.028,0.518,325573,0.769,0,5.31e-05,2,0.962,-8.696,1,47,0.102,122.783,0.5710000000000001,4
0.87,0.727,197773,0.28,0,0.000554,2,0.374,-20.131,1,0,0.4270000000000001,89.56200000000004,0.813,9
0.825,0.279,281773,0.19,0,9.62e-06,2,0.0741,-13.202,1,37,0.0371,170.886,0.168,3
0.103,0.76,231827,0.703,0,0.0,5,0.0913,-5.412000000000001,1,58,0.054000000000000006,95.997,0.57,1
0.914,0.465,204560,0.5920000000000001,0,0.00454,5,0.604,-7.292000000000002,1,0,0.199,104.792,0.7879999999999999,8
0.943,0.509,126760,0.411,0,0.0005650000000000001,11,0.799,-10.114,1,1,0.0601,133.241,0.61,7
0.246,0.907,298307,0.695,1,0.0,11,0.0808,-6.268,0,61,0.135,101.007,0.961,2
0.000722,0.414,260973,0.8270000000000001,0,2.88e-05,9,0.056,-10.461,0,32,0.0444,95.091,0.508,3
0.995,0.387,191893,0.102,0,0.943,8,0.19,-19.528,1,0,0.0411,111.63,0.258,10
0.145,0.387,199367,0.665,0,0.0016699999999999998,1,0.092,-11.323,0,57,0.225,174.896,0.541,5
0.991,0.8290000000000001,175493,0.199,0,6.54e-06,10,0.119,-9.2,0,0,0.0619,116.214,0.6809999999999999,10
0.901,0.409,296507,0.16899999999999998,0,6.88e-06,0,0.67,-15.1,1,0,0.17600000000000002,84.41,0.293,7
0.255,0.764,122079,0.197,1,0.0,7,0.319,-21.428,1,0,0.83,95.377,0.748,10
0.00603,0.436,119307,0.924,1,0.0,4,0.278,-6.015,1,46,0.0797,117.426,0.448,3
0.484,0.44,270536,0.519,0,4.01e-06,3,0.0955,-8.545,1,49,0.0609,190.477,0.897,3
0.371,0.378,163987,0.633,0,0.096,1,0.13,-9.268,1,7,0.0356,97.731,0.8009999999999999,7
0.8059999999999999,0.431,142533,0.6579999999999999,0,8.83e-06,10,0.341,-12.534,1,30,0.0448,126.624,0.412,6
0.893,0.442,176520,0.25,0,1.76e-05,10,0.103,-13.017,1,52,0.0314,138.906,0.285,6
0.00953,0.635,242707,0.664,0,0.00045,0,0.0788,-5.629,1,49,0.23,120.015,0.7070000000000001,1
0.151,0.218,181000,0.6990000000000001,0,0.971,9,0.117,-9.869,1,41,0.0549,112.937,0.0392,4
0.988,0.591,194573,0.0252,0,1.23e-05,4,0.0995,-15.214,0,49,0.0465,69.382,0.34700000000000003,3
0.7,0.574,171442,0.563,0,1.09e-06,2,0.145,-6.7970000000000015,1,2,0.0775,101.324,0.961,9
0.907,0.29100000000000004,181867,0.337,0,0.29,9,0.152,-8.996,0,12,0.0319,174.78799999999995,0.276,7
0.0184,0.818,239373,0.7020000000000001,0,0.0901,5,0.0489,-7.334,1,47,0.0409,142.224,0.974,4
0.265,0.696,177587,0.763,0,0.0,2,0.0739,-3.037,1,47,0.0331,102.927,0.7190000000000001,2
0.022,0.629,217955,0.6920000000000001,0,0.000193,9,0.273,-11.734000000000002,1,35,0.0265,127.095,0.922,4
0.928,0.627,169080,0.0973,0,0.0,2,0.301,-14.234000000000002,0,3,0.0514,124.364,0.614,9
0.7909999999999999,0.518,202787,0.394,0,0.0,8,0.303,-9.445,1,40,0.136,205.546,0.97,3
0.6729999999999999,0.747,167267,0.463,0,0.0,5,0.0572,-11.208,0,21,0.0358,126.965,0.8490000000000001,6
0.951,0.266,137853,0.201,0,0.037000000000000005,5,0.0932,-14.947,1,50,0.0391,76.495,0.119,2
0.29,0.742,128000,0.604,0,0.0,7,0.142,-7.556,1,44,0.0795,121.414,0.87,2
0.987,0.35700000000000004,232227,0.135,0,0.00237,0,0.133,-16.315,1,0,0.0497,100.223,0.0636,8
0.639,0.315,449000,0.637,0,3.3799999999999995e-05,0,0.123,-9.615,1,45,0.0676,84.79899999999998,0.494,5
0.322,0.5429999999999999,678200,0.414,0,0.00127,5,0.0685,-15.35,0,48,0.0513,110.946,0.5589999999999999,5
0.239,0.701,559533,0.856,1,0.0,11,0.106,-5.465,1,61,0.219,83.98200000000001,0.563,1
0.989,0.447,212973,0.0379,0,0.0355,5,0.14400000000000002,-20.24,1,1,0.0696,98.54,0.185,7
0.403,0.506,208213,0.18600000000000005,0,0.00253,10,0.117,-11.947,1,39,0.0447,124.407,0.5660000000000001,3
0.987,0.35100000000000003,393080,0.131,0,0.903,9,0.0853,-20.487,1,0,0.0402,88.348,0.114,8
0.615,0.735,211666,0.8240000000000001,0,0.0,10,0.158,-4.143,0,62,0.036000000000000004,100.202,0.726,2
0.6459999999999999,0.521,190493,0.464,0,3.42e-06,7,0.368,-3.883,1,40,0.025,85.486,0.263,5
0.0404,0.677,229267,0.616,0,1.76e-05,2,0.0704,-13.019,1,28,0.0306,125.969,0.8240000000000001,5
0.28800000000000003,0.745,218613,0.45,0,0.0,4,0.0538,-9.121,1,52,0.0354,133.952,0.807,2
0.873,0.408,162773,0.397,0,0.0,9,0.28,-12.536,1,40,0.03,72.615,0.6970000000000001,2
0.34700000000000003,0.6859999999999999,28800,0.147,0,1e-06,9,0.106,-17.148,1,1,0.945,98.916,0.129,9
0.0444,0.7,249467,0.758,1,1.3e-05,10,0.0401,-3.012,0,66,0.342,78.693,0.889,2
0.209,0.799,147040,0.528,0,2.38e-06,10,0.0254,-10.809,1,26,0.0545,120.884,0.955,6
0.0825,0.508,171147,0.8320000000000001,0,2.59e-05,10,0.238,-8.31,1,24,0.036000000000000004,107.168,0.858,6
0.253,0.708,339310,0.667,0,0.000692,8,0.0878,-7.934,1,51,0.0418,115.987,0.634,1
0.475,0.6679999999999999,195744,0.628,0,0.0,2,0.258,-4.14,1,46,0.0799,134.467,0.923,3
0.0527,0.68,169587,0.888,0,2.82e-06,9,0.0575,-5.308,1,64,0.055,90.076,0.484,1
2.1600000000000007e-05,0.21,148440,0.93,0,0.119,2,0.205,-8.252,1,28,0.0595,172.40400000000002,0.75,5
0.49,0.5920000000000001,244708,0.46,0,0.0,4,0.0918,-11.275,1,40,0.0901,136.132,0.812,2
0.326,0.77,343987,0.52,0,0.000429,10,0.158,-11.075,1,19,0.054000000000000006,121.523,0.677,6
0.935,0.466,158360,0.252,0,1.75e-06,3,0.171,-17.869,1,30,0.0416,140.97,0.338,7
0.914,0.688,107333,0.379,0,0.0,11,0.696,-10.432,1,57,0.914,93.017,0.406,1
0.961,0.586,205907,0.4270000000000001,0,0.541,10,0.404,-8.947000000000003,1,2,0.0686,120.884,0.8270000000000001,9
0.00324,0.631,287240,0.946,0,0.713,1,0.14400000000000002,-7.737999999999999,0,39,0.0572,123.373,0.8140000000000001,5
0.0002,0.431,311440,0.877,0,0.000252,10,0.152,-4.762,0,50,0.0704,148.298,0.262,2
0.942,0.461,192960,0.173,0,0.888,7,0.5479999999999999,-11.876,0,7,0.0306,83.50299999999999,0.24,9
0.00403,0.459,257170,0.617,1,0.573,5,0.633,-7.567,0,48,0.0285,91.469,0.133,2
0.958,0.196,262213,0.234,0,0.000145,3,0.269,-14.903,1,0,0.0415,84.834,0.0932,8
0.0712,0.4,240400,0.613,0,0.0114,4,0.227,-6.329,1,48,0.0338,207.576,0.521,2
0.0633,0.589,224630,0.892,0,0.0,2,0.149,-3.197,1,57,0.0365,131.951,0.76,2
0.931,0.472,256200,0.303,0,8.65e-06,10,0.208,-15.241,1,0,0.14300000000000002,141.685,0.399,7
0.000179,0.561,251480,0.871,0,0.237,0,0.0925,-5.48,1,30,0.0314,138.97799999999998,0.517,4
0.972,0.406,182133,0.823,0,0.0014199999999999998,2,0.328,-7.947999999999999,0,0,0.0507,129.476,0.674,8
0.121,0.774,178640,0.443,0,0.0,7,0.0764,-13.906,1,32,0.0363,89.132,0.8240000000000001,5
0.0147,0.475,159707,0.725,0,0.149,9,0.245,-8.741,1,20,0.0537,87.655,0.911,6
0.873,0.399,169667,0.16,0,0.0,4,0.185,-13.306,1,4,0.0347,135.55700000000002,0.279,8
0.583,0.617,260200,0.375,0,0.000134,10,0.114,-15.494000000000002,1,15,0.0562,113.986,0.83,7
0.365,0.629,151027,0.192,0,0.0,9,0.107,-13.163,1,39,0.084,141.457,0.7440000000000001,7
0.00299,0.61,211360,0.87,0,0.0,2,0.064,-4.012,0,62,0.0693,125.014,0.523,1
0.0371,0.727,356267,0.6659999999999999,0,0.128,8,0.157,-9.777,1,47,0.0334,129.995,0.564,3
0.6829999999999999,0.6459999999999999,176732,0.6809999999999999,1,4.84e-06,7,0.107,-5.847,1,74,0.0764,131.89600000000002,0.421,1
0.513,0.419,233960,0.473,0,3.52e-06,7,0.133,-8.192,0,65,0.0288,138.013,0.324,1
0.586,0.737,233427,0.575,0,0.00012,2,0.238,-11.687,1,31,0.0335,123.843,0.597,4
0.02,0.693,203387,0.7659999999999999,1,0.0,1,0.135,-4.121,1,50,0.104,129.989,0.785,1
0.989,0.332,266613,0.0584,0,0.9,3,0.114,-24.279,1,4,0.0394,97.994,0.109,10
0.0027,0.757,224800,0.685,0,0.000115,7,0.0357,-6.856,1,21,0.0274,131.22,0.838,5
0.765,0.506,177133,0.338,0,0.0,8,0.134,-14.093,0,24,0.0301,88.07799999999996,0.5589999999999999,5
0.102,0.281,296667,0.537,0,0.297,2,0.116,-8.147,1,51,0.0482,139.091,0.196,1
0.223,0.772,244200,0.821,1,0.0,11,0.14800000000000002,-0.14,0,70,0.25,91.921,0.77,3
0.382,0.8340000000000001,237680,0.868,0,0.0,8,0.203,-6.4979999999999976,0,53,0.0415,118.025,0.912,1
0.933,0.165,406336,0.989,0,0.992,2,0.695,-31.532,1,46,0.0539,112.713,1e-05,1
0.603,0.664,212602,0.149,0,0.000123,10,0.211,-10.607,1,44,0.0824,85.448,0.348,2
0.949,0.165,160867,0.116,0,0.00932,7,0.111,-20.893,1,4,0.0348,83.96,0.0789,8
0.0692,0.7609999999999999,200377,0.426,1,0.0,10,0.133,-11.968,0,64,0.334,155.001,0.141,1
0.996,0.609,177861,0.0278,0,0.703,9,0.113,-16.265,0,0,0.399,68.64699999999999,0.638,8
0.935,0.17,286813,0.0559,0,0.784,9,0.118,-21.059,1,42,0.0402,92.436,0.0348,4
0.493,0.544,240400,0.48,0,2.27e-05,7,0.0596,-9.76,1,36,0.0347,207.656,0.6829999999999999,4
0.613,0.698,230200,0.878,1,1.6100000000000002e-05,8,0.518,-0.307,1,48,0.314,182.126,0.821,2
0.978,0.334,403053,0.105,0,0.0544,7,0.105,-19.558,1,0,0.0478,132.553,0.16,7
0.0559,0.69,281413,0.5,0,0.0518,11,0.0834,-12.479,0,31,0.0584,124.958,0.215,5
0.738,0.6459999999999999,312013,0.7240000000000001,0,0.0208,10,0.115,-5.172999999999999,1,25,0.0562,114.944,0.904,5
0.118,0.564,221133,0.7959999999999999,0,0.0,0,0.0938,-3.698,1,70,0.0737,95.946,0.241,0
0.7340000000000001,0.384,130453,0.48,0,0.00181,9,0.114,-9.135,1,15,0.0338,185.852,0.6829999999999999,6
0.715,0.267,92120,0.317,0,0.00293,3,0.106,-12.251,0,22,0.0316,94.842,0.0385,5
0.985,0.411,248933,0.0487,0,0.918,10,0.0944,-25.68,1,50,0.0383,128.859,0.101,3
0.8640000000000001,0.7,172200,0.322,0,0.0,7,0.123,-14.241,1,39,0.0774,143.505,0.847,6
0.915,0.3720000000000001,195373,0.236,0,0.0135,1,0.153,-7.5710000000000015,0,9,0.0294,172.142,0.452,7
0.0498,0.8009999999999999,349080,0.388,0,0.00421,0,0.0525,-14.594,0,51,0.0354,108.071,0.736,4
0.984,0.35100000000000003,859160,0.278,0,0.8079999999999999,7,0.106,-13.713,1,0,0.0295,86.113,0.171,8
0.894,0.206,539413,0.241,0,0.867,0,0.299,-18.11,1,9,0.0433,73.35600000000002,0.145,7
0.192,0.33,315855,0.6509999999999999,0,2.68e-06,0,0.105,-8.731,1,43,0.0398,145.178,0.37,5
0.904,0.5379999999999999,203191,0.272,0,0.0006129999999999999,11,0.108,-10.783,1,56,0.0381,118.382,0.316,1
0.00569,0.836,319907,0.728,0,0.000819,10,0.0649,-12.058,0,53,0.234,100.842,0.599,4
2.4e-05,0.682,493827,0.607,1,0.384,11,0.17800000000000002,-12.646,0,39,0.0395,129.58,0.512,4
0.38,0.607,143467,0.399,0,0.000312,7,0.35600000000000004,-11.689,1,7,0.0293,113.729,0.706,7
0.63,0.224,286507,0.8029999999999999,0,0.935,1,0.0926,-10.739,1,43,0.0553,72.28699999999998,0.551,3
0.469,0.662,273533,0.591,0,4.08e-05,6,0.0482,-8.052999999999999,1,36,0.0555,120.318,0.96,5
0.0252,0.797,249693,0.388,0,0.0992,3,0.0548,-15.304,1,31,0.171,82.212,0.945,4
0.226,0.6729999999999999,203000,0.809,0,0.0,7,0.0603,-3.5210000000000004,1,42,0.0491,132.935,0.877,4
0.956,0.175,249427,0.133,0,0.000258,3,0.333,-17.925,1,14,0.0465,64.257,0.0911,6
0.789,0.475,206120,0.327,0,0.0,0,0.282,-12.78,0,27,0.18600000000000005,83.111,0.608,7
0.00986,0.494,169627,0.428,0,0.0584,4,0.127,-10.353,1,24,0.0305,121.188,0.8540000000000001,6
0.0287,0.705,235540,0.628,1,0.0193,5,0.0863,-5.362,0,62,0.0489,96.799,0.465,1
0.785,0.61,137893,0.622,0,3.9299999999999986e-05,8,0.145,-2.1180000000000003,1,19,0.0423,98.079,0.967,6
0.996,0.66,191173,0.184,0,0.941,10,0.305,-13.993,1,5,0.0322,107.328,0.43,10
0.12,0.5820000000000001,270693,0.467,0,0.0,10,0.298,-12.597,1,56,0.0391,165.21,0.879,4
0.982,0.389,263013,0.472,0,0.000421,7,0.359,-11.812,0,0,0.142,173.81900000000005,0.8170000000000001,9
0.8390000000000001,0.529,315947,0.33,0,0.0,10,0.0916,-9.333,0,53,0.0588,111.131,0.489,1
0.7609999999999999,0.501,184640,0.74,0,0.0,7,0.485,-7.771,1,16,0.0448,94.672,0.794,6
0.0113,0.36,348800,0.8809999999999999,0,0.0,0,0.0742,-6.815,0,56,0.048,84.861,0.295,3
0.0026,0.718,331706,0.93,0,0.0176,7,0.0363,-4.532,1,55,0.038,128.736,0.6970000000000001,4
0.0667,0.462,64720,0.977,0,0.0,8,0.8140000000000001,-3.238,1,22,0.198,131.144,0.664,4
0.958,0.701,171028,0.252,0,1.1e-05,11,0.0938,-10.844,1,66,0.0477,158.08700000000005,0.723,1
0.968,0.588,169773,0.128,0,0.0,5,0.16,-11.361,0,3,0.0485,128.014,0.542,9
0.967,0.484,211467,0.0653,0,0.0203,5,0.0728,-17.207,1,54,0.0312,89.045,0.154,2
0.936,0.29,260240,0.13,0,0.0,8,0.0828,-16.1,1,18,0.0388,74.41,0.152,6
0.0596,0.77,165315,0.6990000000000001,1,1.65e-05,0,0.17,-6.59,1,49,0.199,81.003,0.696,1
0.753,0.335,395400,0.412,0,0.00413,9,0.175,-12.024,0,36,0.0414,99.861,0.43,5
0.8190000000000001,0.469,172533,0.737,0,0.0,5,0.277,-7.802,1,17,0.0313,154.776,0.97,7
0.26,0.812,240013,0.472,0,0.0,1,0.285,-6.806,0,70,0.0603,92.951,0.457,1
0.0251,0.419,238347,0.736,0,0.000987,5,0.115,-12.353,1,30,0.0449,82.86,0.68,5
0.877,0.63,210200,0.21,0,0.928,7,0.208,-18.242,0,6,0.0364,76.609,0.595,7
0.0818,0.7859999999999999,435760,0.528,0,0.000109,4,0.261,-11.679,0,41,0.0508,117.381,0.92,3
0.489,0.626,200000,0.382,0,0.0227,3,0.307,-13.779000000000002,1,41,0.0364,81.75399999999998,0.945,3
0.00218,0.28800000000000003,268267,0.955,0,0.00154,9,0.29100000000000004,-6.954,0,24,0.111,145.57,0.484,4
0.0356,0.6579999999999999,314080,0.563,0,0.205,0,0.0836,-10.327,1,40,0.0336,95.996,0.596,3
0.529,0.325,562907,0.805,0,0.277,9,0.926,-8.43,0,32,0.0768,199.891,0.174,4
0.992,0.614,177107,0.479,0,0.93,0,0.39,-9.608,1,0,0.0378,111.998,0.915,9
0.995,0.435,194733,0.308,0,0.0592,7,0.6859999999999999,-15.626,1,0,0.0396,74.789,0.645,8
0.99,0.742,184587,0.433,0,0.899,2,0.18600000000000005,-16.203,0,6,0.0821,118.506,0.936,9
0.2,0.23,254160,0.406,0,1.6800000000000002e-05,6,0.555,-9.984,0,56,0.0351,80.082,0.303,2
0.973,0.183,328800,0.0767,0,0.00148,4,0.177,-19.073,0,14,0.0492,70.809,0.0395,7
0.106,0.305,344027,0.517,0,0.0,0,0.0614,-6.474,1,47,0.0354,179.638,0.201,3
0.0391,0.507,187533,0.633,0,0.0,0,0.146,-7.902,1,40,0.04,86.508,0.445,5
0.339,0.552,236810,0.6920000000000001,0,0.0,9,0.104,-5.54,1,62,0.0593,144.666,0.5429999999999999,1
0.987,0.395,165840,0.168,0,1.12e-05,0,0.121,-14.288,1,0,0.0399,43.629,0.18600000000000005,9
0.0832,0.7120000000000001,99300,0.22,1,1.97e-06,0,0.171,-21.199,1,0,0.758,116.672,0.444,8
0.0638,0.485,186733,0.7020000000000001,0,0.0,7,0.36,-8.297,1,39,0.0335,133.74200000000002,0.701,3
0.00014,0.495,171093,0.976,0,0.000236,7,0.452,-5.112,1,47,0.0821,107.477,0.319,2
0.0858,0.902,218533,0.431,0,1.23e-06,6,0.053,-9.903,0,41,0.456,93.617,0.833,3
0.902,0.465,129173,0.27,0,0.00104,4,0.145,-16.660999999999998,1,48,0.0425,94.519,0.58,7
0.16899999999999998,0.715,176507,0.534,0,6.18e-06,1,0.0931,-6.5360000000000005,1,64,0.0428,105.97,0.215,1
0.924,0.0914,368773,0.155,0,0.838,0,0.102,-18.33,1,26,0.0359,83.973,0.0635,4
0.976,0.424,193773,0.154,0,0.0342,6,0.189,-15.529000000000002,0,0,0.0391,76.152,0.4270000000000001,8
0.971,0.21,735667,0.18,0,0.873,3,0.31,-16.524,1,0,0.0385,82.824,0.16399999999999998,7
0.8959999999999999,0.42,335640,0.119,0,0.0,10,0.215,-17.127,1,12,0.0277,84.35799999999998,0.311,6
0.0301,0.653,355560,0.541,1,0.28300000000000003,7,0.547,-12.953,1,42,0.304,165.638,0.41,3
0.0462,0.944,204733,0.8859999999999999,0,0.0,1,0.0429,-4.121,1,41,0.135,117.03,0.912,2
0.87,0.727,152613,0.195,0,0.831,11,0.113,-22.127,0,23,0.145,149.154,0.579,5
0.904,0.6409999999999999,248947,0.395,0,0.7509999999999999,8,0.0874,-16.805,1,24,0.0549,112.719,0.772,6
0.344,0.726,251500,0.242,1,0.0,6,0.213,-19.796,1,0,0.908,122.841,0.747,10
0.0193,0.564,259773,0.583,0,3.34e-05,9,0.816,-6.999,1,46,0.0369,126.503,0.557,4
0.0334,0.398,353013,0.726,0,8.48e-05,11,0.112,-5.316,1,44,0.0316,136.02,0.141,2
6.54e-05,0.46,326667,0.81,0,0.000189,11,0.123,-5.008,0,60,0.0557,139.671,0.38,1
0.154,0.615,173160,0.7929999999999999,0,4.47e-06,0,0.722,-11.615,1,31,0.0287,129.036,0.885,3
0.5329999999999999,0.569,291550,0.61,0,1.44e-06,0,0.268,-12.561,1,38,0.0458,82.006,0.36,4
0.721,0.762,168867,0.195,0,0.000132,4,0.336,-17.794,0,23,0.0757,108.041,0.873,6
0.0578,0.601,223080,0.677,0,0.00478,10,0.0721,-8.006,0,32,0.129,136.421,0.79,4
0.28300000000000003,0.726,212107,0.65,1,0.0,4,0.622,-3.96,0,46,0.0821,119.98,0.584,2
0.15,0.613,253413,0.5329999999999999,0,0.0032700000000000003,1,0.0946,-13.178,1,31,0.03,112.084,0.944,4
0.7559999999999999,0.531,158227,0.401,0,0.0217,9,0.0634,-14.032,0,9,0.0444,136.546,0.627,7
0.0743,0.361,400667,0.606,0,0.805,6,0.135,-8.626,0,28,0.0301,103.976,0.333,4
0.6559999999999999,0.598,153467,0.767,0,1.21e-06,4,0.155,-9.651,1,12,0.0625,171.467,0.961,6
0.99,0.526,180533,0.267,0,0.125,3,0.376,-13.792,1,9,0.0523,129.70600000000002,0.654,10
0.0307,0.639,255867,0.527,0,0.835,3,0.14300000000000002,-16.375999999999998,1,29,0.118,131.898,0.185,5
0.774,0.69,241600,0.379,0,0.319,8,0.0866,-16.245,1,18,0.189,102.097,0.61,8
0.821,0.7859999999999999,45280,0.464,0,0.0,0,0.8490000000000001,-9.575,1,23,0.0796,119.575,0.966,6
0.422,0.7759999999999999,134867,0.578,0,0.0,0,0.0876,-11.563,1,40,0.0334,134.539,0.962,4
0.5820000000000001,0.512,198427,0.307,0,0.0,4,0.275,-11.836,1,47,0.0342,75.028,0.66,3
0.199,0.8640000000000001,174733,0.7190000000000001,0,0.0,4,0.182,-5.047,1,49,0.031,100.008,0.943,1
0.688,0.524,265773,0.446,0,0.000745,8,0.101,-7.822999999999999,0,59,0.0275,97.856,0.272,2
0.974,0.604,55542,0.0229,0,0.0,9,0.213,-14.956,1,14,0.404,173.62099999999995,0.38,9
0.0291,0.594,172704,0.85,1,0.0,2,0.11,-6.525,1,61,0.0954,100.002,0.228,1
0.0112,0.778,200693,0.8370000000000001,1,0.0,11,0.0306,-5.441,0,43,0.0875,93.924,0.6729999999999999,2
0.0354,0.778,247133,0.669,0,0.0132,7,0.0973,-9.735,1,37,0.0367,123.543,0.8340000000000001,4
0.995,0.436,207160,0.0059,0,0.813,10,0.0799,-27.662,1,0,0.0521,127.441,0.193,8
0.895,0.474,193947,0.526,0,0.000386,2,0.113,-9.305,1,0,0.0714,125.577,0.733,9
0.885,0.637,203400,0.0612,0,0.0,9,0.0921,-15.443,0,17,0.0397,78.944,0.468,6
0.0833,0.522,117867,0.6409999999999999,0,0.903,4,0.0789,-11.788,0,8,0.0422,155.192,0.985,6
0.823,0.79,187947,0.527,0,0.0,0,0.35200000000000004,-10.432,1,9,0.473,99.613,0.6940000000000001,6
0.893,0.34700000000000003,213987,0.209,0,0.00287,11,0.138,-11.152,1,66,0.0273,82.87799999999999,0.0735,1
0.0882,0.622,250307,0.7829999999999999,0,0.0633,7,0.294,-13.366,1,31,0.0409,130.511,0.753,5
0.936,0.395,262560,0.0296,0,4.07e-05,7,0.116,-19.82,0,22,0.038,135.97899999999998,0.241,6
0.887,0.495,128640,0.0599,0,0.0,4,0.115,-12.326,1,14,0.0319,97.989,0.397,6
0.0466,0.895,282027,0.645,0,0.0213,8,0.251,-3.76,0,47,0.0688,102.082,0.8,3
5.85e-05,0.29100000000000004,306920,0.949,0,0.233,0,0.856,-3.619,1,38,0.0574,133.93,0.29600000000000004,3
0.071,0.659,255440,0.79,0,0.402,10,0.0752,-6.449,1,50,0.0469,76.014,0.882,1
0.564,0.596,318603,0.6859999999999999,0,0.0189,6,0.701,-11.328,0,25,0.0392,78.414,0.919,5
0.972,0.5660000000000001,199479,0.282,0,0.0492,3,0.0876,-12.067,1,0,0.27,123.672,0.7959999999999999,7
0.0941,0.748,101200,0.0909,1,0.0,2,0.183,-21.416,0,0,0.952,81.795,0.464,8
0.412,0.515,141600,0.338,0,0.000485,7,0.0653,-11.603,1,19,0.0316,174.16400000000004,0.8,6
0.0118,0.8540000000000001,165166,0.496,1,0.0,7,0.259,-6.7,1,62,0.038,98.989,0.232,0
0.994,0.325,179223,0.138,0,0.083,7,0.315,-15.094,1,10,0.0395,109.722,0.191,8
0.8170000000000001,0.7390000000000001,169933,0.486,0,0.00558,10,0.0884,-11.859000000000002,1,4,0.0465,99.091,0.961,7
0.594,0.772,395840,0.557,0,0.00998,0,0.0881,-8.998,0,38,0.0434,140.92700000000005,0.857,3
0.754,0.57,155760,0.198,0,0.377,3,0.279,-15.902,1,20,0.0287,134.305,0.255,7
0.994,0.362,467733,0.0336,0,0.89,3,0.117,-31.421,1,0,0.0377,95.528,0.332,8
0.981,0.198,285333,0.0664,0,0.00476,4,0.129,-24.115,1,48,0.0698,175.541,0.0398,2
0.000662,0.486,161627,0.986,1,0.048,1,0.29,-4.71,1,61,0.0818,180.085,0.501,1
0.232,0.505,303760,0.855,0,0.00343,10,0.396,-4.812,1,20,0.0644,85.288,0.733,6
0.0463,0.8490000000000001,252653,0.657,0,2.93e-05,11,0.117,-7.508999999999999,1,49,0.205,112.682,0.8640000000000001,1
0.383,0.358,217467,0.644,0,0.0,0,0.0974,-7.5539999999999985,0,48,0.038,145.749,0.111,3
0.602,0.813,226400,0.6940000000000001,0,1.37e-06,7,0.0919,-5.092,0,67,0.0319,119.079,0.92,1
0.97,0.682,90520,0.132,0,8.99e-05,2,0.116,-14.554,1,24,0.0332,148.748,0.5579999999999999,4
0.491,0.442,147533,0.237,0,0.0,0,0.305,-9.328,1,30,0.0321,132.095,0.5379999999999999,6
0.7829999999999999,0.564,402547,0.434,0,0.333,8,0.0875,-11.899,1,10,0.103,96.931,0.685,7
0.189,0.7140000000000001,941240,0.35600000000000004,0,1.03e-05,10,0.159,-17.637,0,18,0.937,125.435,0.655,9
0.644,0.551,483360,0.498,0,7.92e-06,9,0.0675,-10.63,1,37,0.07,108.818,0.526,4
0.995,0.214,298973,0.024,0,0.888,9,0.0997,-28.64,0,0,0.0426,73.848,0.125,10
0.00234,0.609,263773,0.772,0,0.00398,7,0.0958,-9.314,0,48,0.0376,94.0,0.573,2
0.037000000000000005,0.523,419373,0.424,0,0.609,9,0.232,-10.703,0,23,0.0484,215.967,0.593,4
0.397,0.5329999999999999,373893,0.7120000000000001,0,0.0207,6,0.0674,-11.796,0,26,0.065,90.468,0.514,5
0.723,0.69,163236,0.51,0,1.23e-05,10,0.105,-8.874,1,30,0.0325,97.738,0.872,3
0.522,0.557,194560,0.438,0,0.000342,5,0.0993,-8.707,1,36,0.0275,120.661,0.382,3
0.51,0.6759999999999999,258427,0.307,0,0.00284,8,0.123,-12.919,0,42,0.0279,110.857,0.163,3
0.6659999999999999,0.72,124800,0.254,0,0.0,5,0.264,-16.957,1,1,0.944,118.482,0.374,7
0.988,0.631,183760,0.18600000000000005,0,0.0179,10,0.0862,-11.531,1,4,0.038,137.61700000000002,0.7609999999999999,9
0.016,0.5760000000000001,206598,0.7240000000000001,0,0.0,0,0.107,-5.147,1,71,0.0274,93.029,0.34,1
0.0121,0.365,186893,0.943,0,0.00518,9,0.377,-5.154,1,31,0.0888,137.572,0.581,5
0.0357,0.703,303667,0.802,1,0.0,6,0.0706,-4.041,0,39,0.344,92.979,0.8009999999999999,3
0.883,0.336,301000,0.195,0,0.0,4,0.685,-15.743,1,25,0.0404,79.657,0.345,5
0.989,0.36,672587,0.145,0,0.8140000000000001,9,0.106,-20.083,1,4,0.0405,93.103,0.258,8
0.195,0.5579999999999999,227080,0.36,0,0.00193,4,0.0468,-15.934,1,38,0.032,162.559,0.8109999999999999,4
0.6,0.55,107960,0.858,0,0.000194,9,0.0724,-7.9060000000000015,1,29,0.049,100.237,0.926,6
0.96,0.217,179867,0.0993,0,0.0173,10,0.0932,-20.726,1,7,0.0374,124.772,0.0735,8
0.134,0.462,272027,0.665,0,7.509999999999998e-05,4,0.122,-10.411,0,51,0.0287,194.19,0.705,3
0.448,0.425,206000,0.363,0,0.321,2,0.0685,-15.32,1,47,0.0322,100.426,0.12,1
0.078,0.926,239493,0.69,1,0.0,1,0.228,-4.327,0,52,0.175,128.952,0.387,1
0.99,0.638,153843,0.0435,0,2.68e-06,0,0.0873,-12.394,1,0,0.799,172.315,0.888,8
0.474,0.174,202547,0.337,0,0.000294,10,0.11,-8.767000000000001,1,61,0.0313,85.574,0.0978,1
0.488,0.753,218400,0.967,0,0.0,7,0.224,-3.042,1,46,0.0551,128.001,0.941,1
0.306,0.768,200160,0.7490000000000001,0,1.21e-05,2,0.397,-5.814,1,53,0.4970000000000001,119.931,0.605,1
0.0472,0.14800000000000002,247413,0.861,0,0.0,2,0.266,-9.127,1,32,0.0833,170.125,0.0577,4
0.107,0.838,279000,0.6609999999999999,0,0.0,1,0.115,-6.3870000000000005,0,39,0.196,95.493,0.887,2
0.0282,0.35100000000000003,168600,0.449,0,0.00178,0,0.6920000000000001,-13.675,1,38,0.0328,128.048,0.293,6
0.924,0.618,152600,0.387,0,1.65e-06,5,0.0975,-10.713,1,20,0.0354,113.801,0.4320000000000001,7
0.86,0.4370000000000001,471827,0.333,0,0.00687,2,0.106,-15.057,0,26,0.0402,167.36,0.42,7
0.0735,0.491,209267,0.8340000000000001,0,6.42e-06,6,0.0953,-5.101,1,61,0.0341,161.78799999999995,0.561,1
0.927,0.575,525613,0.187,0,0.8759999999999999,0,0.166,-13.081,0,52,0.0513,107.469,0.342,6
0.000129,0.273,244413,0.866,0,0.784,11,0.962,-7.598,1,26,0.0346,134.906,0.513,5
0.29100000000000004,0.476,245560,0.377,0,0.00212,7,0.123,-13.568,1,33,0.0288,100.973,0.508,5
0.0078,0.578,279707,0.605,0,0.0332,1,0.2,-12.293,1,8,0.0756,127.779,0.617,7
0.772,0.467,173413,0.205,0,0.000973,0,0.108,-25.311,0,12,0.136,173.37,0.898,6
0.182,0.775,146333,0.396,0,0.0066,9,0.0301,-12.712,1,20,0.0342,117.172,0.632,6
0.199,0.457,307680,0.361,0,0.0008619999999999999,4,0.108,-14.52,0,44,0.0308,81.068,0.265,5
0.0803,0.7509999999999999,161043,0.442,0,0.00141,0,0.123,-7.551,1,58,0.0313,98.071,0.851,1
0.8909999999999999,0.508,173560,0.202,0,0.00016299999999999998,0,0.32,-10.854,1,10,0.0306,80.452,0.411,7
0.0684,0.944,276785,0.514,0,0.00209,5,0.103,-7.895,1,65,0.195,120.004,0.331,1
0.956,0.475,115800,0.232,0,0.0185,0,0.165,-18.552,1,0,0.226,59.45399999999999,0.65,8
0.00107,0.573,253480,0.765,0,5.7399999999999986e-05,6,0.114,-6.5939999999999985,1,46,0.0305,100.024,0.359,1
0.872,0.6559999999999999,188827,0.287,0,0.0,1,0.835,-12.425,1,3,0.1,91.861,0.59,7
0.0123,0.531,232027,0.88,0,3.29e-06,2,0.17600000000000002,-3.875,1,56,0.0406,127.993,0.266,1
0.365,0.397,219521,0.28,0,0.0,0,0.0584,-14.783,1,35,0.337,89.79299999999998,0.419,3
0.00456,0.628,252000,0.815,0,8.36e-06,1,0.101,-7.947999999999999,1,41,0.0525,97.92,0.8,4
0.983,0.36,233000,0.365,0,0.0082,7,0.14800000000000002,-10.114,1,0,0.0639,69.884,0.644,8
0.958,0.755,167507,0.331,0,0.0877,10,0.0561,-10.398,1,0,0.0876,85.661,0.779,8
0.977,0.66,138347,0.215,0,5.69e-06,5,0.782,-17.500999999999998,1,0,0.0938,107.809,0.561,9
0.8190000000000001,0.39,207987,0.513,0,0.409,2,0.252,-11.219,0,0,0.0404,106.433,0.795,8
0.994,0.755,140000,0.43,0,0.701,1,0.157,-10.774,0,0,0.136,131.416,0.956,7
0.285,0.458,207069,0.696,0,0.0,11,0.123,-4.742,1,72,0.0402,174.141,0.418,1
0.21600000000000005,0.732,207960,0.7709999999999999,0,0.0,2,0.425,-4.794,1,40,0.0588,75.999,0.675,2
0.8590000000000001,0.7120000000000001,157000,0.5720000000000001,0,2.46e-05,0,0.2,-7.483,1,4,0.0584,113.599,0.68,7
0.0168,0.748,294947,0.629,0,0.0,0,0.0991,-8.42,1,44,0.066,182.448,0.919,2
0.00384,0.78,160840,0.828,0,0.0,6,0.204,-4.737,0,38,0.31,103.176,0.5379999999999999,4
0.015,0.359,360333,0.7170000000000001,0,0.00365,2,0.36,-10.309,1,57,0.0405,121.878,0.47,5
0.7909999999999999,0.317,445053,0.7909999999999999,0,5.99e-05,2,0.973,-6.261,0,40,0.122,105.994,0.165,3
4.29e-05,0.547,252853,0.981,0,0.00031800000000000003,1,0.0737,-4.979,1,42,0.0934,96.035,0.185,3
0.835,0.596,352467,0.282,0,0.662,0,0.162,-16.871,0,25,0.0333,90.622,0.581,6
0.00804,0.67,184000,0.8959999999999999,1,0.0,9,0.149,-9.509,1,40,0.0922,101.61,0.505,3
0.069,0.529,121467,0.908,0,4.19e-06,8,0.0624,-3.564,1,33,0.0349,149.29399999999995,0.936,6
0.115,0.482,207126,0.795,0,0.0,1,0.125,-4.234,1,46,0.0319,180.003,0.379,1
0.616,0.393,183227,0.523,0,0.954,2,0.126,-15.001,0,41,0.0306,93.125,0.757,5
0.024,0.527,99467,0.767,0,0.728,3,0.32299999999999995,-9.396,0,14,0.0348,150.511,0.969,6
0.0046,0.496,185587,0.863,0,0.0,9,0.639,-4.1530000000000005,1,81,0.0381,110.018,0.243,2
0.777,0.44,188493,0.324,0,1.41e-06,6,0.0621,-9.468,1,50,0.0307,79.382,0.328,1
0.612,0.374,177467,0.317,0,2.37e-05,0,0.245,-9.113,1,54,0.0373,134.957,0.51,7
0.348,0.88,408800,0.528,0,8.53e-05,2,0.267,-11.505,1,43,0.0692,118.457,0.931,3
0.983,0.34700000000000003,390066,0.181,0,0.0155,0,0.112,-16.775,1,0,0.0644,142.106,0.139,7
0.964,0.241,197467,0.131,0,0.006379999999999999,0,0.462,-13.725,1,17,0.0414,178.61700000000005,0.197,8
0.7,0.404,281387,0.659,0,0.93,10,0.521,-11.657,0,0,0.0842,131.97299999999998,0.436,7
0.984,0.279,294000,0.173,0,0.00061,0,0.225,-16.63,1,0,0.0496,84.79799999999999,0.245,7
0.711,0.524,208933,0.319,0,0.00204,11,0.102,-11.82,1,25,0.025,81.547,0.391,4
0.14300000000000002,0.768,175527,0.565,1,0.0,4,0.277,-7.2029999999999985,0,61,0.0525,129.866,0.307,0
0.00256,0.392,195440,0.989,0,0.0,9,0.219,-3.999,1,38,0.0799,105.052,0.223,3
0.519,0.452,237427,0.7120000000000001,0,1.55e-06,9,0.189,-9.69,1,54,0.0556,164.132,0.8440000000000001,5
0.748,0.317,143133,0.78,0,2.18e-05,5,0.317,-6.988,1,22,0.0504,154.767,0.652,6
0.0181,0.588,269967,0.8290000000000001,0,0.000462,6,0.153,-6.1960000000000015,1,59,0.0511,140.041,0.495,1
0.0896,0.716,185707,0.718,0,0.0,0,0.473,-5.355,1,65,0.0293,100.934,0.537,1
0.0393,0.535,320267,0.505,0,0.0,2,0.0923,-8.926,0,73,0.245,99.935,0.495,3
0.981,0.248,164669,0.716,0,0.665,1,0.828,-5.8660000000000005,0,0,0.0374,81.641,0.589,9
0.0183,0.466,167000,0.652,0,0.00476,2,0.173,-12.831,1,25,0.0377,163.497,0.8340000000000001,4
0.994,0.242,195853,0.125,0,0.111,6,0.336,-23.307,0,0,0.0483,69.336,0.145,7
0.975,0.14800000000000002,279733,0.192,0,0.000701,1,0.147,-16.385,1,17,0.0416,93.771,0.0369,7
0.00122,0.598,209573,0.955,1,0.0,2,0.243,-4.52,1,58,0.0916,119.126,0.402,2
0.16699999999999998,0.608,432560,0.502,0,0.00626,5,0.244,-10.45,0,48,0.0404,111.41,0.278,3
0.225,0.307,195347,0.41,0,0.0,7,0.202,-15.143,1,32,0.0346,150.075,0.315,5
0.0764,0.42,222120,0.652,0,0.0,1,0.0965,-4.243,1,38,0.0267,78.955,0.268,2
0.448,0.841,285826,0.674,0,0.000109,3,0.0386,-5.684,1,38,0.168,116.451,0.88,6
0.0312,0.591,164800,0.436,1,0.433,9,0.116,-10.874,0,15,0.0482,150.037,0.289,7
0.00383,0.202,429973,0.835,0,0.0388,9,0.126,-11.04,1,61,0.0599,156.88299999999995,0.6609999999999999,5
0.602,0.608,268333,0.419,0,7.58e-06,11,0.108,-10.016,1,69,0.0331,100.22,0.602,3
0.00428,0.66,332627,0.5670000000000001,0,0.0137,4,0.11,-6.318,0,50,0.0289,107.754,0.182,2
0.2,0.586,150440,0.835,0,3.45e-06,9,0.305,-5.893,1,33,0.0971,103.569,0.607,3
0.00925,0.6,201280,0.9,0,0.293,5,0.269,-8.434,0,49,0.0457,77.72800000000002,0.918,2
0.0865,0.629,279800,0.867,0,0.0,7,0.126,-7.307,1,63,0.0603,151.695,0.8759999999999999,3
0.725,0.531,200573,0.32,0,6.64e-06,4,0.263,-12.686,1,26,0.0315,84.89200000000002,0.385,5
0.0296,0.407,187640,0.6729999999999999,0,0.00123,9,0.0923,-11.443,1,26,0.109,201.581,0.966,4
0.985,0.574,210840,0.16399999999999998,0,0.487,5,0.0913,-17.226,0,9,0.0384,131.953,0.703,6
0.805,0.62,308720,0.6559999999999999,0,0.964,11,0.0775,-14.831,1,40,0.0348,134.958,0.0704,3
0.078,0.6609999999999999,108547,0.8690000000000001,0,0.924,5,0.398,-5.477,1,63,0.0334,126.971,0.8,1
0.0795,0.856,276893,0.7290000000000001,0,0.0,4,0.081,-9.63,0,30,0.229,97.017,0.777,3
0.995,0.314,144413,0.217,0,0.909,8,0.349,-17.747,1,0,0.03,83.068,0.2,10
0.0195,0.623,279933,0.8240000000000001,0,0.13,6,0.0491,-8.971,0,55,0.0479,111.356,0.574,5
0.161,0.7509999999999999,219067,0.5920000000000001,0,1.13e-05,4,0.0763,-14.886,1,40,0.048,97.001,0.816,4
0.377,0.6629999999999999,173133,0.569,0,0.0,11,0.142,-8.533999999999999,1,53,0.0283,115.731,0.696,3
0.568,0.514,192267,0.218,0,0.0,0,0.7390000000000001,-14.63,1,48,0.0283,85.461,0.7020000000000001,4
0.488,0.479,177261,0.153,0,0.0128,7,0.129,-20.79,1,37,0.0362,97.604,0.281,4
0.92,0.293,206940,0.299,0,0.728,0,0.233,-15.393,1,2,0.0286,71.13,0.213,7
0.0239,0.329,419933,0.6729999999999999,0,0.109,3,0.138,-8.465,0,58,0.0296,91.122,0.32299999999999995,4
0.16399999999999998,0.5,307600,0.823,0,0.161,9,0.0595,-5.8870000000000005,0,28,0.101,114.338,0.488,5
0.0139,0.575,232133,0.86,0,6.5e-06,2,0.0937,-8.628,1,25,0.0481,137.32299999999998,0.773,4
0.0212,0.49,115173,0.529,0,0.0,0,0.243,-10.946,1,32,0.125,128.155,0.856,5
0.6779999999999999,0.613,108696,0.339,0,0.0,5,0.166,-14.908,0,74,0.135,106.582,0.292,1
0.135,0.482,224920,0.706,0,0.00106,9,0.105,-5.7620000000000005,1,76,0.0609,92.494,0.14400000000000002,1
0.285,0.73,266613,0.65,1,5.9e-06,2,0.366,-3.909,1,46,0.258,95.114,0.623,2
0.0228,0.49,223213,0.5329999999999999,0,0.0111,1,0.101,-8.64,1,46,0.0279,119.711,0.163,5
0.331,0.7240000000000001,213573,0.32,0,0.0,8,0.0725,-9.727,1,67,0.0627,134.048,0.426,2
0.434,0.504,319307,0.5,0,0.0,9,0.0905,-14.068,1,46,0.0282,133.967,0.439,4
0.0383,0.775,244600,0.8370000000000001,1,0.0,10,0.315,-4.965,0,58,0.39,95.86,0.807,2
0.333,0.552,300787,0.598,0,0.0,11,0.0725,-4.317,1,59,0.0316,135.049,0.74,2
0.989,0.5660000000000001,192960,0.122,0,0.754,7,0.0573,-16.847,1,0,0.0773,163.515,0.838,10
0.014,0.528,166987,0.695,0,0.0141,10,0.35,-7.1320000000000014,1,23,0.0351,113.14,0.7609999999999999,6
0.99,0.383,176560,0.462,0,8.82e-06,6,0.3,-10.212,0,0,0.0999,49.831,0.6940000000000001,9
0.365,0.467,287267,0.622,0,0.00527,6,0.0982,-7.255,1,67,0.031,164.418,0.455,3
0.528,0.586,246612,0.768,0,1.49e-06,10,0.328,-7.479,0,50,0.0346,96.241,0.675,4
0.848,0.6679999999999999,209160,0.238,0,0.669,6,0.0859,-17.534000000000002,1,38,0.0429,114.745,0.516,3
0.29,0.67,232000,0.541,0,3.11e-06,4,0.0751,-7.415,0,55,0.293,167.935,0.488,2
0.0059,0.769,246973,0.527,0,1.58e-05,7,0.0383,-10.153,1,42,0.0876,145.015,0.906,4
0.918,0.469,186227,0.46,0,0.000135,10,0.14,-7.438,1,11,0.0487,174.885,0.901,7
0.14,0.636,208733,0.55,0,0.0,5,0.0763,-6.905,0,54,0.0237,90.97,0.535,2
0.249,0.5770000000000001,234027,0.618,0,0.000171,2,0.0873,-12.373,1,28,0.0345,94.419,0.574,5
0.0655,0.7490000000000001,293987,0.828,0,1.94e-06,8,0.596,-6.776,1,39,0.0442,131.128,0.967,4
0.215,0.597,253800,0.495,0,0.00016299999999999998,8,0.104,-8.674,1,61,0.201,76.991,0.171,1
0.995,0.517,86707,0.0739,0,0.967,9,0.498,-25.216,0,1,0.0411,82.315,0.397,8
0.861,0.6829999999999999,263987,0.674,0,0.853,4,0.632,-7.8889999999999985,1,34,0.035,108.867,0.838,5
0.00334,0.6809999999999999,315585,0.915,0,0.0841,1,0.354,-5.974,1,52,0.042,118.029,0.606,1
0.628,0.691,263813,0.601,0,0.017,7,0.0709,-9.698,1,50,0.0428,167.796,0.85,3
0.183,0.902,264160,0.384,0,0.0,0,0.628,-12.998,1,46,0.0764,92.077,0.923,5
0.249,0.597,184693,0.441,0,0.0,7,0.133,-10.494000000000002,1,40,0.0341,141.071,0.767,6
0.831,0.541,147240,0.337,0,0.000805,9,0.101,-15.223,0,38,0.0406,92.112,0.575,2
0.032,0.409,209455,0.594,0,0.0391,1,0.0904,-9.725,1,65,0.031,110.187,0.212,1
0.995,0.815,190507,0.0874,0,0.8440000000000001,7,0.102,-14.095999999999998,1,0,0.0906,117.145,0.738,10
0.988,0.3,510173,0.0295,0,0.8109999999999999,3,0.129,-21.671,1,0,0.0372,132.858,0.0727,8
0.983,0.295,204787,0.278,0,0.000293,3,0.191,-13.65,1,0,0.0402,181.437,0.6759999999999999,8
0.263,0.617,380360,0.6779999999999999,0,0.0,6,0.32299999999999995,-6.774,1,41,0.0415,132.313,0.6559999999999999,2
0.994,0.4270000000000001,180618,0.134,0,0.893,5,0.113,-17.749000000000006,0,0,0.0448,75.237,0.35600000000000004,8
0.816,0.579,147133,0.423,0,0.0,3,0.0859,-10.761,1,14,0.0355,150.77200000000005,0.815,6
0.33,0.393,383760,0.358,0,0.0313,5,0.12,-9.598,0,45,0.0471,180.075,0.598,2
0.201,0.499,195467,0.947,0,1.65e-05,11,0.453,-7.922999999999999,0,37,0.0516,103.104,0.682,4
0.541,0.535,235921,0.696,1,0.00521,5,0.63,-7.181,0,50,0.0901,91.002,0.213,1
0.000828,0.461,298946,0.939,0,0.862,7,0.463,-4.834,1,33,0.0727,121.875,0.546,4
0.0427,0.8420000000000001,181027,0.7340000000000001,0,0.0,1,0.106,-5.065,0,85,0.0588,137.958,0.952,1
0.971,0.335,198387,0.275,0,0.643,11,0.804,-16.44,1,0,0.0819,65.952,0.177,7
0.000831,0.536,235240,0.968,0,3.05e-05,6,0.092,-2.373,0,64,0.0891,86.036,0.57,1
0.913,0.469,197027,0.645,0,0.35,7,0.307,-4.892,1,0,0.0571,122.108,0.748,8
0.8440000000000001,0.16899999999999998,342027,0.0722,0,2.47e-05,1,0.114,-19.226,1,55,0.0393,46.168,0.113,2
0.991,0.23,201733,0.139,0,0.51,0,0.0942,-19.11,1,0,0.0369,139.846,0.293,8
0.98,0.662,159999,0.464,0,1.84e-05,3,0.752,-11.695,0,10,0.939,85.035,0.4370000000000001,7
0.00701,0.275,270987,0.562,0,0.000128,4,0.136,-9.196,1,26,0.0449,173.763,0.337,6
0.792,0.691,58320,0.309,0,0.0,9,0.161,-4.7410000000000005,1,45,0.0421,95.681,0.28,2
0.0022600000000000003,0.59,258133,0.802,0,0.00143,11,0.0392,-4.163,1,53,0.0356,120.051,0.696,2
0.4320000000000001,0.62,172400,0.81,0,0.0,5,0.0843,-6.5939999999999985,1,59,0.039,150.737,0.7929999999999999,2
0.0138,0.7340000000000001,248733,0.73,1,7.82e-05,1,0.092,-6.445,1,36,0.29,85.844,0.605,2
0.605,0.7290000000000001,174213,0.424,0,5.58e-06,10,0.147,-4.869,1,59,0.0352,131.857,0.8059999999999999,1
0.753,0.61,446893,0.28,0,0.00707,8,0.145,-15.634,1,36,0.0477,111.871,0.339,6
0.165,0.46,266107,0.511,0,0.0,6,0.122,-6.125,0,54,0.0274,72.934,0.324,2
0.82,0.57,120467,0.272,0,0.0882,2,0.162,-17.727,1,23,0.0342,119.781,0.705,6
0.59,0.489,231920,0.413,0,0.0,0,0.0639,-6.499,1,65,0.0314,136.116,0.246,0
0.0212,0.601,211267,0.7140000000000001,0,0.0,4,0.0881,-7.848,1,51,0.0392,128.21,0.645,4
0.973,0.552,508573,0.163,0,0.0811,11,0.125,-19.655,0,2,0.529,76.877,0.337,7
0.952,0.404,276160,0.16699999999999998,0,0.066,0,0.235,-17.837,1,0,0.0402,139.599,0.394,9
0.993,0.398,115493,0.173,0,0.863,1,0.125,-16.667,1,0,0.0484,113.857,0.376,7
0.371,0.607,156893,0.8759999999999999,0,0.0,7,0.518,-4.117,1,43,0.0382,121.043,0.8859999999999999,1
0.996,0.482,183747,0.0271,0,0.951,3,0.0934,-21.317,1,0,0.0615,71.945,0.634,9
0.899,0.433,194360,0.0883,0,0.0,1,0.294,-21.464,1,0,0.0394,109.424,0.486,7
0.785,0.89,158058,0.63,0,0.00213,11,0.155,-3.374,1,25,0.0965,112.413,0.81,6
0.445,0.13699999999999998,178080,0.821,0,0.757,7,0.309,-4.59,1,49,0.0548,145.166,0.306,1
0.0039,0.649,337733,0.647,0,0.161,9,0.0686,-7.695,0,72,0.0452,125.02,0.405,2
0.013,0.526,231907,0.8190000000000001,0,0.0138,1,0.664,-8.363999999999999,1,53,0.139,146.231,0.664,5
0.976,0.35100000000000003,272107,0.361,0,0.174,0,0.234,-14.015999999999998,0,0,0.0356,153.096,0.408,8
0.789,0.6990000000000001,173349,0.316,0,0.0,7,0.306,-10.636,0,0,0.122,138.398,0.579,9
0.7020000000000001,0.58,156923,0.695,0,1.9e-06,7,0.0731,-6.533,1,11,0.0297,116.558,0.971,6
0.619,0.6779999999999999,256960,0.354,0,0.0,7,0.721,-9.481,1,30,0.0355,116.894,0.384,5
0.563,0.5920000000000001,421240,0.47,0,1.64e-06,0,0.93,-13.139,1,38,0.0291,139.767,0.654,4
0.204,0.705,165100,0.184,1,0.0,7,0.415,-24.184,1,0,0.914,134.305,0.591,10
0.943,0.265,182600,0.23,0,0.00025,4,0.106,-12.818,0,0,0.0345,70.878,0.172,8
0.00238,0.547,293036,0.794,0,0.0,5,0.11,-11.047,1,42,0.0719,127.567,0.532,4
0.467,0.605,231787,0.691,0,0.742,9,0.441,-10.57,1,50,0.0337,123.288,0.965,5
0.755,0.551,211387,0.727,0,0.927,0,0.8009999999999999,-9.9,0,6,0.0472,134.472,0.516,7
0.17,0.792,330199,0.815,0,0.000485,0,0.0861,-9.304,0,25,0.035,128.675,0.882,4
0.797,0.0687,859373,0.145,0,0.88,0,0.0915,-17.709,0,0,0.0408,76.529,0.0376,8
0.731,0.66,176720,0.24,0,0.0,5,0.287,-12.416,0,15,0.0431,106.294,0.63,7
0.759,0.3670000000000001,186093,0.483,0,1.14e-06,7,0.14300000000000002,-3.531,1,34,0.0263,97.77,0.422,5
0.244,0.614,223440,0.418,0,0.0,4,0.301,-11.34,1,34,0.0325,90.825,0.7959999999999999,4
0.0019,0.368,236427,0.906,0,0.0,11,0.344,-2.892,0,66,0.101,177.956,0.6920000000000001,1
0.8690000000000001,0.82,182869,0.281,0,0.961,8,0.0925,-15.194,0,63,0.0802,104.988,0.62,1
0.996,0.809,192493,0.0954,0,0.682,1,0.159,-13.508,1,0,0.23,120.81,0.562,10
0.545,0.583,163867,0.248,0,0.0118,7,0.189,-12.144,1,20,0.0315,99.641,0.466,5
5.24e-05,0.486,213763,0.944,0,0.00986,7,0.105,-3.924,1,44,0.0551,108.802,0.574,2
0.89,0.236,281446,0.13699999999999998,0,0.959,1,0.15,-22.165,1,0,0.0715,137.077,0.238,8
0.261,0.452,303573,0.578,0,0.0,7,0.184,-8.302999999999999,1,24,0.0268,107.924,0.373,5
0.583,0.527,147253,0.542,0,0.0,10,0.0768,-6.801,1,13,0.0329,156.421,0.924,6
0.578,0.261,159880,0.307,0,0.885,3,0.111,-14.572,1,30,0.0321,95.875,0.265,6
0.00064,0.375,176387,0.93,0,0.0,2,0.318,-2.631,1,76,0.0561,147.124,0.491,1
0.952,0.5670000000000001,353333,0.562,0,0.691,8,0.317,-10.057,1,23,0.0429,95.77,0.527,5
0.8270000000000001,0.531,338640,0.272,0,0.000398,5,0.266,-11.109000000000002,0,9,0.0333,95.291,0.306,6
0.7709999999999999,0.608,177000,0.628,0,0.0,2,0.103,-10.976,1,14,0.0323,119.687,0.885,6
0.332,0.509,208320,0.79,0,6.670000000000001e-05,6,0.316,-3.782,0,60,0.0374,127.946,0.638,1
0.157,0.34700000000000003,227627,0.586,0,0.0,4,0.28600000000000003,-8.057,1,32,0.0358,208.651,0.495,6
0.982,0.275,190789,0.414,0,0.0056700000000000006,11,0.434,-10.146,0,0,0.0518,202.115,0.691,7
0.871,0.723,68147,0.102,0,0.0,5,0.636,-16.695,1,20,0.183,87.539,0.6729999999999999,5
0.98,0.598,183360,0.373,0,0.00517,8,0.0964,-9.168,1,0,0.0611,117.352,0.884,8
0.0464,0.6579999999999999,204360,0.705,1,0.0,5,0.343,-3.82,0,43,0.0386,76.998,0.503,2
0.993,0.482,157760,0.0882,0,0.931,0,0.0946,-19.186,0,0,0.0484,68.423,0.354,8
0.245,0.42,295600,0.33,0,0.000679,9,0.0677,-13.925,1,71,0.0275,157.143,0.175,3
0.0099,0.396,118293,0.767,0,0.447,2,0.366,-16.667,1,29,0.39,166.08,0.685,4
0.104,0.4270000000000001,357920,0.647,0,0.000513,1,0.263,-5.374,1,37,0.0271,81.339,0.342,3
9.42e-05,0.6940000000000001,362627,0.938,0,0.35200000000000004,8,0.364,-5.6720000000000015,1,49,0.0346,138.876,0.757,3
0.992,0.16699999999999998,353840,0.0787,0,0.898,7,0.322,-20.169,1,1,0.0497,80.05199999999998,0.0702,8
0.976,0.59,176733,0.117,0,0.0,0,0.168,-15.129,1,5,0.0718,101.185,0.41,9
0.107,0.612,251293,0.55,0,0.0,11,0.47,-13.107,0,31,0.119,143.546,0.887,4
0.00494,0.294,239533,0.951,0,0.0223,1,0.149,-13.094,1,29,0.0848,131.524,0.0588,4
0.000186,0.345,247987,0.972,0,0.0022600000000000003,7,0.965,-5.674,1,28,0.102,143.364,0.299,5
0.000553,0.341,142907,0.977,0,1.41e-05,10,0.317,-4.525,1,50,0.0861,169.082,0.889,3
0.0513,0.505,369827,0.505,0,0.0811,6,0.0989,-7.838999999999999,0,42,0.0913,161.125,0.622,2
0.13,0.405,403480,0.331,0,0.32299999999999995,0,0.185,-20.463,1,10,0.0713,150.158,0.388,6
0.0698,0.624,218200,0.945,0,4.57e-06,7,0.0867,-3.109,1,49,0.0343,104.77,0.914,2
0.21600000000000005,0.342,182467,0.418,0,7.08e-05,9,0.106,-9.74,1,32,0.0298,102.892,0.339,7
0.215,0.532,139333,0.411,0,4.5e-06,1,0.1,-11.094,1,23,0.0319,106.961,0.441,5
0.000124,0.337,491667,0.96,0,0.0165,4,0.302,-10.252,0,40,0.0749,109.17,0.12,5
0.936,0.789,139867,0.134,0,6.15e-05,8,0.152,-12.17,1,10,0.11,114.234,0.463,9
2.55e-05,0.54,212040,0.977,0,0.0553,1,0.0533,-3.409,1,63,0.0878,106.911,0.211,2
0.994,0.5329999999999999,188296,0.113,0,0.0423,7,0.145,-11.623,0,0,0.227,82.085,0.638,8
9.66e-06,0.345,213920,0.974,0,0.0,4,0.284,-3.322,1,47,0.0699,174.765,0.382,2
0.979,0.605,140080,0.743,0,0.000272,7,0.211,-6.3820000000000014,1,0,0.278,91.322,0.898,9
0.99,0.47,227182,0.0962,0,0.0,0,0.305,-16.141,0,0,0.142,77.625,0.105,10
0.27,0.622,253387,0.528,0,0.722,3,0.0851,-9.654,1,47,0.0311,116.282,0.384,6
0.993,0.585,170561,0.14300000000000002,0,0.0129,9,0.6509999999999999,-7.927,1,0,0.16,76.79,0.8009999999999999,7
0.994,0.631,216942,0.056,0,7.780000000000001e-05,0,0.11,-7.4929999999999986,1,0,0.117,82.09899999999998,0.74,7
0.8759999999999999,0.246,151840,0.205,0,0.00369,4,0.385,-16.932000000000002,1,0,0.108,67.46300000000001,0.14300000000000002,8
0.35,0.593,272160,0.468,0,3.52e-05,7,0.0919,-11.165,1,28,0.0285,75.798,0.597,5
0.556,0.526,177827,0.418,0,0.0,2,0.35,-11.218,0,0,0.0292,62.674,0.465,7
5.2e-05,0.487,212613,0.7120000000000001,1,0.0,8,0.198,-7.322999999999999,1,59,0.27,156.209,0.397,1
0.976,0.617,168987,0.132,0,0.488,5,0.108,-13.01,0,0,0.102,115.491,0.774,9
0.6679999999999999,0.495,178364,0.6890000000000001,0,0.00155,5,0.133,-9.393,1,1,0.0411,153.795,0.966,8
0.294,0.5920000000000001,264000,0.737,0,9.93e-05,7,0.0844,-9.079,1,36,0.0311,115.848,0.5770000000000001,3
0.0205,0.546,192067,0.875,0,0.0,1,0.0669,-3.631,1,57,0.0445,101.693,0.765,2
0.00336,0.523,243354,0.944,0,0.557,7,0.119,-3.5810000000000004,0,59,0.0837,139.997,0.324,1
0.995,0.455,204533,0.313,0,0.921,6,0.287,-13.253,1,0,0.0386,121.72,0.6559999999999999,8
0.86,0.539,192093,0.232,0,8.36e-06,0,0.138,-9.845,1,44,0.0267,62.51300000000001,0.388,3
0.0576,0.643,250027,0.7120000000000001,0,0.0046700000000000005,5,0.287,-6.385,1,44,0.0266,103.07,0.636,2
0.354,0.828,152227,0.8079999999999999,0,0.0,1,0.122,-8.437000000000001,1,28,0.0366,113.295,0.97,6
0.113,0.7340000000000001,241507,0.45,0,1.13e-05,4,0.29600000000000004,-13.92,0,59,0.035,127.46,0.595,5
0.396,0.632,200644,0.6609999999999999,0,0.0,9,0.254,-4.8180000000000005,1,47,0.0252,139.954,0.642,1
0.244,0.7390000000000001,188507,0.6559999999999999,0,9.87e-05,9,0.14,-9.628,1,41,0.0288,126.407,0.927,3
0.19,0.6779999999999999,344840,0.193,0,0.0224,0,0.0994,-13.849,1,50,0.0387,61.33,0.101,3
0.603,0.304,421000,0.923,0,0.0,9,0.985,-4.905,1,28,0.158,149.125,0.382,5
0.634,0.504,206627,0.407,0,0.0,5,0.302,-12.425,1,19,0.0449,137.90200000000002,0.733,7
0.977,0.485,49907,0.205,0,0.0168,11,0.165,-15.733,1,50,0.0524,135.019,0.338,2
0.138,0.737,243507,0.733,1,0.000898,7,0.319,-6.41,1,43,0.231,92.966,0.35700000000000004,3
0.134,0.348,295307,0.685,0,0.00256,2,0.174,-7.657999999999999,1,44,0.0385,136.716,0.213,3
0.984,0.23,457000,0.0515,0,0.119,3,0.141,-24.19,1,1,0.0395,75.669,0.26,7
0.316,0.66,102579,0.118,1,0.0,11,0.691,-19.759,0,0,0.961,85.056,0.394,8
0.0637,0.8059999999999999,260760,0.428,0,0.00123,7,0.041,-11.967,1,35,0.0672,122.765,0.8340000000000001,4
0.0373,0.484,266707,0.925,0,1.72e-06,10,0.248,-4.046,1,44,0.058,143.246,0.66,2
0.00778,0.287,284973,0.988,0,0.0556,0,0.0998,-5.89,1,40,0.103,109.278,0.183,4
0.134,0.509,317000,0.458,0,0.00373,11,0.106,-8.843,1,37,0.0269,157.512,0.122,3
0.778,0.634,478173,0.738,0,0.0131,8,0.0562,-2.739,1,25,0.0504,92.525,0.908,4
0.954,0.245,475120,0.19,0,0.7070000000000001,2,0.266,-18.418,1,0,0.053,70.406,0.142,7
0.977,0.255,88827,0.306,0,0.0132,10,0.4370000000000001,-10.893,0,0,0.0388,103.449,0.086,7
0.6859999999999999,0.52,286840,0.285,0,0.0,10,0.0931,-10.754,1,52,0.027000000000000003,93.922,0.0798,3
0.7120000000000001,0.455,219997,0.581,0,9.74e-05,0,0.0518,-8.341000000000001,1,48,0.0816,187.113,0.937,3
0.018000000000000002,0.465,237893,0.865,0,0.00135,11,0.0769,-9.573,0,67,0.098,117.528,0.677,3
0.00236,0.387,291706,0.525,0,0.769,2,0.251,-9.634,1,43,0.035,78.339,0.258,5
0.28300000000000003,0.584,280973,0.778,0,0.0,0,0.0836,-5.4929999999999986,1,40,0.0368,112.109,0.597,2
0.853,0.313,209107,0.426,1,0.00037,8,0.181,-9.049,1,62,0.0435,95.159,0.107,1
0.995,0.667,122400,0.224,0,0.0728,10,0.159,-16.859,1,0,0.0866,137.445,0.735,10
0.0789,0.564,205061,0.945,0,0.0,11,0.0873,-3.11,0,53,0.243,105.018,0.871,1
0.953,0.422,497614,0.0229,0,0.0,7,0.273,-15.008,1,0,0.0447,133.02700000000002,0.0599,7
0.941,0.511,184040,0.0971,0,0.0531,10,0.118,-21.309,1,0,0.0495,120.366,0.49,9
0.597,0.273,157067,0.399,0,0.0208,4,0.411,-14.154000000000002,0,20,0.0288,185.725,0.727,6
0.8590000000000001,0.765,196000,0.378,0,0.8370000000000001,7,0.25,-12.191,1,3,0.0796,105.349,0.7809999999999999,10
0.0846,0.62,276373,0.7829999999999999,0,0.0164,6,0.0891,-7.926,1,32,0.0348,120.054,0.302,4
0.974,0.264,130733,0.0437,0,0.959,7,0.305,-25.467,1,23,0.0437,90.777,0.385,6
0.319,0.55,229733,0.606,0,0.0,1,0.329,-6.904,1,40,0.0342,81.915,0.564,4
0.232,0.584,171907,0.925,0,0.0347,7,0.085,-7.121,1,29,0.0527,147.369,0.662,5
0.00527,0.541,171440,0.87,0,0.0,1,0.0867,-4.7410000000000005,1,62,0.122,179.975,0.665,1
0.983,0.329,91947,0.0895,0,8.240000000000001e-05,1,0.106,-18.114,1,38,0.0377,93.337,0.27,3
0.7290000000000001,0.512,178373,0.222,0,0.0,3,0.154,-13.826,1,30,0.0276,99.584,0.35700000000000004,5
0.988,0.551,166640,0.112,0,0.884,0,0.121,-23.167,1,7,0.0383,126.778,0.659,7
0.0145,0.37,137840,0.522,0,0.0,9,0.0862,-10.834,0,9,0.0319,89.428,0.922,6
0.21600000000000005,0.7909999999999999,238440,0.938,1,0.0,6,0.0795,-3.922,0,38,0.322,89.977,0.5870000000000001,3
0.00203,0.403,222640,0.778,0,0.0,11,0.227,-4.856,1,67,0.0395,115.581,0.628,2
0.75,0.535,229747,0.308,0,0.00147,9,0.162,-14.259,1,42,0.0395,114.882,0.205,4
0.385,0.529,120500,0.922,0,1.83e-06,5,0.139,-6.358,1,11,0.0634,87.412,0.7659999999999999,6
0.22,0.369,302107,0.762,0,2.8000000000000013e-05,10,0.579,-8.993,1,66,0.0464,84.95700000000002,0.644,2
0.161,0.3720000000000001,208936,0.634,0,0.0321,7,0.535,-8.714,1,24,0.0644,155.535,0.504,5
0.7859999999999999,0.76,133067,0.5379999999999999,0,0.0,7,0.127,-11.994000000000002,1,17,0.0885,125.123,0.963,6
0.329,0.594,239493,0.883,0,8.329999999999999e-05,5,0.276,-4.279,1,33,0.0451,89.99700000000001,0.863,3
0.58,0.3670000000000001,384787,0.62,0,0.000239,8,0.23,-8.388,0,20,0.0555,140.306,0.22,4
0.22,0.6,240827,0.449,0,0.0274,2,0.0775,-13.313,1,38,0.0374,75.10300000000002,0.47,5
0.768,0.612,268710,0.17800000000000002,0,0.0,11,0.12,-23.395,0,0,0.965,74.896,0.5379999999999999,9
0.0722,0.4970000000000001,182133,0.782,0,0.0,9,0.266,-9.736,1,32,0.0876,85.43700000000003,0.569,5
0.00182,0.633,234773,0.972,1,5.610000000000002e-05,1,0.657,-3.026,0,47,0.0616,109.998,0.416,2
0.6759999999999999,0.7240000000000001,115880,0.305,1,0.0,5,0.128,-12.763,0,63,0.258,81.874,0.595,1
0.127,0.85,289933,0.361,0,1.32e-05,7,0.168,-13.405,1,24,0.0375,102.907,0.7979999999999999,4
0.423,0.718,383093,0.772,0,6.09e-05,5,0.0639,-9.148,1,54,0.0353,103.423,0.962,3
0.516,0.622,458907,0.468,0,0.0,5,0.337,-7.146,1,54,0.435,170.878,0.6920000000000001,2
0.816,0.675,162053,0.489,0,1.52e-05,7,0.408,-7.911,0,2,0.0471,135.86,0.7929999999999999,7
0.000429,0.393,249200,0.725,0,1.16e-06,2,0.246,-6.16,0,46,0.052000000000000005,116.547,0.327,1
0.987,0.51,205450,0.325,0,0.00036,2,0.6920000000000001,-9.472,0,0,0.037000000000000005,121.385,0.784,8
0.923,0.35600000000000004,998187,0.0922,0,0.0228,2,0.14400000000000002,-23.251,1,6,0.0547,93.285,0.225,8
0.785,0.468,182000,0.21600000000000005,0,0.00014,9,0.138,-12.755999999999998,1,11,0.0275,100.939,0.24,6
0.923,0.365,339947,0.18600000000000005,0,6.790000000000001e-05,5,0.0987,-9.925,1,48,0.0301,139.953,0.204,1
0.0306,0.263,239667,0.815,0,0.0,0,0.912,-11.566,1,33,0.0377,188.776,0.6859999999999999,4
0.995,0.484,262080,0.0373,0,0.905,7,0.123,-25.735,1,0,0.0432,119.571,0.128,7
1.13e-05,0.435,217173,0.895,0,0.0318,10,0.19,-8.7,1,44,0.0421,119.659,0.6679999999999999,3
0.481,0.626,469840,0.466,0,0.0104,2,0.0746,-14.295,1,44,0.0544,94.396,0.818,3
0.994,0.39,253827,0.0316,0,0.0276,6,0.16899999999999998,-19.798,1,11,0.0403,114.046,0.275,7
0.607,0.5429999999999999,360227,0.313,0,0.00985,1,0.16,-14.931,1,20,0.0419,88.884,0.43,7
0.889,0.612,179867,0.121,0,0.0018,9,0.111,-16.757,1,41,0.0316,79.762,0.292,2
0.977,0.397,329467,0.0943,0,0.19,6,0.158,-20.055,1,31,0.042,90.69,0.119,5
0.284,0.782,303030,0.3670000000000001,1,0.0,1,0.0899,-5.28,0,59,0.0548,99.004,0.425,1
0.262,0.6659999999999999,416267,0.349,0,0.0,10,0.253,-18.056,0,15,0.949,95.34,0.679,9
0.284,0.546,147680,0.934,0,0.8959999999999999,7,0.091,-6.4270000000000005,1,39,0.0475,115.641,0.746,2
0.846,0.5920000000000001,171240,0.28600000000000003,0,0.0,9,0.272,-10.229,1,42,0.0455,102.515,0.469,7
0.358,0.736,223854,0.847,0,0.0,1,0.101,-4.287,1,65,0.0756,143.996,0.915,1
0.564,0.321,203467,0.38,0,0.0,9,0.177,-15.405,1,32,0.119,77.457,0.359,4
0.976,0.687,180493,0.278,0,3.1e-05,7,0.179,-11.767,1,0,0.155,149.966,0.927,9
0.973,0.154,123272,0.000891,0,0.912,1,0.116,-37.952,1,61,0.0537,66.507,0.035,1
0.994,0.556,74318,0.124,0,0.919,4,0.121,-21.95,1,0,0.211,204.148,0.925,9
0.0663,0.469,222760,0.594,0,0.0,7,0.0806,-8.209,1,56,0.0403,167.22299999999996,0.485,3
0.892,0.6409999999999999,318613,0.441,0,0.0189,10,0.919,-15.607,1,31,0.0536,116.795,0.77,6
0.426,0.6579999999999999,201533,0.57,0,0.0,2,0.0545,-5.1960000000000015,1,50,0.0684,170.707,0.962,2
0.104,0.5579999999999999,147400,0.932,0,0.736,2,0.0806,-7.075,1,30,0.0613,111.249,0.961,6
0.194,0.544,262666,0.266,0,0.000105,3,0.0702,-11.743,1,36,0.0268,106.758,0.343,4
0.988,0.504,180349,0.179,0,0.0,1,0.116,-11.050999999999998,1,3,0.0304,75.814,0.677,8
0.976,0.337,204173,0.51,0,0.0743,7,0.317,-6.242000000000001,1,0,0.0412,76.59899999999998,0.778,8
0.16699999999999998,0.682,245800,0.298,0,5.13e-06,7,0.575,-9.943,1,42,0.0319,132.003,0.196,2
0.044,0.598,144293,0.652,0,0.7240000000000001,3,0.0935,-8.652999999999999,1,28,0.0277,116.39,0.851,6
0.0956,0.631,167067,0.652,0,0.000822,0,0.313,-14.686,1,30,0.0406,162.813,0.923,3
0.986,0.7909999999999999,191100,0.195,0,0.0,0,0.17800000000000002,-7.871,1,0,0.41,118.797,0.637,8
0.602,0.593,207933,0.81,0,0.0,1,0.119,-5.733,1,74,0.0625,144.011,0.7120000000000001,1
0.7859999999999999,0.731,161764,0.564,0,4.6e-05,11,0.0756,-5.8420000000000005,0,13,0.041,127.271,0.861,6
0.155,0.662,205720,0.527,0,0.0,10,0.274,-9.088,1,48,0.0418,126.055,0.403,6
0.8290000000000001,0.381,217773,0.18600000000000005,0,0.0163,5,0.104,-18.826,0,38,0.0354,83.40100000000002,0.233,4
0.889,0.382,80293,0.0541,0,2.88e-06,9,0.0832,-19.376,1,65,0.03,82.486,0.133,1
0.7859999999999999,0.434,178160,0.314,0,0.0,10,0.163,-7.78,0,69,0.0577,175.077,0.34700000000000003,1
0.5579999999999999,0.64,186760,0.627,0,4.87e-06,8,0.107,-3.339,1,48,0.0357,124.367,0.947,2
0.981,0.123,174867,0.0934,0,0.289,1,0.0882,-23.82800000000001,1,1,0.0457,180.362,0.231,8
0.136,0.629,293067,0.281,0,0.0,5,0.194,-13.115,1,29,0.0327,118.826,0.19,3
0.35200000000000004,0.431,212867,0.526,0,0.000176,9,0.132,-8.164,1,50,0.0238,90.599,0.412,2
0.008879999999999999,0.448,234307,0.978,0,0.00811,7,0.3720000000000001,-5.078,1,40,0.129,174.679,0.385,2
0.0089,0.524,227067,0.755,0,0.0,2,0.0485,-10.89,1,46,0.0468,142.543,0.785,4
0.684,0.465,256733,0.39,0,0.0,2,0.0944,-8.317,1,39,0.0265,138.221,0.126,3
0.929,0.512,183747,0.35200000000000004,0,0.464,0,0.29100000000000004,-17.563,1,3,0.0484,101.988,0.778,7
0.926,0.34700000000000003,198293,0.0633,0,1.03e-06,5,0.187,-18.854,1,13,0.036000000000000004,126.606,0.289,7
0.647,0.376,410733,0.441,0,1.76e-06,0,0.293,-11.925999999999998,1,30,0.0877,72.781,0.204,5
0.0057,0.636,589707,0.6809999999999999,0,0.158,10,0.08199999999999999,-11.825,0,37,0.0394,118.092,0.623,5
0.6970000000000001,0.581,209160,0.569,0,0.0,0,0.213,-2.376,1,58,0.0286,146.24,0.428,1
0.495,0.508,207973,0.596,0,0.0,9,0.0929,-6.767,1,38,0.0255,87.84200000000001,0.28600000000000003,6
0.0864,0.7829999999999999,194490,0.7609999999999999,1,0.0,7,0.643,-5.53,1,74,0.195,110.033,0.674,1
0.919,0.436,114875,0.101,0,0.391,9,0.0927,-18.343,0,54,0.0343,91.141,0.253,1
0.198,0.77,304667,0.421,0,0.0,0,0.0736,-9.067,1,40,0.0429,129.97,0.465,2
0.285,0.75,224293,0.617,0,0.00183,0,0.299,-8.022,1,64,0.0266,101.955,0.672,1
0.966,0.649,53080,0.575,0,0.00183,0,0.8759999999999999,-14.621,1,0,0.612,125.271,0.408,7
0.977,0.574,143856,0.647,0,0.00183,0,0.375,-4.908,0,0,0.0755,93.332,0.86,8
0.414,0.797,366733,0.431,0,0.0359,0,0.138,-16.457,1,37,0.0625,109.893,0.809,8
0.0853,0.901,123480,0.612,1,0.0,4,0.236,-8.77,1,61,0.469,139.904,0.78,0
0.16699999999999998,0.7120000000000001,195853,0.297,0,8.42e-06,10,0.207,-16.242,0,19,0.934,110.468,0.485,9
0.482,0.518,288027,0.362,0,1.3800000000000007e-05,9,0.152,-10.046,1,33,0.0337,87.181,0.293,3
0.987,0.612,196104,0.188,0,0.000692,10,0.0757,-7.815,0,0,0.214,66.98,0.8420000000000001,8
0.0512,0.8029999999999999,341400,0.911,0,0.736,2,0.0862,-6.045,1,29,0.036000000000000004,110.406,0.951,5
0.129,0.46,283640,0.5670000000000001,0,1.8100000000000006e-05,8,0.155,-5.8729999999999976,1,44,0.0456,98.652,0.248,2
0.0661,0.664,206800,0.693,0,0.0131,2,0.0744,-11.277,1,49,0.0365,138.274,0.973,3
0.992,0.5670000000000001,179066,0.239,0,3.82e-05,0,0.253,-7.667999999999997,0,0,0.331,92.141,0.601,7
0.965,0.392,160933,0.195,0,0.0,10,0.196,-14.845,1,19,0.037000000000000005,77.67,0.3720000000000001,7
0.000254,0.598,219360,0.8859999999999999,1,0.0151,11,0.0585,-4.912,0,41,0.0315,132.016,0.728,2
0.944,0.0951,177214,0.0872,0,0.96,7,0.0905,-24.16800000000001,1,64,0.0371,87.65299999999998,0.0389,1
0.14300000000000002,0.563,231773,0.87,0,0.0,6,0.114,-4.412,1,55,0.0351,140.064,0.655,1
0.484,0.639,242733,0.399,0,0.00056,5,0.133,-11.815,1,63,0.0248,79.113,0.306,3
0.075,0.609,238160,0.773,0,0.0,5,0.188,-9.166,1,45,0.0389,113.443,0.35200000000000004,3
0.992,0.486,389960,0.0689,0,0.7859999999999999,8,0.136,-21.753,1,0,0.0433,95.3,0.375,7
0.0168,0.378,208107,0.556,0,0.0,2,0.113,-10.089,1,20,0.0446,136.502,0.458,5
0.0093,0.649,213067,0.931,0,0.0,1,0.7509999999999999,-3.15,0,67,0.181,153.645,0.7440000000000001,2
0.939,0.764,185720,0.644,0,2.43e-05,10,0.0654,-6.149,1,11,0.0708,103.496,0.93,7
0.8740000000000001,0.5670000000000001,152667,0.127,0,0.892,0,0.138,-20.847,1,22,0.0405,124.446,0.187,5
0.119,0.898,125348,0.471,0,0.000146,1,0.105,-9.992,1,0,0.311,130.017,0.158,8
0.715,0.457,78320,0.342,0,0.0,0,0.687,-12.277,1,16,0.109,201.868,0.46,6
0.991,0.358,182733,0.35,0,0.0387,2,0.348,-13.585,1,0,0.0392,113.337,0.305,9
0.026,0.602,259080,0.79,0,7.43e-05,8,0.162,-4.46,1,61,0.0355,108.008,0.274,1
0.00798,0.8220000000000001,276500,0.7909999999999999,1,5.31e-05,1,0.0645,-5.959,0,52,0.0483,119.977,0.954,1
0.00745,0.6559999999999999,210307,0.746,0,9.990000000000004e-05,7,0.11,-10.442,1,34,0.0272,138.503,0.86,4
0.518,0.589,249307,0.631,0,0.0,11,0.522,-6.62,0,27,0.0253,89.175,0.54,4
0.00194,0.328,272947,0.823,0,0.000628,10,0.358,-8.377,0,27,0.0625,137.032,0.36,4
0.82,0.56,74707,0.0855,0,0.0,1,0.0964,-18.577,1,0,0.135,93.407,0.415,7
0.0515,0.873,140440,0.35700000000000004,0,0.00372,2,0.101,-10.483,0,34,0.0592,124.381,0.6459999999999999,4
0.00454,0.638,185947,0.523,1,0.0,1,0.0842,-6.664,1,79,0.35700000000000004,139.91299999999998,0.422,1
0.491,0.755,193960,0.335,0,0.000271,4,0.0685,-16.312,1,37,0.0316,102.583,0.481,4
0.199,0.648,343413,0.846,0,4.23e-06,0,0.0803,-6.731,1,74,0.0424,160.075,0.815,3
0.096,0.616,227080,0.6559999999999999,0,0.0008789999999999999,5,0.205,-7.297999999999999,1,72,0.0344,150.071,0.28600000000000003,1
0.951,0.785,161973,0.446,0,0.000183,1,0.14,-11.539,1,1,0.0552,107.049,0.785,10
0.789,0.5710000000000001,203027,0.604,0,0.368,9,0.52,-9.589,1,41,0.0467,85.145,0.528,5
0.995,0.649,200453,0.205,0,0.8420000000000001,3,0.107,-14.291,0,0,0.0726,88.883,0.684,7
0.516,0.5479999999999999,142507,0.774,0,0.00105,2,0.315,-12.411,1,25,0.0545,100.377,0.745,6
0.412,0.682,179293,0.556,0,0.00164,9,0.523,-12.257,1,25,0.0413,90.03200000000002,0.967,5
0.223,0.451,381560,0.376,0,0.00506,5,0.184,-10.398,0,53,0.0329,122.34,0.542,3
0.836,0.467,160333,0.247,0,0.0,5,0.0581,-12.218,1,0,0.0347,173.291,0.7979999999999999,7
0.00565,0.675,336933,0.67,0,0.00673,9,0.0805,-7.218,0,61,0.0514,90.23,0.726,3
0.622,0.7170000000000001,118356,0.124,1,0.0,0,0.597,-19.652,1,0,0.935,114.057,0.358,8
0.848,0.364,289800,0.182,0,0.765,6,0.0655,-19.375,1,45,0.0367,114.323,0.1,3
0.987,0.5539999999999999,98668,0.0931,0,0.922,0,0.127,-28.064,1,33,0.056,157.846,0.0889,5
0.00635,0.63,255750,0.902,0,0.0124,2,0.633,-3.205,1,53,0.0664,159.98,0.452,1
0.996,0.266,354920,0.0113,0,0.882,1,0.12,-36.076,0,18,0.0373,74.922,0.171,6
0.262,0.737,124733,0.637,0,0.0,6,0.319,-6.308,0,72,0.0735,100.033,0.537,1
0.000335,0.431,294000,0.7390000000000001,0,0.0581,10,0.103,-8.71,1,29,0.03,136.594,0.227,4
0.5589999999999999,0.752,237493,0.35100000000000003,0,0.000189,2,0.0654,-16.675,1,28,0.0648,93.367,0.936,5
0.381,0.531,249991,0.433,0,0.0279,0,0.163,-6.515,1,51,0.0339,113.272,0.244,1
0.872,0.234,205573,0.521,0,0.952,10,0.481,-9.543,1,56,0.0401,78.902,0.147,1
0.0658,0.758,166400,0.565,0,0.0,7,0.218,-7.74,1,49,0.237,164.02900000000002,0.446,2
0.494,0.373,403896,0.535,0,7.92e-06,1,0.106,-11.178,1,11,0.0871,148.257,0.616,6
0.901,0.645,79133,0.687,0,0.0,8,0.868,-19.825,0,0,0.516,131.482,0.0556,7
0.909,0.298,400467,0.124,0,8.41e-05,1,0.295,-16.843,1,42,0.0504,84.48299999999998,0.146,6
0.0807,0.601,207540,0.831,0,0.0,2,0.0599,-4.0710000000000015,1,40,0.0358,131.437,0.942,3
0.779,0.555,134493,0.218,0,7.699999999999999e-06,10,0.111,-12.204,0,9,0.0469,62.065,0.464,6
0.5660000000000001,0.423,311560,0.279,0,0.0521,8,0.104,-12.779000000000002,1,22,0.0306,72.77199999999998,0.305,5
0.183,0.3720000000000001,273587,0.33,0,0.000291,0,0.163,-10.425999999999998,1,47,0.0304,145.286,0.0792,5
0.491,0.687,96000,0.125,1,0.0,11,0.316,-17.808,0,0,0.958,140.643,0.618,8
0.526,0.736,270200,0.127,0,4.18e-06,0,0.11,-19.721,1,48,0.0391,106.133,0.305,5
0.948,0.255,145400,0.193,0,7.09e-06,11,0.343,-16.236,1,40,0.0363,70.536,0.16399999999999998,6
0.897,0.565,253267,0.284,0,0.16399999999999998,3,0.118,-14.965,1,16,0.0351,100.446,0.552,7
0.0779,0.53,362933,0.604,0,0.058,0,0.956,-12.872,1,22,0.032,107.275,0.416,4
0.992,0.393,185667,0.101,0,0.503,6,0.181,-15.651,0,0,0.126,62.76300000000001,0.629,7
0.0935,0.8190000000000001,219160,0.913,0,3.72e-05,4,0.161,-3.059,0,76,0.0427,119.989,0.536,1
0.7020000000000001,0.475,169600,0.6679999999999999,0,1.4300000000000005e-05,3,0.326,-6.3729999999999976,1,39,0.0426,71.98,0.622,6
0.00283,0.217,404257,0.787,0,0.00504,9,0.0775,-5.579,0,51,0.0596,132.964,0.0721,1
0.6679999999999999,0.807,152413,0.483,0,0.0,5,0.0923,-11.297,1,19,0.0327,115.363,0.858,6
0.409,0.591,227600,0.87,0,0.0,7,0.718,-6.381,1,60,0.0652,121.682,0.747,4
0.807,0.505,232653,0.281,0,0.47,9,0.0823,-15.826,0,20,0.0295,77.753,0.336,6
0.211,0.807,246907,0.59,0,0.000256,11,0.0476,-11.177,0,44,0.248,78.83,0.961,3
0.957,0.532,181838,0.5760000000000001,0,0.255,7,0.0539,-8.134,1,0,0.0473,174.584,0.966,7
0.713,0.464,306907,0.273,0,1.42e-05,0,0.723,-16.163,1,25,0.0655,89.939,0.57,7
0.826,0.527,116933,0.633,0,0.0,10,0.422,-8.56,0,43,0.114,183.174,0.961,8
0.125,0.84,271227,0.606,0,1.57e-06,2,0.31,-11.459,1,32,0.246,82.976,0.782,3
0.0211,0.684,295667,0.772,1,0.000464,8,0.0948,-3.443,0,45,0.275,82.20200000000001,0.4,2
0.195,0.792,193960,0.868,0,9.41e-06,10,0.0382,-2.681,1,51,0.0514,142.714,0.964,1
0.7929999999999999,0.67,170800,0.279,0,0.008790000000000001,5,0.109,-15.589,1,58,0.0289,77.82,0.552,5
0.123,0.605,239427,0.813,0,0.000586,0,0.0749,-6.7429999999999986,0,49,0.0315,119.397,0.8420000000000001,3
0.986,0.2,52413,0.00169,0,0.6940000000000001,7,0.166,-14.914,1,0,0.0412,133.812,0.0382,8
0.00027,0.602,203333,0.936,0,0.906,11,0.277,-4.222,1,42,0.0455,124.182,0.381,3
0.121,0.674,180160,0.706,0,3.12e-05,2,0.0827,-6.591,1,28,0.0292,119.601,0.638,5
0.112,0.547,148347,0.6709999999999999,0,0.0,11,0.426,-6.8679999999999986,0,23,0.0282,112.241,0.63,6
0.616,0.394,258400,0.315,0,0.00017,5,0.15,-9.864,1,34,0.0274,133.04399999999998,0.262,3
0.675,0.638,272143,0.5,0,0.00117,9,0.235,-8.714,0,56,0.0375,111.945,0.194,1
0.00992,0.594,225013,0.8140000000000001,0,0.000447,2,0.5770000000000001,-6.0070000000000014,1,49,0.0391,152.936,0.297,1
0.935,0.36,197660,0.307,0,4.85e-05,5,0.386,-8.679,1,7,0.0363,133.518,0.662,7
0.0482,0.5429999999999999,323400,0.6809999999999999,0,8.43e-05,7,0.104,-7.091,1,61,0.0289,95.415,0.292,3
0.541,0.603,173467,0.284,0,0.0,2,0.0677,-14.584,1,7,0.0873,105.779,0.639,8
0.0921,0.815,256840,0.68,0,0.000349,4,0.0741,-9.73,1,23,0.0474,112.863,0.961,4
0.0020800000000000003,0.382,147840,0.996,0,0.0,7,0.417,-4.119,1,58,0.104,93.345,0.327,3
0.99,0.6,142133,0.247,0,0.163,9,0.348,-11.817,1,2,0.0445,124.774,0.462,8
0.81,0.66,174490,0.447,0,2.15e-06,1,0.11,-9.026,0,71,0.0482,84.95,0.578,1
0.0166,0.649,289733,0.809,0,0.0181,10,0.117,-4.2780000000000005,1,39,0.0287,98.732,0.736,3
0.695,0.593,301640,0.316,0,0.362,7,0.113,-12.504,1,51,0.0314,124.038,0.14300000000000002,3
0.223,0.738,198800,0.498,0,1.57e-05,6,0.155,-12.091,1,50,0.0286,99.084,0.774,4
0.0933,0.618,353533,0.738,0,3.51e-06,9,0.344,-7.907999999999999,0,41,0.0695,82.29,0.741,3
0.184,0.434,444627,0.696,0,0.00393,5,0.318,-9.296,0,34,0.0523,99.023,0.536,6
0.988,0.336,108080,0.215,0,0.884,1,0.103,-22.174,1,1,0.035,111.473,0.63,7
0.7979999999999999,0.403,154533,0.284,0,0.0,10,0.142,-14.014,1,60,0.0338,176.537,0.6859999999999999,6
0.475,0.77,199787,0.838,0,0.0,8,0.105,-4.032,1,56,0.0661,121.059,0.965,1
0.457,0.569,177333,0.428,0,5.08e-06,7,0.105,-13.038,1,53,0.0292,113.168,0.617,7
0.0929,0.5,317027,0.513,0,2.87e-06,9,0.106,-4.725,0,50,0.03,131.47299999999998,0.256,2
0.931,0.28,287987,0.287,0,0.888,8,0.0762,-22.167,0,54,0.0367,87.95299999999996,0.509,1
0.359,0.634,233707,0.45,0,6.79e-06,0,0.0937,-8.335,1,64,0.0327,83.853,0.3670000000000001,2
0.99,0.494,84507,0.00389,0,0.0022600000000000003,10,0.11,-26.615,0,0,0.0682,86.102,0.191,7
0.8,0.55,225533,0.368,0,9.1e-05,0,0.118,-11.275,0,53,0.0698,136.983,0.16,2
0.0245,0.815,319925,0.542,1,0.0,11,0.232,-6.189,0,36,0.297,79.976,0.63,3
0.7,0.496,207493,0.517,0,0.000331,5,0.237,-12.681,1,25,0.262,180.975,0.599,5
0.104,0.71,171160,0.924,0,0.00563,6,0.117,-6.442,1,32,0.0345,119.309,0.961,4
0.995,0.459,138173,0.129,0,0.973,2,0.436,-24.289,1,0,0.0847,85.152,0.727,10
0.956,0.657,180507,0.575,0,0.816,7,0.378,-4.883,1,0,0.0601,119.802,0.848,9
0.177,0.425,235787,0.6409999999999999,0,3.94e-05,0,0.065,-6.6720000000000015,1,43,0.0384,145.745,0.189,2
0.934,0.626,184467,0.152,0,6.05e-05,5,0.12,-14.182,0,53,0.0405,82.17399999999998,0.545,7
0.718,0.6,205840,0.588,0,0.0114,9,0.35600000000000004,-13.138,1,27,0.0388,92.934,0.68,6
0.755,0.706,190440,0.293,0,0.000518,9,0.103,-10.151,1,43,0.0843,128.52100000000002,0.72,3
0.175,0.677,234093,0.598,0,0.0,0,0.201,-12.983,1,38,0.0407,140.616,0.7609999999999999,3
0.78,0.568,147493,0.2,0,0.0,1,0.0765,-14.275,1,9,0.0431,119.052,0.5379999999999999,7
0.8190000000000001,0.482,160973,0.255,0,0.0064,5,0.16,-10.489,1,20,0.0285,115.054,0.5720000000000001,6
0.667,0.662,176627,0.402,0,0.0,0,0.0923,-8.237,0,23,0.034,120.244,0.496,4
0.000146,0.475,234867,0.439,0,0.000277,11,0.223,-15.039,0,70,0.0427,118.392,0.76,5
0.006670000000000001,0.544,220440,0.674,0,0.000485,11,0.1,-13.18,0,28,0.0498,131.339,0.7090000000000001,4
0.00495,0.784,305667,0.561,1,2.73e-06,7,0.0869,-6.744,1,34,0.103,75.035,0.134,3
0.00111,0.578,241307,0.967,0,0.0005690000000000001,0,0.34,-6.02,1,52,0.0604,111.735,0.736,3
0.16,0.472,284862,0.691,1,0.0,6,0.507,-6.86,0,46,0.192,78.667,0.342,1
0.364,0.518,196920,0.5760000000000001,0,3.85e-05,4,0.132,-5.8210000000000015,1,51,0.0417,151.339,0.392,2
0.119,0.4320000000000001,217080,0.84,0,0.0544,5,0.345,-9.756,1,35,0.0422,147.755,0.892,5
0.616,0.8270000000000001,156867,0.396,0,0.00533,9,0.126,-11.511,1,43,0.0388,110.997,0.586,6
0.898,0.604,192773,0.21,0,0.0,7,0.113,-14.058,1,7,0.0458,138.69799999999998,0.6,7
0.995,0.636,204701,0.21600000000000005,0,0.127,9,0.294,-8.914,1,0,0.108,74.288,0.682,8
0.187,0.398,429467,0.578,0,0.00111,6,0.173,-12.033,1,29,0.049,138.125,0.485,3
0.121,0.7809999999999999,336519,0.602,1,0.0,1,0.14800000000000002,-5.426,1,54,0.107,121.998,0.324,1
0.0032,0.15,401867,0.59,0,0.589,7,0.145,-15.226,0,28,0.0538,156.591,0.258,5
0.8420000000000001,0.6679999999999999,113116,0.101,1,0.0,7,0.487,-21.111,1,0,0.961,95.517,0.362,8
0.973,0.198,137867,0.0411,0,0.0101,4,0.0772,-28.484,0,0,0.0485,76.488,0.0779,8
0.993,0.209,287000,0.0154,0,0.941,8,0.0957,-26.938,1,40,0.0433,68.312,0.12,3
0.0482,0.8079999999999999,341693,0.911,0,0.00193,11,0.0367,-4.087,0,37,0.0832,107.868,0.7390000000000001,3
0.847,0.6829999999999999,138490,0.147,0,2.61e-05,5,0.0979,-13.554,1,22,0.0349,108.401,0.484,5
0.376,0.493,303040,0.895,0,0.24,5,0.258,-6.439,1,3,0.0569,143.18,0.9,7
0.138,0.118,232275,0.998,0,0.988,9,0.371,-17.622,1,68,0.0464,82.788,0.00173,1
0.14800000000000002,0.607,229347,0.5329999999999999,0,0.0,2,0.0601,-10.077,1,44,0.0332,96.461,0.365,3
0.0663,0.54,151027,0.682,0,3.8e-06,8,0.34,-8.201,1,41,0.039,131.24200000000002,0.593,6
0.909,0.413,116507,0.2,0,0.0,11,0.127,-17.061,0,0,0.0529,132.41299999999998,0.295,8
0.077,0.8859999999999999,158692,0.479,1,0.0,4,0.135,-8.054,0,76,0.334,130.029,0.408,1
0.0146,0.598,252729,0.615,0,0.0,1,0.25,-5.848,1,58,0.297,98.806,0.14,0
0.315,0.695,247267,0.503,0,2.47e-05,7,0.261,-9.313,1,51,0.0605,96.818,0.542,6
0.052000000000000005,0.48,287760,0.7859999999999999,0,2.22e-06,4,0.111,-6.482,1,49,0.035,167.975,0.18,1
0.316,0.947,183182,0.8740000000000001,0,0.0,2,0.3720000000000001,-3.813,0,61,0.17600000000000002,120.063,0.835,1
0.434,0.7829999999999999,207560,0.794,0,0.0,11,0.293,-5.8729999999999976,0,57,0.0463,101.991,0.968,2
0.0415,0.69,223080,0.524,0,3.16e-06,6,0.17,-8.39,0,59,0.103,164.023,0.562,1
0.687,0.4920000000000001,251034,0.275,1,0.0,6,0.101,-13.4,0,80,0.3,92.6,0.18,1
0.0098,0.552,226907,0.877,0,0.00745,2,0.111,-7.752000000000002,0,38,0.0473,104.75,0.91,5
0.0727,0.376,169293,0.67,0,2.52e-06,10,0.0718,-9.273,1,61,0.0854,185.503,0.8370000000000001,6
0.988,0.607,155052,0.00955,0,0.894,8,0.14,-21.909,1,28,0.131,124.561,0.345,3
0.872,0.556,96907,0.685,0,0.00593,8,0.301,-10.300999999999998,1,31,0.0413,145.899,0.916,6
0.974,0.255,112120,0.247,0,0.0006929999999999999,3,0.473,-14.425999999999998,1,13,0.0431,88.51299999999998,0.25,7
0.113,0.575,200907,0.87,0,0.00854,9,0.0805,-5.0680000000000005,1,51,0.04,156.83700000000005,0.685,4
0.5670000000000001,0.484,235827,0.5710000000000001,0,0.000106,11,0.221,-8.76,1,44,0.0327,117.265,0.386,5
0.988,0.311,294560,0.0756,0,0.904,7,0.55,-22.152,1,0,0.0529,138.08700000000002,0.763,8
0.6779999999999999,0.524,150240,0.438,0,0.0,5,0.24,-9.316,1,26,0.0413,125.284,0.45,6
0.7490000000000001,0.3670000000000001,216280,0.476,0,0.0131,1,0.0981,-9.936,1,30,0.0328,108.975,0.364,5
0.0632,0.602,252147,0.723,1,0.0,4,0.0814,-5.354,0,45,0.381,72.719,0.611,2
0.16,0.7509999999999999,201600,0.768,0,0.0,7,0.0409,-9.833,1,41,0.0979,147.658,0.8809999999999999,4
0.00285,0.46,192600,0.951,0,0.833,2,0.0523,-6.869,1,49,0.108,108.005,0.336,4
0.981,0.536,191760,0.321,0,0.0475,8,0.0895,-12.75,1,11,0.0416,151.817,0.466,6
0.0377,0.5429999999999999,235520,0.82,0,0.0,10,0.18600000000000005,-4.559,0,43,0.269,89.387,0.563,2
0.779,0.5660000000000001,286013,0.133,0,0.627,4,0.129,-21.227,1,27,0.0346,73.1,0.405,5
0.947,0.481,229573,0.433,0,0.0032700000000000003,5,0.292,-7.891,1,36,0.0294,108.994,0.399,3
0.6659999999999999,0.65,398000,0.262,0,0.128,5,0.713,-14.048,0,36,0.0283,90.273,0.183,3
0.000116,0.67,275093,0.909,0,0.828,6,0.452,-7.314,0,22,0.0428,122.756,0.417,4
0.995,0.589,148452,0.061,0,0.00063,5,0.133,-14.927,0,0,0.294,106.107,0.647,8
0.4920000000000001,0.815,366693,0.441,0,4.38e-06,8,0.112,-7.805,0,50,0.11,91.861,0.772,1
0.598,0.513,325733,0.489,0,0.00488,7,0.485,-14.628,0,24,0.0356,81.94200000000002,0.679,5
0.00592,0.705,245080,0.911,0,0.00154,2,0.0603,-4.873,1,52,0.0717,113.032,0.8029999999999999,2
0.239,0.768,290200,0.5,0,0.00202,1,0.0344,-9.455,0,46,0.0554,99.78,0.96,2
0.971,0.399,202560,0.445,0,0.0,8,0.106,-10.598,1,0,0.131,76.825,0.447,9
0.227,0.58,170413,0.334,0,1.01e-06,4,0.101,-11.140999999999998,1,23,0.0442,70.66,0.457,6
0.615,0.5479999999999999,294667,0.475,0,0.8079999999999999,1,0.0944,-12.42,1,63,0.0355,126.976,0.0349,1
0.0557,0.406,385600,0.921,0,0.0345,7,0.982,-9.484,0,20,0.113,140.328,0.363,5
0.995,0.475,64827,0.112,0,0.94,4,0.128,-26.436,0,21,0.0845,153.751,0.959,7
0.095,0.601,299227,0.5539999999999999,0,0.007790000000000002,2,0.17,-8.977,1,27,0.0247,112.752,0.184,4
0.718,0.474,221733,0.386,0,0.0,1,0.123,-7.923999999999999,1,54,0.0297,138.02200000000002,0.272,1
0.735,0.435,186533,0.52,0,0.383,10,0.226,-11.669,1,5,0.0319,93.222,0.885,7
0.000443,0.547,268587,0.963,0,0.0251,4,0.353,-2.337,0,50,0.0744,130.061,0.441,2
0.541,0.6809999999999999,189733,0.59,0,5.47e-05,9,0.151,-9.45,1,37,0.0365,124.01,0.964,5
0.21,0.758,153149,0.848,0,0.0,10,0.114,-3.84,1,69,0.0457,127.96,0.706,0
0.0016300000000000002,0.48,216700,0.929,0,0.0,11,0.341,-3.931,1,52,0.0826,98.045,0.624,2
0.000245,0.445,384347,0.946,0,0.473,8,0.354,-5.284,0,30,0.0359,92.342,0.23,4
0.152,0.942,245067,0.595,0,0.00014199999999999998,8,0.0861,-9.781,0,35,0.0458,100.41,0.958,3
0.0076700000000000015,0.332,208627,0.965,0,0.907,9,0.369,-9.103,1,38,0.173,94.853,0.227,4
0.215,0.5539999999999999,175827,0.703,0,0.0177,4,0.116,-12.102,0,28,0.0559,95.135,0.7040000000000001,4
0.0656,0.73,279080,0.7659999999999999,0,2.31e-05,6,0.0524,-6.629,1,38,0.0856,128.273,0.321,4
0.17,0.415,139703,0.7809999999999999,0,0.0,9,0.04,-8.895,1,26,0.28300000000000003,191.835,0.873,5
0.993,0.52,233533,0.0953,0,0.000106,9,0.105,-19.041,1,0,0.248,73.926,0.473,7
0.805,0.634,307093,0.0379,0,0.0,7,0.0816,-19.856,1,41,0.0362,87.2,0.417,4
4.69e-05,0.365,197107,0.871,0,0.515,10,0.574,-10.58,0,28,0.0774,118.566,0.229,4
0.993,0.46,139200,0.174,0,0.5720000000000001,11,0.385,-15.92,0,0,0.0591,120.095,0.376,8
0.99,0.439,208440,0.147,0,0.0254,3,0.0824,-19.478,1,7,0.0513,79.852,0.535,7
0.0984,0.626,244827,0.68,0,0.00116,0,0.329,-6.834,1,47,0.0231,97.216,0.456,2
0.939,0.494,179667,0.141,0,4.8e-05,8,0.129,-13.95,1,17,0.0303,76.749,0.355,7
0.489,0.524,180333,0.345,0,0.0128,7,0.342,-15.659,1,53,0.0261,106.623,0.7709999999999999,4
0.7879999999999999,0.748,158755,0.457,0,2.81e-06,10,0.0508,-6.223,1,39,0.0646,120.403,0.957,2
0.391,0.537,221573,0.649,0,1.15e-05,3,0.0818,-7.064,1,29,0.0331,98.831,0.672,5
0.00409,0.435,256173,0.578,0,0.0,5,0.093,-13.349,1,34,0.0511,97.908,0.7020000000000001,6
0.383,0.458,320707,0.655,0,0.16699999999999998,2,0.103,-9.751,0,31,0.0314,102.223,0.7659999999999999,6
0.931,0.773,186813,0.539,0,1.64e-06,11,0.0559,-8.732000000000001,1,0,0.048,85.68299999999998,0.936,9
0.995,0.521,186760,0.226,0,0.593,8,0.113,-13.433,1,0,0.0454,113.696,0.541,8
0.991,0.725,181400,0.386,0,0.129,0,0.0705,-9.177,1,0,0.165,125.899,0.966,8
0.245,0.131,178440,0.184,0,0.00735,6,0.0849,-11.84,1,38,0.0374,62.474,0.0674,6
0.00239,0.434,221947,0.937,0,0.154,2,0.0917,-4.783,1,24,0.0333,147.549,0.883,5
0.258,0.677,100172,0.269,0,0.0823,9,0.139,-16.898,1,47,0.0583,117.009,0.557,3
0.847,0.37,165707,0.383,0,0.0,8,0.12,-8.061,1,7,0.0348,195.777,0.698,7
0.965,0.374,229326,0.0694,0,0.000368,9,0.0807,-16.529,1,69,0.0392,134.238,0.241,1
0.016,0.29100000000000004,165627,0.853,0,0.0,0,0.145,-6.452000000000001,1,24,0.0722,167.322,0.484,5
0.0394,0.863,230760,0.7809999999999999,0,0.000292,5,0.125,-8.546,0,61,0.0785,122.938,0.764,3
0.995,0.35700000000000004,340747,0.0711,0,0.936,7,0.0944,-21.946,0,0,0.0617,80.244,0.0746,8
0.0416,0.519,171760,0.534,0,6.02e-05,5,0.179,-9.344,1,22,0.0266,114.007,0.552,6
0.99,0.149,163020,0.555,0,0.504,11,0.111,-29.489,1,65,0.0549,136.595,0.0272,0
0.782,0.746,120027,0.251,1,0.00203,11,0.106,-16.169,0,76,0.259,139.999,0.18,1
0.992,0.42,173907,0.12,0,0.0,9,0.0998,-11.156,1,5,0.0359,87.816,0.525,9
0.0916,0.305,317493,0.997,0,0.001,6,0.94,-2.93,1,45,0.464,85.024,0.0612,2
0.608,0.519,193133,0.222,0,0.0328,1,0.0604,-17.719,1,26,0.0323,125.354,0.627,6
0.809,0.202,137733,0.21,0,0.0,3,0.158,-11.671,1,0,0.0323,87.852,0.26,9
0.902,0.568,183947,0.221,0,0.722,7,0.368,-16.464000000000002,1,0,0.0492,115.212,0.481,8
0.326,0.518,167293,0.466,0,1.11e-06,7,0.174,-13.555,1,24,0.0325,114.303,0.642,6
0.0011,0.426,286533,0.8809999999999999,0,0.00279,4,0.124,-3.458,0,51,0.0403,140.004,0.384,2
0.279,0.455,274533,0.747,0,0.0243,4,0.0992,-7.955,0,36,0.0455,135.535,0.733,5
0.939,0.628,157753,0.126,0,0.00348,2,0.101,-14.731,1,0,0.272,176.793,0.883,8
0.16,0.439,301333,0.393,0,0.0,10,0.177,-10.692,0,30,0.0506,140.958,0.589,4
0.499,0.785,217027,0.629,0,0.0,1,0.108,-5.341,1,39,0.0583,135.998,0.884,2
0.887,0.682,170800,0.593,0,0.7879999999999999,5,0.278,-13.807,0,1,0.0647,141.12,0.768,9
0.00156,0.674,243587,0.659,0,0.00765,8,0.108,-8.049,1,34,0.0277,99.768,0.6970000000000001,3
0.00834,0.909,217427,0.517,1,0.0,4,0.142,-11.018,1,42,0.165,125.048,0.539,2
0.0504,0.637,257067,0.759,0,0.0,3,0.0642,-6.3889999999999985,0,64,0.0305,93.898,0.741,3
0.361,0.294,171600,0.2,0,1.93e-06,9,0.0956,-17.788,1,8,0.0411,117.52,0.127,7
0.91,0.314,454467,0.17,0,0.807,2,0.109,-13.483,1,0,0.0362,134.22799999999998,0.111,7
0.475,0.6729999999999999,371000,0.882,0,0.893,4,0.114,-7.207000000000002,0,42,0.0322,118.558,0.847,2
0.287,0.861,185560,0.339,0,0.000769,2,0.21600000000000005,-15.253,1,29,0.0474,120.626,0.93,5
0.084,0.448,295213,0.605,0,0.00656,7,0.1,-9.105,1,33,0.054000000000000006,129.345,0.52,6
0.324,0.794,288267,0.475,0,0.0,9,0.0359,-9.107,1,43,0.119,109.562,0.7290000000000001,2
0.00562,0.383,312893,0.887,0,0.007790000000000002,4,0.141,-4.734,0,55,0.0468,106.811,0.282,4
9.26e-05,0.487,213907,0.92,0,0.328,11,0.21600000000000005,-9.344,1,31,0.0408,146.844,0.584,3
0.992,0.6509999999999999,155640,0.098,0,0.332,0,0.141,-15.032,0,0,0.287,132.076,0.7170000000000001,8
0.505,0.562,183053,0.413,0,0.0,11,0.202,-10.3,0,0,0.0415,158.107,0.912,7
0.0196,0.7809999999999999,207293,0.738,0,0.0,2,0.36,-7.7189999999999985,1,50,0.0296,128.468,0.741,4
0.93,0.147,231960,0.304,0,0.943,2,0.11,-11.513,1,23,0.0328,74.896,0.0706,6
0.399,0.8290000000000001,256400,0.475,0,0.0163,7,0.0984,-14.252,1,24,0.0423,100.476,0.923,4
0.434,0.5770000000000001,181186,0.363,0,0.0,7,0.102,-8.664,0,7,0.125,136.94899999999998,0.425,6
0.26,0.625,201013,0.569,0,0.0,0,0.127,-5.954,1,50,0.0271,149.987,0.361,1
0.655,0.5820000000000001,221867,0.397,0,0.0,6,0.0399,-13.099,1,46,0.033,143.798,0.29,4
0.369,0.29100000000000004,617851,0.13,0,0.215,2,0.4,-25.408,1,33,0.0431,118.424,0.0973,5
0.0111,0.534,282440,0.45,0,7.31e-05,7,0.535,-13.076,1,42,0.0255,101.288,0.63,4
0.964,0.5770000000000001,126312,0.387,1,0.705,7,0.208,-8.607000000000001,1,62,0.274,146.565,0.459,1
0.982,0.422,170160,0.219,0,0.00016299999999999998,8,0.285,-8.062999999999999,1,1,0.0345,80.105,0.612,8
0.266,0.616,329360,0.462,0,0.00024700000000000004,2,0.111,-14.227,0,33,0.0317,92.405,0.949,3
0.209,0.457,181773,0.883,0,5.11e-06,10,0.0912,-5.61,0,52,0.0376,99.937,0.736,1
0.978,0.613,327013,0.28800000000000003,0,0.145,10,0.105,-10.319,1,9,0.0497,124.936,0.537,7
0.000323,0.5770000000000001,381200,0.79,0,0.012,8,0.086,-9.708,1,37,0.0311,113.036,0.458,3
