0.00128,0.516,229787,0.952,0,0.00026000000000000003,9,0.991,-8.113999999999999,1,28,0.0748,143.85,0.47,5
0.0389,0.902,162791,0.85,1,0.0,7,0.0838,-6.39,1,64,0.358,120.132,0.556,0
0.937,0.298,135667,0.0947,0,0.858,0,0.11,-17.058,1,0,0.0474,117.705,0.0729,7
0.973,0.282,172587,0.0842,0,5.88e-05,10,0.276,-19.709,1,0,0.0445,120.606,0.102,7
0.294,0.64,360440,0.507,0,3.5e-05,7,0.0362,-9.678,1,52,0.0245,80.123,0.763,3
0.792,0.175,207586,0.206,0,0.248,0,0.379,-16.469,1,21,0.0355,76.758,0.131,6
0.105,0.835,281983,0.364,0,0.000405,0,0.102,-11.674,0,34,0.0444,139.791,0.87,4
0.843,0.429,142173,0.132,0,0.00046,2,0.135,-17.97,1,25,0.0572,140.139,0.395,6
0.0504,0.758,218200,0.5589999999999999,1,0.0,8,0.172,-10.326,0,61,0.163,112.938,0.345,1
0.916,0.191,219027,0.0707,0,2.28e-06,0,0.129,-16.218,1,26,0.0322,89.848,0.0525,6
0.682,0.652,140960,0.454,0,4.51e-05,0,0.112,-11.934,1,17,0.026,99.804,0.887,6
0.0735,0.8440000000000001,156081,0.5329999999999999,1,3.46e-06,1,0.0953,-9.612,1,61,0.552,140.078,0.23,1
0.327,0.7240000000000001,215893,0.585,0,2.38e-06,0,0.139,-7.68,1,60,0.0312,108.114,0.525,3
0.0534,0.735,223813,0.8390000000000001,0,0.0,6,0.0942,-4.705,0,46,0.271,89.94200000000002,0.8340000000000001,2
0.762,0.602,117573,0.731,0,0.0249,5,0.181,-10.66,1,31,0.0521,127.025,0.924,6
0.0248,0.487,236827,0.905,0,9.34e-05,2,0.175,-5.085,1,51,0.118,159.622,0.624,2
0.975,0.233,707173,0.0252,0,0.601,2,0.14300000000000002,-24.824,1,59,0.0346,94.736,0.0936,4
0.011,0.736,218453,0.863,0,0.112,7,0.328,-7.944,1,42,0.032,141.033,0.741,3
4.760000000000001e-05,0.456,209973,0.906,1,0.00333,8,0.0965,-6.394,1,35,0.043,125.848,0.441,3
0.995,0.596,138275,0.366,0,0.419,8,0.36,-9.66,1,0,0.461,193.232,0.8,8
0.988,0.6409999999999999,200617,0.0564,0,6.14e-05,9,0.139,-9.826,0,0,0.162,122.36,0.458,7
0.96,0.334,469773,0.405,0,0.508,1,0.406,-12.894,1,0,0.0844,128.17600000000002,0.171,8
0.982,0.639,207827,0.269,0,0.12,8,0.141,-11.435,1,59,0.0698,124.866,0.539,7
0.383,0.637,260000,0.922,1,3.67e-05,9,0.0646,-6.843,1,37,0.0649,97.854,0.847,3
0.828,0.316,636427,0.243,0,0.0047,2,0.175,-19.476,1,43,0.0482,84.88600000000002,0.662,3
0.0059700000000000005,0.507,144787,0.852,0,0.007109999999999998,4,0.306,-9.557,0,22,0.146,115.43,0.439,5
0.374,0.629,204853,0.34,0,0.8740000000000001,0,0.127,-12.388,0,32,0.0388,108.848,0.417,5
0.498,0.45,233173,0.441,0,0.00562,9,0.133,-12.718,0,70,0.0352,208.282,0.8109999999999999,5
0.705,0.429,135560,0.392,0,0.0263,0,0.11,-13.407,1,41,0.0334,147.748,0.475,5
0.0914,0.873,437760,0.419,0,0.306,6,0.0476,-7.814,0,47,0.0477,113.622,0.935,4
0.599,0.513,152133,0.589,0,0.0,6,0.117,-10.697,0,12,0.0534,93.702,0.848,7
0.994,0.45,274333,0.0288,0,0.895,7,0.118,-17.387999999999998,1,12,0.0467,130.838,0.358,6
0.8370000000000001,0.715,144600,0.797,0,0.0,3,0.209,-10.154,1,60,0.193,92.739,0.841,7
0.00971,0.591,235840,0.847,0,0.000124,7,0.17600000000000002,-4.963,1,54,0.0642,104.004,0.64,1
0.265,0.634,317733,0.551,1,0.0,10,0.204,-5.698,1,40,0.208,72.202,0.343,2
0.833,0.489,97627,0.713,0,0.0,8,0.308,-9.811,0,45,0.0644,123.619,0.688,3
0.8809999999999999,0.445,161867,0.311,0,0.00457,3,0.118,-11.341,1,28,0.029,70.268,0.419,6
0.973,0.639,63467,0.426,0,0.0,2,0.206,-9.864,0,5,0.0378,101.885,0.934,9
0.156,0.7120000000000001,126344,0.726,1,0.0,8,0.292,-7.987,1,61,0.273,146.766,0.7709999999999999,1
0.92,0.63,155000,0.28300000000000003,0,0.004079999999999999,5,0.0712,-9.173,0,3,0.041,76.251,0.575,9
0.967,0.16699999999999998,258000,0.0527,0,0.939,5,0.097,-23.806,1,8,0.0452,80.944,0.131,6
0.986,0.306,236707,0.234,0,0.9,2,0.16899999999999998,-18.832,1,0,0.0297,87.45299999999996,0.123,8
0.0411,0.555,221920,0.923,0,0.0,0,0.112,-5.908,1,49,0.0482,116.012,0.682,1
0.0218,0.44,271840,0.931,0,4.83e-05,9,0.393,-7.285,1,35,0.0627,191.326,0.575,4
0.375,0.5529999999999999,309587,0.632,0,0.0,4,0.267,-4.837,0,61,0.0782,85.1,0.687,2
0.0927,0.398,444933,0.6990000000000001,0,0.0,10,0.967,-4.308,0,43,0.0342,181.93400000000003,0.625,2
0.171,0.856,235780,0.617,0,0.0,10,0.0857,-5.308,0,65,0.0841,136.082,0.759,1
0.61,0.652,170987,0.758,0,5.75e-05,1,0.16399999999999998,-3.006,0,43,0.0318,145.509,0.961,2
0.7959999999999999,0.54,151640,0.18600000000000005,0,5.15e-06,0,0.163,-11.638,0,8,0.0415,120.579,0.491,6
0.0527,0.731,213733,0.499,0,0.0015,11,0.0362,-13.619000000000002,0,45,0.374,202.675,0.47,3
0.996,0.515,181973,0.478,0,0.94,6,0.465,-14.68,1,0,0.0346,80.6,0.818,10
0.055,0.603,184627,0.8640000000000001,1,0.00493,4,0.0986,-3.341,0,60,0.0668,160.488,0.616,3
0.988,0.35600000000000004,189467,0.544,0,0.909,3,0.422,-9.068,0,0,0.0488,78.81,0.964,9
0.964,0.498,81734,0.54,0,0.434,2,0.654,-7.222,1,0,0.17,183.047,0.872,8
0.754,0.508,333760,0.307,0,0.00171,0,0.0756,-13.619000000000002,0,25,0.0396,155.441,0.361,6
0.753,0.504,485013,0.201,0,2.53e-05,9,0.308,-14.839,0,7,0.0395,135.591,0.476,7
0.933,0.183,245200,0.0548,0,0.0463,2,0.0906,-22.567,1,24,0.0419,86.60600000000002,0.205,4
0.108,0.583,215147,0.8859999999999999,0,1.18e-05,5,0.109,-4.027,1,50,0.0344,165.016,0.853,1
0.958,0.638,191867,0.141,0,1.19e-05,3,0.392,-11.388,0,0,0.086,143.118,0.5489999999999999,9
0.0224,0.391,257413,0.789,0,9.95e-06,2,0.14300000000000002,-6.166,1,54,0.0436,126.544,0.338,1
0.506,0.294,258160,0.483,0,0.0185,4,0.128,-11.674,1,35,0.031,79.946,0.174,5
0.000859,0.273,99409,0.986,0,0.0,9,0.0898,-3.731,0,33,0.102,161.909,0.573,4
0.405,0.762,134760,0.748,0,2.84e-05,9,0.232,-7.103,1,7,0.0324,135.46,0.991,6
0.316,0.625,165147,0.674,0,0.0,7,0.7440000000000001,-10.321,1,31,0.0515,135.944,0.976,3
0.989,0.5770000000000001,198333,0.32299999999999995,0,0.892,10,0.101,-13.556,0,0,0.0444,115.902,0.794,9
0.8420000000000001,0.404,152800,0.242,0,0.0,10,0.2,-15.012,1,36,0.0311,177.38,0.742,3
0.956,0.5589999999999999,334867,0.128,0,0.81,10,0.117,-18.45,0,18,0.038,120.16,0.221,6
6.14e-05,0.332,284693,0.943,0,0.0872,3,0.39,-5.394,1,41,0.0529,135.019,0.54,2
0.32299999999999995,0.7120000000000001,222360,0.721,0,1.82e-05,2,0.0945,-5.325,1,38,0.0551,80.044,0.722,2
0.000559,0.501,529373,0.977,1,0.721,9,0.0573,-5.421,0,30,0.0471,96.796,0.8759999999999999,4
0.797,0.446,305173,0.622,0,3.99e-06,0,0.11,-5.791,1,49,0.0383,129.439,0.28,2
0.6609999999999999,0.595,238000,0.309,0,0.000149,8,0.458,-10.422,1,50,0.0593,124.918,0.469,5
0.0027600000000000003,0.131,220027,0.916,0,0.28600000000000003,1,0.173,-10.552,1,34,0.0761,145.95,0.0349,4
0.14400000000000002,0.327,221493,0.92,0,0.84,9,0.774,-5.223,1,53,0.0611,167.972,0.439,6
0.16899999999999998,0.732,107151,0.132,1,7.3e-05,5,0.245,-21.556,1,0,0.8290000000000001,84.54799999999999,0.545,8
0.118,0.752,193748,0.765,1,0.0,9,0.31,-5.805,0,68,0.0908,105.998,0.309,1
0.952,0.413,259707,0.0342,0,0.000314,8,0.127,-26.111,1,50,0.0402,102.662,0.177,7
0.313,0.6920000000000001,190775,0.6509999999999999,0,1.93e-06,3,0.162,-4.296,1,40,0.0282,101.648,0.765,2
0.585,0.816,196653,0.631,0,0.0,7,0.477,-10.746,1,34,0.0541,110.497,0.718,5
8.2e-05,0.332,232213,0.895,0,0.611,5,0.34600000000000003,-11.326,1,36,0.033,139.355,0.534,4
0.639,0.637,137293,0.4320000000000001,0,0.0,9,0.0839,-12.771,1,28,0.031,92.769,0.826,7
0.443,0.605,313200,0.451,0,0.0,0,0.244,-13.567,1,30,0.0361,106.228,0.542,4
0.99,0.457,152093,0.371,0,0.93,4,0.17800000000000002,-15.717,0,18,0.0421,107.44,0.759,9
0.8759999999999999,0.382,192453,0.155,0,1.82e-05,0,0.115,-14.586,1,36,0.031,173.783,0.371,3
0.0357,0.907,212600,0.531,1,2.68e-05,1,0.109,-4.975,1,41,0.397,90.481,0.765,3
0.7040000000000001,0.655,153076,0.526,0,8.290000000000001e-05,0,0.11,-10.325,1,24,0.0533,92.573,0.944,5
0.495,0.267,304379,0.376,0,0.145,3,0.638,-12.908,1,0,0.0331,94.762,0.313,8
0.616,0.546,139707,0.17,0,0.7609999999999999,11,0.113,-18.368,1,37,0.0525,75.277,0.209,3
0.32299999999999995,0.512,255333,0.311,0,2.56e-06,0,0.0539,-21.078000000000007,1,43,0.0275,97.85,0.445,5
0.0604,0.295,248040,0.74,0,0.142,9,0.193,-13.073,0,25,0.0344,135.299,0.506,5
0.617,0.6920000000000001,214773,0.334,0,0.00925,4,0.113,-14.776,1,24,0.157,130.561,0.852,6
0.96,0.511,189507,0.4370000000000001,0,0.183,0,0.301,-6.6670000000000025,1,0,0.191,164.601,0.6579999999999999,9
0.29600000000000004,0.752,236133,0.593,0,0.000196,7,0.168,-13.673,1,47,0.0367,133.266,0.8340000000000001,4
0.589,0.736,182869,0.424,0,1.96e-06,5,0.0843,-8.579,1,47,0.0437,96.561,0.97,4
4e-05,0.207,387400,0.982,1,6.1e-05,11,0.112,-2.623,1,45,0.251,198.171,0.126,2
0.994,0.318,180227,0.192,0,3.31e-06,2,0.119,-20.172,1,9,0.0568,108.584,0.311,6
0.773,0.525,132693,0.21600000000000005,0,5.01e-05,5,0.17,-11.4,0,4,0.0436,143.637,0.485,7
0.974,0.373,172733,0.29,0,1.24e-06,5,0.0903,-11.722,1,38,0.0413,217.743,0.482,2
0.131,0.733,262693,0.385,0,0.0,0,0.132,-12.958,1,28,0.0494,81.23899999999998,0.703,4
0.988,0.37,183147,0.208,0,0.000253,10,0.125,-10.647,0,0,0.049,79.804,0.458,9
9.1e-06,0.44,245973,0.942,0,0.0531,4,0.321,-5.9979999999999976,0,46,0.0554,79.508,0.584,2
0.0976,0.537,200440,0.921,0,0.0,10,0.121,-4.892,1,41,0.0675,105.553,0.769,2
0.11,0.401,287747,0.306,0,0.00228,11,0.285,-14.921,0,35,0.027000000000000003,174.363,0.387,4
0.131,0.465,357733,0.515,0,0.00122,0,0.0958,-8.11,0,33,0.0331,116.18,0.518,5
0.0411,0.665,259333,0.6779999999999999,0,0.007790000000000002,9,0.653,-10.969,1,21,0.0439,90.244,0.758,6
0.748,0.472,220733,0.0711,0,0.0,3,0.177,-20.641,1,6,0.0327,113.136,0.368,6
0.984,0.426,151867,0.189,0,0.735,4,0.551,-22.835,0,0,0.0411,83.81700000000002,0.3720000000000001,8
0.982,0.633,140507,0.149,0,0.94,9,0.133,-20.271,1,25,0.07400000000000001,120.859,0.654,6
0.8270000000000001,0.495,156093,0.499,0,0.0,0,0.401,-8.009,0,0,0.0474,108.004,0.7090000000000001,7
0.474,0.394,251533,0.5329999999999999,0,1.42e-06,4,0.19,-9.648,1,55,0.0393,134.955,0.422,4
0.7909999999999999,0.649,514805,0.245,0,0.0,10,0.422,-18.589,0,0,0.966,88.398,0.5529999999999999,9
0.962,0.616,281500,0.0284,0,0.0111,0,0.0594,-17.645,1,58,0.049,110.848,0.0781,1
0.000668,0.438,446146,0.687,0,0.0801,7,0.42,-9.15,1,45,0.0619,103.01,0.426,4
0.00034700000000000003,0.48,278133,0.856,0,0.00418,0,0.133,-4.409,1,56,0.0484,134.22899999999998,0.324,1
0.825,0.7020000000000001,287295,0.253,0,0.0121,7,0.11,-11.898,1,40,0.0421,140.46200000000002,0.47,4
0.917,0.453,133600,0.0287,0,0.000113,8,0.101,-22.37,1,58,0.136,187.229,0.473,1
0.99,0.3670000000000001,154987,0.123,0,0.904,11,0.23,-19.237,1,0,0.0334,78.045,0.0834,8
0.51,0.84,151360,0.685,0,0.29100000000000004,9,0.0511,-8.793,0,19,0.0695,110.786,0.968,5
0.2,0.5920000000000001,179587,0.7609999999999999,0,1.4e-05,3,0.146,-6.2120000000000015,1,49,0.0284,153.362,0.861,2
7.329999999999999e-05,0.307,290360,0.825,0,0.000668,7,0.105,-5.3870000000000005,1,31,0.0394,84.06299999999997,0.35100000000000003,3
0.778,0.369,327467,0.691,0,1.39e-05,0,0.327,-6.234,1,49,0.0387,104.371,0.382,6
0.00429,0.209,256760,0.593,0,0.0,7,0.212,-4.292,1,60,0.0324,82.24600000000002,0.34,1
0.915,0.0827,347693,0.0184,0,0.27,2,0.173,-29.09,1,5,0.0479,81.885,0.0691,8
0.8029999999999999,0.643,151522,0.6629999999999999,0,0.00536,10,0.131,-8.431000000000001,1,0,0.0536,112.565,0.921,8
0.996,0.4320000000000001,156267,0.264,0,0.925,4,0.38,-14.616,1,0,0.0585,118.359,0.5870000000000001,10
0.715,0.425,187027,0.535,0,0.0258,6,0.0834,-11.964,1,17,0.0902,180.377,0.78,7
0.000452,0.303,103745,0.93,0,0.542,4,0.183,-6.097,0,36,0.11,101.702,0.466,4
0.7490000000000001,0.294,194933,0.445,0,0.0,8,0.0809,-8.056000000000001,1,16,0.0452,73.895,0.606,6
0.982,0.885,177308,0.355,0,0.02,8,0.187,-9.383,1,0,0.0575,114.498,0.936,10
0.823,0.529,226147,0.263,0,0.0753,10,0.108,-14.748,1,41,0.0276,110.059,0.422,5
0.103,0.227,173560,0.962,0,0.0289,7,0.24,-4.963,1,49,0.0991,161.112,0.518,4
0.522,0.723,202032,0.368,1,5.23e-05,9,0.231,-13.036,1,0,0.0477,121.525,0.467,9
0.456,0.6829999999999999,242760,0.652,0,0.0,4,0.0908,-11.093,0,21,0.0484,114.375,0.883,5
0.391,0.665,149320,0.488,1,0.000647,0,0.0952,-4.711,0,58,0.327,151.582,0.5489999999999999,1
0.994,0.544,204133,0.116,0,0.883,2,0.104,-19.938,0,0,0.0504,69.747,0.81,9
0.219,0.424,185200,0.355,0,1.3699999999999998e-05,6,0.126,-13.989,1,22,0.0295,106.66,0.527,7
0.0457,0.594,366067,0.913,1,0.000191,11,0.284,-4.545,0,52,0.294,92.038,0.735,2
0.361,0.597,324720,0.445,0,0.00041500000000000017,5,0.645,-8.947000000000003,0,48,0.0324,140.053,0.579,2
0.5760000000000001,0.8029999999999999,237106,0.488,0,0.0609,1,0.0763,-9.303,1,49,0.0803,95.771,0.624,5
0.969,0.512,190587,0.101,0,0.182,5,0.123,-16.703,0,18,0.0531,68.47800000000001,0.156,7
0.0284,0.63,291320,0.552,0,0.275,5,0.527,-12.456,1,50,0.0343,122.617,0.6559999999999999,4
0.962,0.613,258800,0.463,0,0.00247,0,0.168,-10.390999999999998,0,27,0.0787,96.961,0.696,7
0.011,0.797,218027,0.274,0,0.0,11,0.118,-14.849,1,47,0.157,166.572,0.6609999999999999,3
0.247,0.374,259107,0.309,0,1.18e-06,0,0.113,-13.251,1,33,0.0301,122.611,0.262,4
0.925,0.365,339773,0.271,0,0.629,0,0.7190000000000001,-12.836,0,10,0.0365,55.795,0.332,7
0.146,0.599,131067,0.7609999999999999,0,0.000235,4,0.4,-14.837,1,33,0.0501,123.469,0.382,4
0.968,0.258,181987,0.208,0,0.0111,0,0.326,-13.1,1,0,0.0431,89.995,0.397,9
0.0511,0.674,212600,0.61,0,0.0,10,0.0526,-9.336,1,39,0.0312,115.249,0.727,5
0.992,0.524,178227,0.121,0,0.937,7,0.116,-16.896,1,0,0.0362,75.751,0.5479999999999999,8
0.98,0.262,106693,0.0303,0,0.593,3,0.0946,-30.076,1,8,0.0403,128.74200000000002,0.237,8
0.965,0.308,198223,0.382,0,0.299,3,0.155,-10.532,0,25,0.0344,63.223,0.527,7
0.967,0.742,173627,0.107,0,7.29e-06,9,0.112,-12.924,0,8,0.0386,105.929,0.5920000000000001,9
0.000981,0.348,64392,0.991,1,5.320000000000001e-05,7,0.693,-6.095,1,50,0.0996,136.08700000000002,0.0526,2
0.0756,0.852,177733,0.378,1,0.0,7,0.35,-11.729,1,34,0.272,99.888,0.514,3
0.7509999999999999,0.5,292679,0.253,0,0.00415,11,0.115,-11.916,1,17,0.0552,183.251,0.409,6
0.7979999999999999,0.619,336733,0.281,0,0.7709999999999999,8,0.168,-13.825,1,8,0.0413,121.32,0.29,6
0.585,0.931,166773,0.409,0,1.11e-06,3,0.0946,-8.059,0,40,0.159,95.02,0.715,3
0.16399999999999998,0.775,214333,0.816,0,0.0,0,0.126,-5.534,1,59,0.0281,98.219,0.753,3
0.0356,0.525,234001,0.785,1,0.0,2,0.103,-2.407,0,65,0.0455,170.116,0.47,1
0.158,0.377,210467,0.6659999999999999,0,0.000621,2,0.339,-8.066,1,38,0.0314,122.146,0.637,6
0.499,0.57,154200,0.269,0,0.0,4,0.0613,-11.914,1,26,0.0261,87.83,0.68,4
0.906,0.233,153573,0.0953,0,0.867,2,0.5710000000000001,-20.885,0,54,0.0345,50.898,0.0929,2
0.0875,0.629,123400,0.277,1,0.0,10,0.193,-18.206,0,0,0.951,176.64,0.7959999999999999,10
0.865,0.637,251000,0.575,0,0.759,3,0.153,-7.763,0,2,0.0945,115.655,0.779,9
0.0303,0.685,148147,0.943,0,0.0,2,0.212,-4.879,1,54,0.0644,116.945,0.7759999999999999,2
0.995,0.79,47213,0.0224,0,0.939,3,0.159,-27.016,1,0,0.199,92.912,0.534,8
0.728,0.304,182000,0.259,0,0.00602,3,0.113,-7.3820000000000014,1,15,0.0311,139.665,0.236,6
0.992,0.374,170330,0.386,0,0.938,8,0.0953,-13.800999999999998,1,0,0.0532,79.322,0.8909999999999999,9
0.949,0.326,227040,0.0273,0,1.47e-05,10,0.29600000000000004,-20.597,1,15,0.0341,87.71799999999998,0.15,7
0.513,0.583,350267,0.386,0,0.0076799999999999985,0,0.0735,-9.509,1,52,0.0513,105.987,0.273,5
0.888,0.434,159507,0.273,0,0.000521,5,0.302,-13.012,1,9,0.0299,91.838,0.512,7
0.995,0.392,95800,0.142,0,0.848,5,0.124,-19.609,0,0,0.0472,67.387,0.0784,8
0.994,0.455,175778,0.152,0,1.6100000000000002e-05,6,0.34700000000000003,-14.005,1,0,0.158,81.234,0.607,9
0.772,0.75,142267,0.114,0,0.0474,7,0.08900000000000001,-17.594,0,31,0.0544,63.07,0.0525,4
0.603,0.7070000000000001,238280,0.229,0,4.15e-05,0,0.0985,-13.679,1,30,0.0419,106.61,0.593,7
0.000103,0.165,439507,0.991,0,0.00177,9,0.812,-4.761,1,28,0.111,154.939,0.0779,5
0.677,0.6809999999999999,197773,0.358,0,0.00411,0,0.124,-14.701,0,63,0.138,113.402,0.0682,1
0.042,0.466,173933,0.965,0,0.0,1,0.101,-2.597,0,50,0.0904,95.028,0.453,2
0.976,0.202,573880,0.0212,0,0.7290000000000001,5,0.0681,-24.782,1,10,0.044,78.753,0.14,7
0.818,0.521,174867,0.28300000000000003,0,0.0,7,0.385,-16.744,0,34,0.0525,89.697,0.394,4
0.504,0.634,218800,0.561,0,0.0,9,0.289,-7.237,1,42,0.0335,76.567,0.624,3
0.961,0.6579999999999999,181480,0.584,0,0.86,0,0.12,-5.352,1,0,0.0641,136.15,0.828,9
0.725,0.147,194547,0.263,0,0.000263,7,0.35700000000000004,-12.896,0,9,0.0371,173.62900000000005,0.17,7
0.992,0.693,187507,0.109,0,0.111,5,0.198,-15.446,1,0,0.191,114.633,0.515,10
1.33e-05,0.406,46333,0.96,0,0.87,0,0.182,-3.612,1,48,0.115,188.74,0.727,2
0.897,0.5820000000000001,125919,0.63,0,0.0,10,0.262,-9.014,1,28,0.0519,141.784,0.8290000000000001,6
0.00592,0.769,290827,0.489,1,5.19e-05,2,0.0764,-9.412,1,41,0.248,95.058,0.401,3
0.987,0.334,279440,0.172,0,0.872,9,0.0865,-17.825,1,0,0.0362,111.268,0.196,8
0.703,0.261,279693,0.626,0,8.18e-05,4,0.336,-5.585,0,38,0.0355,168.34799999999996,0.358,3
0.0232,0.893,261427,0.438,0,0.0,9,0.605,-10.517,1,38,0.134,104.451,0.423,2
0.923,0.212,160746,0.0457,0,0.942,2,0.105,-32.028,1,0,0.0313,91.888,0.319,9
0.5529999999999999,0.775,322933,0.509,0,0.0247,4,0.0768,-11.356,0,53,0.0392,99.972,0.7090000000000001,4
0.506,0.328,420333,0.877,0,0.000107,11,0.7979999999999999,-6.02,0,23,0.0677,92.058,0.25,6
0.992,0.611,361573,0.237,0,0.503,8,0.112,-11.441,1,0,0.101,106.34,0.4270000000000001,8
0.608,0.705,184640,0.58,0,1.87e-05,11,0.117,-11.384,0,23,0.0451,163.243,0.969,5
0.145,0.7140000000000001,251467,0.6890000000000001,0,0.00634,7,0.318,-8.505,1,36,0.028,133.183,0.95,5
0.865,0.682,227040,0.264,0,0.0019,7,0.102,-11.915,1,51,0.0378,72.891,0.219,3
0.55,0.5429999999999999,463333,0.534,0,0.225,0,0.0586,-7.492000000000001,1,21,0.0332,90.562,0.518,7
0.121,0.752,244560,0.4270000000000001,0,1.92e-05,0,0.0399,-12.646,1,35,0.0471,96.508,0.861,4
0.0371,0.6940000000000001,209600,0.6709999999999999,1,3.14e-05,2,0.236,-4.088,1,58,0.0444,83.999,0.466,1
0.452,0.188,213440,0.67,0,0.0,7,0.334,-9.58,0,32,0.0514,192.942,0.205,3
0.5870000000000001,0.634,165240,0.515,0,0.0,4,0.21600000000000005,-10.027,1,27,0.0286,126.208,0.942,6
0.000681,0.276,193584,0.8140000000000001,0,0.0,9,0.107,-5.048,0,60,0.0998,144.793,0.472,1
0.988,0.385,206200,0.384,0,0.85,7,0.172,-12.615,1,10,0.0464,116.984,0.578,9
0.000605,0.381,421600,0.721,0,0.7759999999999999,5,0.112,-9.967,0,48,0.0464,125.603,0.225,2
0.535,0.624,134800,0.741,0,1.05e-06,8,0.343,-8.311,1,40,0.0485,131.382,0.916,3
0.16,0.5329999999999999,260173,0.637,0,1.12e-05,6,0.369,-5.5710000000000015,1,72,0.0323,140.167,0.292,4
0.851,0.295,154853,0.209,0,0.902,0,0.177,-22.003,1,0,0.0337,173.75099999999995,0.315,8
0.278,0.645,175640,0.6459999999999999,0,0.0,9,0.213,-7.397,1,25,0.118,142.156,0.89,5
0.0453,0.381,233720,0.631,0,0.0,0,0.129,-5.886,1,54,0.262,170.187,0.37,1
0.0169,0.5660000000000001,264453,0.8290000000000001,0,1.77e-05,3,0.0928,-4.742,1,46,0.0404,107.141,0.134,2
0.18,0.6729999999999999,264984,0.757,1,0.0,8,0.039,-5.087,1,54,0.222,96.126,0.6409999999999999,1
0.995,0.541,96760,0.16899999999999998,0,0.862,3,0.114,-18.8,1,18,0.044,102.375,0.117,7
0.0152,0.664,200116,0.597,1,0.00218,0,0.0915,-8.835,1,62,0.0437,143.99,0.201,1
0.446,0.602,290040,0.383,0,0.0,5,0.122,-6.562,1,42,0.0306,125.156,0.219,2
0.91,0.475,168293,0.233,0,0.07400000000000001,2,0.239,-15.519,0,0,0.0473,88.53200000000002,0.444,8
0.991,0.41,239001,0.273,0,0.928,2,0.14,-12.162,1,0,0.0423,90.915,0.368,7
0.93,0.34,321000,0.149,0,0.0,7,0.203,-15.812,0,10,0.0316,64.372,0.165,6
0.00405,0.433,148333,0.961,0,0.0,11,0.183,-4.634,1,36,0.0773,102.397,0.502,3
0.213,0.8220000000000001,221843,0.396,0,0.000493,10,0.115,-14.227,0,36,0.0506,142.362,0.969,4
0.244,0.5,100907,0.316,0,0.0,0,0.322,-12.358,1,8,0.0719,199.815,0.6990000000000001,7
0.778,0.5820000000000001,208067,0.5479999999999999,0,0.00106,0,0.18600000000000005,-5.017,1,35,0.0338,97.887,0.705,6
0.8909999999999999,0.275,295973,0.19,0,0.000239,7,0.107,-12.314,1,41,0.0332,79.585,0.0659,3
0.4370000000000001,0.506,129173,0.228,0,0.0,9,0.16,-13.952,0,26,0.0659,86.521,0.411,6
0.00179,0.648,273827,0.516,0,0.0,10,0.0772,-8.869,0,60,0.049,89.82799999999996,0.0756,2
0.3670000000000001,0.39,483867,0.561,0,0.674,9,0.102,-11.713,0,19,0.0544,141.144,0.5589999999999999,5
0.816,0.188,303133,0.255,0,0.0,0,0.772,-13.791,1,22,0.0444,182.292,0.166,6
0.5760000000000001,0.34,146813,0.371,0,1.67e-06,9,0.0895,-8.871,0,47,0.0346,138.977,0.62,2
0.338,0.358,263280,0.485,0,0.0,0,0.505,-9.395,1,32,0.0372,83.654,0.374,4
0.542,0.475,189240,0.386,0,0.0,3,0.0783,-11.423,1,24,0.0297,138.22899999999998,0.634,5
0.000272,0.381,271124,0.8170000000000001,0,0.0017,7,0.0522,-10.454,1,47,0.064,120.748,0.645,5
0.209,0.5670000000000001,216387,0.777,0,0.0,4,0.106,-3.447,1,44,0.0448,129.86,0.403,2
0.0629,0.93,248160,0.609,1,2.97e-06,9,0.0673,-12.61,1,39,0.197,106.876,0.7709999999999999,4
0.0503,0.6609999999999999,256133,0.6609999999999999,1,0.0,7,0.34600000000000003,-5.38,0,49,0.0373,142.484,0.376,2
0.126,0.748,159093,0.831,0,0.126,9,0.0483,-6.5829999999999975,1,50,0.0613,86.781,0.848,5
0.989,0.106,238000,0.0756,0,0.88,0,0.202,-24.335,1,0,0.0532,70.449,0.141,8
0.992,0.349,351120,0.0546,0,0.89,1,0.112,-26.583,1,0,0.0388,101.236,0.0375,8
0.147,0.358,246160,0.596,1,0.0,3,0.212,-11.906,0,54,0.224,178.00799999999995,0.484,2
0.47,0.28600000000000003,448438,0.7959999999999999,0,0.063,2,0.364,-4.625,1,63,0.0388,150.27200000000005,0.12,3
0.0117,0.85,258113,0.398,1,0.0,7,0.263,-9.816,1,56,0.0534,99.717,0.713,2
0.969,0.611,97907,0.261,0,0.8809999999999999,8,0.14300000000000002,-14.975,1,0,0.17800000000000002,131.124,0.505,8
0.994,0.8540000000000001,197924,0.374,0,0.0991,5,0.407,-10.983,0,2,0.465,126.352,0.8490000000000001,9
0.7829999999999999,0.7190000000000001,121240,0.5329999999999999,0,0.0123,9,0.255,-11.187,1,5,0.0585,114.267,0.645,7
0.984,0.573,142707,0.363,0,0.115,11,0.365,-15.050999999999998,1,1,0.152,125.132,0.5770000000000001,8
0.478,0.555,213066,0.767,0,0.0119,2,0.5670000000000001,-10.385,1,23,0.117,107.4,0.722,5
0.8420000000000001,0.483,169064,0.403,0,0.0,7,0.246,-7.8679999999999986,1,40,0.127,201.095,0.948,3
0.266,0.81,271067,0.458,1,0.0,4,0.174,-7.495,0,65,0.105,125.049,0.493,1
0.969,0.113,314640,0.0159,0,0.875,9,0.0578,-31.894,0,42,0.0459,93.219,0.0359,3
0.154,0.777,180360,0.581,0,0.0,1,0.11,-10.129,1,50,0.0517,123.1,0.93,5
0.975,0.34700000000000003,190400,0.453,0,0.00125,1,0.424,-7.88,0,0,0.0511,92.508,0.253,7
0.823,0.491,686533,0.574,0,0.431,0,0.693,-14.115,0,4,0.0518,107.876,0.784,7
0.841,0.115,196387,0.222,0,0.00533,4,0.441,-15.932,1,13,0.0353,169.356,0.091,6
0.901,0.504,250800,0.0645,0,0.0091,10,0.342,-17.227999999999998,0,40,0.0467,135.034,0.13,4
0.0444,0.617,73280,0.825,0,2.5e-06,11,0.0398,-7.147,1,33,0.0591,103.225,0.952,5
0.35700000000000004,0.502,381333,0.426,0,0.7559999999999999,10,0.0771,-13.942,1,0,0.0361,138.106,0.938,8
0.0663,0.602,209733,0.945,0,0.0,2,0.386,-3.293,1,39,0.0623,143.844,0.7609999999999999,3
0.6459999999999999,0.565,263667,0.95,0,0.448,0,0.359,-4.285,1,38,0.103,142.27,0.7509999999999999,5
0.451,0.645,214035,0.755,0,0.000314,7,0.366,-4.3610000000000015,1,25,0.0487,89.3,0.922,5
0.996,0.515,198400,0.126,0,0.894,1,0.138,-16.129,0,0,0.0462,115.723,0.797,8
1.3e-05,0.239,337667,0.945,0,0.892,6,0.159,-3.028,0,40,0.0548,86.70700000000002,0.222,2
0.931,0.319,184387,0.292,0,0.7809999999999999,0,0.26,-7.271,0,9,0.0352,72.635,0.493,7
0.524,0.426,219307,0.583,0,4.05e-06,1,0.147,-7.442,1,54,0.0354,116.803,0.232,6
0.476,0.557,219600,0.5710000000000001,0,0.00114,10,0.101,-8.106,1,61,0.0281,80.98100000000002,0.392,1
0.8540000000000001,0.433,150560,0.273,0,0.0,7,0.475,-8.06,1,11,0.0287,122.338,0.14800000000000002,6
0.993,0.42,104093,0.177,0,0.7559999999999999,8,0.166,-18.08,1,4,0.0525,109.334,0.302,7
0.794,0.327,254533,0.22,0,1.75e-05,9,0.5870000000000001,-14.997,1,52,0.0346,200.337,0.332,3
0.132,0.598,202840,0.43,0,0.274,4,0.151,-16.621,0,51,0.0303,100.012,0.46,3
0.00135,0.907,253840,0.475,1,6.879999999999999e-05,3,0.18600000000000005,-8.345,1,38,0.486,148.033,0.7170000000000001,3
0.959,0.123,406958,0.145,0,0.8690000000000001,1,0.115,-20.277,1,33,0.0458,95.369,0.0364,5
0.581,0.452,237707,0.16399999999999998,0,0.0,4,0.287,-13.214,1,44,0.0963,85.156,0.355,2
0.911,0.233,211200,0.158,0,0.000133,2,0.226,-11.623,1,22,0.0307,77.094,0.209,6
0.0383,0.426,193213,0.584,0,0.0,1,0.188,-5.292999999999998,1,69,0.29600000000000004,193.437,0.272,2
0.422,0.616,220615,0.679,1,0.0,1,0.0718,-10.836,1,45,0.541,178.96200000000005,0.529,1
0.0716,0.586,350573,0.39,0,0.0,8,0.0824,-11.205,1,38,0.0273,149.256,0.474,3
0.386,0.395,196333,0.474,0,0.765,7,0.581,-10.462,0,45,0.0315,127.893,0.303,2
0.993,0.725,176787,0.289,0,0.773,3,0.133,-14.389,1,0,0.0442,111.29,0.961,10
0.0473,0.7909999999999999,281267,0.818,0,0.00274,7,0.175,-6.867000000000001,1,27,0.0308,120.452,0.8390000000000001,5
0.84,0.568,121013,0.8640000000000001,0,0.000365,3,0.16399999999999998,-9.286,1,0,0.17,110.324,0.815,7
0.004,0.677,238920,0.6709999999999999,0,5.07e-05,7,0.413,-4.905,1,69,0.0361,137.046,0.527,2
0.379,0.476,227467,0.706,0,0.000242,1,0.877,-7.838999999999999,0,55,0.0289,114.858,0.368,2
0.964,0.14300000000000002,595533,0.227,0,0.139,7,0.454,-13.888,1,0,0.039,85.68299999999998,0.151,7
0.16,0.511,122040,0.631,0,0.000119,8,0.201,-9.288,1,22,0.0351,146.046,0.964,6
0.445,0.324,462373,0.47,0,0.229,11,0.903,-14.555,1,28,0.044,136.21,0.35700000000000004,5
0.7290000000000001,0.731,97200,0.26,1,0.0,0,0.393,-14.94,1,0,0.908,100.22,0.496,7
0.436,0.462,267333,0.438,0,8.37e-06,1,0.162,-10.533,1,41,0.0294,93.949,0.218,3
0.9,0.19,332373,0.16899999999999998,0,0.617,8,0.102,-18.08,1,55,0.0365,82.96700000000001,0.0367,2
0.993,0.237,120333,0.0937,0,0.0,6,0.119,-19.336,1,34,0.0423,97.072,0.157,4
0.599,0.205,643867,0.0907,0,0.935,7,0.103,-23.286,0,1,0.0447,172.15900000000005,0.156,8
0.853,0.725,166094,0.614,0,0.0,11,0.107,-2.214,1,3,0.177,130.866,0.861,7
0.6579999999999999,0.523,216120,0.7140000000000001,0,5.2e-06,11,0.0785,-6.021,1,64,0.0367,78.211,0.659,1
0.0895,0.6940000000000001,190109,0.691,0,0.00387,10,0.293,-7.499,0,41,0.053,123.244,0.961,6
0.0057,0.285,286373,0.943,0,0.0,11,0.151,-3.06,1,55,0.0957,111.231,0.429,2
0.952,0.389,185667,0.202,0,0.00761,6,0.218,-17.35,0,34,0.0356,99.836,0.252,4
0.904,0.171,334960,0.205,0,0.00197,10,0.297,-13.837,1,43,0.0356,69.82600000000001,0.1,3
0.0076700000000000015,0.334,161267,0.925,0,2.78e-06,1,0.253,-4.973,1,45,0.046,206.955,0.7559999999999999,4
0.514,0.578,163493,0.234,0,0.0211,2,0.316,-16.753,1,31,0.0331,71.21300000000002,0.221,5
0.975,0.109,296747,0.371,0,0.253,8,0.104,-11.135,1,0,0.0377,86.08,0.136,7
0.15,0.742,227000,0.595,1,0.0,9,0.111,-7.51,1,68,0.107,101.013,0.431,1
0.994,0.5770000000000001,198000,0.32,0,0.339,0,0.415,-13.957,1,0,0.0846,155.735,0.974,9
0.27,0.472,241040,0.4,0,0.0,6,0.0239,-7.058,1,46,0.16899999999999998,68.965,0.593,2
0.43,0.412,211933,0.36,0,4.16e-06,1,0.0877,-15.114,1,47,0.0337,141.265,0.249,3
0.0498,0.621,239907,0.917,0,0.0,9,0.322,-7.866,1,54,0.0552,174.34799999999996,0.951,3
0.22,0.598,626360,0.36,0,0.779,0,0.0679,-15.978,1,29,0.0346,78.48899999999998,0.888,5
0.906,0.235,180427,0.206,0,1.99e-06,7,0.111,-14.105,0,23,0.034,91.705,0.0562,6
0.024,0.265,290640,0.8909999999999999,0,0.0473,9,0.107,-11.323,1,38,0.091,93.272,0.388,5
0.893,0.7659999999999999,57154,0.35,0,0.108,11,0.121,-16.038,1,29,0.0877,136.64600000000002,0.7190000000000001,6
0.458,0.504,193827,0.703,0,0.00989,2,0.461,-12.736,0,27,0.0434,128.02200000000002,0.584,6
0.0879,0.468,416133,0.515,0,0.836,5,0.106,-12.776,1,36,0.0469,152.32299999999995,0.6629999999999999,5
0.911,0.56,364253,0.28,0,0.898,2,0.0427,-18.808,1,0,0.0499,115.302,0.5379999999999999,8
0.841,0.355,103472,0.214,0,0.0,11,0.15,-9.328,0,0,0.0338,105.471,0.104,7
0.884,0.514,135533,0.496,0,0.0227,9,0.11,-12.555,1,11,0.028,88.32700000000001,0.727,6
0.758,0.721,109493,0.196,0,0.8759999999999999,10,0.298,-18.564,1,24,0.0449,126.965,0.5770000000000001,7
0.128,0.584,334693,0.4,0,0.000152,11,0.198,-8.743,1,36,0.0295,125.785,0.302,2
0.8590000000000001,0.485,413693,0.209,0,0.618,2,0.453,-18.94,1,1,0.0471,119.368,0.23,9
0.934,0.127,171442,0.0632,0,0.855,2,0.0853,-21.617,0,51,0.0383,84.176,0.056,2
0.98,0.243,138040,0.339,0,0.789,3,0.33,-10.889,1,11,0.0301,79.567,0.46,7
0.496,0.635,125900,0.154,1,0.0,7,0.457,-16.287,1,0,0.965,82.568,0.444,8
0.004229999999999999,0.716,192597,0.906,0,0.0,2,0.0547,-3.539,1,67,0.0717,101.028,0.762,1
0.267,0.69,221600,0.8759999999999999,0,3.72e-06,9,0.0261,-11.119000000000002,1,25,0.0407,154.282,0.94,4
0.936,0.0825,152227,0.0122,0,0.916,1,0.111,-30.861,0,0,0.0442,170.37,0.038,8
0.0211,0.736,490507,0.623,1,0.0,11,0.119,-7.774,0,39,0.37,84.991,0.378,3
0.993,0.436,201340,0.232,0,0.329,8,0.196,-11.009,0,0,0.0951,76.152,0.394,9
0.483,0.222,214893,0.8370000000000001,0,6.21e-05,2,0.3670000000000001,-6.49,1,48,0.0794,200.342,0.594,5
0.52,0.5539999999999999,190733,0.515,0,0.852,0,0.111,-20.002,1,7,0.161,158.433,0.884,7
0.915,0.282,127133,0.16899999999999998,0,3.91e-05,0,0.165,-17.359,1,19,0.0385,102.039,0.146,6
0.00135,0.51,244293,0.7509999999999999,0,1.62e-05,7,0.0774,-11.646,1,32,0.0624,94.471,0.726,3
0.0525,0.7809999999999999,250189,0.853,1,0.0,1,0.12,-3.68,0,58,0.0715,110.049,0.624,1
0.595,0.258,200040,0.248,0,0.000108,9,0.129,-15.861,1,32,0.0344,205.304,0.464,5
0.141,0.638,227893,0.8320000000000001,0,0.0,8,0.113,-5.039,1,52,0.049,124.071,0.648,1
0.938,0.767,157627,0.474,0,0.0467,10,0.386,-11.109000000000002,1,2,0.0474,114.183,0.8290000000000001,8
0.0589,0.6970000000000001,299093,0.7559999999999999,0,0.0,1,0.383,-7.971,0,49,0.0884,96.015,0.785,2
0.7909999999999999,0.425,212973,0.33,0,0.202,2,0.135,-9.038,0,43,0.0313,113.201,0.0764,2
0.458,0.72,515200,0.415,0,0.0,6,0.241,-12.748,1,21,0.92,125.466,0.584,9
0.753,0.332,189120,0.27,0,0.0,7,0.328,-12.092,1,16,0.0411,76.042,0.604,7
0.435,0.236,192173,0.0979,0,0.621,1,0.35200000000000004,-21.564,1,13,0.0361,139.442,0.18600000000000005,7
0.994,0.552,194880,0.275,0,0.8290000000000001,11,0.11,-12.746,0,0,0.0599,117.057,0.544,9
0.7979999999999999,0.73,411347,0.35600000000000004,0,0.895,7,0.0736,-17.845,1,43,0.0749,104.903,0.865,5
0.774,0.504,195093,0.158,0,0.0,3,0.102,-14.746,1,25,0.0578,113.458,0.358,6
0.168,0.555,297973,0.797,0,0.00268,2,0.12,-7.484,1,60,0.0389,152.87,0.6829999999999999,5
0.953,0.188,186038,0.125,0,0.00222,7,0.111,-17.677,1,9,0.0365,86.552,0.0923,7
0.17600000000000002,0.477,143507,0.884,0,0.231,7,0.227,-6.767,1,34,0.0856,98.033,0.4320000000000001,6
0.621,0.586,140213,0.376,0,0.0,7,0.454,-11.191,1,48,0.031,108.881,0.6970000000000001,6
0.0259,0.66,479640,0.748,0,0.0085,2,0.0604,-8.389,1,32,0.0406,119.725,0.584,4
9.83e-05,0.412,207587,0.823,0,8.149999999999999e-05,4,0.153,-2.572,0,58,0.0323,154.11700000000005,0.162,2
0.172,0.583,189280,0.619,0,0.0,4,0.0951,-6.827000000000001,1,46,0.0443,159.97299999999996,0.804,2
0.955,0.7979999999999999,156493,0.219,0,0.000299,5,0.12,-14.195,0,45,0.0565,76.794,0.6659999999999999,3
0.996,0.701,110434,0.0050100000000000006,0,0.967,10,0.0981,-29.278,1,63,0.0724,62.028,0.545,1
0.5429999999999999,0.645,166101,0.568,0,0.266,5,0.257,-9.127,0,67,0.0823,84.999,0.391,1
0.957,0.7,306333,0.128,0,0.000327,11,0.114,-23.401,1,7,0.938,131.778,0.44,7
0.159,0.332,201493,0.635,0,2.79e-06,7,0.0599,-5.653,1,71,0.0898,186.249,0.261,1
0.966,0.516,165027,0.26,0,0.654,0,0.382,-9.554,0,8,0.0482,86.337,0.386,9
0.953,0.313,166080,0.116,0,0.331,0,0.161,-12.645,0,14,0.0319,74.071,0.255,7
0.7240000000000001,0.809,176147,0.5920000000000001,0,0.00688,5,0.058,-7.265,1,25,0.0377,125.127,0.603,6
0.994,0.527,163291,0.121,0,0.405,7,0.106,-19.954,0,0,0.0353,94.471,0.49,7
0.8029999999999999,0.525,133067,0.15,0,0.0,4,0.126,-15.511,0,32,0.0363,146.093,0.586,5
0.0856,0.633,422827,0.892,0,0.431,4,0.215,-7.921,1,49,0.0287,104.979,0.584,2
0.478,0.655,200333,0.526,0,0.00207,10,0.149,-12.954,1,26,0.0635,117.985,0.684,6
0.0014,0.29,333800,0.8390000000000001,0,0.476,9,0.0954,-4.459,1,65,0.078,158.972,0.42,5
0.00742,0.706,224667,0.915,0,1.1e-06,1,0.0343,-3.169,1,59,0.0535,114.992,0.872,2
0.949,0.16,216067,0.274,0,0.0004,5,0.29600000000000004,-11.339,1,13,0.032,78.764,0.0998,7
0.934,0.408,268093,0.171,0,0.017,11,0.109,-15.427,0,56,0.0321,165.067,0.275,2
0.64,0.569,234000,0.5720000000000001,0,0.56,6,0.0921,-11.363,1,54,0.0265,110.031,0.6579999999999999,1
0.946,0.522,137653,0.204,0,0.939,0,0.0991,-20.846,1,12,0.0322,96.986,0.306,7
0.444,0.56,166160,0.601,0,0.0,8,0.0443,-6.8,1,0,0.138,129.534,0.942,8
0.287,0.466,192307,0.605,0,0.00251,7,0.215,-9.787,1,19,0.0344,115.854,0.894,5
0.337,0.7240000000000001,229653,0.777,0,0.00162,2,0.314,-6.0360000000000005,1,65,0.0446,163.903,0.909,3
0.0811,0.5770000000000001,271813,0.63,0,0.0,9,0.101,-6.982,1,51,0.0332,144.928,0.496,2
0.995,0.464,202865,0.241,0,0.645,10,0.105,-11.339,1,0,0.042,121.525,0.563,8
0.867,0.425,157907,0.0727,0,2.56e-05,9,0.134,-18.995,1,35,0.033,85.743,0.642,6
0.006520000000000001,0.695,251240,0.88,0,0.0,3,0.0541,-5.229,1,27,0.0345,127.433,0.8340000000000001,4
0.29600000000000004,0.61,167147,0.835,0,2.57e-05,7,0.0349,-5.257999999999999,1,39,0.115,202.088,0.8959999999999999,3
0.6409999999999999,0.414,183400,0.502,0,0.7659999999999999,5,0.106,-6.484,0,4,0.0504,175.825,0.5820000000000001,9
0.988,0.5529999999999999,166217,0.419,0,0.19,3,0.136,-13.927,0,0,0.0616,91.229,0.547,9
0.123,0.608,314538,0.569,0,0.0,6,0.151,-5.835,0,53,0.0283,72.07600000000002,0.34600000000000003,3
0.0218,0.4970000000000001,222733,0.6659999999999999,0,0.000356,0,0.695,-13.459,1,27,0.0347,133.524,0.952,5
0.57,0.6829999999999999,302093,0.59,0,0.0432,0,0.0788,-11.839,1,55,0.0483,179.47,0.6509999999999999,3
0.769,0.168,426480,0.106,0,0.8009999999999999,7,0.0866,-18.619,1,33,0.0397,130.73,0.0359,3
0.975,0.648,194040,0.299,0,0.00128,3,0.573,-8.69,1,9,0.0683,125.791,0.516,7
0.00607,0.6609999999999999,165000,0.942,0,0.44,10,0.0778,-3.75,0,64,0.282,127.947,0.203,0
0.818,0.551,163133,0.3670000000000001,0,0.00209,8,0.29600000000000004,-11.574000000000002,1,14,0.0281,110.368,0.903,7
0.688,0.526,143227,0.473,0,0.0,7,0.172,-7.672999999999999,1,30,0.0309,103.382,0.698,6
0.933,0.525,670480,0.0837,0,4.01e-06,9,0.0927,-15.075,1,38,0.0544,117.757,0.0948,5
0.0016699999999999998,0.7559999999999999,245757,0.8370000000000001,0,0.0062,1,0.0848,-2.704,1,61,0.203,119.984,0.444,1
0.153,0.449,258933,0.532,0,0.0,7,0.149,-12.068,1,30,0.0446,126.163,0.441,5
0.0233,0.609,256040,0.551,0,0.0,6,0.234,-7.93,1,44,0.0291,127.956,0.512,3
0.453,0.491,277633,0.269,0,0.0,4,0.6859999999999999,-14.222,1,34,0.0841,96.382,0.442,3
0.00249,0.589,159800,0.871,0,2.29e-05,11,0.32,-6.789,0,51,0.105,128.997,0.523,2
0.00024,0.57,183400,0.99,1,0.000379,1,0.111,-2.272,1,53,0.0876,106.909,0.374,2
0.0208,0.46,158920,0.632,0,0.7959999999999999,0,0.154,-10.067,1,33,0.0373,116.144,0.281,5
0.289,0.406,318080,0.862,0,0.00569,9,0.0973,-4.822,1,23,0.0976,128.50799999999998,0.468,4
0.327,0.591,329413,0.804,0,5.98e-06,0,0.0818,-7.298999999999999,1,63,0.0454,111.457,0.6579999999999999,4
0.362,0.4970000000000001,217960,0.611,0,0.0,7,0.08,-7.097,1,57,0.0329,130.045,0.3,1
0.006959999999999999,0.58,252307,0.982,0,4.82e-06,4,0.165,-3.428,0,40,0.0729,98.189,0.51,2
0.7170000000000001,0.784,241480,0.319,0,0.000242,2,0.102,-10.98,1,26,0.0395,124.154,0.313,6
0.6459999999999999,0.371,187973,0.86,0,0.0,5,0.442,-1.986,1,53,0.11,178.78,0.883,1
0.0186,0.682,345800,0.963,0,0.0719,11,0.344,-4.046,1,41,0.057,118.937,0.71,2
0.0424,0.5379999999999999,231640,0.841,0,0.00177,9,0.312,-7.5470000000000015,1,47,0.0375,93.077,0.8809999999999999,5
0.17,0.431,211467,0.94,0,0.00155,9,0.315,-5.8679999999999986,1,38,0.0775,166.15599999999995,0.759,4
0.99,0.376,167987,0.241,0,0.93,5,0.11,-19.88,1,0,0.0602,81.936,0.672,8
0.5489999999999999,0.392,226333,0.664,0,0.0,9,0.119,-8.585,1,36,0.0349,140.217,0.33,3
0.487,0.527,272743,0.366,0,0.0023,10,0.11,-10.943,1,70,0.0277,98.994,0.234,1
0.0132,0.655,101421,0.273,1,0.0,11,0.383,-14.857,1,0,0.942,80.814,0.5429999999999999,10
0.0264,0.816,310497,0.765,0,1.66e-05,1,0.0389,-6.5379999999999985,0,39,0.0378,111.751,0.856,3
0.134,0.816,370893,0.603,0,4.2700000000000015e-05,7,0.152,-11.924,1,50,0.0749,114.767,0.963,4
0.155,0.574,127693,0.679,0,0.0,2,0.0697,-6.876,1,31,0.0396,75.665,0.904,5
0.985,0.18,354960,0.132,0,0.0115,6,0.108,-15.05,1,16,0.0426,80.531,0.0552,7
0.184,0.664,237627,0.413,0,0.0,9,0.219,-7.195,1,43,0.211,165.83900000000003,0.964,2
0.00943,0.669,393533,0.8340000000000001,0,2.88e-05,9,0.7190000000000001,-4.441,1,24,0.0365,103.106,0.773,4
0.5379999999999999,0.546,195827,0.517,0,0.00143,2,0.452,-11.093,0,1,0.0505,164.227,0.779,8
0.14300000000000002,0.715,237533,0.957,0,0.0,1,0.127,-4.672,1,49,0.0464,126.999,0.685,2
0.446,0.507,296360,0.589,0,0.000241,9,0.32299999999999995,-11.285,0,48,0.0482,135.30100000000002,0.334,1
0.955,0.466,215227,0.0509,0,0.000365,11,0.146,-26.092,1,0,0.0932,75.813,0.15,8
0.99,0.599,179322,0.33,0,0.6779999999999999,5,0.194,-9.826,1,0,0.133,131.488,0.953,7
0.993,0.463,165347,0.299,0,7.2e-05,5,0.123,-13.438,0,0,0.0677,83.92299999999999,0.804,8
0.5329999999999999,0.456,226760,0.251,0,0.155,5,0.241,-14.279000000000002,1,22,0.0324,122.306,0.501,7
0.000556,0.584,360960,0.802,0,0.934,1,0.0415,-5.063,0,46,0.0436,128.019,0.273,1
0.964,0.353,181933,0.301,0,0.0,8,0.35100000000000003,-9.127,1,1,0.0337,127.908,0.588,8
0.00557,0.586,318213,0.772,0,0.0346,9,0.13699999999999998,-4.732,1,41,0.0292,122.531,0.727,6
0.7240000000000001,0.645,395400,0.605,0,0.027000000000000003,0,0.0765,-6.817,0,30,0.0339,100.382,0.939,4
0.397,0.48,204133,0.414,0,0.0,8,0.249,-8.161,1,26,0.0309,76.123,0.0757,4
0.464,0.7170000000000001,158693,0.595,0,6.63e-05,10,0.0917,-6.4910000000000005,1,48,0.0538,108.668,0.945,2
0.0205,0.921,362387,0.782,0,0.0008939999999999998,9,0.0437,-4.998,0,38,0.039,119.982,0.616,4
0.974,0.343,264827,0.204,0,0.00014199999999999998,10,0.385,-13.681,1,0,0.0376,108.287,0.106,8
0.37,0.34700000000000003,200400,0.365,0,9.92e-05,4,0.208,-14.744000000000002,1,47,0.0361,146.994,0.4370000000000001,2
0.0121,0.448,205413,0.901,0,0.000148,6,0.127,-6.722,1,52,0.0627,124.525,0.406,2
0.994,0.866,170053,0.318,0,0.947,2,0.112,-15.67,1,0,0.245,114.049,0.91,10
0.585,0.479,183278,0.26,0,0.0,9,0.058,-8.925,1,34,0.064,170.063,0.6759999999999999,3
0.227,0.58,231667,0.708,0,0.0588,9,0.0919,-7.21,0,30,0.0268,105.931,0.588,5
0.968,0.731,180960,0.341,0,0.138,3,0.212,-9.87,1,11,0.146,101.408,0.852,10
0.669,0.505,254099,0.391,0,0.052000000000000005,3,0.113,-11.599,1,64,0.0416,135.12,0.36,0
0.00254,0.299,221733,0.677,0,0.000166,1,0.187,-9.441,1,34,0.0376,92.468,0.5529999999999999,5
0.8490000000000001,0.359,531827,0.228,0,0.866,7,0.0945,-15.890999999999998,1,0,0.0351,128.71200000000002,0.236,7
0.215,0.711,146627,0.625,0,0.0432,0,0.0502,-9.817,1,38,0.132,146.922,0.921,5
0.972,0.145,233960,0.117,0,0.916,9,0.0934,-30.103,1,14,0.0445,149.139,0.28600000000000003,6
0.624,0.691,153840,0.627,0,1.94e-06,3,0.67,-10.245,1,38,0.0513,121.147,0.954,6
0.743,0.5720000000000001,214440,0.302,0,0.0,7,0.125,-8.573,1,54,0.0286,105.54,0.389,6
0.000382,0.342,151840,0.981,0,7.25e-06,3,0.108,-2.963,1,55,0.146,90.957,0.557,2
0.498,0.6970000000000001,238800,0.364,1,4.84e-05,5,0.0828,-9.504,1,51,0.0316,99.025,0.482,3
0.99,0.42,102667,0.0408,0,0.8740000000000001,1,0.135,-27.215,1,0,0.0412,105.26,0.41,10
0.0021,0.45,255652,0.8490000000000001,0,1.61e-06,6,0.195,-3.881,1,53,0.0344,143.904,0.336,2
0.547,0.688,132933,0.529,0,1.1e-06,7,0.34700000000000003,-10.312,1,8,0.0308,115.939,0.8,6
0.189,0.779,153972,0.8690000000000001,1,1.49e-05,7,0.113,-4.212,0,62,0.0968,74.982,0.8140000000000001,0
0.969,0.293,71240,0.423,0,0.914,4,0.233,-19.968,0,0,0.0452,171.933,0.27,8
0.6559999999999999,0.643,133173,0.449,0,0.0,7,0.378,-7.291,1,27,0.035,93.636,0.747,6
0.00936,0.209,385653,0.932,0,0.000327,4,0.225,-5.117,0,35,0.153,155.107,0.335,2
0.0869,0.67,379429,0.8440000000000001,0,0.0556,10,0.142,-10.671,1,34,0.0455,116.778,0.926,5
0.787,0.68,238667,0.227,0,0.0,9,0.6,-15.32,1,0,0.0861,99.295,0.574,8
0.907,0.622,182773,0.419,0,0.0518,8,0.212,-11.056,1,19,0.0407,84.07600000000002,0.937,7
0.767,0.618,163107,0.302,0,0.0,7,0.37,-13.374,1,13,0.172,130.387,0.66,6
0.0405,0.513,301213,0.848,0,1.51e-05,2,0.384,-9.462,1,30,0.0563,128.597,0.685,5
0.994,0.308,197500,0.0264,0,0.813,5,0.0838,-29.093000000000004,1,69,0.0422,73.06,0.101,1
0.0129,0.414,230762,0.486,0,0.0,6,0.111,-6.431,0,76,0.0311,128.03799999999998,0.368,1
0.981,0.461,202514,0.401,0,0.00112,10,0.847,-9.278,1,0,0.203,174.06599999999997,0.546,7
0.949,0.378,195267,0.29100000000000004,0,0.007559999999999998,1,0.118,-9.893,1,0,0.0411,60.572,0.38,7
0.0979,0.61,97330,0.108,1,0.0,7,0.46,-18.314,1,0,0.949,195.408,0.74,8
0.516,0.273,235226,0.565,0,1.68e-06,2,0.0855,-7.282999999999999,1,70,0.248,179.518,0.298,1
0.64,0.5710000000000001,216000,0.616,0,4.91e-05,4,0.134,-7.0829999999999975,1,69,0.03,150.93200000000004,0.3720000000000001,1
0.995,0.39,192213,0.251,0,0.701,6,0.0893,-11.919,1,0,0.0392,108.462,0.5670000000000001,9
0.0149,0.768,184133,0.435,0,0.007259999999999998,2,0.096,-12.37,0,35,0.0376,105.595,0.97,6
0.799,0.38,120200,0.127,0,2.89e-06,4,0.146,-20.078,0,0,0.09,166.398,0.0734,8
0.584,0.5670000000000001,165693,0.325,0,0.0,7,0.0907,-10.647,1,35,0.0303,94.386,0.759,3
0.9,0.159,122093,0.136,0,0.946,0,0.113,-23.234,1,36,0.0389,86.87799999999999,0.0806,3
0.292,0.88,147000,0.57,0,0.0388,2,0.0674,-13.145,1,48,0.0821,106.034,0.7909999999999999,5
0.5720000000000001,0.388,251280,0.406,0,0.0351,7,0.295,-10.666,1,42,0.0266,92.668,0.51,6
0.944,0.0724,414360,0.00997,0,0.604,7,0.096,-23.385,1,43,0.0476,66.095,0.046,3
0.0264,0.584,226200,0.708,0,0.00364,5,0.112,-10.039,1,62,0.0593,137.657,0.564,4
0.306,0.521,163120,0.38,0,0.000112,5,0.0691,-13.783,1,7,0.0315,81.963,0.234,7
0.0691,0.365,209427,0.8340000000000001,0,0.00224,3,0.0878,-8.507,1,28,0.0861,148.648,0.5720000000000001,5
0.222,0.44,199507,0.957,0,0.0,7,0.21,-2.94,1,45,0.045,170.678,0.643,2
0.716,0.0,147170,0.248,0,0.0,7,0.233,-11.146,1,15,0.0,0.0,0.0,6
0.39,0.721,249413,0.591,0,0.0,6,0.135,-7.6110000000000015,0,66,0.0403,125.118,0.916,2
0.126,0.333,238000,0.486,0,7.240000000000001e-05,0,0.107,-12.212,1,26,0.0349,134.361,0.438,6
0.981,0.467,72107,0.4970000000000001,0,0.0528,0,0.12,-16.994,1,0,0.8,110.155,0.603,9
0.828,0.26,223893,0.206,0,0.0506,5,0.101,-19.706,1,27,0.0302,76.692,0.124,6
0.411,0.605,152760,0.789,0,0.926,7,0.285,-8.729,0,39,0.0302,91.286,0.855,6
0.986,0.71,178600,0.0958,0,0.00221,9,0.0606,-17.05,1,22,0.0599,71.067,0.457,6
0.000385,0.116,4269407,0.338,0,0.0935,1,0.342,-36.63800000000001,1,44,0.0648,94.453,0.0293,2
0.227,0.687,128720,0.7909999999999999,1,0.00191,1,0.396,-8.626,1,47,0.266,100.041,0.629,1
0.124,0.485,263973,0.6579999999999999,0,0.000235,7,0.131,-11.142,0,26,0.0281,126.081,0.8009999999999999,4
0.902,0.675,288173,0.245,0,8.78e-06,0,0.0875,-11.943,1,8,0.0897,138.916,0.607,7
0.996,0.443,100562,0.0248,0,0.967,11,0.12,-25.351,1,69,0.0622,68.123,0.52,0
0.317,0.4970000000000001,265233,0.331,0,0.295,2,0.124,-14.988,1,36,0.0342,75.462,0.35600000000000004,5
0.00487,0.387,222947,0.922,0,0.0,9,0.187,-5.192,0,48,0.0674,146.47799999999995,0.417,2
0.211,0.7440000000000001,278000,0.6779999999999999,0,1.17e-06,2,0.208,-8.22,1,54,0.0497,172.915,0.913,3
0.989,0.446,190573,0.13,0,0.338,2,0.107,-12.862,1,26,0.0351,122.429,0.113,6
0.292,0.6709999999999999,189613,0.7240000000000001,0,0.0,7,0.231,-5.61,1,56,0.0244,99.976,0.8009999999999999,1
0.992,0.484,199877,0.04,0,0.914,1,0.107,-22.005,1,0,0.0593,87.931,0.355,8
0.963,0.424,175907,0.3670000000000001,0,0.0,0,0.389,-11.862,1,7,0.0612,182.331,0.588,8
0.542,0.732,189813,0.461,0,0.509,9,0.324,-10.076,1,0,0.048,137.616,0.962,7
0.857,0.4,318867,0.429,0,0.907,7,0.115,-14.324000000000002,1,0,0.048,103.544,0.187,7
0.0108,0.499,440200,0.366,0,0.0020800000000000003,5,0.0851,-9.566,1,53,0.0441,144.563,0.418,2
0.86,0.502,145040,0.21,0,0.0,9,0.136,-12.734000000000002,1,0,0.0289,128.204,0.7240000000000001,7
0.916,0.14,198133,0.0766,0,0.589,8,0.153,-28.424,0,0,0.0409,98.199,0.0525,8
0.967,0.7240000000000001,32600,0.362,0,0.843,0,0.112,-17.688,0,21,0.32,93.381,0.949,6
0.772,0.397,162467,0.415,0,0.0,11,0.175,-9.3,1,38,0.0305,72.207,0.474,6
0.0201,0.6459999999999999,194142,0.7120000000000001,1,0.0,6,0.117,-4.538,0,55,0.0339,93.99,0.616,1
0.823,0.565,115960,0.275,0,0.0,11,0.154,-9.169,1,3,0.0391,89.662,0.56,7
0.976,0.244,77507,0.285,0,1.51e-05,10,0.315,-13.074000000000002,0,0,0.0464,86.209,0.195,7
0.121,0.733,142000,0.6779999999999999,1,0.0,6,0.344,-7.771,1,74,0.438,175.985,0.841,1
0.171,0.5670000000000001,144893,0.6509999999999999,0,4.64e-06,7,0.125,-6.808,0,45,0.0261,103.052,0.366,2
0.502,0.618,258913,0.243,0,0.0,4,0.102,-19.003,0,41,0.0848,104.373,0.556,5
0.279,0.765,353680,0.5720000000000001,0,0.000416,9,0.0669,-9.14,0,46,0.0508,149.829,0.8009999999999999,4
0.991,0.32299999999999995,183520,0.417,0,0.004379999999999999,3,0.101,-9.6,0,0,0.123,76.643,0.336,8
0.995,0.5379999999999999,203453,0.012,0,0.94,4,0.0902,-23.986,0,2,0.058,77.444,0.268,8
0.24,0.705,353307,0.361,0,0.00353,0,0.0656,-15.787,1,29,0.0592,172.935,0.8190000000000001,4
0.0136,0.35600000000000004,163933,0.91,0,0.00601,2,0.333,-4.85,1,57,0.141,177.96200000000005,0.063,3
0.991,0.261,233013,0.0889,0,0.5,10,0.126,-17.633,0,0,0.0347,140.977,0.191,9
0.0557,0.69,213340,0.857,0,0.11,10,0.0341,-5.613,1,63,0.0405,136.99,0.409,1
0.8190000000000001,0.49,331267,0.366,0,0.00246,3,0.68,-14.416,1,16,0.0408,154.614,0.8320000000000001,6
0.996,0.866,170133,0.261,0,0.913,5,0.108,-14.813,1,0,0.0715,102.536,0.8859999999999999,9
0.657,0.5329999999999999,136973,0.16899999999999998,0,0.0,7,0.106,-15.503,0,14,0.0417,126.252,0.599,6
0.443,0.449,135720,0.27,0,0.0,11,0.0727,-14.735,1,25,0.0311,153.618,0.5589999999999999,6
0.243,0.639,198000,0.36,0,1.35e-06,4,0.048,-12.725,1,50,0.03,114.004,0.5589999999999999,2
0.5579999999999999,0.7290000000000001,141600,0.0968,1,0.0,9,0.45,-18.472,1,0,0.95,126.983,0.5660000000000001,8
0.995,0.26,185613,0.21,0,0.96,9,0.16,-20.01,1,0,0.048,75.726,0.718,9
0.000471,0.56,362267,0.7240000000000001,0,0.394,9,0.0639,-11.255999999999998,1,29,0.0498,191.683,0.774,4
0.946,0.311,96027,0.13,0,0.35200000000000004,0,0.0831,-15.456,0,11,0.0328,174.00599999999997,0.334,7
0.813,0.5379999999999999,129867,0.281,0,0.00405,11,0.227,-11.293,1,16,0.0341,151.118,0.537,6
0.102,0.421,112800,0.154,1,0.00692,0,0.207,-12.405,1,67,0.0319,99.886,0.0949,1
0.98,0.133,237794,0.0297,0,0.956,9,0.0906,-29.885,0,51,0.044,88.834,0.0322,1
0.928,0.327,215640,0.202,0,8.89e-05,7,0.17600000000000002,-14.447,1,7,0.0344,78.387,0.174,7
0.361,0.257,228133,0.412,0,8.68e-05,1,0.0702,-11.788,1,66,0.0287,152.126,0.858,5
0.8909999999999999,0.418,116147,0.606,0,0.00284,7,0.116,-7.0820000000000025,1,20,0.029,147.03,0.6990000000000001,6
0.95,0.23,182424,0.899,0,0.96,1,0.111,-31.604,0,65,0.0512,74.882,0.0014199999999999998,1
0.732,0.521,123667,0.297,1,0.0,2,0.273,-7.022,1,51,0.0351,118.681,0.517,2
0.449,0.5529999999999999,123600,0.71,0,1.19e-06,2,0.0989,-10.492,1,38,0.0314,137.717,0.972,4
0.893,0.426,323173,0.0947,0,0.0123,7,0.125,-16.702,1,0,0.041,123.194,0.146,9
0.951,0.823,169267,0.329,0,0.0,5,0.0646,-12.853,1,0,0.14300000000000002,119.061,0.959,10
0.0267,0.757,266507,0.706,1,0.0,8,0.197,-6.665,1,58,0.203,96.976,0.375,2
0.983,0.47,160733,0.254,0,0.00398,7,0.182,-15.876,1,0,0.0954,91.463,0.244,8
0.495,0.628,152800,0.79,0,0.0,0,0.0513,-7.808,1,31,0.0398,92.128,0.924,4
0.521,0.613,184280,0.6729999999999999,0,0.61,7,0.123,-7.006,1,7,0.0565,127.683,0.75,7
0.174,0.254,208640,0.56,0,0.0271,5,0.581,-13.749,1,28,0.0551,142.872,0.541,6
0.789,0.552,199707,0.421,0,0.0,2,0.282,-9.5,1,47,0.0265,85.523,0.632,2
0.00629,0.305,368480,0.8340000000000001,0,4.19e-05,4,0.0743,-9.507,0,42,0.0586,162.70600000000005,0.521,5
0.363,0.6759999999999999,176600,0.6809999999999999,0,0.191,5,0.0967,-9.223,1,48,0.0292,132.953,0.901,6
0.978,0.34700000000000003,109560,0.206,0,0.0789,1,0.718,-16.195999999999998,1,0,0.0877,82.103,0.246,8
0.000108,0.508,295213,0.926,0,0.00221,2,0.364,-7.132999999999999,0,55,0.0396,136.89,0.491,1
0.875,0.615,165146,0.385,0,0.0,0,0.107,-10.921,0,2,0.0366,127.646,0.527,8
0.8420000000000001,0.439,172133,0.433,0,0.00688,0,0.102,-13.472,1,15,0.0509,148.458,0.6970000000000001,7
0.326,0.6920000000000001,212200,0.384,0,6.37e-05,2,0.271,-19.549,1,30,0.104,153.93,0.746,4
0.0035700000000000007,0.595,214360,0.867,0,5.33e-05,4,0.382,-11.737,0,33,0.0498,122.118,0.469,3
0.986,0.51,185931,0.222,0,0.00328,6,0.118,-13.166,0,0,0.147,82.35,0.532,9
0.18600000000000005,0.7859999999999999,416613,0.579,0,0.0,2,0.118,-14.913,1,49,0.142,90.012,0.481,3
0.17800000000000002,0.459,350506,0.278,0,0.0,5,0.145,-14.508,1,29,0.027000000000000003,85.29700000000003,0.212,4
0.18,0.6709999999999999,203453,0.539,0,0.0,7,0.0748,-6.08,1,58,0.0392,94.98,0.934,1
0.0294,0.789,172133,0.813,0,2.07e-06,5,0.519,-4.563,1,83,0.0374,116.007,0.42,0
0.985,0.564,172427,0.114,0,1.39e-06,7,0.5760000000000001,-22.478,1,0,0.152,100.659,0.591,7
0.0387,0.428,395187,0.385,0,0.123,8,0.105,-9.677,1,26,0.0275,139.828,0.135,4
0.343,0.629,190147,0.495,0,0.0,10,0.0856,-9.018,0,32,0.0555,178.61,0.963,4
0.81,0.631,195907,0.392,0,0.00099,2,0.456,-9.35,1,61,0.0332,129.012,0.737,2
0.227,0.7879999999999999,294400,0.738,1,0.0,5,0.425,-7.567,1,45,0.496,164.708,0.542,1
0.00813,0.797,376293,0.297,0,0.0,7,0.107,-17.883,1,28,0.277,168.66400000000004,0.399,4
0.0007830000000000001,0.188,288693,0.988,0,0.00282,11,0.349,-4.928,0,42,0.127,141.19299999999996,0.159,4
0.978,0.409,195125,0.302,0,0.00246,10,0.104,-12.526,1,0,0.0469,122.586,0.649,8
0.984,0.157,136960,0.0553,0,0.8,9,0.107,-23.391,1,43,0.0381,83.29899999999998,0.0421,7
0.988,0.7070000000000001,190563,0.343,0,0.00251,4,0.198,-12.125,0,0,0.292,90.503,0.407,9
0.0336,0.5429999999999999,302667,0.488,0,5.48e-06,4,0.26,-8.24,1,44,0.0331,135.71200000000002,0.213,2
0.121,0.5,204560,0.421,0,0.000174,7,0.393,-14.542,1,40,0.0355,126.849,0.669,5
0.423,0.958,295960,0.552,0,0.0,0,0.0909,-7.14,1,42,0.0552,130.014,0.903,2
0.0006190000000000001,0.304,292107,0.904,0,0.75,5,0.28300000000000003,-0.728,0,34,0.0685,83.95100000000002,0.361,5
0.923,0.662,317480,0.214,0,0.256,7,0.0965,-18.336,1,26,0.0437,98.462,0.843,3
0.0592,0.758,231880,0.934,0,0.000114,5,0.0426,-5.484,0,45,0.0382,113.046,0.728,2
0.5479999999999999,0.457,294733,0.785,0,0.000781,6,0.08199999999999999,-6.783,1,60,0.0383,126.947,0.522,4
0.831,0.753,107160,0.269,0,0.0,7,0.494,-11.982,1,22,0.107,131.41,0.947,7
0.994,0.34700000000000003,187200,0.131,0,0.8240000000000001,9,0.224,-14.12,1,0,0.0368,136.47299999999998,0.287,8
0.61,0.588,185413,0.63,0,0.0008710000000000001,11,0.0681,-8.818,1,36,0.0439,120.068,0.584,4
0.623,0.653,178627,0.468,0,0.00144,4,0.201,-14.161,1,38,0.0325,123.222,0.695,5
0.0708,0.8809999999999999,234907,0.639,0,3.33e-06,1,0.0547,-6.682,1,54,0.101,107.013,0.706,2
0.994,0.637,153613,0.223,0,0.0543,8,0.14,-18.843,1,0,0.7859999999999999,107.972,0.604,7
0.861,0.626,119867,0.268,0,1.3e-05,11,0.1,-11.752,1,36,0.0407,132.1,0.909,6
0.0535,0.6809999999999999,157333,0.519,0,0.000729,9,0.138,-10.549,1,38,0.0317,120.221,0.73,6
0.939,0.545,198147,0.154,0,0.2,8,0.107,-16.334,1,41,0.0304,103.228,0.192,6
0.153,0.598,202827,0.573,0,1.56e-05,7,0.102,-10.402,1,39,0.0402,91.366,0.685,4
0.0143,0.7440000000000001,228493,0.82,0,0.0,4,0.285,-4.82,0,54,0.0462,112.013,0.342,1
0.349,0.385,193200,0.7909999999999999,0,5.1e-06,0,0.373,-8.255,1,31,0.0477,168.183,0.8490000000000001,5
0.62,0.301,258400,0.422,0,0.0,4,0.0666,-7.561,1,43,0.029,78.411,0.208,2
0.0567,0.525,288840,0.758,0,0.00264,1,0.0944,-6.671,1,48,0.0323,159.996,0.386,1
0.0198,0.616,141080,0.624,0,0.0,11,0.199,-5.247000000000001,1,46,0.126,181.211,0.524,3
0.966,0.21,480187,0.202,0,0.375,10,0.634,-18.348,1,7,0.0468,88.04299999999998,0.108,6
0.961,0.552,1695739,0.416,0,3.71e-05,7,0.632,-16.082,1,0,0.913,83.84,0.455,7
0.602,0.23,155760,0.154,0,0.0186,5,0.15,-15.714,0,35,0.036000000000000004,144.692,0.13699999999999998,5
0.6990000000000001,0.698,205987,0.486,0,0.0,3,0.18,-13.137,1,0,0.15,124.091,0.92,7
0.262,0.696,160289,0.6859999999999999,0,0.0,5,0.174,-6.113,0,67,0.0309,115.982,0.7,0
0.0847,0.61,351493,0.8640000000000001,0,0.175,0,0.911,-5.385,1,38,0.0373,100.569,0.784,4
0.962,0.363,161957,0.192,0,4.2e-06,2,0.273,-11.255,0,6,0.0348,67.165,0.212,7
0.0008609999999999999,0.394,230573,0.853,1,4.03e-06,5,0.117,-4.123,1,41,0.214,131.116,0.326,2
0.000139,0.395,259853,0.978,0,0.129,2,0.0715,-3.742,0,49,0.13,95.83,0.16399999999999998,2
0.994,0.317,220647,0.321,0,0.377,11,0.366,-9.406,1,0,0.0359,133.197,0.396,8
0.0388,0.762,233169,0.672,0,0.0132,4,0.0348,-5.224,0,55,0.0873,97.429,0.967,2
0.000154,0.188,199093,0.949,0,0.000136,10,0.261,-2.131,1,46,0.0613,141.099,0.531,1
0.108,0.733,252667,0.3720000000000001,0,1.45e-06,8,0.096,-17.274,1,42,0.0368,99.618,0.78,4
0.741,0.8,298400,0.642,0,0.000201,4,0.0536,-5.371,0,45,0.0416,92.548,0.843,4
0.0235,0.7120000000000001,234160,0.4970000000000001,0,0.768,11,0.101,-8.976,1,53,0.0777,139.987,0.238,1
0.987,0.285,156467,0.198,0,0.147,8,0.455,-17.703,1,0,0.0438,92.245,0.0851,7
0.0885,0.539,182950,0.903,0,0.0,4,0.271,-3.5,1,52,0.0549,135.128,0.693,2
0.989,0.6829999999999999,166110,0.231,0,0.000958,9,0.0973,-10.329,1,0,0.502,101.323,0.55,8
0.135,0.452,229360,0.818,0,2.72e-05,2,0.052000000000000005,-8.124,1,68,0.0439,124.474,0.755,6
0.784,0.309,132920,0.168,0,7.77e-06,1,0.101,-17.814,1,25,0.0305,141.138,0.257,7
0.0694,0.727,238373,0.8390000000000001,0,0.00268,10,0.111,-8.145,0,34,0.0337,108.964,0.737,4
0.018000000000000002,0.7709999999999999,234857,0.747,0,0.0024,5,0.343,-4.8580000000000005,1,66,0.059,124.985,0.333,0
0.657,0.464,319773,0.462,0,0.527,2,0.124,-14.093,0,58,0.0406,124.033,0.557,5
0.745,0.7020000000000001,252354,0.763,0,1.7100000000000002e-05,5,0.135,-4.713,0,46,0.0375,90.262,0.956,4
0.993,0.459,190680,0.16699999999999998,0,0.00324,9,0.177,-15.153,1,0,0.175,81.99600000000002,0.465,7
0.968,0.629,201509,0.235,0,1.7899999999999998e-05,5,0.114,-10.547,1,0,0.0567,129.976,0.7809999999999999,8
0.078,0.7709999999999999,208813,0.687,0,0.0,3,0.452,-5.7,1,43,0.0475,126.823,0.7809999999999999,1
0.0006190000000000001,0.447,144880,0.895,0,1.89e-05,4,0.166,-1.831,1,28,0.0343,134.461,0.904,5
0.841,0.759,155387,0.274,0,0.0,10,0.109,-9.124,1,13,0.0458,76.107,0.96,7
0.614,0.605,171000,0.59,0,0.00126,0,0.124,-11.759,1,8,0.0564,103.736,0.66,7
0.99,0.471,104760,0.114,0,0.227,4,0.191,-19.861,1,0,0.0388,52.614,0.329,10
0.0369,0.574,177867,0.696,0,1.13e-05,0,0.173,-14.097,1,36,0.0352,95.244,0.882,4
0.118,0.42,173027,0.956,0,1.51e-05,0,0.26,-6.475,1,30,0.0462,152.75799999999995,0.904,5
0.52,0.6779999999999999,286427,0.449,0,0.0,3,0.08800000000000001,-12.75,1,28,0.0393,130.898,0.926,5
0.974,0.122,624467,0.122,0,0.8809999999999999,4,0.092,-14.119000000000002,1,0,0.0386,76.116,0.046,7
0.971,0.35100000000000003,148600,0.161,0,0.0171,0,0.0963,-15.73,1,1,0.0282,85.02,0.317,8
0.0191,0.396,243200,0.6609999999999999,0,2.23e-05,2,0.159,-12.66,1,21,0.0828,145.128,0.8759999999999999,5
0.99,0.667,195973,0.161,0,0.0817,10,0.0967,-17.311,1,1,0.0388,100.957,0.625,10
0.982,0.639,188373,0.386,0,0.0866,8,0.124,-11.939,1,0,0.041,98.285,0.6940000000000001,7
0.0434,0.6829999999999999,238493,0.59,0,0.0933,2,0.0898,-9.523,1,49,0.0275,100.043,0.789,3
0.923,0.154,45973,0.165,0,0.938,0,0.279,-20.323,1,42,0.0401,168.641,0.107,3
0.181,0.799,252693,0.665,0,0.136,3,0.125,-6.31,1,55,0.0455,89.49799999999998,0.7829999999999999,1
0.967,0.526,190187,0.146,0,1.37e-06,7,0.284,-14.668,0,23,0.0614,139.672,0.434,5
0.0978,0.404,332992,0.417,0,0.249,9,0.0663,-14.33,0,43,0.0468,123.44,0.233,5
0.249,0.5670000000000001,257933,0.454,0,0.0,4,0.281,-9.664,1,27,0.0372,147.078,0.637,4
0.0795,0.537,257053,0.382,0,0.00115,7,0.114,-15.568,0,51,0.0245,148.061,0.338,4
0.911,0.625,144227,0.155,0,0.00362,6,0.108,-14.143,1,18,0.208,169.27700000000004,0.748,6
0.696,0.469,246709,0.415,0,0.0,9,0.0886,-6.845,1,53,0.026,79.956,0.255,1
0.753,0.546,155960,0.229,0,1.14e-06,7,0.292,-13.397,1,0,0.242,212.218,0.922,8
0.5770000000000001,0.591,170980,0.474,0,0.954,10,0.37,-8.427999999999999,1,4,0.033,126.819,0.848,9
0.496,0.465,310600,0.595,0,0.00124,1,0.474,-10.958,1,37,0.0374,104.125,0.6559999999999999,3
0.995,0.903,178120,0.202,0,0.654,3,0.114,-11.504,0,0,0.226,111.253,0.698,10
0.992,0.44,188520,0.14,0,0.36,2,0.0872,-12.65,1,3,0.0311,75.778,0.179,9
0.928,0.804,184107,0.488,0,7.87e-06,5,0.117,-10.475,1,1,0.244,121.898,0.938,9
0.957,0.499,199800,0.256,0,7.72e-05,1,0.14,-14.126,1,0,0.0549,60.42,0.156,7
0.836,0.644,230973,0.6659999999999999,0,0.0124,9,0.17,-8.255,1,43,0.0445,110.228,0.847,4
0.855,0.5660000000000001,197307,0.179,0,5.479999999999999e-05,7,0.118,-19.076,1,24,0.0365,62.729,0.732,6
0.0346,0.522,239960,0.7340000000000001,0,0.00442,0,0.0532,-6.8679999999999986,0,32,0.0348,113.03,0.325,3
0.833,0.359,172493,0.695,0,0.428,2,0.259,-10.013,1,13,0.0882,101.567,0.527,8
0.942,0.665,172427,0.168,0,0.0,10,0.195,-13.042,1,26,0.0377,90.26,0.447,9
0.012,0.544,276147,0.69,0,0.0095,6,0.0615,-5.723,0,69,0.0425,123.962,0.219,2
0.0923,0.516,191120,0.765,0,2.1e-06,2,0.16,-5.822,1,52,0.043,170.043,0.659,1
0.413,0.82,211747,0.6,0,2.94e-06,10,0.147,-5.323,1,45,0.0512,95.813,0.7609999999999999,2
0.978,0.329,108773,0.3,0,4.04e-05,3,0.21,-11.52,1,17,0.0385,139.356,0.319,7
0.865,0.524,169070,0.35200000000000004,0,0.0,7,0.0769,-13.044,1,21,0.0357,130.76,0.715,6
0.506,0.311,350053,0.775,0,0.0,2,0.897,-12.683,1,47,0.076,121.352,0.477,6
0.00533,0.532,215533,0.858,0,2.13e-06,9,0.7509999999999999,-5.023,1,55,0.0599,125.698,0.495,4
0.4970000000000001,0.568,311267,0.589,1,0.00355,9,0.234,-12.683,0,30,0.0288,108.219,0.6559999999999999,3
0.0315,0.625,230426,0.877,0,0.0811,10,0.672,-7.176,0,70,0.162,192.296,0.865,2
0.00642,0.517,200440,0.419,0,0.879,5,0.218,-14.858,0,27,0.0286,109.683,0.518,6
0.247,0.388,280707,0.703,0,0.0658,11,0.207,-8.243,0,21,0.0406,135.187,0.745,5
0.0709,0.6509999999999999,301880,0.6559999999999999,0,4.93e-05,7,0.312,-10.434,0,37,0.0358,86.522,0.652,5
0.608,0.615,167853,0.528,0,1.92e-06,6,0.119,-11.798,1,44,0.0378,122.829,0.502,6
0.805,0.6609999999999999,117067,0.348,0,3.3100000000000005e-05,5,0.077,-14.403,1,27,0.0513,60.20399999999999,0.907,7
0.994,0.226,97293,0.0799,0,0.0406,2,0.201,-21.197,1,11,0.0298,84.65100000000002,0.401,6
0.991,0.6779999999999999,168674,0.327,0,0.121,6,0.229,-8.539,0,0,0.217,66.906,0.8220000000000001,8
0.449,0.649,168267,0.388,0,4.48e-06,9,0.233,-12.588,1,49,0.0248,89.855,0.472,2
0.00285,0.443,161640,0.963,0,1.01e-06,6,0.0963,-3.631,1,29,0.109,162.405,0.6779999999999999,4
0.00178,0.244,188307,0.645,0,0.00574,5,0.301,-5.863,1,68,0.0456,183.577,0.529,0
0.993,0.7959999999999999,189827,0.341,0,0.924,5,0.147,-14.505999999999998,1,8,0.0982,115.866,0.927,10
0.5429999999999999,0.87,156627,0.433,0,0.0,8,0.15,-8.294,1,21,0.0682,123.28,0.973,6
0.136,0.568,251293,0.675,0,1.11e-05,4,0.145,-7.297999999999999,1,40,0.0394,103.984,0.322,3
0.532,0.457,229547,0.317,0,0.0,0,0.262,-10.518,1,32,0.0625,139.305,0.5529999999999999,4
0.424,0.636,177333,0.309,0,3.52e-06,7,0.14300000000000002,-17.555999999999994,1,24,0.0367,79.20100000000002,0.765,4
0.845,0.375,220280,0.171,0,0.77,5,0.159,-16.646,1,21,0.0449,163.54,0.887,6
0.354,0.598,185360,0.339,0,0.0,0,0.16699999999999998,-5.152,1,51,0.0501,75.861,0.301,1
0.887,0.225,390797,0.244,0,0.883,7,0.188,-13.786,0,0,0.0318,86.803,0.104,7
0.475,0.7140000000000001,265900,0.271,0,0.0,7,0.224,-18.617,1,0,0.931,125.853,0.7,8
0.165,0.6409999999999999,324907,0.477,0,0.922,2,0.0788,-13.083,1,52,0.058,171.424,0.46,2
0.00458,0.581,173800,0.972,0,0.00102,9,0.44,-5.404,1,48,0.06,170.12900000000005,0.903,3
0.0657,0.574,228067,0.93,0,7.78e-06,1,0.108,-2.949,1,62,0.0413,92.303,0.69,3
0.972,0.597,362120,0.274,0,0.883,10,0.0796,-14.674,1,6,0.0534,120.624,0.517,7
0.754,0.453,230373,0.508,0,1.48e-06,1,0.229,-7.474,0,9,0.0443,83.012,0.546,6
0.0184,0.918,213920,0.37,0,0.0016600000000000002,11,0.0802,-11.807,0,63,0.0564,131.884,0.49,5
0.0849,0.652,267413,0.748,0,0.0,0,0.604,-5.242000000000001,1,75,0.0887,94.1,0.652,1
0.973,0.481,292387,0.294,0,0.0112,5,0.133,-16.024,1,14,0.0397,114.835,0.398,6
0.768,0.619,130835,0.35200000000000004,0,5.17e-06,7,0.185,-13.646,1,14,0.071,90.805,0.779,8
0.6,0.812,297040,0.778,1,4.39e-05,10,0.11,-13.957,0,50,0.292,87.713,0.599,3
0.236,0.779,234973,0.759,0,0.046,4,0.132,-12.799,0,47,0.0387,124.983,0.838,4
0.00479,0.48,143187,0.93,0,0.104,3,0.161,-5.985,1,47,0.0385,136.904,0.487,1
0.743,0.222,204133,0.124,0,0.0,6,0.18600000000000005,-12.283,1,54,0.0332,175.891,0.388,2
0.82,0.8009999999999999,153200,0.329,0,7.08e-06,0,0.15,-16.48,1,4,0.0468,114.819,0.691,7
0.986,0.344,810360,0.192,0,0.885,10,0.306,-17.215,1,0,0.0382,73.711,0.233,8
0.006490000000000001,0.363,311867,0.802,0,0.0479,7,0.108,-6.105,1,40,0.125,110.926,0.339,5
0.0426,0.547,438773,0.659,0,0.0162,5,0.6940000000000001,-12.135,0,24,0.0344,91.351,0.524,4
0.00415,0.8140000000000001,214267,0.531,1,7.020000000000001e-05,7,0.27,-11.559,1,46,0.194,95.187,0.252,3
0.00339,0.366,227093,0.845,0,0.0,7,0.197,-5.8260000000000005,1,58,0.118,164.024,0.545,2
0.0263,0.63,349462,0.727,0,0.000117,7,0.32,-7.341,0,43,0.0502,118.182,0.82,5
0.0531,0.5760000000000001,242227,0.8059999999999999,0,0.277,0,0.126,-9.361,1,33,0.039,101.736,0.5760000000000001,3
0.117,0.7859999999999999,315413,0.774,1,0.0,1,0.0894,-5.5360000000000005,1,44,0.202,96.742,0.655,2
0.5760000000000001,0.57,191000,0.496,0,0.0,4,0.5770000000000001,-10.915,1,15,0.269,126.536,0.691,7
0.0776,0.691,224013,0.474,0,2.69e-05,7,0.113,-9.972,1,26,0.0279,109.816,0.755,4
0.0367,0.69,462262,0.861,0,0.000412,1,0.142,-9.968,1,26,0.0845,118.876,0.529,4
0.168,0.489,250200,0.945,0,0.0748,9,0.0783,-3.759,1,31,0.0373,90.05,0.972,4
0.995,0.564,1588480,0.131,0,0.942,0,0.118,-24.071,1,0,0.4970000000000001,65.096,0.381,7
0.612,0.261,274668,0.524,0,2.11e-06,2,0.0923,-6.697,1,59,0.0437,58.883,0.119,1
0.0585,0.552,283636,0.878,0,0.892,1,0.0746,-5.767,1,60,0.0353,176.05700000000004,0.598,1
0.57,0.542,115507,0.632,0,0.0,5,0.136,-5.698,1,14,0.0381,140.186,0.8140000000000001,6
0.97,0.721,1632209,0.0658,0,0.135,1,0.116,-18.992,1,0,0.588,122.055,0.454,7
0.8109999999999999,0.716,200333,0.41,0,1.83e-05,7,0.239,-6.9570000000000025,1,41,0.0283,145.394,0.581,3
0.976,0.281,290733,0.15,0,0.00856,10,0.0894,-17.5,1,13,0.034,110.35,0.218,6
0.194,0.779,161322,0.6659999999999999,0,0.000556,5,0.0576,-7.3610000000000015,1,69,0.0482,123.024,0.507,1
0.44,0.716,123987,0.6459999999999999,0,1.89e-05,11,0.0599,-8.139,1,30,0.0502,81.063,0.919,7
5.27e-05,0.493,149937,0.931,0,0.0,10,0.272,-3.651,0,52,0.0478,104.52,0.593,1
0.113,0.746,213080,0.8440000000000001,1,8.71e-05,4,0.39,-8.154,1,47,0.191,90.852,0.511,2
0.0191,0.523,287667,0.8420000000000001,1,0.0,1,0.139,-5.529,0,54,0.165,149.974,0.443,1
0.0286,0.522,259747,0.74,0,0.00126,9,0.145,-6.496,1,41,0.0284,139.031,0.639,4
0.995,0.373,281480,0.00643,0,0.931,11,0.0939,-29.431,1,11,0.0382,101.406,0.098,7
0.995,0.7040000000000001,123160,0.0968,0,0.926,6,0.117,-20.88,1,0,0.106,81.78,0.5579999999999999,9
0.000373,0.417,143040,0.997,0,0.0631,8,0.307,-3.868,0,37,0.133,98.308,0.122,4
0.992,0.149,480280,0.0271,0,0.932,5,0.0632,-33.771,1,46,0.0487,82.00299999999999,0.0592,4
0.982,0.412,419973,0.112,0,0.0564,10,0.0737,-15.726,1,0,0.0478,143.416,0.366,8
0.263,0.473,288640,0.804,0,0.13,11,0.112,-5.8260000000000005,1,28,0.087,142.19,0.615,3
0.753,0.397,51587,0.407,0,0.0394,9,0.35100000000000003,-31.361,0,4,0.0828,76.958,0.0351,7
8e-05,0.477,257400,0.907,0,7.82e-05,1,0.149,-4.814,0,64,0.0899,81.291,0.304,2
0.992,0.452,310733,0.0558,0,0.851,10,0.0967,-23.312,1,0,0.0528,121.946,0.175,10
1.0800000000000003e-05,0.5429999999999999,218533,0.988,0,0.0008550000000000001,2,0.317,-2.672,0,57,0.0906,108.058,0.245,2
0.086,0.319,228400,0.49,0,0.00155,3,0.106,-11.481,0,32,0.0468,140.964,0.642,5
0.000644,0.544,193867,0.952,0,0.000135,1,0.0765,-4.876,0,31,0.1,112.334,0.302,3
0.299,0.7120000000000001,330100,0.266,1,0.0,1,0.465,-17.684,1,0,0.919,134.844,0.691,10
0.384,0.7190000000000001,306730,0.855,1,0.0,3,0.0696,-5.977,0,55,0.39,132.83,0.504,1
0.161,0.762,201787,0.498,0,9.55e-06,8,0.172,-5.294,1,62,0.0481,107.049,0.871,0
0.17600000000000002,0.625,281200,0.518,0,0.0,3,0.0699,-6.45,0,43,0.0337,119.957,0.308,3
0.995,0.57,175293,0.305,0,0.939,6,0.185,-15.861,1,0,0.156,72.819,0.653,7
0.465,0.759,201334,0.404,0,0.00131,10,0.0841,-11.802,0,62,0.0491,77.984,0.581,1
0.0307,0.8,276349,0.562,1,0.0,2,0.243,-7.366,1,60,0.0961,132.08100000000002,0.147,1
0.021,0.43,249800,0.899,0,0.00559,4,0.17,-4.688,1,39,0.0593,140.026,0.362,2
0.254,0.59,214000,0.669,0,0.000151,7,0.14300000000000002,-4.975,1,48,0.0268,115.341,0.4,3
0.14400000000000002,0.649,208693,0.794,0,0.000302,6,0.07200000000000001,-9.46,1,43,0.0352,127.792,0.966,5
0.076,0.738,178360,0.561,0,4.24e-05,0,0.141,-9.643,1,41,0.0475,122.679,0.721,5
0.252,0.6779999999999999,91107,0.8029999999999999,0,0.0059700000000000005,2,0.152,-8.797,1,24,0.0397,143.584,0.89,5
0.991,0.7390000000000001,119907,0.14800000000000002,0,1.55e-05,4,0.103,-16.26,1,0,0.232,121.28,0.894,7
0.000174,0.378,241280,0.954,0,1.26e-06,0,0.152,-2.352,1,38,0.134,93.142,0.64,2
0.007109999999999998,0.429,261517,0.948,0,0.0148,5,0.0812,-3.657,0,67,0.227,115.785,0.55,1
0.977,0.629,159307,0.175,0,1.52e-06,4,0.145,-17.086,1,0,0.115,106.183,0.434,9
8.149999999999999e-05,0.226,258894,0.831,0,0.000599,2,0.107,-4.586,0,40,0.0378,152.236,0.411,3
0.797,0.518,150360,0.655,0,0.0,9,0.0807,-10.15,1,22,0.106,149.939,0.939,6
0.193,0.637,204413,0.487,0,0.0,4,0.14,-11.287,1,43,0.0624,85.134,0.392,2
0.913,0.443,185160,0.104,0,0.0,0,0.191,-17.042,1,71,0.101,76.497,0.394,7
0.0291,0.5920000000000001,215400,0.705,0,1.97e-05,1,0.0456,-10.276,0,63,0.0287,135.754,0.902,5
0.6970000000000001,0.123,243147,0.123,0,0.792,0,0.211,-13.779000000000002,1,0,0.0399,80.083,0.16399999999999998,7
0.982,0.49,179893,0.182,0,0.815,4,0.0977,-16.404,1,23,0.0585,92.043,0.433,4
0.8759999999999999,0.243,248053,0.419,0,0.8909999999999999,4,0.313,-16.442999999999998,1,12,0.0479,102.299,0.155,7
0.994,0.851,184707,0.103,0,0.107,7,0.104,-16.224,1,0,0.126,113.108,0.89,10
0.522,0.637,381707,0.774,0,0.0001,7,0.0901,-9.327,1,54,0.056,121.108,0.731,3
0.7709999999999999,0.536,132840,0.902,0,0.205,0,0.413,-7.817,1,40,0.0443,87.471,0.965,7
0.191,0.545,199333,0.8640000000000001,0,0.00013000000000000002,3,0.316,-7.412000000000001,1,47,0.0367,126.354,0.484,3
0.978,0.611,159173,0.245,0,1.76e-06,6,0.34600000000000003,-16.833,0,0,0.0932,96.142,0.8390000000000001,9
0.000213,0.238,252003,0.967,0,1.18e-06,4,0.26,-2.602,0,55,0.136,170.128,0.58,1
0.964,0.385,304960,0.053,0,9.98e-05,5,0.135,-20.106,1,20,0.0353,67.971,0.128,6
0.0008810000000000002,0.805,146907,0.71,1,2.64e-05,1,0.358,-6.642,1,58,0.309,190.044,0.147,1
0.987,0.343,497773,0.0209,0,0.922,8,0.126,-27.015,1,56,0.0398,125.242,0.0393,4
0.6890000000000001,0.789,82493,0.187,0,0.0,6,0.0618,-12.890999999999998,1,28,0.31,158.719,0.816,5
0.447,0.434,240440,0.17,0,0.00124,1,0.122,-17.932000000000006,0,22,0.029,91.451,0.17600000000000002,5
0.166,0.398,379813,0.423,0,5.91e-06,0,0.55,-13.086,1,35,0.0598,98.533,0.388,6
0.5489999999999999,0.209,207493,0.261,0,0.792,2,0.611,-17.326,0,0,0.0479,121.658,0.218,7
0.384,0.65,187977,0.443,0,0.0,6,0.375,-9.478,0,0,0.0334,130.009,0.161,10
0.64,0.401,263560,0.425,0,0.000629,4,0.298,-16.894000000000002,0,24,0.0697,144.90200000000004,0.652,5
0.0428,0.8590000000000001,359160,0.436,0,0.0775,1,0.12,-14.135,1,30,0.0622,133.82299999999998,0.648,4
0.99,0.84,53789,0.317,0,0.0,11,0.272,-7.336,1,0,0.218,129.263,0.631,8
0.995,0.229,157773,0.0452,0,0.927,2,0.102,-25.878,1,32,0.037000000000000005,72.03399999999998,0.369,6
0.00088,0.365,310560,0.693,0,3.27e-05,6,0.116,-15.105,0,23,0.104,116.618,0.6659999999999999,4
0.467,0.332,301267,0.735,0,1.03e-05,2,0.2,-11.921,0,35,0.0362,97.834,0.336,4
0.00549,0.551,236947,0.591,0,6.55e-06,6,0.0416,-8.404,0,59,0.12,201.799,0.474,3
0.97,0.441,148893,0.202,0,0.0,10,0.0964,-10.043,1,19,0.0284,149.053,0.461,7
0.993,0.29600000000000004,169000,0.35600000000000004,0,0.898,4,0.185,-13.735,0,0,0.0382,175.458,0.726,10
0.995,0.484,148173,0.127,0,0.913,3,0.11,-18.701,1,5,0.0453,65.018,0.215,8
0.995,0.473,185652,0.2,0,0.0014199999999999998,5,0.521,-13.197,0,0,0.0424,114.875,0.306,9
0.118,0.355,308867,0.754,0,0.000936,5,0.175,-5.692,0,45,0.0378,142.203,0.201,3
0.00176,0.732,389867,0.502,0,0.00975,9,0.0425,-16.777,1,30,0.0622,140.65200000000002,0.949,5
0.866,0.136,184053,0.17800000000000002,0,0.816,7,0.133,-19.311,0,9,0.0371,197.687,0.0868,6
0.267,0.8320000000000001,240747,0.87,0,0.0,8,0.412,-4.2,0,67,0.16699999999999998,138.003,0.5660000000000001,2
0.0002,0.457,214267,0.838,0,0.000102,7,0.888,-3.794,1,57,0.0348,85.98899999999998,0.359,1
0.7020000000000001,0.436,240933,0.32299999999999995,0,0.00279,7,0.0988,-13.326,1,47,0.0409,95.613,0.521,5
0.992,0.524,202067,0.271,0,0.618,10,0.416,-12.233,1,4,0.168,188.723,0.818,10
0.442,0.514,31587,0.7490000000000001,0,0.0,9,0.524,-4.553,1,46,0.106,201.197,0.973,2
0.982,0.325,105253,0.606,0,0.8420000000000001,3,0.106,-11.606,1,0,0.0502,86.069,0.385,8
0.8140000000000001,0.187,326667,0.259,0,0.909,4,0.157,-14.27,1,12,0.0385,62.95,0.0379,8
0.893,0.469,350231,0.0423,0,9.940000000000003e-05,9,0.108,-15.130999999999998,1,41,0.0563,135.859,0.153,5
0.000681,0.276,193584,0.8140000000000001,0,0.0,9,0.107,-5.048,0,47,0.0998,144.793,0.472,1
0.0548,0.607,196364,0.522,1,0.0,5,0.0909,-10.028,0,64,0.0701,109.961,0.265,1
0.0104,0.588,238173,0.67,0,3.33e-06,0,0.338,-6.439,1,78,0.0473,118.159,0.505,1
0.963,0.5379999999999999,165140,0.239,0,0.0,7,0.373,-10.619000000000002,1,6,0.0932,175.173,0.562,9
0.495,0.87,206637,0.6559999999999999,1,0.0,0,0.523,-8.377,1,61,0.293,130.013,0.541,0
0.546,0.534,156307,0.679,0,2.19e-06,0,0.129,-5.027,1,23,0.0536,91.921,0.903,6
0.158,0.35600000000000004,179320,0.875,0,0.7909999999999999,5,0.165,-12.799,1,27,0.0431,161.876,0.851,6
0.7979999999999999,0.862,163046,0.484,0,0.000996,10,0.105,-11.183,1,13,0.0421,105.834,0.787,6
0.000668,0.579,207333,0.804,0,1.19e-06,2,0.198,-4.777,0,53,0.0265,107.985,0.29100000000000004,1
0.0329,0.524,279280,0.952,0,0.00206,3,0.0866,-5.37,0,32,0.0522,92.236,0.468,4
0.992,0.433,192511,0.386,0,0.00162,9,0.363,-7.684,1,0,0.0423,124.102,0.425,8
0.743,0.8,114253,0.535,0,0.101,1,0.119,-8.297,1,11,0.215,98.716,0.556,6
0.993,0.308,257960,0.102,0,0.0738,3,0.142,-18.663,1,0,0.0439,131.317,0.224,8
0.363,0.463,171133,0.493,0,0.0,0,0.5670000000000001,-7.63,1,29,0.0249,90.609,0.365,6
0.457,0.682,186000,0.924,0,0.914,2,0.219,-5.879,1,42,0.0334,115.638,0.8079999999999999,3
0.967,0.63,48840,0.0554,0,1.29e-06,0,0.115,-26.292,1,7,0.363,129.859,0.379,7
0.921,0.311,182027,0.16899999999999998,0,0.348,5,0.141,-11.937,1,11,0.0311,106.766,0.188,9
0.272,0.7559999999999999,251560,0.635,0,0.0,1,0.146,-5.369,1,53,0.0282,118.004,0.519,2
0.57,0.59,212840,0.255,0,9.23e-05,9,0.101,-20.316,1,34,0.0395,133.127,0.511,4
0.000362,0.568,161933,0.951,0,0.0018,0,0.35600000000000004,-4.947,1,36,0.0558,98.223,0.785,3
0.00463,0.46,414827,0.472,0,0.48,7,0.103,-11.897,1,21,0.0271,92.914,0.863,5
0.406,0.682,186878,0.7,0,0.0,6,0.174,-5.591,1,84,0.0397,120.03,0.637,0
0.404,0.8320000000000001,126893,0.53,0,0.956,8,0.0669,-11.55,1,51,0.0788,81.673,0.867,6
0.0126,0.564,251320,0.7190000000000001,0,0.000177,1,0.0536,-5.505,1,61,0.0475,119.023,0.251,1
0.99,0.383,369600,0.0138,0,0.906,0,0.0738,-23.091,1,23,0.0529,71.252,0.0773,6
0.995,0.303,293893,0.0706,0,0.861,5,0.0717,-24.031,0,29,0.0467,174.09099999999995,0.324,6
0.964,0.775,159040,0.255,0,0.852,8,0.109,-13.626,1,3,0.0424,96.074,0.416,7
0.561,0.487,332187,0.334,0,0.00457,1,0.0614,-18.35,1,41,0.0495,142.887,0.451,5
0.966,0.465,285507,0.48,0,0.807,2,0.37,-12.461,0,0,0.0636,125.165,0.133,8
0.22,0.541,279893,0.589,0,0.000481,7,0.0857,-7.641,1,25,0.057,136.156,0.385,4
0.988,0.397,416747,0.134,0,0.752,3,0.122,-18.561,1,0,0.0442,87.991,0.598,8
0.261,0.52,182080,0.374,0,0.0017,0,0.634,-12.128,1,55,0.0368,142.327,0.3720000000000001,1
0.364,0.6679999999999999,117267,0.847,0,0.0,9,0.0748,-4.775,1,33,0.0938,76.449,0.747,6
0.0717,0.75,213133,0.877,0,0.000107,1,0.247,-4.134,0,54,0.0429,105.031,0.205,2
0.00147,0.378,216560,0.846,0,0.0,8,0.0905,-3.187,1,40,0.0417,180.27,0.387,2
0.435,0.461,252467,0.936,0,9.13e-05,4,0.124,-6.8660000000000005,1,62,0.109,172.40400000000002,0.804,4
0.0112,0.591,190267,0.526,0,0.00019,9,0.154,-10.69,1,26,0.0323,78.773,0.5920000000000001,4
0.241,0.502,224680,0.445,0,1.8e-05,2,0.263,-9.451,1,30,0.0251,140.226,0.321,5
0.97,0.578,90316,0.28800000000000003,0,0.633,5,0.125,-17.204,1,66,0.0589,94.983,0.276,1
0.201,0.775,250333,0.633,1,0.0,10,0.219,-3.332,0,78,0.133,140.00799999999998,0.394,0
0.0496,0.6779999999999999,228158,0.58,0,0.0,6,0.066,-5.282,1,60,0.0319,106.033,0.6579999999999999,1
0.469,0.797,197676,0.529,0,0.0,4,0.0668,-13.163,0,31,0.0441,116.187,0.94,5
0.00107,0.46,222067,0.7959999999999999,0,0.0,0,0.106,-4.501,0,67,0.0333,100.011,0.182,2
0.6859999999999999,0.463,154573,0.429,0,0.00202,0,0.0696,-13.018,1,23,0.0319,88.164,0.696,5
0.459,0.32299999999999995,270511,0.5579999999999999,0,2.81e-06,5,0.6759999999999999,-5.292000000000002,0,64,0.337,73.55199999999998,0.199,1
0.826,0.726,108800,0.249,0,0.0,9,0.173,-16.82,0,0,0.952,112.379,0.5589999999999999,10
0.529,0.677,239317,0.485,0,2.04e-05,5,0.0766,-5.795,1,82,0.0361,82.001,0.493,1
0.127,0.496,266333,0.624,0,0.000369,0,0.335,-8.306000000000001,1,35,0.0291,164.31,0.531,3
0.0606,0.675,252773,0.919,0,0.006529999999999999,11,0.103,-6.075,0,71,0.0366,97.017,0.726,2
0.133,0.456,301227,0.863,0,0.0545,3,0.0553,-3.551,1,70,0.0894,135.966,0.532,5
0.0387,0.738,341600,0.561,1,0.0,6,0.282,-6.041,0,34,0.342,96.332,0.56,3
0.805,0.418,166333,0.318,0,0.0,0,0.16399999999999998,-12.832,0,20,0.118,91.912,0.35600000000000004,6
0.0321,0.44,243133,0.8859999999999999,0,0.677,4,0.978,-9.092,1,31,0.0498,137.722,0.625,5
0.0289,0.5379999999999999,160507,0.745,0,0.807,9,0.112,-12.194,1,44,0.044,102.43,0.731,4
0.882,0.181,268533,0.14400000000000002,0,0.647,7,0.106,-19.325,1,0,0.0404,110.764,0.0669,8
0.0923,0.6759999999999999,246445,0.6609999999999999,0,0.00788,1,0.102,-8.908999999999997,1,66,0.0481,105.006,0.145,0
0.748,0.513,201107,0.436,0,0.0,11,0.125,-13.776,0,36,0.0563,126.146,0.54,5
0.6509999999999999,0.632,328138,0.185,0,1.26e-05,4,0.157,-20.604,1,0,0.963,165.003,0.462,9
0.991,0.343,203907,0.156,0,0.898,8,0.103,-22.646,1,0,0.0388,131.83,0.0339,8
0.737,0.509,129985,0.411,0,0.923,5,0.262,-15.783,1,20,0.036000000000000004,152.066,0.964,6
0.995,0.617,151011,0.0663,0,0.872,5,0.0982,-12.718,1,0,0.27,70.461,0.698,8
0.000109,0.373,303667,0.8440000000000001,0,7.7e-05,7,0.124,-4.332,1,48,0.0327,104.899,0.377,2
0.8740000000000001,0.424,285573,0.268,0,0.000904,7,0.0857,-13.184,1,49,0.0283,150.061,0.183,3
0.0922,0.7609999999999999,194667,0.722,0,0.000366,2,0.132,-8.712,1,65,0.0428,122.764,0.966,5
0.981,0.5539999999999999,195787,0.2,0,0.000115,9,0.161,-11.364,0,43,0.0336,127.309,0.4320000000000001,7
0.0536,0.478,264613,0.607,0,6.26e-05,4,0.215,-8.138,0,52,0.0242,91.138,0.262,4
0.789,0.256,198133,0.183,0,1.79e-06,10,0.23,-14.159,0,20,0.0342,79.771,0.154,7
0.225,0.7020000000000001,414680,0.316,0,0.0,10,0.141,-17.493,0,21,0.947,134.142,0.5720000000000001,9
0.883,0.536,260000,0.0632,0,0.0,9,0.12,-21.356,1,23,0.0425,89.012,0.287,7
0.156,0.892,234400,0.57,0,0.0,5,0.258,-11.44,1,37,0.0879,96.252,0.872,3
0.349,0.612,257453,0.688,0,0.21600000000000005,9,0.241,-13.591,1,55,0.0348,86.305,0.861,1
0.276,0.89,390348,0.6459999999999999,0,0.00161,9,0.0635,-9.226,0,38,0.041,97.991,0.927,3
0.0827,0.48,313840,0.486,0,0.00264,7,0.179,-12.49,1,39,0.0329,125.003,0.6679999999999999,5
0.7929999999999999,0.72,97900,0.281,1,0.0,6,0.162,-16.247,1,0,0.58,128.071,0.402,7
0.11,0.5579999999999999,274507,0.8290000000000001,0,9.27e-06,0,0.0495,-5.58,1,36,0.0797,109.195,0.615,5
0.8270000000000001,0.778,135737,0.727,0,0.0179,10,0.141,-11.815,1,9,0.0542,97.884,0.93,7
0.439,0.8140000000000001,322691,0.653,1,0.0,7,0.336,-12.076,1,48,0.136,96.023,0.879,3
0.21600000000000005,0.607,231489,0.42,1,0.0,5,0.129,-9.307,0,65,0.0595,140.639,0.643,0
0.601,0.524,451333,0.305,0,0.279,11,0.0946,-16.051,1,21,0.0402,91.061,0.191,6
0.163,0.412,236400,0.5770000000000001,0,0.0,7,0.0969,-4.944,1,59,0.119,173.675,0.345,2
0.14800000000000002,0.75,241933,0.722,0,0.00296,1,0.667,-8.842,1,36,0.0574,120.022,0.934,5
0.848,0.731,220533,0.221,0,0.0,9,0.339,-12.075,1,26,0.0531,83.90100000000002,0.26,5
0.226,0.685,241202,0.597,0,0.00177,0,0.12,-4.828,1,51,0.19,90.677,0.371,1
0.0476,0.365,219103,0.8190000000000001,0,0.394,4,0.139,-9.404,1,24,0.0603,112.288,0.353,4
0.979,0.326,198933,0.16899999999999998,0,0.0,1,0.129,-15.623,1,1,0.0309,64.187,0.319,10
0.294,0.6940000000000001,164651,0.878,0,0.0,8,0.376,-3.583,1,60,0.0375,118.277,0.902,1
0.868,0.385,422960,0.4,0,0.8240000000000001,4,0.158,-14.564,0,30,0.0705,155.736,0.273,4
0.6409999999999999,0.431,154840,0.373,0,0.511,7,0.14300000000000002,-14.771,1,47,0.034,167.28599999999997,0.49,3
0.411,0.715,191765,0.672,1,0.000459,9,0.152,-8.155,1,54,0.127,92.085,0.361,1
0.742,0.737,214767,0.195,0,0.0,8,0.154,-20.425,1,0,0.958,99.876,0.565,9
0.8420000000000001,0.332,141840,0.268,0,1.66e-06,3,0.321,-14.41,1,16,0.0421,78.806,0.32,6
0.0007,0.364,248587,0.752,1,0.0,2,0.318,-5.4289999999999985,1,63,0.304,79.119,0.606,1
0.617,0.4370000000000001,541093,0.434,0,0.0007610000000000001,1,0.103,-14.234000000000002,1,21,0.0515,184.522,0.5920000000000001,6
0.00864,0.416,205440,0.8490000000000001,0,0.000138,1,0.204,-4.909,0,56,0.0455,125.098,0.147,1
0.32,0.599,210843,0.574,0,0.0,11,0.226,-7.362999999999999,1,49,0.0434,147.751,0.677,2
0.934,0.7120000000000001,70658,0.21600000000000005,0,6.1e-06,4,0.106,-12.615,1,7,0.203,115.655,0.5,9
1.49e-05,0.152,278107,0.959,0,4.83e-05,6,0.654,-4.143,0,48,0.151,78.875,0.27,1
0.969,0.613,213747,0.299,0,0.513,1,0.051,-11.0,1,15,0.0542,122.288,0.7609999999999999,10
0.97,0.336,202600,0.247,0,0.000216,3,0.15,-10.542,1,0,0.0369,76.208,0.362,8
0.132,0.6409999999999999,278769,0.8420000000000001,0,0.91,9,0.419,-7.27,1,80,0.0292,129.98,0.5,1
0.91,0.531,261693,0.274,0,0.00546,5,0.0758,-15.989,0,23,0.0499,114.605,0.657,6
0.775,0.468,222653,0.575,0,0.00466,9,0.504,-10.172,0,0,0.058,118.485,0.847,7
0.015,0.608,414613,0.727,0,0.0397,7,0.317,-7.795,0,22,0.0283,97.023,0.537,6
0.892,0.6559999999999999,509800,0.234,0,0.504,10,0.121,-12.738,1,8,0.0557,114.245,0.4270000000000001,7
0.0603,0.238,263333,0.843,0,0.529,4,0.338,-14.138,1,31,0.0767,187.596,0.223,4
0.527,0.632,220067,0.376,0,5.11e-05,4,0.102,-11.302,0,47,0.044,95.231,0.741,4
0.922,0.344,218067,0.0659,0,2.89e-06,10,0.128,-21.976,1,37,0.0428,113.972,0.379,4
0.135,0.8690000000000001,191000,0.373,0,0.00081,9,0.0861,-15.380999999999998,0,32,0.15,138.77200000000002,0.969,3
0.519,0.321,192307,0.402,0,0.0,4,0.246,-6.682,1,43,0.026,89.212,0.521,2
0.0355,0.773,251054,0.636,0,0.000387,7,0.315,-12.956,1,30,0.0328,120.283,0.86,5
0.7340000000000001,0.596,172400,0.225,0,0.0,11,0.112,-14.417,0,39,0.031,115.179,0.49,5
0.109,0.6629999999999999,193200,0.5770000000000001,0,0.0,11,0.12,-7.518,0,72,0.0531,89.99600000000002,0.454,1
0.382,0.8290000000000001,307933,0.627,0,0.0,1,0.0714,-6.726,1,55,0.035,130.887,0.954,2
0.578,0.545,198987,0.35600000000000004,0,0.000377,7,0.425,-11.709,1,33,0.0276,109.822,0.638,6
0.802,0.625,186907,0.28,0,0.197,8,0.107,-11.257,0,6,0.0491,72.078,0.5670000000000001,7
0.698,0.496,186693,0.586,0,0.0,3,0.0865,-4.822,1,42,0.0296,107.726,0.594,2
0.00243,0.257,189693,0.936,0,0.0,2,0.14,-6.131,1,48,0.35700000000000004,197.929,0.376,2
0.955,0.541,72960,0.816,0,0.848,5,0.236,-8.367,1,1,0.27,88.354,0.934,9
0.000886,0.746,525493,0.512,0,0.273,9,0.146,-16.019000000000002,0,44,0.0518,119.179,0.72,3
0.853,0.175,164000,0.101,0,0.831,2,0.111,-17.004,0,28,0.0379,59.148,0.0458,4
0.28600000000000003,0.728,163960,0.45,0,8.79e-06,2,0.182,-13.46,1,25,0.0317,94.129,0.78,4
0.0307,0.774,224893,0.8029999999999999,0,0.0,0,0.34700000000000003,-4.959,1,57,0.0877,117.778,0.813,2
0.284,0.7340000000000001,229412,0.355,1,0.00566,0,0.112,-10.93,1,60,0.0339,136.023,0.258,1
0.946,0.411,333227,0.326,0,1.01e-06,6,0.512,-13.116,0,1,0.119,145.616,0.449,8
0.966,0.392,194120,0.237,0,7.670000000000001e-05,6,0.22,-10.526,1,0,0.0977,188.436,0.34,9
0.007559999999999998,0.469,289893,0.932,0,0.000475,9,0.309,-2.599,1,25,0.0621,137.687,0.5720000000000001,6
0.041,0.737,208800,0.6809999999999999,0,2.37e-06,7,0.104,-5.695,0,40,0.0293,107.073,0.929,2
0.812,0.412,300000,0.927,0,0.903,5,0.305,-6.9529999999999985,0,8,0.336,118.029,0.394,7
0.194,0.563,262333,0.7170000000000001,0,0.0,6,0.389,-6.297999999999999,1,41,0.0329,146.591,0.578,2
0.888,0.493,185427,0.28,0,0.000119,7,0.12,-13.762,1,17,0.0269,96.195,0.221,6
0.174,0.595,191667,0.956,0,1.42e-06,7,0.726,-7.286,1,27,0.284,114.079,0.5539999999999999,5
0.008790000000000001,0.452,97467,0.848,0,0.7659999999999999,3,0.14,-5.425,1,21,0.0854,97.634,0.526,6
0.36,0.628,126900,0.373,0,0.0,5,0.108,-16.533,0,2,0.964,170.105,0.315,7
0.0319,0.588,240653,0.674,1,7.55e-06,7,0.122,-7.0829999999999975,1,70,0.171,193.893,0.198,1
0.995,0.5770000000000001,129133,0.211,0,0.947,1,0.102,-23.489,0,0,0.0856,133.075,0.921,10
0.0277,0.6659999999999999,231653,0.877,1,1.15e-05,0,0.142,-4.657,0,54,0.0446,125.989,0.272,1
0.974,0.562,139311,0.472,0,0.0211,9,0.295,-13.878,1,0,0.0476,127.676,0.944,9
0.299,0.893,299147,0.74,1,0.0,11,0.0881,-4.936,0,65,0.132,101.025,0.963,2
0.8170000000000001,0.463,185333,0.44,0,0.000562,5,0.28,-9.601,1,0,0.0414,107.682,0.6779999999999999,7
0.084,0.454,517093,0.944,0,0.0119,4,0.11,-5.003,0,38,0.0849,113.321,0.28800000000000003,4
0.0138,0.8240000000000001,288080,0.8809999999999999,1,2.56e-06,9,0.227,-6.158,1,55,0.221,82.01299999999998,0.742,2
0.7829999999999999,0.4970000000000001,354773,0.19,0,0.0006219999999999999,10,0.162,-11.123,0,7,0.0453,113.42,0.198,7
0.624,0.509,230640,0.307,0,0.000155,10,0.103,-15.220999999999998,1,43,0.0313,149.91299999999995,0.526,5
0.8220000000000001,0.536,149674,0.33,0,0.845,7,0.531,-13.939,1,33,0.0398,177.976,0.961,3
0.994,0.231,243267,0.047,0,0.935,8,0.0835,-30.892,0,0,0.0347,78.383,0.0398,8
0.841,0.505,202659,0.242,0,5.74e-06,2,0.376,-18.046,1,0,0.578,130.585,0.147,7
0.906,0.5589999999999999,175693,0.454,0,0.000227,5,0.125,-7.277,1,47,0.0291,95.837,0.6729999999999999,3
0.000999,0.512,221053,0.976,0,0.7859999999999999,2,0.8029999999999999,-2.948,1,37,0.0695,132.84799999999998,0.147,5
0.987,0.275,187880,0.311,0,0.217,0,0.33,-16.222,1,1,0.0526,77.757,0.133,9
0.926,0.373,192747,0.604,0,0.28600000000000003,1,0.142,-6.192,1,0,0.0435,112.263,0.672,8
0.36,0.669,246653,0.8240000000000001,0,8.840000000000001e-05,4,0.124,-5.127000000000002,0,54,0.0514,104.031,0.9,1
0.055,0.426,194307,0.975,0,0.225,9,0.893,-8.002,1,26,0.0784,122.26,0.395,5
0.973,0.7709999999999999,157828,0.3670000000000001,0,0.000195,3,0.126,-10.380999999999998,1,0,0.0895,89.804,0.8270000000000001,8
0.99,0.6809999999999999,199227,0.245,0,0.0133,1,0.158,-9.175,1,0,0.0995,117.303,0.8079999999999999,7
0.439,0.61,47907,0.924,0,0.17800000000000002,11,0.284,-8.32,0,24,0.14,107.75,0.387,4
0.101,0.768,173027,0.8640000000000001,0,0.0,11,0.162,-6.145,1,79,0.0324,110.008,0.8909999999999999,3
0.0032,0.468,292013,0.883,0,0.0,8,0.092,-3.804,1,49,0.0364,98.147,0.119,2
0.246,0.68,175360,0.8759999999999999,0,0.000187,1,0.0788,-3.646,0,51,0.0577,187.785,0.816,2
0.0183,0.655,273933,0.7609999999999999,0,0.0606,7,0.983,-6.023,1,40,0.0442,114.257,0.628,4
0.0743,0.454,284173,0.5579999999999999,0,0.00979,9,0.117,-9.464,1,0,0.028,99.645,0.398,9
0.451,0.5429999999999999,205480,0.509,0,0.7340000000000001,1,0.112,-14.745,0,47,0.0418,99.974,0.0694,1
0.83,0.473,222493,0.545,0,0.0182,1,0.308,-7.779,0,0,0.0455,144.192,0.847,7
0.586,0.649,231964,0.493,1,0.000167,11,0.0667,-7.645,0,72,0.11,104.542,0.277,1
0.159,0.171,340427,0.918,0,0.664,2,0.175,-13.858,1,24,0.102,92.384,0.142,6
0.168,0.327,323560,0.66,0,0.00155,8,0.119,-6.615,1,41,0.0368,156.425,0.348,3
0.175,0.56,113319,0.46,0,0.0,6,0.131,-8.102,0,1,0.0411,79.44800000000002,0.915,8
0.0052,0.503,201707,0.911,0,3.84e-06,5,0.0714,-4.935,1,47,0.0502,141.9,0.458,2
0.892,0.6859999999999999,241680,0.546,0,0.8370000000000001,4,0.108,-8.693,1,42,0.0291,123.012,0.211,4
0.568,0.471,305933,0.5589999999999999,0,0.0,5,0.106,-7.557,0,42,0.0604,175.08700000000005,0.802,5
0.0322,0.399,325028,0.56,0,0.00141,1,0.111,-12.701,1,47,0.0525,134.359,0.654,5
0.0639,0.308,261973,0.7809999999999999,0,1.16e-05,0,0.978,-7.0520000000000005,1,59,0.0746,166.93099999999995,0.28300000000000003,3
0.929,0.703,192960,0.271,0,0.0006940000000000001,5,0.0777,-13.578,1,15,0.057,109.92,0.627,9
0.000299,0.418,213610,0.789,0,0.3,2,0.119,-9.588,1,33,0.0744,131.165,0.363,5
0.0443,0.428,214987,0.898,0,0.0,10,0.312,-3.3480000000000003,1,55,0.0353,168.002,0.653,1
0.412,0.624,156667,0.696,0,1.6e-05,2,0.156,-7.416,1,31,0.0335,104.895,0.654,3
0.0121,0.514,228707,0.809,0,0.0,3,0.0763,-4.396,0,49,0.0617,136.881,0.385,2
0.98,0.277,121693,0.0394,0,0.98,9,0.103,-31.355,0,36,0.0386,80.509,0.128,6
0.754,0.747,157613,0.595,0,0.0,0,0.0513,-7.786,1,32,0.157,159.584,0.964,7
0.816,0.3670000000000001,146729,0.7140000000000001,0,3.76e-06,0,0.29,-6.484,1,38,0.0687,173.44099999999997,0.8909999999999999,5
0.937,0.402,214160,0.125,0,0.0006490000000000001,3,0.107,-16.256,1,47,0.0303,105.776,0.161,3
0.71,0.799,143547,0.612,0,1.07e-05,7,0.203,-5.2189999999999985,1,12,0.031,117.399,0.927,6
0.325,0.755,211583,0.787,1,0.0,3,0.126,-5.56,0,53,0.225,91.026,0.564,1
0.949,0.14400000000000002,178427,0.0307,0,0.82,7,0.0898,-30.109,1,46,0.0372,93.727,0.0358,2
5.18e-05,0.561,176267,0.882,0,0.000356,1,0.112,-6.992000000000001,1,36,0.0554,91.155,0.853,4
0.484,0.63,295293,0.605,1,9.29e-05,0,0.298,-8.951,1,74,0.0414,115.277,0.266,2
0.7759999999999999,0.624,146467,0.524,0,0.0,3,0.975,-5.407,1,10,0.0688,110.267,0.7829999999999999,7
0.00331,0.77,253267,0.8270000000000001,0,0.000107,4,0.0708,-5.699,0,49,0.162,128.009,0.746,3
0.5529999999999999,0.459,175253,0.226,0,3.84e-06,7,0.503,-11.295,0,14,0.0763,165.013,0.56,7
0.878,0.563,363267,0.206,0,0.042,0,0.11,-11.157,0,11,0.0382,92.261,0.362,6
0.994,0.229,92745,0.0189,0,0.921,6,0.0943,-29.919,1,61,0.0449,95.535,0.116,1
0.205,0.74,219600,0.74,0,0.0,5,0.107,-3.647,0,68,0.0686,93.95,0.7170000000000001,1
0.911,0.706,149373,0.201,0,0.0,1,0.277,-18.118,1,0,0.922,96.282,0.648,7
0.159,0.7609999999999999,305893,0.325,0,0.0016600000000000002,11,0.32299999999999995,-17.729,0,21,0.0334,118.666,0.6779999999999999,5
0.883,0.254,224987,0.108,0,2.7e-05,10,0.16699999999999998,-15.019,0,32,0.0318,45.76600000000001,0.0796,7
0.784,0.626,158160,0.34,0,0.000149,1,0.0798,-14.0,1,12,0.0297,116.969,0.6890000000000001,6
0.747,0.758,144339,0.718,0,0.0,8,0.457,-5.579,1,0,0.0645,105.585,0.795,7
0.952,0.409,193853,0.542,0,0.8079999999999999,0,0.238,-7.617000000000001,1,0,0.036000000000000004,108.46,0.847,8
0.624,0.643,222027,0.482,0,0.000233,5,0.0988,-9.13,1,56,0.0263,137.445,0.375,2
0.105,0.608,156507,0.35200000000000004,0,0.0,7,0.113,-13.335,1,42,0.0292,75.96,0.185,3
0.872,0.619,228867,0.564,0,0.926,10,0.16,-10.696,0,48,0.0293,131.908,0.787,3
0.716,0.524,148040,0.055,0,0.0,2,0.271,-16.311,1,31,0.0833,93.887,0.6990000000000001,3
0.97,0.7240000000000001,203053,0.67,0,0.478,9,0.0487,-7.727,1,0,0.0418,107.527,0.84,8
0.784,0.483,183467,0.0653,0,2.78e-05,6,0.198,-15.445,0,10,0.0442,75.97399999999998,0.141,7
0.0165,0.7659999999999999,257093,0.6409999999999999,0,0.0386,9,0.0809,-3.777,0,59,0.0445,85.01100000000002,0.579,2
0.282,0.635,259307,0.398,0,2.71e-06,4,0.086,-7.893,1,45,0.0262,112.329,0.398,2
0.987,0.519,284131,0.145,0,0.0643,3,0.108,-19.581,1,66,0.0392,158.975,0.487,1
0.946,0.107,721613,0.0878,0,0.72,0,0.106,-22.206,0,0,0.0421,76.50399999999998,0.0929,8
0.913,0.26,194867,0.29,0,0.0006490000000000001,5,0.153,-13.38,1,39,0.0293,78.797,0.303,6
0.986,0.472,83906,0.142,0,1.82e-06,11,0.59,-13.246,0,0,0.0543,161.532,0.331,7
0.959,0.462,302002,0.0904,0,0.8590000000000001,5,0.129,-18.18,0,0,0.049,76.815,0.235,8
0.986,0.578,193387,0.483,0,0.0648,2,0.391,-8.024,1,0,0.0389,114.201,0.718,8
0.991,0.421,160464,0.0813,0,0.929,5,0.12,-21.776,1,3,0.0387,84.728,0.128,7
0.00628,0.6990000000000001,198093,0.902,0,0.0359,5,0.132,-3.1830000000000003,0,44,0.0314,129.963,0.608,2
0.481,0.514,200293,0.403,0,0.0,5,0.11,-9.377,0,49,0.0429,132.683,0.464,2
0.679,0.7020000000000001,275147,0.53,0,0.0,3,0.241,-4.384,1,48,0.0296,112.036,0.319,2
0.988,0.337,250859,0.0562,0,0.912,3,0.0871,-21.591,0,2,0.034,65.391,0.198,7
0.0675,0.591,280093,0.907,0,0.0,7,0.0903,-5.648,1,57,0.0837,151.961,0.8170000000000001,2
0.000256,0.589,209093,0.8809999999999999,0,0.0,0,0.327,-4.62,1,67,0.0666,129.95,0.7090000000000001,2
0.905,0.355,75867,0.534,0,0.861,2,0.754,-15.970999999999998,0,0,0.0599,124.423,0.5720000000000001,8
4.96e-05,0.365,279507,0.8340000000000001,0,0.885,1,0.08,-7.103,1,44,0.0334,97.834,0.537,3
0.962,0.424,175507,0.214,0,2.9e-05,10,0.6809999999999999,-17.688,1,57,0.0763,113.211,0.282,5
0.994,0.28600000000000003,186747,0.413,0,0.626,5,0.194,-13.687,0,0,0.17,171.253,0.539,8
