0.486,0.439,131240,0.4370000000000001,0,2.57e-06,0,0.0633,-10.88,1,12,0.0394,109.898,0.8140000000000001,7
0.0686,0.615,205400,0.911,0,0.00188,1,0.0908,-3.584,0,71,0.0278,108.0,0.685,1
0.345,0.833,175573,0.797,0,1.98e-06,7,0.1,-7.8439999999999985,1,45,0.0385,105.896,0.984,3
0.0348,0.875,120422,0.53,0,5.01e-05,11,0.0817,-10.584,0,3,0.231,120.059,0.545,8
0.925,0.723,172160,0.613,0,0.629,11,0.0908,-7.108,0,34,0.0805,118.346,0.903,5
0.888,0.451,136359,0.243,0,0.0,5,0.324,-13.477,1,0,0.276,80.137,0.359,8
0.079,0.4970000000000001,265000,0.537,0,0.000139,4,0.0782,-9.264,1,63,0.0269,108.448,0.371,3
0.0583,0.8079999999999999,223147,0.69,0,0.0,1,0.103,-4.151,1,66,0.14800000000000002,125.086,0.64,1
0.0172,0.797,146520,0.5329999999999999,1,0.000152,0,0.103,-9.74,0,84,0.0412,131.036,0.329,1
0.157,0.6859999999999999,183827,0.8240000000000001,1,0.0,11,0.242,-5.4129999999999985,1,72,0.34,170.079,0.405,0
0.0391,0.69,179573,0.6779999999999999,0,0.0,4,0.129,-2.16,0,51,0.0599,107.088,0.7390000000000001,1
0.721,0.509,308160,0.341,0,0.353,5,0.0845,-14.566,1,17,0.034,104.046,0.516,7
0.0951,0.458,78973,0.6679999999999999,0,0.000118,9,0.306,-12.215,1,34,0.115,168.227,0.6920000000000001,5
0.225,0.647,217373,0.853,0,0.00505,4,0.261,-7.075,0,58,0.0286,108.698,0.7809999999999999,3
0.0219,0.733,227027,0.66,1,0.0,4,0.151,-6.87,0,66,0.0436,138.034,0.259,1
0.386,0.49,145747,0.715,0,0.0,7,0.311,-5.549,1,74,0.0476,130.726,0.866,2
0.969,0.224,131200,0.179,0,0.00193,8,0.106,-16.515,1,23,0.0323,86.344,0.168,6
0.894,0.547,133933,0.256,0,3.39e-06,7,0.174,-11.800999999999998,1,3,0.055,160.514,0.755,8
0.279,0.718,198800,0.21,1,0.0,2,0.0947,-19.195,0,0,0.906,120.152,0.69,8
0.914,0.633,184613,0.373,0,0.0,9,0.23,-9.162,0,0,0.08900000000000001,103.383,0.954,8
0.177,0.5720000000000001,179360,0.409,0,2.87e-05,5,0.0721,-12.432,0,25,0.048,114.662,0.632,6
0.551,0.491,260133,0.455,0,0.00359,5,0.0854,-15.388,0,6,0.0511,121.134,0.76,6
0.768,0.396,395467,0.56,0,0.309,5,0.21,-10.954,1,9,0.237,142.107,0.121,6
0.0985,0.877,231333,0.5760000000000001,1,0.0,11,0.28800000000000003,-7.593,0,40,0.394,87.962,0.878,3
0.995,0.557,210692,0.113,0,0.000462,1,0.12,-11.81,1,0,0.0808,111.304,0.611,7
0.98,0.795,187000,0.237,0,0.000403,2,0.125,-12.437,1,0,0.0864,122.599,0.961,9
0.132,0.384,268827,0.78,0,5.64e-06,2,0.41,-9.767,1,32,0.206,164.268,0.7120000000000001,5
0.708,0.7170000000000001,185520,0.5770000000000001,0,0.00428,8,0.0899,-5.436,1,74,0.0491,104.927,0.235,1
0.116,0.6579999999999999,211733,0.585,0,8.58e-06,7,0.112,-9.81,1,55,0.0425,132.141,0.552,5
0.421,0.337,394413,0.368,0,0.00614,7,0.318,-9.089,1,41,0.0323,77.033,0.208,2
0.979,0.401,207373,0.139,0,0.892,5,0.14800000000000002,-21.385,0,29,0.0468,118.929,0.0739,4
0.96,0.701,104120,0.106,0,0.0,1,0.696,-18.856,0,1,0.506,81.832,0.5429999999999999,7
0.989,0.355,186827,0.409,0,0.939,3,0.212,-14.321,0,0,0.22,70.433,0.7090000000000001,8
0.985,0.234,147240,0.237,0,0.84,9,0.121,-13.927,1,6,0.0345,106.046,0.101,7
0.000931,0.5579999999999999,260467,0.701,0,2.53e-06,9,0.0928,-6.421,1,30,0.0267,103.628,0.5589999999999999,4
0.989,0.419,81640,0.375,0,0.873,3,0.136,-19.055,1,16,0.0544,99.654,0.97,6
0.934,0.624,144387,0.289,0,0.0,2,0.471,-10.218,1,35,0.0957,146.084,0.93,3
0.992,0.28600000000000003,239613,0.135,0,0.0726,7,0.0854,-16.958,1,8,0.0518,172.763,0.173,8
0.381,0.6579999999999999,102240,0.634,1,0.0,7,0.103,-4.997,1,45,0.0437,106.494,0.879,2
0.000198,0.277,95387,0.908,0,9.2e-05,10,0.132,-11.029000000000002,0,39,0.0463,173.713,0.35100000000000003,3
0.721,0.7240000000000001,135960,0.882,0,1.57e-05,5,0.325,-5.5939999999999985,1,40,0.0741,144.458,0.961,3
0.187,0.857,164765,0.772,0,0.00181,10,0.0851,-4.7360000000000015,0,69,0.194,94.028,0.589,1
0.0696,0.601,317040,0.7070000000000001,0,0.00909,4,0.111,-4.845,1,43,0.0352,119.969,0.359,2
0.981,0.547,120347,0.399,0,0.96,0,0.344,-10.577,1,34,0.0265,96.596,0.33,6
0.8140000000000001,0.524,106027,0.4970000000000001,0,1.13e-06,7,0.331,-10.61,1,25,0.0739,77.204,0.8109999999999999,6
0.8140000000000001,0.343,141373,0.218,0,3.74e-05,1,0.113,-13.575,0,28,0.0527,182.86,0.21,5
0.994,0.603,165373,0.259,0,0.95,11,0.14,-14.72,0,0,0.12,120.343,0.784,10
0.207,0.45,162440,0.635,0,0.0068,7,0.14300000000000002,-6.544,1,28,0.0315,169.016,0.8140000000000001,6
0.0166,0.7659999999999999,174893,0.8809999999999999,0,2.3e-06,9,0.34700000000000003,-5.158,0,66,0.13699999999999998,112.027,0.674,1
0.0174,0.608,276560,0.97,0,0.131,6,0.0933,-4.9430000000000005,0,36,0.0465,98.307,0.617,3
0.936,0.331,217400,0.183,0,9.07e-06,5,0.115,-11.63,1,31,0.0287,79.195,0.26,5
0.17800000000000002,0.408,200867,0.59,0,0.0,7,0.303,-7.853,1,38,0.0307,92.453,0.568,5
0.0586,0.7709999999999999,181627,0.917,0,0.6809999999999999,8,0.0568,-4.724,1,24,0.0406,120.047,0.83,6
0.992,0.314,311400,0.0231,0,0.8809999999999999,11,0.134,-28.419,1,36,0.0461,88.478,0.0677,3
0.35,0.718,172000,0.711,0,0.000654,1,0.244,-5.231,1,30,0.0276,114.432,0.908,6
0.14400000000000002,0.485,292267,0.879,0,0.799,1,0.151,-10.063,0,24,0.0477,101.26,0.6859999999999999,5
0.149,0.906,172600,0.45,0,0.000232,0,0.168,-8.003,1,63,0.0627,103.476,0.969,5
0.0076700000000000015,0.498,235027,0.918,0,0.00168,9,0.09,-7.117000000000001,1,35,0.14800000000000002,133.126,0.6409999999999999,4
0.0225,0.7879999999999999,232560,0.735,0,0.0,10,0.0427,-7.171,0,63,0.0433,94.004,0.399,1
0.682,0.527,207333,0.417,0,0.000642,2,0.868,-14.285,1,29,0.0416,81.931,0.733,6
0.723,0.315,155760,0.264,0,0.752,2,0.155,-17.612000000000005,0,45,0.034,138.815,0.585,5
0.0206,0.68,155440,0.755,0,0.0,6,0.21,-5.509,0,55,0.029,101.048,0.8240000000000001,1
0.0219,0.534,280040,0.955,0,0.00573,7,0.322,-4.447,0,57,0.0524,130.09,0.425,1
0.5660000000000001,0.629,310680,0.334,0,4.91e-05,7,0.0978,-13.02,1,42,0.0288,134.132,0.514,5
0.502,0.688,158560,0.349,0,0.0,2,0.189,-11.88,1,41,0.0269,92.343,0.487,2
0.275,0.422,127067,0.575,0,0.0,4,0.062,-8.993,1,45,0.107,135.63,0.475,6
0.5379999999999999,0.731,361440,0.794,0,2.39e-05,5,0.0736,-4.182,1,44,0.0408,88.00299999999999,0.873,3
0.94,0.63,354307,0.365,0,0.758,7,0.0846,-11.035,0,10,0.0374,103.908,0.56,6
0.76,0.489,177360,0.304,0,4.45e-05,8,0.545,-13.393,1,21,0.0289,112.081,0.498,6
0.0167,0.4,171899,0.705,1,0.0,0,0.115,-5.238,1,52,0.0484,90.04700000000004,0.294,1
0.996,0.7959999999999999,209253,0.24,0,0.931,5,0.0802,-19.574,1,1,0.194,124.271,0.879,8
0.7809999999999999,0.413,269480,0.479,0,0.0,7,0.364,-10.829,1,49,0.035,167.813,0.888,4
0.979,0.685,180373,0.511,0,0.000118,5,0.155,-4.588,1,0,0.0602,91.282,0.857,8
0.975,0.28800000000000003,210933,0.15,0,1.6e-05,5,0.145,-14.725,1,2,0.039,92.701,0.14300000000000002,7
0.0014199999999999998,0.331,226333,0.936,0,0.00678,10,0.349,-7.306,1,40,0.0677,106.147,0.247,4
0.994,0.632,201173,0.306,0,0.939,11,0.113,-13.931,1,0,0.0578,105.164,0.306,9
0.28800000000000003,0.759,302867,0.293,0,0.361,0,0.0773,-17.208,0,33,0.369,132.849,0.92,5
2.9e-05,0.439,214360,0.989,0,0.0036,2,0.362,-2.266,0,48,0.053,158.004,0.233,2
0.964,0.127,255107,0.07,0,0.8809999999999999,0,0.403,-26.885,0,34,0.042,88.584,0.117,5
0.28600000000000003,0.672,201287,0.735,0,0.0,5,0.242,-4.7330000000000005,1,81,0.0457,115.741,0.754,1
0.388,0.6890000000000001,237983,0.426,1,0.0,0,0.129,-9.449,0,61,0.0368,90.04899999999998,0.411,1
0.924,0.604,60709,0.327,0,0.00024,8,0.626,-12.518,1,0,0.485,92.512,0.38,9
0.0441,0.738,87842,0.314,0,0.5770000000000001,5,0.0996,-11.646,0,0,0.0552,97.025,0.596,8
0.993,0.28,181766,0.4,0,0.8909999999999999,0,0.179,-13.751,1,0,0.0426,80.226,0.591,9
0.00191,0.531,171520,0.825,0,0.0,7,0.329,-5.332999999999998,0,63,0.0545,156.071,0.8240000000000001,1
0.995,0.35,192800,0.241,0,0.0387,7,0.182,-15.603,1,0,0.0651,67.21,0.602,9
0.987,0.435,344080,0.0435,0,0.76,8,0.0985,-24.654,1,30,0.0423,77.533,0.18600000000000005,6
0.8270000000000001,0.747,45907,0.329,0,0.339,7,0.102,-13.072,0,7,0.0627,124.954,0.962,7
0.978,0.254,181880,0.11,0,6.25e-05,6,0.204,-20.849,1,0,0.0434,95.703,0.136,7
0.978,0.281,611960,0.0373,0,0.74,8,0.0857,-24.913,1,0,0.0376,93.553,0.161,8
0.334,0.603,431093,0.664,0,4.13e-06,2,0.324,-7.568,1,28,0.0699,96.618,0.5710000000000001,3
0.44,0.485,190938,0.483,0,0.000122,8,0.227,-7.877000000000002,1,58,0.0519,195.009,0.8909999999999999,3
0.386,0.37,189733,0.8059999999999999,0,0.0,10,0.0832,-6.294,1,33,0.0421,134.578,0.57,5
0.562,0.531,195320,0.439,0,0.000107,7,0.215,-11.66,1,25,0.0349,81.585,0.6679999999999999,5
0.253,0.47,198373,0.397,0,1.35e-05,0,0.109,-9.337,1,64,0.0345,128.69,0.487,5
0.8809999999999999,0.649,177520,0.494,0,6.01e-05,9,0.33,-7.57,1,0,0.0431,93.322,0.453,7
0.000462,0.364,447373,0.963,0,0.14400000000000002,11,0.12,-4.163,0,55,0.0961,106.006,0.139,2
0.993,0.551,195397,0.116,0,0.0908,2,0.168,-13.838,1,0,0.236,71.545,0.645,8
0.703,0.499,221693,0.384,0,1.33e-05,0,0.08900000000000001,-8.125,1,47,0.0314,108.53,0.378,1
0.0692,0.622,256488,0.885,0,0.0,7,0.211,-6.2620000000000005,1,49,0.241,168.149,0.5579999999999999,3
0.00331,0.7440000000000001,237067,0.8759999999999999,1,0.0,1,0.0675,-3.285,0,45,0.273,85.44200000000002,0.8420000000000001,2
0.225,0.621,175667,0.89,0,0.000582,2,0.174,-7.605,1,56,0.0328,148.417,0.965,6
0.0189,0.489,224493,0.7190000000000001,0,0.000154,11,0.149,-6.815,0,57,0.0507,128.075,0.209,1
0.99,0.44,182146,0.471,0,0.899,5,0.305,-12.873,0,0,0.0746,74.23100000000002,0.743,8
0.0231,0.614,173173,0.947,0,0.000147,7,0.256,-5.945,1,30,0.0402,108.036,0.846,6
0.993,0.6509999999999999,192627,0.181,0,0.00169,8,0.14800000000000002,-9.875,1,0,0.361,79.34100000000002,0.474,8
0.0223,0.6759999999999999,284667,0.774,1,5.22e-05,11,0.111,-6.782,0,37,0.322,87.5,0.696,2
0.309,0.488,259444,0.721,0,0.0482,2,0.4370000000000001,-9.141,1,23,0.0617,125.94,0.7859999999999999,5
0.00703,0.496,336387,0.8440000000000001,0,9.75e-05,6,0.244,-5.247000000000001,1,31,0.0275,94.733,0.429,4
0.772,0.411,131653,0.162,0,0.0,1,0.104,-13.355,1,41,0.0329,178.528,0.621,4
0.0036,0.607,180333,0.7829999999999999,1,0.0,9,0.21600000000000005,-6.891,1,61,0.139,87.02600000000002,0.182,1
0.16,0.33,289200,0.621,0,0.00369,5,0.121,-11.417,1,31,0.0403,158.393,0.429,4
0.544,0.355,184573,0.0497,0,0.301,4,0.0897,-24.949,1,57,0.0412,79.872,0.0757,2
0.7290000000000001,0.6409999999999999,168484,0.907,0,0.219,0,0.0895,-6.4979999999999976,1,5,0.0545,101.762,0.857,7
0.971,0.399,48298,0.0497,0,2.410000000000001e-05,9,0.3720000000000001,-13.717,1,8,0.0401,71.725,0.441,7
0.988,0.654,181200,0.448,0,0.946,9,0.327,-10.399,1,0,0.158,154.321,0.851,9
0.665,0.452,229667,0.419,0,0.0,9,0.17800000000000002,-14.814,1,26,0.0467,83.345,0.5920000000000001,5
0.992,0.241,125333,0.0442,0,0.93,2,0.133,-15.683,1,22,0.0333,70.137,0.17,5
0.152,0.7,219733,0.386,0,0.000474,9,0.0878,-15.559,1,56,0.0311,118.637,0.363,4
0.994,0.411,185560,0.244,0,0.884,0,0.138,-20.64,1,0,0.039,83.56200000000003,0.792,8
0.989,0.6940000000000001,185889,0.479,0,0.936,0,0.14,-7.6720000000000015,0,3,0.114,141.062,0.961,9
0.0315,0.745,306320,0.797,1,0.0,5,0.0846,-7.575,1,54,0.222,93.59,0.502,3
0.0551,0.655,294187,0.89,0,0.00306,9,0.197,-10.458,1,40,0.043,113.23,0.805,4
0.0843,0.7170000000000001,218103,0.753,0,0.0,5,0.413,-4.01,0,40,0.314,147.067,0.407,0
0.0195,0.716,200579,0.91,0,5.75e-05,11,0.0599,-3.852,0,53,0.0679,144.986,0.8170000000000001,1
0.227,0.6829999999999999,159360,0.624,0,0.000108,9,0.138,-8.687999999999999,1,49,0.102,82.431,0.863,1
0.154,0.494,222240,0.5539999999999999,0,0.00556,9,0.152,-9.706,1,30,0.0312,86.757,0.544,5
0.00607,0.812,109200,0.329,0,0.93,0,0.0666,-12.454,1,24,0.0961,120.067,0.491,4
0.851,0.371,308373,0.149,0,0.00219,7,0.0501,-16.089000000000002,1,36,0.0285,99.614,0.483,5
0.951,0.374,211987,0.121,0,0.00349,1,0.102,-13.921,1,56,0.0309,166.21200000000005,0.413,6
0.978,0.5710000000000001,94733,0.166,0,0.0,8,0.253,-16.883,1,20,0.0471,93.914,0.7070000000000001,4
0.596,0.504,191000,0.425,0,0.000421,2,0.0991,-12.24,1,37,0.0338,134.24,0.5760000000000001,5
0.0029,0.39,218427,0.97,0,0.000797,4,0.561,-5.432,1,27,0.15,103.697,0.146,4
0.0134,0.319,234427,0.732,0,0.0,4,0.6579999999999999,-4.475,1,54,0.0436,80.195,0.2,1
0.0007740000000000001,0.201,222226,0.984,0,0.0,2,0.397,-2.446,1,30,0.131,81.336,0.293,4
0.6920000000000001,0.622,202102,0.361,0,0.0,10,0.111,-14.322,1,32,0.0351,118.176,0.403,5
0.00307,0.602,297707,0.799,0,0.000668,9,0.0524,-12.171,0,43,0.0366,94.218,0.7909999999999999,3
0.985,0.544,161733,0.107,0,8.77e-05,0,0.214,-18.548,1,3,0.0315,133.065,0.6940000000000001,7
0.000957,0.461,269733,0.785,0,0.648,8,0.612,-12.12,0,46,0.0567,107.01,0.424,4
0.949,0.639,196120,0.494,0,0.889,7,0.114,-11.351,1,1,0.0527,105.635,0.905,9
0.25,0.97,235533,0.388,0,0.000557,2,0.152,-13.203,1,47,0.187,118.128,0.562,4
0.995,0.6629999999999999,193627,0.244,0,0.652,7,0.108,-14.925,1,0,0.0416,79.057,0.741,9
0.251,0.845,236573,0.8009999999999999,1,0.0,10,0.0951,-5.619,0,48,0.129,107.012,0.6659999999999999,2
0.5529999999999999,0.473,240867,0.518,0,1.26e-06,1,0.111,-8.1,1,64,0.0405,96.129,0.18,1
0.908,0.443,96787,0.272,0,1.18e-06,8,0.159,-13.361,1,3,0.062,119.858,0.272,7
0.782,0.684,183973,0.501,0,0.21,8,0.312,-12.821,1,31,0.0325,94.515,0.716,5
0.325,0.67,229067,0.41,0,0.0004730000000000001,7,0.0767,-14.979,1,40,0.0272,105.91,0.636,4
0.0193,0.36,347347,0.5379999999999999,0,0.0518,4,0.364,-7.334,0,33,0.0324,125.683,0.194,4
0.52,0.428,257267,0.51,0,8.32e-06,7,0.105,-11.695,0,63,0.103,169.967,0.393,3
0.155,0.7509999999999999,176627,0.6829999999999999,0,7.85e-06,1,0.0611,-5.771,1,58,0.0338,120.983,0.631,6
0.992,0.384,81000,0.235,0,0.0,4,0.0762,-10.467,0,0,0.0344,204.504,0.7040000000000001,7
0.0181,0.875,244933,0.723,1,0.0,6,0.327,-5.439,0,60,0.3,82.96700000000001,0.62,2
0.8490000000000001,0.5329999999999999,185107,0.222,0,1.3800000000000007e-05,5,0.11,-16.9,1,33,0.0314,88.42,0.469,5
0.581,0.486,144293,0.439,0,0.0946,0,0.0918,-8.638,1,0,0.0654,150.791,0.946,7
0.0656,0.951,248600,0.618,1,6.54e-05,8,0.256,-3.555,1,55,0.0501,121.008,0.945,2
0.556,0.373,249080,0.475,0,0.00024700000000000004,4,0.111,-9.593,1,45,0.0296,100.354,0.123,1
0.98,0.245,199280,0.0652,0,0.00065,5,0.109,-27.926,1,19,0.0439,135.928,0.149,6
0.928,0.388,254507,0.3720000000000001,0,0.0,6,0.146,-5.72,1,64,0.0468,89.70100000000002,0.285,1
0.924,0.4970000000000001,439200,0.174,0,0.0977,5,0.11,-13.731,0,23,0.0449,125.703,0.172,6
0.00598,0.218,397120,0.561,0,0.856,2,0.0675,-6.5779999999999985,1,38,0.0324,124.603,0.0395,5
0.16,0.562,136673,0.589,0,0.969,8,0.241,-9.447,1,57,0.0689,76.584,0.759,1
0.00658,0.5920000000000001,163053,0.867,0,0.0,8,0.0818,-4.447,0,49,0.049,103.92,0.696,2
0.995,0.465,182394,0.0673,0,0.915,8,0.117,-18.826,1,0,0.0968,69.817,0.622,8
0.0343,0.517,408093,0.4920000000000001,0,0.00106,4,0.335,-16.021,1,41,0.0413,155.884,0.316,4
0.364,0.579,164093,0.17800000000000002,0,0.00579,10,0.122,-17.025,1,11,0.0356,124.769,0.5670000000000001,7
0.976,0.452,306120,0.14800000000000002,0,0.00396,8,0.134,-12.579,1,31,0.0374,132.55200000000002,0.335,6
0.821,0.555,276600,0.852,0,0.845,9,0.0942,-8.123,0,43,0.0327,120.38,0.885,3
0.128,0.774,171907,0.8009999999999999,0,0.00119,4,0.0589,-8.531,1,36,0.0488,95.662,0.961,3
0.7340000000000001,0.578,136827,0.456,0,0.0,10,0.29,-10.406,1,47,0.0578,81.752,0.935,4
0.187,0.624,216189,0.5760000000000001,0,0.0,2,0.282,-5.392,1,37,0.0268,78.555,0.5529999999999999,3
0.7559999999999999,0.299,218187,0.329,0,0.0105,3,0.0559,-10.096,1,64,0.0279,132.282,0.392,5
0.242,0.241,297013,0.8270000000000001,0,4.67e-05,9,0.5589999999999999,-6.148,0,34,0.19,158.996,0.173,4
0.835,0.628,254600,0.234,0,0.0,9,0.0562,-9.356,1,34,0.0753,120.891,0.426,3
0.944,0.345,29200,0.191,0,0.913,10,0.5579999999999999,-20.869,1,0,0.0456,76.488,0.46,8
0.0102,0.833,204600,0.434,1,0.0219,2,0.165,-8.795,1,81,0.431,150.062,0.281,1
1.23e-05,0.409,203693,0.952,0,0.000156,2,0.31,-3.761,0,57,0.0756,80.899,0.55,2
0.606,0.358,167573,0.654,0,1.02e-06,6,0.46,-7.729,0,33,0.0373,137.005,0.93,6
0.994,0.34,44133,0.0269,0,0.5720000000000001,10,0.156,-26.741,0,0,0.0318,85.58200000000002,0.316,8
0.995,0.63,197413,0.327,0,0.846,5,0.14,-12.691,1,0,0.0385,110.042,0.907,9
0.993,0.426,200826,0.204,0,0.0315,10,0.108,-19.174,0,0,0.14300000000000002,74.809,0.8029999999999999,9
0.5920000000000001,0.259,157867,0.473,0,0.0,5,0.201,-8.275,1,67,0.0295,90.348,0.539,6
0.122,0.711,288347,0.905,0,0.000166,6,0.395,-7.459,1,53,0.218,98.931,0.4370000000000001,2
1.31e-05,0.204,373013,0.912,0,0.117,11,0.293,-11.849,0,32,0.0588,89.338,0.198,4
0.00338,0.263,397827,0.97,0,0.000795,5,0.0922,-4.182,0,56,0.163,151.72899999999996,0.17,3
0.914,0.633,151800,0.461,0,5.37e-06,0,0.09,-10.159,1,34,0.032,127.703,0.7170000000000001,3
0.241,0.784,175667,0.645,0,0.000128,2,0.0299,-9.94,1,62,0.0305,105.384,0.968,3
0.8009999999999999,0.439,236693,0.425,0,0.0,1,0.27,-17.444000000000006,0,24,0.254,115.997,0.511,6
0.0303,0.7070000000000001,195680,0.885,1,0.0,11,0.311,-2.635,0,55,0.174,92.435,0.405,2
0.5329999999999999,0.727,393480,0.795,0,0.000105,6,0.71,-5.226,0,61,0.115,139.57,0.772,2
0.994,0.633,207333,0.016,0,0.914,5,0.103,-18.242,1,37,0.0596,70.995,0.307,5
0.52,0.608,98040,0.701,0,0.000253,2,0.213,-8.016,1,16,0.0523,71.785,0.898,6
0.995,0.4270000000000001,208823,0.0563,0,0.914,0,0.202,-21.484,1,0,0.0654,130.995,0.35600000000000004,8
0.175,0.516,318533,0.6459999999999999,1,2.48e-05,5,0.0809,-13.029000000000002,1,29,0.0613,147.97299999999996,0.679,4
0.101,0.601,176293,0.759,0,0.0,8,0.213,-6.934,0,55,0.0557,97.501,0.581,1
0.439,0.418,252200,0.294,0,0.00126,7,0.0967,-13.859000000000002,1,30,0.0284,102.198,0.211,6
0.435,0.649,99600,0.175,1,0.0,7,0.373,-16.262999999999998,1,0,0.928,83.65100000000002,0.652,9
0.128,0.677,187222,0.8320000000000001,0,6.84e-06,0,0.0655,-5.341,1,24,0.0633,108.037,0.409,0
0.483,0.523,308000,0.374,0,0.86,9,0.132,-19.086,1,44,0.0376,111.694,0.605,5
0.0757,0.585,169627,0.79,0,1.83e-05,9,0.2,-10.549,1,43,0.0291,134.994,0.957,4
0.703,0.7120000000000001,595227,0.263,0,0.0289,4,0.71,-16.61,1,21,0.0336,113.496,0.534,5
0.794,0.684,555760,0.69,0,0.857,10,0.13,-14.357,0,31,0.0614,102.038,0.5429999999999999,5
0.107,0.774,210133,0.653,1,0.0,2,0.0609,-4.3039999999999985,1,65,0.0361,95.009,0.845,2
0.0328,0.667,259080,0.611,1,0.0353,6,0.0963,-4.798,0,56,0.0335,119.97,0.269,1
3.46e-05,0.413,164880,0.973,0,0.71,6,0.104,-5.776,0,36,0.135,158.19299999999996,0.684,4
0.0523,0.362,131267,0.922,0,8.77e-05,4,0.0457,-5.088,0,14,0.0726,83.78200000000002,0.855,6
0.804,0.255,997427,0.446,0,0.0266,9,0.0947,-11.226,0,4,0.042,78.11,0.273,7
0.574,0.593,200933,0.374,0,0.0,5,0.13,-11.453,1,35,0.0298,112.472,0.502,5
0.0007099999999999999,0.6629999999999999,281253,0.754,1,0.0,9,0.0923,-6.942,1,40,0.062,146.795,0.399,2
0.621,0.609,95300,0.113,1,0.0,11,0.7509999999999999,-21.735,0,0,0.966,193.672,0.353,8
0.474,0.43,172640,0.269,0,0.0,10,0.105,-17.41,1,31,0.0311,152.497,0.326,5
0.989,0.246,291933,0.109,0,0.7909999999999999,3,0.0689,-23.065,1,0,0.0429,78.98,0.112,8
0.989,0.379,291040,0.0453,0,0.933,3,0.196,-26.237,1,0,0.0524,79.086,0.136,8
0.833,0.539,102960,0.201,0,0.0,0,0.0815,-10.473,1,12,0.0533,114.145,0.524,7
0.0263,0.7659999999999999,230640,0.563,0,0.6829999999999999,9,0.115,-7.516,0,50,0.0339,126.007,0.964,2
0.995,0.745,171413,0.175,0,0.403,2,0.213,-13.659,0,0,0.0697,112.895,0.737,10
0.223,0.59,264725,0.7040000000000001,1,0.0825,0,0.103,-7.058,1,62,0.0284,137.968,0.691,1
0.974,0.414,229933,0.294,0,0.000239,1,0.227,-16.059,1,0,0.0996,84.51100000000002,0.358,7
0.99,0.563,197187,0.254,0,0.00886,11,0.0651,-8.869,1,0,0.0491,108.009,0.757,9
0.684,0.526,114733,0.414,0,0.0,4,0.14800000000000002,-13.78,1,49,0.0862,176.032,0.93,4
0.995,0.534,202053,0.112,0,0.932,0,0.12,-18.018,1,0,0.0855,70.083,0.585,8
0.461,0.7020000000000001,107970,0.155,1,0.0,7,0.195,-17.839000000000006,1,0,0.948,84.291,0.679,9
0.111,0.8490000000000001,310333,0.74,0,4.48e-05,6,0.158,-7.553,1,38,0.191,88.574,0.924,3
0.138,0.506,178333,0.913,0,0.000867,3,0.135,-5.301,1,45,0.0512,151.18200000000004,0.895,3
0.994,0.374,192987,0.208,0,0.485,2,0.14300000000000002,-14.572,1,0,0.0666,170.575,0.524,9
0.0397,0.487,304027,0.667,0,0.473,6,0.0389,-16.065,0,27,0.0375,93.287,0.926,4
0.0243,0.711,300413,0.926,1,0.0,7,0.385,-2.375,1,49,0.208,95.108,0.528,4
0.504,0.746,293200,0.281,0,0.17600000000000002,1,0.127,-12.155,0,33,0.0652,143.56,0.14,3
0.111,0.6659999999999999,223507,0.715,1,9.69e-06,2,0.23,-5.276,0,51,0.261,88.046,0.725,2
0.736,0.602,214907,0.695,0,0.0,2,0.191,-5.874,1,60,0.0332,150.01,0.604,1
0.94,0.6920000000000001,187000,0.468,0,0.00027,7,0.0978,-12.765999999999998,1,0,0.0505,111.508,0.962,9
3.950000000000001e-05,0.306,279093,0.989,0,0.00041,2,0.27,-5.087,1,37,0.109,103.006,0.134,4
0.399,0.7040000000000001,177760,0.423,0,0.0,2,0.0501,-7.459,1,1,0.0408,98.866,0.903,8
0.0051,0.355,218733,0.307,0,0.0152,9,0.107,-15.433,1,34,0.0335,128.714,0.34,4
0.643,0.568,242713,0.165,0,0.872,5,0.125,-19.933,0,44,0.0307,108.714,0.311,5
0.493,0.28,449227,0.5660000000000001,0,2.44e-06,4,0.611,-9.711,0,22,0.0723,78.072,0.32,6
0.995,0.638,187929,0.14,0,0.638,7,0.104,-10.603,0,0,0.622,80.554,0.584,8
0.0007469999999999999,0.435,212040,0.887,0,0.0,9,0.0327,-4.07,1,67,0.0636,199.935,0.408,2
0.0341,0.875,218067,0.7609999999999999,1,0.0479,6,0.031,-6.939,0,61,0.254,94.011,0.6759999999999999,2
0.8320000000000001,0.503,358173,0.256,0,7.52e-05,0,0.201,-18.324,1,19,0.0505,92.359,0.422,6
0.797,0.428,256107,0.191,0,0.0,3,0.165,-10.421,1,25,0.0429,204.091,0.207,6
0.965,0.431,372267,0.199,0,0.229,3,0.108,-12.941,1,16,0.049,64.421,0.354,7
0.945,0.481,270747,0.189,0,0.344,2,0.146,-17.346,1,0,0.0441,125.406,0.62,9
0.123,0.691,189480,0.602,1,0.0,9,0.0637,-6.807,0,76,0.209,151.987,0.685,1
0.946,0.509,232837,0.183,0,0.0,10,0.0914,-10.27,1,73,0.0377,117.354,0.258,1
0.422,0.613,178440,0.665,0,0.00656,7,0.105,-8.478,1,53,0.0299,125.814,0.493,3
0.0664,0.546,271840,0.851,0,0.00852,10,0.26,-11.406,1,36,0.0417,125.848,0.679,4
0.112,0.615,230267,0.8109999999999999,0,0.0,11,0.103,-6.9289999999999985,1,26,0.0306,145.15200000000004,0.7559999999999999,3
0.953,0.851,191307,0.221,0,7.36e-06,8,0.0692,-12.89,0,4,0.0932,116.444,0.6509999999999999,10
0.0739,0.279,284840,0.858,0,0.289,4,0.17800000000000002,-9.183,1,34,0.0522,101.998,0.369,3
0.7709999999999999,0.591,116293,0.737,0,0.0,6,0.298,-5.3729999999999976,1,12,0.0345,143.847,0.924,6
0.369,0.47,274321,0.755,0,0.0305,5,0.322,-8.363999999999999,1,0,0.0538,100.112,0.591,9
0.142,0.637,189057,0.555,0,0.0,5,0.13699999999999998,-8.775,1,56,0.0252,135.257,0.6709999999999999,2
0.965,0.4920000000000001,213467,0.0572,0,0.826,7,0.0907,-12.304,1,0,0.0393,130.621,0.311,8
0.992,0.463,94467,0.0559,0,0.907,2,0.174,-25.281,1,0,0.0395,124.133,0.612,8
0.11,0.867,142498,0.774,1,0.0,11,0.157,-5.791,0,64,0.315,130.007,0.5489999999999999,1
0.4270000000000001,0.737,188693,0.845,1,0.00615,0,0.343,-10.594,1,34,0.0326,111.973,0.966,5
0.924,0.775,173941,0.44,0,2.43e-05,2,0.138,-6.6160000000000005,1,50,0.16399999999999998,134.02100000000002,0.8290000000000001,3
0.0143,0.647,322000,0.627,1,0.0,7,0.14,-10.555,0,46,0.458,87.82,0.636,1
0.224,0.78,220040,0.926,1,6.22e-05,6,0.136,-3.913,0,51,0.284,91.627,0.7809999999999999,2
0.225,0.514,169133,0.43,0,5.31e-06,5,0.159,-12.36,1,40,0.0308,77.086,0.8,2
0.782,0.529,257800,0.345,0,1.1e-06,3,0.13,-10.713,1,34,0.0497,77.592,0.238,4
0.758,0.397,272867,0.247,0,0.0,4,0.0901,-15.226,0,29,0.0418,176.05,0.51,5
0.723,0.522,207125,0.375,0,0.0,8,0.336,-15.278,1,0,0.0482,119.17,0.604,7
0.99,0.147,324400,0.0865,0,0.909,2,0.0774,-25.095,1,43,0.0477,140.612,0.032,2
0.00731,0.444,183453,0.871,0,0.0,7,0.107,-4.64,1,52,0.0359,76.0,0.61,1
0.8029999999999999,0.254,172800,0.162,0,0.248,5,0.247,-18.148,1,6,0.0382,115.322,0.188,6
0.00294,0.298,508560,0.546,0,0.00865,7,0.967,-15.647,1,22,0.0437,151.15200000000004,0.362,4
0.0738,0.249,547107,0.8340000000000001,0,9.48e-05,0,0.0924,-8.21,1,72,0.0577,118.223,0.338,5
0.0219,0.32299999999999995,306520,0.912,0,0.0,9,0.373,-2.059,0,57,0.0425,108.084,0.609,1
0.71,0.551,351613,0.72,0,7.97e-06,0,0.382,-11.008,1,0,0.0347,103.087,0.802,8
0.141,0.601,347507,0.768,1,0.0,8,0.482,-5.7120000000000015,1,53,0.386,152.45,0.634,2
0.0557,0.413,266773,0.684,0,4.760000000000001e-05,10,0.244,-6.099,1,45,0.0291,83.199,0.306,2
0.326,0.531,198960,0.5760000000000001,0,0.0,2,0.151,-9.363,1,22,0.0303,132.92700000000002,0.919,6
0.048,0.527,269467,0.903,0,0.0104,4,0.654,-5.547999999999999,1,48,0.0399,137.721,0.728,2
0.273,0.297,261867,0.23,0,0.0,5,0.09,-16.015,1,60,0.0358,79.27199999999998,0.15,3
0.722,0.425,80120,0.123,0,0.0,1,0.171,-19.565,1,12,0.0681,57.178,0.337,6
0.8290000000000001,0.129,225733,0.332,0,0.0,2,0.378,-12.738,0,32,0.0313,68.388,0.0994,3
0.967,0.642,102840,0.215,0,0.0,5,0.0929,-13.375,1,9,0.316,98.521,0.6829999999999999,7
0.858,0.65,112773,0.471,0,0.0,5,0.102,-9.852,1,35,0.0365,112.672,0.79,7
0.992,0.821,185000,0.234,0,0.5720000000000001,6,0.107,-8.392000000000001,1,0,0.0563,115.528,0.703,9
0.989,0.438,69186,0.192,0,0.0134,9,0.508,-12.525,0,0,0.0471,127.418,0.358,7
0.863,0.501,96400,0.257,0,0.858,2,0.0924,-14.212,1,0,0.0744,110.5,0.152,7
0.106,0.336,230267,0.92,0,0.784,7,0.463,-7.547999999999999,1,23,0.0514,149.409,0.508,6
0.617,0.698,208293,0.397,0,1.52e-05,2,0.0661,-6.034,1,50,0.0385,140.09,0.925,1
0.488,0.691,408733,0.308,0,0.000445,1,0.28600000000000003,-23.511,1,3,0.921,141.085,0.6609999999999999,7
0.0391,0.8059999999999999,249573,0.649,0,5.550000000000003e-05,9,0.0557,-9.004,0,57,0.0347,114.834,0.897,2
0.448,0.682,154840,0.165,0,0.0153,1,0.111,-18.634,1,4,0.241,79.421,0.504,7
0.779,0.48,230773,0.285,0,0.0008179999999999999,11,0.0667,-10.41,1,44,0.0278,131.48,0.39,5
0.99,0.585,177667,0.337,0,0.0155,0,0.119,-14.545,1,16,0.38,75.538,0.361,6
0.994,0.398,250960,0.0474,0,0.91,9,0.0882,-21.971,1,2,0.0353,128.873,0.0796,9
0.099,0.747,216320,0.528,0,0.0,6,0.0845,-8.267000000000001,0,58,0.0527,86.964,0.603,1
0.476,0.664,587960,0.368,0,0.0,6,0.115,-13.321,1,19,0.946,91.391,0.62,9
0.124,0.34,253920,0.943,0,0.00123,5,0.238,-6.1610000000000005,1,38,0.0521,189.74,0.496,5
0.17800000000000002,0.359,302333,0.945,0,1.5399999999999998e-05,9,0.344,-5.176,1,40,0.0785,137.372,0.518,5
0.0499,0.244,301600,0.934,0,0.0189,2,0.16699999999999998,-4.439,0,50,0.059,88.238,0.473,2
0.958,0.585,117187,0.32,0,9.940000000000003e-05,4,0.194,-12.961,1,32,0.0506,116.47,0.201,3
0.0975,0.802,242093,0.621,0,0.0256,5,0.0627,-7.932,0,54,0.0377,95.906,0.81,2
0.00878,0.233,213640,0.943,1,0.0,2,0.359,-3.443,0,56,0.171,149.99200000000005,0.0501,2
0.846,0.275,219867,0.0476,0,0.0,8,0.119,-17.285,1,43,0.0365,177.69799999999995,0.29,3
0.163,0.818,218747,0.7120000000000001,0,3.7e-05,7,0.0893,-5.744,1,58,0.0324,96.522,0.6779999999999999,2
0.17600000000000002,0.75,262493,0.8340000000000001,1,0.0,5,0.0892,-4.699,0,48,0.197,172.058,0.8909999999999999,2
0.0916,0.701,176787,0.6679999999999999,0,2.09e-06,5,0.111,-7.287000000000001,0,63,0.0516,82.978,0.5529999999999999,0
0.00093,0.503,221160,0.921,0,2.75e-06,8,0.26,-5.907,0,59,0.106,121.983,0.359,1
0.000943,0.6559999999999999,269200,0.978,0,0.000153,8,0.229,-4.143,0,49,0.0736,99.051,0.6679999999999999,2
0.747,0.616,339600,0.131,0,0.0072099999999999985,5,0.121,-20.639,1,34,0.0432,83.23100000000002,0.328,6
0.109,0.591,297360,0.669,0,0.838,7,0.262,-16.007,1,34,0.0319,127.523,0.755,4
0.923,0.597,211827,0.223,0,4.29e-06,0,0.332,-14.591,1,3,0.0741,98.352,0.494,7
0.0708,0.705,210453,0.7959999999999999,0,0.0,7,0.388,-6.845,1,58,0.267,166.042,0.8640000000000001,2
0.00298,0.335,234533,0.8859999999999999,0,0.0163,7,0.185,-9.291,0,42,0.0644,109.258,0.209,3
0.508,0.516,162000,0.419,0,0.00496,10,0.124,-13.82,1,27,0.0276,80.611,0.743,5
0.118,0.588,238627,0.711,0,0.0028,2,0.039,-8.368,1,34,0.0404,106.389,0.907,5
0.17600000000000002,0.7140000000000001,222227,0.735,0,0.0006219999999999999,4,0.115,-7.125,0,74,0.0306,123.57,0.68,3
0.361,0.481,276560,0.562,0,0.0,2,0.436,-12.591,0,49,0.0953,119.484,0.364,3
0.977,0.6629999999999999,166547,0.0932,0,0.9,8,0.116,-17.604,1,14,0.0375,93.609,0.499,8
0.956,0.633,166627,0.394,0,0.0445,0,0.218,-13.985,1,12,0.0333,127.971,0.91,8
0.688,0.774,116467,0.795,0,2.69e-05,10,0.0903,-7.181,1,23,0.0765,107.659,0.936,7
0.49,0.615,354627,0.405,0,0.000129,4,0.348,-12.386,0,50,0.0376,118.531,0.645,5
0.115,0.568,128987,0.688,0,0.000261,11,0.203,-9.357,1,51,0.0542,136.85299999999998,0.836,6
0.0555,0.458,176001,0.878,0,0.0201,7,0.276,-5.96,1,48,0.0484,178.65200000000004,0.769,1
0.956,0.392,195653,0.591,0,0.103,1,0.112,-8.988999999999997,1,0,0.036000000000000004,87.677,0.882,8
0.957,0.284,195720,0.3,0,0.0564,5,0.151,-13.927,1,15,0.032,88.331,0.482,6
0.974,0.472,181267,0.0954,0,0.561,10,0.101,-19.348,0,34,0.0392,110.17,0.318,6
0.99,0.417,252667,0.134,0,0.0018,0,0.407,-19.11,1,0,0.0723,134.875,0.375,10
0.00128,0.4320000000000001,224173,0.795,0,0.0,10,0.101,-4.023,1,57,0.0321,172.011,0.519,2
0.16699999999999998,0.708,271933,0.61,1,0.0,10,0.21,-8.45,0,34,0.3670000000000001,89.141,0.469,3
0.97,0.303,678063,0.11,0,0.789,5,0.266,-16.199,1,0,0.0425,95.881,0.196,9
0.703,0.695,165333,0.337,0,0.0889,7,0.13,-14.22,0,23,0.0314,114.13,0.63,6
0.503,0.6509999999999999,197040,0.465,0,0.0455,4,0.495,-7.5379999999999985,1,61,0.0328,107.75,0.585,1
0.141,0.7140000000000001,103300,0.256,1,0.0,6,0.378,-18.592,1,0,0.947,125.826,0.442,10
0.735,0.746,270613,0.501,0,0.159,7,0.119,-7.874,0,42,0.0414,91.289,0.918,5
0.992,0.625,180707,0.245,0,0.000525,2,0.117,-10.708,1,0,0.0657,123.066,0.6729999999999999,9
0.986,0.242,111373,0.162,0,0.872,0,0.15,-22.415,1,21,0.0356,159.344,0.903,5
0.9,0.289,286640,0.117,0,0.000518,10,0.16699999999999998,-12.844,1,24,0.0306,87.03,0.114,5
0.8490000000000001,0.5529999999999999,159547,0.24,0,0.0,5,0.168,-14.017,1,40,0.0295,106.07,0.631,6
0.397,0.8240000000000001,118640,0.552,0,4.38e-06,5,0.396,-8.405,1,31,0.042,118.114,0.921,6
0.276,0.547,269747,0.5670000000000001,0,0.0005480000000000001,7,0.104,-7.295,1,61,0.0242,137.13,0.399,2
0.765,0.648,294467,0.343,0,0.00294,4,0.0994,-9.524,1,31,0.0399,97.299,0.5539999999999999,4
0.134,0.741,217227,0.977,0,0.0,10,0.145,-2.318,1,47,0.044,119.988,0.951,3
0.8029999999999999,0.289,142600,0.0653,0,0.534,0,0.0899,-14.418,1,1,0.04,91.559,0.518,7
0.6,0.61,250534,0.624,1,2.12e-06,2,0.243,-4.773,1,85,0.309,176.169,0.244,1
0.489,0.487,235867,0.423,0,0.0112,0,0.196,-11.585,1,25,0.0261,106.83,0.502,5
0.555,0.6659999999999999,268213,0.0836,0,0.302,0,0.868,-22.696,1,8,0.0434,123.485,0.141,6
0.0359,0.443,134560,0.936,0,0.000117,9,0.075,-3.1710000000000003,1,22,0.0474,146.886,0.942,6
0.924,0.442,244786,0.2,0,0.8959999999999999,0,0.257,-18.981,0,35,0.0396,78.834,0.228,4
0.308,0.5379999999999999,174192,0.52,1,0.0,7,0.214,-11.063,0,73,0.737,180.274,0.551,1
0.98,0.313,159267,0.0577,0,0.795,7,0.287,-24.767,1,0,0.0289,78.93,0.229,10
0.939,0.725,168773,0.3670000000000001,0,0.00683,8,0.249,-10.624,1,0,0.0949,96.058,0.8170000000000001,9
0.514,0.648,148427,0.442,0,3.04e-06,3,0.102,-12.719,1,44,0.03,94.61,0.6579999999999999,6
0.908,0.545,124853,0.16899999999999998,0,0.0,0,0.0942,-16.249000000000002,1,69,0.132,98.225,0.482,1
0.99,0.381,228533,0.14800000000000002,0,0.917,10,0.116,-17.829,1,0,0.0567,91.562,0.18,9
0.17600000000000002,0.711,291640,0.6859999999999999,0,1.96e-05,8,0.0791,-6.484,1,58,0.0286,125.373,0.57,3
0.6809999999999999,0.5660000000000001,190453,0.412,0,0.017,5,0.0741,-6.994,1,61,0.0267,81.87899999999998,0.47,1
0.00429,0.312,337973,0.568,0,0.0304,11,0.154,-6.1960000000000015,0,42,0.034,116.454,0.125,3
0.524,0.713,207093,0.752,0,0.0362,5,0.556,-6.645,1,19,0.0353,101.398,0.96,5
2.44e-05,0.476,278760,0.862,0,0.0288,10,0.121,-5.936,0,39,0.0544,145.975,0.39,2
0.488,0.9,215400,0.555,0,0.0356,5,0.16399999999999998,-8.68,0,49,0.0492,109.983,0.972,3
0.0076700000000000015,0.328,262600,0.674,0,0.0398,7,0.29,-7.487999999999999,1,64,0.105,177.007,0.129,1
0.902,0.575,161893,0.158,0,0.000147,2,0.239,-15.583,1,16,0.0402,126.553,0.643,8
0.857,0.522,218800,0.149,0,0.0,11,0.166,-12.609000000000002,1,48,0.0334,124.847,0.364,5
0.045,0.731,326347,0.624,1,3.37e-05,6,0.305,-5.761,0,56,0.311,140.131,0.528,1
0.0024,0.46,224053,0.951,0,0.0,3,0.205,-4.732,1,51,0.101,143.036,0.214,1
0.79,0.5770000000000001,186587,0.265,0,0.0,2,0.114,-11.462,1,42,0.0273,83.381,0.365,2
0.0301,0.228,272973,0.708,0,0.00012,11,0.205,-9.921,0,39,0.0438,92.31,0.412,4
0.00895,0.595,62453,0.472,0,0.000337,10,0.312,-15.223,0,37,0.42,86.76700000000002,0.493,4
0.922,0.292,642573,0.246,0,0.525,2,0.107,-14.96,1,48,0.0385,109.766,0.0859,2
0.0377,0.575,144667,0.632,0,0.879,8,0.329,-10.892,1,32,0.0351,77.414,0.698,5
0.8340000000000001,0.419,162080,0.292,0,0.0,1,0.117,-12.045,1,18,0.0291,111.028,0.433,6
0.838,0.48,201547,0.325,0,0.00022,0,0.206,-11.711,1,22,0.0423,123.709,0.396,7
0.995,0.308,198720,0.519,0,0.00493,5,0.423,-9.746,1,0,0.045,81.043,0.508,8
0.208,0.7090000000000001,213360,0.725,0,4.54e-05,4,0.158,-4.999,1,55,0.0556,97.046,0.759,2
0.889,0.508,126147,0.161,0,0.0,9,0.0982,-15.741,0,37,0.086,127.804,0.447,3
0.983,0.407,139760,0.181,0,0.0,2,0.274,-15.437,1,0,0.0894,93.254,0.135,7
0.289,0.757,317680,0.624,0,0.00813,7,0.105,-6.854,1,37,0.141,84.17200000000003,0.5589999999999999,3
0.0383,0.8370000000000001,379733,0.6920000000000001,1,0.0,7,0.212,-4.251,1,60,0.337,87.775,0.805,4
0.992,0.348,130067,0.189,0,0.907,4,0.0961,-19.2,1,0,0.0384,66.446,0.34,10
0.987,0.24,576067,0.103,0,0.92,5,0.0763,-23.251,0,36,0.0453,174.645,0.0509,4
0.382,0.7020000000000001,220920,0.846,0,0.306,7,0.187,-6.555,1,51,0.0296,142.433,0.949,3
0.993,0.664,167267,0.26,0,0.799,0,0.131,-11.494000000000002,0,0,0.343,117.822,0.877,10
0.007640000000000002,0.521,234240,0.6890000000000001,0,0.000209,6,0.16399999999999998,-4.797,1,41,0.0383,105.024,0.094,2
0.456,0.5539999999999999,238093,0.456,0,0.0,0,0.125,-7.391,1,36,0.0253,137.055,0.261,3
0.973,0.171,246933,0.207,0,0.0214,0,0.6409999999999999,-21.774,1,1,0.0732,182.586,0.206,7
0.0937,0.68,224800,0.485,0,0.696,5,0.255,-15.589,0,46,0.053,120.657,0.967,4
0.109,0.735,194440,0.514,0,0.0,7,0.359,-5.464,1,68,0.08199999999999999,77.566,0.517,1
0.011,0.599,246787,0.825,0,0.00019,10,0.187,-10.558,1,34,0.0294,124.204,0.9,4
0.485,0.6970000000000001,310613,0.0539,0,0.412,8,0.0607,-19.665,1,12,0.0718,77.821,0.242,7
0.976,0.35600000000000004,99658,0.14300000000000002,0,1.89e-05,9,0.111,-15.148,1,70,0.0388,75.52199999999998,0.334,1
0.0266,0.77,301267,0.28600000000000003,0,0.472,5,0.314,-9.584,0,48,0.0815,168.072,0.57,2
0.974,0.471,219507,0.226,0,0.0232,2,0.258,-14.32,1,0,0.0487,136.737,0.853,8
0.138,0.6459999999999999,144333,0.962,0,0.0,9,0.471,-4.862,1,63,0.0536,164.79,0.961,3
0.461,0.71,191093,0.63,0,0.0735,2,0.123,-9.922,1,35,0.0387,122.922,0.328,4
0.996,0.6859999999999999,175804,0.0847,0,0.894,8,0.113,-19.127,1,0,0.156,86.818,0.753,8
0.0228,0.386,212093,0.685,0,0.0,2,0.149,-6.502999999999999,1,34,0.0276,76.384,0.6859999999999999,5
0.748,0.846,344133,0.69,0,0.0,8,0.0309,-8.354,1,0,0.162,120.693,0.89,8
0.7070000000000001,0.659,209676,0.494,0,0.0,0,0.295,-7.768,1,61,0.0238,103.591,0.354,3
0.111,0.412,337733,0.657,0,8.83e-05,6,0.15,-11.78,1,48,0.0887,129.119,0.742,5
0.943,0.626,157600,0.0458,0,0.000776,10,0.111,-27.646,0,0,0.7340000000000001,78.515,0.385,7
0.331,0.8059999999999999,209648,0.7070000000000001,0,0.0,7,0.294,-4.623,1,73,0.0307,118.011,0.746,1
0.6779999999999999,0.6920000000000001,224867,0.112,0,0.0,7,0.197,-10.944,1,28,0.0428,109.849,0.429,4
0.828,0.7120000000000001,148040,0.0768,0,0.682,7,0.0997,-27.356,1,0,0.0522,101.321,0.56,8
0.8909999999999999,0.6809999999999999,260520,0.224,0,0.924,1,0.155,-20.353,1,9,0.0416,99.796,0.777,6
0.00835,0.872,280627,0.6509999999999999,0,0.0,7,0.0694,-5.684,1,36,0.1,162.00799999999995,0.732,2
0.31,0.7070000000000001,114195,0.262,1,0.0,11,0.459,-20.648000000000003,0,0,0.943,86.235,0.7020000000000001,10
0.942,0.29600000000000004,298560,0.0392,0,0.0,7,0.418,-21.436,1,0,0.0555,83.374,0.0578,7
0.682,0.377,233093,0.171,0,0.0768,2,0.102,-15.608,1,38,0.0282,80.346,0.34,2
0.161,0.609,230733,0.5579999999999999,0,6.159999999999999e-05,1,0.0988,-7.9620000000000015,1,52,0.0302,69.97,0.48,1
0.539,0.7190000000000001,223893,0.626,0,0.0,0,0.0582,-11.236,0,36,0.0347,116.958,0.923,3
0.434,0.87,195290,0.585,1,0.0048200000000000005,8,0.0812,-5.424,1,0,0.364,139.965,0.4370000000000001,8
0.995,0.67,192627,0.14300000000000002,0,0.833,5,0.107,-11.545,0,0,0.217,65.98,0.861,8
0.0134,0.578,186920,0.464,0,0.000106,7,0.126,-14.561,1,25,0.0351,100.614,0.415,4
0.0479,0.561,285440,0.765,0,3.47e-06,10,0.0431,-5.382999999999999,0,32,0.0294,96.661,0.441,5
0.031,0.16,209827,0.932,1,0.0,11,0.108,-4.154,1,25,0.0614,154.542,0.0649,4
0.0387,0.583,206240,0.7170000000000001,0,7.3e-05,11,0.153,-7.423999999999999,0,56,0.0293,99.211,0.6709999999999999,5
0.687,0.805,117776,0.448,0,0.31,10,0.15,-14.302,1,7,0.0468,99.561,0.901,6
0.5670000000000001,0.513,303800,0.267,0,0.000616,3,0.0793,-14.332,1,26,0.0362,153.738,0.21600000000000005,5
0.168,0.843,254320,0.5529999999999999,0,2.66e-06,6,0.107,-7.348,1,46,0.0317,115.997,0.825,2
0.919,0.648,202093,0.209,0,0.0,10,0.273,-13.23,1,0,0.284,88.945,0.755,9
0.487,0.742,303307,0.56,0,0.0,10,0.0602,-6.432,1,46,0.0366,88.527,0.718,3
0.237,0.602,241107,0.484,0,1.91e-05,6,0.0347,-16.660999999999998,1,31,0.0337,90.022,0.82,4
0.996,0.628,128480,0.219,0,0.929,6,0.397,-15.198,1,0,0.0503,75.973,0.765,10
0.994,0.6509999999999999,174887,0.13,0,0.0652,2,0.134,-9.258,1,0,0.0937,119.559,0.7440000000000001,8
0.6829999999999999,0.568,168093,0.43,0,6.31e-05,8,0.0989,-8.749,1,11,0.0305,134.495,0.611,7
0.395,0.78,279000,0.511,1,0.00148,5,0.111,-13.95,1,39,0.203,82.80799999999998,0.7090000000000001,3
0.363,0.28800000000000003,409263,0.321,0,0.619,6,0.111,-10.308,1,0,0.0475,88.20299999999996,0.281,9
0.992,0.124,237500,0.0399,0,0.894,6,0.18,-29.689,0,69,0.0721,73.366,0.0928,1
0.929,0.705,147160,0.0958,0,0.00191,1,0.101,-18.361,0,28,0.0344,110.817,0.37,4
0.6940000000000001,0.594,191000,0.289,0,0.0,11,0.214,-12.747,0,58,0.0391,111.903,0.345,6
0.9,0.429,167600,0.214,0,0.000198,10,0.103,-18.399,0,25,0.0403,82.90799999999999,0.335,5
0.0919,0.495,230320,0.816,0,6.97e-05,9,0.472,-6.51,1,42,0.037000000000000005,91.037,0.772,3
0.981,0.255,627040,0.181,0,0.932,0,0.087,-21.649,1,16,0.0383,79.928,0.194,6
0.174,0.507,285227,0.8370000000000001,0,0.8140000000000001,2,0.0906,-10.465,1,45,0.0624,107.013,0.318,5
0.986,0.5479999999999999,188560,0.606,0,0.000185,11,0.336,-6.2620000000000005,0,0,0.0385,93.065,0.815,9
0.305,0.542,498893,0.463,0,0.0239,5,0.151,-12.116,0,29,0.0307,98.024,0.467,4
0.56,0.491,100973,0.511,0,8.76e-06,8,0.101,-10.452,1,6,0.0341,137.649,0.835,6
0.0713,0.507,268787,0.568,0,8.7e-06,3,0.135,-6.009,1,38,0.0257,77.108,0.245,4
0.579,0.6779999999999999,238613,0.368,0,0.0,0,0.289,-9.727,1,33,0.0285,141.945,0.298,3
0.023,0.818,235067,0.579,1,0.0,7,0.107,-4.475,1,52,0.101,89.98700000000002,0.354,2
0.511,0.556,296760,0.652,0,0.0,4,0.108,-4.857,0,35,0.0346,123.451,0.453,3
0.0658,0.701,98806,0.309,1,0.0,5,0.073,-17.448,1,0,0.943,79.21600000000002,0.489,10
0.52,0.653,159307,0.578,0,0.0,0,0.0711,-13.647,1,28,0.0974,103.166,0.866,7
0.0906,0.68,265373,0.5489999999999999,1,7.18e-05,5,0.5479999999999999,-8.276,0,63,0.244,162.876,0.289,1
0.00296,0.521,271400,0.927,0,0.0683,6,0.35700000000000004,-5.782,0,56,0.0505,167.378,0.6970000000000001,4
0.0113,0.39,96584,0.985,0,0.0,9,0.387,-0.6990000000000001,1,43,0.152,161.451,0.721,2
0.152,0.8079999999999999,159467,0.7090000000000001,0,0.000241,2,0.0707,-6.091,1,57,0.0442,99.02,0.853,2
0.5539999999999999,0.11,1607333,0.124,0,0.773,4,0.197,-19.495,0,36,0.0374,93.035,0.0331,3
0.929,0.204,237883,0.142,0,0.889,5,0.305,-17.173,1,4,0.0481,82.853,0.0431,10
0.101,0.6579999999999999,254227,0.764,0,0.004,10,0.134,-8.646,0,60,0.0449,107.433,0.83,3
0.916,0.552,98933,0.301,0,5.64e-05,6,0.0712,-7.28,1,50,0.033,110.257,0.642,1
0.85,0.6579999999999999,165693,0.3670000000000001,0,0.0,9,0.114,-8.621,1,4,0.0489,113.297,0.836,9
0.735,0.5770000000000001,541947,0.305,0,0.000198,10,0.0986,-11.59,1,13,0.053,113.047,0.716,7
0.199,0.7609999999999999,217146,0.488,0,0.00236,9,0.0864,-7.326,1,63,0.043,100.024,0.682,2
0.0008,0.469,197453,0.948,0,0.000381,10,0.0916,-3.708,1,57,0.0545,82.48700000000002,0.718,1
0.0164,0.627,256400,0.8220000000000001,1,0.0,1,0.121,-5.909,1,50,0.249,80.02,0.5379999999999999,2
0.236,0.394,184173,0.544,0,0.0699,5,0.0902,-7.171,1,2,0.0297,72.436,0.7909999999999999,7
0.0606,0.6990000000000001,105300,0.308,1,0.0,1,0.266,-18.083,1,0,0.942,135.08,0.728,10
0.0394,0.777,223213,0.872,0,2.21e-05,2,0.29,-5.4529999999999985,0,44,0.103,133.475,0.645,4
0.00217,0.59,244000,0.748,0,0.0923,2,0.139,-6.817,0,43,0.0566,99.799,0.5760000000000001,4
0.8290000000000001,0.407,284800,0.358,0,0.424,9,0.0827,-12.908,0,63,0.0343,92.292,0.267,5
0.318,0.457,231360,0.763,0,0.0,7,0.0322,-3.459,0,59,0.255,175.043,0.87,2
0.000558,0.246,343200,0.952,0,0.00193,3,0.959,-5.045,0,49,0.114,151.374,0.387,3
2.59e-05,0.272,335867,0.961,0,0.922,0,0.0639,-6.343,1,30,0.097,90.79,0.0712,4
0.00329,0.385,246440,0.737,0,0.6709999999999999,11,0.369,-9.572,0,30,0.0418,145.463,0.56,4
0.503,0.7240000000000001,268560,0.564,0,2.49e-05,4,0.203,-6.881,1,47,0.0308,125.988,0.529,2
0.0707,0.629,176987,0.795,0,0.0,5,0.324,-4.697,1,45,0.042,136.991,0.843,1
0.936,0.163,406467,0.0891,0,0.91,2,0.0689,-20.255,1,28,0.0403,91.533,0.0723,4
0.443,0.469,379107,0.5920000000000001,0,0.0,9,0.8390000000000001,-8.412,1,33,0.07400000000000001,114.1,0.414,3
0.716,0.315,133800,0.496,0,0.0468,1,0.0871,-8.326,1,29,0.0323,149.234,0.812,5
0.639,0.622,251680,0.45,0,1.25e-06,10,0.124,-11.008,1,41,0.0913,72.63600000000002,0.821,4
0.0328,0.471,296507,0.49,0,5.24e-05,5,0.615,-11.492,1,36,0.0291,66.865,0.127,3
0.7859999999999999,0.266,156549,0.685,0,0.0,5,0.972,-12.708,1,21,0.247,99.038,0.325,6
0.0161,0.545,390533,0.584,0,1.06e-05,6,0.177,-7.643,0,39,0.0888,144.153,0.534,3
0.0223,0.624,193373,0.899,0,0.000155,0,0.0975,-5.71,1,64,0.0295,104.055,0.797,2
0.861,0.713,128773,0.546,0,2.07e-06,3,0.151,-10.890999999999998,1,15,0.043,123.174,0.943,6
0.0764,0.939,231173,0.73,0,0.0019,9,0.106,-4.939,1,35,0.0807,111.645,0.936,4
0.223,0.715,420200,0.326,0,1.94e-06,3,0.664,-17.692,0,17,0.939,123.264,0.701,9
0.8059999999999999,0.618,228253,0.307,0,0.0,2,0.108,-10.875,1,68,0.046,188.115,0.458,1
0.508,0.636,240640,0.531,0,0.0,5,0.0952,-5.593,1,52,0.0273,122.918,0.496,2
0.8290000000000001,0.298,390373,0.277,0,0.8320000000000001,10,0.135,-15.383,1,0,0.0368,149.123,0.473,7
0.428,0.835,299067,0.4320000000000001,1,4.57e-06,1,0.0508,-9.311,0,45,0.06,125.852,0.6609999999999999,2
0.985,0.594,202333,0.361,0,0.007390000000000002,7,0.599,-12.273,1,13,0.0375,119.182,0.733,8
0.995,0.531,159107,0.124,0,0.0168,2,0.118,-23.243,1,0,0.0711,101.902,0.555,10
0.13,0.912,266267,0.317,0,0.769,0,0.119,-12.476,1,26,0.14,127.454,0.584,5
0.00675,0.485,185453,0.944,0,0.000321,9,0.339,-7.235,0,34,0.128,134.754,0.514,4
0.622,0.7609999999999999,234147,0.706,0,0.0,7,0.0965,-5.15,0,57,0.0472,104.51,0.899,1
0.0109,0.518,210668,0.958,0,0.615,1,0.112,-6.822,0,34,0.0413,90.508,0.557,4
0.993,0.612,181119,0.215,0,0.00903,2,0.17600000000000002,-9.255,1,0,0.5489999999999999,69.468,0.693,7
0.18,0.35600000000000004,145440,0.5710000000000001,0,0.857,4,0.122,-14.841,0,54,0.0614,152.588,0.138,1
0.596,0.53,139813,0.51,0,0.0,8,0.0712,-11.053,0,52,0.187,201.594,0.8079999999999999,6
0.124,0.47,130853,0.476,1,6.73e-05,1,0.408,-15.735,1,31,0.505,159.064,0.679,4
0.802,0.667,251640,0.193,0,0.0033,8,0.0589,-20.192,1,24,0.0497,95.433,0.556,6
0.64,0.487,363733,0.312,0,0.0598,0,0.17,-16.463,1,30,0.0282,88.54299999999998,0.398,5
0.991,0.755,81240,0.34600000000000003,0,0.00128,6,0.599,-13.485,1,1,0.359,112.042,0.8370000000000001,7
0.995,0.4,323733,0.0428,0,0.948,0,0.106,-24.341,0,44,0.0479,90.708,0.151,6
0.376,0.583,201133,0.38,0,0.00685,7,0.0676,-17.607,1,45,0.0482,81.892,0.529,6
5.18e-05,0.465,224680,0.8029999999999999,1,0.0465,7,0.0809,-6.7639999999999985,1,43,0.0452,93.899,0.493,3
5.16e-05,0.483,463159,0.909,0,0.0512,4,0.119,-7.296,0,41,0.0484,94.816,0.672,4
0.234,0.574,484147,0.512,0,0.0,5,0.0946,-6.664,0,76,0.0503,76.899,0.512,1
0.00118,0.541,216067,0.8640000000000001,0,0.0,1,0.0896,-4.915,1,65,0.0357,124.557,0.435,2
0.601,0.705,136333,0.458,0,4.88e-05,9,0.158,-13.390999999999998,1,13,0.0498,119.145,0.933,6
0.632,0.7190000000000001,117013,0.5379999999999999,1,0.0,11,0.135,-6.897,0,79,0.28,204.132,0.8029999999999999,1
0.235,0.439,267627,0.456,0,1.61e-06,4,0.419,-9.243,0,36,0.0321,121.679,0.259,3
0.000226,0.544,212275,0.7390000000000001,0,2.14e-05,5,0.0816,-4.8180000000000005,0,60,0.232,185.81,0.467,1
0.196,0.76,263733,0.76,0,0.00185,10,0.113,-5.964,0,45,0.0509,111.01,0.636,1
0.17800000000000002,0.5760000000000001,162587,0.736,0,0.0,11,0.238,-7.572,1,26,0.224,101.928,0.484,0
0.95,0.337,285387,0.333,0,0.109,0,0.153,-10.612,1,40,0.0274,75.742,0.215,5
0.0608,0.568,236067,0.7070000000000001,0,0.0,3,0.0673,-5.6720000000000015,1,58,0.0582,171.968,0.6629999999999999,3
0.923,0.495,219027,0.175,0,0.907,0,0.113,-16.714000000000002,1,34,0.0317,91.219,0.17600000000000002,3
0.0873,0.622,249800,0.953,0,0.000332,7,0.105,-3.562,1,35,0.0696,90.687,0.8490000000000001,4
0.00662,0.332,173667,0.441,0,0.6409999999999999,7,0.313,-17.021,1,44,0.0513,87.509,0.0393,4
0.88,0.423,326600,0.305,0,0.8540000000000001,3,0.0898,-18.297,1,0,0.0703,91.91,0.416,7
0.007909999999999999,0.6509999999999999,262360,0.746,0,0.00224,4,0.174,-9.279,1,41,0.0282,140.8,0.959,3
0.229,0.7809999999999999,207307,0.629,0,0.000536,5,0.0881,-6.152,0,63,0.0647,111.975,0.693,1
0.375,0.411,402761,0.466,0,8.47e-05,4,0.142,-11.537,0,44,0.0332,136.093,0.158,6
0.982,0.298,197724,0.366,0,9.74e-06,10,0.235,-8.218,0,7,0.0315,104.023,0.452,8
0.991,0.515,81000,0.0789,0,2.05e-05,9,0.107,-16.464000000000002,0,0,0.0821,83.54799999999999,0.0901,7
0.987,0.515,167733,0.28600000000000003,0,0.909,1,0.262,-15.862,1,7,0.0412,104.729,0.797,7
0.958,0.115,201000,0.0664,0,0.924,1,0.0817,-26.363000000000003,1,67,0.0405,159.506,0.038,1
0.984,0.551,195093,0.369,0,0.0121,8,0.108,-7.16,0,7,0.0288,101.638,0.404,7
0.977,0.53,193824,0.209,0,0.604,10,0.115,-10.901,0,1,0.0533,109.746,0.519,8
0.219,0.35,211920,0.371,0,0.0,11,0.151,-10.538,0,64,0.0319,131.60299999999998,0.21,5
0.0698,0.868,289333,0.943,0,9.09e-06,1,0.401,-3.85,1,46,0.248,103.963,0.523,3
0.581,0.616,505453,0.434,0,0.0,5,0.131,-7.2570000000000014,0,50,0.031,108.467,0.404,7
0.495,0.389,195867,0.277,0,0.0,9,0.138,-13.15,1,50,0.0279,141.75,0.402,3
0.795,0.474,280040,0.16699999999999998,0,0.0068,7,0.093,-16.528,1,31,0.0296,79.077,0.362,5
0.179,0.502,139187,0.685,0,6.45e-06,7,0.551,-8.679,1,40,0.0736,157.394,0.805,5
0.7140000000000001,0.416,361427,0.599,0,0.0216,2,0.0579,-12.34,0,8,0.0535,109.808,0.4370000000000001,6
0.0436,0.429,225160,0.841,0,0.0,2,0.0976,-6.501,1,56,0.0553,134.37,0.33,2
0.174,0.56,235600,0.799,0,0.0679,5,0.304,-4.466,0,51,0.0675,69.972,0.304,1
0.512,0.578,146667,0.472,0,3.77e-06,5,0.0755,-13.145,1,21,0.0918,166.78799999999995,0.857,4
0.93,0.314,472333,0.181,0,0.0036,0,0.142,-13.567,0,23,0.03,138.761,0.0938,5
0.0794,0.5379999999999999,196027,0.695,0,0.0147,11,0.163,-7.854,0,38,0.0389,183.822,0.728,3
0.313,0.504,207960,0.453,0,0.0,8,0.0739,-13.871,1,43,0.0285,206.929,0.7609999999999999,3
0.994,0.727,156938,0.123,0,0.0598,1,0.14300000000000002,-8.832,1,0,0.58,115.467,0.605,8
8.209999999999999e-05,0.341,217907,0.947,0,0.000692,5,0.118,-8.801,1,55,0.0508,181.062,0.594,3
0.977,0.517,170910,0.254,0,0.000189,2,0.274,-9.75,1,0,0.12,124.506,0.444,8
0.499,0.611,200579,0.35,0,7.84e-06,5,0.0844,-14.48,1,48,0.0356,76.064,0.36,5
0.993,0.277,179267,0.0726,0,0.0896,7,0.159,-25.541,0,12,0.0484,96.05,0.0464,7
0.299,0.561,288293,0.853,0,4.320000000000001e-05,8,0.127,-5.235,1,44,0.0682,93.285,0.7440000000000001,3
0.0989,0.892,253580,0.6509999999999999,1,0.0,0,0.371,-8.645,0,74,0.378,105.814,0.599,1
0.898,0.227,433840,0.117,0,0.782,6,0.417,-22.275,1,0,0.0437,100.559,0.0748,8
0.000124,0.35200000000000004,299560,0.674,0,0.12,9,0.18,-9.018,1,60,0.031,102.489,0.145,3
0.00288,0.478,268867,0.6990000000000001,1,0.0,8,0.0938,-5.567,1,40,0.0478,149.612,0.0792,2
0.6920000000000001,0.8240000000000001,209438,0.588,0,0.000104,6,0.149,-6.4,0,94,0.0924,98.027,0.513,1
0.00787,0.872,422693,0.601,0,0.447,7,0.0648,-7.9,1,36,0.05,124.647,0.935,4
0.607,0.509,202907,0.207,0,0.0,9,0.181,-17.039,1,48,0.0282,102.548,0.62,4
0.976,0.644,168438,0.415,0,0.119,5,0.0756,-10.681,1,0,0.12,209.403,0.906,8
0.0258,0.926,209160,0.4270000000000001,0,0.000281,6,0.329,-10.731,1,42,0.115,98.73,0.634,3
0.000205,0.393,141800,0.546,0,0.000255,1,0.258,-12.993,1,37,0.035,132.049,0.797,4
5.37e-05,0.477,187573,0.85,1,0.000113,0,0.224,-4.517,1,53,0.0601,91.964,0.5329999999999999,2
0.115,0.371,250018,0.443,0,0.233,0,0.377,-11.952,1,0,0.0336,107.361,0.375,8
0.8390000000000001,0.64,146600,0.302,0,0.0,5,0.123,-9.729,1,7,0.0297,127.042,0.745,7
0.31,0.696,204600,0.448,0,0.000204,2,0.0662,-13.402,1,40,0.0435,112.874,0.883,6
0.00106,0.655,358587,0.75,0,0.00801,1,0.0394,-10.231,0,25,0.0565,123.376,0.898,4
7.4999999999999985e-06,0.27,313520,0.8859999999999999,0,0.0243,11,0.0899,-6.899,1,61,0.117,119.285,0.192,5
0.0237,0.813,232966,0.875,0,0.0,1,0.28800000000000003,-2.92,0,71,0.0918,99.004,0.7559999999999999,1
0.945,0.5429999999999999,266627,0.0775,0,0.0,4,0.0818,-13.75,0,55,0.0497,144.226,0.238,1
0.421,0.521,171213,0.235,0,0.785,9,0.168,-11.685,1,28,0.0282,75.115,0.524,5
0.18,0.7490000000000001,228173,0.779,0,0.0993,7,0.0538,-5.7860000000000005,1,40,0.0845,109.429,0.8440000000000001,5
0.965,0.653,158732,0.242,0,0.0,11,0.106,-13.158,1,0,0.156,128.378,0.8059999999999999,10
0.00388,0.69,242333,0.5329999999999999,1,0.0,6,0.153,-8.91,1,40,0.313,91.69,0.454,3
0.213,0.5760000000000001,269800,0.652,0,1.27e-06,8,0.0619,-5.8889999999999985,1,39,0.0252,95.1,0.34,4
0.0356,0.522,276600,0.93,0,1.04e-06,10,0.522,-4.2410000000000005,1,48,0.0437,111.011,0.29100000000000004,3
0.184,0.611,175828,0.7140000000000001,1,0.0,9,0.145,-4.6960000000000015,0,74,0.856,196.043,0.628,1
0.835,0.259,166040,0.319,0,6.92e-06,3,0.116,-12.264,1,31,0.032,183.515,0.369,6
0.335,0.434,536827,0.868,0,0.78,2,0.132,-11.397,0,29,0.048,122.056,0.877,5
0.992,0.498,129800,0.245,0,3.25e-06,7,0.101,-13.473,0,40,0.0424,171.946,0.595,3
0.0388,0.932,176640,0.547,1,0.0,0,0.0924,-7.787000000000001,0,78,0.333,94.998,0.695,1
0.976,0.594,155187,0.255,0,0.000595,1,0.15,-15.832,1,0,0.051,76.726,0.615,9
0.525,0.48,134453,0.835,0,4.94e-05,1,0.0677,-5.38,1,0,0.0575,83.304,0.428,7
0.0085,0.462,57573,0.883,0,0.00122,0,0.285,-7.607,1,36,0.051,99.227,0.857,4
0.939,0.7140000000000001,150893,0.0951,0,0.0,0,0.244,-18.123,0,0,0.14300000000000002,117.957,0.73,9
0.0755,0.529,339267,0.189,0,0.0686,0,0.0664,-21.581,1,8,0.155,165.732,0.795,7
0.975,0.3,196160,0.196,0,0.382,4,0.21,-13.169,1,0,0.0563,79.297,0.197,8
0.987,0.264,483000,0.09,0,0.962,5,0.119,-22.681,1,1,0.0418,106.963,0.172,8
0.138,0.4270000000000001,169192,0.217,0,0.0,7,0.12,-9.147,1,30,0.0366,164.27,0.529,5
0.385,0.655,180360,0.768,0,0.000257,4,0.0733,-5.6160000000000005,1,62,0.0365,92.021,0.431,1
0.602,0.657,102040,0.415,0,0.0509,5,0.453,-9.154,1,12,0.0382,91.49,0.8490000000000001,7
0.995,0.422,109760,0.0095,0,0.906,7,0.115,-24.834,1,0,0.0599,54.218,0.0873,10
0.44,0.639,212133,0.6779999999999999,0,1.45e-06,7,0.221,-5.02,1,63,0.0278,106.966,0.531,2
0.994,0.327,257493,0.114,0,0.556,7,0.13,-19.691,0,0,0.0534,66.043,0.184,9
0.0561,0.412,286707,0.493,0,0.000441,2,0.044,-12.025,1,45,0.033,132.779,0.116,4
0.215,0.687,245893,0.363,0,3.08e-06,8,0.305,-10.144,1,55,0.0857,137.365,0.519,2
0.8809999999999999,0.477,141733,0.448,0,4.84e-05,0,0.057,-11.765999999999998,1,29,0.0545,136.998,0.782,7
0.87,0.156,567467,0.0493,0,0.289,2,0.0873,-25.341,0,43,0.0358,77.175,0.0673,3
0.00911,0.391,185920,0.977,0,0.0,2,0.115,-4.136,1,39,0.14300000000000002,89.649,0.54,3
0.74,0.7070000000000001,145533,0.406,0,0.0,4,0.08800000000000001,-9.749,1,1,0.0307,90.827,0.906,7
0.664,0.6509999999999999,33253,0.0456,0,0.0,7,0.28,-33.947,1,0,0.921,100.259,0.6970000000000001,7
0.992,0.467,736073,0.104,0,0.934,2,0.081,-22.57,1,0,0.0559,76.72,0.365,8
0.197,0.622,170133,0.5479999999999999,0,1.7100000000000002e-05,5,0.0785,-11.591,1,21,0.0313,82.809,0.773,5
0.575,0.611,177200,0.465,0,0.0,2,0.0861,-9.993,1,36,0.0342,119.188,0.595,5
0.691,0.471,153786,0.151,0,0.0,5,0.0994,-21.054,1,20,0.046,147.327,0.8190000000000001,6
0.222,0.452,222256,0.58,0,3.2299999999999986e-05,10,0.101,-8.613,1,62,0.0462,164.162,0.111,1
0.8640000000000001,0.399,230733,0.0749,0,0.0,7,0.0973,-21.631,1,35,0.0471,109.758,0.119,4
0.894,0.394,148747,0.13,0,0.000207,1,0.0941,-18.197,1,0,0.0389,105.221,0.377,8
0.00199,0.345,207520,0.961,0,0.195,9,0.114,-6.776,1,29,0.0827,155.783,0.635,4
0.0181,0.889,298493,0.713,1,0.0,1,0.0715,-4.845,1,46,0.228,102.028,0.436,2
0.194,0.812,164613,0.738,0,0.275,9,0.0765,-4.61,0,43,0.112,77.279,0.937,5
0.182,0.632,139320,0.6809999999999999,0,0.000633,7,0.232,-8.056000000000001,0,31,0.0271,109.477,0.821,6
0.83,0.5660000000000001,253427,0.188,0,0.000951,0,0.132,-17.980999999999995,1,31,0.0358,128.44799999999998,0.13699999999999998,4
0.135,0.852,207760,0.6659999999999999,1,0.0,11,0.7979999999999999,-6.922999999999999,0,73,0.184,91.046,0.726,1
0.29100000000000004,0.6659999999999999,201307,0.631,0,1.22e-05,0,0.16899999999999998,-8.525,0,41,0.0489,159.73,0.852,3
0.927,0.262,75000,0.123,0,0.7090000000000001,10,0.168,-19.744,1,17,0.042,114.268,0.29600000000000004,9
0.016,0.695,242560,0.642,0,0.0011,10,0.14400000000000002,-12.272,1,41,0.027000000000000003,117.71,0.845,3
0.995,0.695,149913,0.358,0,0.905,8,0.165,-14.167,1,0,0.115,104.985,0.831,10
0.117,0.693,210867,0.705,0,0.000609,3,0.0626,-6.752999999999999,1,35,0.0254,125.409,0.912,3
0.483,0.4970000000000001,220125,0.302,0,6.65e-06,5,0.138,-17.03,1,33,0.0269,135.339,0.511,5
0.0243,0.669,261707,0.698,0,0.0,1,0.0782,-7.971,1,51,0.0713,83.98700000000002,0.6,2
0.639,0.266,270000,0.5379999999999999,0,0.23,5,0.145,-9.726,1,27,0.0536,169.68,0.325,5
0.121,0.507,362333,0.936,0,0.000454,5,0.201,-8.54,1,23,0.173,116.613,0.309,4
0.996,0.502,191520,0.199,0,0.88,11,0.261,-15.59,1,0,0.113,182.21,0.921,9
0.464,0.7,147227,0.473,0,0.0,9,0.118,-10.671,1,42,0.0329,103.206,0.385,5
0.0686,0.674,176547,0.774,0,0.00188,11,0.393,-7.567,0,95,0.0892,112.05,0.33,1
0.368,0.621,171840,0.579,0,2.14e-06,7,0.19,-12.829,1,53,0.0299,140.356,0.967,4
0.909,0.212,70453,0.0473,0,0.927,5,0.0958,-27.82800000000001,1,0,0.04,110.388,0.248,7
0.994,0.218,191660,0.151,0,0.398,2,0.0881,-17.015,0,0,0.0421,72.40100000000002,0.166,8
0.382,0.403,190760,0.35600000000000004,0,0.0,10,0.14800000000000002,-7.5470000000000015,1,72,0.0298,171.454,0.151,1
0.741,0.25,208600,0.294,0,0.0,5,0.0722,-14.882,1,31,0.0275,90.644,0.151,4
0.0022600000000000003,0.639,193213,0.843,0,0.0,1,0.227,-4.734,0,55,0.0464,130.135,0.546,1
0.303,0.7829999999999999,223533,0.5429999999999999,0,0.0159,9,0.0892,-11.565,1,54,0.0412,132.035,0.833,6
0.128,0.737,95849,0.7,1,0.00183,2,0.114,-10.158,1,41,0.275,149.359,0.506,3
0.635,0.355,217267,0.502,0,1.99e-05,2,0.0988,-9.814,1,50,0.0457,81.262,0.457,5
0.413,0.551,280400,0.391,0,0.00468,10,0.369,-13.122,0,44,0.0303,114.143,0.3,4
0.992,0.38,123170,0.0987,0,0.014,3,0.0813,-15.191,1,0,0.0347,86.82600000000002,0.119,9
0.649,0.609,217987,0.266,0,0.0421,7,0.129,-16.274,1,29,0.0401,146.988,0.611,6
0.792,0.629,184707,0.361,0,0.0591,9,0.18,-18.382,0,15,0.0483,100.023,0.86,7
0.967,0.218,203507,0.28300000000000003,0,0.00257,9,0.122,-12.121,0,22,0.0436,82.385,0.26,7
0.989,0.475,173293,0.16,0,0.0267,7,0.31,-16.79,1,7,0.0315,101.314,0.489,8
0.185,0.5670000000000001,307880,0.754,0,0.887,6,0.11,-13.227,1,43,0.0719,188.017,0.0446,3
0.79,0.44,159693,0.647,0,0.000398,7,0.413,-8.106,1,14,0.0377,161.33100000000005,0.947,7
0.316,0.6509999999999999,360067,0.563,0,0.0,1,0.0453,-3.799,1,40,0.0435,144.622,0.91,2
0.921,0.691,144560,0.183,0,0.0615,8,0.112,-19.271,1,0,0.35600000000000004,133.056,0.583,9
0.000464,0.353,200040,0.95,0,0.00133,4,0.321,-7.425,1,37,0.0949,144.431,0.406,3
0.0135,0.6659999999999999,325811,0.722,0,9.95e-05,7,0.0688,-9.132,0,38,0.0412,104.843,0.846,4
0.969,0.263,157787,0.338,0,0.0,3,0.245,-9.606,1,0,0.0368,163.494,0.259,7
0.98,0.498,151333,0.147,0,0.898,6,0.163,-20.89,1,0,0.0341,97.535,0.22,8
0.962,0.442,217200,0.18,1,8.52e-06,10,0.112,-8.05,1,56,0.048,215.669,0.233,1
0.393,0.73,168920,0.637,0,0.000376,9,0.0631,-6.6370000000000005,1,27,0.0409,132.10299999999998,0.624,6
0.408,0.545,436000,0.757,0,0.045,0,0.16,-5.228,1,66,0.0396,152.217,0.7140000000000001,5
0.11,0.5479999999999999,168200,0.895,0,0.0,9,0.0816,-1.988,0,55,0.102,150.122,0.682,1
0.212,0.171,373853,0.6459999999999999,0,6.65e-05,0,0.191,-11.086,1,19,0.0547,147.384,0.224,5
7.8e-05,0.336,246973,0.882,0,0.000934,2,0.13699999999999998,-6.318,1,51,0.0637,150.15,0.753,4
0.0153,0.464,222533,0.813,0,0.0,10,0.254,-6.185,1,79,0.0416,75.975,0.516,1
0.0451,0.6920000000000001,217280,0.727,0,1.94e-06,6,0.0568,-4.562,1,48,0.0868,136.87,0.745,2
0.194,0.752,214827,0.522,0,0.0,11,0.0555,-9.787,0,44,0.18600000000000005,81.50399999999998,0.89,3
0.343,0.821,160063,0.684,1,1.58e-06,7,0.234,-5.931,0,71,0.333,100.054,0.7440000000000001,1
0.901,0.408,186427,0.401,0,0.0278,9,0.116,-11.933,1,53,0.0342,83.03,0.665,6
0.947,0.7070000000000001,158040,0.0424,0,1.5e-06,5,0.13699999999999998,-25.688,1,11,0.936,109.847,0.287,7
0.00168,0.5820000000000001,182000,0.487,1,0.0,2,0.0941,-8.208,1,62,0.455,80.325,0.308,0
0.00219,0.764,376573,0.58,0,0.0551,9,0.146,-15.2,0,30,0.093,121.343,0.81,4
0.978,0.306,73974,0.573,0,0.95,5,0.162,-7.8889999999999985,1,2,0.0429,62.341,0.461,9
0.589,0.6629999999999999,148760,0.941,0,1.33e-05,0,0.181,-2.371,1,34,0.0465,86.829,0.913,5
0.818,0.706,141813,0.643,0,0.0,10,0.0993,-8.537,1,0,0.0524,96.592,0.943,7
0.0245,0.611,186800,0.49,1,0.0,5,0.114,-10.505,1,42,0.0832,94.879,0.0371,3
0.733,0.6759999999999999,211810,0.442,1,0.0,2,0.15,-7.745,0,59,0.0366,127.955,0.7390000000000001,1
0.152,0.753,325733,0.525,1,0.0,6,0.141,-8.32,1,62,0.35200000000000004,169.984,0.482,3
0.581,0.287,363640,0.498,1,7.56e-05,6,0.322,-7.523,0,46,0.177,171.725,0.0634,1
0.423,0.7170000000000001,110700,0.274,0,0.0,11,0.27,-20.765,1,0,0.938,122.374,0.515,9
0.218,0.679,104700,0.103,1,0.0,11,0.204,-17.723,0,0,0.939,87.87799999999999,0.6659999999999999,9
0.938,0.203,359987,0.331,0,0.778,7,0.0747,-10.895,1,1,0.0342,81.142,0.189,7
0.163,0.4320000000000001,140267,0.716,0,0.0136,9,0.108,-12.298,1,28,0.051,172.231,0.743,4
0.7609999999999999,0.623,527093,0.3670000000000001,0,5.36e-06,2,0.1,-10.81,0,21,0.0456,82.833,0.5710000000000001,6
0.963,0.68,181800,0.126,0,1.27e-05,5,0.384,-13.675,1,13,0.0408,74.017,0.537,9
0.00015900000000000002,0.395,249836,0.8170000000000001,0,0.835,9,0.392,-8.446,0,51,0.0392,122.012,0.279,1
0.906,0.285,146293,0.0724,0,0.00303,2,0.102,-15.286,1,0,0.0381,168.263,0.0968,8
0.911,0.561,369627,0.0556,0,0.8029999999999999,4,0.116,-22.476,1,30,0.0462,66.38600000000001,0.418,4
0.841,0.619,145067,0.327,0,0.0,7,0.579,-11.642,1,15,0.0368,93.562,0.7809999999999999,6
0.703,0.337,177133,0.267,0,0.0,9,0.318,-15.387,0,31,0.0304,78.118,0.475,6
0.156,0.387,199133,0.667,0,0.063,0,0.207,-7.882999999999999,1,42,0.0465,123.646,0.483,4
0.97,0.479,262570,0.189,0,0.0,0,0.0948,-10.036,1,52,0.0465,116.735,0.262,1
0.401,0.325,214800,0.509,0,1.3e-06,11,0.366,-8.762,0,53,0.0645,68.438,0.294,3
0.903,0.101,902467,0.0326,0,0.863,11,0.117,-17.268,0,45,0.0386,73.67399999999998,0.0526,3
0.181,0.5529999999999999,326173,0.647,0,2.99e-06,6,0.245,-7.504,1,39,0.0304,147.431,0.754,2
0.619,0.535,160133,0.246,0,0.0431,4,0.16699999999999998,-15.989,1,21,0.0403,110.185,0.51,6
0.0946,0.419,281000,0.748,0,0.000174,9,0.0916,-8.142000000000001,1,52,0.0521,85.02,0.417,3
0.95,0.637,177573,0.309,0,0.248,0,0.104,-12.342,1,43,0.0383,83.853,0.531,4
0.157,0.634,233533,0.7290000000000001,0,0.727,8,0.112,-9.001,1,39,0.0419,94.26,0.952,2
0.672,0.648,173880,0.175,0,0.0,2,0.11,-10.603,1,6,0.0399,120.771,0.568,7
0.35200000000000004,0.6759999999999999,303813,0.695,1,0.0,0,0.119,-8.327,1,68,0.245,90.268,0.14400000000000002,1
0.866,0.606,157733,0.315,0,5e-06,5,0.0955,-14.553,0,0,0.056,75.844,0.856,8
0.383,0.8270000000000001,244640,0.6859999999999999,1,0.0,0,0.112,-5.395,1,44,0.188,147.996,0.375,1
0.991,0.884,178442,0.139,0,0.0134,10,0.14800000000000002,-19.17,1,0,0.109,120.073,0.915,8
0.0545,0.589,155573,0.665,1,0.0,0,0.221,-7.105,1,66,0.044,74.97800000000002,0.298,0
0.738,0.467,187640,0.328,0,0.0296,7,0.0884,-17.964000000000006,0,12,0.0608,145.571,0.718,6
0.131,0.48,167471,0.6559999999999999,0,0.0,9,0.0948,-6.7170000000000005,1,51,0.0856,164.78400000000005,0.398,1
0.000321,0.4270000000000001,204000,0.884,0,6.8e-05,7,0.161,-7.2570000000000014,1,32,0.0502,167.97799999999995,0.688,3
0.789,0.764,138200,0.392,0,0.0,1,0.07200000000000001,-12.361,1,5,0.106,127.204,0.952,7
0.65,0.43,272867,0.883,0,5.42e-06,5,0.674,-7.631,1,47,0.0461,163.8,0.885,3
0.302,0.778,97200,0.133,1,0.0,7,0.106,-17.851,1,0,0.8959999999999999,111.573,0.759,9
0.928,0.498,155533,0.276,0,0.000534,8,0.0913,-13.661,1,34,0.0348,134.67,0.443,5
0.173,0.6920000000000001,412720,0.34700000000000003,0,0.0,10,0.133,-18.397,0,13,0.95,103.302,0.6709999999999999,9
0.185,0.7090000000000001,236987,0.976,0,0.0,8,0.405,-7.773,0,29,0.13,94.243,0.589,4
0.514,0.441,247093,0.915,0,1.53e-05,5,0.946,-7.412000000000001,1,28,0.127,140.71,0.7190000000000001,5
0.867,0.5429999999999999,115440,0.826,0,0.61,5,0.528,-12.935,1,0,0.0484,134.92700000000002,0.8590000000000001,9
0.968,0.116,74027,0.204,0,0.907,3,0.0987,-27.059,1,0,0.0491,177.205,0.233,8
0.0109,0.623,209240,0.917,0,4.4299999999999986e-05,7,0.329,-3.242,1,45,0.0868,120.017,0.674,1
0.619,0.779,70907,0.274,0,0.0,0,0.34600000000000003,-12.857,0,8,0.442,131.192,0.8320000000000001,7
0.826,0.547,182973,0.2,0,3.84e-05,4,0.135,-16.734,0,63,0.0392,91.768,0.551,3
0.191,0.379,216000,0.556,0,0.0,2,0.475,-7.82,0,52,0.31,180.321,0.199,1
0.0192,0.8190000000000001,240187,0.6940000000000001,1,0.0,1,0.0536,-7.472,0,47,0.0556,152.041,0.684,2
7.809999999999999e-05,0.39,149160,0.998,0,0.184,6,0.212,-3.588,1,35,0.181,109.674,0.0763,4
0.992,0.435,336680,0.0278,0,0.941,4,0.115,-22.506,0,0,0.0496,133.316,0.119,8
0.672,0.579,456133,0.256,0,0.00013700000000000002,10,0.105,-15.509,0,22,0.0584,96.365,0.632,7
0.0623,0.374,267293,0.944,0,2.13e-05,7,0.171,-3.746,1,34,0.106,102.195,0.467,4
0.0632,0.804,254347,0.911,1,0.000101,9,0.165,-2.881,1,56,0.0492,119.944,0.964,2
0.442,0.344,252760,0.607,0,0.0,9,0.0963,-7.213999999999999,1,47,0.0302,110.108,0.411,2
0.496,0.789,154573,0.278,0,0.0,9,0.0616,-13.416,1,43,0.183,150.065,0.825,2
0.78,0.659,161867,0.657,0,0.0,1,0.26,-13.52,1,30,0.0735,80.97399999999998,0.965,4
0.158,0.654,309800,0.637,1,1.28e-05,10,0.338,-6.915,0,64,0.293,81.947,0.364,2
0.059,0.887,237733,0.679,0,1.52e-05,9,0.115,-10.851,1,23,0.0685,111.614,0.936,4
0.0088,0.657,189293,0.608,0,3.45e-06,2,0.103,-13.565,1,55,0.0287,106.862,0.723,3
0.986,0.635,57933,0.0702,0,3.620000000000001e-05,11,0.114,-18.189,0,0,0.0495,97.878,0.605,8
0.301,0.218,383533,0.165,0,0.936,9,0.398,-23.195,1,39,0.0385,128.572,0.0384,3
0.00976,0.4270000000000001,291000,0.664,0,0.00646,2,0.484,-9.869,1,38,0.0321,81.717,0.55,4
0.995,0.36,86465,0.0202,0,0.00998,6,0.123,-23.709,1,0,0.049,84.242,0.537,8
0.989,0.537,205173,0.0845,0,0.0138,0,0.16899999999999998,-18.06,1,44,0.07400000000000001,108.935,0.379,2
0.838,0.7959999999999999,137560,0.443,0,0.0,4,0.156,-11.033,0,56,0.0365,118.588,0.8170000000000001,6
0.395,0.575,262231,0.7140000000000001,1,0.0,6,0.115,-5.247000000000001,1,80,0.0596,144.982,0.32,1
0.941,0.259,156680,0.134,0,0.0020800000000000003,8,0.16699999999999998,-15.956,1,18,0.0385,169.18900000000005,0.341,6
0.00195,0.833,270493,0.431,0,0.000278,2,0.124,-8.992,1,55,0.17800000000000002,87.97,0.385,3
0.282,0.7120000000000001,231467,0.498,0,0.0,0,0.103,-11.28,1,24,0.0337,91.033,0.665,4
0.629,0.7959999999999999,158200,0.555,0,1.36e-06,2,0.134,-9.537,1,32,0.055,124.508,0.96,5
0.979,0.477,206320,0.57,0,0.22,11,0.141,-10.55,1,0,0.0368,135.942,0.856,7
0.0238,0.362,471400,0.816,0,0.000361,0,0.962,-7.327000000000001,1,43,0.0622,96.809,0.0996,3
0.15,0.768,514000,0.7240000000000001,0,0.108,9,0.0327,-7.994,0,36,0.0558,127.64,0.964,4
0.0463,0.588,222120,0.85,1,0.0,7,0.0588,-4.243,1,46,0.333,119.856,0.8740000000000001,2
0.855,0.106,147787,0.282,0,0.7559999999999999,0,0.102,-14.025,0,13,0.0426,53.923,0.116,7
0.984,0.43,150400,0.031,0,0.000831,1,0.104,-17.827,1,15,0.0287,91.753,0.268,8
0.00702,0.5479999999999999,259307,0.894,0,6.29e-06,7,0.081,-5.988,1,50,0.0349,136.12,0.8,4
0.498,0.552,206147,0.239,0,0.0,1,0.124,-14.300999999999998,1,18,0.075,133.159,0.257,7
0.787,0.648,178200,0.25,0,0.0,5,0.0532,-12.337,1,5,0.0683,157.95600000000005,0.872,9
0.00153,0.488,187933,0.995,0,0.0,1,0.911,-3.096,0,55,0.108,90.05799999999998,0.679,2
0.5329999999999999,0.606,212093,0.407,0,0.0233,7,0.0775,-15.565,1,22,0.0347,96.842,0.747,6
0.0668,0.715,177133,0.579,0,0.0,0,0.0942,-9.866,0,36,0.0289,129.684,0.8059999999999999,6
0.397,0.779,171933,0.444,0,2.28e-06,7,0.0433,-12.344,1,32,0.0403,112.171,0.8320000000000001,3
0.28300000000000003,0.643,162227,0.66,0,0.182,2,0.0788,-10.259,1,36,0.119,94.003,0.672,5
0.0103,0.7170000000000001,189333,0.7809999999999999,0,0.0,11,0.322,-5.8020000000000005,0,50,0.0496,103.98,0.6829999999999999,2
0.279,0.77,127922,0.603,1,0.0,8,0.124,-7.354,1,55,0.0815,104.967,0.135,1
0.426,0.575,272432,0.446,0,0.0175,3,0.0656,-13.839,1,34,0.105,75.501,0.532,5
0.116,0.5720000000000001,210227,0.6970000000000001,0,0.0,6,0.12,-12.741,0,34,0.0284,87.822,0.515,4
0.00201,0.398,138293,0.97,0,0.0184,0,0.149,-6.18,1,34,0.0944,133.263,0.5720000000000001,4
0.992,0.208,197224,0.51,0,0.949,8,0.8390000000000001,-17.163,1,0,0.901,77.523,0.0862,9
0.000157,0.5589999999999999,281840,0.875,0,5.21e-05,0,0.0609,-7.575,0,46,0.0339,98.159,0.425,3
0.014,0.6729999999999999,104900,0.261,1,0.0,0,0.0741,-18.782,1,0,0.959,82.15299999999998,0.476,10
0.789,0.519,724467,0.498,0,0.000135,10,0.14300000000000002,-8.574,1,25,0.0469,124.045,0.594,7
0.111,0.439,177029,0.447,1,0.0,10,0.303,-8.318,0,70,0.0436,121.48,0.11,1
0.7879999999999999,0.618,51733,0.451,0,0.023,7,0.105,-17.549,1,18,0.0693,136.218,0.978,9
0.807,0.565,310027,0.212,0,0.252,7,0.104,-15.718,1,37,0.0518,77.38600000000002,0.489,7
0.96,0.5379999999999999,60640,0.196,0,0.006999999999999999,10,0.256,-17.95,1,0,0.0818,101.471,0.93,7
0.813,0.628,192400,0.106,0,0.0,5,0.285,-17.54,1,13,0.0636,62.817,0.388,6
0.946,0.172,563573,0.0425,0,0.0596,5,0.08199999999999999,-25.061,1,1,0.0458,114.364,0.0416,8
0.409,0.583,255000,0.648,0,0.0,11,0.986,-5.084,1,63,0.0347,116.117,0.486,1
0.731,0.515,331027,0.777,0,0.00136,1,0.212,-11.049,1,28,0.23,91.435,0.645,6
0.985,0.599,189880,0.16399999999999998,0,0.00459,3,0.142,-18.516,0,0,0.14800000000000002,135.00799999999998,0.711,10
0.93,0.43,155267,0.232,0,0.872,5,0.122,-13.059,1,44,0.0399,66.953,0.0424,2
0.000176,0.485,247840,0.8290000000000001,0,0.0229,2,0.17800000000000002,-5.251,1,43,0.0524,106.98,0.726,6
0.52,0.8079999999999999,318680,0.812,0,7.91e-05,8,0.134,-5.012,1,68,0.0381,100.331,0.269,4
0.898,0.493,206890,0.189,0,0.0,4,0.149,-13.853,1,16,0.0298,97.758,0.507,6
0.0207,0.698,296040,0.7979999999999999,0,0.0,1,0.626,-7.059,1,35,0.477,181.52,0.537,3
0.00193,0.405,224086,0.908,0,0.0,9,0.128,-3.2310000000000003,1,64,0.0508,165.009,0.343,1
0.993,0.4,468927,0.156,0,0.8490000000000001,0,0.124,-15.542,1,52,0.032,82.99,0.0905,1
0.916,0.435,276173,0.262,0,0.931,8,0.234,-14.809,1,19,0.0297,141.251,0.295,6
0.992,0.693,167640,0.027000000000000003,0,0.0,0,0.134,-13.505999999999998,0,25,0.0562,75.749,0.402,10
0.8290000000000001,0.6920000000000001,183373,0.18,0,0.00743,2,0.134,-14.932,1,42,0.035,104.597,0.453,3
0.00217,0.271,428851,0.7659999999999999,0,0.52,5,0.0707,-8.03,1,51,0.0329,142.914,0.8029999999999999,5
0.0589,0.705,304360,0.4370000000000001,0,0.00475,9,0.0647,-11.234000000000002,1,42,0.0527,114.823,0.316,2
0.0542,0.542,411667,0.488,0,0.0007379999999999999,2,0.23,-13.215,1,29,0.0306,140.86,0.938,5
0.332,0.5479999999999999,256173,0.294,0,3.34e-06,10,0.0392,-17.112000000000002,1,74,0.0333,76.69800000000002,0.491,4
0.14,0.146,218050,0.00279,0,0.994,2,0.885,-19.075,0,64,0.0676,106.126,1e-05,1
0.135,0.7070000000000001,279667,0.784,0,0.0,9,0.0539,-7.24,0,21,0.21600000000000005,145.422,0.688,5
0.374,0.6459999999999999,173933,0.473,0,0.0029,4,0.256,-10.372,1,51,0.0275,116.365,0.773,5
0.988,0.449,245000,0.163,0,0.795,9,0.12,-15.591,1,6,0.0381,104.759,0.708,6
0.983,0.7020000000000001,111347,0.152,0,0.000176,6,0.166,-16.614,1,3,0.6990000000000001,105.111,0.5670000000000001,7
0.227,0.753,210707,0.403,0,0.0,6,0.135,-9.776,1,47,0.0283,109.864,0.277,2
0.483,0.873,301467,0.816,1,0.0,9,0.146,-4.645,1,62,0.256,96.067,0.79,2
0.524,0.6629999999999999,236520,0.7120000000000001,0,0.0,2,0.0804,-7.268,1,59,0.0479,113.439,0.527,3
0.6779999999999999,0.5720000000000001,232213,0.342,0,0.00011,0,0.317,-14.507,1,7,0.0295,91.186,0.6,7
0.91,0.328,408027,0.133,0,0.000114,11,0.0977,-19.387,1,35,0.0371,120.338,0.0399,4
0.0153,0.779,275067,0.8240000000000001,0,5.19e-05,5,0.15,-2.988,0,50,0.201,97.886,0.845,2
0.0872,0.5920000000000001,170147,0.469,0,0.0,8,0.0605,-12.276,1,41,0.0268,144.15200000000004,0.88,4
0.95,0.235,240667,0.22,0,1.6100000000000002e-05,2,0.645,-10.764,0,0,0.0389,80.017,0.236,7
0.0018,0.782,202387,0.569,0,0.0,0,0.115,-6.267,1,49,0.0413,96.085,0.742,2
0.0007769999999999999,0.797,284587,0.654,1,0.0,11,0.14,-6.9460000000000015,0,62,0.248,80.007,0.464,2
0.255,0.441,434960,0.403,1,1.27e-05,2,0.13,-11.18,0,58,0.147,139.92,0.158,1
0.0657,0.412,313040,0.574,0,0.00587,2,0.102,-15.220999999999998,1,27,0.0449,119.454,0.401,5
0.199,0.631,274000,0.465,0,0.0,7,0.0732,-9.832,1,25,0.0284,137.07399999999998,0.611,5
5.98e-06,0.4920000000000001,214547,0.88,0,0.00677,6,0.111,-4.441,1,56,0.14400000000000002,134.026,0.455,1
0.615,0.693,240280,0.393,0,0.0016600000000000002,2,0.116,-13.727,0,23,0.0265,99.677,0.398,5
0.257,0.716,188227,0.581,0,6.02e-06,8,0.108,-13.647,1,25,0.0394,111.738,0.921,4
0.769,0.6409999999999999,134827,0.573,0,0.944,8,0.0545,-9.53,1,6,0.0455,121.0,0.868,7
0.818,0.7020000000000001,178773,0.5529999999999999,0,0.0037,11,0.0659,-13.556,0,17,0.0619,104.614,0.932,6
0.329,0.7859999999999999,281027,0.642,0,2.3e-05,8,0.09,-9.324,1,55,0.184,96.886,0.708,2
0.92,0.784,167133,0.35,0,0.00971,8,0.0655,-8.851,1,39,0.0551,115.257,0.91,4
0.6709999999999999,0.5670000000000001,151998,0.388,0,0.000819,2,0.32299999999999995,-10.46,1,46,0.0506,186.646,0.965,2
0.00959,0.364,185440,0.861,0,0.00449,4,0.107,-4.588,0,55,0.0617,155.672,0.16,2
0.995,0.359,196992,0.168,0,0.795,9,0.202,-11.714,1,0,0.0481,87.574,0.488,8
0.98,0.252,165727,0.4370000000000001,0,0.913,7,0.108,-11.07,1,3,0.0352,72.837,0.0361,7
0.00038,0.399,254680,0.8959999999999999,0,0.00114,8,0.33,-4.503,0,41,0.0414,116.959,0.22,2
0.0541,0.61,301227,0.8340000000000001,0,0.0197,11,0.0926,-5.33,0,38,0.0359,131.372,0.852,5
0.985,0.414,390227,0.214,0,0.826,3,0.19,-14.762,1,0,0.0385,77.586,0.476,7
0.0697,0.5539999999999999,213827,0.794,0,0.0,11,0.63,-5.4170000000000025,1,70,0.035,176.01,0.79,1
0.0157,0.609,233720,0.6920000000000001,0,0.0,1,0.0864,-2.958,1,68,0.0259,116.959,0.454,1
0.28800000000000003,0.483,366227,0.416,0,0.0,7,0.145,-11.85,0,52,0.0588,178.175,0.595,5
0.722,0.512,299839,0.313,0,0.0163,2,0.112,-9.528,1,58,0.0392,110.237,0.116,1
0.7390000000000001,0.388,200124,0.447,0,0.0,8,0.0824,-6.598,1,0,0.0601,79.764,0.597,7
0.506,0.597,192600,0.8590000000000001,0,2.13e-06,11,0.187,-6.343,0,42,0.0373,172.968,0.908,5
0.0249,0.6729999999999999,235707,0.818,0,0.0,9,0.292,-6.182,1,49,0.0354,125.753,0.638,2
0.243,0.736,324333,0.6990000000000001,0,1.69e-06,9,0.0353,-10.165,0,42,0.0358,119.479,0.966,5
0.987,0.6579999999999999,173993,0.246,0,0.0,3,0.189,-11.161,1,0,0.0405,111.336,0.7709999999999999,8
0.754,0.181,288800,0.63,0,0.000431,2,0.989,-9.375,1,32,0.125,62.82,0.109,3
0.8240000000000001,0.129,173360,0.281,0,0.5720000000000001,3,0.136,-13.76,1,2,0.0405,176.908,0.0555,7
0.406,0.722,206707,0.8140000000000001,0,0.0,7,0.146,-5.862,1,40,0.0443,112.302,0.509,5
0.995,0.355,166667,0.299,0,0.7709999999999999,10,0.14,-18.996,1,0,0.0456,130.437,0.647,10
0.00209,0.5710000000000001,169936,0.957,0,1.5e-05,8,0.0425,-3.468,1,57,0.0633,149.946,0.892,1
0.69,0.395,164943,0.607,0,0.0,8,0.0816,-6.409,1,52,0.0614,190.685,0.8859999999999999,3
0.0714,0.358,265760,0.6729999999999999,0,0.00742,4,0.0925,-6.8039999999999985,0,32,0.0535,121.81,0.764,4
0.984,0.242,154273,0.609,0,0.00576,6,0.5710000000000001,-7.357,1,0,0.0539,96.482,0.376,8
0.321,0.674,224933,0.383,0,0.0,10,0.0547,-14.841,1,30,0.0478,115.044,0.966,4
0.466,0.507,159280,0.295,0,2.48e-06,7,0.317,-13.644,1,14,0.035,122.081,0.669,6
0.866,0.634,159640,0.149,0,0.00942,0,0.653,-13.746,1,31,0.0398,103.98,0.831,6
0.8740000000000001,0.498,142613,0.308,0,0.0123,7,0.157,-13.970999999999998,0,16,0.0411,88.375,0.705,7
0.124,0.667,298400,0.753,0,0.0,3,0.317,-14.907,0,31,0.262,162.11700000000005,0.722,4
0.5660000000000001,0.613,214787,0.341,0,0.0,6,0.33,-10.827,1,9,0.376,160.942,0.877,7
0.687,0.4320000000000001,341773,0.389,0,0.0107,7,0.0788,-6.517,1,27,0.0255,139.506,0.158,5
0.421,0.604,151427,0.737,0,0.00131,10,0.0718,-13.876,1,9,0.0308,115.979,0.928,6
0.00367,0.465,231933,0.899,0,0.000356,5,0.11,-3.814,1,49,0.0605,146.11,0.328,2
0.0005070000000000001,0.943,263573,0.685,0,8.56e-06,7,0.0604,-11.903,1,59,0.188,125.515,0.813,4
0.769,0.375,139667,0.236,0,0.591,0,0.36,-14.146,1,21,0.029,110.165,0.239,6
9.11e-05,0.459,249853,0.966,1,0.017,2,0.217,-3.985,1,55,0.0758,175.06900000000005,0.376,2
0.0388,0.573,233267,0.524,0,7.8e-06,9,0.0689,-16.128,1,27,0.0484,117.453,0.764,5
0.85,0.34,221493,0.274,0,0.0,8,0.244,-10.67,1,54,0.0301,139.04399999999998,0.304,4
0.452,0.524,204267,0.49,0,2.88e-06,7,0.26,-12.337,1,21,0.0303,137.844,0.556,5
0.119,0.499,262707,0.401,0,1.27e-05,2,0.104,-8.987,1,33,0.0256,99.806,0.0399,3
0.943,0.447,314467,0.85,0,0.000116,11,0.8059999999999999,-14.257,1,12,0.917,134.304,0.21,6
0.826,0.419,200673,0.4920000000000001,0,0.0,0,0.483,-8.134,0,0,0.0652,171.398,0.769,8
0.0414,0.6559999999999999,255893,0.8440000000000001,0,5.01e-06,5,0.476,-8.601,0,28,0.0383,112.577,0.865,3
0.967,0.77,175305,0.28,0,1.27e-05,7,0.263,-13.687,1,12,0.0775,139.504,0.674,7
0.954,0.157,135000,0.151,0,8.45e-05,4,0.0905,-13.66,1,1,0.0408,85.18299999999998,0.085,7
0.845,0.777,185680,0.227,0,3.71e-05,1,0.0786,-14.669,1,13,0.0468,120.991,0.838,6
0.96,0.364,90358,0.336,0,0.0,10,0.322,-8.448,0,15,0.0376,86.75,0.486,6
0.989,0.379,446107,0.0877,0,0.868,9,0.7020000000000001,-24.512,1,9,0.0458,89.20200000000001,0.0959,9
0.387,0.371,479307,0.2,0,0.114,5,0.11,-9.126,0,48,0.0325,141.27700000000004,0.248,2
0.524,0.529,106787,0.597,0,0.00015,0,0.102,-7.417000000000002,1,0,0.0324,132.295,0.453,7
0.257,0.894,261520,0.564,0,0.000191,11,0.0448,-8.532,1,50,0.0458,131.994,0.956,2
0.991,0.265,87273,0.0167,0,0.95,1,0.111,-36.581,1,1,0.0487,145.263,0.0377,9
0.693,0.402,174013,0.795,0,7.759999999999999e-05,10,0.464,-4.948,0,47,0.0555,104.844,0.447,4
0.276,0.7020000000000001,295373,0.664,0,1.26e-06,6,0.0419,-10.038,0,30,0.0856,79.863,0.6970000000000001,3
0.991,0.8079999999999999,158347,0.341,0,0.735,5,0.111,-14.050999999999998,1,0,0.242,118.555,0.6859999999999999,10
0.007109999999999998,0.28600000000000003,526823,0.319,0,0.00897,4,0.0855,-12.932,0,53,0.032,129.89600000000002,0.103,6
0.979,0.34700000000000003,164547,0.298,0,0.925,3,0.17800000000000002,-14.461,1,54,0.04,86.25399999999998,0.542,6
0.546,0.648,218800,0.366,0,3.55e-05,11,0.0843,-12.666,0,32,0.0303,85.429,0.355,3
0.238,0.6890000000000001,239280,0.463,0,1.6e-05,4,0.172,-10.174,1,42,0.0448,74.743,0.42,2
0.0496,0.5720000000000001,252267,0.8170000000000001,0,1.95e-05,2,0.105,-6.23,1,40,0.0285,99.023,0.736,3
0.88,0.35700000000000004,184360,0.5,0,0.218,1,0.0992,-9.8,1,0,0.0332,132.59799999999998,0.56,8
0.00746,0.698,264027,0.705,0,0.00558,1,0.187,-10.704,1,37,0.0477,137.387,0.945,4
0.0464,0.682,216107,0.836,0,3.13e-06,9,0.0797,-3.777,1,60,0.0425,104.987,0.485,1
0.957,0.5489999999999999,195213,0.382,0,8.01e-05,3,0.165,-6.28,0,0,0.0401,99.903,0.769,7
0.0454,0.635,303000,0.5429999999999999,1,0.000678,8,0.272,-5.941,1,68,0.067,98.743,0.036000000000000004,0
0.487,0.778,184733,0.47,0,2.9600000000000005e-05,5,0.193,-12.86,1,21,0.0297,126.051,0.684,5
0.00257,0.624,146507,0.77,1,0.0,6,0.295,-5.008,0,49,0.209,150.002,0.253,1
0.655,0.6,269560,0.443,0,4.9e-05,0,0.243,-9.158,1,46,0.0502,107.303,0.456,6
0.154,0.7609999999999999,200427,0.482,0,0.0,7,0.199,-11.274,1,45,0.0801,93.104,0.84,3
0.00476,0.499,266587,0.857,0,0.0,4,0.102,-4.501,1,48,0.0374,83.977,0.324,2
0.6629999999999999,0.698,185667,0.112,0,3.2e-06,0,0.101,-13.43,0,14,0.0408,144.963,0.6559999999999999,7
0.57,0.585,299067,0.446,0,0.044,0,0.0938,-13.48,0,39,0.0285,92.418,0.77,4
0.0835,0.5820000000000001,221307,0.943,0,6e-06,7,0.562,-4.65,1,21,0.0442,112.418,0.7979999999999999,5
0.991,0.303,112200,0.018000000000000002,0,0.00317,5,0.392,-23.665,1,16,0.0456,111.686,0.14400000000000002,6
0.00122,0.466,185067,0.913,0,0.000109,6,0.522,-8.693999999999999,1,34,0.0399,149.843,0.91,5
0.956,0.353,288533,0.124,0,0.0306,10,0.219,-19.081,1,0,0.049,110.871,0.22,8
0.981,0.302,225800,0.0797,0,0.836,2,0.0793,-18.901,1,46,0.0331,199.907,0.235,3
0.975,0.308,217640,0.115,0,3.83e-05,10,0.0876,-16.173,1,15,0.0287,101.39,0.185,6
0.0966,0.667,286220,0.755,0,6.94e-05,9,0.0523,-7.246,1,73,0.069,109.535,0.883,5
0.99,0.305,294173,0.066,0,0.826,0,0.338,-22.107,1,0,0.0367,103.034,0.237,7
0.306,0.5529999999999999,363427,0.597,0,0.000229,2,0.157,-13.093,1,25,0.0429,118.601,0.594,4
0.7759999999999999,0.6,210744,0.496,0,0.14800000000000002,9,0.104,-8.914,1,34,0.0264,108.892,0.7040000000000001,6
0.474,0.7559999999999999,212840,0.33,0,0.000233,8,0.0502,-17.042,1,42,0.0288,110.028,0.378,3
0.6679999999999999,0.455,125373,0.545,0,0.0171,5,0.0918,-7.664,0,27,0.0414,138.355,0.498,6
0.317,0.698,232267,0.618,0,0.147,11,0.0984,-10.089,1,46,0.0856,110.019,0.448,2
0.993,0.337,195227,0.166,0,0.71,11,0.117,-16.044,1,0,0.0871,76.104,0.484,8
0.945,0.619,171467,0.147,0,6.14e-05,3,0.112,-21.11,0,6,0.962,77.378,0.438,7
0.976,0.268,76973,0.28300000000000003,0,0.674,5,0.545,-22.398000000000003,1,0,0.0445,90.244,0.0333,8
0.358,0.472,269160,0.672,1,0.0,10,0.108,-4.997,0,60,0.212,81.813,0.392,2
0.764,0.4920000000000001,402600,0.355,0,0.0,4,0.147,-9.913,1,23,0.0349,146.974,0.446,6
0.0348,0.6459999999999999,216041,0.64,1,0.0,3,0.108,-6.522,0,71,0.0424,134.03,0.882,1
0.947,0.326,135800,0.252,0,0.0803,3,0.373,-17.805,1,27,0.0549,59.285,0.532,6
0.99,0.496,205573,0.383,0,0.0,4,0.184,-11.25,1,0,0.0672,97.72,0.578,10
0.0847,0.688,237573,0.852,0,0.000306,11,0.446,-6.737,1,25,0.0694,124.095,0.925,4
0.868,0.399,146425,0.226,0,0.0,9,0.149,-15.183,1,45,0.0315,100.397,0.307,5
0.628,0.467,290027,0.445,0,0.0,0,0.0798,-7.155,0,51,0.0448,128.399,0.344,1
0.273,0.736,181845,0.585,0,0.0,7,0.106,-4.617,1,78,0.34600000000000003,171.93200000000004,0.363,1
0.812,0.377,173159,0.615,0,0.000322,0,0.154,-8.431000000000001,1,8,0.0309,161.532,0.5529999999999999,7
0.675,0.42,50721,0.555,0,0.0064,10,0.407,-8.801,0,0,0.0727,131.85399999999998,0.365,7
0.117,0.411,515960,0.845,0,0.0146,4,0.0763,-6.8210000000000015,0,51,0.0835,132.876,0.391,5
0.95,0.527,111308,0.383,0,0.0,0,0.611,-8.606,0,15,0.0332,69.036,0.417,6
0.174,0.723,308640,0.4320000000000001,0,0.000202,0,0.102,-16.46,0,44,0.0345,137.75,0.746,4
0.9,0.598,135973,0.0833,0,0.000381,0,0.114,-14.861,1,53,0.0566,108.199,0.453,6
9.44e-05,0.239,267507,0.961,0,0.0619,8,0.964,-6.695,1,44,0.128,176.343,0.182,3
0.00826,0.616,301896,0.606,1,0.000208,8,0.17600000000000002,-5.636,0,50,0.0332,104.184,0.0919,1
0.995,0.669,184187,0.125,0,0.62,10,0.247,-12.859000000000002,1,0,0.422,134.41299999999998,0.764,8
0.0027,0.252,210733,0.974,0,8.42e-06,9,0.795,-4.243,1,35,0.083,143.157,0.209,5
0.989,0.194,365627,0.16,0,0.358,8,0.17800000000000002,-22.398000000000003,1,12,0.0365,77.285,0.128,7
0.64,0.473,145320,0.506,0,1.13e-05,1,0.24,-13.103,1,29,0.0377,113.371,0.591,6
0.5539999999999999,0.436,158173,0.7929999999999999,0,0.0,0,0.188,-8.125,1,43,0.0682,157.696,0.742,6
0.0104,0.44,195893,0.993,0,0.0,2,0.964,-3.4810000000000003,0,58,0.184,169.77,0.614,1
0.4920000000000001,0.49,121800,0.524,0,0.00171,9,0.377,-14.039,1,13,0.032,137.547,0.966,7
0.209,0.728,541733,0.6779999999999999,0,0.0945,7,0.986,-13.357,1,35,0.053,113.744,0.574,4
0.371,0.655,186467,0.392,0,0.391,0,0.123,-9.782,1,27,0.0357,87.167,0.7440000000000001,6
0.325,0.292,307587,0.545,0,5.95e-05,6,0.306,-8.475,1,40,0.0352,124.251,0.365,6
0.401,0.701,91333,0.552,0,0.648,9,0.118,-9.546,0,38,0.0429,78.949,0.799,2
0.894,0.153,244613,0.0618,0,0.00123,3,0.213,-29.522,1,0,0.0607,79.247,0.0474,8
0.0579,0.555,223120,0.727,0,7.52e-06,6,0.0937,-4.202,1,62,0.0388,82.14200000000002,0.7390000000000001,1
0.0459,0.5670000000000001,451707,0.85,0,0.0649,0,0.0657,-7.2970000000000015,1,28,0.0357,90.8,0.33,4
0.0531,0.599,224187,0.504,0,6.409999999999999e-05,2,0.0874,-8.617,0,28,0.0251,99.227,0.677,5
0.733,0.703,148600,0.269,0,0.924,9,0.0978,-17.2,1,11,0.052000000000000005,113.796,0.927,6
0.0132,0.175,237867,0.902,0,0.0,2,0.324,-4.343,0,45,0.12,179.957,0.153,2
0.00363,0.477,197333,0.962,0,0.000101,4,0.336,-6.2120000000000015,0,41,0.0743,124.863,0.35200000000000004,3
0.884,0.392,143173,0.279,0,0.151,8,0.122,-13.507,1,3,0.0597,170.639,0.65,8
0.6829999999999999,0.4270000000000001,135267,0.197,0,0.6970000000000001,3,0.105,-12.829,1,26,0.0292,105.915,0.6940000000000001,7
0.495,0.362,218240,0.139,0,0.8959999999999999,8,0.0958,-18.24,1,23,0.0336,141.306,0.0624,5
0.0116,0.416,289560,0.747,0,0.000124,11,0.0625,-7.752999999999999,0,46,0.0519,170.107,0.304,1
0.0236,0.401,215200,0.802,0,0.0,10,0.224,-5.646,1,53,0.0291,163.987,0.326,1
0.418,0.57,177907,0.268,0,0.0,5,0.241,-11.449000000000002,1,54,0.0519,119.903,0.51,3
0.277,0.711,212520,0.503,0,6.95e-05,6,0.0754,-8.27,1,52,0.032,112.331,0.5920000000000001,1
0.991,0.595,194800,0.202,0,0.815,3,0.18,-15.393,1,17,0.0518,84.61,0.495,10
0.309,0.262,309962,0.862,1,0.0632,9,0.83,-7.68,1,23,0.14300000000000002,142.44899999999996,0.254,4
0.135,0.767,249013,0.463,1,6.879999999999999e-05,9,0.0875,-5.9129999999999985,0,37,0.345,93.678,0.563,3
0.986,0.8190000000000001,201221,0.151,0,0.0633,0,0.157,-9.609,0,0,0.214,111.425,0.604,7
0.452,0.312,194456,0.8170000000000001,0,0.0988,0,0.8240000000000001,-7.712999999999999,1,0,0.0647,92.809,0.573,8
0.91,0.0626,463347,0.129,0,0.78,10,0.119,-21.464,0,39,0.0458,51.091,0.0348,7
0.155,0.59,256067,0.518,0,8.56e-05,0,0.0831,-11.476,1,28,0.0243,91.358,0.937,5
0.982,0.7020000000000001,189373,0.57,0,0.155,4,0.384,-5.704,1,0,0.0364,127.781,0.961,9
0.103,0.581,302467,0.581,0,2.44e-05,10,0.0448,-9.976,0,39,0.0379,82.54899999999998,0.573,3
0.809,0.493,171787,0.782,0,0.000153,6,0.706,-8.888,1,31,0.102,147.412,0.649,5
0.0738,0.545,185200,0.467,0,0.000674,11,0.103,-16.188,0,37,0.0479,152.964,0.718,4
0.000244,0.35600000000000004,298600,0.904,0,1.75e-06,2,0.359,-3.953,1,56,0.0624,162.39700000000005,0.38,2
0.99,0.354,196667,0.0851,0,4.49e-06,7,0.123,-13.738,1,52,0.0345,97.684,0.197,7
0.578,0.524,267133,0.489,0,0.000624,2,0.18600000000000005,-7.8279999999999985,1,58,0.0274,127.768,0.443,3
0.00548,0.708,207787,0.855,0,0.0477,11,0.0447,-6.301,0,47,0.0931,131.955,0.6559999999999999,4
0.7,0.629,370467,0.42,0,0.0117,9,0.139,-12.317,0,40,0.0479,117.237,0.604,5
0.6890000000000001,0.53,138467,0.271,0,0.0117,4,0.861,-11.699000000000002,0,4,0.0465,116.58,0.602,7
0.898,0.423,175333,0.41,0,0.202,10,0.097,-14.067,1,8,0.0492,179.63,0.7340000000000001,8
0.913,0.416,181533,0.138,0,0.0,11,0.0945,-17.296,1,25,0.048,130.093,0.441,6
0.24,0.65,210164,0.6920000000000001,0,0.0,7,0.289,-7.4,1,22,0.0343,143.14600000000004,0.8190000000000001,5
0.787,0.447,298912,0.247,0,2.29e-06,6,0.0983,-11.988,1,57,0.0407,139.63,0.198,1
8.809999999999999e-05,0.165,268733,0.917,0,0.955,9,0.36,-9.226,1,37,0.0606,85.74700000000001,0.227,4
0.00607,0.893,284439,0.7759999999999999,1,0.0,11,0.103,-5.356,1,60,0.293,91.987,0.229,1
0.985,0.314,177413,0.105,0,0.00639,2,0.242,-16.065,0,39,0.0333,130.77100000000002,0.253,9
0.00645,0.303,240560,0.907,0,2.3e-06,0,0.108,-4.447,1,42,0.0694,196.685,0.376,2
0.991,0.532,203966,0.329,0,0.947,9,0.15,-11.574000000000002,1,0,0.0436,150.399,0.759,8
0.183,0.815,304333,0.84,0,0.0843,5,0.0866,-4.331,0,63,0.107,122.988,0.5870000000000001,1
0.851,0.57,169107,0.16399999999999998,0,0.0,10,0.121,-9.891,0,9,0.0388,125.454,0.45,8
0.63,0.519,285827,0.5539999999999999,0,8.81e-06,6,0.401,-7.497999999999997,1,26,0.0322,134.497,0.634,4
0.752,0.581,164573,0.359,0,3.32e-06,4,0.104,-11.67,1,13,0.0296,122.743,0.732,6
0.507,0.601,167360,0.19,0,5.4899999999999986e-05,5,0.18,-18.675,1,49,0.061,202.294,0.6559999999999999,6
0.326,0.698,236160,0.517,0,0.949,1,0.162,-15.861,0,30,0.0569,91.598,0.7509999999999999,5
0.996,0.456,172493,0.325,0,0.95,4,0.327,-15.917,0,0,0.129,127.493,0.44,10
0.4920000000000001,0.642,295347,0.448,0,1.74e-05,5,0.0646,-10.418,0,50,0.0259,137.83100000000002,0.299,3
0.836,0.52,477040,0.78,0,0.0,10,0.725,-10.894,1,20,0.932,108.327,0.152,4
0.000175,0.476,287733,0.825,0,0.0939,6,0.206,-6.936,1,42,0.0589,138.628,0.252,4
0.862,0.173,394067,0.091,0,0.894,0,0.0988,-13.989,1,1,0.0457,117.545,0.0521,7
0.993,0.337,188067,0.311,0,0.977,2,0.745,-19.693,1,0,0.0549,115.48,0.706,10
0.978,0.53,197680,0.165,0,0.561,7,0.119,-15.86,0,0,0.168,168.43599999999995,0.464,9
0.853,0.632,134760,0.329,0,0.000136,8,0.299,-14.811,1,29,0.044,110.773,0.564,4
0.967,0.0874,422000,0.0125,0,0.00112,5,0.0753,-33.135,1,45,0.0446,169.146,0.0346,2
0.0259,0.732,134587,0.304,0,0.452,9,0.138,-17.019000000000002,0,39,0.129,122.758,0.959,5
0.027000000000000003,0.927,230467,0.392,1,0.0,7,0.141,-14.788,1,33,0.284,93.805,0.81,3
0.919,0.278,114173,0.13,0,0.6679999999999999,8,0.0898,-16.893,1,6,0.0323,80.753,0.11,7
0.926,0.409,342960,0.105,0,0.0,6,0.126,-17.849,1,54,0.0484,81.884,0.239,3
0.973,0.485,153827,0.191,0,0.925,7,0.0963,-20.208,0,0,0.0442,121.188,0.232,7
0.179,0.682,224533,0.711,0,9.53e-05,9,0.126,-7.637,0,53,0.0325,129.546,0.7659999999999999,5
0.995,0.545,150067,0.24,0,0.239,3,0.199,-18.761,0,0,0.108,128.148,0.7240000000000001,9
0.978,0.388,624251,0.131,0,0.611,6,0.575,-11.228,1,1,0.0516,90.916,0.214,8
0.504,0.568,255733,0.457,0,4.38e-05,3,0.334,-10.039,0,33,0.0385,117.078,0.574,4
0.989,0.29,45947,0.4320000000000001,0,0.94,0,0.13699999999999998,-20.387,1,15,0.0514,128.16,0.643,6
0.902,0.696,185387,0.284,0,0.0,7,0.106,-16.567999999999998,0,44,0.61,118.317,0.8809999999999999,5
0.00143,0.387,94733,0.991,0,0.939,0,0.392,-9.144,0,28,0.0604,91.533,0.195,4
0.5379999999999999,0.561,145339,0.878,0,0.0,4,0.134,-7.8,1,26,0.051,104.108,0.531,5
0.281,0.679,298747,0.5820000000000001,0,1.73e-06,11,0.265,-9.887,0,43,0.0284,120.141,0.6990000000000001,2
0.121,0.7390000000000001,217440,0.463,1,0.0,11,0.0507,-9.96,0,32,0.484,91.538,0.863,3
0.251,0.531,272493,0.526,0,0.0106,9,0.294,-9.095,0,22,0.0294,99.531,0.706,5
0.391,0.63,183827,0.906,0,0.0041,4,0.111,-8.283,1,42,0.0464,144.096,0.882,4
0.0799,0.568,267227,0.782,0,0.0,6,0.0985,-5.968,1,62,0.0396,141.942,0.481,2
0.232,0.659,209840,0.466,0,0.0,1,0.0834,-12.523,1,20,0.0341,105.417,0.7170000000000001,6
0.0246,0.354,244773,0.958,0,0.00206,4,0.329,-4.085,1,0,0.337,189.95,0.873,0
0.1,0.6459999999999999,216613,0.787,0,1.01e-05,1,0.134,-4.907,1,51,0.0374,141.946,0.784,2
0.206,0.73,116644,0.145,1,0.0,11,0.168,-17.377,0,0,0.916,115.826,0.6970000000000001,9
0.0872,0.557,233373,0.635,0,0.0017,2,0.103,-6.069,1,44,0.0244,80.018,0.197,3
0.000298,0.8,256347,0.496,0,0.0,7,0.0697,-7.135,1,63,0.0506,128.29,0.35700000000000004,2
0.0528,0.494,153853,0.573,0,0.0,2,0.0899,-8.934,1,32,0.0407,116.105,0.316,6
0.78,0.6809999999999999,171067,0.124,0,0.000897,7,0.124,-20.437,1,48,0.0357,128.80700000000002,0.455,5
0.000206,0.5,190427,0.8959999999999999,0,4.11e-05,3,0.0478,-4.683,1,49,0.0536,107.791,0.604,2
0.0264,0.73,170158,0.792,0,0.0,6,0.101,-5.33,0,76,0.13,99.039,0.745,0
0.603,0.585,245737,0.481,0,0.000282,8,0.0765,-8.408999999999999,1,32,0.0405,96.462,0.746,3
0.973,0.51,263173,0.301,0,0.28,0,0.109,-19.192,0,30,0.355,98.531,0.289,6
0.441,0.825,139360,0.3,0,0.536,8,0.133,-13.62,1,21,0.1,94.61,0.825,6
0.6629999999999999,0.603,252027,0.4270000000000001,0,0.0,4,0.599,-10.462,0,39,0.0322,132.593,0.561,3
0.298,0.565,249067,0.412,0,6.91e-06,7,0.206,-14.092,1,57,0.0242,83.19,0.35100000000000003,4
0.682,0.74,114379,0.0948,1,0.0,7,0.752,-21.459,1,0,0.961,95.496,0.63,8
0.912,0.292,184893,0.191,0,1.94e-06,1,0.095,-14.422,1,34,0.034,86.171,0.229,7
0.8690000000000001,0.614,199413,0.498,0,0.00255,0,0.117,-4.018,0,0,0.0579,118.177,0.752,9
0.994,0.415,210801,0.211,0,0.95,11,0.115,-23.148000000000003,1,0,0.0453,125.556,0.625,7
0.987,0.3,195840,0.228,0,3.89e-06,5,0.111,-13.968,0,1,0.0398,127.544,0.396,10
