0.588,0.835,177920,0.29,0,7.08e-06,2,0.0978,-12.853,1,43,0.0425,96.24,0.718,3
0.249,0.285,132427,0.64,0,0.966,7,0.335,-14.318,1,30,0.035,162.29,0.959,5
0.994,0.359,251827,0.0617,0,0.935,1,0.12,-23.484,1,3,0.0471,44.777,0.272,8
0.35700000000000004,0.672,197622,0.726,0,2.0600000000000006e-05,11,0.139,-9.376,0,31,0.114,62.883,0.966,5
0.8340000000000001,0.509,253532,0.43,0,0.0008539999999999999,5,0.0927,-8.387,1,62,0.0325,122.919,0.128,1
0.991,0.274,286880,0.0192,0,0.905,1,0.118,-26.425,1,10,0.0386,71.367,0.15,10
0.316,0.266,203627,0.5379999999999999,0,0.884,9,0.506,-13.375,1,23,0.0319,187.825,0.7959999999999999,6
3.83e-05,0.478,189120,0.971,1,2.77e-05,7,0.295,-2.729,1,65,0.0858,90.526,0.284,1
0.000302,0.339,227173,0.861,0,0.789,9,0.096,-7.599,1,51,0.0543,152.394,0.31,3
0.935,0.601,162373,0.0337,0,0.0,4,0.0947,-15.195,1,15,0.102,69.304,0.328,7
0.813,0.522,111253,0.397,0,0.0,7,0.207,-10.062,1,20,0.0375,73.536,0.46,7
0.14800000000000002,0.449,239600,0.5820000000000001,0,0.00017,6,0.348,-9.62,0,26,0.0304,101.472,0.485,5
0.0142,0.329,449253,0.588,0,0.0,4,0.107,-8.621,1,60,0.0322,161.961,0.112,1
0.121,0.691,270987,0.7509999999999999,0,0.000305,7,0.195,-7.125,0,25,0.0334,112.526,0.748,4
0.907,0.458,218000,0.13,0,0.0,11,0.16399999999999998,-14.575,1,34,0.0805,162.312,0.333,0
0.61,0.6920000000000001,232720,0.322,0,1.02e-06,7,0.0852,-14.273,1,24,0.0312,97.808,0.862,5
0.983,0.32299999999999995,573080,0.136,0,0.911,0,0.11,-20.82,1,14,0.033,108.473,0.175,6
0.0323,0.5489999999999999,219707,0.455,0,6.659999999999999e-05,1,0.194,-13.143,0,36,0.0319,145.126,0.524,4
0.995,0.6809999999999999,123040,0.1,0,0.0498,5,0.132,-21.761,1,31,0.77,102.633,0.464,4
0.212,0.573,174062,0.7390000000000001,0,0.0,9,0.175,-5.455,1,80,0.0581,120.077,0.363,0
0.976,0.431,223973,0.113,0,0.903,8,0.107,-24.017,1,52,0.049,98.99,0.127,6
0.494,0.469,191419,0.541,0,0.0017,5,0.142,-6.76,0,0,0.0592,176.359,0.826,7
0.468,0.721,249227,0.456,0,0.0030800000000000003,0,0.174,-12.524,0,50,0.0325,113.229,0.964,5
0.00121,0.6,230800,0.6829999999999999,1,0.0,4,0.103,-7.2360000000000015,0,52,0.0323,118.604,0.329,3
0.314,0.657,319533,0.314,0,4.89e-06,4,0.12,-18.858,1,42,0.0329,124.611,0.422,5
0.536,0.498,223133,0.468,0,0.0,4,0.242,-7.425,1,48,0.0268,108.128,0.183,2
0.731,0.373,152373,0.28,0,4.34e-06,0,0.181,-12.833,1,19,0.0278,86.44200000000002,0.5589999999999999,6
0.7120000000000001,0.677,232852,0.401,0,0.0,9,0.116,-8.467,1,76,0.0308,111.825,0.195,1
0.0107,0.665,207933,0.648,0,0.0,4,0.0412,-13.014,1,47,0.0571,135.411,0.924,5
0.11,0.568,267120,0.73,0,0.0,2,0.123,-5.132999999999999,1,39,0.0279,141.849,0.64,2
0.737,0.574,168307,0.354,0,0.0,3,0.329,-10.921,1,10,0.0492,83.88,0.6990000000000001,6
0.884,0.643,174200,0.266,0,5.96e-05,2,0.0893,-12.003,1,23,0.0307,110.878,0.468,6
0.0941,0.595,132840,0.628,0,0.924,7,0.21,-11.425,1,30,0.0298,145.434,0.961,6
0.972,0.35100000000000003,160280,0.156,0,0.0021,11,0.132,-17.869,1,27,0.0488,95.54,0.401,6
0.973,0.299,225707,0.112,0,0.0008730000000000001,9,0.208,-18.818,1,0,0.0494,90.797,0.376,8
0.927,0.536,127303,0.787,0,4.56e-05,8,0.3670000000000001,-5.563,1,0,0.302,164.195,0.87,8
0.0535,0.727,203733,0.696,1,0.0454,7,0.128,-8.312999999999999,0,62,0.165,95.067,0.5589999999999999,2
0.485,0.8490000000000001,190893,0.8320000000000001,0,0.0,0,0.343,-7.83,1,45,0.128,124.558,0.939,3
0.995,0.452,189213,0.321,0,0.00945,0,0.17,-13.733,1,0,0.0439,134.753,0.578,9
0.00892,0.542,222853,0.737,0,0.00595,7,0.0983,-4.147,1,48,0.0261,90.00399999999998,0.765,2
0.434,0.711,169998,0.483,0,0.012,11,0.0284,-11.211,1,57,0.0298,91.652,0.884,6
0.996,0.471,104080,0.0088,0,0.904,4,0.0805,-32.859,0,1,0.0438,39.875,0.039,7
0.991,0.713,221880,0.245,0,0.858,2,0.109,-18.159,0,0,0.3670000000000001,85.663,0.723,8
0.259,0.8440000000000001,160080,0.662,0,0.00196,0,0.0619,-6.115,0,27,0.0804,127.539,0.904,6
0.7759999999999999,0.425,119902,0.21,0,0.902,8,0.0992,-12.242,0,65,0.0451,158.846,0.311,1
0.862,0.6759999999999999,162040,0.334,0,0.0,5,0.32,-10.572,1,55,0.0508,158.0,0.867,3
0.992,0.711,163463,0.28300000000000003,0,0.0077,6,0.226,-9.505,1,0,0.397,111.786,0.8140000000000001,8
0.0809,0.653,301267,0.629,1,0.0,10,0.249,-10.366,1,40,0.401,87.675,0.617,3
0.00125,0.6509999999999999,230733,0.812,0,3.01e-05,3,0.667,-3.797,0,48,0.0409,126.023,0.72,1
5.53e-05,0.32,301533,0.902,0,0.49,0,0.23,-5.632999999999999,1,34,0.0583,77.268,0.53,3
0.34,0.7490000000000001,208467,0.35700000000000004,0,0.5770000000000001,2,0.258,-14.811,1,36,0.0309,102.319,0.282,3
0.114,0.609,168053,0.818,0,0.316,5,0.0999,-4.62,1,46,0.0425,78.955,0.922,2
0.000236,0.5770000000000001,206405,0.883,1,0.000282,10,0.287,-3.548,0,62,0.0898,91.024,0.6829999999999999,1
0.959,0.534,421360,0.17,0,0.8290000000000001,2,0.102,-16.090999999999998,0,16,0.0442,145.368,0.336,7
0.944,0.28600000000000003,602813,0.208,0,0.753,1,0.303,-15.842,1,0,0.0464,133.267,0.28,9
0.866,0.368,171607,0.407,0,0.0,5,0.11,-8.007,0,40,0.0309,105.406,0.428,3
0.987,0.29,123133,0.277,0,0.000314,9,0.7020000000000001,-17.607,0,0,0.145,99.388,0.173,9
0.00192,0.6920000000000001,275053,0.8220000000000001,0,0.00206,7,0.0819,-4.315,1,49,0.0349,120.741,0.856,2
0.0026100000000000003,0.42,229853,0.758,0,0.0,1,0.124,-3.834,1,50,0.0361,175.93200000000004,0.674,2
0.728,0.38,183227,0.394,0,0.000418,4,0.459,-11.16,0,23,0.0297,100.567,0.304,6
0.0011,0.481,238000,0.928,0,0.0301,5,0.194,-5.877000000000002,1,31,0.0312,126.609,0.8190000000000001,4
0.8390000000000001,0.742,141200,0.494,0,0.0,11,0.14800000000000002,-16.759,1,36,0.141,104.066,0.8590000000000001,5
0.363,0.596,155307,0.606,0,0.0,4,0.206,-11.387,1,30,0.0347,91.235,0.937,7
0.382,0.565,140973,0.468,0,0.0,6,0.105,-10.026,0,23,0.0777,94.999,0.634,6
0.76,0.762,154482,0.365,0,0.0,7,0.0421,-8.065,1,43,0.0447,105.635,0.95,2
0.984,0.397,194120,0.0532,0,0.00925,10,0.226,-21.538,1,0,0.047,114.465,0.423,9
0.994,0.424,123800,0.278,0,0.947,5,0.119,-20.047,0,9,0.0593,170.59099999999995,0.883,7
0.984,0.35700000000000004,216067,0.35,0,0.00209,10,0.108,-7.513,0,11,0.0364,210.095,0.8240000000000001,7
0.0101,0.917,189133,0.444,1,0.0,11,0.334,-10.349,1,30,0.385,97.088,0.8320000000000001,4
0.213,0.649,227053,0.7190000000000001,0,0.0,5,0.255,-3.245,0,45,0.0321,96.738,0.35700000000000004,1
0.0658,0.6779999999999999,189173,0.7290000000000001,0,0.0,8,0.303,-4.188,1,77,0.13699999999999998,99.895,0.643,1
0.706,0.59,157907,0.545,0,0.0246,7,0.061,-12.058,0,26,0.104,105.592,0.967,6
0.877,0.359,224440,0.18600000000000005,0,0.0,11,0.267,-11.927,1,3,0.0347,137.464,0.175,8
0.0116,0.433,254840,0.752,0,0.000667,9,0.59,-8.365,1,56,0.113,122.901,0.362,3
0.925,0.0604,219693,0.147,0,0.7829999999999999,4,0.0744,-18.954,1,44,0.0378,65.247,0.0364,2
0.968,0.544,187373,0.127,0,0.79,1,0.14,-15.127,1,12,0.0399,65.482,0.476,7
0.991,0.547,192708,0.292,0,0.804,3,0.168,-8.747,1,0,0.249,179.571,0.8,8
0.8540000000000001,0.529,447307,0.423,0,0.214,1,0.236,-8.599,1,8,0.0503,97.174,0.54,7
0.7979999999999999,0.456,260467,0.388,0,0.128,2,0.14400000000000002,-15.385,1,34,0.0314,85.646,0.194,6
0.0157,0.6809999999999999,197533,0.871,0,0.0217,1,0.129,-4.886,1,36,0.0851,119.729,0.774,3
0.128,0.7490000000000001,93320,0.388,0,0.000483,4,0.212,-16.357,1,40,0.104,119.984,0.865,5
0.992,0.284,199133,0.29100000000000004,0,0.888,7,0.118,-14.515,1,0,0.0413,94.89,0.287,8
0.243,0.748,262240,0.551,0,1.57e-06,1,0.0943,-9.054,1,75,0.0239,113.535,0.65,3
0.431,0.784,99300,0.199,1,0.0,11,0.26,-17.215,0,0,0.957,35.374,0.5579999999999999,9
0.947,0.0735,235027,0.0657,0,0.958,2,0.258,-21.943,0,51,0.0374,177.549,0.0317,2
4.91e-05,0.542,273013,0.8390000000000001,0,0.0,3,0.0471,-4.404,0,51,0.0487,121.026,0.611,1
0.918,0.645,174600,0.165,0,0.000308,4,0.0829,-14.859000000000002,1,37,0.0329,96.822,0.199,7
0.846,0.5820000000000001,193794,0.472,0,0.937,0,0.273,-13.577,1,11,0.0415,146.661,0.737,7
0.000467,0.8370000000000001,140308,0.371,1,1.2e-05,1,0.125,-7.94,1,64,0.131,129.994,0.228,0
0.996,0.397,152627,0.162,0,0.894,4,0.172,-24.737,0,0,0.048,82.49799999999998,0.804,10
0.496,0.406,188213,0.706,0,0.000117,0,0.313,-8.595,1,35,0.0449,76.041,0.607,5
4e-06,0.379,299293,0.882,0,0.7240000000000001,9,0.17,-6.337999999999999,1,45,0.0439,86.78200000000002,0.463,2
0.00134,0.557,230707,0.8740000000000001,0,0.0,0,0.127,-5.729,1,42,0.0339,139.002,0.396,2
0.8909999999999999,0.467,201733,0.239,0,0.0,3,0.218,-13.222,1,20,0.0508,183.13,0.703,6
0.929,0.564,144467,0.13699999999999998,0,0.0,10,0.123,-13.627,1,17,0.0367,94.923,0.509,7
0.00894,0.679,117173,0.777,0,0.000297,11,0.123,-13.975,1,23,0.0412,105.764,0.609,4
0.0892,0.672,300907,0.815,0,0.0,1,0.0864,-8.552,1,49,0.0558,174.033,0.86,1
0.0161,0.733,293995,0.633,0,0.00097,0,0.23,-8.951,1,33,0.0623,112.227,0.81,4
0.0034,0.424,255293,0.899,0,8.1e-05,11,0.223,-3.937,0,54,0.0572,171.832,0.74,1
0.87,0.522,146667,0.327,0,0.0,9,0.233,-12.04,1,36,0.0307,105.087,0.521,3
0.0012,0.451,257547,0.925,0,0.799,4,0.16,-6.348,1,45,0.0606,90.042,0.418,3
0.8390000000000001,0.612,322000,0.631,0,0.463,5,0.17600000000000002,-7.943,1,1,0.043,124.197,0.667,9
0.000282,0.541,187160,0.843,0,0.8909999999999999,9,0.4270000000000001,-8.121,0,32,0.0437,104.235,0.623,3
0.334,0.418,225600,0.353,0,0.000525,10,0.336,-15.481,0,14,0.0305,63.13399999999999,0.419,6
0.768,0.474,272067,0.4,0,0.0,7,0.682,-9.911,1,38,0.0274,149.225,0.336,3
0.994,0.226,373307,0.107,0,0.92,6,0.132,-19.402,1,1,0.0412,64.882,0.102,10
0.0354,0.667,112582,0.271,0,0.0,8,0.463,-24.887,1,0,0.949,84.31299999999997,0.575,8
0.893,0.419,142813,0.35,0,1.44e-06,8,0.376,-9.678,1,17,0.0253,75.846,0.667,7
0.992,0.718,161627,0.195,0,0.00542,10,0.138,-19.281,0,0,0.0839,98.843,0.6990000000000001,9
0.95,0.4970000000000001,156707,0.412,0,0.331,7,0.305,-13.427,1,23,0.0407,91.615,0.484,6
0.789,0.388,153533,0.434,0,0.954,7,0.728,-11.997,1,51,0.0354,206.313,0.873,6
0.971,0.619,267653,0.236,0,0.424,5,0.126,-14.872,1,0,0.0485,120.941,0.509,9
0.964,0.504,106933,0.0128,0,0.0,10,0.117,-24.406,0,5,0.154,97.208,0.532,7
0.882,0.484,192533,0.196,0,0.00103,11,0.265,-11.087,0,32,0.0963,155.001,0.399,3
0.485,0.545,178613,0.509,0,0.8140000000000001,8,0.254,-9.375,1,0,0.0328,90.272,0.685,8
0.31,0.476,215733,0.396,0,0.0,0,0.6579999999999999,-10.916,1,42,0.026,72.157,0.199,3
0.984,0.408,345107,0.8420000000000001,0,0.358,10,0.778,-10.699000000000002,1,12,0.0659,133.317,0.348,6
0.0394,0.828,201907,0.662,0,2.02e-05,7,0.191,-6.419,1,52,0.0461,105.014,0.847,2
0.57,0.521,158800,0.404,0,0.0,9,0.105,-8.779,1,28,0.029,113.551,0.464,6
0.0127,0.67,276173,0.8759999999999999,0,0.00302,5,0.109,-4.905,0,64,0.0536,126.968,0.736,1
0.0249,0.629,211027,0.785,0,9.45e-06,5,0.0522,-10.761,1,29,0.0471,108.531,0.8690000000000001,4
0.454,0.419,244840,0.8140000000000001,0,0.00177,0,0.527,-5.738,1,42,0.402,132.638,0.345,2
0.0126,0.62,310067,0.7440000000000001,0,0.0,0,0.303,-5.7810000000000015,1,39,0.0417,129.953,0.26,5
0.926,0.488,154893,0.17800000000000002,0,9.61e-06,7,0.156,-16.859,1,10,0.0442,103.237,0.442,7
0.99,0.34,146107,0.551,0,0.818,4,0.221,-17.491,0,0,0.394,74.589,0.0397,7
0.0576,0.706,229880,0.6,0,5.43e-06,7,0.231,-11.936,1,56,0.0318,155.546,0.977,3
0.227,0.615,249479,0.386,0,0.523,6,0.116,-11.813,1,50,0.0315,120.032,0.442,1
0.85,0.413,150693,0.271,0,0.0,5,0.157,-20.125,1,35,0.0876,87.11,0.327,4
0.3720000000000001,0.588,168427,0.452,0,5.99e-05,8,0.305,-15.666,1,24,0.0371,89.26299999999998,0.779,6
0.012,0.6940000000000001,264960,0.8140000000000001,1,0.0,9,0.425,-4.919,0,60,0.23,124.976,0.6859999999999999,1
0.457,0.6509999999999999,236453,0.807,0,0.0,10,0.214,-2.437,1,66,0.0327,92.154,0.865,2
0.263,0.705,201227,0.79,0,1.74e-06,9,0.109,-9.652,1,28,0.042,96.324,0.935,5
0.204,0.8029999999999999,180000,0.307,0,0.0035,4,0.188,-16.52,1,21,0.036000000000000004,120.538,0.645,4
0.021,0.424,254533,0.632,0,0.0117,9,0.0545,-7.2429999999999986,1,64,0.0922,97.694,0.35600000000000004,2
0.741,0.615,239933,0.511,0,0.0,2,0.202,-6.8820000000000014,1,54,0.0303,120.059,0.16699999999999998,3
0.34700000000000003,0.5529999999999999,291853,0.606,0,0.0072,8,0.0992,-9.496,1,35,0.0381,158.03,0.743,3
0.883,0.402,184738,0.12,0,0.0,7,0.378,-14.619000000000002,1,0,0.0422,98.941,0.362,10
0.000762,0.518,341267,0.7979999999999999,0,0.000863,7,0.101,-6.386,1,62,0.0307,130.972,0.046,2
0.182,0.6970000000000001,95100,0.14800000000000002,1,0.00024,0,0.185,-21.029,1,0,0.932,80.543,0.5329999999999999,8
0.99,0.493,197453,0.242,0,0.902,9,0.41,-15.64,1,0,0.0513,80.486,0.415,8
0.95,0.524,206027,0.606,0,0.0199,4,0.307,-7.354,0,0,0.0342,124.033,0.84,8
0.0709,0.259,246120,0.532,0,0.934,4,0.107,-8.953,0,45,0.038,133.864,0.124,2
0.0021100000000000003,0.698,208733,0.969,0,0.000257,6,0.339,-4.2010000000000005,1,40,0.0304,129.953,0.964,2
0.129,0.797,191293,0.5429999999999999,0,0.0,10,0.154,-10.061,1,49,0.0672,81.495,0.7979999999999999,1
0.0386,0.639,282920,0.804,0,0.0025,4,0.314,-5.955,0,25,0.0321,103.455,0.4970000000000001,4
0.713,0.608,164933,0.379,0,0.0,3,0.33,-11.774,1,0,0.0264,129.969,0.762,8
0.643,0.727,207373,0.285,0,0.807,6,0.121,-18.24,0,25,0.101,79.12,0.746,5
0.972,0.0842,144893,0.17600000000000002,0,0.97,5,0.102,-17.619,1,48,0.0376,84.325,0.0392,3
0.0151,0.654,213000,0.591,0,1.3699999999999998e-05,9,0.0818,-8.318,1,46,0.0239,97.887,0.75,2
0.255,0.459,284293,0.539,0,0.123,5,0.0728,-7.909,0,42,0.0273,184.728,0.4270000000000001,5
0.0499,0.609,218627,0.85,0,0.0,7,0.325,-10.407,1,38,0.0397,119.541,0.722,4
0.48,0.531,239787,0.8170000000000001,0,0.0,2,0.0635,-5.865,0,48,0.0364,79.973,0.426,4
0.229,0.629,264453,0.8190000000000001,1,0.00706,0,0.16899999999999998,-6.181,1,46,0.25,162.048,0.468,1
0.984,0.304,173133,0.232,0,0.13,7,0.197,-11.07,1,20,0.0366,75.626,0.219,7
0.594,0.8029999999999999,229973,0.68,0,1.3699999999999998e-05,4,0.101,-5.247999999999998,0,54,0.0406,124.946,0.6990000000000001,1
0.0638,0.655,121360,0.85,0,0.873,5,0.111,-6.856,1,37,0.0465,138.85299999999998,0.892,6
0.726,0.366,219455,0.147,0,0.867,10,0.318,-18.454,1,0,0.0407,120.85,0.14400000000000002,8
0.989,0.19,496779,0.0778,0,0.905,4,0.0926,-21.555,0,53,0.042,81.169,0.0533,2
0.8240000000000001,0.657,142533,0.496,0,0.00464,2,0.0909,-11.97,1,28,0.0839,128.545,0.926,4
0.988,0.109,364670,0.319,0,0.0674,7,0.35,-14.875,1,0,0.0413,172.90200000000004,0.0446,7
0.308,0.6920000000000001,304893,0.6940000000000001,0,0.000136,4,0.0861,-7.252999999999999,0,47,0.0366,170.678,0.8690000000000001,2
0.014,0.581,202400,0.944,0,0.0144,2,0.363,-5.5429999999999975,1,44,0.0583,162.203,0.6779999999999999,4
0.953,0.302,491493,0.118,0,0.000319,7,0.49,-17.462,1,0,0.0474,112.184,0.172,8
8.8e-05,0.5529999999999999,219893,0.972,0,5.53e-05,2,0.131,-3.415,0,43,0.0704,103.997,0.304,2
0.987,0.609,150785,0.0753,0,3.48e-06,9,0.108,-17.947,1,12,0.0385,108.796,0.471,7
0.32,0.481,406373,0.195,0,0.000111,9,0.0931,-13.689,0,39,0.029,95.458,0.193,3
0.014,0.746,238600,0.507,0,0.000323,4,0.209,-9.151,0,45,0.0343,89.98700000000002,0.733,2
0.853,0.5760000000000001,361640,0.231,0,0.000354,4,0.73,-14.585,1,18,0.0478,107.674,0.476,6
0.7809999999999999,0.747,147080,0.544,0,0.0,9,0.294,-5.332999999999998,1,13,0.0295,111.722,0.8759999999999999,6
0.979,0.453,187827,0.254,0,2.05e-06,3,0.3670000000000001,-13.1,1,0,0.0415,127.635,0.561,10
0.491,0.617,244427,0.303,0,7.6e-06,10,0.27,-10.473,1,41,0.0308,109.344,0.484,3
0.142,0.696,182600,0.6409999999999999,0,0.0,7,0.132,-5.807,1,57,0.0261,101.981,0.664,1
0.993,0.338,141413,0.0459,0,0.917,5,0.119,-28.29300000000001,1,4,0.0433,144.27100000000004,0.232,8
0.941,0.464,297876,0.0358,0,0.17800000000000002,7,0.0836,-20.836,0,54,0.0454,77.57,0.187,6
0.21,0.55,193760,0.926,0,0.000205,9,0.5670000000000001,-5.343,1,47,0.0535,109.797,0.414,4
0.957,0.58,151307,0.34,0,0.000196,3,0.316,-7.34,1,0,0.262,123.861,0.762,8
0.99,0.229,368533,0.0174,0,0.921,11,0.0799,-29.373,1,45,0.0356,68.331,0.0889,2
0.957,0.529,253680,0.0347,0,0.0182,10,0.237,-21.638,1,0,0.0513,133.858,0.574,9
0.00289,0.7390000000000001,321693,0.701,0,0.0008990000000000002,7,0.0482,-10.24,0,32,0.0289,130.487,0.914,4
0.335,0.732,304853,0.892,0,0.0146,1,0.116,-9.469,1,50,0.0517,112.295,0.906,3
0.856,0.208,272080,0.0659,0,5.27e-05,5,0.474,-25.323,1,22,0.0358,67.683,0.125,6
0.984,0.278,582347,0.188,0,0.898,10,0.142,-16.8,1,0,0.0372,108.269,0.174,7
0.684,0.674,368093,0.447,0,0.00983,8,0.168,-10.224,1,9,0.066,136.23,0.541,7
0.972,0.091,206027,0.0619,0,0.912,0,0.105,-23.247,1,43,0.0439,86.93,0.0364,2
0.00556,0.476,188886,0.964,0,0.0,8,0.268,-4.683,1,60,0.127,167.112,0.7240000000000001,1
0.855,0.507,179120,0.204,0,0.0,0,0.14300000000000002,-11.575,1,76,0.0504,77.765,0.343,1
0.9,0.667,169973,0.426,0,0.021,7,0.308,-5.579,1,0,0.0728,123.219,0.569,9
3.58e-05,0.452,219467,0.973,0,1.91e-06,5,0.338,-2.435,1,38,0.0775,93.384,0.483,2
0.256,0.772,386213,0.755,0,0.0087,11,0.0963,-7.375,0,48,0.132,133.136,0.89,2
0.158,0.0897,155301,0.919,0,0.987,1,0.574,-14.294,1,65,0.16899999999999998,165.28400000000005,0.0456,1
0.0504,0.378,249773,0.555,0,0.0,7,0.199,-6.086,1,55,0.0498,91.966,0.524,1
0.586,0.335,289453,0.412,0,0.000459,0,0.4370000000000001,-11.892,1,43,0.0368,149.747,0.36,5
0.983,0.456,182173,0.509,0,0.934,1,0.182,-12.142,0,0,0.0569,86.522,0.3,8
0.232,0.512,160880,0.6579999999999999,0,0.0,1,0.108,-9.972,0,46,0.0607,129.861,0.752,2
0.905,0.446,238067,0.245,0,0.0366,0,0.115,-12.239,0,12,0.0407,172.84799999999996,0.594,7
0.85,0.878,221987,0.243,0,5.86e-06,8,0.0366,-8.321,1,51,0.166,124.496,0.974,2
0.993,0.606,155333,0.257,0,0.369,1,0.107,-15.581,1,0,0.0586,67.97,0.7959999999999999,8
0.977,0.204,161500,0.00988,0,0.754,7,0.0974,-33.749,1,68,0.0435,69.683,0.0746,0
0.964,0.305,285333,0.173,0,0.0885,10,0.0953,-14.703,1,30,0.0341,59.31399999999999,0.26,6
0.963,0.581,149827,0.0543,0,0.00027400000000000005,0,0.0968,-14.595,1,61,0.0466,124.185,0.175,7
2.2e-06,0.209,181533,0.835,0,0.873,1,0.191,-8.158,1,46,0.0569,117.003,0.506,3
0.952,0.454,213000,0.282,0,0.104,7,0.5379999999999999,-12.869000000000002,1,0,0.0577,125.78,0.7609999999999999,9
0.71,0.509,307867,0.44,0,0.0854,7,0.105,-11.124,0,11,0.032,103.44,0.465,7
0.0175,0.431,204853,0.947,0,0.0,11,0.265,-3.417,0,57,0.0629,179.833,0.8370000000000001,2
0.104,0.752,328200,0.607,0,8.03e-05,7,0.0624,-15.977,1,38,0.0983,106.692,0.6629999999999999,4
0.106,0.424,342244,0.606,1,0.000272,6,0.14400000000000002,-6.062,0,58,0.159,213.788,0.397,1
0.35700000000000004,0.29100000000000004,307587,0.551,0,6.159999999999999e-05,6,0.239,-8.17,1,44,0.0345,125.07,0.373,6
0.21600000000000005,0.742,288720,0.6459999999999999,0,0.00028,7,0.408,-9.86,1,31,0.0698,95.583,0.619,4
0.982,0.0888,594757,0.34,0,0.889,7,0.156,-12.855,0,28,0.0385,81.251,0.0297,5
0.0291,0.743,174400,0.215,0,7.85e-05,0,0.101,-18.802,1,26,0.0398,93.912,0.481,6
0.964,0.273,185500,0.295,0,0.277,8,0.334,-13.839,1,2,0.033,68.92699999999999,0.301,8
0.0307,0.408,326613,0.544,0,0.0,10,0.958,-8.28,1,57,0.0305,74.994,0.0907,1
0.154,0.8440000000000001,322027,0.721,0,0.000271,11,0.0602,-9.027,0,26,0.154,113.522,0.8640000000000001,5
0.746,0.8009999999999999,123907,0.211,0,0.691,7,0.499,-14.178,1,6,0.049,117.016,0.618,7
0.00827,0.393,232533,0.958,1,0.0352,8,0.66,-5.3729999999999976,0,46,0.223,110.071,0.413,3
0.836,0.484,170267,0.0843,0,2.48e-06,7,0.883,-24.648000000000003,0,10,0.0519,61.312,0.4970000000000001,6
0.0676,0.8009999999999999,303453,0.643,0,0.00047,11,0.613,-7.07,0,46,0.0375,115.038,0.568,2
0.935,0.443,232613,0.227,0,1.49e-06,9,0.111,-9.923,1,7,0.0381,118.239,0.198,6
0.991,0.374,558640,0.003820000000000001,0,0.883,10,0.127,-23.025,0,0,0.0417,50.915,0.124,10
5.9e-05,0.397,287840,0.9,0,0.024,3,0.228,-5.968,0,47,0.0589,106.448,0.204,1
0.5429999999999999,0.594,99893,0.486,0,0.606,11,0.3670000000000001,-15.581,1,33,0.14300000000000002,101.017,0.6709999999999999,4
0.987,0.6609999999999999,206627,0.394,0,0.0,8,0.163,-5.391,1,4,0.0367,133.747,0.782,9
0.7190000000000001,0.249,248040,0.245,0,0.0,10,0.35700000000000004,-12.987,1,25,0.0327,87.295,0.341,7
0.988,0.266,430547,0.163,0,0.8370000000000001,4,0.0993,-21.919,0,43,0.0484,156.327,0.0763,2
0.0826,0.618,682947,0.768,0,0.0,10,0.0907,-9.881,1,39,0.32,186.599,0.62,3
0.578,0.456,238560,0.573,0,3.05e-06,5,0.114,-3.866,0,71,0.0275,76.19,0.0992,2
0.775,0.269,191067,0.147,0,0.8340000000000001,2,0.0925,-14.505,1,21,0.033,124.637,0.118,6
0.113,0.772,247055,0.7859999999999999,1,0.0,1,0.202,-5.3370000000000015,1,57,0.24,130.071,0.233,1
0.125,0.5479999999999999,127547,0.732,1,0.0,11,0.269,-5.652,0,72,0.336,142.791,0.612,0
0.234,0.386,229813,0.407,0,1.86e-06,6,0.0999,-7.095,0,73,0.0268,69.387,0.456,1
0.349,0.33,300640,0.7090000000000001,0,2.4e-05,8,0.448,-7.079,1,47,0.05,144.298,0.522,2
0.248,0.504,165827,0.461,0,3.22e-06,7,0.599,-13.129,1,18,0.0279,144.88,0.705,6
0.122,0.706,96600,0.14,1,6.42e-05,5,0.35600000000000004,-21.102,0,0,0.956,80.483,0.6,8
0.00507,0.508,209600,0.6859999999999999,0,0.00232,11,0.258,-10.722,1,34,0.0295,134.991,0.762,3
0.503,0.452,335973,0.238,0,6.06e-06,0,0.0745,-14.175,1,43,0.0316,189.999,0.336,4
0.728,0.68,265173,0.334,0,0.000491,0,0.112,-11.375,1,56,0.0373,129.526,0.483,1
0.983,0.476,235880,0.26,0,0.00013700000000000002,0,0.105,-11.454,1,1,0.0334,119.727,0.624,7
0.96,0.305,111093,0.17,0,0.916,0,0.181,-23.45300000000001,1,12,0.0347,81.325,0.919,7
0.624,0.61,135373,0.7,0,0.0,9,0.428,-8.065,1,35,0.0422,123.147,0.904,7
0.989,0.7090000000000001,178000,0.231,0,0.785,0,0.264,-10.007,1,0,0.1,115.518,0.922,9
0.395,0.581,209827,0.275,0,0.0034700000000000004,7,0.111,-20.341,1,47,0.0307,162.905,0.657,4
0.78,0.5770000000000001,384893,0.476,0,0.472,8,0.115,-15.371,1,37,0.0296,145.389,0.748,4
0.792,0.345,179973,0.246,0,3.73e-05,5,0.0906,-11.237,1,19,0.0292,179.604,0.378,6
0.00272,0.28,226493,0.752,0,0.165,4,0.403,-4.953,0,36,0.0378,95.136,0.326,4
0.308,0.609,154587,0.967,0,0.0,10,0.0915,-3.139,1,59,0.0434,109.589,0.97,2
0.0632,0.726,168484,0.29600000000000004,0,0.00101,2,0.173,-11.365,0,29,0.0766,77.933,0.196,3
0.987,0.396,223440,0.386,0,0.00379,5,0.276,-10.577,0,0,0.0923,168.82,0.685,7
0.767,0.552,138173,0.616,0,0.0,9,0.113,-5.475,1,35,0.0374,118.359,0.8059999999999999,6
0.83,0.281,347227,0.222,0,0.878,5,0.233,-17.462,1,0,0.0431,82.66799999999998,0.111,8
0.0254,0.726,231933,0.757,1,0.0,0,0.7020000000000001,-7.155,1,60,0.191,83.979,0.679,2
0.28300000000000003,0.711,259427,0.361,0,9.06e-05,6,0.0523,-11.276,1,45,0.0303,119.99,0.575,2
0.213,0.466,128133,0.6779999999999999,0,0.95,2,0.376,-9.242,1,45,0.0315,180.062,0.302,2
0.721,0.885,169107,0.463,0,0.0268,3,0.0441,-14.637,1,34,0.0527,89.084,0.902,5
0.5589999999999999,0.258,285760,0.3670000000000001,0,0.0,8,0.113,-10.462,1,48,0.0324,115.312,0.353,1
0.0187,0.882,206280,0.53,1,0.0,5,0.097,-5.771,0,52,0.0379,99.015,0.256,1
0.000231,0.321,183493,0.4370000000000001,0,0.0252,8,0.0836,-15.836,1,36,0.0447,122.74,0.535,4
0.0445,0.588,209473,0.539,1,4.82e-06,6,0.121,-8.816,1,58,0.0396,132.976,0.343,1
0.6409999999999999,0.3670000000000001,119674,0.488,0,0.0538,7,0.503,-11.685,1,0,0.0314,138.376,0.8109999999999999,8
0.748,0.634,289587,0.468,0,4.81e-05,5,0.239,-11.395,0,11,0.0444,76.517,0.833,6
0.0244,0.456,189132,0.828,0,0.0,1,0.21,-6.225,1,75,0.077,116.719,0.313,1
0.488,0.593,187000,0.453,0,0.0,2,0.0621,-12.782,1,38,0.0271,108.443,0.332,4
0.0137,0.5589999999999999,231674,0.531,1,0.0,10,0.293,-6.981,0,58,0.404,144.36700000000005,0.333,1
0.908,0.691,179040,0.157,0,7.39e-06,1,0.0898,-13.711,1,36,0.0475,89.844,0.378,5
0.48,0.82,234173,0.522,0,0.002,10,0.0672,-7.02,1,42,0.0618,87.30799999999998,0.758,3
0.0507,0.317,236440,0.401,0,0.743,9,0.107,-10.974,0,34,0.0341,151.22899999999996,0.301,4
0.0573,0.608,200853,0.6559999999999999,0,0.0,9,0.0727,-5.9510000000000005,1,39,0.056,133.394,0.925,5
2.28e-05,0.493,146173,0.938,0,0.0159,4,0.121,-7.221,0,40,0.0819,94.655,0.7070000000000001,4
0.0921,0.625,176053,0.649,0,0.0154,6,0.485,-10.841,0,29,0.0965,94.717,0.7240000000000001,5
0.00029,0.4,170400,0.937,0,0.0,0,0.0742,-3.892,1,51,0.0337,114.233,0.825,3
0.219,0.7979999999999999,259453,0.8240000000000001,0,0.0463,11,0.0924,-7.1789999999999985,1,47,0.0407,116.002,0.925,2
0.0801,0.622,242051,0.305,0,0.5579999999999999,11,0.126,-13.213,0,0,0.0559,170.09400000000005,0.871,8
0.457,0.535,156067,0.433,0,0.0,7,0.114,-8.401,1,40,0.0331,87.87,0.491,7
0.914,0.5479999999999999,286000,0.405,0,0.00171,8,0.141,-9.189,1,12,0.0406,145.519,0.7979999999999999,7
0.387,0.453,198147,0.986,0,0.0,7,0.422,-5.768,1,58,0.119,166.59400000000005,0.455,4
0.0988,0.701,228280,0.696,0,0.0,9,0.0852,-12.422,1,30,0.0488,112.655,0.8590000000000001,5
0.6990000000000001,0.515,161667,0.544,0,0.0,0,0.209,-2.296,1,0,0.0288,144.013,0.69,7
0.502,0.644,477293,0.397,0,0.0,1,0.294,-14.1,1,17,0.955,87.35799999999998,0.601,9
0.987,0.158,150653,0.124,0,0.0397,6,0.128,-23.156,0,2,0.0401,84.241,0.0353,7
0.649,0.584,257187,0.557,0,0.063,4,0.0771,-9.88,0,24,0.112,112.642,0.898,5
0.182,0.0591,412467,0.199,0,0.89,9,0.213,-13.384,1,2,0.0389,53.289,0.0547,8
0.0968,0.53,210080,0.77,0,0.0388,6,0.18600000000000005,-7.401,0,40,0.0669,105.029,0.43,2
6.34e-05,0.388,223653,0.979,0,0.0567,0,0.6629999999999999,-4.3889999999999985,1,55,0.17600000000000002,183.905,0.0547,2
0.964,0.336,418400,0.122,0,1.64e-06,0,0.445,-17.887,1,0,0.091,71.76899999999998,0.075,7
0.0405,0.622,212240,0.531,0,1.17e-06,4,0.0915,-13.229,1,63,0.0406,128.084,0.737,4
0.512,0.728,98400,0.138,1,0.0,2,0.485,-20.29,1,0,0.956,87.5,0.56,8
0.995,0.6679999999999999,177128,0.206,0,0.0757,2,0.147,-9.189,0,0,0.195,130.444,0.741,8
0.971,0.138,189827,0.331,0,0.98,2,0.117,-8.402999999999999,1,21,0.0336,76.317,0.038,6
0.51,0.927,117917,0.198,0,0.118,10,0.224,-13.635,0,68,0.0922,113.952,0.764,1
0.461,0.607,165680,0.929,0,0.893,5,0.0775,-5.112,0,3,0.0504,138.44299999999998,0.96,7
0.629,0.581,257427,0.303,0,0.0,5,0.155,-15.424,1,22,0.0474,72.187,0.5589999999999999,4
0.028,0.5760000000000001,246761,0.7659999999999999,1,1.68e-06,10,0.366,-4.9430000000000005,0,73,0.449,144.833,0.236,1
0.0188,0.6829999999999999,244960,0.8220000000000001,0,1.42e-06,8,0.189,-4.239,1,41,0.204,153.721,0.962,2
0.71,0.506,134307,0.757,0,1.92e-06,11,0.321,-7.3679999999999986,0,9,0.0441,88.85600000000002,0.933,7
0.0224,0.687,104113,0.229,1,0.0,9,0.337,-18.655,0,0,0.952,100.748,0.629,10
0.993,0.409,211040,0.247,0,0.00627,4,0.247,-11.575,1,0,0.0473,74.347,0.225,8
0.000336,0.297,199640,0.968,0,0.878,9,0.096,-8.765,1,26,0.0486,175.954,0.8009999999999999,4
0.0399,0.8009999999999999,279933,0.765,1,8.35e-06,6,0.429,-11.968,0,39,0.203,138.05200000000002,0.624,3
0.908,0.535,183933,0.8690000000000001,1,2.71e-06,11,0.8909999999999999,-11.339,1,45,0.929,144.24,0.28800000000000003,1
0.883,0.72,129000,0.251,0,0.0,9,0.255,-17.13,1,35,0.909,116.47,0.645,4
0.972,0.615,44680,0.233,0,6.96e-06,10,0.117,-16.594,0,7,0.363,112.867,0.828,7
0.179,0.664,165578,0.5479999999999999,0,0.00406,0,0.208,-7.642,1,62,0.0461,128.991,0.206,1
0.742,0.6829999999999999,168293,0.389,0,0.0,6,0.228,-12.121,1,1,0.0557,113.94,0.787,8
0.826,0.623,179547,0.3670000000000001,0,0.0,10,0.294,-8.469,1,20,0.0363,68.645,0.388,6
0.0492,0.462,277293,0.488,0,0.0,1,0.121,-7.181,1,44,0.026,78.015,0.133,2
0.795,0.551,178533,0.8340000000000001,0,0.14800000000000002,0,0.309,-5.238,1,54,0.0467,108.145,0.6609999999999999,2
0.477,0.433,159102,0.451,0,0.0399,6,0.161,-7.399,1,15,0.0362,177.236,0.297,6
0.867,0.6579999999999999,170560,0.325,0,0.00647,2,0.247,-10.988,1,26,0.0444,147.649,0.685,5
0.493,0.491,569240,0.7809999999999999,0,0.00045,2,0.0713,-8.924,1,39,0.0358,109.219,0.622,6
0.000245,0.483,197733,0.88,0,0.318,5,0.149,-6.914,1,49,0.0968,170.06099999999995,0.263,3
0.97,0.482,234659,0.0653,0,0.00629,7,0.174,-29.623,0,0,0.0416,103.081,0.0708,7
0.359,0.777,393387,0.521,0,0.11,0,0.0594,-8.443,1,48,0.0277,97.623,0.335,4
0.655,0.7709999999999999,143373,0.474,0,0.28600000000000003,10,0.0768,-8.254,1,32,0.0604,84.421,0.831,6
0.938,0.415,175080,0.447,0,0.932,0,0.298,-10.857,0,0,0.0311,169.173,0.603,9
0.984,0.8370000000000001,183000,0.532,0,0.691,11,0.18,-4.761,0,0,0.0477,117.9,0.855,9
0.458,0.732,95724,0.28300000000000003,1,0.0,5,0.246,-17.117,1,0,0.7040000000000001,127.188,0.557,7
0.326,0.703,199743,0.5489999999999999,0,0.00256,0,0.08199999999999999,-9.731,1,58,0.0295,99.985,0.385,1
0.994,0.233,290520,0.0867,0,0.911,1,0.0838,-19.924,0,8,0.04,66.321,0.305,10
0.000256,0.271,403293,0.959,0,0.8540000000000001,7,0.0858,-5.8660000000000005,1,48,0.125,131.846,0.0642,3
0.00374,0.6829999999999999,195627,0.62,0,7.89e-06,9,0.0779,-12.339,1,44,0.0275,110.02,0.5670000000000001,2
0.961,0.456,304467,0.196,0,0.921,4,0.108,-19.658,0,36,0.0315,131.39700000000002,0.0976,6
0.8290000000000001,0.7190000000000001,305067,0.34,0,0.893,8,0.154,-13.352,1,38,0.0308,113.897,0.713,7
0.0812,0.721,207000,0.6809999999999999,0,0.0033,2,0.275,-14.206,1,31,0.0363,101.449,0.964,4
0.529,0.379,294360,0.7509999999999999,0,0.0,4,0.105,-8.001,1,39,0.0832,117.02,0.183,5
0.391,0.698,250667,0.329,0,0.0016,7,0.217,-11.241,1,10,0.0517,107.169,0.318,7
0.226,0.731,176107,0.7609999999999999,0,0.0,7,0.0911,-4.118,1,48,0.0543,109.665,0.8140000000000001,2
0.816,0.727,358360,0.6779999999999999,0,0.83,8,0.107,-12.5,0,12,0.0413,103.404,0.765,7
0.00042,0.602,193400,0.921,0,0.000272,7,0.0983,-4.633,1,37,0.0604,108.692,0.545,2
0.757,0.498,180747,0.542,0,0.0,2,0.131,-5.9979999999999976,0,16,0.0491,98.006,0.87,7
0.992,0.555,196952,0.245,0,0.0008869999999999998,4,0.325,-8.513,1,0,0.0889,105.916,0.537,8
0.0778,0.884,263227,0.677,1,0.0,1,0.0732,-5.603,1,70,0.28300000000000003,101.868,0.584,2
0.992,0.664,164587,0.399,0,0.0522,0,0.329,-7.426,1,0,0.0416,108.663,0.917,9
0.974,0.634,156493,0.34700000000000003,0,0.742,10,0.618,-6.516,0,1,0.0519,117.283,0.565,9
0.982,0.465,190640,0.19,0,0.0,1,0.177,-10.777,1,0,0.0342,85.646,0.443,7
0.928,0.317,294067,0.0558,0,0.000209,4,0.6890000000000001,-22.154,1,21,0.0393,148.793,0.224,4
0.8240000000000001,0.248,174667,0.28,0,0.7609999999999999,9,0.128,-11.72,0,41,0.0298,101.546,0.0618,5
0.993,0.509,212741,0.0754,0,3.97e-06,0,0.404,-8.516,1,0,0.0972,79.293,0.487,8
0.5529999999999999,0.513,256973,0.488,0,0.00611,5,0.12,-11.603,1,53,0.0321,169.601,0.947,2
0.0478,0.6629999999999999,281747,0.7559999999999999,0,0.000788,7,0.125,-8.059,0,44,0.0309,123.989,0.804,2
0.6990000000000001,0.511,129320,0.545,0,0.0,7,0.838,-8.5,1,20,0.0373,107.222,0.623,6
0.758,0.6920000000000001,145600,0.353,0,0.0,4,0.336,-9.625,1,9,0.0467,75.471,0.514,6
0.866,0.459,182293,0.192,0,0.0,0,0.562,-9.685,1,3,0.028,70.096,0.329,7
0.3,0.618,268667,0.711,0,0.0194,0,0.6579999999999999,-7.192,1,32,0.027000000000000003,87.569,0.887,4
0.000909,0.624,198542,0.897,0,0.0,7,0.0834,-5.778,0,53,0.0453,109.971,0.607,1
0.384,0.5760000000000001,139533,0.809,0,0.0,2,0.0932,-12.944,1,31,0.0937,169.688,0.7759999999999999,5
0.8540000000000001,0.569,71267,0.114,0,0.866,2,0.109,-28.756,1,37,0.0489,135.06799999999998,0.879,7
0.0431,0.63,286840,0.909,0,8.170000000000001e-05,1,0.23,-7.142,1,58,0.0388,115.189,0.8109999999999999,4
9.01e-05,0.36,209733,0.914,0,0.897,7,0.383,-11.550999999999998,1,36,0.0928,110.036,0.295,4
0.028,0.7490000000000001,208413,0.672,0,0.0067,8,0.521,-11.208,0,37,0.0446,119.788,0.8079999999999999,4
0.000209,0.564,328320,0.633,0,0.00603,5,0.111,-11.968,1,0,0.0342,95.16,0.6579999999999999,8
0.0235,0.563,284187,0.8690000000000001,0,1.14e-05,9,0.2,-8.163,1,34,0.052000000000000005,140.58700000000002,0.716,3
0.7859999999999999,0.488,185000,0.261,0,0.893,10,0.359,-20.154,1,25,0.0448,118.704,0.722,7
0.983,0.31,168467,0.0309,0,0.00796,0,0.166,-19.009,1,10,0.0421,110.89,0.196,7
0.946,0.278,306893,0.13699999999999998,0,0.0,1,0.109,-14.072,1,52,0.0401,85.06299999999997,0.241,1
0.00572,0.5489999999999999,231493,0.565,0,4.95e-06,8,0.045,-6.91,1,30,0.0269,141.989,0.238,4
0.087,0.381,211307,0.483,0,4.92e-06,2,0.183,-9.183,1,23,0.0284,90.522,0.422,6
0.8240000000000001,0.5479999999999999,224733,0.261,0,0.188,7,0.569,-8.84,0,10,0.0333,102.058,0.373,7
0.626,0.687,156213,0.35200000000000004,0,0.000151,8,0.133,-8.229,1,60,0.0759,122.955,0.155,1
0.644,0.512,167533,0.523,0,5.23e-05,11,0.19,-10.354,1,12,0.0323,155.928,0.763,6
0.446,0.439,1118880,0.194,0,1.28e-06,5,0.17600000000000002,-16.68,0,16,0.0423,139.577,0.0909,6
0.149,0.5820000000000001,290787,0.915,0,0.0138,4,0.207,-6.2170000000000005,0,48,0.0418,101.061,0.485,4
0.981,0.394,1102173,0.29100000000000004,0,0.713,2,0.101,-13.946,0,0,0.0336,108.485,0.188,8
0.0761,0.626,219560,0.7929999999999999,0,0.00219,11,0.0278,-10.363,0,30,0.0521,117.589,0.69,5
0.451,0.638,230067,0.478,0,0.0,10,0.0665,-12.076,1,21,0.0393,95.125,0.7340000000000001,4
0.993,0.44,186533,0.235,0,0.909,10,0.0918,-15.220999999999998,0,0,0.1,139.024,0.5329999999999999,7
0.0866,0.611,231960,0.57,0,4.78e-05,2,0.0246,-15.897,0,26,0.0319,87.697,0.871,4
0.909,0.42,143604,0.174,0,0.0,1,0.185,-13.725,1,13,0.0292,130.909,0.413,8
0.0187,0.613,76867,0.955,0,0.0,11,0.0827,-2.8560000000000003,0,32,0.25,141.988,0.588,4
0.482,0.632,174870,0.5670000000000001,0,0.0,2,0.995,-11.146,1,29,0.0346,106.931,0.441,5
0.397,0.775,244198,0.7070000000000001,1,0.0,10,0.8740000000000001,-5.339,0,66,0.152,104.979,0.78,1
0.967,0.489,183067,0.228,0,0.00323,2,0.17600000000000002,-18.836,1,8,0.0266,94.28,0.557,7
0.574,0.648,120800,0.61,0,2.75e-05,9,0.862,-13.662,1,24,0.0438,128.131,0.927,6
0.993,0.44,181720,0.215,0,0.936,0,0.11,-18.32,0,0,0.0462,136.401,0.911,8
0.387,0.7609999999999999,112700,0.256,1,0.0,2,0.209,-14.736,0,0,0.937,80.195,0.519,10
0.521,0.473,118147,0.4270000000000001,0,0.00134,10,0.5529999999999999,-10.742,0,30,0.0406,137.139,0.444,7
0.0495,0.5,215720,0.884,0,0.0,2,0.106,-4.1930000000000005,1,45,0.0478,87.012,0.6629999999999999,1
0.752,0.731,83496,0.131,0,0.0,4,0.482,-25.404,0,0,0.944,83.70299999999997,0.302,7
0.411,0.487,150560,0.483,0,9.68e-06,1,0.0638,-12.466,1,48,0.0317,65.383,0.6559999999999999,6
0.516,0.721,183387,0.342,0,1.37e-06,4,0.063,-16.094,1,35,0.033,124.095,0.5660000000000001,4
0.721,0.535,217320,0.366,0,0.0,1,0.129,-7.559,1,61,0.028,89.98,0.163,1
0.365,0.359,227397,0.361,1,0.0,3,0.111,-10.194,0,50,0.0552,85.898,0.28,1
0.0469,0.429,215107,0.723,0,0.0,10,0.12,-5.8820000000000014,1,38,0.0298,170.343,0.3720000000000001,2
0.3,0.391,213160,0.75,0,0.0401,7,0.955,-8.379,1,23,0.046,167.842,0.556,5
0.0204,0.525,186067,0.945,0,0.0,3,0.238,-3.383,1,24,0.0497,146.736,0.594,4
0.979,0.127,390133,0.0896,0,0.0714,3,0.068,-20.807,1,24,0.0496,173.032,0.0397,4
0.982,0.667,192235,0.47,0,0.0,3,0.531,-12.021,1,0,0.049,125.218,0.8759999999999999,9
0.152,0.61,129156,0.627,0,0.0,2,0.131,-7.546,1,21,0.0277,92.7,0.883,6
0.0539,0.6609999999999999,221413,0.959,0,1.74e-05,7,0.381,-4.439,1,62,0.0408,116.284,0.96,2
0.00427,0.597,171360,0.8370000000000001,0,0.00114,10,0.8390000000000001,-6.518,1,75,0.375,126.342,0.447,2
0.862,0.613,221867,0.247,0,1.4499999999999993e-05,2,0.247,-9.399,1,35,0.0312,83.804,0.635,6
0.0468,0.486,253227,0.487,0,0.227,7,0.271,-12.769,1,24,0.0342,76.041,0.752,6
0.715,0.619,178933,0.603,0,0.0,9,0.0721,-9.481,1,73,0.0342,127.432,0.958,6
0.507,0.461,224867,0.522,0,5.61e-06,5,0.111,-4.743,1,21,0.026,105.046,0.586,6
0.985,0.6859999999999999,118067,0.0793,0,0.00273,4,0.08800000000000001,-17.551,1,5,0.0642,116.558,0.6920000000000001,7
0.425,0.537,198522,0.672,0,1.22e-05,4,0.264,-8.081,1,36,0.0525,162.428,0.6970000000000001,6
0.515,0.7609999999999999,278760,0.7879999999999999,0,8.02e-05,1,0.056,-12.906,1,32,0.061,110.53,0.555,5
0.931,0.417,205240,0.13699999999999998,0,0.000538,10,0.152,-15.546,1,0,0.0315,105.248,0.195,8
0.007940000000000001,0.401,224000,0.961,0,0.0,8,0.158,-3.821,0,42,0.179,164.951,0.439,2
0.989,0.547,208421,0.23,0,0.688,8,0.2,-15.208,0,0,0.0431,112.468,0.627,9
0.967,0.493,277467,0.0937,0,0.205,2,0.139,-22.247,1,6,0.0334,97.258,0.604,7
0.989,0.324,189806,0.199,0,0.92,1,0.111,-15.232,0,0,0.0577,91.994,0.215,9
0.353,0.442,484333,0.463,0,0.687,1,0.339,-12.92,1,34,0.0356,120.87,0.303,6
0.39,0.695,205667,0.698,0,1.5e-06,9,0.2,-9.547,1,31,0.0295,130.445,0.735,3
0.275,0.7020000000000001,516760,0.379,0,0.0,1,0.209,-14.732,1,15,0.937,106.554,0.5379999999999999,9
0.812,0.7170000000000001,330133,0.53,0,0.000186,6,0.237,-16.112000000000002,1,28,0.0375,114.405,0.711,5
0.99,0.7709999999999999,184507,0.322,0,0.0685,2,0.29,-8.124,0,0,0.0452,117.526,0.632,9
0.0494,0.452,244600,0.7509999999999999,0,0.000674,7,0.8340000000000001,-7.877999999999999,1,27,0.147,134.02200000000002,0.53,5
0.215,0.633,97400,0.14400000000000002,1,0.0,7,0.306,-19.636,1,0,0.954,170.741,0.759,9
0.743,0.6409999999999999,285053,0.409,0,2.58e-06,8,0.118,-12.452,1,59,0.0348,121.165,0.315,2
0.723,0.721,78000,0.297,0,0.0,2,0.11,-15.65,1,21,0.946,76.67699999999998,0.627,4
0.605,0.276,268899,0.541,0,0.0148,5,0.403,-5.82,1,26,0.0351,83.84899999999998,0.486,5
0.505,0.674,268958,0.95,0,0.0,5,0.103,-5.0,0,52,0.182,76.009,0.843,1
0.944,0.262,174480,0.204,0,0.00851,8,0.338,-14.231,1,11,0.0327,106.286,0.106,6
0.315,0.813,298973,0.473,0,3.08e-05,9,0.24,-9.645,1,46,0.0451,80.133,0.835,5
0.873,0.662,173173,0.487,0,0.7559999999999999,0,0.0886,-11.329,1,0,0.0434,137.673,0.964,7
0.141,0.5,209347,0.636,0,2.97e-05,5,0.0753,-8.269,1,28,0.0262,153.113,0.736,5
0.608,0.507,324316,0.276,0,0.00812,7,0.106,-15.61,1,33,0.0282,92.082,0.194,5
0.769,0.688,206733,0.415,0,0.0155,4,0.354,-9.868,0,43,0.0629,169.96099999999996,0.93,2
0.967,0.402,195893,0.362,0,0.25,11,0.14800000000000002,-11.583,1,0,0.0381,124.109,0.6920000000000001,8
0.964,0.217,1093733,0.35600000000000004,0,0.0604,2,0.284,-14.5,1,37,0.0613,85.182,0.0558,4
0.0378,0.914,235187,0.721,0,0.0,9,0.16,-5.0360000000000005,1,41,0.136,99.02,0.794,3
0.435,0.6809999999999999,131280,0.358,0,0.7979999999999999,8,0.133,-14.814,1,13,0.0767,130.153,0.883,7
0.0604,0.764,338427,0.606,0,0.3,0,0.0967,-10.254,1,31,0.0381,109.058,0.7979999999999999,4
0.762,0.628,206627,0.201,0,0.000566,6,0.105,-15.111,1,50,0.032,108.182,0.365,4
0.315,0.693,167373,0.412,0,0.0,1,0.0598,-18.713,1,21,0.0666,96.088,0.807,5
0.5,0.54,175333,0.629,0,0.0,9,0.158,-10.171,1,54,0.0325,139.859,0.7490000000000001,6
0.527,0.7979999999999999,236727,0.556,0,0.000353,11,0.0959,-8.597000000000001,1,66,0.0303,109.994,0.627,1
0.993,0.417,149653,0.474,0,0.7390000000000001,8,0.409,-8.832,1,0,0.0499,92.118,0.823,9
0.00132,0.545,228133,0.98,0,0.04,7,0.358,-4.148,0,33,0.0598,111.994,0.48,4
0.856,0.496,221040,0.173,0,0.0,7,0.141,-17.042,0,32,0.0272,94.914,0.373,3
0.965,0.659,188867,0.196,0,0.000897,8,0.103,-17.583,1,5,0.0528,94.121,0.585,8
0.0103,0.6829999999999999,217093,0.637,0,0.0,0,0.245,-10.255999999999998,1,73,0.032,115.577,0.931,1
0.987,0.513,232867,0.0287,0,0.0,1,0.0845,-16.424,1,5,0.0401,65.831,0.198,7
0.0349,0.506,235787,0.716,1,0.0,11,0.6809999999999999,-4.652,1,45,0.0383,144.98,0.562,1
0.617,0.495,249227,0.387,0,4.4e-06,9,0.342,-7.5310000000000015,1,40,0.0256,78.418,0.29100000000000004,2
0.443,0.716,313733,0.348,0,3.99e-05,0,0.139,-14.688,1,29,0.0918,65.88,0.56,5
0.515,0.602,172933,0.471,0,3.2899999999999987e-05,5,0.222,-10.045,1,67,0.0406,107.904,0.256,1
0.0546,0.764,214280,0.8420000000000001,0,0.0,6,0.0351,-3.835,1,47,0.059,105.018,0.8690000000000001,1
0.401,0.603,279910,0.688,0,4.57e-05,6,0.104,-13.12,0,40,0.0458,87.839,0.682,3
0.935,0.5670000000000001,211000,0.136,0,0.0,0,0.218,-14.794,1,0,0.134,145.996,0.371,8
0.884,0.631,317693,0.309,0,0.00206,1,0.0439,-9.527,1,46,0.0302,118.498,0.4270000000000001,1
0.732,0.484,190400,0.435,0,6.25e-05,9,0.158,-9.603,0,38,0.0504,185.333,0.635,3
0.993,0.613,140382,0.106,0,0.0338,7,0.113,-15.642,1,0,0.055,129.29399999999998,0.8420000000000001,8
0.991,0.152,619853,0.142,0,0.941,5,0.234,-18.757,1,1,0.0634,76.794,0.0455,8
0.989,0.222,172187,0.182,0,0.0147,10,0.0528,-10.254,1,1,0.0344,77.062,0.22,9
0.959,0.311,385200,0.26,0,5.22e-06,10,0.31,-13.081,0,3,0.0412,134.834,0.153,8
0.00949,0.654,155760,0.898,0,0.0,9,0.314,-3.966,0,50,0.0682,119.972,0.473,2
0.769,0.63,271667,0.745,0,9.49e-05,7,0.127,-4.748,1,42,0.0344,152.685,0.799,4
0.7170000000000001,0.5720000000000001,230800,0.412,0,0.0,1,0.14300000000000002,-10.042,1,64,0.32,77.064,0.443,2
0.4370000000000001,0.568,603413,0.5429999999999999,0,0.0133,0,0.107,-10.975,0,32,0.038,124.001,0.544,5
0.317,0.75,299867,0.29100000000000004,1,5.39e-05,9,0.17800000000000002,-12.196,0,40,0.0914,108.375,0.4970000000000001,3
0.211,0.381,221000,0.983,0,0.00176,2,0.978,-3.379,1,33,0.161,121.907,0.294,3
0.551,0.498,163143,0.625,0,0.00172,11,0.25,-8.639,1,18,0.0353,133.253,0.931,7
0.605,0.73,127293,0.227,0,0.0,7,0.0737,-19.434,1,38,0.0507,108.766,0.782,4
0.49,0.419,191027,0.308,0,0.0,7,0.126,-7.742000000000001,1,29,0.0313,78.191,0.405,4
0.979,0.443,189733,0.146,0,0.0281,8,0.188,-19.529,1,9,0.0469,104.982,0.19,7
0.847,0.16899999999999998,94627,0.287,0,0.00168,7,0.0898,-14.233,1,1,0.0364,101.422,0.319,8
0.218,0.8370000000000001,253960,0.6659999999999999,0,5.33e-06,2,0.134,-7.187,1,56,0.132,96.083,0.78,5
0.992,0.479,355474,0.12,0,0.911,9,0.109,-25.063,1,0,0.0444,136.82399999999998,0.245,9
0.884,0.0591,406133,0.0259,0,0.64,4,0.107,-20.679,0,8,0.0432,49.631,0.0375,6
0.992,0.61,133947,0.139,0,0.00772,1,0.116,-20.268,1,0,0.102,124.226,0.599,9
0.6729999999999999,0.66,162213,0.358,0,2.89e-05,8,0.13699999999999998,-11.655,1,52,0.0318,106.996,0.313,3
0.005520000000000001,0.563,185680,0.8270000000000001,0,3.26e-06,9,0.16,-5.9620000000000015,1,46,0.229,189.979,0.868,1
0.0006900000000000001,0.24,308773,0.589,0,0.693,2,0.0815,-7.931,1,37,0.0349,83.762,0.14800000000000002,3
0.992,0.585,218347,0.041,0,0.8809999999999999,8,0.112,-18.964,1,11,0.0544,109.909,0.362,7
0.914,0.5,193947,0.128,0,0.0,8,0.182,-14.137,1,11,0.058,75.828,0.429,7
0.8490000000000001,0.479,181693,0.0952,0,0.0,0,0.657,-15.5,1,38,0.0274,69.78399999999999,0.35,3
0.00108,0.35600000000000004,180027,0.914,0,0.0,6,0.139,-5.698,1,44,0.0689,136.10399999999998,0.149,2
0.0323,0.632,240893,0.782,0,0.0828,0,0.0755,-7.525,1,30,0.0666,121.58,0.969,5
0.956,0.252,363027,0.0363,0,0.00991,7,0.0825,-21.731,1,34,0.0483,71.098,0.0331,4
0.434,0.7709999999999999,292800,0.457,0,0.000179,0,0.135,-12.277,0,34,0.255,158.558,0.675,4
0.000157,0.322,111867,0.72,0,0.007659999999999998,7,0.182,-2.787,1,44,0.173,182.676,0.8390000000000001,5
0.365,0.4270000000000001,159773,0.228,0,3.64e-06,10,0.172,-16.757,0,3,0.0674,93.662,0.37,9
0.17800000000000002,0.687,232120,0.745,0,1.59e-05,6,0.111,-4.432,1,70,0.0379,129.966,0.435,2
0.84,0.564,76240,0.5,0,0.0127,7,0.29100000000000004,-13.313,1,0,0.103,137.649,0.82,7
0.00397,0.613,234813,0.873,0,0.00111,7,0.3670000000000001,-6.376,0,72,0.0449,129.989,0.392,1
0.28300000000000003,0.66,257802,0.853,0,0.011,10,0.275,-10.654000000000002,1,47,0.035,163.024,0.963,3
0.855,0.602,194733,0.659,0,0.584,7,0.0947,-8.234,0,8,0.0473,128.231,0.907,8
0.878,0.488,202493,0.27,0,0.0,5,0.638,-9.955,1,23,0.0292,81.311,0.486,5
0.15,0.716,201467,0.91,1,0.0,5,0.0796,-3.492,1,50,0.12,129.96200000000002,0.6859999999999999,1
0.197,0.634,347200,0.579,0,0.021,4,0.474,-11.126,1,34,0.0854,79.098,0.915,4
0.106,0.654,179937,0.8859999999999999,1,9.17e-06,4,0.161,-2.8080000000000003,1,61,0.0417,147.959,0.7040000000000001,1
0.603,0.513,333493,0.439,0,8.83e-05,5,0.0976,-12.816,1,22,0.0483,120.417,0.735,7
0.958,0.4270000000000001,192347,0.234,0,0.942,9,0.14300000000000002,-22.377,1,2,0.0574,134.36,0.965,9
0.108,0.3,211800,0.49,0,5.08e-05,6,0.119,-7.849,0,32,0.0293,121.836,0.1,5
0.000339,0.8059999999999999,459133,0.282,0,0.655,6,0.0866,-17.538,0,43,0.0473,137.30100000000002,0.821,4
0.00114,0.403,272562,0.696,1,0.265,10,0.0722,-5.956,0,64,0.236,89.999,0.0696,1
0.261,0.716,96300,0.187,1,0.0,0,0.229,-22.48,1,0,0.843,118.107,0.807,10
0.135,0.53,318693,0.377,0,0.207,2,0.11,-10.517,1,44,0.0252,142.125,0.12,2
0.334,0.731,235720,0.588,0,0.0,3,0.278,-5.2170000000000005,1,64,0.0749,80.01899999999998,0.449,1
0.715,0.422,153747,0.468,0,0.0,7,0.25,-8.501,0,9,0.175,208.433,0.754,6
0.731,0.46,172200,0.807,0,4.52e-05,8,0.0799,-7.237,1,43,0.086,143.001,0.456,6
0.0299,0.718,225813,0.8079999999999999,0,0.00414,4,0.225,-7.652,1,62,0.0473,100.033,0.309,1
0.902,0.422,140333,0.27,0,1.6800000000000002e-05,9,0.146,-9.386,1,20,0.0696,176.71,0.784,7
0.487,0.71,360773,0.275,0,1.09e-06,10,0.303,-18.333,0,9,0.942,127.893,0.467,8
0.107,0.608,228507,0.7759999999999999,0,0.0144,4,0.064,-12.088,0,38,0.0779,101.979,0.259,3
0.117,0.5589999999999999,227760,0.807,0,4.46e-06,5,0.14800000000000002,-3.887,0,52,0.0304,140.08100000000002,0.5429999999999999,1
0.217,0.485,156077,0.8140000000000001,1,0.0,9,0.112,-3.907,1,69,0.138,159.894,0.327,0
0.0203,0.513,206211,0.8390000000000001,0,0.0,10,0.331,-3.788,1,55,0.0314,122.026,0.335,1
0.9,0.557,267053,0.133,0,0.41,7,0.102,-19.079,1,19,0.0419,126.068,0.3720000000000001,7
0.406,0.451,221667,0.823,0,0.787,2,0.374,-9.152,1,30,0.0741,166.81799999999996,0.878,5
0.188,0.599,134373,0.75,0,0.0,5,0.314,-6.767,1,60,0.0319,156.002,0.909,3
0.972,0.629,69809,0.0661,0,3.89e-05,3,0.0933,-9.493,1,0,0.134,90.904,0.473,7
0.596,0.469,146133,0.479,0,0.922,5,0.158,-10.137,1,41,0.0772,184.412,0.904,3
0.00447,0.546,170963,0.8420000000000001,0,0.0,2,0.0755,-5.59,1,54,0.0657,128.97299999999998,0.34,1
0.0528,0.557,181573,0.586,1,7.33e-06,10,0.339,-4.57,1,72,0.0382,96.091,0.0681,1
0.613,0.429,242227,0.276,0,0.00032900000000000003,0,0.126,-17.17,1,23,0.0301,137.74,0.336,6
0.996,0.458,199360,0.007940000000000001,0,0.941,4,0.0672,-34.482,0,23,0.136,77.1,0.238,8
0.327,0.453,285960,0.7829999999999999,0,0.0268,9,0.7559999999999999,-8.232000000000001,1,34,0.0376,116.129,0.742,5
0.337,0.39,141867,0.6579999999999999,0,0.0,9,0.125,-3.434,1,27,0.0536,180.113,0.906,6
0.252,0.624,199960,0.925,0,0.597,7,0.114,-3.897,1,38,0.0364,139.612,0.8170000000000001,4
0.0184,0.602,205660,0.7240000000000001,0,0.0,2,0.606,-3.469,0,59,0.0352,100.064,0.451,1
0.00598,0.297,351596,0.8140000000000001,0,0.0044,2,0.5579999999999999,-9.626,1,35,0.048,102.655,0.531,5
0.0502,0.589,227827,0.962,0,0.00225,7,0.242,-6.815,1,41,0.181,103.396,0.503,3
0.8170000000000001,0.816,173867,0.489,0,0.0,9,0.227,-8.641,1,3,0.0306,108.115,0.637,8
0.977,0.365,171400,0.318,0,0.0111,5,0.15,-12.194,0,0,0.0383,115.855,0.394,7
0.104,0.5870000000000001,150867,0.7440000000000001,0,0.00473,4,0.175,-6.471,0,24,0.0268,96.765,0.727,4
0.983,0.474,193933,0.126,0,0.000557,7,0.076,-19.543,1,1,0.0804,173.858,0.5720000000000001,9
0.956,0.799,177006,0.748,0,0.0383,5,0.224,-9.148,1,0,0.105,152.046,0.962,8
0.00993,0.513,182800,0.926,0,0.000237,11,0.0648,-4.36,1,48,0.136,172.68,0.931,3
0.0243,0.688,272347,0.805,0,0.113,0,0.316,-6.735,1,30,0.0285,127.528,0.256,4
0.00578,0.55,252867,0.908,0,0.000257,1,0.0904,-6.067,1,51,0.0345,107.031,0.539,2
0.529,0.488,202060,0.499,0,0.00238,8,0.13,-7.978,0,41,0.029,135.571,0.307,4
0.83,0.519,140133,0.397,0,0.0,2,0.213,-10.737,1,15,0.075,198.353,0.861,7
0.46,0.5539999999999999,193200,0.878,0,0.0,7,0.726,-7.186,1,21,0.0802,112.906,0.764,6
0.475,0.305,281213,0.462,0,0.122,0,0.0916,-9.57,1,62,0.0338,113.468,0.181,1
0.328,0.519,253107,0.326,0,0.194,11,0.118,-11.803,0,51,0.0252,82.479,0.244,3
0.775,0.732,242327,0.6679999999999999,0,5.49e-06,2,0.223,-6.768,1,67,0.0443,111.003,0.705,0
0.00016299999999999998,0.507,221716,0.85,0,0.0,11,0.0812,-4.274,0,61,0.033,153.957,0.545,1
0.0192,0.862,254240,0.624,0,0.000153,3,0.0465,-11.63,1,65,0.0565,124.896,0.882,1
0.938,0.259,175600,0.243,0,8.23e-06,2,0.179,-9.84,1,12,0.0482,186.144,0.13699999999999998,7
0.0050100000000000006,0.27,269920,0.944,0,2.05e-05,4,0.116,-4.199,1,74,0.0975,146.347,0.606,5
0.652,0.716,184000,0.399,0,2.27e-06,3,0.121,-10.277,1,39,0.0345,105.102,0.968,3
0.00882,0.831,267627,0.708,1,2.57e-05,11,0.508,-6.796,1,39,0.35200000000000004,102.199,0.8640000000000001,3
0.968,0.182,192600,0.0592,0,0.0341,3,0.11,-21.381,1,10,0.0361,78.839,0.0737,6
0.125,0.51,314632,0.358,1,3.74e-05,1,0.111,-10.847,1,61,0.0467,136.036,0.171,1
0.994,0.329,162547,0.0284,0,0.00196,2,0.097,-24.7,1,13,0.0558,71.131,0.0697,7
0.0972,0.562,190557,0.7440000000000001,0,0.463,1,0.135,-7.501,0,49,0.039,94.468,0.561,1
0.947,0.409,142867,0.199,0,0.57,10,0.289,-15.909,1,0,0.0526,167.21,0.642,8
0.184,0.688,180808,0.551,1,0.0,0,0.159,-6.299,0,65,0.229,162.118,0.5579999999999999,1
0.777,0.293,231173,0.119,0,3.05e-06,11,0.304,-21.846,0,21,0.0358,96.216,0.202,6
0.905,0.483,197173,0.187,0,4.04e-06,3,0.122,-13.886,1,32,0.0439,179.03099999999995,0.338,7
0.0901,0.6409999999999999,212715,0.5379999999999999,1,0.0,7,0.205,-10.398,1,59,0.245,79.038,0.29600000000000004,1
0.00588,0.326,246560,0.904,0,0.00441,9,0.965,-8.279,1,29,0.0587,138.781,0.7609999999999999,5
0.0731,0.568,209093,0.873,1,0.0,1,0.3670000000000001,-5.22,1,63,0.265,106.783,0.547,1
0.0102,0.705,299960,0.7120000000000001,0,0.0008550000000000001,6,0.1,-6.1560000000000015,1,65,0.0385,97.512,0.62,1
0.227,0.7559999999999999,308200,0.534,0,0.0016300000000000002,1,0.0603,-9.056,1,52,0.0256,111.314,0.386,3
0.675,0.304,281093,0.311,0,0.00195,11,0.12,-9.647,0,62,0.0344,117.68,0.115,1
0.7859999999999999,0.615,153333,0.136,0,0.000123,0,0.224,-15.431,1,14,0.0286,94.85,0.23,7
0.972,0.146,588947,0.0676,0,0.938,7,0.119,-22.171,0,0,0.0421,139.268,0.0364,8
0.943,0.57,164400,0.341,0,0.502,8,0.24,-9.482,1,0,0.222,166.56599999999997,0.784,9
0.875,0.0945,195013,0.382,0,0.902,2,0.0553,-11.390999999999998,1,33,0.0383,60.812,0.069,5
0.606,0.551,210667,0.44,0,3.02e-05,10,0.11,-8.559,1,76,0.0985,167.923,0.341,1
0.939,0.199,137613,0.0815,0,0.713,11,0.0861,-23.619,1,1,0.0534,77.707,0.0995,9
0.00824,0.685,170040,0.913,0,0.0621,9,0.123,-5.785,0,28,0.0453,136.819,0.873,4
0.00488,0.212,200173,0.8809999999999999,0,5.21e-05,6,0.0541,-8.244,1,27,0.0478,185.05,0.8109999999999999,4
0.173,0.43,125187,0.386,0,0.00449,4,0.105,-11.033,1,40,0.0351,176.535,0.654,5
0.799,0.5329999999999999,201560,0.505,0,0.00148,7,0.114,-9.117,0,3,0.038,111.246,0.8320000000000001,7
0.7609999999999999,0.285,305667,0.023,0,0.884,7,0.11,-31.089,0,35,0.041,167.908,0.0903,3
0.421,0.628,291000,0.252,0,0.0,6,0.0315,-18.925,1,44,0.0267,85.065,0.52,4
0.962,0.247,599874,0.234,0,0.588,6,0.45,-10.34,1,3,0.0508,168.321,0.282,8
0.292,0.7829999999999999,199333,0.516,0,0.0,8,0.374,-8.921,0,36,0.491,77.021,0.741,2
0.956,0.28300000000000003,244480,0.0966,0,8.66e-05,9,0.0933,-13.534,1,49,0.038,92.657,0.132,1
0.198,0.7340000000000001,346533,0.5379999999999999,0,0.0,0,0.624,-8.976,1,30,0.0653,102.337,0.439,5
0.00592,0.78,249067,0.7390000000000001,0,6.28e-06,10,0.0518,-6.22,0,31,0.0689,111.49,0.768,4
0.274,0.2,187787,0.32299999999999995,0,0.911,3,0.075,-13.314,1,31,0.0297,186.83900000000003,0.698,6
0.108,0.431,302667,0.562,0,6.25e-06,5,0.128,-8.552999999999999,1,39,0.0384,177.579,0.256,2
0.737,0.509,131573,0.24,0,0.0,5,0.63,-14.302,1,26,0.0742,135.476,0.575,6
0.495,0.457,297800,0.328,0,1.13e-05,2,0.0615,-11.928,1,57,0.0345,121.187,0.329,5
0.48,0.306,46867,0.7240000000000001,1,0.000982,9,0.935,-18.799,0,44,0.0897,114.923,0.0269,2
0.006409999999999999,0.607,126224,0.7490000000000001,1,7.659999999999999e-05,2,0.234,-4.497,1,53,0.0728,121.829,0.18,1
0.395,0.772,97533,0.58,0,0.073,2,0.0815,-11.938,1,10,0.0564,143.062,0.8340000000000001,6
0.0442,0.331,186053,0.775,0,0.061,9,0.0699,-10.71,1,38,0.117,151.201,0.6609999999999999,6
0.247,0.645,301253,0.502,0,0.00027,10,0.151,-9.21,0,21,0.0445,121.64,0.375,5
0.5660000000000001,0.677,216227,0.14,0,0.887,2,0.0909,-21.661,1,27,0.0435,119.092,0.467,5
0.00747,0.6970000000000001,213069,0.769,0,0.0,0,0.0733,-3.712,1,55,0.0626,100.029,0.8220000000000001,1
0.5720000000000001,0.315,211600,0.6709999999999999,0,0.7979999999999999,3,0.128,-10.043,1,20,0.0334,185.932,0.7559999999999999,6
0.112,0.518,192293,0.892,0,0.215,7,0.299,-7.692,1,30,0.0374,171.359,0.726,5
0.995,0.7759999999999999,155120,0.224,0,0.868,6,0.11,-17.457,1,0,0.0707,113.896,0.7859999999999999,10
0.978,0.257,461053,0.109,0,0.00252,9,0.126,-21.635,1,0,0.0443,86.777,0.0611,8
0.000429,0.5820000000000001,202280,0.741,0,0.0681,1,0.281,-6.936,0,55,0.0242,106.503,0.5710000000000001,5
0.00576,0.573,200000,0.977,0,0.0005,0,0.112,-4.4,1,25,0.0474,111.848,0.488,4
0.994,0.45,202106,0.181,0,0.0034,4,0.313,-11.78,1,0,0.13699999999999998,67.33,0.76,9
0.956,0.29600000000000004,198307,0.332,0,0.00012,0,0.165,-10.914,0,12,0.0328,107.708,0.33,7
0.349,0.605,224960,0.885,0,0.00028700000000000004,9,0.151,-5.5920000000000005,1,48,0.0495,92.055,0.742,1
0.81,0.931,306200,0.342,0,0.8540000000000001,2,0.145,-12.472,0,31,0.0613,129.483,0.8290000000000001,4
0.993,0.18,180293,0.21600000000000005,0,0.00961,4,0.38,-17.639,0,0,0.0449,57.709,0.151,7
0.201,0.81,226520,0.82,0,0.0,11,0.13,-3.497,1,74,0.0698,92.999,0.672,0
0.743,0.458,166960,0.16399999999999998,0,0.0,0,0.125,-23.88300000000001,1,53,0.0305,103.289,0.82,6
0.563,0.777,100200,0.303,0,0.0,9,0.19,-23.079,0,0,0.947,110.716,0.444,9
0.949,0.385,127440,0.313,0,4.99e-06,9,0.502,-11.009,1,0,0.136,170.524,0.38,7
0.562,0.715,391400,0.5760000000000001,1,0.000103,7,0.401,-7.06,1,51,0.0696,129.156,0.795,4
0.007909999999999999,0.18,201000,0.895,0,0.000216,6,0.267,-6.442,1,40,0.0894,174.648,0.28800000000000003,2
0.982,0.161,106800,0.199,0,0.963,1,0.331,-16.277,1,3,0.0383,76.995,0.0492,7
0.732,0.677,122000,0.446,0,3.7e-05,2,0.16899999999999998,-12.390999999999998,1,22,0.0608,81.545,0.773,6
0.476,0.643,243827,0.331,0,4.38e-06,4,0.0977,-11.947,1,41,0.0258,107.34,0.326,3
0.496,0.67,321200,0.5670000000000001,0,0.0,7,0.0703,-10.418,1,59,0.0888,95.926,0.883,3
0.971,0.41,172123,0.383,0,0.0,0,0.142,-10.238,1,7,0.0618,100.989,0.313,6
0.994,0.365,164997,0.225,0,0.00406,11,0.273,-8.863999999999997,1,0,0.0432,74.714,0.556,8
0.478,0.632,248813,0.274,0,9.65e-06,0,0.112,-13.502,0,28,0.0453,105.632,0.47,7
0.0139,0.927,307773,0.8320000000000001,0,2.6e-06,10,0.0394,-7.665,0,55,0.0604,115.384,0.958,4
0.969,0.361,184672,0.354,0,0.0,10,0.23,-7.89,1,0,0.0773,74.116,0.62,8
0.51,0.7,254360,0.635,0,0.0,0,0.17,-7.27,0,30,0.0405,99.309,0.938,4
0.84,0.7,195733,0.569,0,0.0279,5,0.181,-11.001,1,6,0.0437,86.446,0.959,7
0.957,0.474,237578,0.136,0,8.28e-05,3,0.105,-13.322,1,18,0.0308,112.708,0.232,7
0.0394,0.773,204867,0.843,0,0.0,11,0.341,-3.8,1,45,0.108,82.025,0.845,2
0.833,0.395,152120,0.335,0,0.00078,4,0.259,-12.083,1,25,0.0292,80.52,0.421,6
0.259,0.807,277413,0.498,0,3.04e-05,10,0.0618,-9.91,0,52,0.0756,99.001,0.857,1
0.984,0.387,170667,0.0248,0,0.0,5,0.17600000000000002,-15.544,1,5,0.0473,167.477,0.102,7
0.664,0.723,129300,0.221,0,0.0,5,0.336,-16.33,1,1,0.962,90.825,0.408,7
0.588,0.605,153413,0.404,0,0.00143,4,0.104,-12.366,1,48,0.0256,94.285,0.867,5
0.991,0.4920000000000001,185156,0.44,0,0.00429,1,0.6890000000000001,-9.499,0,0,0.0549,110.069,0.541,9
0.954,0.195,103533,0.17800000000000002,0,5.21e-06,9,0.128,-12.771,1,27,0.0329,166.83900000000003,0.0753,4
0.605,0.662,123900,0.189,0,0.0,9,0.14,-21.247,0,0,0.948,93.75,0.701,9
0.0909,0.5770000000000001,218933,0.458,0,0.0,7,0.156,-8.08,1,45,0.0239,90.572,0.376,4
0.0032700000000000003,0.491,247707,0.606,0,7.97e-06,7,0.341,-10.172,1,34,0.0377,123.025,0.669,5
0.736,0.464,174400,0.867,0,0.5429999999999999,0,0.386,-7.9860000000000015,0,3,0.135,119.664,0.4970000000000001,10
0.417,0.51,282707,0.35,0,0.0,0,0.138,-13.015,1,18,0.0274,94.272,0.363,6
0.995,0.565,197000,0.265,0,0.904,1,0.121,-18.183,1,0,0.0702,148.822,0.962,9
0.951,0.705,152267,0.23,0,0.0,7,0.189,-10.82,0,3,0.0433,139.58700000000002,0.639,9
0.32,0.6809999999999999,191093,0.8540000000000001,0,0.00759,0,0.342,-6.643,1,31,0.0802,129.876,0.966,5
0.8290000000000001,0.579,196267,0.388,0,7.83e-06,3,0.238,-8.66,1,34,0.0491,83.73,0.902,3
0.996,0.7290000000000001,188493,0.188,0,0.7070000000000001,6,0.111,-12.582,1,0,0.379,152.001,0.911,9
0.16399999999999998,0.623,146760,0.328,0,0.0,2,0.111,-13.369000000000002,1,29,0.0542,124.43,0.664,4
0.5770000000000001,0.6409999999999999,183827,0.235,0,0.0,1,0.34600000000000003,-13.078,1,16,0.0347,111.082,0.634,6
0.00907,0.439,279907,0.867,0,8.93e-06,4,0.679,-7.722,1,48,0.0618,129.10299999999998,0.318,3
0.936,0.64,204373,0.433,0,0.84,4,0.0851,-11.156,0,2,0.0339,94.853,0.631,9
0.00221,0.32,533000,0.6920000000000001,0,0.194,4,0.119,-9.297,1,36,0.0362,79.665,0.355,3
0.633,0.529,497160,0.266,0,0.0,2,0.104,-10.451,1,31,0.0415,125.337,0.223,6
0.362,0.73,221133,0.602,0,3.69e-06,6,0.16899999999999998,-3.782,0,66,0.206,97.954,0.927,2
0.943,0.428,162333,0.18600000000000005,0,3.83e-05,3,0.108,-12.286,1,46,0.0275,78.62899999999998,0.4970000000000001,6
0.5479999999999999,0.507,145933,0.561,0,0.0,7,0.59,-10.472,1,48,0.0353,120.042,0.89,6
0.948,0.368,160813,0.0967,0,0.611,10,0.0888,-24.94,1,7,0.0273,82.37200000000001,0.299,7
0.484,0.637,214720,0.8640000000000001,0,0.0,8,0.222,-4.381,1,72,0.0468,99.995,0.706,1
0.00223,0.77,247533,0.6859999999999999,0,2.03e-06,11,0.34700000000000003,-6.596,0,53,0.168,100.53,0.657,2
0.471,0.708,145507,0.67,0,0.0314,3,0.0631,-8.142000000000001,1,46,0.029,117.149,0.94,6
0.873,0.495,145240,0.313,0,0.902,0,0.4320000000000001,-11.999,1,0,0.0324,106.279,0.423,7
0.28,0.546,179000,0.385,0,2.94e-06,9,0.198,-11.47,0,25,0.0271,125.3,0.29100000000000004,5
0.194,0.5579999999999999,213693,0.581,0,0.0,9,0.0788,-12.214,1,22,0.0251,156.15200000000004,0.961,4
0.961,0.612,129320,0.0546,0,2.71e-05,5,0.109,-15.394,1,0,0.27,75.34899999999998,0.631,7
0.482,0.633,179920,0.912,0,0.0,5,0.134,-2.5580000000000003,1,49,0.0669,100.042,0.779,1
0.225,0.818,366587,0.894,0,0.0,11,0.146,-7.247999999999997,0,34,0.0853,119.777,0.892,4
0.823,0.614,111387,0.516,0,5.89e-06,4,0.343,-11.754,1,21,0.0536,140.056,0.96,6
0.972,0.736,172400,0.262,0,0.3670000000000001,7,0.0729,-18.725,0,0,0.0618,111.333,0.8190000000000001,9
0.00183,0.938,201707,0.5,1,0.0,4,0.077,-10.08,0,69,0.14400000000000002,140.011,0.462,1
0.244,0.76,206560,0.7609999999999999,0,0.05,4,0.368,-6.816,1,48,0.0452,119.627,0.943,5
0.838,0.5870000000000001,182307,0.272,0,0.0,7,0.0913,-14.258,1,9,0.0445,161.305,0.74,7
0.818,0.5479999999999999,153333,0.607,0,7.69e-06,1,0.0497,-6.867000000000001,1,27,0.052000000000000005,122.943,0.8420000000000001,5
0.983,0.7609999999999999,177893,0.275,0,0.000183,9,0.107,-14.31,0,15,0.0956,139.67700000000002,0.8,7
0.708,0.5670000000000001,133600,0.562,0,2.02e-05,11,0.133,-9.881,1,29,0.0279,97.781,0.802,6
0.993,0.438,199587,0.0578,0,0.906,8,0.14,-16.647000000000002,0,0,0.0565,67.294,0.341,8
0.0515,0.772,129133,0.7390000000000001,0,2.64e-06,2,0.0581,-12.673,1,30,0.0474,108.289,0.963,4
0.667,0.198,168213,0.4320000000000001,0,2.36e-05,6,0.6829999999999999,-10.072,1,51,0.0333,202.401,0.736,6
0.0562,0.594,240493,0.596,0,0.0293,11,0.0917,-10.483,0,31,0.0357,142.597,0.889,5
0.208,0.633,356520,0.858,0,0.0114,11,0.0655,-7.42,0,64,0.0473,102.559,0.725,2
0.00045,0.449,149333,0.975,0,0.0,10,0.14,-2.789,0,44,0.0582,178.06900000000005,0.785,3
0.000226,0.5579999999999999,332045,0.877,0,0.0015,9,0.0694,-8.274,1,40,0.0559,116.983,0.377,3
0.996,0.55,178173,0.295,0,0.785,2,0.244,-13.786,1,0,0.0778,85.96799999999998,0.463,8
0.862,0.0916,247507,0.104,0,0.897,5,0.255,-20.199,1,40,0.0407,86.803,0.0364,5
0.0585,0.8079999999999999,228140,0.982,0,0.00689,3,0.35,-6.587999999999999,0,59,0.0311,124.999,0.961,3
0.264,0.809,189866,0.877,0,0.0,1,0.3,-2.9730000000000003,0,3,0.0438,126.977,0.8190000000000001,0
0.17800000000000002,0.575,301627,0.7879999999999999,0,4.72e-05,2,0.11,-3.66,1,60,0.0228,91.853,0.436,2
0.894,0.478,247373,0.635,0,0.0,1,0.4920000000000001,-9.332,0,14,0.0975,111.178,0.5429999999999999,6
0.212,0.321,239600,0.228,0,4.67e-05,0,0.373,-14.45,1,28,0.0312,133.425,0.276,5
0.99,0.54,300460,0.201,0,0.0131,9,0.317,-14.089,1,1,0.0658,96.799,0.8270000000000001,9
0.97,0.617,375693,0.343,0,0.931,10,0.0763,-16.329,1,37,0.0378,104.271,0.841,6
0.29600000000000004,0.7190000000000001,152480,0.265,1,0.0865,2,0.108,-12.782,1,67,0.0754,80.021,0.273,1
0.987,0.249,512013,0.108,0,0.7440000000000001,4,0.191,-21.167,1,0,0.0435,79.78399999999998,0.0693,9
0.448,0.774,74600,0.6629999999999999,0,2.53e-05,6,0.257,-11.815,1,10,0.111,126.635,0.855,7
0.359,0.262,166667,0.404,0,0.0,0,0.417,-10.56,0,13,0.0305,198.906,0.53,6
0.988,0.256,142533,0.0254,0,0.0,4,0.195,-20.048,0,5,0.0337,84.934,0.0392,7
0.202,0.501,258227,0.44,0,0.00145,9,0.107,-14.466,1,32,0.0372,82.48899999999998,0.868,4
0.47,0.7120000000000001,113100,0.128,1,0.0,11,0.4370000000000001,-17.785,0,0,0.905,89.65899999999998,0.657,9
0.111,0.767,316138,0.8690000000000001,0,0.0688,9,0.0815,-7.322999999999999,0,64,0.0334,124.254,0.8490000000000001,3
0.985,0.465,169173,0.0778,0,0.494,9,0.111,-16.366,0,20,0.0338,133.045,0.0675,5
0.6890000000000001,0.594,288067,0.285,0,0.000172,8,0.157,-11.849,1,17,0.0403,96.908,0.654,7
0.0453,0.329,366320,0.557,0,1.25e-05,6,0.166,-6.952000000000001,1,52,0.0433,90.022,0.218,1
0.992,0.701,179507,0.266,0,0.415,3,0.24,-14.107,1,0,0.152,114.907,0.937,9
0.956,0.415,397000,0.294,0,0.00014199999999999998,9,0.13699999999999998,-11.03,0,15,0.0362,139.76,0.38,6
0.956,0.19,175227,0.524,0,0.000155,9,0.525,-7.629,0,0,0.0432,63.005,0.402,7
0.903,0.426,211333,0.179,0,0.00392,2,0.129,-16.334,1,33,0.0306,73.16199999999998,0.0646,4
0.145,0.648,158290,0.545,0,4.71e-05,9,0.109,-8.145,1,33,0.0518,130.548,0.925,3
0.0485,0.602,172867,0.7440000000000001,0,1.43e-06,2,0.111,-6.352,1,49,0.0319,116.905,0.645,1
0.173,0.7709999999999999,166800,0.6859999999999999,0,0.0,6,0.103,-11.05,1,39,0.0284,124.621,0.962,3
0.0564,0.7809999999999999,196533,0.747,1,0.0,11,0.355,-4.754,1,41,0.0862,82.005,0.44,1
0.944,0.387,196613,0.463,0,0.233,4,0.22,-10.956,1,0,0.038,109.984,0.411,8
0.966,0.379,549120,0.14800000000000002,0,0.000202,10,0.0806,-18.577,1,0,0.0581,123.187,0.0694,8
0.35200000000000004,0.762,193314,0.622,1,0.0,5,0.145,-6.2929999999999975,0,70,0.223,130.019,0.626,0
0.0421,0.379,211453,0.879,0,0.00449,1,0.146,-4.336,0,61,0.0362,102.021,0.37,1
0.131,0.6559999999999999,98098,0.197,1,0.0,2,0.319,-21.091,1,0,0.952,87.977,0.636,10
0.877,0.59,187000,0.416,0,0.897,1,0.0993,-10.681,1,1,0.0888,181.331,0.866,9
0.994,0.499,183933,0.266,0,0.8909999999999999,10,0.11,-21.114,1,45,0.0514,175.392,0.8540000000000001,2
0.0884,0.5539999999999999,309960,0.37,0,0.000179,8,0.101,-16.957,0,33,0.0316,149.914,0.397,3
0.00355,0.794,269640,0.695,1,0.0,1,0.0883,-6.692,1,46,0.15,108.071,0.364,2
0.738,0.517,146867,0.383,0,0.6509999999999999,7,0.113,-13.413,1,29,0.085,74.507,0.546,5
0.8590000000000001,0.524,197787,0.287,0,9.41e-06,0,0.189,-15.335,1,27,0.0326,124.534,0.349,4
0.0133,0.29600000000000004,614200,0.471,0,0.833,0,0.376,-13.293,1,42,0.0375,117.268,0.0361,2
0.546,0.8109999999999999,160827,0.447,0,0.0,2,0.0615,-11.298,0,34,0.0433,111.435,0.92,3
0.665,0.604,331067,0.439,0,0.0,8,0.139,-11.943,1,48,0.0363,148.243,0.406,4
0.97,0.338,599667,0.191,0,0.239,10,0.113,-14.669,1,0,0.0316,97.202,0.194,7
0.264,0.518,264267,0.7490000000000001,0,1.04e-05,9,0.0876,-8.984,1,31,0.205,144.174,0.965,4
0.963,0.411,443627,0.132,0,0.00338,6,0.292,-21.227,1,33,0.0533,89.404,0.628,4
0.6990000000000001,0.741,152573,0.218,0,0.0,9,0.08199999999999999,-18.478,0,0,0.204,140.381,0.6829999999999999,9
0.972,0.467,180200,0.0328,0,0.000929,3,0.111,-17.611,0,8,0.0442,110.666,0.145,6
0.00386,0.409,81267,0.901,0,0.0,2,0.343,-8.372,1,24,0.053,90.12,0.7070000000000001,4
0.841,0.569,417907,0.302,0,0.159,4,0.0645,-14.133,0,37,0.0412,142.832,0.643,4
0.982,0.659,156693,0.314,0,0.00293,8,0.147,-17.893,1,0,0.0545,113.794,0.393,10
0.8029999999999999,0.639,907157,0.221,0,0.0,10,0.22,-18.517,0,0,0.965,85.93799999999996,0.574,9
2.42e-05,0.401,382427,0.778,0,0.14400000000000002,9,0.281,-7.773,0,48,0.0437,131.145,0.721,5
0.545,0.5529999999999999,147440,0.508,0,0.00227,9,0.316,-10.768,1,25,0.0285,114.863,0.804,6
0.929,0.695,138259,0.16899999999999998,0,0.0,9,0.5770000000000001,-15.928,1,0,0.263,106.776,0.946,8
0.981,0.355,160704,0.18,0,0.036000000000000004,10,0.184,-12.666,1,1,0.0568,88.855,0.339,10
0.00178,0.674,121160,0.789,0,0.0071,8,0.0754,-6.903,1,74,0.0676,129.804,0.918,3
0.274,0.632,120200,0.282,0,0.0,11,0.18600000000000005,-16.668,0,1,0.955,82.69200000000002,0.478,7
0.463,0.583,152133,0.457,0,0.8,10,0.0876,-13.339,1,34,0.0318,122.464,0.84,3
0.8590000000000001,0.454,67653,0.395,0,0.0,0,0.6709999999999999,-14.572,0,49,0.0778,107.724,0.5329999999999999,3
0.983,0.429,214493,0.334,0,0.526,11,0.312,-9.644,0,0,0.0695,170.532,0.8190000000000001,9
0.847,0.601,151173,0.275,0,0.00979,2,0.108,-15.406,1,14,0.0319,87.77600000000002,0.71,7
0.992,0.499,324133,0.0695,0,0.894,11,0.151,-22.524,0,0,0.0601,68.67,0.146,9
0.102,0.293,291133,0.614,0,0.0112,2,0.528,-8.225,1,31,0.0288,94.754,0.34,5
0.362,0.61,245013,0.746,1,0.0,1,0.191,-6.384,0,50,0.29100000000000004,96.098,0.677,2
0.782,0.414,211867,0.574,0,0.045,5,0.274,-7.325,0,40,0.0363,86.24700000000001,0.843,6
0.00869,0.6809999999999999,213133,0.633,0,0.049,7,0.0848,-9.997,1,43,0.0352,129.591,0.954,6
0.0297,0.584,204387,0.813,0,0.000197,6,0.272,-7.221,1,56,0.0582,95.081,0.774,1
0.56,0.619,184280,0.459,0,0.0,7,0.13699999999999998,-5.782,0,80,0.0334,126.803,0.498,1
0.000127,0.7809999999999999,408307,0.731,0,3.06e-05,6,0.235,-12.277,1,50,0.0565,102.398,0.7170000000000001,4
0.8420000000000001,0.404,96987,0.67,0,0.0,8,0.133,-8.626,1,37,0.29,175.916,0.912,6
0.209,0.471,360400,0.474,0,0.0,1,0.349,-10.413,1,44,0.0356,99.692,0.5489999999999999,5
0.887,0.256,461427,0.369,0,0.88,6,0.0722,-12.531,1,0,0.0314,84.97399999999998,0.18,8
0.00146,0.202,271067,0.92,0,0.58,11,0.924,-7.737,0,32,0.0914,135.096,0.33,5
0.983,0.5429999999999999,175893,0.182,0,0.000171,5,0.258,-14.45,0,8,0.0537,142.312,0.597,9
0.901,0.595,60333,0.0386,0,0.0117,7,0.7240000000000001,-22.621,1,0,0.363,85.29899999999998,0.8109999999999999,7
0.29,0.853,343613,0.785,0,0.0,8,0.0589,-6.08,1,50,0.0619,106.046,0.7859999999999999,2
0.994,0.45,195600,0.175,0,0.93,5,0.145,-19.72,1,0,0.0671,71.994,0.56,7
0.977,0.171,141533,0.18600000000000005,0,0.389,2,0.635,-15.257,1,0,0.0363,83.535,0.132,8
0.575,0.34600000000000003,478173,0.335,0,0.00674,7,0.185,-12.453,1,68,0.0339,84.204,0.213,5
0.985,0.301,203376,0.227,0,0.7879999999999999,2,0.237,-13.292,1,0,0.04,103.275,0.262,10
0.6859999999999999,0.236,316680,0.281,0,3.89e-06,1,0.138,-6.37,1,28,0.034,81.502,0.105,5
0.95,0.4320000000000001,298333,0.0609,0,0.0622,0,0.188,-19.073,1,0,0.0469,138.03,0.364,9
0.963,0.612,187324,0.243,0,0.00104,7,0.19,-14.848,1,0,0.108,84.295,0.7440000000000001,8
0.013,0.7,223107,0.701,0,0.0,11,0.461,-3.834,0,66,0.161,93.012,0.38,1
0.24,0.618,275493,0.907,0,0.001,2,0.272,-7.351,1,10,0.0429,120.604,0.898,7
0.00371,0.374,269760,0.759,0,0.0174,2,0.104,-6.871,0,55,0.0261,165.415,0.289,3
0.989,0.43,197907,0.139,0,0.273,0,0.127,-18.203,1,0,0.0494,70.21300000000001,0.333,8
0.049,0.8079999999999999,315293,0.6,0,2.36e-05,4,0.139,-7.41,0,53,0.142,97.939,0.691,3
0.989,0.7140000000000001,181527,0.187,0,0.00259,8,0.3720000000000001,-10.108,1,0,0.755,111.219,0.7859999999999999,7
0.988,0.38,177800,0.204,0,0.895,6,0.128,-17.373,1,0,0.045,149.882,0.262,9
0.486,0.73,210938,0.618,1,0.0,1,0.102,-8.185,1,57,0.329,128.113,0.19,1
0.0513,0.733,159670,0.389,1,0.0,10,0.141,-8.468,0,82,0.0738,157.878,0.244,1
0.994,0.626,204093,0.239,0,0.787,3,0.262,-14.514,1,0,0.183,118.241,0.789,10
0.993,0.7040000000000001,69667,0.44,0,0.954,6,0.147,-22.294,1,1,0.0545,143.414,0.952,7
0.889,0.157,296200,0.38,0,0.105,1,0.0617,-9.553,1,34,0.0341,91.223,0.05,4
0.000858,0.21600000000000005,425623,0.953,0,0.457,4,0.442,-7.691,0,27,0.2,152.91299999999995,0.255,4
0.0138,0.631,400187,0.684,0,0.925,7,0.223,-7.572999999999999,0,48,0.0436,129.961,0.235,1
0.93,0.255,274080,0.106,0,8e-06,5,0.0966,-21.193,1,20,0.0425,91.614,0.113,6
0.899,0.257,181480,0.409,0,0.00293,7,0.109,-10.828,0,52,0.0363,145.759,0.0794,2
0.276,0.7859999999999999,261773,0.6859999999999999,0,0.6679999999999999,4,0.0416,-7.18,1,60,0.0289,119.997,0.542,1
0.992,0.285,44040,0.0892,0,0.8740000000000001,6,0.122,-28.054,0,0,0.0358,66.789,0.589,10
0.7929999999999999,0.6859999999999999,163840,0.481,0,0.0,4,0.21600000000000005,-12.25,1,46,0.045,144.862,0.902,5
0.385,0.441,347467,0.562,0,3.61e-05,0,0.7929999999999999,-9.053,1,56,0.0323,137.16299999999998,0.259,3
0.93,0.456,186627,0.124,0,2.05e-06,9,0.11,-17.432000000000002,1,20,0.065,133.64700000000002,0.192,7
0.856,0.621,213400,0.203,0,0.105,10,0.109,-16.882,1,30,0.0376,132.608,0.391,6
0.523,0.431,164547,0.54,0,1.34e-06,9,0.16899999999999998,-9.6,0,58,0.0589,139.28799999999998,0.44,6
0.342,0.475,171240,0.848,0,1.22e-05,10,0.138,-4.433,1,26,0.104,132.703,0.677,5
0.968,0.5379999999999999,167667,0.313,0,1.47e-06,0,0.0859,-8.904,1,1,0.0317,80.211,0.625,8
0.6709999999999999,0.773,143667,0.631,0,0.0,5,0.123,-8.454,0,24,0.0528,123.194,0.88,4
0.0557,0.436,190933,0.565,0,0.0,4,0.244,-7.268,1,55,0.0294,112.169,0.5820000000000001,3
0.263,0.722,255093,0.525,0,0.0189,2,0.139,-9.38,1,46,0.0298,114.0,0.349,2
0.8440000000000001,0.63,178808,0.17600000000000002,0,0.000713,2,0.128,-12.272,1,1,0.0358,103.92,0.4920000000000001,8
0.293,0.8959999999999999,193776,0.615,1,0.0,6,0.122,-9.326,0,62,0.326,140.04,0.89,1
0.172,0.406,249160,0.705,0,0.00113,2,0.328,-8.343,1,43,0.0286,121.607,0.894,5
0.889,0.331,198693,0.4970000000000001,0,0.0,5,0.174,-5.567,0,0,0.0335,90.066,0.375,8
0.253,0.912,196520,0.607,0,0.464,6,0.152,-7.957000000000002,0,34,0.122,111.363,0.385,6
0.336,0.6409999999999999,202507,0.715,0,0.00505,2,0.6940000000000001,-9.17,0,51,0.0469,116.406,0.675,3
0.775,0.797,219150,0.67,1,0.913,5,0.124,-6.216,0,56,0.16699999999999998,159.891,0.748,1
0.98,0.155,955960,0.0902,0,0.342,0,0.263,-21.935,1,0,0.0384,51.651,0.0471,9
0.8909999999999999,0.431,181400,0.34600000000000003,0,0.0172,10,0.253,-15.507,0,0,0.0386,94.756,0.469,8
0.0583,0.638,335600,0.472,0,0.355,8,0.388,-14.739,1,29,0.0351,156.748,0.188,4
0.994,0.69,182067,0.4270000000000001,0,0.845,10,0.248,-13.525,1,0,0.0406,105.231,0.76,10
0.252,0.422,215301,0.6659999999999999,0,0.0,9,0.91,-11.112,1,31,0.0313,166.898,0.905,5
0.29,0.63,346733,0.366,0,0.0,11,0.25,-17.24,1,12,0.948,84.60799999999998,0.779,9
0.974,0.487,171200,0.318,0,0.00307,11,0.264,-10.285,1,0,0.0336,96.495,0.415,8
0.00255,0.561,275587,0.932,0,0.0,5,0.14400000000000002,-5.563,1,43,0.0614,103.04,0.586,2
0.328,0.6,223687,0.493,0,0.0,4,0.181,-5.2,1,40,0.0283,117.493,0.7190000000000001,2
0.988,0.448,182773,0.302,0,0.051,10,0.118,-14.347,1,0,0.0775,142.80700000000004,0.575,7
0.8009999999999999,0.701,195133,0.908,0,0.0444,5,0.12,-8.244,1,38,0.0332,119.293,0.903,6
0.53,0.648,166467,0.253,0,0.0,1,0.0773,-11.456,1,27,0.0296,81.03399999999998,0.503,6
0.985,0.29600000000000004,164933,0.18600000000000005,0,2.65e-05,5,0.711,-14.078,1,0,0.0365,83.089,0.162,7
0.226,0.72,274893,0.716,0,0.00335,9,0.0932,-8.773,1,63,0.0723,144.376,0.953,6
0.0458,0.716,250507,0.47,0,1.16e-05,6,0.197,-12.056,0,49,0.0277,118.824,0.662,4
8.45e-05,0.486,270133,0.911,0,0.00364,5,0.613,-4.18,1,30,0.0443,126.393,0.362,3
0.029,0.768,154489,0.45,0,0.935,4,0.227,-15.771,1,0,0.32299999999999995,95.219,0.4,9
0.0172,0.757,203133,0.6729999999999999,0,0.000828,0,0.114,-6.823,1,49,0.0279,110.136,0.6609999999999999,3
0.387,0.329,167720,0.412,0,2.55e-06,8,0.102,-15.903,0,23,0.0411,172.88099999999997,0.609,5
0.000451,0.62,329840,0.883,0,0.37,9,0.0574,-5.6679999999999975,1,35,0.0358,145.987,0.7659999999999999,3
0.149,0.637,221387,0.274,0,0.0,7,0.125,-13.073,1,34,0.399,127.84,0.691,4
0.434,0.687,183253,0.518,0,0.0,10,0.047,-8.71,1,42,0.0313,105.136,0.961,3
0.995,0.34,220447,0.24,0,0.6990000000000001,8,0.241,-15.481,1,0,0.1,71.168,0.177,7
0.154,0.6559999999999999,212693,0.527,0,7.03e-05,3,0.101,-8.862,1,23,0.0365,83.941,0.77,4
0.925,0.645,198000,0.445,0,0.0198,7,0.155,-8.517999999999999,1,0,0.0474,111.12,0.923,8
0.127,0.662,229360,0.949,0,0.0,6,0.135,-4.758,1,69,0.108,91.954,0.515,2
0.17,0.941,209640,0.335,1,0.0,5,0.262,-10.179,0,76,0.505,120.041,0.7070000000000001,1
0.901,0.727,159507,0.285,0,0.0,2,0.141,-14.098,1,41,0.0457,120.195,0.759,8
0.679,0.404,346267,0.205,0,2.410000000000001e-05,1,0.109,-15.242,1,40,0.0381,112.905,0.207,4
0.983,0.8029999999999999,190032,0.389,0,0.919,8,0.203,-11.215,1,0,0.0807,123.675,0.962,8
0.0571,0.384,225493,0.8109999999999999,0,0.00215,7,0.16899999999999998,-5.063,0,30,0.0903,127.655,0.586,6
0.994,0.713,188828,0.215,0,0.0318,7,0.119,-17.675,1,0,0.139,113.663,0.733,9
0.8109999999999999,0.45,474693,0.501,0,0.103,7,0.128,-12.654000000000002,0,35,0.0297,93.081,0.42,4
0.986,0.617,179267,0.301,0,0.862,5,0.0858,-12.571,1,10,0.103,166.34900000000005,0.713,10
0.0114,0.606,307676,0.848,0,1.06e-06,11,0.206,-3.952,1,74,0.184,170.01,0.54,1
0.994,0.407,181400,0.058,0,0.6729999999999999,8,0.0886,-16.607,1,0,0.0727,74.732,0.3720000000000001,9
0.0008210000000000001,0.408,305053,0.674,0,0.0,2,0.134,-8.882,1,49,0.0297,128.974,0.422,2
0.941,0.5710000000000001,173720,0.165,0,0.0,2,0.131,-19.568,0,19,0.0376,133.175,0.703,6
0.7390000000000001,0.498,201440,0.365,0,0.0,0,0.132,-10.61,1,43,0.0372,132.673,0.595,2
0.958,0.328,199493,0.147,0,0.8690000000000001,2,0.109,-19.081,1,30,0.0384,124.029,0.158,5
0.728,0.838,110493,0.213,0,0.0,9,0.0882,-12.69,1,23,0.0413,95.674,0.926,4
0.152,0.695,185351,0.78,0,0.000109,7,0.119,-6.847,1,42,0.0515,95.691,0.77,4
0.747,0.542,568267,0.198,0,0.0579,7,0.195,-13.797,1,9,0.0396,131.311,0.379,7
0.061,0.5920000000000001,157987,0.7959999999999999,0,0.0,7,0.131,-8.125,1,48,0.0429,136.675,0.7,6
0.00399,0.696,196653,0.853,1,0.0,2,0.0843,-4.122,1,51,0.237,92.976,0.685,1
0.532,0.799,147307,0.48,0,0.0,7,0.033,-10.347,1,42,0.123,108.348,0.747,2
0.75,0.396,233000,0.362,0,0.0,4,0.535,-6.8870000000000005,0,54,0.0314,76.436,0.375,2
0.00119,0.556,213697,0.8809999999999999,0,0.0,7,0.0709,-2.224,1,64,0.08199999999999999,104.973,0.337,1
0.0804,0.826,401560,0.703,0,0.0119,9,0.054000000000000006,-7.102,0,27,0.0375,112.754,0.622,4
0.0133,0.62,216627,0.604,0,0.102,7,0.104,-9.088,0,38,0.0261,126.576,0.857,5
0.00309,0.199,231000,0.69,0,0.586,9,0.196,-9.313,0,23,0.0352,165.25099999999995,0.612,6
0.172,0.8270000000000001,159267,0.952,0,0.00043,0,0.228,-7.4529999999999985,1,53,0.0314,121.192,0.971,6
0.992,0.269,153293,0.158,0,0.851,8,0.182,-19.628,1,0,0.035,61.51,0.182,8
0.957,0.6970000000000001,192360,0.185,0,0.537,2,0.31,-12.07,1,0,0.0414,140.136,0.5920000000000001,9
0.872,0.513,195402,0.7490000000000001,0,0.000109,3,0.0586,-6.947,1,0,0.0369,144.455,0.974,7
0.339,0.858,309867,0.804,1,1.7899999999999998e-05,6,0.189,-6.0310000000000015,0,35,0.136,115.027,0.369,2
0.982,0.26,126240,0.313,0,0.396,3,0.0679,-12.447,1,0,0.0304,76.735,0.282,8
3.2299999999999986e-05,0.429,239133,0.994,1,0.392,0,0.0959,-1.208,1,42,0.181,116.277,0.28600000000000003,2
0.0257,0.828,205867,0.564,1,0.0,7,0.0966,-7.084,1,62,0.254,120.967,0.467,1
0.733,0.5870000000000001,146693,0.38,0,8.76e-06,0,0.393,-8.912,0,43,0.0251,85.214,0.638,3
0.109,0.15,243864,0.973,0,0.974,1,0.8109999999999999,-18.407,1,60,0.0784,72.983,0.0237,1
0.145,0.725,328867,0.532,0,0.0,7,0.0317,-12.917,1,32,0.0306,131.131,0.99,5
0.995,0.8640000000000001,170213,0.0599,0,0.182,2,0.111,-17.89,1,0,0.0799,114.408,0.752,10
0.363,0.622,195467,0.6920000000000001,0,0.00015800000000000002,7,0.193,-6.97,1,71,0.0276,112.053,0.774,3
0.036000000000000004,0.316,201240,0.7390000000000001,0,0.0,0,0.187,-5.843,1,50,0.0338,174.903,0.371,2
0.269,0.91,375320,0.954,0,0.449,0,0.0948,-6.75,0,37,0.0598,125.119,0.926,5
0.996,0.339,148840,0.0203,0,0.792,6,0.0781,-27.867,0,0,0.0572,78.161,0.0352,8
0.203,0.39,233693,0.333,0,0.000177,7,0.408,-11.375,1,40,0.0273,102.765,0.172,2
0.76,0.334,229187,0.109,0,0.0,10,0.2,-20.754,1,25,0.0417,70.738,0.315,6
0.00615,0.48,185107,0.413,0,0.0,4,0.159,-15.478,1,36,0.0324,173.96900000000005,0.7879999999999999,3
0.71,0.324,70667,0.3720000000000001,0,0.878,2,0.16899999999999998,-29.32,0,5,0.368,65.488,0.17600000000000002,7
0.695,0.44,205240,0.418,0,0.0,0,0.204,-12.568,1,35,0.0252,89.286,0.446,6
0.952,0.395,219573,0.0844,0,0.0068,7,0.0756,-20.392,1,42,0.0482,83.99799999999998,0.175,5
0.845,0.26,288436,0.279,0,3.94e-05,2,0.105,-11.095,0,56,0.0399,74.86,0.0526,1
0.103,0.753,345507,0.421,0,4.03e-05,7,0.139,-6.988,1,57,0.0551,140.031,0.134,2
0.00132,0.339,181173,0.969,0,2.44e-06,6,0.191,-4.079,1,34,0.0784,133.664,0.3670000000000001,3
0.256,0.6829999999999999,191160,0.623,1,0.0,2,0.113,-5.859,0,62,0.0703,154.058,0.495,1
0.0304,0.211,327000,0.5579999999999999,0,0.0,3,0.0978,-6.232,1,61,0.041,143.452,0.317,1
0.738,0.574,240560,0.467,0,0.0,1,0.149,-6.374,1,59,0.0381,131.89,0.256,3
0.0034100000000000003,0.386,188133,0.711,0,0.000118,2,0.084,-12.448,1,51,0.0361,160.19299999999996,0.7709999999999999,4
0.0907,0.594,138667,0.8190000000000001,0,0.845,1,0.0613,-11.067,1,45,0.0378,101.29,0.6609999999999999,6
0.797,0.3720000000000001,258360,0.295,0,0.552,9,0.0977,-10.949000000000002,0,51,0.0315,111.871,0.054000000000000006,2
0.653,0.345,121400,0.526,0,0.0,10,0.124,-9.447,1,5,0.0447,204.203,0.805,7
0.871,0.58,164533,0.406,0,0.217,5,0.322,-13.695,0,11,0.0529,119.7,0.909,7
0.794,0.237,191573,0.344,0,0.000465,5,0.476,-9.523,1,1,0.0351,110.224,0.399,8
0.261,0.468,181200,0.238,0,0.000544,0,0.163,-19.867,1,26,0.0304,143.57299999999995,0.5589999999999999,4
0.121,0.418,133267,0.366,0,0.0,0,0.328,-14.939,1,13,0.0374,113.603,0.378,6
0.000994,0.7959999999999999,213613,0.5820000000000001,0,0.094,9,0.124,-12.800999999999998,0,25,0.066,130.319,0.614,4
0.662,0.545,161413,0.7020000000000001,0,0.23,1,0.21,-11.965,1,30,0.0315,111.298,0.537,6
0.591,0.597,115160,0.5329999999999999,0,0.0,5,0.468,-8.496,1,12,0.191,120.593,0.7390000000000001,6
0.000767,0.476,222253,0.967,0,0.0,10,0.297,-3.255,0,45,0.16,110.057,0.575,2
9.79e-05,0.245,394467,0.961,1,0.00433,2,0.16399999999999998,-4.223,0,57,0.0852,96.0,0.574,2
0.139,0.48,743800,0.621,0,0.34700000000000003,4,0.0736,-8.592,0,30,0.0501,92.098,0.643,5
0.992,0.521,201000,0.114,0,0.95,7,0.105,-20.483,1,9,0.0354,127.983,0.36,7
0.394,0.464,151213,0.371,0,1.11e-06,2,0.0956,-7.348,1,48,0.0319,138.898,0.331,1
0.72,0.443,175827,0.294,0,0.000149,7,0.0997,-14.800999999999998,1,48,0.0296,115.376,0.4920000000000001,6
0.175,0.679,228627,0.812,0,8.04e-06,5,0.1,-6.549,1,55,0.0266,140.467,0.775,2
0.821,0.742,214188,0.34600000000000003,0,1.78e-06,0,0.386,-21.339,0,23,0.0365,151.063,0.969,5
0.917,0.424,228987,0.34,0,0.00283,3,0.162,-7.721,1,13,0.0313,127.817,0.184,6
0.981,0.368,380853,0.337,0,0.925,5,0.121,-16.22,0,0,0.0354,141.19,0.404,9
0.162,0.775,208975,0.542,1,0.0,0,0.14,-7.532,1,67,0.474,112.456,0.326,0
0.254,0.6559999999999999,270933,0.532,0,1.35e-06,1,0.31,-12.547,1,35,0.0406,178.767,0.902,3
0.976,0.24,236493,0.128,0,0.16399999999999998,3,0.145,-23.884,0,30,0.0468,80.953,0.0547,3
0.514,0.41,206600,0.217,0,4.28e-06,11,0.11,-15.843,1,36,0.0283,89.288,0.197,5
0.197,0.6559999999999999,248707,0.477,0,2.31e-06,4,0.249,-15.946,0,27,0.0469,114.759,0.652,3
0.112,0.135,220742,0.999,0,0.997,2,0.813,-18.009,1,68,0.0485,77.501,1e-05,1
0.000679,0.428,302360,0.947,0,0.0563,10,0.262,-8.516,0,46,0.0751,102.335,0.223,4
0.298,0.298,237584,0.674,0,0.0,2,0.0453,-9.176,0,35,0.0496,208.18,0.375,5
0.326,0.376,342000,0.736,0,0.105,4,0.107,-9.438,0,54,0.0412,185.12,0.7959999999999999,3
0.7509999999999999,0.503,147400,0.468,0,1.35e-05,0,0.231,-11.133,1,40,0.033,136.833,0.561,6
0.168,0.506,204627,0.871,0,0.0,2,0.131,-5.05,1,28,0.0634,90.01299999999998,0.306,4
0.408,0.7190000000000001,250973,0.615,0,0.000147,6,0.235,-5.972,1,65,0.045,96.988,0.465,1
0.379,0.501,277653,0.446,0,4.83e-06,0,0.159,-7.7,0,51,0.0338,86.42399999999998,0.154,1
0.458,0.205,206379,0.4370000000000001,0,0.000931,11,0.278,-11.276,0,29,0.0332,174.425,0.28300000000000003,5
0.866,0.378,152227,0.268,0,0.0123,1,0.175,-11.46,1,11,0.0281,68.809,0.409,7
0.0165,0.446,284347,0.7859999999999999,0,0.38,1,0.0842,-10.581,0,40,0.0505,137.485,0.377,5
0.929,0.297,181907,0.374,0,2.19e-06,10,0.305,-7.09,1,6,0.0546,173.73,0.423,7
0.042,0.466,173933,0.965,0,0.0,1,0.101,-2.597,0,57,0.0904,95.028,0.453,2
0.046,0.743,211867,0.971,0,9.74e-06,6,0.0431,-4.83,1,52,0.0533,101.998,0.978,3
0.948,0.393,190400,0.106,0,0.00376,3,0.131,-17.176,0,11,0.0346,82.60600000000002,0.266,7
0.99,0.499,310027,0.146,0,0.852,2,0.124,-19.382,0,6,0.0392,133.373,0.244,7
0.153,0.223,237733,0.487,0,0.0917,0,0.353,-12.008,1,36,0.038,172.658,0.418,5
0.314,0.325,279240,0.402,0,8.01e-05,4,0.873,-14.550999999999998,0,47,0.0347,114.62,0.191,3
0.197,0.48,276427,0.449,0,0.000526,4,0.27,-15.153,0,30,0.0582,141.02700000000004,0.373,5
0.34,0.5660000000000001,304253,0.843,1,0.0,10,0.133,-5.233,0,41,0.314,80.443,0.758,2
0.873,0.589,398600,0.377,0,0.051,0,0.15,-12.784,0,15,0.0338,77.16,0.526,6
0.7929999999999999,0.596,137933,0.124,0,0.0,7,0.183,-20.57,1,20,0.047,167.46599999999995,0.967,6
0.981,0.617,199893,0.279,0,1.41e-05,9,0.247,-12.283,1,0,0.041,80.432,0.5660000000000001,8
0.402,0.62,261960,0.355,0,0.00619,5,0.0585,-14.081,0,43,0.0398,84.181,0.659,4
0.989,0.418,199093,0.461,0,0.000418,11,0.282,-5.882999999999999,0,0,0.0308,105.42,0.564,8
0.0503,0.526,258747,0.513,1,0.0,9,0.123,-6.819,1,43,0.24,142.694,0.5479999999999999,1
0.133,0.713,103820,0.363,1,0.0,8,0.434,-14.009,1,0,0.926,111.99,0.266,10
0.344,0.532,212320,0.64,0,0.0,9,0.361,-6.684,1,64,0.0314,84.029,0.308,1
0.275,0.624,303147,0.389,0,4.68e-06,9,0.115,-10.726,1,36,0.0273,116.961,0.306,2
0.235,0.461,292663,0.4370000000000001,0,7.1e-06,2,0.121,-8.285,1,75,0.0284,128.132,0.194,1
0.402,0.498,207787,0.8059999999999999,0,5.74e-06,0,0.525,-5.284,1,56,0.0265,99.396,0.664,2
0.341,0.488,273680,0.726,0,1.12e-06,9,0.113,-4.2410000000000005,0,47,0.0303,93.65,0.422,2
0.61,0.448,149707,0.41,0,0.0,4,0.116,-12.63,1,17,0.0682,128.416,0.703,5
0.0217,0.47,230520,0.836,0,0.0,9,0.331,-4.348,0,47,0.0349,135.955,0.412,2
0.99,0.383,167440,0.132,0,0.00787,10,0.542,-20.337,1,0,0.0693,109.379,0.237,8
0.987,0.387,169040,0.45,0,1.32e-05,10,0.311,-8.412,1,0,0.0332,88.77799999999998,0.499,9
0.99,0.7070000000000001,162107,0.093,0,0.0141,3,0.124,-19.878,1,0,0.0525,105.328,0.6809999999999999,9
0.939,0.62,85120,0.0304,0,0.00471,9,0.107,-21.617,1,35,0.0361,113.125,0.488,4
0.0207,0.787,220862,0.329,1,2.95e-06,0,0.118,-9.991,1,56,0.391,137.85,0.209,1
0.634,0.276,125832,0.32299999999999995,0,0.000972,3,0.07400000000000001,-11.919,1,9,0.0547,68.62100000000001,0.339,6
0.151,0.628,387267,0.637,0,0.00109,0,0.262,-13.175,1,38,0.0294,110.447,0.755,4
0.98,0.405,53813,0.295,0,0.929,10,0.211,-22.205,1,0,0.0438,102.27,0.862,8
0.7709999999999999,0.6459999999999999,156867,0.653,0,0.0,4,0.155,-10.300999999999998,1,44,0.126,121.509,0.602,6
0.69,0.747,160440,0.219,0,1.47e-05,7,0.116,-10.72,1,11,0.0516,80.501,0.519,6
0.8740000000000001,0.532,208892,0.398,0,0.825,9,0.33,-19.58,0,1,0.172,136.043,0.7709999999999999,9
0.171,0.78,227693,0.929,0,0.0,11,0.0677,-0.7390000000000001,0,66,0.0532,95.012,0.8370000000000001,1
0.974,0.16399999999999998,177293,0.0345,0,0.794,0,0.0974,-22.461,1,0,0.0369,97.965,0.0387,7
0.00104,0.496,151840,0.972,0,0.0,9,0.168,-7.17,1,25,0.071,86.975,0.525,4
0.245,0.769,243733,0.5489999999999999,0,0.000452,9,0.128,-13.378,1,35,0.0273,126.995,0.913,4
0.518,0.519,169933,0.319,0,9.05e-06,11,0.096,-13.142,1,48,0.0287,121.647,0.473,2
0.0214,0.638,212427,0.74,0,1.2e-06,9,0.142,-4.928,0,48,0.0579,128.045,0.454,1
0.943,0.56,129627,0.248,0,5.15e-05,8,0.0575,-10.877,1,9,0.0502,173.36,0.809,7
0.992,0.629,150413,0.39,0,0.000301,4,0.168,-16.404,1,0,0.0554,116.436,0.902,10
0.0008449999999999999,0.85,359640,0.8759999999999999,1,7.79e-05,10,0.124,-4.583,0,43,0.16699999999999998,138.493,0.626,2
0.00442,0.384,216773,0.985,0,0.0,11,0.206,-7.105,0,27,0.268,141.04399999999995,0.244,4
0.955,0.579,334373,0.231,0,0.000951,7,0.359,-12.181,0,30,0.0398,110.839,0.612,5
0.8909999999999999,0.14800000000000002,206907,0.183,0,0.903,1,0.0799,-14.149,0,17,0.0299,72.928,0.0859,7
0.0419,0.406,227027,0.895,0,4.59e-05,9,0.1,-5.31,1,42,0.0426,166.503,0.7709999999999999,2
0.473,0.68,323507,0.317,0,2.45e-05,1,0.126,-14.109000000000002,1,5,0.0299,85.615,0.494,8
0.736,0.7090000000000001,109867,0.39,0,1.21e-06,10,0.4370000000000001,-11.587,1,23,0.0321,101.526,0.8370000000000001,6
0.389,0.477,117373,0.708,0,0.7490000000000001,4,0.524,-8.548,1,30,0.23,78.98899999999998,0.4,5
0.321,0.7190000000000001,192507,0.916,0,0.248,1,0.198,-4.312,1,40,0.209,94.495,0.5870000000000001,2
0.0972,0.529,218907,0.6709999999999999,0,9.99e-06,0,0.0917,-9.745,0,32,0.0594,121.071,0.6729999999999999,3
0.0139,0.659,230267,0.65,0,0.0028,10,0.0625,-12.115,0,32,0.05,104.407,0.672,4
0.996,0.7120000000000001,188616,0.199,0,0.265,10,0.142,-10.864,1,0,0.275,67.23100000000001,0.691,8
0.731,0.631,177240,0.309,0,0.00275,10,0.106,-16.647000000000002,1,38,0.0276,74.542,0.552,3
0.23,0.632,188827,0.307,0,7.02e-06,5,0.146,-10.749,1,55,0.0341,120.52,0.951,3
0.991,0.618,191760,0.418,0,0.91,6,0.154,-11.431,1,0,0.04,117.782,0.8059999999999999,9
0.97,0.7390000000000001,162107,0.15,0,0.00233,7,0.42,-13.117,1,8,0.0391,101.369,0.532,9
0.0957,0.599,287067,0.667,0,0.479,2,0.101,-16.012999999999998,0,44,0.0329,154.915,0.762,4
0.97,0.155,240867,0.0487,0,0.00104,3,0.188,-16.942,1,51,0.0397,67.097,0.087,5
0.18,0.759,285800,0.866,1,0.0,11,0.939,-3.084,0,51,0.26,155.945,0.565,2
0.899,0.645,259173,0.3,0,0.0,8,0.505,-14.305,1,24,0.0431,138.263,0.726,5
0.114,0.28,280720,0.384,0,1.33e-06,2,0.0831,-9.845,0,38,0.031,77.949,0.14300000000000002,4
0.957,0.209,269160,0.208,0,7.58e-05,10,0.395,-15.13,1,0,0.0483,80.747,0.0952,8
0.0286,0.465,469333,0.695,0,0.81,4,0.114,-6.814,0,27,0.0564,144.023,0.721,5
0.925,0.6629999999999999,194907,0.211,0,1.16e-05,7,0.0924,-10.579,1,16,0.0447,137.286,0.616,7
0.0181,0.728,308693,0.85,0,0.00259,9,0.0569,-6.251,0,33,0.0528,127.548,0.8240000000000001,4
0.349,0.7709999999999999,329267,0.29,0,7.69e-06,9,0.225,-18.19,1,48,0.0382,104.22,0.906,4
0.139,0.502,309107,0.868,0,1.4300000000000005e-05,5,0.0826,-5.706,1,45,0.0514,130.58,0.539,5
0.255,0.894,215667,0.532,0,2.88e-06,0,0.0613,-10.479,1,30,0.0484,114.78,0.963,3
0.0113,0.292,365040,0.882,0,0.635,7,0.313,-10.695,1,26,0.0384,187.443,0.8340000000000001,5
0.107,0.557,143000,0.636,0,3.41e-06,8,0.436,-12.29,0,15,0.0635,112.843,0.687,7
0.99,0.428,95600,0.166,0,0.000284,8,0.597,-15.854,1,0,0.0592,119.634,0.468,8
0.0214,0.703,279092,0.882,0,0.102,7,0.12,-5.146,1,47,0.0522,116.005,0.541,2
0.469,0.472,294053,0.574,0,3.95e-06,2,0.0677,-6.215,1,47,0.0272,86.571,0.409,4
0.805,0.608,193493,0.385,0,0.0,7,0.218,-8.922,1,42,0.0313,78.676,0.508,6
0.727,0.5379999999999999,371707,0.22,0,0.0,5,0.303,-14.970999999999998,1,6,0.0514,74.622,0.601,7
0.0445,0.495,92283,0.8690000000000001,0,0.0,8,0.119,-4.35,1,60,0.16399999999999998,138.089,0.615,1
0.871,0.383,162733,0.0594,0,0.000131,9,0.122,-17.529,0,23,0.035,109.213,0.0639,6
0.954,0.636,151573,0.371,0,0.101,3,0.101,-6.5829999999999975,1,0,0.136,123.974,0.8759999999999999,7
0.992,0.272,239973,0.00397,0,0.9,1,0.0763,-31.601,0,61,0.0475,72.059,0.19,1
0.00732,0.638,253947,0.522,1,3.64e-06,7,0.136,-10.046,1,44,0.0682,169.783,0.441,2
0.942,0.469,146853,0.108,0,0.00156,0,0.0567,-18.21,1,21,0.0364,79.197,0.8320000000000001,6
0.919,0.672,167853,0.134,0,3.3e-06,4,0.0692,-12.752,0,0,0.0472,89.397,0.627,8
0.0433,0.672,360960,0.6609999999999999,0,0.7929999999999999,0,0.353,-11.448,0,45,0.0634,73.758,0.8590000000000001,4
0.386,0.498,159400,0.491,0,0.0,2,0.0766,-9.612,1,31,0.032,132.64700000000002,0.8220000000000001,6
0.965,0.359,209627,0.494,0,0.0853,10,0.17,-8.573,0,0,0.0401,90.243,0.82,8
0.000431,0.627,231920,0.757,0,0.0139,8,0.349,-9.564,1,50,0.0509,108.025,0.523,3
0.991,0.513,150373,0.118,0,0.0832,10,0.248,-16.757,1,0,0.054000000000000006,117.053,0.528,7
0.0288,0.489,374533,0.8140000000000001,0,0.021,7,0.8009999999999999,-7.705,1,30,0.0323,114.211,0.738,5
0.878,0.525,183040,0.32299999999999995,0,0.000427,5,0.0878,-10.553,0,1,0.0708,76.41199999999998,0.5710000000000001,9
0.764,0.682,165347,0.166,0,0.0,2,0.13,-10.328,1,5,0.0347,117.896,0.451,7
0.006840000000000001,0.85,237600,0.631,0,0.000406,1,0.0679,-8.401,1,63,0.227,126.002,0.738,2
0.145,0.743,161893,0.364,0,3.62e-06,2,0.145,-14.567,1,23,0.0475,105.474,0.737,6
0.431,0.5660000000000001,32107,0.82,0,0.0,0,0.127,-6.602,1,41,0.858,191.156,0.366,2
0.995,0.519,200430,0.349,0,0.063,3,0.15,-9.822,1,0,0.378,79.73,0.4920000000000001,8
0.589,0.68,202745,0.677,0,0.000637,7,0.049,-8.065,1,36,0.0913,96.388,0.857,3
0.116,0.59,297893,0.229,0,0.00168,7,0.0854,-13.174,1,49,0.0301,96.856,0.168,3
0.0542,0.405,299427,0.773,0,0.225,11,0.6579999999999999,-8.499,1,35,0.0535,72.483,0.338,4
0.953,0.415,309653,0.117,0,0.0,2,0.101,-18.23,1,1,0.0528,89.411,0.397,8
0.154,0.8290000000000001,117573,0.375,0,0.0008269999999999999,5,0.0901,-12.318,1,19,0.0448,116.352,0.947,6
0.187,0.493,233560,0.586,0,0.0,2,0.0661,-7.345,1,49,0.0296,137.959,0.358,2
0.08199999999999999,0.807,238360,0.764,0,3.87e-05,2,0.115,-5.186,1,55,0.0312,119.867,0.371,2
0.884,0.5660000000000001,246507,0.182,0,0.0,2,0.0978,-13.261,1,49,0.0375,145.014,0.4920000000000001,5
0.152,0.598,423267,0.398,0,0.0,0,0.116,-14.208,1,53,0.0613,129.125,0.135,4
0.0534,0.935,192485,0.6859999999999999,0,2.97e-05,10,0.0851,-5.7970000000000015,0,57,0.115,120.008,0.746,1
0.589,0.488,238492,0.51,0,0.0,10,0.196,-7.9,1,38,0.0251,82.676,0.631,3
0.9,0.408,42307,0.448,0,0.825,7,0.532,-13.228,1,0,0.0455,114.817,0.936,7
0.28800000000000003,0.59,243787,0.6759999999999999,0,2.1e-05,2,0.237,-10.441,1,29,0.0356,112.36,0.8420000000000001,4
0.00191,0.453,306080,0.989,1,0.0059,2,0.0806,-2.766,1,55,0.111,102.784,0.0388,1
