0.978,0.617,179547,0.155,0,0.000695,5,0.102,-14.345999999999998,0,33,0.0721,134.55,0.481,7
0.0761,0.63,202133,0.848,0,3.99e-06,2,0.37,-3.463,1,43,0.0373,147.009,0.738,1
0.639,0.602,112360,0.585,0,0.0,8,0.0854,-12.647,1,18,0.0384,98.878,0.942,6
0.403,0.53,219453,0.486,0,0.00602,11,0.116,-9.3,1,29,0.0292,169.84400000000005,0.903,5
0.605,0.682,190733,0.5670000000000001,0,0.0,8,0.252,-8.361,0,23,0.1,128.19299999999998,0.77,6
0.116,0.0,152411,0.7120000000000001,0,0.998,1,0.768,-13.466,1,69,0.0,0.0,0.0,1
4.650000000000001e-05,0.5660000000000001,180000,0.96,1,0.0,4,0.0517,-3.716,1,50,0.14400000000000002,127.972,0.369,1
0.0705,0.7040000000000001,249680,0.608,0,0.0,9,0.21,-5.562,0,44,0.048,136.06799999999998,0.7140000000000001,2
0.214,0.498,287573,0.742,1,0.0,11,0.0641,-6.2479999999999976,0,56,0.259,78.428,0.302,2
0.463,0.532,178939,0.5579999999999999,0,0.0347,2,0.172,-9.146,1,14,0.0608,78.10600000000002,0.675,8
0.237,0.871,179653,0.7140000000000001,0,1.94e-06,10,0.07200000000000001,-6.4129999999999985,1,59,0.0307,106.797,0.962,4
0.989,0.425,544387,0.157,0,0.8590000000000001,6,0.0981,-17.085,1,2,0.0397,120.75,0.0723,8
0.83,0.535,172133,0.55,0,0.0,7,0.544,-9.14,1,27,0.196,126.931,0.7120000000000001,6
0.433,0.35100000000000003,229147,0.307,0,0.85,3,0.328,-12.071,1,39,0.0336,105.092,0.0951,5
0.506,0.621,252493,0.6759999999999999,0,0.0675,1,0.0825,-7.808,1,60,0.0303,104.008,0.482,1
0.338,0.727,278720,0.45,0,0.0,9,0.0711,-9.639,1,0,0.101,157.369,0.8,7
0.16,0.728,118847,0.154,1,0.0,7,0.396,-22.438,1,0,0.908,111.157,0.7140000000000001,10
0.325,0.563,185653,0.383,0,1.21e-06,0,0.147,-13.127,1,20,0.0512,137.556,0.58,6
0.129,0.682,172827,0.34600000000000003,0,0.7170000000000001,11,0.109,-17.511,0,41,0.0423,85.12899999999998,0.736,5
0.996,0.449,153267,0.0431,0,0.8590000000000001,9,0.0872,-26.222,1,0,0.0588,71.203,0.65,10
0.35700000000000004,0.563,302124,0.397,0,2.35e-06,2,0.123,-8.171,1,51,0.0761,127.911,0.583,1
0.81,0.513,109662,0.15,0,0.0,0,0.13,-15.226,1,14,0.0546,125.91,0.532,6
0.373,0.188,270400,0.58,0,0.000405,5,0.0748,-10.927,1,36,0.0568,203.463,0.306,5
0.104,0.643,216693,0.816,1,1.23e-06,9,0.16899999999999998,-7.129,1,19,0.0321,130.161,0.8490000000000001,4
0.0628,0.601,409067,0.762,0,0.588,11,0.102,-11.931,0,50,0.0454,142.705,0.8420000000000001,4
0.0342,0.906,191502,0.638,0,1.7e-05,10,0.0725,-7.917000000000002,0,72,0.256,99.959,0.789,1
0.000321,0.304,222147,0.957,0,0.00499,2,0.386,-5.0280000000000005,0,38,0.108,95.029,0.14300000000000002,2
0.994,0.608,151493,0.166,0,0.393,9,0.163,-13.869000000000002,0,0,0.124,118.792,0.6970000000000001,9
0.935,0.542,443600,0.142,0,0.843,8,0.753,-21.204,1,16,0.0456,113.403,0.325,6
0.737,0.551,290973,0.297,0,0.0,7,0.231,-14.998,0,52,0.0317,80.188,0.237,4
0.168,0.7340000000000001,94840,0.976,0,0.000781,4,0.377,-8.396,1,24,0.0534,102.169,0.491,6
0.103,0.7140000000000001,99700,0.145,1,0.0003,1,0.157,-22.111,1,0,0.929,123.257,0.573,8
0.8009999999999999,0.457,174013,0.221,0,2.88e-05,10,0.126,-13.757,1,37,0.0473,120.22,0.332,6
0.26,0.366,251267,0.254,0,3.3799999999999995e-05,9,0.0786,-17.158,1,29,0.0275,70.389,0.213,5
0.0178,0.461,236627,0.755,0,1.13e-06,7,0.18,-3.71,1,53,0.0318,124.256,0.439,2
0.938,0.45,195667,0.154,0,4.37e-06,1,0.16,-14.485,1,46,0.0373,110.666,0.243,6
0.991,0.468,52880,0.0333,0,0.909,0,0.101,-21.905,1,6,0.0921,119.438,0.4270000000000001,8
0.000266,0.456,262120,0.988,0,7.55e-05,9,0.33,-4.977,1,40,0.0637,148.105,0.414,2
0.000966,0.28800000000000003,188520,0.879,0,0.779,4,0.32,-8.52,1,28,0.0411,153.516,0.6920000000000001,4
0.995,0.755,179813,0.0836,0,0.893,5,0.11,-18.958,1,0,0.0821,116.416,0.802,10
0.000172,0.555,209703,0.95,1,2.83e-06,11,0.14,-3.948,0,62,0.0576,96.508,0.385,1
0.971,0.518,237227,0.19,0,0.065,5,0.0893,-20.739,0,26,0.0411,112.117,0.721,6
0.31,0.7140000000000001,150027,0.7609999999999999,0,0.0,7,0.254,-10.167,1,21,0.0996,143.977,0.853,7
0.314,0.5,121427,0.327,0,0.0,4,0.382,-16.082,1,19,0.0379,125.967,0.748,6
0.67,0.506,219040,0.345,0,0.0,0,0.116,-13.244000000000002,0,38,0.0685,73.917,0.514,4
0.0309,0.759,219089,0.494,0,0.0021100000000000003,9,0.0523,-9.061,0,63,0.217,180.834,0.581,2
0.00045,0.362,337667,0.846,0,0.0325,11,0.106,-13.033,1,28,0.0439,88.85600000000002,0.321,4
0.7020000000000001,0.7020000000000001,164947,0.272,0,0.0108,6,0.0827,-15.695,1,19,0.0337,109.223,0.5660000000000001,6
0.996,0.51,139760,0.263,0,0.961,2,0.46,-14.126,1,0,0.0705,125.761,0.685,10
0.996,0.493,41707,0.0771,0,0.938,2,0.28600000000000003,-21.685,0,30,0.233,65.89399999999999,0.453,7
0.138,0.415,369093,0.7979999999999999,0,3.8e-06,7,0.182,-8.059,1,33,0.109,101.68,0.247,5
0.0172,0.338,502667,0.512,0,0.0,10,0.276,-12.128,1,23,0.0441,107.29,0.179,4
0.959,0.13,224727,0.0479,0,0.952,0,0.0947,-25.695,1,61,0.0478,84.791,0.0302,1
0.7659999999999999,0.711,188600,0.393,0,0.0,9,0.0743,-10.755999999999998,0,39,0.0349,116.367,0.565,5
0.0822,0.684,185360,0.6609999999999999,0,0.0,7,0.217,-5.331,1,41,0.0273,111.24,0.653,3
0.0476,0.402,243093,0.696,1,0.0,8,0.628,-4.799,0,55,0.0448,180.158,0.227,1
0.812,0.378,332293,0.469,0,0.0011,5,0.121,-13.897,1,28,0.0658,142.201,0.609,4
0.476,0.805,273133,0.441,0,1.21e-06,6,0.0615,-13.526,1,29,0.05,104.837,0.922,4
0.007240000000000002,0.551,216360,0.882,0,1.13e-05,2,0.322,-6.808,1,54,0.0454,166.403,0.888,4
0.979,0.631,190507,0.374,0,0.368,7,0.135,-15.18,1,0,0.0558,121.457,0.899,8
0.131,0.5329999999999999,119133,0.684,0,2.05e-05,2,0.0748,-6.841,1,29,0.0323,114.218,0.529,6
0.987,0.584,196480,0.369,0,0.821,1,0.0912,-8.624,0,0,0.0731,139.15200000000002,0.685,9
0.339,0.528,212400,0.7090000000000001,0,0.00732,9,0.294,-7.645,1,58,0.0301,94.887,0.684,1
0.978,0.196,179733,0.0785,0,0.95,0,0.112,-25.539,0,27,0.0433,142.118,0.207,4
0.399,0.598,239413,0.455,0,7.64e-05,10,0.112,-8.094,1,34,0.0296,74.578,0.362,3
1.39e-05,0.44,223627,0.912,0,0.836,10,0.0938,-5.965,0,39,0.0435,94.639,0.488,3
0.123,0.521,233573,0.527,0,4.29e-05,5,0.109,-10.269,1,40,0.0263,93.039,0.583,3
0.961,0.501,204160,0.295,0,0.00112,10,0.324,-10.104,1,2,0.0423,95.849,0.591,9
0.964,0.319,279653,0.173,0,8.89e-06,0,0.113,-13.353,1,44,0.035,126.133,0.203,2
0.897,0.5489999999999999,138547,0.444,0,0.0,7,0.19,-6.818,1,0,0.0946,78.314,0.759,7
0.927,0.443,138600,0.012,0,0.954,2,0.105,-29.923,0,10,0.0413,122.396,0.246,7
0.92,0.436,232920,0.297,0,0.0154,7,0.124,-8.689,1,41,0.0269,104.876,0.257,5
4.99e-06,0.244,448227,0.987,0,0.159,2,0.885,-7.447999999999999,0,32,0.147,115.08,0.0611,3
0.505,0.885,176600,0.6779999999999999,0,2.5e-05,1,0.0959,-9.789,0,46,0.22,97.711,0.805,3
5.38e-06,0.205,419413,0.8390000000000001,0,0.0,2,0.546,-7.574,1,24,0.0657,185.489,0.586,6
0.961,0.23,199560,0.281,0,0.00239,9,0.418,-9.939,1,0,0.0309,91.315,0.163,7
0.302,0.6809999999999999,294493,0.795,0,0.0,7,0.235,-9.097,1,32,0.0419,114.999,0.679,4
0.907,0.155,239086,0.271,0,2.58e-06,5,0.265,-11.887,1,11,0.0335,79.913,0.0781,7
0.545,0.255,161693,0.477,0,0.0,9,0.255,-5.853,1,46,0.042,176.66,0.662,5
0.731,0.392,207453,0.496,0,0.0,2,0.908,-9.664,1,60,0.203,172.243,0.604,1
0.58,0.5760000000000001,235707,0.511,0,3.89e-05,2,0.261,-7.006,1,56,0.0315,206.473,0.957,1
0.727,0.5670000000000001,188293,0.0927,0,0.7170000000000001,5,0.116,-23.637,1,10,0.033,111.395,0.322,6
0.986,0.322,473427,0.14300000000000002,0,0.858,2,0.102,-21.45,1,1,0.0427,77.281,0.353,7
0.989,0.381,206387,0.131,0,0.883,2,0.099,-20.651,1,0,0.0459,76.973,0.293,7
0.616,0.639,154053,0.408,0,0.0,0,0.159,-6.879,1,24,0.027000000000000003,103.984,0.635,6
0.645,0.812,155453,0.411,0,0.00199,2,0.0848,-11.947,1,44,0.0318,106.698,0.795,2
0.382,0.389,375400,0.46,0,0.0353,2,0.101,-10.974,1,26,0.06,80.527,0.108,5
0.58,0.606,289293,0.67,0,0.138,4,0.112,-10.494000000000002,0,40,0.0472,124.658,0.768,2
0.188,0.617,99000,0.139,1,0.0,11,0.618,-17.602999999999994,0,0,0.956,77.579,0.8420000000000001,8
0.132,0.522,346280,0.85,0,0.0338,7,0.295,-4.769,1,64,0.0361,124.216,0.71,4
0.221,0.588,338438,0.5670000000000001,1,0.0,4,0.135,-3.738,0,74,0.0628,150.009,0.113,1
0.718,0.95,249480,0.443,0,1.51e-05,4,0.124,-6.567,1,49,0.0728,120.033,0.929,1
0.936,0.486,156667,0.231,0,0.0,3,0.125,-12.06,1,53,0.0354,80.04899999999998,0.303,3
0.938,0.373,156893,0.171,0,0.7609999999999999,3,0.11,-19.102,1,5,0.0352,62.02,0.142,7
0.757,0.453,51415,0.465,0,0.0,9,0.077,-9.662,1,0,0.0455,68.03699999999999,0.112,7
0.98,0.3670000000000001,260160,0.212,0,0.0,7,0.279,-12.024,1,0,0.101,79.987,0.43,7
0.968,0.73,136453,0.266,0,0.0,5,0.152,-12.392,0,3,0.116,63.915,0.629,9
0.7140000000000001,0.479,332267,0.155,0,0.0827,0,0.645,-20.96,1,10,0.0512,171.60299999999995,0.648,7
0.0503,0.498,353507,0.87,0,0.00025,11,0.441,-4.386,0,45,0.116,87.806,0.557,3
0.00224,0.727,306227,0.85,0,0.00843,4,0.412,-4.9910000000000005,0,61,0.0425,121.973,0.28,1
0.259,0.589,211400,0.262,0,0.000928,7,0.565,-12.987,1,41,0.06,133.90200000000002,0.234,1
0.191,0.711,122200,0.242,0,0.0,2,0.34,-19.957,1,0,0.937,82.635,0.611,7
0.605,0.5770000000000001,216267,0.29600000000000004,0,3.55e-05,6,0.0978,-12.634,0,45,0.0298,95.463,0.311,6
0.0063100000000000005,0.392,237960,0.958,0,1.27e-06,5,0.113,-3.052,1,46,0.126,172.11700000000005,0.499,1
0.733,0.711,353267,0.332,0,0.899,10,0.13699999999999998,-14.197,1,24,0.0412,122.434,0.361,6
0.991,0.468,188789,0.389,0,0.229,7,0.273,-12.657,1,0,0.0366,102.122,0.826,8
0.995,0.483,207383,0.0849,0,0.0671,0,0.136,-12.673,1,0,0.0837,72.782,0.675,8
0.986,0.541,99493,0.0956,0,0.885,3,0.11,-17.695,1,8,0.039,99.284,0.232,7
0.976,0.368,261333,0.0857,0,0.151,7,0.111,-17.324,0,14,0.036000000000000004,177.98,0.379,7
0.0744,0.95,194844,0.654,1,0.0,0,0.138,-5.895,0,72,0.307,132.936,0.8859999999999999,0
0.93,0.731,178813,0.371,0,0.895,5,0.078,-18.239,1,5,0.0471,126.999,0.919,9
0.0133,0.705,264853,0.784,1,0.0,2,0.168,-6.477,1,65,0.271,160.035,0.377,1
0.00156,0.59,160373,0.9,0,0.0,5,0.406,-3.44,1,48,0.0448,131.984,0.792,2
0.669,0.5660000000000001,163440,0.424,0,0.00456,7,0.175,-8.689,0,50,0.0392,105.768,0.431,7
0.441,0.32299999999999995,271307,0.708,0,0.0,0,0.579,-6.218,1,11,0.0887,170.537,0.615,6
0.804,0.757,158880,0.273,0,0.0,4,0.69,-15.19,0,12,0.0748,99.688,0.625,7
0.93,0.312,134867,0.185,0,4.5e-05,10,0.304,-15.762,1,6,0.032,90.964,0.227,6
0.77,0.672,242200,0.424,0,2e-06,9,0.205,-8.527000000000001,1,60,0.0305,111.914,0.486,1
0.0146,0.758,233667,0.6829999999999999,1,5.9e-05,2,0.159,-5.5939999999999985,1,55,0.107,78.96,0.738,2
0.448,0.858,211800,0.908,0,0.0117,5,0.0387,-5.432,0,39,0.041,120.177,0.961,3
0.202,0.773,218627,0.6559999999999999,0,0.00323,3,0.0697,-10.88,0,70,0.0381,119.754,0.971,4
0.926,0.6729999999999999,147867,0.365,0,0.0,0,0.188,-9.806,0,4,0.0404,96.78,0.637,7
0.962,0.32,185307,0.529,0,0.392,9,0.117,-7.449,1,0,0.0474,79.649,0.858,8
0.6509999999999999,0.5770000000000001,126067,0.784,0,4.08e-05,9,0.242,-8.116,1,20,0.0545,93.666,0.964,6
0.593,0.617,204307,0.672,0,1.31e-05,6,0.106,-6.274,1,50,0.0603,79.979,0.361,1
0.913,0.119,193573,0.17,0,0.898,5,0.282,-18.774,1,11,0.0387,76.191,0.0393,8
0.243,0.674,242467,0.816,0,0.0,9,0.229,-5.728,0,66,0.0316,94.997,0.407,2
0.0154,0.561,226200,0.6709999999999999,0,0.0,7,0.171,-5.5820000000000025,1,50,0.0338,124.06,0.278,1
0.45,0.775,170500,0.223,1,0.0,7,0.196,-18.866,1,0,0.918,93.384,0.799,10
0.956,0.38,207131,0.313,0,0.0193,9,0.219,-9.983,1,0,0.0557,75.082,0.7609999999999999,8
0.974,0.261,411107,0.18,0,0.0669,2,0.518,-16.750999999999998,1,0,0.038,133.691,0.18600000000000005,8
0.0164,0.616,149053,0.695,0,0.0218,2,0.263,-6.39,1,24,0.0287,118.694,0.873,6
0.00171,0.58,187000,0.7190000000000001,0,0.888,0,0.0969,-8.434,1,51,0.0465,137.02200000000002,0.962,3
0.0889,0.604,197853,0.546,0,0.0,8,0.0734,-5.691,1,72,0.151,179.847,0.402,1
0.0323,0.625,285800,0.648,0,5.03e-05,0,0.102,-9.301,1,33,0.0285,117.345,0.6779999999999999,4
0.0303,0.812,297657,0.754,0,2.49e-06,11,0.0438,-5.617000000000001,1,49,0.063,99.015,0.848,1
0.361,0.6779999999999999,242307,0.4320000000000001,0,0.0,3,0.0727,-12.696,1,25,0.0334,117.674,0.5589999999999999,5
0.0147,0.691,265893,0.8370000000000001,0,4.47e-05,9,0.162,-5.09,0,38,0.0353,108.175,0.64,3
0.0626,0.6990000000000001,194147,0.893,0,0.0,9,0.253,-5.412000000000001,1,64,0.0431,128.04399999999998,0.944,1
0.993,0.299,184787,0.0456,0,0.89,9,0.0658,-30.804,0,0,0.0434,134.41,0.225,7
0.883,0.227,186040,0.235,0,0.907,1,0.0557,-11.088,0,0,0.0318,85.255,0.14400000000000002,8
0.35100000000000003,0.743,160467,0.539,0,0.0,7,0.0513,-10.665,0,27,0.0321,119.886,0.973,6
7.4999999999999985e-06,0.27,313520,0.8859999999999999,0,0.0243,11,0.0899,-6.899,1,33,0.117,119.285,0.192,5
0.847,0.453,171067,0.25,0,4.86e-05,7,0.18,-15.694,1,43,0.0341,118.67,0.441,4
0.973,0.358,202453,0.155,0,0.065,10,0.0869,-24.443,1,0,0.0431,86.334,0.217,7
0.901,0.308,176107,0.247,0,3.7000000000000006e-06,0,0.267,-16.684,1,30,0.0483,81.376,0.349,6
0.757,0.377,152023,0.53,0,0.000927,7,0.213,-7.0539999999999985,1,0,0.0804,80.071,0.7140000000000001,8
0.0279,0.28600000000000003,130667,0.472,0,0.0151,0,0.211,-12.264,1,35,0.0297,154.019,0.575,6
0.493,0.46,215200,0.32,0,0.000168,8,0.145,-16.086,1,33,0.0315,135.273,0.8140000000000001,6
0.00152,0.648,278067,0.622,0,5.97e-05,7,0.109,-6.063,1,63,0.0428,88.684,0.51,3
0.95,0.579,197835,0.389,0,1.35e-05,1,0.191,-6.771,1,0,0.0491,80.347,0.733,9
0.995,0.327,225707,0.108,0,0.957,5,0.134,-16.519000000000002,0,0,0.0429,70.361,0.217,8
0.439,0.617,150707,0.75,0,1.97e-05,5,0.075,-5.12,0,50,0.0415,124.091,0.517,1
0.983,0.597,163030,0.278,0,0.0,1,0.257,-4.334,1,0,0.0486,133.291,0.6409999999999999,9
0.0192,0.624,185707,0.675,0,1.4e-05,9,0.107,-7.4460000000000015,1,27,0.0423,146.378,0.848,5
4.57e-05,0.338,295267,0.974,0,0.633,0,0.104,-4.896,1,39,0.0493,163.94,0.69,3
0.0392,0.297,155293,0.933,0,0.0,2,0.0953,-5.3729999999999976,1,41,0.263,159.636,0.28,5
0.00184,0.5,212045,0.845,0,0.0,1,0.106,-5.015,1,49,0.0369,95.199,0.539,2
0.000478,0.229,352600,0.979,0,0.435,9,0.27,-5.369,1,31,0.197,82.79899999999998,0.18600000000000005,4
0.6459999999999999,0.785,223480,0.464,0,6.47e-05,0,0.0979,-6.674,1,53,0.0753,92.063,0.894,2
0.957,0.35700000000000004,183547,0.258,0,0.0635,2,0.35,-10.489,1,0,0.0593,80.561,0.342,9
0.0287,0.634,227693,0.862,0,0.0,2,0.0217,-5.3370000000000015,1,67,0.0376,95.989,0.767,1
0.6609999999999999,0.64,178280,0.383,0,0.000307,4,0.179,-13.13,1,23,0.036000000000000004,122.054,0.726,6
0.094,0.327,286693,0.8859999999999999,0,0.000195,2,0.35,-5.6,1,48,0.0722,134.991,0.16,5
0.293,0.723,500733,0.645,0,0.00092,9,0.16399999999999998,-7.997000000000001,0,32,0.0662,129.904,0.7809999999999999,5
0.206,0.506,228581,0.614,0,0.0205,5,0.0889,-4.628,0,6,0.0312,99.783,0.371,8
0.607,0.899,179347,0.399,0,1.52e-05,11,0.0923,-6.553,1,52,0.038,98.067,0.544,1
0.0845,0.545,41400,0.0456,0,0.0,11,0.0973,-34.403,1,3,0.418,80.01899999999998,0.508,7
0.211,0.361,216947,0.504,0,0.821,7,0.124,-13.529000000000002,1,0,0.0292,91.767,0.28800000000000003,8
0.716,0.62,210733,0.12,0,2.98e-05,7,0.106,-18.41,1,21,0.0539,83.365,0.489,5
0.813,0.7190000000000001,165960,0.173,0,0.0,2,0.17,-15.794,0,10,0.0371,123.075,0.46,6
0.0413,0.6659999999999999,196240,0.557,0,2.91e-06,7,0.249,-11.286,1,34,0.0337,120.726,0.667,5
0.00217,0.22,280960,0.971,0,0.00184,5,0.104,-4.032,0,41,0.203,154.364,0.453,2
0.946,0.244,108107,0.207,0,1.65e-06,8,0.313,-13.281,1,27,0.0356,77.648,0.166,7
0.0408,0.691,295760,0.6970000000000001,0,0.695,11,0.0471,-6.187,0,41,0.0294,107.301,0.6609999999999999,3
0.565,0.743,194333,0.662,1,0.0,5,0.128,-6.108,0,69,0.179,89.975,0.552,1
0.987,0.277,523000,0.257,0,0.193,0,0.278,-13.835,0,0,0.0493,77.319,0.152,8
0.000288,0.484,186960,0.979,0,0.892,4,0.047,-6.9860000000000015,0,30,0.0404,111.396,0.6829999999999999,3
0.468,0.7509999999999999,166093,0.364,0,0.00418,10,0.18600000000000005,-11.987,1,45,0.0308,97.972,0.882,6
0.76,0.64,260776,0.355,0,7.01e-05,10,0.114,-7.7570000000000014,0,68,0.065,119.513,0.4370000000000001,0
0.989,0.395,111280,0.102,0,0.0043100000000000005,5,0.106,-20.91,1,6,0.0379,149.491,0.348,8
0.736,0.505,156160,0.315,0,0.0,3,0.0855,-8.527999999999999,1,35,0.0265,75.243,0.6859999999999999,7
0.0215,0.7340000000000001,315867,0.6970000000000001,1,0.0,1,0.541,-8.285,1,51,0.231,81.908,0.501,2
0.722,0.5870000000000001,142627,0.556,0,0.353,3,0.682,-16.121,0,8,0.224,98.809,0.5579999999999999,8
0.995,0.261,185707,0.457,0,0.691,4,0.716,-7.55,0,0,0.0409,66.938,0.319,8
0.000238,0.21,171960,0.882,0,0.6709999999999999,0,0.318,-6.942,0,49,0.111,169.75799999999995,0.329,4
0.743,0.634,142347,0.602,0,0.925,0,0.29600000000000004,-9.209,0,20,0.043,75.293,0.93,7
0.994,0.6659999999999999,81667,0.113,0,1.35e-05,9,0.0979,-17.865,0,0,0.0357,98.673,0.687,8
0.977,0.6859999999999999,249697,0.179,0,0.845,7,0.134,-15.095,0,2,0.0577,113.226,0.48,7
0.624,0.491,272240,0.591,0,0.326,2,0.259,-9.693,1,49,0.0389,130.232,0.544,3
0.0838,0.763,368667,0.645,0,0.0174,6,0.0448,-9.581,1,37,0.0978,103.659,0.845,4
0.431,0.75,202340,0.513,0,0.0,0,0.0755,-9.576,1,60,0.0911,90.998,0.466,1
0.903,0.327,317893,0.045,0,0.6990000000000001,0,0.121,-22.404,0,27,0.0317,58.288,0.13699999999999998,7
0.409,0.633,341710,0.674,0,0.502,9,0.033,-9.266,1,35,0.0475,102.104,0.809,5
0.03,0.6679999999999999,288333,0.7609999999999999,0,0.0,9,0.365,-7.093,0,55,0.0912,133.985,0.34,1
0.00324,0.46,195867,0.621,0,0.0,6,0.131,-6.436,0,49,0.0303,136.679,0.16399999999999998,1
0.682,0.7390000000000001,141213,0.5529999999999999,1,8.29e-06,10,0.0566,-6.956,1,37,0.35100000000000003,202.633,0.965,2
0.054000000000000006,0.653,213427,0.902,0,0.00195,5,0.219,-7.3039999999999985,0,48,0.0352,136.019,0.7390000000000001,3
0.894,0.12,474213,0.0078,0,0.852,5,0.369,-31.416,0,40,0.0444,149.964,0.03,3
0.815,0.23,239680,0.162,0,2.45e-05,11,0.111,-15.116,1,13,0.031,91.712,0.127,7
0.991,0.259,191613,0.165,0,0.359,4,0.101,-13.996,0,0,0.0436,181.037,0.469,8
0.985,0.421,120040,0.242,0,0.000337,0,0.373,-13.069,0,0,0.0381,73.328,0.161,7
0.8140000000000001,0.5770000000000001,223667,0.333,0,0.0,7,0.675,-12.026,1,26,0.35700000000000004,100.871,0.563,6
0.98,0.292,214200,0.172,0,0.7090000000000001,4,0.0909,-16.017,1,7,0.0368,120.12,0.115,7
0.0224,0.647,233573,0.69,0,0.0,6,0.147,-8.657,0,57,0.0454,117.514,0.682,4
0.754,0.494,295880,0.299,0,0.7090000000000001,3,0.0498,-15.808,1,19,0.0339,119.734,0.8959999999999999,6
0.382,0.631,241613,0.875,0,0.0,9,0.0867,-3.589,1,63,0.0447,137.961,0.705,1
0.000781,0.434,416040,0.936,0,0.637,6,0.17600000000000002,-12.171,1,28,0.044,139.75799999999998,0.259,3
0.00102,0.534,123160,0.8759999999999999,0,0.192,0,0.2,-8.073,1,33,0.0769,116.634,0.894,4
0.843,0.447,113293,0.487,0,0.0,7,0.177,-6.783,1,51,0.062,182.515,0.696,4
0.000698,0.542,261027,0.5870000000000001,1,0.00508,4,0.0284,-6.735,0,37,0.0412,81.565,0.597,3
0.174,0.542,307240,0.464,0,0.8859999999999999,7,0.15,-14.39,1,24,0.0379,123.05,0.0353,4
0.905,0.271,162960,0.175,0,0.0,9,0.251,-14.515,1,17,0.0348,110.915,0.19,6
0.317,0.47,148453,0.731,0,0.0,4,0.297,-4.803,1,40,0.208,190.921,0.648,2
0.239,0.494,234267,0.875,0,1.71e-06,0,0.185,-6.537000000000001,1,41,0.039,128.39600000000002,0.8009999999999999,2
0.129,0.57,244160,0.883,1,0.0,10,0.0949,-3.099,0,50,0.219,78.887,0.911,2
0.816,0.81,172267,0.398,0,0.0,0,0.174,-10.405,0,24,0.253,140.665,0.835,9
0.879,0.49,269013,0.32299999999999995,0,0.00256,3,0.168,-10.923,1,2,0.0415,131.925,0.28300000000000003,7
0.0261,0.606,197467,0.716,0,5.82e-06,2,0.13,-5.47,1,56,0.0285,112.299,0.868,5
0.991,0.711,181507,0.299,0,0.944,5,0.08900000000000001,-14.458,1,0,0.0614,118.978,0.938,9
0.159,0.475,248560,0.583,0,0.0,2,0.0849,-6.8,1,46,0.0311,163.737,0.46,2
0.449,0.526,165277,0.51,0,2.18e-06,5,0.556,-7.9460000000000015,1,0,0.0313,126.135,0.853,9
0.403,0.644,204653,0.6679999999999999,0,0.0,9,0.0648,-6.199,1,27,0.0353,113.276,0.478,6
0.401,0.7909999999999999,229387,0.407,0,0.000105,9,0.103,-10.757,1,66,0.0321,103.989,0.518,3
0.872,0.213,189653,0.154,0,0.898,3,0.0931,-14.99,1,13,0.0341,112.837,0.0873,7
0.718,0.269,250520,0.263,0,0.0,3,0.125,-9.368,1,51,0.0321,83.445,0.192,2
0.78,0.448,208733,0.359,0,0.6709999999999999,7,0.0753,-13.559,1,53,0.0288,80.91199999999998,0.0773,3
0.322,0.521,110361,0.541,0,0.0,1,0.0561,-8.321,1,7,0.0419,169.766,0.8320000000000001,7
0.0466,0.643,180213,0.7440000000000001,0,0.0,11,0.0807,-9.241,1,18,0.0516,104.202,0.782,6
0.0079,0.483,256947,0.74,0,3.34e-06,9,0.111,-4.237,0,43,0.0275,142.02200000000005,0.272,2
0.989,0.6970000000000001,91781,0.181,0,0.0,7,0.51,-13.325,1,0,0.598,104.734,0.5870000000000001,9
0.608,0.597,132746,0.5760000000000001,0,0.0,8,0.0761,-5.9270000000000005,1,20,0.13,173.322,0.7929999999999999,5
0.778,0.267,90373,0.395,0,0.938,5,0.394,-14.666,1,0,0.055,158.541,0.353,8
0.987,0.5,168200,0.354,0,0.35100000000000003,5,0.269,-7.647,0,0,0.0639,124.307,0.7440000000000001,8
0.58,0.718,220107,0.373,0,3.76e-05,11,0.0841,-14.841,0,30,0.0637,81.043,0.695,4
0.0121,0.402,173072,0.922,0,4.98e-05,8,0.16899999999999998,-6.912000000000001,0,47,0.0669,130.084,0.301,5
0.98,0.659,151800,0.342,0,0.0211,11,0.159,-15.852,1,16,0.0965,109.822,0.5820000000000001,9
0.249,0.653,216533,0.677,0,0.0,0,0.403,-12.244000000000002,1,72,0.0396,114.37,0.888,4
0.99,0.391,211173,0.206,0,0.609,2,0.113,-11.161,1,0,0.045,137.373,0.474,8
0.899,0.28600000000000003,190120,0.241,0,0.606,7,0.18,-12.491,0,0,0.0398,72.473,0.418,7
0.6409999999999999,0.536,206707,0.665,0,0.000608,3,0.113,-7.7429999999999986,1,63,0.0367,140.256,0.243,3
0.0305,0.7140000000000001,281240,0.862,1,0.0,6,0.0884,-5.5310000000000015,1,58,0.28600000000000003,92.849,0.887,2
0.994,0.443,227000,0.126,0,0.943,0,0.11,-17.242,0,12,0.0494,77.78,0.255,7
0.994,0.499,177613,0.0509,0,0.0155,1,0.107,-20.779,1,7,0.0772,171.553,0.614,7
0.8140000000000001,0.0698,249787,0.138,0,0.779,2,0.117,-16.660999999999998,1,49,0.0439,75.491,0.036000000000000004,3
0.0129,0.7290000000000001,194000,0.936,0,0.000892,9,0.0367,-7.536,1,70,0.0776,131.986,0.598,3
0.727,0.459,156693,0.149,0,0.0,10,0.345,-15.83,1,22,0.0332,96.434,0.419,6
0.00533,0.8170000000000001,294463,0.797,0,7.77e-06,1,0.0551,-4.395,0,67,0.084,119.977,0.362,1
0.0205,0.584,341067,0.76,0,7.25e-06,0,0.1,-7.369,0,62,0.0359,104.101,0.325,3
0.586,0.628,327667,0.336,0,0.0516,3,0.11,-11.582,1,15,0.0594,113.039,0.5579999999999999,7
0.0943,0.77,264600,0.444,1,0.0,10,0.0861,-12.226,0,47,0.441,83.375,0.418,3
0.157,0.937,83733,0.479,0,0.00028900000000000003,4,0.0667,-8.738999999999999,1,43,0.106,120.617,0.976,5
0.443,0.371,163707,0.259,0,0.00384,7,0.0752,-11.352,1,54,0.0312,140.425,0.0467,3
0.823,0.6990000000000001,435560,0.32,0,0.0166,7,0.278,-17.452,1,34,0.0492,105.498,0.742,4
0.986,0.705,161000,0.215,0,0.007120000000000001,1,0.108,-11.228,0,0,0.0611,121.668,0.7509999999999999,9
0.993,0.637,175000,0.16699999999999998,0,0.904,7,0.115,-18.446,1,0,0.0417,111.134,0.871,10
0.994,0.546,116963,0.255,0,0.95,8,0.7,-13.638,1,0,0.0996,115.147,0.75,9
0.974,0.174,195067,0.17,0,0.000536,4,0.111,-18.555,1,0,0.0437,82.118,0.0384,7
0.0346,0.813,285640,0.687,1,0.0,8,0.0878,-4.85,1,57,0.298,83.944,0.6659999999999999,2
0.995,0.605,183907,0.196,0,0.916,10,0.115,-15.108,1,0,0.0495,142.562,0.79,8
0.154,0.77,241882,0.836,0,7.55e-06,4,0.329,-8.333,0,50,0.264,167.908,0.789,3
0.591,0.643,128600,0.489,0,0.000778,7,0.196,-10.296,0,28,0.0293,85.677,0.845,6
0.251,0.667,209427,0.667,0,0.00349,2,0.0605,-12.119000000000002,1,29,0.049,109.023,0.9,5
0.953,0.581,189667,0.11,0,4.22e-06,9,0.401,-16.086,0,7,0.0382,86.414,0.44,9
0.0207,0.373,246267,0.8270000000000001,0,0.0,7,0.0362,-10.992,1,26,0.0329,205.535,0.8140000000000001,4
0.0135,0.898,226240,0.271,0,0.0013800000000000002,7,0.0461,-12.238,1,73,0.091,111.485,0.742,4
0.418,0.65,205733,0.7120000000000001,0,2.28e-05,8,0.04,-8.25,1,55,0.0253,94.292,0.921,3
0.882,0.478,185507,0.459,0,0.0174,7,0.115,-8.586,0,32,0.0586,175.424,0.623,3
0.6629999999999999,0.61,156512,0.542,0,2.55e-05,4,0.111,-4.333,1,53,0.0438,182.908,0.8909999999999999,1
0.989,0.7290000000000001,168458,0.271,0,0.0,2,0.338,-8.054,1,0,0.153,68.12899999999999,0.604,7
0.987,0.211,308200,0.0117,0,0.568,7,0.0991,-35.214,0,35,0.0412,90.447,0.0672,3
0.938,0.495,170147,0.0453,0,0.0,8,0.232,-16.285,1,6,0.0463,64.888,0.195,7
0.0162,0.627,201853,0.816,0,0.0020800000000000003,4,0.0966,-6.698,1,52,0.0774,157.043,0.648,1
0.024,0.608,335333,0.825,0,0.00656,2,0.34600000000000003,-6.303,1,65,0.0419,115.049,0.454,2
0.932,0.183,133573,0.0473,0,0.91,2,0.0984,-21.272,1,54,0.0375,73.398,0.0365,2
0.34,0.475,203360,0.289,0,0.67,0,0.131,-20.15,1,29,0.0307,126.918,0.228,4
0.00922,0.6890000000000001,320627,0.735,1,0.00072,2,0.365,-4.545,1,63,0.267,171.403,0.059,1
0.625,0.508,121800,0.479,0,7.03e-05,7,0.35600000000000004,-14.201,1,23,0.0685,143.253,0.825,6
0.147,0.444,185133,0.879,0,0.0,8,0.173,-6.377000000000002,0,35,0.0636,129.352,0.245,4
0.37,0.684,254227,0.708,0,0.0076700000000000015,7,0.147,-7.842,1,23,0.0291,95.309,0.29,5
0.0291,0.562,235507,0.7609999999999999,0,7.57e-06,9,0.243,-10.880999999999998,0,31,0.0452,142.22299999999996,0.625,4
0.542,0.494,208520,0.513,0,0.0,9,0.102,-10.771,1,36,0.0368,107.927,0.338,6
0.86,0.35,2609133,0.217,0,0.00799,10,0.118,-16.185,0,33,0.0443,100.973,0.22,5
0.736,0.484,165720,0.39,0,0.0,8,0.0616,-8.786,1,49,0.0422,85.337,0.6940000000000001,6
0.912,0.223,239453,0.268,0,0.0,1,0.108,-9.468,1,56,0.0304,90.971,0.189,1
0.529,0.435,331933,0.691,1,0.0,5,0.55,-5.478,1,46,0.044,101.382,0.344,2
0.6859999999999999,0.6579999999999999,136427,0.706,0,2.18e-06,11,0.166,-9.076,1,40,0.0354,141.194,0.965,6
0.508,0.865,264973,0.477,0,0.000113,1,0.0497,-9.557,1,41,0.324,93.975,0.888,3
0.73,0.521,133600,0.649,0,0.0,0,0.119,-9.851,0,25,0.129,104.416,0.742,7
0.506,0.581,164827,0.878,0,0.0,2,0.333,-6.784,1,49,0.248,144.888,0.595,4
0.3,0.429,278293,0.388,0,0.0,4,0.0566,-9.084,0,34,0.0315,120.297,0.168,4
0.71,0.35200000000000004,211573,0.546,0,0.0,11,0.105,-6.768,1,42,0.0384,114.814,0.274,2
0.469,0.463,475827,0.561,1,0.0,10,0.157,-6.943,1,56,0.235,85.148,0.35,1
0.946,0.6579999999999999,223893,0.13699999999999998,0,1.22e-06,9,0.0963,-17.34,0,31,0.147,114.89,0.416,7
0.154,0.68,97000,0.145,1,6.16e-06,11,0.0768,-19.875,1,0,0.906,79.616,0.5660000000000001,8
0.0167,0.657,281534,0.569,0,0.000131,1,0.132,-9.333,0,49,0.0397,120.025,0.196,1
0.359,0.235,133747,0.261,0,0.373,11,0.34700000000000003,-15.243,0,43,0.0359,100.393,0.0686,4
0.475,0.657,193613,0.687,0,0.0,4,0.0596,-4.492,1,45,0.0387,105.754,0.929,2
0.6459999999999999,0.34700000000000003,240466,0.365,0,2.44e-06,4,0.21,-10.23,1,39,0.0442,169.792,0.378,5
0.13,0.7290000000000001,261267,0.851,0,0.000912,7,0.443,-7.033,1,64,0.0362,115.118,0.741,5
8.190000000000001e-05,0.509,181600,0.996,0,9.96e-06,8,0.0545,-3.741,1,43,0.0598,104.671,0.365,2
0.728,0.407,182840,0.401,0,0.0,0,0.0814,-12.928,1,39,0.0387,197.706,0.4,6
0.103,0.601,174640,0.698,0,0.0,4,0.0893,-8.708,0,40,0.0313,136.263,0.787,3
0.995,0.368,138573,0.0349,0,0.8809999999999999,11,0.0787,-24.841,1,0,0.0472,76.167,0.04,8
0.0272,0.542,276213,0.895,0,0.0,0,0.111,-3.635,0,52,0.0337,161.999,0.6579999999999999,2
0.893,0.365,159413,0.162,0,0.00484,5,0.0657,-21.142,0,22,0.0409,138.614,0.406,6
0.948,0.242,580000,0.121,0,0.655,0,0.109,-16.838,1,4,0.0418,109.417,0.0763,9
0.815,0.61,188000,0.417,0,0.5920000000000001,0,0.166,-12.675,1,30,0.0282,137.909,0.612,6
0.987,0.214,356440,0.0474,0,0.159,2,0.071,-24.233,0,0,0.037000000000000005,143.74200000000005,0.191,7
0.0545,0.6459999999999999,224720,0.642,0,0.0162,1,0.14400000000000002,-7.48,0,30,0.0375,124.592,0.5529999999999999,5
0.8140000000000001,0.8190000000000001,120000,0.462,1,1.62e-05,0,0.318,-9.638,0,65,0.485,159.873,0.5,1
0.26,0.435,185107,0.5579999999999999,0,0.0,10,0.245,-5.422999999999999,1,50,0.0342,115.742,0.203,2
0.021,0.365,289240,0.706,0,0.792,9,0.287,-7.984,1,34,0.0381,127.937,0.34600000000000003,3
0.992,0.536,190773,0.401,0,0.00578,2,0.162,-9.921,1,0,0.115,72.396,0.746,9
0.07200000000000001,0.76,168653,0.615,1,0.0,5,0.0571,-9.36,0,69,0.33,148.014,0.35100000000000003,1
0.995,0.746,186000,0.159,0,0.8190000000000001,8,0.109,-15.106,1,0,0.189,120.084,0.88,9
0.93,0.464,184400,0.184,0,7.7e-05,7,0.0911,-15.715,1,35,0.0412,145.65200000000004,0.414,6
0.99,0.277,642253,0.133,0,0.888,8,0.077,-22.141,1,9,0.0466,55.736,0.0553,6
0.908,0.544,183333,0.486,0,0.7440000000000001,1,0.116,-7.174,1,11,0.0413,180.288,0.716,9
0.24,0.88,152213,0.556,0,0.0483,2,0.24,-10.773,1,49,0.0855,128.542,0.955,5
0.483,0.603,431360,0.187,0,0.00144,10,0.0691,-16.939,0,26,0.0641,91.117,0.411,6
0.226,0.662,179853,0.7120000000000001,0,5.3e-06,0,0.122,-3.258,1,49,0.0346,133.967,0.977,2
0.967,0.459,201800,0.257,0,1.64e-06,3,0.204,-9.597,1,18,0.0333,140.97,0.489,7
0.0476,0.311,347835,0.941,0,8.2e-06,4,0.35200000000000004,-4.128,0,34,0.174,187.812,0.13699999999999998,4
0.503,0.6920000000000001,105300,0.282,0,0.0,10,0.329,-20.464,1,0,0.952,90.215,0.482,9
0.052000000000000005,0.33,122627,0.858,0,0.0,11,0.0752,-5.134,0,26,0.0552,161.385,0.923,6
0.013,0.584,179120,0.762,0,0.0,11,0.109,-4.592,1,54,0.0355,93.993,0.395,1
0.326,0.453,288133,0.319,0,0.0,6,0.134,-13.216,1,44,0.0313,131.82,0.142,4
0.938,0.44,415359,0.161,0,0.898,5,0.295,-22.682,0,19,0.044,119.722,0.14300000000000002,7
0.106,0.899,148002,0.5720000000000001,0,0.0,7,0.0866,-6.612,1,45,0.0513,107.906,0.91,4
0.794,0.333,445347,0.826,0,5.94e-05,2,0.973,-5.02,0,37,0.14,106.299,0.161,3
0.205,0.631,247627,0.7490000000000001,0,5.21e-06,7,0.0667,-8.15,1,61,0.0576,89.646,0.4370000000000001,3
0.98,0.638,197851,0.304,0,2.85e-05,2,0.093,-8.183,1,0,0.118,130.863,0.915,8
0.219,0.603,266240,0.5660000000000001,0,0.0,11,0.17600000000000002,-7.191,0,41,0.0363,169.702,0.493,2
0.0844,0.6709999999999999,140693,0.7140000000000001,1,1.48e-06,7,0.0568,-5.3729999999999976,1,68,0.21,105.137,0.477,1
0.778,0.35600000000000004,305981,0.48,0,0.0032700000000000003,5,0.0784,-10.633,1,57,0.0347,171.79,0.28300000000000003,1
0.705,0.44,395064,0.625,0,0.0,1,0.6970000000000001,-10.405,1,29,0.14300000000000002,129.083,0.581,3
0.7020000000000001,0.454,255440,0.442,0,3.71e-05,2,0.113,-9.356,1,32,0.0508,130.209,0.5,7
0.846,0.65,142307,0.246,0,5.07e-06,6,0.18600000000000005,-16.171,1,46,0.0263,91.04,0.539,6
0.00086,0.6729999999999999,310667,0.601,0,6.77e-05,2,0.103,-8.606,1,40,0.0308,128.24200000000002,0.679,4
0.0308,0.4970000000000001,203773,0.987,0,0.00463,9,0.123,-0.884,1,38,0.098,144.013,0.455,2
0.266,0.628,413133,0.655,0,0.188,0,0.106,-7.0420000000000025,1,40,0.0443,121.566,0.168,3
0.992,0.84,161493,0.342,0,0.111,3,0.13699999999999998,-5.443,0,0,0.182,120.887,0.657,10
0.0142,0.4320000000000001,272280,0.988,0,0.0078,9,0.0841,-4.442,1,34,0.0997,111.277,0.197,4
0.0823,0.485,298747,0.926,0,0.0558,9,0.208,-8.777000000000001,1,34,0.0443,132.631,0.66,5
0.772,0.7140000000000001,145233,0.6,0,8.51e-05,0,0.223,-7.148,1,24,0.12,140.688,0.594,7
0.16399999999999998,0.568,251907,0.617,1,0.0,8,0.0888,-8.994,1,53,0.2,123.667,0.404,1
0.0339,0.21,288640,0.58,0,0.000105,10,0.13,-8.751,1,54,0.0359,143.753,0.118,1
0.985,0.404,215000,0.206,0,0.0181,3,0.416,-13.317,1,0,0.0423,121.862,0.603,9
0.473,0.53,165613,0.391,0,0.00428,2,0.121,-15.858,1,0,0.0345,125.785,0.8490000000000001,9
7.55e-05,0.327,216600,0.994,1,0.00848,11,0.434,-4.023,0,45,0.252,111.737,0.16,2
0.188,0.428,234267,0.404,0,0.00062,6,0.0698,-13.223,1,32,0.0351,120.405,0.612,5
0.97,0.264,276307,0.128,0,0.0008029999999999999,3,0.127,-17.857,1,53,0.0499,73.643,0.15,2
0.991,0.393,354107,0.308,0,0.436,5,0.209,-11.044,1,0,0.0433,81.829,0.5379999999999999,8
0.00205,0.871,297067,0.71,0,3.08e-05,1,0.0486,-11.112,1,33,0.196,105.55,0.7040000000000001,4
0.184,0.6559999999999999,291587,0.88,0,0.00609,5,0.272,-4.137,0,58,0.0287,114.613,0.88,4
0.97,0.495,169227,0.142,0,1.93e-06,11,0.113,-16.186,0,50,0.0436,75.859,0.196,5
0.98,0.3720000000000001,38964,0.128,0,0.0,0,0.22,-17.136,0,0,0.0356,70.02,0.203,7
0.535,0.7909999999999999,232933,0.512,0,6.24e-06,6,0.119,-13.309,0,31,0.0733,98.884,0.599,5
0.91,0.645,164947,0.394,0,2.18e-05,10,0.235,-8.448,1,4,0.0334,96.561,0.954,7
0.531,0.564,144000,0.705,0,0.0,5,0.428,-7.107,1,10,0.0457,155.114,0.962,6
0.0818,0.551,144013,0.8390000000000001,0,0.0,9,0.151,-4.555,1,61,0.0787,116.051,0.6809999999999999,1
0.986,0.389,490800,0.0992,0,0.101,9,0.123,-19.67,1,0,0.0406,130.347,0.273,8
0.466,0.669,174533,0.521,0,6.59e-06,6,0.0535,-11.89,1,53,0.0461,111.826,0.8370000000000001,3
0.0515,0.79,211000,0.647,0,0.0,10,0.248,-5.983,0,76,0.136,87.999,0.654,2
0.5760000000000001,0.8590000000000001,223373,0.407,0,0.0,10,0.14300000000000002,-15.889,1,28,0.0762,106.008,0.925,5
0.993,0.444,177000,0.0889,0,0.957,7,0.0977,-22.585,1,13,0.0401,78.334,0.0872,7
0.00762,0.215,229907,0.637,0,3.88e-05,7,0.146,-6.215,0,44,0.0341,152.911,0.135,2
0.835,0.639,207960,0.424,0,0.00216,2,0.194,-16.070999999999998,1,55,0.0437,139.64600000000002,0.7140000000000001,4
0.00128,0.649,233185,0.875,0,0.0,9,0.0486,-2.88,1,67,0.0696,166.92700000000005,0.557,1
0.254,0.595,209427,0.6890000000000001,0,5.44e-06,6,0.129,-6.107,0,71,0.14800000000000002,168.112,0.213,1
0.957,0.488,201493,0.317,0,0.799,2,0.0955,-7.187,0,0,0.0385,119.103,0.482,8
0.993,0.442,176867,0.145,0,0.451,7,0.139,-16.871,0,0,0.0427,116.825,0.301,8
0.191,0.439,260867,0.898,0,0.0,1,0.0693,-5.912000000000001,1,39,0.0543,148.96,0.515,2
0.421,0.406,240800,0.517,0,0.0,7,0.123,-7.182,1,51,0.0245,153.732,0.388,3
0.0212,0.638,245440,0.6679999999999999,1,0.0,9,0.061,-6.077000000000001,0,52,0.225,134.904,0.618,1
0.8740000000000001,0.5670000000000001,159067,0.223,0,0.0,9,0.0874,-19.094,1,0,0.4,80.238,0.721,7
0.996,0.392,163733,0.29,0,0.958,0,0.112,-19.273,1,24,0.0348,175.04,0.485,10
0.516,0.7559999999999999,185173,0.6729999999999999,0,0.0,2,0.109,-6.336,1,69,0.0899,125.055,0.402,0
0.8440000000000001,0.324,171533,0.191,0,0.0,8,0.388,-13.865,1,39,0.0349,83.57700000000001,0.381,2
0.71,0.491,166400,0.466,0,4.05e-05,6,0.14800000000000002,-12.349,1,1,0.239,178.113,0.848,8
0.00115,0.292,272040,0.621,0,0.836,7,0.312,-8.964,1,40,0.0404,121.261,0.153,3
0.991,0.243,218387,0.0529,0,0.193,1,0.6,-20.65,0,0,0.0371,78.57,0.14,10
0.536,0.5,110987,0.342,0,0.0,7,0.59,-9.536,1,64,0.175,77.124,0.684,1
0.769,0.423,174693,0.445,0,0.184,7,0.0816,-8.732999999999999,1,38,0.0285,99.236,0.16399999999999998,6
0.192,0.545,380920,0.607,0,0.887,1,0.19,-11.318,1,29,0.0566,120.658,0.304,4
0.904,0.177,161733,0.17800000000000002,0,0.0263,7,0.165,-14.834,1,0,0.0328,88.23299999999998,0.298,8
0.674,0.645,256347,0.431,0,0.0,8,0.145,-11.253,1,22,0.0385,97.424,0.7490000000000001,6
0.723,0.35700000000000004,222912,0.5329999999999999,0,0.0,11,0.101,-8.126,1,63,0.0777,138.086,0.318,1
0.000264,0.498,366507,0.875,0,0.0877,0,0.0775,-9.88,1,23,0.0334,133.089,0.63,4
0.339,0.605,292960,0.6,0,0.00063,2,0.13,-6.233,1,47,0.0258,116.667,0.457,3
0.722,0.614,198200,0.343,0,0.000478,0,0.1,-14.101,0,50,0.0358,79.638,0.655,3
2.26e-05,0.5379999999999999,234253,0.902,0,0.0535,5,0.119,-6.074,1,39,0.117,114.986,0.154,3
0.345,0.7709999999999999,196533,0.919,1,0.0,5,0.23,-2.917,1,48,0.0949,124.887,0.946,2
0.473,0.8390000000000001,173680,0.464,0,1.64e-06,3,0.111,-7.702000000000001,1,47,0.0514,118.508,0.979,2
0.99,0.527,202587,0.0101,0,0.925,5,0.0969,-35.405,1,8,0.0388,73.319,0.198,7
0.343,0.6579999999999999,216267,0.337,0,0.128,4,0.107,-15.97,1,54,0.0238,88.10600000000002,0.564,4
0.5429999999999999,0.736,142687,0.214,0,1.09e-06,6,0.121,-13.649,1,10,0.0354,92.921,0.5479999999999999,6
0.00456,0.741,417427,0.396,0,0.0144,9,0.0933,-11.800999999999998,0,41,0.0366,103.529,0.8390000000000001,4
0.971,0.142,255333,0.042,0,0.913,9,0.052000000000000005,-26.441,0,45,0.0432,141.164,0.0427,3
0.904,0.643,319827,0.541,0,0.408,10,0.0971,-13.93,1,12,0.0504,99.65,0.901,7
0.662,0.631,109900,0.23,0,0.0,1,0.145,-19.213,0,0,0.959,83.40100000000002,0.595,10
0.7290000000000001,0.33,284573,0.564,0,0.0,3,0.0862,-7.352,1,27,0.0492,91.303,0.28800000000000003,3
0.804,0.107,181667,0.228,0,0.0365,0,0.151,-15.014,1,35,0.0377,85.49799999999998,0.0789,4
0.996,0.49,186107,0.31,0,0.93,0,0.326,-13.288,1,0,0.0404,133.718,0.833,8
0.00778,0.599,195027,0.866,0,9.990000000000004e-05,4,0.234,-2.702,1,47,0.0596,90.931,0.872,1
0.995,0.234,318453,0.14300000000000002,0,0.9,1,0.116,-19.249,0,0,0.0391,79.253,0.101,8
0.435,0.598,167267,0.89,0,0.8240000000000001,9,0.227,-4.863,0,52,0.0662,182.077,0.546,2
0.816,0.389,261200,0.401,0,6.43e-06,0,0.263,-11.605,1,34,0.0398,138.416,0.295,6
0.828,0.4970000000000001,133227,0.194,0,1.88e-05,5,0.102,-17.237000000000002,1,54,0.0364,105.656,0.511,6
0.035,0.505,298293,0.443,0,3.15e-06,2,0.0921,-7.039,1,53,0.0276,94.069,0.123,1
0.281,0.748,296907,0.746,1,3.3100000000000005e-05,1,0.632,-9.721,1,55,0.111,123.144,0.7090000000000001,4
0.0488,0.632,110733,0.28600000000000003,0,0.000364,7,0.093,-12.953,1,22,0.0315,119.914,0.588,5
0.442,0.621,168863,0.423,0,0.0,5,0.104,-7.223,1,46,0.0428,122.142,0.667,1
0.403,0.5589999999999999,219800,0.387,0,0.0,11,0.0659,-12.354,1,51,0.0267,137.471,0.342,4
0.992,0.468,176547,0.476,0,0.000192,7,0.21,-8.836,1,0,0.035,99.997,0.731,9
0.979,0.531,162107,0.0352,0,0.925,4,0.5489999999999999,-21.531,1,0,0.173,79.62100000000002,0.964,8
0.0732,0.43,195200,0.628,0,0.063,4,0.162,-11.726,0,43,0.0369,132.116,0.7809999999999999,5
0.575,0.6509999999999999,173787,0.495,0,0.0,11,0.0363,-7.297999999999999,0,54,0.0519,193.975,0.935,1
0.526,0.5920000000000001,152733,0.363,0,0.000696,4,0.319,-11.289,1,54,0.0431,101.077,0.618,6
0.5529999999999999,0.836,197533,0.311,0,0.00388,0,0.0999,-14.093,0,43,0.0568,113.101,0.963,5
0.21,0.628,98500,0.221,1,0.0,11,0.128,-16.641,0,0,0.951,174.85,0.665,9
0.482,0.6409999999999999,185467,0.68,0,0.0,0,0.101,-7.64,1,67,0.23,146.116,0.574,1
0.964,0.6409999999999999,41573,0.187,0,0.0,10,0.203,-19.83,1,0,0.86,86.82600000000002,0.627,7
0.131,0.535,304560,0.737,0,0.0,2,0.26,-5.154,1,62,0.0377,132.293,0.655,2
0.992,0.499,187598,0.515,0,0.939,8,0.109,-10.193,0,0,0.0495,121.078,0.92,9
0.984,0.387,194893,0.0205,0,2.17e-05,11,0.117,-15.951,0,23,0.0598,181.701,0.16699999999999998,6
0.177,0.498,270480,0.518,0,0.00983,3,0.151,-10.273,1,21,0.0297,129.773,0.601,5
0.274,0.6990000000000001,204600,0.747,1,0.0,5,0.486,-3.4530000000000003,1,63,0.0964,126.001,0.6829999999999999,1
0.257,0.58,163236,0.525,0,0.00322,2,0.322,-13.736,1,22,0.0365,89.905,0.665,5
0.196,0.6579999999999999,258600,0.953,0,5.770000000000001e-05,8,0.303,-7.487999999999999,1,34,0.0375,108.173,0.51,4
0.7959999999999999,0.0626,317133,0.257,0,0.935,4,0.0915,-17.379,0,33,0.0355,58.722,0.0385,6
0.981,0.295,283173,0.0646,0,0.845,0,0.0931,-21.6,1,11,0.0475,74.429,0.0589,10
0.993,0.38,175267,0.177,0,0.0112,10,0.138,-14.536,1,3,0.0358,110.422,0.459,8
0.8809999999999999,0.194,154840,0.28300000000000003,0,0.0353,6,0.108,-13.382,1,0,0.0372,70.32600000000001,0.112,9
0.0804,0.918,212333,0.753,0,0.0,7,0.16,-6.375,1,49,0.0671,113.985,0.8590000000000001,2
0.00325,0.435,203680,0.838,0,3.02e-06,1,0.353,-4.478,1,60,0.051,146.961,0.305,1
0.0045,0.68,312720,0.763,0,0.00462,9,0.106,-8.158,1,54,0.0908,105.902,0.385,3
0.901,0.5329999999999999,161019,0.317,0,0.16,3,0.109,-8.369,1,0,0.0295,102.295,0.631,8
0.992,0.627,166493,0.131,0,0.0078,2,0.13699999999999998,-8.789,0,0,0.349,81.903,0.642,8
0.877,0.787,79087,0.112,0,0.00043,5,0.113,-17.451,1,11,0.083,79.778,0.7959999999999999,8
0.34700000000000003,0.605,195360,0.735,0,0.000369,0,0.193,-10.536,1,23,0.0368,147.21200000000005,0.851,4
0.0589,0.586,295400,0.7,0,0.00125,0,0.0318,-9.558,1,73,0.0363,147.245,0.897,5
0.000304,0.345,141040,0.87,0,0.025,6,0.236,-10.876,1,31,0.0954,88.524,0.394,4
0.519,0.5720000000000001,349985,0.659,0,0.431,4,0.0721,-9.954,1,50,0.0304,156.994,0.69,1
0.981,0.438,176440,0.247,0,0.58,3,0.29100000000000004,-12.535,1,10,0.0322,95.638,0.317,7
0.121,0.5529999999999999,300973,0.6579999999999999,0,0.000244,1,0.0969,-5.862,1,52,0.0273,134.004,0.444,3
0.961,0.21,661107,0.221,0,0.921,4,0.349,-12.63,0,0,0.0351,83.443,0.133,7
0.993,0.436,177933,0.606,0,0.812,7,0.134,-15.397,1,15,0.034,167.011,0.96,9
0.775,0.5489999999999999,231347,0.4970000000000001,0,0.000112,3,0.15,-13.287,1,34,0.0252,97.505,0.716,5
0.5670000000000001,0.52,243507,0.626,0,1.55e-05,10,0.127,-9.462,0,27,0.0691,164.53599999999997,0.87,5
0.00109,0.664,218200,0.852,0,0.0,10,0.0765,-5.341,1,53,0.0521,115.0,0.5579999999999999,1
0.058,0.629,187440,0.747,0,1.05e-05,8,0.116,-5.894,1,39,0.04,136.20600000000002,0.978,3
0.0527,0.7659999999999999,201227,0.721,0,0.0,6,0.128,-4.46,0,74,0.0738,92.001,0.81,1
0.125,0.527,295107,0.67,0,0.0,2,0.17,-4.688,1,43,0.0305,141.893,0.272,1
0.00704,0.7959999999999999,220293,0.6579999999999999,0,0.0927,11,0.0885,-8.829,0,31,0.0457,137.65,0.8320000000000001,4
0.00269,0.617,261600,0.7290000000000001,0,0.131,2,0.109,-9.174,1,53,0.0306,109.638,0.835,5
0.972,0.449,170307,0.0839,0,9.2e-05,8,0.179,-10.074,1,5,0.0304,80.241,0.233,9
0.303,0.477,159840,0.238,0,0.025,9,0.123,-15.287,1,20,0.0393,131.515,0.531,6
0.235,0.537,128800,0.511,0,0.856,5,0.0239,-12.145,0,3,0.0598,115.144,0.525,7
0.223,0.6729999999999999,211387,0.581,0,0.000206,2,0.063,-10.205,1,70,0.029,130.77100000000002,0.818,5
0.0249,0.491,162809,0.6779999999999999,1,0.0,0,0.459,-4.829,1,60,0.324,86.75200000000002,0.146,1
0.0568,0.531,232627,0.43,0,1.22e-06,11,0.0964,-14.523,0,48,0.0578,124.284,0.453,4
0.606,0.474,151707,0.32,0,0.0549,7,0.121,-13.384,1,27,0.0545,72.609,0.044,5
0.738,0.562,239453,0.765,0,0.8909999999999999,0,0.108,-6.0310000000000015,1,42,0.0372,99.987,0.518,2
0.482,0.563,304520,0.274,0,0.000135,3,0.245,-12.995,1,49,0.0333,81.928,0.183,2
0.138,0.595,397880,0.277,0,0.000171,11,0.304,-19.08,1,42,0.0408,68.572,0.44,4
0.504,0.624,305493,0.405,0,6.31e-05,8,0.0999,-12.749,0,28,0.0263,99.215,0.35200000000000004,4
0.921,0.642,91227,0.604,0,1.7e-05,7,0.44,-10.14,1,3,0.44,72.41,0.396,9
0.985,0.7020000000000001,179600,0.221,0,0.711,11,0.0668,-9.523,0,0,0.0766,128.359,0.741,8
0.711,0.838,200147,0.219,0,0.00743,4,0.0656,-18.26,1,35,0.037000000000000005,113.956,0.7040000000000001,5
0.991,0.247,189933,0.595,0,0.0192,4,0.146,-5.303,1,0,0.0492,88.73100000000002,0.393,9
7.77e-06,0.415,205093,0.969,0,0.00784,11,0.0534,-4.506,1,36,0.0679,121.596,0.39,3
0.195,0.679,191440,0.853,1,0.0,0,0.132,-5.289,0,63,0.0659,76.064,0.767,1
0.107,0.6,250053,0.7040000000000001,0,2.63e-05,2,0.151,-6.069,0,43,0.0373,125.065,0.7340000000000001,5
0.00829,0.514,146627,0.971,0,1.6899999999999994e-05,4,0.62,-3.69,1,45,0.0506,99.064,0.675,2
0.972,0.43,252413,0.26,0,0.00477,3,0.39,-12.732,1,43,0.0319,102.27,0.53,1
0.77,0.542,202787,0.375,0,2.34e-06,0,0.195,-12.359000000000002,1,22,0.0272,106.087,0.4370000000000001,6
0.943,0.511,214880,0.198,0,1.49e-06,5,0.336,-18.532,1,0,0.0541,125.366,0.462,7
7.390000000000001e-05,0.34700000000000003,500933,0.893,0,0.00294,1,0.0667,-9.784,0,47,0.0958,126.492,0.366,3
0.97,0.4920000000000001,219560,0.596,0,0.043,2,0.284,-4.038,1,44,0.0395,86.95200000000001,0.5479999999999999,7
0.272,0.75,222387,0.472,0,0.0,5,0.263,-9.705,0,57,0.042,120.505,0.8809999999999999,2
0.0697,0.906,219867,0.93,0,0.0,1,0.463,-2.081,1,45,0.208,109.545,0.645,3
0.0945,0.7190000000000001,230093,0.731,0,1.92e-05,7,0.11,-5.114,1,47,0.0265,108.889,0.97,3
0.988,0.416,192400,0.595,0,0.2,5,0.594,-9.075,1,0,0.0903,77.527,0.579,8
0.0826,0.5660000000000001,194493,0.6629999999999999,0,1.05e-05,9,0.255,-7.7360000000000015,1,37,0.0287,116.162,0.735,4
0.26,0.68,219867,0.542,0,0.0,9,0.112,-8.847999999999997,0,68,0.0974,148.942,0.274,1
0.354,0.526,147160,0.675,0,0.000366,10,0.0845,-8.695,1,29,0.0431,162.007,0.961,6
0.257,0.445,254757,0.7040000000000001,1,0.0,7,0.19,-3.659,0,63,0.34600000000000003,199.863,0.402,1
0.987,0.384,203987,0.28800000000000003,0,0.0916,8,0.353,-8.779,0,0,0.031,81.721,0.55,9
0.258,0.779,287320,0.56,1,0.0,10,0.241,-7.564,0,58,0.253,142.032,0.421,1
0.16399999999999998,0.615,264507,0.942,0,0.0,9,0.0419,-4.037,1,33,0.0502,93.352,0.613,3
0.134,0.546,288293,0.653,0,0.0,6,0.0894,-9.279,0,29,0.0537,110.901,0.961,4
0.995,0.54,194933,0.207,0,0.8270000000000001,8,0.161,-15.698,0,0,0.0387,95.434,0.67,9
0.938,0.435,489133,0.416,0,0.0008460000000000001,0,0.151,-7.7879999999999985,0,23,0.0315,144.24200000000005,0.644,5
0.0527,0.54,259918,0.555,0,0.0,4,0.413,-9.858,0,56,0.07200000000000001,127.154,0.155,1
0.944,0.561,114333,0.124,0,2.55e-06,9,0.123,-15.459,0,36,0.0393,107.092,0.605,6
0.61,0.614,441427,0.4970000000000001,0,0.019,0,0.0715,-10.413,0,9,0.0564,128.151,0.6709999999999999,6
0.00546,0.565,186559,0.762,0,0.16899999999999998,9,0.623,-7.712999999999999,1,58,0.0309,99.932,0.63,1
0.731,0.29,118467,0.636,0,0.76,11,0.342,-19.684,0,17,0.174,136.357,0.23,9
0.965,0.562,159467,0.435,0,0.0,7,0.932,-13.963,1,34,0.575,111.367,0.591,7
0.5529999999999999,0.679,121800,0.38,0,3.25e-06,11,0.435,-13.745,0,1,0.947,83.23700000000002,0.515,7
0.989,0.332,70400,0.16899999999999998,0,0.000396,2,0.12,-18.804,1,11,0.045,83.351,0.211,8
0.000416,0.557,214707,0.862,0,0.00031600000000000004,0,0.0577,-4.029,1,57,0.0637,174.114,0.531,2
0.000858,0.6409999999999999,194693,0.73,0,0.122,0,0.287,-6.877000000000002,1,54,0.0307,87.991,0.34,1
0.863,0.453,189053,0.118,0,0.000236,10,0.185,-25.329,1,26,0.0404,84.405,0.494,6
0.987,0.509,194640,0.279,0,0.934,0,0.154,-14.436,1,0,0.0311,93.921,0.278,7
0.0762,0.696,210213,0.378,0,0.000801,0,0.677,-12.495,1,40,0.0258,109.795,0.0852,2
0.8740000000000001,0.732,154267,0.322,0,0.000216,2,0.162,-12.7,1,42,0.0412,98.511,0.913,3
0.12,0.5870000000000001,268667,0.731,0,5.78e-06,7,0.132,-5.6320000000000014,1,57,0.0398,110.936,0.539,1
0.785,0.348,192733,0.224,0,8.759999999999999e-05,3,0.0833,-10.674,1,22,0.035,72.18,0.195,7
0.284,0.474,263373,0.112,0,3.22e-06,5,0.108,-23.528,1,26,0.0292,154.789,0.264,4
0.0668,0.619,233933,0.517,0,0.000102,2,0.518,-11.234000000000002,1,39,0.0383,82.025,0.638,2
0.6559999999999999,0.754,170733,0.7190000000000001,0,0.00266,0,0.306,-8.073,1,0,0.0497,107.22,0.726,8
0.7859999999999999,0.67,244307,0.211,0,0.0,7,0.309,-15.880999999999998,1,23,0.0807,111.593,0.445,6
0.565,0.499,260827,0.404,0,0.0801,11,0.07,-12.895,1,40,0.0266,107.674,0.374,5
0.853,0.629,152307,0.212,0,0.0,10,0.134,-12.786,0,17,0.0298,81.30199999999998,0.8079999999999999,7
0.597,0.534,229373,0.297,0,0.00562,11,0.177,-15.675999999999998,0,25,0.0393,99.259,0.65,6
0.375,0.662,181693,0.5660000000000001,0,4.02e-06,9,0.162,-7.466,1,30,0.0328,107.497,0.642,5
0.00126,0.32299999999999995,465933,0.8909999999999999,0,0.019,6,0.243,-7.018,0,52,0.119,97.391,0.236,4
0.298,0.517,164533,0.449,0,0.0,2,0.0451,-9.615,1,19,0.0657,122.265,0.379,6
0.736,0.7390000000000001,200307,0.32,0,0.000147,11,0.111,-10.862,0,69,0.239,79.97,0.35100000000000003,1
0.309,0.264,219827,0.405,0,0.106,5,0.287,-12.483,1,31,0.0301,127.379,0.319,5
0.34700000000000003,0.402,189347,0.509,0,0.00509,4,0.103,-8.967,1,43,0.0301,140.593,0.61,3
0.00324,0.5539999999999999,292600,0.397,0,0.0523,7,0.0769,-13.538,1,33,0.0241,107.382,0.773,5
0.991,0.753,207122,0.168,0,0.836,7,0.131,-11.986,1,3,0.0493,91.282,0.482,10
0.423,0.75,227571,0.7340000000000001,1,0.0,7,0.293,-4.993,1,53,0.218,118.869,0.364,1
0.87,0.188,228067,0.117,0,0.648,5,0.21600000000000005,-19.826,1,0,0.0379,65.976,0.0381,7
0.242,0.279,257107,0.473,0,0.00164,4,0.158,-8.375,0,68,0.0309,167.792,0.246,5
0.16699999999999998,0.743,326933,0.34700000000000003,1,0.00951,1,0.103,-11.174,1,82,0.121,160.143,0.5720000000000001,1
0.0514,0.6559999999999999,176973,0.745,0,0.0,11,0.374,-8.834,0,44,0.103,157.44299999999996,0.908,5
0.00926,0.7709999999999999,333827,0.27,0,2.89e-05,1,0.0378,-20.775,1,28,0.0412,131.966,0.54,4
0.937,0.503,86107,0.14800000000000002,0,0.00338,10,0.21,-15.056,1,8,0.0547,74.917,0.17600000000000002,7
0.959,0.872,180413,0.411,0,0.855,0,0.0799,-14.594,0,0,0.0472,118.609,0.919,9
0.000231,0.277,237667,0.949,0,0.0,8,0.149,-2.596,1,39,0.171,114.616,0.204,2
0.7120000000000001,0.429,230720,0.469,0,0.0,9,0.0638,-10.694,1,0,0.0449,143.009,0.6629999999999999,9
0.225,0.677,236706,0.731,0,1.01e-06,7,0.192,-5.773,1,51,0.0872,85.00299999999999,0.7,1
0.215,0.8109999999999999,149813,0.635,0,0.0,5,0.2,-6.5939999999999985,1,59,0.0557,104.915,0.918,1
0.175,0.672,276387,0.989,0,0.596,3,0.284,-2.425,0,39,0.16399999999999998,125.998,0.156,3
0.995,0.33,268840,0.106,0,0.897,10,0.16399999999999998,-19.212,0,1,0.0441,83.414,0.0607,8
0.011,0.726,510667,0.5660000000000001,0,0.00015,11,0.547,-13.101,0,42,0.044,120.966,0.73,5
0.0279,0.765,298773,0.29,0,1.02e-06,4,0.5710000000000001,-17.117,0,75,0.139,92.409,0.506,3
0.752,0.721,173535,0.647,0,0.005379999999999999,7,0.266,-5.824,0,0,0.146,96.629,0.966,7
0.048,0.447,296733,0.5479999999999999,0,0.000674,2,0.124,-11.66,1,46,0.0404,159.51,0.126,3
0.129,0.71,168093,0.675,0,0.0,3,0.128,-7.558,1,42,0.0319,121.896,0.953,6
0.991,0.267,230773,0.193,0,0.88,6,0.19,-17.214000000000002,1,1,0.0781,79.244,0.34600000000000003,8
0.769,0.59,240427,0.331,1,0.00544,9,0.185,-9.986,1,60,0.0609,120.062,0.292,1
0.995,0.47,127640,0.0513,0,0.954,5,0.0943,-26.806,1,0,0.0347,59.323,0.281,8
0.277,0.4320000000000001,259680,0.485,0,0.755,9,0.184,-8.437999999999999,0,20,0.0287,113.878,0.287,6
0.774,0.439,131109,0.414,0,0.0,0,0.14800000000000002,-8.702,1,0,0.0384,124.259,0.534,8
0.0576,0.418,236267,0.397,0,0.154,2,0.189,-11.578,1,18,0.0309,115.939,0.47,6
0.952,0.16699999999999998,445520,0.11,0,0.969,0,0.0855,-23.029,1,39,0.0499,112.601,0.0339,2
0.426,0.51,465200,0.397,0,0.313,7,0.706,-14.056,1,26,0.0347,79.138,0.604,4
0.0392,0.7090000000000001,95720,0.202,1,0.000349,0,0.234,-21.261,1,0,0.884,130.017,0.439,8
0.114,0.7759999999999999,260600,0.77,0,0.0,3,0.279,-4.479,0,46,0.293,96.032,0.7909999999999999,2
0.983,0.304,246627,0.0116,0,0.963,7,0.104,-33.19,0,59,0.0337,77.84,0.0364,2
0.88,0.33,175933,0.455,0,0.309,5,0.16899999999999998,-10.318,1,11,0.04,86.70200000000001,0.34,6
0.831,0.659,445333,0.158,0,0.736,0,0.107,-21.081,0,9,0.0801,98.871,0.532,6
0.994,0.61,155000,0.136,0,0.00698,5,0.453,-15.128,1,0,0.0617,117.812,0.731,9
0.411,0.294,390293,0.326,0,1.42e-05,2,0.98,-15.853,1,50,0.0327,82.429,0.38,4
0.71,0.45,212027,0.324,0,0.000679,2,0.17600000000000002,-11.234000000000002,1,53,0.037000000000000005,179.13299999999995,0.354,1
0.149,0.6459999999999999,254573,0.431,0,0.00042800000000000016,2,0.108,-9.287,1,52,0.029,145.855,0.248,2
0.995,0.6990000000000001,180507,0.0659,0,0.254,5,0.11,-19.262,1,0,0.0864,111.489,0.7709999999999999,9
0.755,0.518,212667,0.261,0,0.00106,2,0.14400000000000002,-13.868,1,64,0.0272,73.336,0.2,4
0.967,0.456,122933,0.271,0,0.00354,8,0.0795,-12.344,1,0,0.0564,102.39,0.491,7
0.733,0.635,168827,0.18,0,1.79e-06,10,0.19,-13.843,1,41,0.04,73.006,0.528,6
0.937,0.298,135667,0.0947,0,0.858,0,0.11,-17.058,1,14,0.0474,117.705,0.0729,7
0.632,0.334,181080,0.388,0,0.0,7,0.757,-9.47,1,11,0.0308,75.585,0.557,6
0.006999999999999999,0.3720000000000001,231507,0.904,0,1.34e-06,5,0.112,-4.438,1,60,0.106,159.08100000000005,0.362,2
0.0826,0.408,296267,0.8,0,0.00292,2,0.138,-9.808,1,34,0.0333,105.916,0.339,5
0.029,0.34600000000000003,104440,0.265,0,0.7020000000000001,9,0.141,-16.082,1,42,0.0279,96.622,0.0365,3
0.0743,0.29600000000000004,173413,0.494,0,0.0,5,0.158,-10.107,0,34,0.033,142.251,0.523,5
0.51,0.621,137893,0.259,0,0.0,5,0.0672,-12.505,0,26,0.1,138.664,0.836,7
0.0208,0.755,231933,0.884,1,2.97e-06,10,0.248,-5.296,0,64,0.0638,121.927,0.897,1
0.0704,0.629,337676,0.715,0,1.8e-06,4,0.428,-10.905,1,32,0.0346,134.406,0.863,4
0.212,0.7040000000000001,176760,0.596,0,0.000167,7,0.325,-8.347999999999999,1,44,0.0353,92.858,0.8340000000000001,2
0.8,0.586,150893,0.524,0,0.452,0,0.0435,-10.276,1,17,0.0327,154.898,0.964,6
0.993,0.8590000000000001,172013,0.0797,0,0.0114,9,0.384,-16.848,1,0,0.4270000000000001,117.115,0.682,10
0.00461,0.535,206867,0.5579999999999999,0,0.8240000000000001,6,0.0821,-10.755999999999998,1,51,0.0741,109.69,0.215,2
0.77,0.229,193387,0.39,0,0.0,10,0.299,-10.183,1,32,0.0323,79.866,0.43,6
0.978,0.215,122267,0.155,0,0.000683,4,0.14400000000000002,-16.678,0,0,0.0405,66.168,0.128,7
0.643,0.615,97400,0.586,0,6.53e-06,11,0.0951,-8.541,1,22,0.0304,132.234,0.968,6
0.7,0.512,175400,0.28600000000000003,0,0.0,2,0.0615,-11.757,1,57,0.0664,97.724,0.894,4
0.134,0.669,315745,0.754,0,0.0069,10,0.46,-12.223,1,52,0.0279,112.683,0.906,3
0.88,0.383,134347,0.256,0,2.69e-06,0,0.16899999999999998,-8.572000000000001,1,60,0.0332,114.188,0.519,1
0.95,0.254,709333,0.123,0,0.00379,0,0.117,-19.322,1,0,0.0625,77.527,0.0568,8
8.5e-06,0.563,261627,0.8740000000000001,0,0.8220000000000001,8,0.0518,-6.136,1,45,0.0376,117.005,0.545,2
0.00551,0.5329999999999999,302994,0.966,0,0.00047,9,0.223,-5.204,1,38,0.0523,150.336,0.7609999999999999,3
0.0111,0.494,239467,0.8809999999999999,0,0.00977,9,0.104,-4.773,1,48,0.037000000000000005,160.942,0.623,2
0.393,0.563,274067,0.6940000000000001,0,0.8109999999999999,9,0.226,-13.243,0,5,0.0611,123.777,0.463,7
0.417,0.616,170893,0.731,0,0.0007160000000000001,4,0.725,-7.282,1,42,0.0569,91.444,0.909,3
0.0007,0.202,239267,0.908,0,0.0,9,0.619,-9.707,1,33,0.0689,207.127,0.3720000000000001,4
0.117,0.604,220827,0.961,0,2.9100000000000013e-05,0,0.36,-5.871,1,27,0.0694,135.162,0.745,5
0.287,0.471,232867,0.328,0,0.00218,7,0.0833,-13.049,1,52,0.0268,129.97799999999998,0.537,5
0.233,0.44,246893,0.4270000000000001,0,7.51e-06,10,0.335,-12.797,1,31,0.0329,104.198,0.413,5
0.982,0.586,137482,0.329,0,1.28e-05,10,0.197,-12.87,1,1,0.127,156.07299999999995,0.778,8
0.688,0.6579999999999999,157800,0.154,0,0.0,7,0.14300000000000002,-19.493,1,0,0.545,132.734,0.383,8
0.972,0.22,132533,0.219,0,0.858,1,0.0541,-14.295,1,41,0.0325,76.373,0.039,3
0.445,0.515,226760,0.325,0,3.67e-05,10,0.0641,-12.639,1,38,0.0279,105.693,0.116,3
0.989,0.56,132280,0.0803,0,0.00281,9,0.16399999999999998,-21.783,1,9,0.0345,94.797,0.5760000000000001,7
0.962,0.711,205773,0.279,0,0.531,8,0.44,-16.719,1,1,0.108,116.797,0.662,9
0.0485,0.696,225080,0.7340000000000001,0,0.0,7,0.183,-5.294,1,70,0.0298,107.987,0.711,1
0.065,0.34,255333,0.986,0,0.00462,7,0.975,-6.5760000000000005,1,28,0.333,129.342,0.223,5
0.2,0.505,142480,0.6459999999999999,0,3.15e-06,0,0.252,-15.064,1,36,0.0363,202.36,0.462,4
0.0621,0.767,237493,0.479,0,0.0,11,0.0531,-13.342,1,45,0.253,81.42699999999998,0.833,3
0.992,0.398,191867,0.117,0,0.933,10,0.127,-21.14,1,0,0.0483,129.84,0.168,8
0.493,0.474,140573,0.82,0,0.0,0,0.0978,-7.699,1,62,0.243,164.718,0.6970000000000001,3
0.995,0.395,145853,0.0296,0,0.914,2,0.107,-24.394,1,0,0.0551,70.742,0.384,8
0.947,0.213,462000,0.129,0,0.0565,7,0.201,-21.303,1,0,0.0449,87.339,0.066,8
0.993,0.414,81173,0.16,0,0.955,8,0.27,-21.197,1,4,0.0373,75.403,0.691,8
0.00873,0.612,357173,0.787,0,1.4e-06,9,0.17,-6.471,1,52,0.0389,98.563,0.674,3
0.914,0.403,186373,0.14400000000000002,0,0.000348,11,0.235,-15.434,0,10,0.0275,80.108,0.187,6
0.5820000000000001,0.623,213200,0.711,0,0.00202,11,0.106,-12.188,0,31,0.0371,98.21,0.919,4
0.961,0.35,202067,0.125,0,0.0,5,0.208,-12.946,1,0,0.0351,95.429,0.0956,7
0.626,0.476,220845,0.606,0,0.00099,10,0.0404,-8.008,1,48,0.0761,192.026,0.917,3
0.217,0.63,338280,0.5760000000000001,0,0.6859999999999999,7,0.129,-9.046,0,58,0.0304,138.009,0.471,2
0.852,0.596,120533,0.5479999999999999,0,0.0,5,0.359,-11.681,0,6,0.0301,104.048,0.813,9
0.0377,0.5579999999999999,170293,0.8540000000000001,0,0.0,11,0.114,-5.195,0,42,0.117,158.605,0.8009999999999999,2
0.0216,0.933,228533,0.445,1,0.0,11,0.129,-9.306,0,33,0.333,97.994,0.439,3
0.967,0.438,156253,0.0169,0,0.00108,5,0.138,-24.366,0,20,0.0458,127.943,0.124,6
0.0451,0.696,208707,0.688,1,0.0,3,0.363,-5.002,1,48,0.0419,122.026,0.266,1
0.996,0.514,96173,0.0189,0,0.957,8,0.105,-26.309,0,4,0.0487,80.268,0.377,8
0.244,0.8640000000000001,257867,0.476,1,0.0,8,0.772,-9.016,1,40,0.433,81.896,0.626,2
0.963,0.5710000000000001,161320,0.287,0,0.00213,0,0.329,-7.061,1,0,0.0405,141.73,0.655,9
0.991,0.71,135569,0.5489999999999999,0,0.8170000000000001,11,0.269,-10.2,1,0,0.158,127.806,0.961,8
0.0056700000000000006,0.41,207613,0.789,0,0.0,0,0.294,-5.815,1,47,0.0431,159.89,0.532,2
0.108,0.8909999999999999,201038,0.58,0,0.000678,7,0.0665,-9.798,0,60,0.0887,115.789,0.945,1
0.467,0.0791,350493,0.1,0,0.916,7,0.103,-19.084,1,45,0.0418,82.29299999999998,0.0538,7
0.0244,0.542,296800,0.7,0,0.00404,8,0.0365,-12.438,1,24,0.0427,138.717,0.949,4
0.0551,0.479,244973,0.542,0,6.15e-05,6,0.117,-10.445,0,38,0.292,98.299,0.2,3
0.00116,0.7659999999999999,274840,0.52,1,0.0189,7,0.3,-9.371,1,44,0.105,79.83800000000002,0.556,2
0.00627,0.7659999999999999,202627,0.873,0,0.0,11,0.0764,-6.381,0,78,0.14300000000000002,126.988,0.743,1
0.975,0.0859,172000,0.018000000000000002,0,0.861,9,0.0966,-34.926,1,36,0.0449,84.447,0.0539,3
0.885,0.498,163396,0.188,0,3.81e-05,5,0.4920000000000001,-13.765,1,11,0.0438,88.25200000000002,0.507,7
0.0567,0.487,192960,0.64,0,1.5399999999999998e-05,10,0.454,-8.734,1,24,0.04,90.792,0.698,5
0.00149,0.606,237160,0.884,0,0.0,2,0.159,-5.465,0,46,0.0535,130.01,0.6459999999999999,2
0.754,0.3720000000000001,237427,0.355,0,0.0,8,0.16699999999999998,-8.436,0,74,0.03,126.705,0.142,0
0.595,0.664,224920,0.327,0,0.00906,9,0.0842,-16.718,1,41,0.0288,127.396,0.701,4
0.196,0.625,282732,0.71,0,0.0012,0,0.181,-8.577,0,59,0.0535,160.14700000000005,0.573,1
0.913,0.684,140733,0.119,0,6.59e-05,8,0.112,-14.731,1,44,0.0426,89.805,0.6829999999999999,5
0.989,0.463,177253,0.102,0,0.00354,6,0.111,-13.689,0,49,0.0436,133.946,0.456,5
0.363,0.773,160000,0.62,1,2.37e-06,9,0.175,-5.252000000000002,1,66,0.103,84.975,0.624,1
0.856,0.393,151144,0.0051600000000000005,0,0.89,5,0.142,-34.564,1,57,0.0355,70.012,0.21,1
0.912,0.431,251693,0.16699999999999998,0,2.36e-05,7,0.0966,-18.642,1,28,0.0314,102.565,0.386,5
0.852,0.41,130800,0.181,0,0.0,0,0.242,-16.16,1,35,0.0403,159.099,0.7509999999999999,4
0.946,0.397,142347,0.133,0,0.17,2,0.103,-18.558,0,30,0.0462,106.359,0.325,9
0.425,0.564,142440,0.326,0,0.0,7,0.742,-16.436,1,62,0.127,123.608,0.688,2
0.0686,0.521,253267,0.818,0,0.0264,9,0.327,-11.535,1,38,0.0533,114.49,0.59,4
0.45,0.745,203427,0.7120000000000001,0,0.664,9,0.359,-11.675,1,30,0.0326,122.595,0.7240000000000001,3
0.224,0.654,203880,0.489,0,5.14e-05,5,0.135,-11.949000000000002,1,43,0.0269,109.988,0.496,3
0.466,0.466,347533,0.31,0,0.0017,7,0.958,-12.772,1,31,0.0348,101.001,0.365,4
0.381,0.674,473387,0.647,0,2.83e-06,9,0.759,-6.539,1,30,0.179,140.05200000000002,0.797,5
0.994,0.439,47627,0.304,0,0.892,10,0.114,-23.388,1,0,0.0461,168.37900000000005,0.967,8
0.435,0.6829999999999999,332138,0.6920000000000001,0,2.39e-06,11,0.973,-6.603,0,30,0.152,134.08100000000002,0.809,5
0.754,0.591,77000,0.49,0,0.0,5,0.386,-13.387,0,22,0.0424,96.976,0.965,6
0.957,0.634,171468,0.21600000000000005,0,3.03e-05,4,0.123,-14.457,1,0,0.48,165.583,0.914,8
0.99,0.425,209573,0.313,0,0.259,4,0.104,-11.314,1,0,0.0627,82.943,0.479,7
0.7120000000000001,0.473,140293,0.416,0,0.0,1,0.361,-12.712,1,19,0.0382,121.07,0.809,6
0.957,0.0889,564640,0.0653,0,0.821,6,0.0975,-22.873,0,0,0.0511,71.248,0.0502,7
0.165,0.727,175840,0.489,0,0.0,1,0.101,-9.752,0,41,0.0291,120.544,0.823,3
0.128,0.565,198533,0.677,0,0.0,8,0.106,-4.746,1,34,0.0526,177.166,0.847,5
0.00777,0.71,232800,0.882,0,0.00771,4,0.294,-2.932,0,66,0.0595,128.016,0.875,1
0.941,0.624,210067,0.48,0,0.0,6,0.271,-4.204,0,0,0.064,127.03,0.615,7
0.923,0.597,383400,0.267,0,0.9,0,0.135,-11.63,1,26,0.0397,106.268,0.443,6
0.995,0.483,162067,0.0774,0,0.00329,5,0.0782,-15.245,1,3,0.076,80.851,0.426,9
0.6659999999999999,0.753,142760,0.617,0,2.71e-05,7,0.748,-8.035,1,17,0.153,108.053,0.914,7
0.277,0.7390000000000001,288200,0.418,0,0.0258,4,0.108,-13.345,1,51,0.031,115.196,0.278,4
0.00079,0.59,249000,0.8859999999999999,0,0.00153,11,0.0884,-7.995,0,44,0.0362,133.34,0.5670000000000001,3
0.894,0.498,154440,0.256,0,0.0,7,0.208,-12.169,1,43,0.0482,99.21,0.25,3
0.746,0.138,203067,0.7120000000000001,0,0.773,0,0.0714,-5.271,1,36,0.069,99.877,0.133,6
0.912,0.541,179293,0.153,0,0.00029,10,0.0979,-15.171,1,9,0.0352,114.834,0.675,7
0.359,0.616,226104,0.526,0,1.02e-05,9,0.0441,-7.495,1,34,0.0309,131.627,0.632,3
0.248,0.667,187773,0.7,0,1.23e-05,9,0.6559999999999999,-8.595,0,31,0.0956,110.134,0.616,5
0.953,0.736,209533,0.314,0,0.754,2,0.0999,-14.878,1,3,0.0443,110.888,0.664,7
0.0372,0.547,242067,0.794,0,0.0,7,0.114,-4.713,1,47,0.0276,96.034,0.568,1
0.145,0.915,147907,0.752,1,0.0,7,0.0934,-4.4430000000000005,1,51,0.253,120.185,0.882,1
0.00441,0.5379999999999999,239493,0.725,0,0.00678,6,0.138,-9.713,0,27,0.0374,165.863,0.946,3
0.29,0.457,394200,0.6509999999999999,0,6.26e-06,4,0.0382,-7.3,1,32,0.0377,188.176,0.908,3
0.975,0.616,192070,0.174,0,0.0,3,0.13,-8.537,0,0,0.487,184.224,0.841,7
0.904,0.309,304773,0.098,0,0.00294,2,0.113,-15.025,0,26,0.0392,107.749,0.068,3
0.00947,0.487,270715,0.789,1,4.05e-06,8,0.189,-3.69,1,84,0.044,150.007,0.0564,1
0.243,0.54,189733,0.7759999999999999,0,0.0,4,0.378,-4.155,1,61,0.043,164.046,0.784,1
0.0297,0.737,321840,0.309,0,0.0005110000000000001,0,0.313,-12.437,0,46,0.0426,118.218,0.763,4
0.871,0.642,134693,0.243,0,0.0,9,0.0897,-16.831,0,0,0.0837,114.127,0.738,7
0.636,0.7120000000000001,166867,0.856,0,0.0,2,0.168,-9.457,1,10,0.0332,97.431,0.934,7
0.262,0.508,170813,0.81,0,6.7e-06,9,0.318,-5.399,1,25,0.027000000000000003,104.316,0.773,6
0.52,0.459,500960,0.198,0,0.0,9,0.0594,-19.453,0,28,0.0645,88.27600000000002,0.222,4
0.994,0.424,154932,0.34700000000000003,0,0.948,5,0.906,-14.695,0,0,0.033,85.292,0.428,9
0.8170000000000001,0.8140000000000001,118998,0.515,0,0.389,10,0.117,-10.88,1,11,0.0379,99.581,0.905,6
1.75e-05,0.18,285413,0.8440000000000001,0,0.00131,2,0.344,-6.056,1,36,0.0313,171.753,0.529,3
0.0167,0.943,334827,0.494,1,1.28e-06,6,0.266,-12.717,0,40,0.163,108.103,0.635,4
0.983,0.531,171520,0.305,0,0.364,11,0.125,-12.191,1,0,0.0475,141.27700000000004,0.6509999999999999,8
0.59,0.638,321000,0.298,0,0.0,6,0.267,-8.704,1,10,0.0328,105.209,0.479,7
0.008159999999999999,0.539,227493,0.815,0,0.00397,2,0.292,-5.9570000000000025,1,54,0.0543,134.274,0.527,1
0.957,0.513,259720,0.215,0,0.0928,3,0.104,-13.712,1,22,0.0373,65.583,0.326,7
0.0873,0.449,179096,0.541,0,0.0,11,0.17,-10.299,0,43,0.0417,125.156,0.276,2
0.612,0.523,210628,0.482,0,0.0103,4,0.264,-6.646,1,53,0.0245,79.581,0.28300000000000003,1
0.289,0.57,187453,0.512,0,0.909,8,0.0759,-10.412,1,33,0.044,75.617,0.6970000000000001,6
0.213,0.858,211883,0.547,1,0.0,1,0.104,-5.822,1,71,0.29,128.02,0.303,0
0.16699999999999998,0.7859999999999999,349907,0.942,1,0.0,10,0.471,-4.297,0,39,0.331,156.805,0.8,2
0.218,0.912,106667,0.695,1,0.0,6,0.11,-7.751,1,63,0.0771,99.044,0.716,1
0.185,0.759,227373,0.422,0,6.86e-05,7,0.0913,-17.374000000000002,1,24,0.0345,118.385,0.89,4
0.0441,0.565,227413,0.96,0,0.00183,4,0.35200000000000004,-3.503,0,51,0.0354,118.999,0.888,3
0.278,0.812,170326,0.495,1,0.0,6,0.0876,-7.42,0,61,0.416,82.569,0.408,1
0.0301,0.532,276480,0.815,0,0.0,8,0.0721,-5.834,1,53,0.0392,149.72799999999995,0.546,2
0.687,0.721,195756,0.312,0,0.0,10,0.107,-7.599,1,39,0.0614,98.767,0.962,3
0.109,0.557,178933,0.862,0,2.11e-06,6,0.0529,-7.892,1,41,0.0582,129.719,0.655,5
0.43,0.5379999999999999,230440,0.34,0,5.820000000000001e-05,5,0.0936,-12.064,1,44,0.0244,76.344,0.165,4
0.996,0.5479999999999999,147267,0.177,0,0.905,0,0.11,-17.2,0,6,0.0495,128.29399999999998,0.496,7
0.0108,0.8,201840,0.894,0,0.4370000000000001,6,0.0285,-7.346,0,74,0.04,138.48,0.967,3
0.0256,0.848,190640,0.887,1,0.0,10,0.29100000000000004,-3.437,0,40,0.264,93.915,0.5870000000000001,3
0.949,0.515,193400,0.162,0,2.77e-05,0,0.116,-13.451,1,48,0.0402,108.3,0.451,2
0.5710000000000001,0.5660000000000001,127259,0.599,0,0.000175,9,0.309,-8.832,0,2,0.0399,146.765,0.866,7
0.64,0.509,135067,0.385,0,0.00146,6,0.0609,-12.751,1,26,0.0303,123.475,0.37,6
0.746,0.568,170918,0.29100000000000004,0,2.26e-06,2,0.118,-11.674,1,22,0.0359,113.474,0.422,6
0.7490000000000001,0.737,275627,0.804,0,5.400000000000002e-06,11,0.128,-6.5420000000000025,0,40,0.0385,88.15100000000002,0.897,3
0.476,0.195,218960,0.139,0,0.706,2,0.0671,-20.849,0,45,0.0381,58.63800000000001,0.035,3
0.00376,0.627,176987,0.971,1,4.11e-05,2,0.246,-3.017,1,52,0.0376,101.0,0.605,1
0.44,0.691,98500,0.154,1,0.0,7,0.399,-18.21,1,0,0.947,140.68200000000002,0.691,9
0.831,0.648,153013,0.62,0,0.0,0,0.743,-10.009,1,18,0.249,110.668,0.906,6
0.238,0.718,243893,0.85,0,1.24e-05,6,0.136,-8.987,0,46,0.0484,93.028,0.721,3
0.231,0.606,258853,0.6459999999999999,0,0.00121,8,0.0471,-8.485,1,50,0.0489,86.771,0.79,2
0.00978,0.179,191360,0.579,0,0.809,9,0.145,-6.2029999999999985,1,29,0.035,188.323,0.276,4
0.14800000000000002,0.899,287107,0.491,0,3.82e-06,6,0.411,-11.043,0,54,0.258,107.706,0.826,4
0.898,0.158,164627,0.416,0,0.0,5,0.0936,-8.994,1,28,0.0398,179.757,0.24,7
0.00556,0.737,262800,0.89,0,0.00171,4,0.0801,-8.443,1,54,0.158,105.848,0.809,3
0.6859999999999999,0.499,163000,0.5329999999999999,0,0.0,5,0.0558,-9.751,1,0,0.0497,123.51,0.971,7
0.0024,0.3670000000000001,123333,0.8009999999999999,0,0.000273,2,0.0603,-5.396,1,51,0.13699999999999998,107.014,0.624,2
0.128,0.7709999999999999,202093,0.913,0,0.0,9,0.0732,-2.884,1,43,0.0505,110.584,0.924,1
0.99,0.369,156213,0.0518,0,0.922,8,0.103,-27.151,1,16,0.0416,79.281,0.0995,7
0.21600000000000005,0.66,220427,0.688,0,0.0016,4,0.0685,-12.563,0,49,0.0304,87.126,0.718,5
0.231,0.51,182533,0.6659999999999999,0,2.8300000000000014e-05,7,0.221,-12.655,1,30,0.0304,169.553,0.884,5
0.00139,0.239,285680,0.976,0,0.107,7,0.682,-6.8889999999999985,1,44,0.177,159.642,0.17,2
0.312,0.645,227080,0.718,0,7.94e-06,2,0.292,-6.024,1,30,0.0604,130.63299999999998,0.962,5
0.626,0.6609999999999999,311013,0.369,0,0.249,10,0.0841,-14.308,0,19,0.0447,114.361,0.278,6
0.925,0.491,205400,0.29600000000000004,0,0.918,3,0.113,-19.581,1,12,0.0547,141.662,0.789,6
0.99,0.6709999999999999,166017,0.365,0,0.000484,7,0.344,-3.402,0,0,0.126,85.07700000000001,0.513,9
0.0477,0.61,198613,0.867,0,0.0,4,0.14,-3.677,1,50,0.0332,117.009,0.742,1
0.231,0.625,138773,0.509,0,3.48e-05,2,0.122,-15.562,1,35,0.0293,125.045,0.973,5
0.6629999999999999,0.746,198333,0.443,0,0.0,4,0.223,-11.305,1,67,0.0359,91.11,0.5539999999999999,3
0.00109,0.297,191053,0.6409999999999999,0,0.0385,1,0.757,-9.009,0,43,0.0545,132.088,0.202,5
0.444,0.598,298040,0.677,0,1.88e-05,8,0.1,-8.141,0,48,0.0617,120.946,0.315,1
0.556,0.672,196507,0.485,0,0.0,5,0.0928,-13.055,0,36,0.0786,91.815,0.8190000000000001,5
5.34e-05,0.257,204400,0.8059999999999999,0,0.0561,4,0.285,-8.333,1,32,0.0438,143.998,0.557,3
0.0317,0.45,226933,0.946,0,0.000392,9,0.28300000000000003,-2.289,0,43,0.0461,102.454,0.328,1
0.895,0.5,160293,0.313,0,0.0,10,0.0879,-11.869000000000002,1,0,0.0478,181.1,0.813,8
0.0573,0.547,282067,0.413,0,8.590000000000001e-05,7,0.946,-14.257,1,30,0.0435,120.563,0.32299999999999995,4
0.0458,0.53,229907,0.6890000000000001,0,0.0,8,0.187,-6.166,1,47,0.0267,135.746,0.595,2
0.901,0.568,185000,0.387,0,1.08e-06,2,0.6,-11.171,1,7,0.0622,104.457,0.35200000000000004,7
0.995,0.429,174890,0.113,0,0.000451,7,0.112,-12.494000000000002,0,0,0.0408,63.698,0.226,9
0.978,0.392,195898,0.29600000000000004,0,0.8540000000000001,11,0.113,-13.513,1,0,0.0463,121.337,0.435,9
0.411,0.502,155373,0.655,0,5.8e-06,3,0.0845,-8.982999999999997,1,51,0.0358,179.676,0.8859999999999999,2
0.0442,0.601,207227,0.799,1,0.0,2,0.0671,-4.095,1,47,0.115,177.92,0.58,1
0.984,0.51,183485,0.0559,0,0.00263,1,0.29100000000000004,-17.185,1,1,0.0377,100.186,0.446,9
0.863,0.65,162067,0.174,0,0.000179,0,0.145,-14.599,1,0,0.309,111.193,0.304,7
0.99,0.6890000000000001,185853,0.319,0,0.523,0,0.0421,-12.398,1,0,0.0612,97.806,0.8009999999999999,10
0.259,0.505,165387,0.56,0,0.0255,7,0.34700000000000003,-10.4,0,11,0.0669,140.39700000000002,0.764,6
0.991,0.379,335533,0.123,0,0.00351,2,0.108,-19.999,1,8,0.0545,92.901,0.269,7
0.931,0.507,181533,0.197,0,0.00239,7,0.129,-11.732,1,10,0.0351,63.425,0.378,9
0.327,0.586,174760,0.318,0,0.0,2,0.153,-8.582,1,36,0.0307,150.836,0.585,6
0.138,0.487,171893,0.741,0,0.0,4,0.322,-11.849,1,27,0.0648,169.392,0.669,5
0.008459999999999999,0.448,263773,0.763,0,2.21e-05,8,0.0607,-11.366,1,43,0.0447,145.872,0.672,4
0.775,0.403,260067,0.301,0,0.000123,1,0.115,-18.421,1,55,0.0469,147.499,0.333,6
0.32299999999999995,0.502,206307,0.551,0,0.0,3,0.409,-14.469,1,44,0.0322,120.687,0.8420000000000001,5
0.0933,0.688,199267,0.309,0,0.0,9,0.136,-14.826,0,31,0.0282,92.963,0.471,4
0.507,0.64,185493,0.509,0,0.052000000000000005,1,0.8059999999999999,-11.463,1,37,0.0781,94.963,0.546,3
0.241,0.263,676987,0.171,0,0.87,1,0.0766,-11.748,1,47,0.0338,111.995,0.038,2
0.845,0.471,307173,0.273,0,0.0,1,0.12,-10.072,1,62,0.0324,138.683,0.188,1
0.951,0.11,497493,0.32299999999999995,0,0.703,8,0.211,-12.672,1,0,0.0365,80.445,0.0372,7
0.0114,0.522,293907,0.882,0,0.00462,7,0.644,-8.642000000000001,1,34,0.0701,85.13600000000002,0.7829999999999999,4
0.906,0.856,192893,0.132,0,0.8440000000000001,0,0.13,-20.156,0,12,0.0545,122.995,0.634,7
0.238,0.596,156827,0.523,0,0.0,2,0.0771,-6.801,1,46,0.0248,100.974,0.435,6
0.015,0.619,246307,0.637,0,0.0,2,0.374,-7.369,1,24,0.0286,105.205,0.936,5
0.979,0.292,114066,0.007659999999999998,0,0.0,1,0.123,-29.214,1,7,0.0585,68.285,0.0536,7
0.8290000000000001,0.59,391893,0.396,0,0.0207,0,0.28,-12.62,1,50,0.0411,99.971,0.518,1
0.0927,0.5539999999999999,193467,0.8420000000000001,0,0.0,11,0.12,-5.75,0,44,0.0305,102.684,0.962,5
0.7879999999999999,0.7070000000000001,219640,0.222,0,0.0,7,0.205,-11.716,1,77,0.0329,110.095,0.556,1
0.0427,0.31,253960,0.797,0,0.0106,8,0.867,-12.513,1,21,0.0694,141.779,0.483,5
0.595,0.701,133867,0.4970000000000001,0,3.12e-05,4,0.118,-10.05,1,47,0.0316,96.513,0.963,2
0.0914,0.78,292187,0.748,0,2.54e-05,0,0.119,-7.791,1,36,0.0707,151.625,0.956,4
0.545,0.474,199267,0.473,0,1.25e-06,2,0.0356,-11.454,1,63,0.0601,77.583,0.561,5
0.784,0.259,204027,0.204,0,8.65e-05,10,0.363,-17.525,1,23,0.0386,173.14,0.334,7
0.522,0.365,242627,0.5870000000000001,0,8.26e-06,2,0.0841,-7.107,0,38,0.0395,135.84,0.539,5
0.0129,0.495,191493,0.735,0,0.0,0,0.726,-8.077,1,44,0.033,148.191,0.885,5
0.115,0.695,372973,0.888,0,6.43e-06,11,0.194,-4.062,0,36,0.116,154.874,0.762,3
0.8490000000000001,0.586,212787,0.358,0,0.0208,10,0.112,-11.974,0,12,0.0402,141.713,0.737,7
0.813,0.5660000000000001,429320,0.276,0,0.000634,4,0.29,-11.856,1,40,0.0646,122.93,0.349,5
0.129,0.8809999999999999,383333,0.733,0,0.000112,10,0.0371,-6.434,1,43,0.0371,125.988,0.943,5
0.276,0.547,149533,0.581,0,0.0119,7,0.212,-6.533,1,33,0.028,98.301,0.441,6
0.5329999999999999,0.5820000000000001,238840,0.525,0,8.3e-05,5,0.17600000000000002,-12.19,1,22,0.0283,93.777,0.611,5
0.127,0.57,182013,0.8029999999999999,1,0.0,9,0.662,-5.2879999999999985,0,48,0.334,76.908,0.7190000000000001,1
0.995,0.8740000000000001,174600,0.251,0,0.8370000000000001,8,0.165,-10.737,1,0,0.266,117.881,0.784,10
0.603,0.612,140107,0.5870000000000001,0,0.0,9,0.0631,-5.78,1,55,0.057,124.551,0.969,3
0.98,0.0929,329227,0.0427,0,0.158,1,0.0759,-27.504,1,21,0.0454,63.00899999999999,0.0367,6
0.993,0.715,176000,0.179,0,0.812,4,0.166,-14.477,0,0,0.0863,115.783,0.688,10
0.232,0.654,214427,0.487,0,0.0,10,0.0842,-11.029000000000002,1,50,0.0312,99.596,0.731,3
0.616,0.289,416893,0.262,0,0.0012,0,0.933,-11.907,1,45,0.0304,136.47,0.154,2
0.435,0.514,375293,0.58,0,0.000113,8,0.359,-8.992,0,23,0.0262,82.03200000000002,0.624,5
0.821,0.469,220267,0.682,0,0.0,6,0.807,-17.088,1,41,0.925,78.405,0.285,3
0.792,0.705,434533,0.4270000000000001,0,0.00574,7,0.501,-12.502,1,47,0.0506,105.489,0.7490000000000001,2
0.0449,0.477,184747,0.728,0,0.0,8,0.101,-5.975,1,63,0.0337,162.084,0.613,1
0.000231,0.574,207027,0.789,0,0.0544,2,0.431,-5.211,1,42,0.0324,127.496,0.706,4
0.992,0.523,193567,0.301,0,0.421,4,0.131,-13.303,1,0,0.0349,76.756,0.465,9
0.42,0.74,202893,0.399,0,0.887,2,0.228,-14.202,1,0,0.0294,109.856,0.5820000000000001,8
0.0538,0.752,163902,0.6729999999999999,1,0.0,10,0.133,-5.7920000000000025,0,85,0.153,164.009,0.35,0
0.99,0.411,231800,0.0488,0,0.191,5,0.142,-20.64,1,0,0.0769,169.233,0.469,8
0.396,0.7829999999999999,222667,0.836,0,0.0236,0,0.135,-9.223,0,68,0.0486,108.966,0.831,4
0.0109,0.7809999999999999,239987,0.898,1,0.0,1,0.238,-2.247,1,44,0.243,167.833,0.931,2
0.5429999999999999,0.675,180093,0.52,0,0.000256,3,0.0965,-9.515,1,49,0.0317,117.008,0.701,2
0.166,0.7709999999999999,278533,0.826,1,0.0,7,0.358,-7.457999999999997,1,44,0.261,98.368,0.338,3
0.969,0.7759999999999999,108320,0.382,0,2.87e-05,3,0.113,-11.616,1,6,0.0547,92.467,0.57,7
0.00349,0.728,193043,0.8009999999999999,0,0.000195,4,0.0907,-3.636,1,62,0.0752,119.989,0.813,1
0.899,0.62,144170,0.507,0,0.0,9,0.17800000000000002,-6.6229999999999976,1,51,0.046,108.559,0.569,2
0.359,0.82,224827,0.618,0,8.6e-05,2,0.0677,-8.823,1,43,0.394,142.859,0.868,4
0.871,0.451,145000,0.266,0,0.00238,3,0.161,-14.457,0,17,0.0335,106.807,0.24,7
0.396,0.69,308160,0.5660000000000001,0,0.0,6,0.101,-6.8889999999999985,1,38,0.0449,100.73,0.596,4
0.995,0.835,170400,0.0725,0,0.298,1,0.119,-15.880999999999998,1,0,0.245,117.581,0.568,10
0.993,0.695,195040,0.238,0,0.0197,0,0.0806,-10.332,1,0,0.0464,110.27,0.785,10
0.977,0.604,174973,0.117,0,0.763,0,0.113,-18.992,0,10,0.0531,93.163,0.721,7
0.13,0.394,268213,0.995,0,0.00459,1,0.263,-4.9460000000000015,1,56,0.105,148.196,0.199,4
0.972,0.441,294053,0.304,0,0.0867,2,0.233,-12.129,1,0,0.0757,141.866,0.378,7
0.835,0.763,167227,0.426,0,1.25e-05,7,0.146,-8.81,1,32,0.0919,106.842,0.765,5
0.778,0.643,284373,0.4270000000000001,0,9.49e-05,9,0.136,-9.196,1,51,0.0391,116.042,0.5770000000000001,2
0.95,0.384,198080,0.31,0,0.0,0,0.112,-9.709,1,18,0.0405,138.56,0.362,6
0.073,0.835,255133,0.539,1,0.0,1,0.0568,-4.7010000000000005,0,36,0.322,90.232,0.778,2
7.509999999999998e-05,0.359,355027,0.792,0,0.112,4,0.114,-8.141,1,43,0.0445,96.833,0.334,3
0.362,0.459,456760,0.841,0,1.71e-06,6,0.939,-10.19,0,33,0.0738,144.784,0.741,3
0.0146,0.5589999999999999,168750,0.483,0,8.97e-06,0,0.624,-8.016,1,52,0.0345,128.004,0.149,3
0.0465,0.626,212783,0.639,0,0.0,10,0.161,-5.62,1,70,0.085,144.009,0.638,1
4.650000000000001e-05,0.376,244587,0.939,0,0.00023,4,0.109,-2.094,0,59,0.0781,167.90400000000002,0.529,1
0.687,0.416,145013,0.726,0,0.0,6,0.27,-5.254,1,47,0.0573,182.219,0.895,2
0.626,0.615,119267,0.653,0,0.0,2,0.363,-9.015,1,21,0.0323,112.899,0.961,7
0.6829999999999999,0.5710000000000001,289187,0.32,0,0.000133,7,0.129,-13.425,1,39,0.0331,98.988,0.345,3
0.14,0.555,267440,0.546,0,0.133,0,0.106,-8.488,0,38,0.0488,134.497,0.8170000000000001,2
0.444,0.512,178533,0.675,0,0.0005549999999999999,7,0.187,-9.139,1,32,0.0902,95.543,0.616,5
0.196,0.425,219520,0.789,0,0.439,11,0.161,-7.8210000000000015,1,47,0.0421,161.952,0.522,1
0.0466,0.836,270360,0.923,0,0.158,6,0.621,-5.401,1,29,0.0393,120.687,0.934,4
0.981,0.263,206524,0.187,0,0.000286,3,0.16,-11.735,1,0,0.0354,98.146,0.244,8
0.994,0.36,90053,0.12,0,0.88,0,0.14400000000000002,-23.287,1,0,0.0462,138.83,0.563,8
0.00177,0.418,235493,0.6859999999999999,0,0.0176,5,0.863,-8.658,1,41,0.035,75.241,0.547,2
0.35,0.556,117947,0.9,0,0.0149,10,0.0383,-7.675,0,16,0.0714,125.682,0.821,6
0.242,0.581,326213,0.5670000000000001,0,0.000307,9,0.0696,-10.113,1,30,0.0299,145.365,0.895,4
0.964,0.336,179333,0.035,0,8.109999999999999e-05,0,0.141,-21.325,1,33,0.0372,96.032,0.271,6
0.115,0.7020000000000001,239935,0.856,0,6.37e-05,6,0.222,-5.239,1,62,0.0428,86.975,0.856,1
0.016,0.657,281080,0.574,0,8.1e-05,1,0.172,-9.484,0,66,0.0407,119.992,0.211,1
0.194,0.672,213659,0.452,1,0.0,0,0.251,-7.947,1,65,0.0738,82.012,0.514,1
0.815,0.645,213293,0.381,0,0.0,7,0.467,-14.987,1,16,0.591,136.836,0.725,7
0.942,0.376,292281,0.496,0,0.127,5,0.162,-9.49,1,18,0.0476,90.148,0.495,6
0.466,0.569,233639,0.455,0,0.0,9,0.103,-5.529,1,39,0.0279,148.034,0.419,2
0.141,0.731,170293,0.862,0,0.0,9,0.0878,-5.029,1,36,0.0392,124.884,0.937,3
0.8440000000000001,0.608,225907,0.37,0,1.87e-05,7,0.112,-9.207,1,62,0.0306,127.631,0.349,2
0.00222,0.561,220653,0.94,0,0.0,0,0.125,-2.843,1,48,0.0592,116.99,0.654,2
0.8420000000000001,0.401,103667,0.373,0,0.0,5,0.463,-16.524,1,3,0.5579999999999999,166.47799999999995,0.462,7
0.591,0.6970000000000001,135013,0.34700000000000003,0,0.00014,2,0.133,-14.347,1,29,0.0334,88.105,0.706,6
0.875,0.384,145147,0.262,0,0.000202,7,0.125,-11.362,0,39,0.0393,134.812,0.476,6
0.5720000000000001,0.611,251600,0.309,0,0.0714,2,0.121,-15.583,0,12,0.0519,89.959,0.6890000000000001,6
0.873,0.503,256107,0.341,0,0.000202,2,0.0842,-10.297,0,18,0.0384,168.36700000000005,0.7290000000000001,7
0.777,0.531,178507,0.494,0,0.0,0,0.34700000000000003,-10.128,1,19,0.0483,128.066,0.695,7
0.00171,0.516,262493,0.836,0,0.165,0,0.136,-5.872000000000001,1,20,0.0319,116.566,0.649,4
0.995,0.362,272120,0.0184,0,0.9,9,0.0869,-26.807,0,0,0.0422,75.111,0.0392,10
0.0291,0.196,249800,0.941,1,0.0,7,0.565,-3.3110000000000004,0,45,0.0772,94.994,0.153,2
0.926,0.378,167840,0.57,0,0.961,11,0.3,-6.567,1,0,0.0468,89.495,0.665,8
0.988,0.625,213173,0.142,0,0.885,0,0.108,-24.055,1,1,0.0411,121.72,0.484,8
0.0161,0.435,99733,0.458,0,0.005679999999999999,2,0.162,-11.970999999999998,1,38,0.0405,54.272,0.895,5
0.931,0.445,371027,0.195,0,4.66e-06,4,0.374,-17.352999999999998,1,0,0.152,85.405,0.35,9
0.0911,0.682,104701,0.119,1,6.31e-05,8,0.29600000000000004,-22.213,1,0,0.877,100.105,0.611,8
2.26e-05,0.524,152400,0.84,1,0.000964,7,0.48,-6.1560000000000015,1,40,0.0324,94.331,0.7509999999999999,3
0.14,0.856,249133,0.472,1,0.0,3,0.123,-9.452,1,47,0.0641,96.955,0.642,3
0.0436,0.595,283495,0.21,0,0.904,9,0.0546,-18.661,1,25,0.0323,120.944,0.28,4
0.507,0.401,214893,0.825,0,5.520000000000003e-05,2,0.368,-6.488,1,32,0.0451,99.304,0.578,5
0.918,0.8109999999999999,186000,0.163,0,0.0,10,0.52,-10.34,1,7,0.0458,105.086,0.397,8
0.797,0.16899999999999998,307027,0.027000000000000003,0,0.92,5,0.117,-30.15,1,51,0.0514,113.478,0.0318,2
0.17600000000000002,0.723,101900,0.12,1,0.0,7,0.329,-17.378,1,0,0.835,123.676,0.532,9
0.262,0.6970000000000001,301227,0.743,0,0.00116,2,0.0865,-9.304,1,33,0.033,132.497,0.79,5
0.0162,0.69,317507,0.8340000000000001,1,0.0,10,0.0559,-5.8,0,53,0.225,172.392,0.58,3
0.162,0.331,181000,0.667,0,5.53e-05,4,0.113,-12.977,1,24,0.111,156.296,0.397,5
0.42,0.345,182147,0.619,0,3.31e-06,10,0.246,-9.717,1,29,0.043,111.535,0.451,6
0.0392,0.883,161067,0.584,1,4.39e-06,7,0.0869,-2.102,0,66,0.0465,144.975,0.784,1
0.993,0.406,189893,0.276,0,0.7979999999999999,5,0.173,-8.008,0,0,0.116,84.789,0.4320000000000001,9
0.003820000000000001,0.395,279440,0.5670000000000001,0,8.48e-05,2,0.0789,-7.149,1,23,0.0278,145.855,0.568,5
0.677,0.507,243333,0.272,0,0.0171,9,0.127,-18.004,1,48,0.041,78.465,0.362,4
0.969,0.373,185000,0.124,0,0.000891,5,0.123,-12.95,1,54,0.0342,86.85700000000001,0.35100000000000003,6
0.978,0.246,140924,0.228,0,0.00851,4,0.14,-11.293,1,0,0.0354,91.253,0.201,9
0.996,0.602,161800,0.21600000000000005,0,0.524,0,0.0973,-12.264,1,6,0.0676,146.183,0.716,10
0.959,0.439,189600,0.152,0,1.35e-05,5,0.153,-12.757,0,23,0.0411,121.312,0.403,6
0.524,0.648,380147,0.0909,0,0.0,10,0.297,-21.22,0,0,0.893,79.53699999999998,0.489,7
0.519,0.759,95000,0.261,0,0.0,9,0.17600000000000002,-20.152,0,0,0.958,70.086,0.677,9
0.192,0.6709999999999999,285987,0.299,0,0.768,7,0.124,-16.137999999999998,1,0,0.0273,110.009,0.229,8
0.6629999999999999,0.462,189693,0.401,0,0.000461,3,0.122,-9.173,1,0,0.0408,123.393,0.34700000000000003,8
0.933,0.6609999999999999,266587,0.218,0,0.8079999999999999,7,0.105,-15.534,1,10,0.0417,78.22,0.28,6
0.995,0.7709999999999999,138587,0.0677,0,0.899,5,0.11,-30.216,1,0,0.0842,112.936,0.969,10
0.569,0.5,176027,0.334,0,0.0,7,0.326,-10.453,1,23,0.031,114.199,0.557,6
0.0116,0.698,209307,0.809,0,3.08e-05,0,0.264,-4.447,1,43,0.0775,138.011,0.872,2
0.836,0.3670000000000001,136267,0.12,0,0.0,7,0.135,-17.035999999999998,1,0,0.0283,77.66,0.282,9
0.287,0.636,169720,0.28600000000000003,0,0.0,4,0.0348,-16.226,0,50,0.036000000000000004,91.892,0.249,3
0.8420000000000001,0.75,178790,0.21600000000000005,0,0.0,0,0.569,-9.151,1,8,0.0347,123.58,0.818,8
0.00273,0.901,283387,0.512,1,0.0,1,0.0979,-6.468,1,54,0.37,85.012,0.638,2
0.0491,0.324,303067,0.955,0,8.32e-05,8,0.34700000000000003,-7.997999999999997,1,39,0.0539,192.252,0.5329999999999999,3
0.422,0.736,312360,0.289,0,0.0,5,0.0766,-14.066,1,36,0.0299,104.891,0.6779999999999999,4
0.986,0.343,202747,0.0977,0,0.0115,2,0.113,-18.912,1,25,0.0477,83.773,0.626,5
0.36,0.7170000000000001,102700,0.252,0,0.0,9,0.25,-21.881,0,0,0.924,122.081,0.47,9
0.000129,0.325,223880,0.929,0,2.22e-06,11,0.184,-5.625,0,31,0.0695,133.358,0.198,3
0.118,0.513,181667,0.556,0,0.0,11,0.16,-8.642999999999999,0,55,0.0613,172.267,0.7759999999999999,2
0.985,0.403,178067,0.0992,0,0.517,3,0.125,-17.168,1,0,0.0507,76.428,0.395,7
0.992,0.146,143627,0.0419,0,0.894,2,0.173,-23.742,0,30,0.0429,167.565,0.378,4
0.821,0.607,207693,0.261,0,0.0108,11,0.333,-15.796,0,32,0.0498,125.44,0.255,5
0.7979999999999999,0.454,156933,0.247,0,0.0,1,0.105,-14.157,0,9,0.0406,126.049,0.397,7
0.007559999999999998,0.5579999999999999,249533,0.926,1,0.0,11,0.365,-4.472,0,45,0.236,107.262,0.348,2
0.991,0.174,372600,0.00636,0,0.7040000000000001,5,0.087,-28.519,1,31,0.0521,122.08,0.0589,4
0.000256,0.589,209093,0.8809999999999999,0,0.0,0,0.327,-4.62,1,44,0.0666,129.95,0.7090000000000001,2
0.000789,0.49,245320,0.6990000000000001,0,0.00186,2,0.0508,-13.311,1,35,0.057,129.382,0.316,4
0.797,0.659,179920,0.393,0,0.0984,6,0.0534,-23.626,1,15,0.07400000000000001,77.702,0.691,6
0.81,0.6990000000000001,154827,0.51,0,0.836,7,0.219,-11.742,0,0,0.033,132.149,0.7,8
0.921,0.455,283600,0.182,0,1.67e-05,10,0.103,-10.729,1,8,0.0375,89.787,0.251,7
1.51e-05,0.277,398960,0.863,0,0.00372,4,0.134,-5.377999999999999,1,40,0.0343,94.044,0.276,3
0.14300000000000002,0.687,127900,0.16399999999999998,1,0.0,7,0.25,-18.711,1,0,0.934,99.094,0.706,9
0.935,0.631,230867,0.38,0,0.187,9,0.12,-12.522,0,45,0.035,135.836,0.736,6
0.8290000000000001,0.618,260977,0.239,0,0.0,1,0.366,-17.6,0,0,0.962,75.086,0.434,9
0.401,0.6709999999999999,216067,0.44,0,0.131,4,0.111,-11.15,1,47,0.0235,88.115,0.489,3
0.0149,0.467,196467,0.919,0,0.0,6,0.0193,-2.255,0,60,0.069,169.987,0.706,2
0.0094,0.272,222267,0.597,0,2.91e-06,9,0.135,-11.663,1,31,0.0828,58.16,0.436,4
0.138,0.495,94933,0.613,0,0.0,2,0.221,-9.498,1,25,0.0825,135.408,0.187,4
0.495,0.687,265467,0.555,0,0.00748,11,0.0787,-11.461,1,37,0.192,118.285,0.821,5
0.607,0.805,204522,0.281,0,0.0,9,0.116,-11.877,0,60,0.0961,105.873,0.281,5
0.426,0.617,225427,0.34,0,0.0,9,0.1,-10.456,1,44,0.0258,83.551,0.462,3
0.7340000000000001,0.565,372440,0.23,0,0.000713,10,0.105,-17.680999999999994,0,23,0.0768,78.712,0.669,7
0.000326,0.512,247293,0.753,0,0.416,8,0.0725,-10.36,1,30,0.0671,109.427,0.705,4
0.93,0.332,214533,0.192,0,0.000588,1,0.108,-16.477,1,42,0.0402,92.362,0.264,2
0.00469,0.875,297973,0.843,0,0.00381,7,0.106,-3.772,1,43,0.0368,110.792,0.733,2
0.893,0.674,209560,0.328,0,3.41e-06,10,0.0854,-11.934,1,0,0.0356,110.182,0.345,8
0.26,0.6809999999999999,290653,0.14300000000000002,0,0.0,8,0.423,-18.578,1,5,0.866,110.949,0.366,7
0.991,0.329,208840,0.0446,0,0.919,3,0.106,-19.251,0,0,0.0537,71.818,0.259,8
0.8759999999999999,0.73,158467,0.389,0,3.99e-06,9,0.123,-12.072,0,7,0.0723,99.4,0.925,10
0.93,0.456,200240,0.0922,0,0.00031,1,0.162,-20.473,1,22,0.0319,99.849,0.116,6
0.983,0.336,177453,0.4370000000000001,0,0.0,2,0.194,-5.6179999999999986,1,0,0.0457,129.213,0.328,7
0.0752,0.568,226280,0.773,0,0.000621,2,0.133,-10.315,1,42,0.044,174.077,0.68,4
0.8740000000000001,0.775,125853,0.868,0,0.0,10,0.708,-10.714,1,8,0.204,129.50799999999998,0.952,6
0.995,0.385,335173,0.0304,0,0.919,4,0.174,-22.951,0,5,0.0532,135.558,0.0875,8
0.0223,0.659,261067,0.885,1,0.0,2,0.204,-5.18,1,36,0.476,115.859,0.657,3
0.0516,0.841,310733,0.669,0,0.0,10,0.163,-7.536,0,50,0.106,147.99200000000005,0.919,4
0.506,0.311,350053,0.775,0,0.0,2,0.897,-12.683,1,22,0.076,121.352,0.477,6
0.369,0.518,166733,0.913,0,0.0,7,0.289,-10.616,1,59,0.0559,121.65,0.774,3
0.208,0.65,217467,0.6629999999999999,0,0.0,1,0.334,-7.1629999999999985,0,54,0.0291,109.415,0.431,3
0.987,0.208,449733,0.14800000000000002,0,0.106,9,0.135,-18.88,0,0,0.045,89.179,0.0695,7
0.908,0.6920000000000001,185913,0.24,0,1.24e-05,1,0.1,-11.277,1,0,0.128,153.311,0.815,8
0.951,0.5539999999999999,182360,0.0978,0,0.025,2,0.096,-22.394,0,3,0.0534,156.548,0.802,9
0.893,0.482,166587,0.294,0,0.0,0,0.39,-9.664,1,29,0.0339,107.112,0.5429999999999999,5
0.483,0.562,115227,0.616,0,0.8690000000000001,9,0.22,-6.522,1,31,0.0347,137.045,0.685,6
0.981,0.337,75680,0.0818,0,0.735,0,0.406,-26.391,1,0,0.0425,81.098,0.202,8
0.562,0.72,317933,0.5820000000000001,0,2.36e-06,8,0.0556,-11.262,1,44,0.0443,165.658,0.922,3
0.397,0.3720000000000001,339067,0.757,0,0.0,0,0.119,-6.428,1,30,0.0309,106.265,0.462,5
0.98,0.6679999999999999,201827,0.292,0,0.0041,9,0.112,-12.043,1,0,0.0342,96.187,0.631,9
0.248,0.606,226480,0.894,0,0.604,2,0.989,-7.7120000000000015,1,28,0.0396,138.056,0.911,5
0.0879,0.759,149173,0.526,0,0.772,7,0.0537,-13.435,1,37,0.0587,89.76100000000002,0.8220000000000001,5
0.7020000000000001,0.6679999999999999,149667,0.328,0,0.00913,3,0.121,-12.917,1,40,0.0389,131.775,0.885,2
0.866,0.631,223160,0.399,0,0.8959999999999999,4,0.0729,-12.73,0,21,0.0379,118.827,0.591,6
0.313,0.742,364010,0.596,0,0.0271,0,0.197,-12.965,1,46,0.0312,107.401,0.348,4
0.871,0.452,355667,0.35,0,0.00135,5,0.122,-9.624,1,47,0.0288,115.18,0.4,5
0.0167,0.938,158332,0.638,1,0.0,8,0.111,-4.713,1,75,0.189,97.075,0.313,1
0.0146,0.563,224987,0.857,0,0.00818,2,0.0681,-3.454,0,56,0.0364,79.979,0.422,1
0.507,0.448,137133,0.481,0,2.8000000000000013e-05,5,0.228,-10.727,1,26,0.0311,119.834,0.455,6
0.221,0.414,561440,0.86,0,0.0138,2,0.35700000000000004,-7.616,0,33,0.0391,124.07,0.647,3
0.967,0.46,205907,0.395,0,0.000215,2,0.199,-6.06,0,0,0.051,95.788,0.265,9
0.792,0.752,142507,0.33,0,0.0,1,0.0574,-13.138,1,54,0.228,76.525,0.65,7
0.969,0.623,290840,0.0354,0,0.0462,0,0.0983,-23.585,1,28,0.0493,114.11,0.3,7
0.00463,0.302,395653,0.919,0,6.94e-06,2,0.128,-4.7189999999999985,1,44,0.183,172.946,0.499,2
0.961,0.23,186627,0.362,0,3.27e-06,2,0.206,-9.028,0,18,0.0341,114.872,0.12,6
0.767,0.5870000000000001,387067,0.524,0,0.8340000000000001,0,0.126,-9.583,0,22,0.0468,146.29,0.509,5
0.977,0.205,188240,0.281,0,1.87e-05,7,0.732,-12.505999999999998,0,2,0.0346,82.816,0.28300000000000003,7
0.81,0.434,149147,0.118,0,0.00241,7,0.155,-21.756,0,30,0.0972,53.023,0.28,3
0.201,0.614,172493,0.56,0,0.0,9,0.214,-8.168,1,55,0.0699,142.332,0.826,5
0.795,0.391,216827,0.185,0,0.0,0,0.21600000000000005,-14.597,1,36,0.0282,82.439,0.149,6
0.0765,0.467,207680,0.976,0,8.43e-06,9,0.0797,-4.9289999999999985,0,42,0.276,139.835,0.266,2
0.914,0.5379999999999999,97453,0.355,0,0.932,4,0.195,-11.796,1,0,0.0813,129.719,0.381,8
0.466,0.5429999999999999,146000,0.8059999999999999,0,0.0,4,0.134,-7.231,1,45,0.0385,85.17200000000003,0.943,6
0.000331,0.29600000000000004,400093,0.918,0,0.17800000000000002,8,0.253,-8.36,1,33,0.0693,101.916,0.13699999999999998,4
0.913,0.532,213333,0.112,0,0.439,10,0.284,-18.836,1,48,0.0279,105.729,0.391,4
0.736,0.706,154201,0.797,0,3.17e-05,0,0.402,-7.491,1,0,0.091,132.61,0.965,8
0.768,0.757,111227,0.195,0,0.0,5,0.0293,-13.908,1,24,0.0405,126.041,0.8,6
0.498,0.772,166067,0.547,0,0.0443,2,0.0436,-17.303,0,26,0.0688,89.736,0.941,7
0.942,0.473,65947,0.0613,0,0.000277,7,0.223,-17.745,1,21,0.0495,71.82,0.247,6
0.625,0.6809999999999999,159107,0.261,0,2.09e-06,0,0.247,-17.347,1,47,0.0326,91.357,0.795,3
0.928,0.5529999999999999,160843,0.312,0,1.0800000000000003e-05,4,0.122,-7.565,1,11,0.0353,74.645,0.767,7
0.503,0.542,214400,0.324,0,0.0,0,0.12,-10.85,1,38,0.0308,115.693,0.68,3
0.5710000000000001,0.846,168653,0.304,0,0.157,0,0.102,-12.683,1,34,0.0536,98.323,0.962,5
0.986,0.708,215240,0.341,0,6.829999999999999e-05,1,0.657,-11.99,1,0,0.498,66.13600000000001,0.826,9
0.487,0.403,199933,0.846,0,2.8000000000000013e-05,7,0.0746,-4.8039999999999985,1,39,0.0503,77.751,0.755,5
0.989,0.5429999999999999,149320,0.5379999999999999,0,0.012,0,0.303,-6.5120000000000005,1,0,0.13,136.97899999999998,0.866,9
0.812,0.443,142760,0.295,0,0.0,10,0.134,-8.435,1,35,0.0269,74.40100000000002,0.268,5
0.883,0.65,147800,0.337,0,0.0,8,0.119,-11.278,1,13,0.0291,116.46,0.7120000000000001,7
0.981,0.36,564293,0.142,0,0.8370000000000001,0,0.34,-19.323,1,0,0.0354,107.162,0.213,8
0.0192,0.687,208307,0.949,0,0.0,7,0.118,-4.63,0,58,0.0443,106.944,0.757,1
0.984,0.278,555680,0.22,0,0.895,7,0.172,-16.017,1,0,0.0463,74.568,0.199,8
0.649,0.561,171253,0.389,0,0.502,5,0.0793,-14.752,0,12,0.0629,199.87,0.642,6
0.213,0.905,255987,0.56,0,0.000267,2,0.0963,-7.603,0,50,0.107,130.053,0.48,1
0.0006889999999999999,0.5,126933,0.8440000000000001,0,0.00125,2,0.122,-10.021,1,31,0.0507,95.027,0.807,4
0.7490000000000001,0.716,240759,0.173,0,1.95e-06,6,0.24,-22.115,0,0,0.949,121.726,0.397,9
0.649,0.64,218213,0.404,0,0.0,2,0.263,-7.6720000000000015,1,59,0.0248,89.757,0.429,4
4.68e-05,0.467,229742,0.967,0,0.0,2,0.195,-3.533,1,60,0.116,130.172,0.177,1
0.166,0.924,129227,0.573,0,2.92e-06,1,0.0793,-8.951,1,54,0.298,108.642,0.828,2
