0.388,0.328,295040,0.703,0,2.09e-05,8,0.125,-7.68,1,33,0.15,175.392,0.5579999999999999,5
0.0697,0.597,220893,0.8220000000000001,0,0.000109,9,0.0599,-5.2189999999999985,1,30,0.0524,122.272,0.662,4
0.487,0.821,134067,0.7070000000000001,0,0.0,1,0.536,-17.299,1,44,0.269,107.03,0.228,6
0.14800000000000002,0.86,240333,0.7040000000000001,0,4.05e-05,10,0.86,-10.092,0,33,0.254,102.332,0.691,3
0.122,0.481,317773,0.517,0,0.0257,5,0.271,-12.593,0,33,0.0329,126.425,0.414,4
0.0231,0.48,250733,0.439,0,0.419,4,0.108,-13.604,1,24,0.0293,113.103,0.6990000000000001,4
0.6890000000000001,0.5660000000000001,217360,0.335,0,0.000134,7,0.108,-8.363999999999999,1,3,0.0311,74.756,0.606,7
0.987,0.625,196613,0.374,0,0.00428,6,0.254,-6.565,0,0,0.0963,123.503,0.8140000000000001,8
0.838,0.555,135920,0.255,0,0.967,0,0.942,-23.235,0,0,0.0869,110.73,0.7859999999999999,7
0.586,0.501,390627,0.408,0,1.65e-05,4,0.123,-11.419,1,23,0.0362,112.714,0.268,6
0.132,0.725,100400,0.14400000000000002,1,0.00222,1,0.061,-23.355,1,0,0.909,88.883,0.7090000000000001,8
0.913,0.499,213240,0.384,0,0.0,10,0.111,-9.471,1,42,0.0346,130.832,0.488,2
0.977,0.368,266187,0.508,0,0.895,3,0.69,-20.128,1,21,0.19,90.291,0.49,6
0.0777,0.769,321987,0.417,0,0.0,0,0.0964,-14.409,1,46,0.314,88.178,0.655,3
0.569,0.672,225667,0.754,0,0.0,4,0.154,-6.782,1,31,0.0352,131.533,0.967,5
0.625,0.7120000000000001,33387,0.359,0,0.0,8,0.64,-14.308,1,19,0.943,135.058,0.961,5
0.861,0.482,177040,0.101,0,0.0,9,0.0791,-17.542,1,28,0.0389,71.199,0.265,6
0.159,0.389,197187,0.8340000000000001,0,0.0,9,0.116,-3.629,1,49,0.0851,152.346,0.531,1
0.5479999999999999,0.8690000000000001,212773,0.581,0,0.00139,0,0.15,-7.644,0,42,0.052000000000000005,126.01,0.907,2
0.815,0.311,202933,0.255,0,5.260000000000001e-05,6,0.193,-13.423,1,27,0.0302,103.094,0.21600000000000005,4
0.662,0.55,135493,0.29600000000000004,0,0.0,0,0.318,-9.238,1,21,0.057,109.603,0.358,6
0.979,0.471,181840,0.897,0,0.377,11,0.905,-7.858,1,0,0.07,136.57299999999998,0.7609999999999999,10
0.000185,0.3670000000000001,232147,0.672,0,0.0102,9,0.0698,-9.291,1,27,0.124,141.77200000000005,0.467,5
0.245,0.629,167093,0.544,0,0.0,7,0.0835,-10.942,1,29,0.306,137.733,0.623,5
0.215,0.684,300800,0.652,0,0.00796,9,0.258,-13.697,1,31,0.0472,97.332,0.67,3
0.171,0.674,307200,0.332,0,3.91e-05,8,0.046,-11.276,1,36,0.0325,136.025,0.43,3
0.0579,0.632,101746,0.241,1,0.0,1,0.333,-17.289,1,0,0.956,169.332,0.4,10
0.0701,0.7020000000000001,210427,0.89,0,0.0,7,0.385,-3.794,1,45,0.214,166.115,0.887,2
0.00277,0.677,193093,0.52,0,0.0,4,0.0532,-6.255,0,66,0.334,203.862,0.768,2
0.0697,0.6609999999999999,313227,0.442,1,1.15e-05,10,0.136,-7.2970000000000015,0,56,0.0285,82.758,0.299,2
0.6409999999999999,0.207,147787,0.256,0,0.959,9,0.0893,-13.38,1,49,0.0401,125.683,0.0905,2
0.995,0.405,60680,0.128,0,0.903,2,0.13699999999999998,-26.314,1,37,0.0653,148.088,0.319,3
0.17800000000000002,0.7020000000000001,164987,0.6890000000000001,0,0.0,5,0.232,-7.197,1,30,0.0293,95.829,0.964,3
0.963,0.513,265984,0.35100000000000003,0,0.0050100000000000006,9,0.8690000000000001,-20.663,1,10,0.917,74.063,0.682,6
0.0116,0.534,379227,0.433,0,0.0452,5,0.0667,-12.628,1,65,0.0357,117.834,0.235,1
0.564,0.493,179213,0.434,0,0.0,1,0.447,-13.453,1,29,0.0717,91.491,0.6459999999999999,6
0.7979999999999999,0.633,286800,0.197,0,1.83e-06,7,0.134,-17.425,1,0,0.0849,136.475,0.605,8
0.00559,0.569,259413,0.901,0,0.26,9,0.16,-5.197,1,59,0.0544,133.19299999999998,0.8390000000000001,2
0.995,0.581,405440,0.182,0,0.327,7,0.218,-15.675,0,0,0.094,112.756,0.406,9
0.92,0.475,182520,0.281,0,0.918,5,0.541,-11.183,0,8,0.0274,100.045,0.556,9
0.126,0.597,220693,0.499,0,0.0,4,0.214,-6.216,1,67,0.0581,79.071,0.521,2
0.171,0.493,250440,0.652,0,1.53e-06,2,0.25,-4.343,1,39,0.0353,149.779,0.294,2
0.972,0.16399999999999998,186509,0.0426,0,1.47e-06,0,0.14800000000000002,-24.449,1,11,0.0395,71.001,0.0785,7
0.00031,0.6659999999999999,168667,0.603,0,0.00131,2,0.0993,-7.314,1,55,0.0258,116.84,0.195,3
0.932,0.349,699280,0.196,0,0.545,2,0.118,-16.0,0,0,0.0415,126.72,0.19,9
0.102,0.928,231160,0.7709999999999999,1,1.07e-05,3,0.338,-5.935,0,59,0.251,93.987,0.679,3
0.639,0.4370000000000001,169827,0.41,0,3.28e-06,5,0.371,-13.552,1,25,0.0277,96.923,0.6890000000000001,6
0.937,0.752,192267,0.459,0,0.007809999999999998,3,0.328,-6.093,1,8,0.0403,105.526,0.962,9
0.383,0.631,453307,0.362,0,1.88e-06,1,0.342,-15.964,1,21,0.959,168.822,0.505,9
0.996,0.4270000000000001,252573,0.338,0,0.943,11,0.166,-15.393,1,0,0.113,72.918,0.583,9
0.27,0.513,254907,0.966,1,0.0,6,0.376,-2.807,0,45,0.55,84.70299999999997,0.703,2
0.996,0.743,168347,0.159,0,0.281,7,0.15,-14.196,1,0,0.129,121.057,0.8220000000000001,10
0.866,0.452,293400,0.187,0,0.0035700000000000007,4,0.104,-14.746,0,15,0.0431,167.765,0.329,6
0.0102,0.481,295800,0.782,0,1.77e-06,8,0.127,-8.145,1,59,0.0717,169.985,0.648,3
0.974,0.239,854038,0.139,0,0.838,5,0.105,-17.245,1,0,0.0435,131.881,0.104,9
0.00478,0.39,844360,0.903,0,0.727,5,0.979,-9.999,0,32,0.0496,100.391,0.88,5
0.317,0.429,218320,0.789,0,3.4e-05,9,0.128,-4.948,1,53,0.0905,126.746,0.51,3
0.0606,0.626,180933,0.8240000000000001,0,0.0,9,0.307,-4.0310000000000015,1,46,0.0437,152.041,0.952,2
0.336,0.7020000000000001,221267,0.752,0,0.000728,4,0.314,-8.017999999999999,1,26,0.0299,126.505,0.863,5
0.22,0.515,173560,0.378,0,0.0,7,0.0404,-11.032,1,50,0.0277,92.228,0.436,4
0.979,0.696,184667,0.0718,0,0.946,6,0.0986,-19.834,1,15,0.0519,67.634,0.32,7
0.316,0.441,200706,0.471,0,0.0106,6,0.12,-11.08,1,30,0.0302,105.791,0.247,5
0.0008470000000000001,0.8440000000000001,308025,0.5589999999999999,0,5.59e-06,3,0.0454,-5.5939999999999985,0,33,0.0712,129.285,0.598,5
0.297,0.815,456964,0.745,0,0.967,11,0.0871,-8.549,0,0,0.083,119.999,0.259,7
0.879,0.605,194173,0.404,0,7.55e-05,5,0.114,-7.417999999999997,1,14,0.0581,142.135,0.777,9
0.8590000000000001,0.733,217627,0.278,0,0.022,9,0.0884,-15.889,1,27,0.0585,108.739,0.418,4
0.0976,0.974,149040,0.596,1,0.0,6,0.151,-8.888,1,76,0.184,111.959,0.892,1
0.8859999999999999,0.593,263533,0.0628,0,0.000302,11,0.327,-22.124,0,47,0.0811,115.459,0.238,3
0.454,0.43,330453,0.5,0,4.81e-05,11,0.0518,-11.699000000000002,0,28,0.0399,141.778,0.52,4
0.000231,0.636,355933,0.743,0,0.665,10,0.123,-7.112,1,50,0.0354,95.821,0.35600000000000004,3
0.96,0.583,166267,0.179,0,0.0691,2,0.11,-17.761,1,38,0.111,161.882,0.7290000000000001,6
0.105,0.34600000000000003,316667,0.366,0,0.212,9,0.0909,-12.598,0,26,0.0277,113.359,0.48,5
0.0329,0.672,290893,0.5820000000000001,0,0.000152,7,0.318,-3.142,1,35,0.0284,140.238,0.605,3
0.772,0.815,174360,0.487,0,0.000566,7,0.103,-9.589,1,17,0.0339,105.251,0.91,7
0.585,0.688,307200,0.614,0,0.0,9,0.0978,-9.247,1,64,0.0378,176.396,0.852,2
0.994,0.225,206173,0.102,0,0.753,8,0.102,-23.317,0,0,0.0634,171.342,0.371,8
0.147,0.906,131209,0.763,1,0.0,0,0.107,-6.322,1,63,0.398,139.961,0.58,1
0.22,0.401,243200,0.397,0,0.613,0,0.0485,-12.182,1,38,0.07,167.81900000000005,0.726,4
0.993,0.282,194960,0.133,0,0.294,0,0.162,-12.888,0,11,0.0411,72.135,0.133,7
0.934,0.626,173160,0.34,0,0.87,0,0.231,-15.396,1,12,0.0837,101.977,0.823,9
0.701,0.659,145640,0.179,0,0.0,6,0.303,-20.199,0,25,0.0447,105.376,0.715,6
0.289,0.726,144267,0.8270000000000001,0,0.0,2,0.198,-8.384,1,36,0.0933,92.091,0.936,7
0.168,0.62,237653,0.7709999999999999,0,0.0765,2,0.687,-7.614,1,30,0.0298,144.131,0.887,5
0.635,0.6679999999999999,228600,0.326,0,5.29e-06,5,0.0902,-9.814,1,30,0.0239,89.932,0.337,4
0.968,0.205,137733,0.012,0,0.825,2,0.0813,-27.274,0,25,0.0401,132.067,0.091,7
0.3,0.67,207467,0.5820000000000001,0,0.0,1,0.0845,-3.574,1,49,0.224,181.841,0.675,3
0.638,0.7120000000000001,309973,0.281,0,3.66e-05,1,0.0797,-15.497,0,47,0.0332,112.787,0.807,4
0.00546,0.546,174307,0.8390000000000001,0,0.0,6,0.382,-5.365,0,64,0.0784,77.009,0.491,1
0.000968,0.417,330240,0.935,0,4.18e-06,7,0.228,-4.658,1,51,0.0547,143.893,0.318,2
0.629,0.348,198573,0.29100000000000004,0,0.0,3,0.907,-12.124,1,25,0.0665,105.226,0.353,6
0.138,0.7090000000000001,203293,0.911,0,0.000118,0,0.0674,-6.801,0,49,0.059,139.97799999999998,0.453,3
0.19,0.902,236120,0.653,0,0.000983,4,0.0895,-5.425,0,51,0.284,94.069,0.863,2
0.795,0.276,293120,0.236,0,9.67e-05,3,0.366,-13.742,1,35,0.0299,83.611,0.261,5
0.00116,0.57,307893,0.923,0,9.01e-06,5,0.141,-3.4330000000000003,1,49,0.063,135.006,0.403,1
0.156,0.517,232253,0.828,1,0.0,4,0.901,-4.223,1,45,0.0493,147.955,0.511,1
0.272,0.76,202373,0.13,0,0.00372,2,0.096,-20.149,1,27,0.0465,93.906,0.12,5
0.0272,0.7390000000000001,168960,0.85,0,0.0,2,0.181,-3.966,1,74,0.0308,113.0,0.883,1
0.877,0.451,197933,0.115,0,0.845,1,0.308,-16.785999999999998,1,1,0.124,78.134,0.743,8
0.994,0.315,139933,0.384,0,0.857,9,0.111,-19.823,0,7,0.0544,122.001,0.967,7
0.428,0.695,198493,0.785,0,0.0,5,0.473,-10.144,0,57,0.0518,110.382,0.723,4
0.171,0.644,179133,0.726,0,0.000488,10,0.0909,-7.398,0,44,0.0446,133.326,0.888,2
0.787,0.648,178200,0.25,0,0.0,5,0.0532,-12.337,1,13,0.0683,157.95600000000005,0.872,9
0.941,0.315,240440,0.408,0,0.962,4,0.14300000000000002,-15.993,1,39,0.0301,114.078,0.31,3
0.03,0.504,193594,0.605,1,0.0,11,0.381,-4.1560000000000015,1,63,0.236,84.97399999999998,0.5760000000000001,1
0.7609999999999999,0.55,285093,0.397,0,0.0106,7,0.155,-13.2,0,52,0.0471,179.278,0.503,4
0.825,0.504,244600,0.268,0,9.63e-05,9,0.201,-12.46,1,4,0.029,104.631,0.324,8
0.0123,0.416,252800,0.621,0,0.000134,5,0.0611,-11.669,1,21,0.0464,134.747,0.645,5
0.959,0.754,160280,0.244,0,0.44,9,0.0868,-15.281,1,6,0.0559,126.645,0.7809999999999999,9
0.76,0.5760000000000001,136640,0.344,0,0.0,5,0.0713,-16.572,1,18,0.0556,109.837,0.927,6
0.55,0.588,219520,0.723,0,0.0609,9,0.391,-5.351,1,49,0.0271,133.812,0.888,1
0.00075,0.616,292907,0.946,0,0.0777,1,0.355,-2.8760000000000003,1,52,0.0687,127.992,0.322,1
0.131,0.667,265853,0.5920000000000001,0,0.0,2,0.297,-5.891,1,41,0.0383,125.994,0.319,2
0.00125,0.652,230733,0.812,0,3.01e-05,3,0.667,-3.797,0,67,0.0409,126.023,0.72,1
0.271,0.64,152933,0.67,0,0.0,11,0.339,-5.812,0,46,0.032,111.267,0.97,6
0.0851,0.618,224816,0.505,0,0.0,8,0.325,-8.212,1,44,0.0549,75.038,0.5589999999999999,2
0.61,0.374,216747,0.512,0,0.0,0,0.5529999999999999,-9.38,1,23,0.03,121.651,0.7509999999999999,5
0.7829999999999999,0.472,285373,0.526,0,0.0,8,0.12,-7.1179999999999986,1,3,0.0562,76.001,0.289,8
0.51,0.3720000000000001,337467,0.244,0,0.00289,9,0.185,-20.191,1,36,0.153,80.263,0.289,6
0.129,0.35600000000000004,193187,0.6609999999999999,0,0.0,11,0.114,-9.818,1,67,0.0633,99.951,0.551,1
0.979,0.272,132667,0.16899999999999998,0,0.91,8,0.108,-23.822,1,0,0.0351,72.984,0.309,9
0.6759999999999999,0.72,164347,0.471,0,0.0,0,0.0456,-9.359,1,16,0.028,101.631,0.85,6
0.00148,0.433,240253,0.863,0,0.00107,4,0.35100000000000003,-4.452,1,57,0.0296,82.99799999999998,0.54,1
0.0586,0.325,236600,0.988,0,0.532,6,0.939,-6.273,1,35,0.112,131.069,0.241,5
0.614,0.545,229107,0.752,0,0.0,9,0.147,-6.816,1,42,0.0421,121.766,0.7090000000000001,6
0.614,0.461,160133,0.32,0,0.0,2,0.0485,-13.653,0,38,0.0474,105.909,0.483,7
0.868,0.404,263067,0.168,0,0.00206,9,0.0932,-16.086,1,36,0.0431,166.63,0.208,3
0.996,0.332,182467,0.138,0,0.396,5,0.32,-19.637,0,0,0.0746,81.656,0.213,9
0.317,0.431,227613,0.657,0,0.0,5,0.0893,-5.12,1,50,0.0304,142.52700000000004,0.259,1
0.0892,0.6990000000000001,224400,0.541,0,9.1e-06,0,0.129,-12.576,1,27,0.0451,89.62799999999999,0.6809999999999999,5
0.743,0.461,519267,0.862,0,0.045,8,0.106,-9.889,1,21,0.11,125.964,0.138,6
0.284,0.743,390680,0.484,0,0.0208,10,0.158,-12.773,1,48,0.0303,126.873,0.525,5
0.992,0.35200000000000004,125267,0.173,0,0.947,9,0.114,-23.269,0,24,0.0438,97.101,0.8320000000000001,7
0.205,0.475,254440,0.535,0,4.45e-06,7,0.306,-11.719,1,49,0.0604,99.593,0.47,5
0.0045,0.5529999999999999,221208,0.825,0,0.754,7,0.141,-12.207,1,35,0.0467,118.451,0.505,4
0.996,0.35700000000000004,169333,0.0974,0,0.946,3,0.105,-28.06,0,0,0.0394,109.743,0.418,10
0.308,0.594,302267,0.3670000000000001,0,0.0,8,0.0392,-13.897,1,44,0.0659,98.985,0.235,3
0.358,0.49,550453,0.645,0,1.52e-06,9,0.235,-8.937999999999997,0,15,0.0547,112.617,0.67,6
0.044,0.7170000000000001,203333,0.726,1,1.12e-06,2,0.0931,-6.227,1,59,0.333,143.955,0.419,1
0.0214,0.256,257760,0.995,0,0.0008869999999999998,1,0.901,-5.46,1,31,0.158,134.333,0.0629,4
0.521,0.532,286000,0.51,0,0.0,8,0.102,-10.779000000000002,1,40,0.0723,120.667,0.7829999999999999,5
0.982,0.363,224667,0.0961,0,0.000956,7,0.152,-14.823,0,17,0.0365,128.688,0.155,6
0.536,0.652,202533,0.513,0,4.88e-05,4,0.366,-10.618,1,0,0.0498,117.791,0.91,9
0.103,0.462,261000,0.28,0,0.0,7,0.162,-14.127,1,33,0.0322,91.159,0.273,3
0.722,0.5,181187,0.448,0,0.0165,5,0.138,-19.154,0,35,0.0324,80.40100000000002,0.871,6
0.0208,0.737,356800,0.454,0,0.0,7,0.108,-10.177,1,21,0.338,76.35300000000002,0.916,5
0.951,0.321,411664,0.105,0,0.552,7,0.158,-21.852,0,0,0.0402,133.055,0.16,9
0.645,0.542,271720,0.454,0,0.00279,2,0.15,-10.247,1,57,0.025,96.881,0.267,3
0.605,0.5589999999999999,155533,0.35,0,0.000443,8,0.102,-12.01,1,52,0.0245,78.035,0.413,3
0.8270000000000001,0.389,245000,0.404,0,0.638,0,0.0479,-14.93,0,10,0.0396,177.609,0.6659999999999999,7
0.134,0.536,214027,0.696,0,3.17e-06,4,0.287,-6.818,0,43,0.0365,117.179,0.6829999999999999,6
0.224,0.586,172298,0.823,1,0.0,0,0.174,-5.3679999999999986,0,70,0.232,175.03599999999997,0.79,1
0.0014199999999999998,0.514,300827,0.34,0,0.0173,0,0.213,-12.779000000000002,1,64,0.0537,145.99200000000005,0.269,5
0.968,0.161,1713307,0.0261,0,0.89,4,0.0827,-29.215,0,27,0.0385,70.507,0.0295,4
0.00139,0.469,302093,0.977,0,0.103,9,0.954,-4.382,1,40,0.136,140.40200000000002,0.431,3
0.5329999999999999,0.7040000000000001,237760,0.71,0,0.0011,8,0.14800000000000002,-7.387,1,62,0.0284,123.89,0.897,1
0.659,0.6609999999999999,340160,0.787,0,3.84e-05,5,0.0985,-3.343,0,55,0.0288,130.10399999999998,0.77,1
0.98,0.29100000000000004,169347,0.138,0,0.000659,0,0.146,-16.739,1,10,0.0389,98.052,0.14,7
0.955,0.402,199427,0.147,0,0.00113,1,0.205,-13.439,0,0,0.0379,124.072,0.34600000000000003,8
0.561,0.595,153173,0.31,0,0.0,4,0.0881,-15.271,0,24,0.0414,83.432,0.8109999999999999,6
0.5589999999999999,0.528,237713,0.504,0,0.0414,9,0.0936,-8.821,0,64,0.09,141.369,0.7120000000000001,0
0.8190000000000001,0.664,118667,0.417,0,5.69e-05,0,0.153,-13.238,1,17,0.0389,75.013,0.94,6
0.428,0.594,157512,0.85,0,2.01e-05,9,0.208,-6.015,0,27,0.0367,151.732,0.962,6
0.207,0.431,339693,0.488,0,0.0777,5,0.619,-11.036,1,18,0.0378,114.922,0.19,5
0.0219,0.804,175179,0.852,0,1.33e-05,3,0.282,-4.079,0,0,0.0575,120.906,0.752,0
0.904,0.375,207360,0.13699999999999998,0,0.244,2,0.0898,-20.419,1,21,0.0304,144.393,0.113,5
0.95,0.7140000000000001,151536,0.135,0,0.00477,1,0.322,-12.518,1,0,0.129,130.635,0.61,9
0.0007059999999999999,0.34700000000000003,252627,0.556,0,0.0269,9,0.142,-10.991,0,29,0.0319,160.983,0.595,4
0.256,0.329,203333,0.805,0,2.07e-05,7,0.231,-13.012,1,36,0.0942,149.65200000000004,0.35200000000000004,5
0.846,0.594,256307,0.0626,0,0.0,7,0.106,-16.298,1,42,0.0408,160.06,0.247,3
0.6629999999999999,0.581,168400,0.132,0,0.0,4,0.0974,-15.481,0,17,0.138,106.685,0.434,6
0.0542,0.565,265427,0.654,0,1.8e-06,1,0.122,-6.8260000000000005,0,64,0.0335,111.968,0.235,1
0.809,0.5820000000000001,217507,0.35100000000000003,0,0.0,0,0.133,-10.785,0,32,0.0755,144.87,0.698,7
4.18e-05,0.37,266400,0.8759999999999999,0,1.73e-06,8,0.7709999999999999,-5.627999999999999,1,38,0.14,166.03799999999995,0.304,2
0.465,0.433,197040,0.535,0,2.32e-05,8,0.24,-11.678,1,38,0.0315,74.043,0.721,5
0.8240000000000001,0.527,251827,0.752,0,0.757,5,0.229,-5.2620000000000005,1,35,0.0298,109.572,0.745,5
0.473,0.569,217929,0.34,0,0.0,9,0.13699999999999998,-8.363,1,43,0.0266,136.211,0.253,3
0.986,0.105,291600,0.152,0,0.7929999999999999,1,0.0457,-21.612,1,36,0.0347,83.0,0.193,4
0.762,0.139,210893,0.249,0,0.5529999999999999,7,0.268,-17.237000000000002,1,2,0.0335,95.714,0.0951,8
2.9600000000000005e-05,0.334,370584,0.987,1,0.00362,11,0.784,-5.805,1,30,0.116,96.425,0.0747,4
0.365,0.878,282533,0.665,0,0.000405,7,0.0834,-5.35,1,40,0.0505,135.739,0.941,3
0.721,0.423,136360,0.27,0,0.0,7,0.219,-9.9,1,39,0.0263,74.03699999999998,0.365,7
0.995,0.305,190453,0.29600000000000004,0,0.26,4,0.426,-13.561,0,0,0.0504,81.39399999999998,0.472,9
0.000945,0.398,232187,0.967,0,5.71e-06,2,0.18,-3.232,0,53,0.0611,111.676,0.611,2
0.25,0.585,203600,0.6629999999999999,0,0.0,9,0.0548,-8.306000000000001,1,37,0.0328,148.567,0.6609999999999999,3
0.992,0.517,177067,0.345,0,0.911,4,0.154,-13.161,0,0,0.103,68.28399999999999,0.612,8
0.0174,0.324,211973,0.6829999999999999,0,0.00727,1,0.206,-9.914,0,50,0.0724,132.284,0.4970000000000001,3
0.8059999999999999,0.0821,1744507,0.079,0,0.0912,5,0.121,-25.934,1,0,0.0484,73.77600000000002,0.0363,8
0.995,0.586,196592,0.246,0,0.8079999999999999,1,0.14,-14.405,0,0,0.066,78.836,0.8540000000000001,8
0.98,0.34600000000000003,385098,0.218,0,0.0228,8,0.208,-14.003,1,0,0.0489,128.239,0.292,10
0.95,0.404,159627,0.187,0,0.921,2,0.0947,-13.863,0,5,0.0272,85.839,0.0604,7
0.981,0.5479999999999999,130775,0.0687,0,1.24e-05,2,0.109,-13.308,0,6,0.0397,92.546,0.229,7
0.139,0.625,242667,0.782,0,1.63e-06,11,0.29100000000000004,-8.007,0,30,0.0432,121.618,0.469,4
0.913,0.26,445480,0.128,0,0.542,4,0.0967,-17.698,1,16,0.0425,89.544,0.249,6
0.0453,0.645,254840,0.5820000000000001,0,1.56e-05,10,0.131,-5.325,1,35,0.0451,140.028,0.359,2
0.755,0.35700000000000004,234533,0.263,0,0.000171,3,0.138,-13.657,0,55,0.0307,135.36,0.26,2
0.6629999999999999,0.591,141224,0.7709999999999999,0,0.00161,7,0.35100000000000003,-10.622,1,29,0.0334,135.30700000000002,0.853,6
0.905,0.324,150400,0.249,0,0.00458,4,0.345,-12.653,0,4,0.0323,102.385,0.359,7
0.0189,0.564,246333,0.945,0,0.0,1,0.359,-4.705,1,59,0.0493,101.003,0.399,1
0.974,0.219,408080,0.109,0,0.387,5,0.136,-19.573,1,0,0.0423,133.12,0.119,8
0.815,0.728,41067,0.303,1,0.0,10,0.0657,-9.765,1,48,0.937,73.12100000000002,0.6809999999999999,2
0.932,0.135,195507,0.181,0,0.00016,10,0.103,-14.026,1,16,0.0379,178.31,0.17600000000000002,7
0.903,0.421,535133,0.153,0,0.106,11,0.117,-16.07,0,0,0.0415,133.281,0.378,9
0.7559999999999999,0.499,158407,0.145,0,0.0,5,0.35,-14.145,1,40,0.0319,101.949,0.48,3
0.33,0.6990000000000001,223107,0.775,0,0.0,0,0.121,-5.936,1,48,0.123,82.05799999999998,0.58,4
0.698,0.54,264347,0.669,0,0.66,5,0.111,-11.887,0,23,0.0463,120.875,0.8390000000000001,6
0.517,0.524,140216,0.318,0,2.14e-06,5,0.142,-13.321,1,26,0.0555,147.781,0.843,6
0.000986,0.578,259873,0.382,0,0.00647,5,0.12,-9.024,1,39,0.0295,137.491,0.629,3
0.603,0.6970000000000001,196280,0.474,0,0.0,9,0.11,-6.6629999999999985,1,69,0.0351,127.904,0.249,2
4.34e-05,0.479,257867,0.797,0,0.647,2,0.0909,-6.811,1,35,0.0271,100.454,0.8220000000000001,3
0.114,0.5,263333,0.6809999999999999,0,4.01e-05,0,0.139,-9.556,1,73,0.0672,119.46,0.745,3
0.975,0.338,725240,0.293,0,0.911,1,0.13699999999999998,-17.701,1,0,0.0371,96.318,0.128,9
0.889,0.556,83613,0.237,0,0.012,5,0.131,-14.187,1,39,0.215,98.774,0.5670000000000001,6
0.35200000000000004,0.57,140852,0.895,1,0.0337,7,0.642,-7.146,1,38,0.395,102.046,0.318,3
0.0295,0.971,160518,0.466,1,0.0,1,0.097,-5.655,1,61,0.23,119.994,0.131,1
0.989,0.277,253113,0.251,0,0.43,9,0.145,-13.257,1,0,0.0419,91.465,0.115,10
0.521,0.424,195533,0.6609999999999999,0,1.62e-06,2,0.0719,-5.5470000000000015,1,69,0.0425,111.762,0.384,2
0.413,0.6970000000000001,176536,0.494,0,0.000914,5,0.0866,-9.469,1,24,0.0391,174.375,0.807,6
0.996,0.447,219400,0.0604,0,0.29600000000000004,5,0.122,-13.098,1,0,0.0489,133.129,0.502,8
0.858,0.591,267533,0.289,0,0.846,10,0.0774,-12.859000000000002,1,36,0.037000000000000005,110.475,0.653,4
0.0109,0.575,164613,0.52,0,3.9e-06,4,0.25,-11.68,0,27,0.0291,101.746,0.767,6
0.391,0.6559999999999999,210747,0.677,0,1.92e-06,2,0.118,-6.9289999999999985,1,54,0.0285,112.014,0.57,1
0.973,0.331,172227,0.329,0,0.0,5,0.0874,-8.879,1,27,0.031,87.27799999999998,0.165,7
0.000177,0.306,213493,0.937,0,0.0119,8,0.0864,-8.014,1,52,0.117,157.345,0.218,1
0.208,0.7140000000000001,243467,0.635,0,2.28e-05,0,0.249,-8.082,1,36,0.171,122.915,0.941,3
0.349,0.213,300373,0.32,0,0.0,11,0.0844,-7.086,1,48,0.0301,80.42399999999998,0.25,1
0.482,0.383,260326,0.551,0,0.0,9,0.0914,-6.5420000000000025,0,57,0.0335,128.075,0.108,1
0.7929999999999999,0.514,315120,0.458,0,0.258,0,0.406,-11.039,1,21,0.0454,125.085,0.471,6
0.552,0.431,169467,0.477,0,0.0331,7,0.206,-8.912,1,30,0.0264,108.308,0.403,6
0.254,0.5479999999999999,306067,0.5529999999999999,1,0.0,9,0.111,-10.328,1,46,0.457,84.24,0.8740000000000001,2
0.974,0.304,324827,0.0934,0,0.87,9,0.0815,-14.985,1,23,0.0383,109.534,0.211,6
0.562,0.551,138827,0.483,0,0.00487,2,0.177,-8.949,1,27,0.0264,139.361,0.812,6
0.906,0.5,360013,0.632,0,0.0,4,0.103,-10.345999999999998,0,17,0.28,140.855,0.617,6
0.993,0.847,202000,0.382,0,0.000187,7,0.24,-7.657999999999999,1,0,0.156,121.255,0.8320000000000001,9
0.542,0.601,205400,0.797,0,0.00346,4,0.277,-10.734000000000002,1,22,0.0648,117.726,0.7,5
0.941,0.513,175973,0.0666,0,0.0,10,0.303,-18.018,1,17,0.0352,75.842,0.287,7
0.7979999999999999,0.44,307987,0.3720000000000001,0,5.64e-05,6,0.118,-10.6,1,50,0.0328,159.887,0.281,1
0.0725,0.491,235400,0.858,0,0.0,11,0.345,-4.243,1,54,0.0424,89.046,0.407,2
0.754,0.667,151480,0.7559999999999999,0,0.0,1,0.0645,-9.023,1,14,0.0546,105.083,0.795,6
0.113,0.532,201040,0.434,0,0.00151,2,0.076,-15.45,1,41,0.0543,117.6,0.5539999999999999,5
0.994,0.285,195107,0.465,0,0.7979999999999999,3,0.0942,-8.958,1,0,0.0513,85.904,0.54,8
0.995,0.563,186067,0.0125,0,0.416,3,0.154,-14.880999999999998,0,0,0.142,69.295,0.83,8
0.525,0.645,172199,0.618,0,1.37e-06,7,0.13,-13.81,1,22,0.0492,91.672,0.949,5
0.303,0.552,541240,0.65,0,0.0,3,0.892,-10.089,1,14,0.233,81.09899999999998,0.79,7
0.305,0.56,239227,0.715,0,0.0333,5,0.145,-10.394,1,21,0.0665,100.99,0.7020000000000001,5
0.742,0.6729999999999999,276200,0.204,0,2.7600000000000014e-05,7,0.0643,-17.16,1,23,0.0413,144.428,0.539,4
0.00114,0.308,194240,0.974,0,0.8390000000000001,11,0.108,-3.643,0,33,0.124,165.016,0.393,4
0.986,0.42,191817,0.378,0,0.684,8,0.136,-9.63,1,0,0.0769,167.183,0.623,7
0.277,0.6629999999999999,270507,0.777,1,0.0,11,0.0466,-4.954,0,60,0.109,92.68,0.758,2
0.52,0.682,275520,0.35100000000000003,0,0.00059,1,0.11,-10.276,0,65,0.0318,122.207,0.14400000000000002,1
0.475,0.443,228360,0.327,0,0.135,10,0.0855,-11.492,1,12,0.0318,139.589,0.733,6
0.81,0.631,226587,0.5479999999999999,0,0.0193,7,0.272,-8.886000000000003,1,43,0.0275,108.004,0.622,3
0.7809999999999999,0.91,64480,0.257,0,2.14e-05,2,0.0817,-8.857999999999997,1,39,0.0743,116.298,0.7829999999999999,3
0.8290000000000001,0.17600000000000002,212693,0.134,0,0.0,6,0.12,-14.632,1,8,0.0318,86.963,0.16,8
0.696,0.6970000000000001,164400,0.82,0,2.53e-06,8,0.0811,-6.211,1,30,0.033,140.089,0.797,6
0.56,0.597,226067,0.32299999999999995,0,2.24e-05,5,0.628,-15.648,1,51,0.0494,79.39699999999998,0.628,4
0.0441,0.491,250800,0.414,0,0.0,8,0.134,-11.617,1,42,0.0298,77.947,0.211,3
0.0836,0.7070000000000001,205387,0.599,1,0.0,0,0.31,-7.053,0,57,0.305,76.881,0.55,1
0.123,0.434,158413,0.445,0,7.13e-06,0,0.35,-6.565,1,43,0.0317,179.52,0.8759999999999999,3
0.979,0.399,150733,0.16399999999999998,0,3.3e-05,5,0.138,-16.628,1,0,0.0795,100.83,0.446,8
0.879,0.452,701427,0.444,0,0.173,5,0.0875,-9.325,0,15,0.0583,106.554,0.32299999999999995,7
0.00102,0.456,236720,0.66,1,0.0,11,0.25,-3.688,0,46,0.0887,65.982,0.359,2
0.906,0.304,238667,0.221,0,0.00415,8,0.0977,-14.567,1,27,0.0465,85.647,0.204,4
0.936,0.387,199600,0.4320000000000001,0,2.12e-06,7,0.0575,-9.202,1,34,0.0325,64.03399999999999,0.255,6
0.995,0.439,169373,0.267,0,9.96e-05,5,0.28300000000000003,-10.306,1,0,0.0995,78.301,0.846,9
0.14800000000000002,0.72,226120,0.469,0,0.0807,11,0.0765,-12.633,1,49,0.0394,121.028,0.369,1
0.0151,0.757,264040,0.931,1,0.00106,5,0.301,-4.399,1,41,0.222,91.508,0.7240000000000001,2
0.6759999999999999,0.569,98733,0.318,0,0.0,11,0.28,-18.183,0,0,0.119,53.804,0.67,7
0.121,0.426,185884,0.408,1,0.0,10,0.159,-4.751,1,69,0.0441,132.203,0.0493,0
0.866,0.361,59293,0.268,0,0.0,3,0.461,-10.042,1,26,0.0331,145.741,0.5489999999999999,6
0.583,0.505,188360,0.454,0,0.636,7,0.156,-13.808,0,18,0.0348,107.545,0.8320000000000001,7
0.0774,0.306,127227,0.536,0,0.269,10,0.1,-9.165,1,43,0.034,124.28,0.448,3
0.927,0.289,113095,0.3,0,0.0,2,0.386,-12.593,1,1,0.0424,176.769,0.478,8
0.379,0.411,181150,0.606,0,0.0867,2,0.379,-10.587,1,26,0.0336,103.743,0.667,5
0.609,0.608,151347,0.521,0,1.23e-06,0,0.0408,-7.582999999999997,1,33,0.197,187.883,0.97,3
0.857,0.209,192560,0.104,0,0.00379,1,0.0849,-19.061,1,17,0.0338,75.848,0.154,6
0.197,0.903,106971,0.643,1,0.0,10,0.111,-5.669,0,70,0.0929,110.003,0.224,0
0.0981,0.613,241920,0.625,0,0.924,1,0.086,-15.355,1,28,0.0425,114.333,0.184,4
0.984,0.363,163200,0.115,0,0.975,0,0.135,-20.386,0,57,0.0352,122.598,0.188,4
0.0184,0.68,214400,0.983,1,0.0,2,0.289,-3.51,1,56,0.333,149.829,0.263,1
0.00218,0.625,221960,0.8420000000000001,1,0.0,11,0.0634,-3.606,0,54,0.0617,130.035,0.537,1
0.941,0.639,145344,0.292,0,0.0,3,0.234,-15.498,1,6,0.0336,114.442,0.504,6
0.885,0.363,75103,0.0625,0,0.0076,9,0.107,-30.98,1,33,0.0462,143.55,0.174,5
8.39e-06,0.17,190173,0.953,0,0.0241,4,0.107,-5.125,1,50,0.115,203.025,0.392,5
0.00139,0.269,145760,0.986,0,1.52e-05,9,0.753,-6.138,1,25,0.0877,175.68599999999995,0.421,4
0.961,0.417,331303,0.0787,0,0.999,9,0.596,-26.446,1,74,0.188,184.05900000000003,0.00532,1
0.667,0.621,158373,0.242,0,0.0,0,0.105,-17.082,0,0,0.0575,135.80700000000002,0.7070000000000001,9
0.0852,0.708,309200,0.4270000000000001,0,0.0726,8,0.114,-9.443,1,50,0.0543,164.238,0.498,3
0.0281,0.674,214640,0.715,1,0.0,8,0.0894,-4.337,1,58,0.0493,113.942,0.381,1
0.0173,0.5670000000000001,242573,0.481,0,4.13e-05,4,0.182,-7.357,1,53,0.027000000000000003,145.865,0.233,1
0.957,0.099,53400,0.0799,0,0.94,5,0.126,-27.72300000000001,1,28,0.0432,68.02199999999999,0.0544,5
0.0632,0.532,205400,0.6970000000000001,0,0.341,8,0.258,-11.461,1,29,0.0393,132.751,0.8170000000000001,3
0.0118,0.3720000000000001,417727,0.957,0,0.0,11,0.339,-4.665,1,33,0.085,109.264,0.308,3
0.146,0.517,255173,0.361,0,0.0,7,0.38,-9.766,1,22,0.0272,104.837,0.212,4
0.0558,0.679,219173,0.985,0,2.08e-06,7,0.191,-2.36,0,56,0.0811,128.95600000000002,0.588,1
0.993,0.387,184268,0.222,0,0.877,11,0.11,-14.975,1,0,0.0451,64.47,0.454,8
0.0857,0.687,175444,0.611,0,0.0,1,0.301,-7.313,1,57,0.126,79.03399999999998,0.789,1
0.131,0.77,265282,0.475,0,3.83e-05,2,0.062,-10.807,0,38,0.0314,110.567,0.8370000000000001,4
0.359,0.436,91093,0.624,1,0.0,11,0.812,-9.818,0,44,0.8079999999999999,163.39,0.428,3
0.835,0.56,310867,0.406,0,0.00671,8,0.0878,-6.6629999999999985,1,11,0.0293,135.32,0.55,7
0.6759999999999999,0.547,162840,0.208,0,0.0,9,0.1,-13.458,1,54,0.0334,108.999,0.424,7
0.281,0.772,184121,0.613,0,3.52e-06,8,0.206,-6.185,1,63,0.0692,87.022,0.862,1
0.0651,0.438,214067,0.99,0,0.0222,10,0.359,-3.89,0,57,0.108,131.306,0.452,2
0.603,0.263,334373,0.442,0,2.99e-06,8,0.106,-8.279,0,58,0.0309,92.179,0.133,2
0.168,0.675,553253,0.691,0,0.406,7,0.0545,-7.42,1,27,0.108,98.321,0.462,4
0.983,0.197,145080,0.155,0,0.00238,9,0.276,-16.212,0,4,0.0477,73.041,0.0433,7
0.8370000000000001,0.402,294427,0.269,0,0.79,7,0.7090000000000001,-21.71,1,11,0.0425,106.877,0.47,6
0.129,0.625,104868,0.111,1,0.0,7,0.475,-18.884,1,0,0.941,78.625,0.6920000000000001,8
0.0145,0.716,215253,0.972,1,3.2200000000000003e-05,7,0.317,-2.302,1,71,0.196,110.026,0.5760000000000001,1
0.141,0.5,164773,0.836,0,2.99e-05,7,0.339,-10.181,1,43,0.0397,153.079,0.972,5
0.000327,0.698,184133,0.444,0,0.0162,2,0.123,-9.975,1,33,0.0427,94.035,0.361,3
0.377,0.856,225133,0.664,0,0.0,10,0.102,-4.635,1,54,0.0312,105.416,0.967,2
0.0366,0.831,175533,0.53,0,4.04e-06,10,0.101,-7.489,1,47,0.037000000000000005,115.016,0.971,3
0.0219,0.657,314360,0.8859999999999999,0,0.000405,10,0.0656,-12.787,0,43,0.0557,97.121,0.747,4
0.174,0.7120000000000001,108052,0.289,1,0.0,5,0.474,-10.981,0,0,0.893,83.507,0.5770000000000001,10
0.934,0.703,190613,0.299,0,0.0,11,0.0928,-13.144,1,21,0.0493,76.055,0.7879999999999999,6
0.406,0.838,141307,0.561,0,2.08e-06,9,0.0247,-8.735,1,40,0.0691,97.312,0.965,3
0.752,0.4970000000000001,135840,0.153,0,0.0,1,0.0879,-12.153,1,18,0.027000000000000003,87.095,0.39,6
0.0245,0.631,292400,0.716,0,0.0143,9,0.0367,-8.134,1,45,0.0479,147.923,0.919,3
0.765,0.29,432000,0.261,0,6.45e-05,9,0.145,-13.302,1,53,0.0311,125.725,0.173,2
0.00292,0.47,209880,0.687,0,2.39e-06,2,0.122,-4.503,1,39,0.03,98.651,0.263,2
0.718,0.396,201694,0.177,0,0.0,5,0.139,-10.277,1,70,0.0378,177.215,0.221,1
0.94,0.78,182880,0.252,0,0.0338,0,0.233,-16.952,1,9,0.0554,103.974,0.544,9
0.475,0.675,158800,0.541,0,0.00144,6,0.165,-9.14,0,48,0.0456,104.512,0.887,5
0.926,0.7,158560,0.251,0,3.26e-05,11,0.215,-14.981,0,43,0.0479,104.147,0.701,4
0.444,0.675,52603,0.495,0,0.964,10,0.162,-11.151,0,55,0.0957,73.117,0.718,1
0.6809999999999999,0.281,57427,0.395,0,0.0259,8,0.205,-10.156,1,2,0.0583,120.508,0.151,8
0.000208,0.514,224211,0.924,0,0.805,8,0.0684,-5.4170000000000025,1,63,0.052000000000000005,151.994,0.0675,1
0.933,0.502,180200,0.261,0,0.000573,0,0.278,-20.069000000000006,1,20,0.0336,102.523,0.443,7
0.000745,0.49,218160,0.616,0,0.453,10,0.108,-7.2,1,42,0.0339,92.305,0.421,3
0.851,0.433,168240,0.502,0,0.0,4,0.0907,-7.312,0,33,0.0547,153.752,0.475,6
0.8590000000000001,0.463,175040,0.175,0,0.947,2,0.0887,-16.683,1,27,0.0391,127.085,0.517,4
0.0963,0.56,188107,0.565,0,0.0,4,0.159,-8.952,1,12,0.0332,123.279,0.716,6
0.995,0.583,187533,0.28800000000000003,0,0.892,10,0.281,-7.369,0,0,0.0865,129.502,0.496,7
1.35e-05,0.493,436440,0.978,0,0.00216,1,0.181,-4.578,1,58,0.123,125.96,0.21,2
0.973,0.344,432400,0.0556,0,0.862,11,0.0806,-28.592,0,34,0.047,116.078,0.184,5
0.236,0.654,213667,0.8490000000000001,0,0.0,11,0.122,-11.165,1,32,0.0797,141.951,0.726,4
0.69,0.633,259040,0.303,0,0.00539,5,0.0778,-16.706,1,32,0.0467,83.365,0.593,5
0.6729999999999999,0.317,177480,0.158,0,0.353,9,0.338,-16.485,1,48,0.0381,130.503,0.247,8
0.624,0.454,160493,0.461,0,6.64e-06,7,0.338,-9.789,1,15,0.0334,134.232,0.544,7
0.0109,0.473,227493,0.866,0,0.0,2,0.298,-6.07,1,41,0.0337,170.03900000000004,0.7490000000000001,1
0.368,0.6809999999999999,334493,0.778,0,0.0034,7,0.331,-7.566,1,31,0.0589,138.718,0.866,6
0.988,0.5870000000000001,194353,0.0573,0,0.016,5,0.11,-19.885,1,24,0.0421,89.08,0.34,9
0.373,0.467,133995,0.879,1,0.0,5,0.274,-4.372,0,67,0.483,172.783,0.795,0
0.0211,0.568,198160,0.6559999999999999,1,1.3699999999999998e-05,8,0.213,-5.4129999999999985,1,77,0.0433,100.049,0.364,1
0.725,0.637,256667,0.329,0,8.51e-06,7,0.245,-10.366,1,52,0.0349,177.792,0.255,2
0.726,0.758,166227,0.345,0,0.0,7,0.229,-15.594,1,24,0.0366,120.002,0.725,5
0.0888,0.727,472867,0.7240000000000001,0,0.271,2,0.292,-8.982000000000003,0,36,0.0398,111.741,0.519,4
0.0124,0.55,208360,0.7240000000000001,0,0.0,7,0.428,-7.53,1,23,0.0425,107.554,0.54,4
0.994,0.31,58800,0.153,0,0.924,4,0.115,-22.233,1,0,0.0354,120.752,0.177,7
0.815,0.443,180558,0.3670000000000001,0,2.34e-06,3,0.129,-9.165,1,45,0.028,149.888,0.469,2
0.982,0.602,181995,0.235,0,0.00542,10,0.111,-12.671,0,0,0.127,155.537,0.804,8
0.86,0.147,172520,0.0393,0,0.944,5,0.131,-24.563,1,40,0.0387,138.47799999999998,0.0386,3
0.728,0.451,268480,0.181,0,0.364,0,0.11,-18.614,1,36,0.0336,121.108,0.157,5
0.996,0.7170000000000001,174867,0.398,0,0.923,4,0.25,-9.849,0,0,0.0467,119.885,0.6729999999999999,10
0.478,0.523,243507,0.8540000000000001,0,0.000939,9,0.271,-8.27,1,50,0.0954,146.688,0.83,5
0.121,0.7240000000000001,242867,0.349,0,9.21e-06,2,0.0756,-13.826,0,29,0.301,114.8,0.44,4
0.00932,0.321,200983,0.95,0,1.1e-05,7,0.385,-8.383,1,29,0.207,122.446,0.14300000000000002,5
0.884,0.208,274373,0.171,0,0.59,2,0.219,-17.47,1,0,0.0416,130.454,0.0971,9
0.177,0.604,323853,0.952,0,0.8809999999999999,10,0.0874,-3.423,0,40,0.0373,112.844,0.505,2
0.482,0.835,175053,0.486,0,0.000469,8,0.246,-12.259,1,44,0.0695,108.325,0.963,3
0.856,0.4270000000000001,287667,0.31,0,0.00245,4,0.17800000000000002,-11.015999999999998,1,41,0.0254,80.718,0.177,3
0.957,0.498,195213,0.466,0,0.00409,2,0.359,-9.186,1,0,0.0361,126.74,0.728,8
0.654,0.4370000000000001,89960,0.53,0,1.09e-06,9,0.782,-8.147,1,35,0.0344,114.365,0.65,6
0.0917,0.747,310467,0.7490000000000001,1,0.0,9,0.0444,-6.255,1,48,0.0563,100.722,0.563,3
0.5820000000000001,0.563,177447,0.6459999999999999,0,0.197,1,0.34,-7.029,0,28,0.0308,79.78399999999998,0.5770000000000001,5
0.0142,0.8290000000000001,230400,0.688,0,2.05e-06,8,0.0461,-7.652,1,55,0.0978,93.857,0.8690000000000001,2
0.3720000000000001,0.545,153333,0.605,0,0.954,9,0.224,-15.207,1,47,0.0397,99.912,0.905,6
0.98,0.614,164284,0.441,0,8.58e-06,8,0.119,-4.5139999999999985,1,8,0.12,138.304,0.895,9
0.993,0.39,196800,0.514,0,0.935,4,0.121,-7.928,0,0,0.0408,75.187,0.8,8
0.601,0.45,327333,0.578,0,0.00797,5,0.333,-12.274,1,0,0.177,134.358,0.4,7
0.8490000000000001,0.659,209227,0.239,0,0.581,7,0.189,-16.701,1,20,0.0642,113.391,0.54,7
0.0606,0.654,207267,0.884,0,2.49e-06,8,0.318,-8.366,1,27,0.0299,124.869,0.966,4
0.376,0.224,332640,0.958,1,1.27e-05,4,0.0853,-2.546,1,49,0.287,205.341,0.117,1
0.0251,0.5920000000000001,220680,0.741,0,0.0,1,0.111,-3.792,0,65,0.0842,180.03799999999995,0.379,1
0.000242,0.624,245091,0.83,1,1.4e-05,11,0.306,-5.018,0,54,0.121,145.14600000000004,0.4320000000000001,1
0.0152,0.31,224600,0.98,0,1.19e-06,1,0.192,-5.691,1,47,0.197,114.041,0.237,5
0.72,0.136,210827,0.256,0,0.8270000000000001,9,0.12,-13.957,1,37,0.0406,167.826,0.0537,4
0.953,0.602,197240,0.408,0,0.0208,1,0.124,-8.579,1,0,0.48,67.748,0.816,8
0.877,0.292,209000,0.0579,0,0.0,11,0.119,-20.936,0,22,0.0474,173.963,0.442,6
0.0766,0.447,139640,0.977,0,4.93e-06,6,0.428,-3.023,1,19,0.131,86.13,0.942,6
4.08e-05,0.539,256573,0.952,0,1.32e-05,10,0.0726,-3.748,0,52,0.111,104.97,0.342,2
0.00961,0.35600000000000004,364933,0.682,0,0.0122,2,0.979,-10.468,1,26,0.0519,103.17,0.748,6
0.971,0.175,342333,0.147,0,0.8440000000000001,10,0.114,-18.951,1,0,0.058,71.41199999999998,0.109,8
0.8859999999999999,0.628,162247,0.376,0,7.47e-05,3,0.146,-13.595,1,0,0.11,69.89,0.978,7
0.36,0.6890000000000001,248000,0.755,0,3.02e-06,2,0.0842,-8.202,1,49,0.0622,120.764,0.962,4
0.994,0.5529999999999999,81853,0.0543,0,0.805,6,0.116,-18.775,1,0,0.0799,110.105,0.353,7
0.994,0.369,562827,0.166,0,0.894,10,0.097,-22.245,1,0,0.0534,136.248,0.135,10
0.0538,0.794,206640,0.73,0,0.0008320000000000001,7,0.0826,-6.067,1,54,0.0332,128.999,0.767,1
0.239,0.768,197907,0.419,0,1.11e-05,9,0.14800000000000002,-12.52,1,46,0.0304,130.517,0.731,2
0.0039,0.368,173360,0.977,0,0.0,11,0.35,-2.757,0,52,0.127,165.889,0.5479999999999999,2
0.996,0.358,171133,0.35100000000000003,0,0.00583,2,0.41,-9.236,1,0,0.0477,129.148,0.157,10
0.107,0.5529999999999999,135213,0.426,0,0.0,4,0.104,-10.634,0,20,0.032,79.82300000000002,0.42,6
0.0247,0.5670000000000001,225840,0.7959999999999999,0,0.0,6,0.124,-3.534,1,50,0.0364,127.983,0.305,1
7.47e-06,0.407,94307,0.941,0,0.0169,9,0.343,-4.801,0,36,0.0409,91.662,0.655,3
0.124,0.618,274480,0.7190000000000001,0,3.54e-05,4,0.125,-9.945,1,29,0.0377,116.122,0.464,5
0.196,0.804,154667,0.54,0,0.0,4,0.123,-12.861,0,55,0.0682,93.997,0.799,2
0.5379999999999999,0.7070000000000001,98700,0.0908,1,0.0,7,0.797,-19.473,1,0,0.947,130.588,0.573,8
0.992,0.648,219067,0.418,0,0.0439,10,0.245,-12.078,0,0,0.0867,68.109,0.74,7
0.247,0.282,175173,0.4,0,0.0,7,0.315,-15.648,1,51,0.0392,176.601,0.85,6
0.96,0.626,134867,0.14400000000000002,0,0.000108,2,0.168,-16.465,1,13,0.0274,78.551,0.65,7
0.029,0.812,353027,0.52,0,0.00181,0,0.0478,-9.718,0,23,0.0303,107.57,0.7659999999999999,4
0.477,0.449,380200,0.691,0,0.0,4,0.0966,-5.65,0,58,0.0349,93.267,0.201,2
0.8640000000000001,0.5539999999999999,216093,0.3,0,5.01e-05,11,0.131,-12.691,1,49,0.0413,142.566,0.8029999999999999,2
0.000103,0.48,259227,0.8590000000000001,1,0.34700000000000003,9,0.0697,-6.058,0,50,0.0409,128.964,0.311,3
0.782,0.632,174640,0.307,0,0.0386,11,0.103,-17.639,0,15,0.0324,128.886,0.588,6
0.993,0.368,95507,0.125,0,0.845,10,0.121,-17.927,1,0,0.0397,108.867,0.618,8
0.967,0.371,244867,0.14,0,0.8759999999999999,0,0.0951,-21.424,1,13,0.0716,83.149,0.232,6
0.922,0.41,178653,0.66,0,0.763,2,0.693,-13.317,1,20,0.0703,119.324,0.965,6
0.985,0.508,184080,0.246,0,0.000254,11,0.0916,-10.425999999999998,1,0,0.045,106.686,0.48,9
0.008029999999999999,0.785,224227,0.905,0,0.8590000000000001,8,0.046,-7.9289999999999985,1,66,0.0449,136.018,0.969,3
0.994,0.6,173067,0.329,0,0.964,7,0.14800000000000002,-14.876,1,0,0.0683,125.571,0.564,10
0.965,0.35700000000000004,152373,0.131,0,0.000453,7,0.16699999999999998,-17.882,1,44,0.0335,143.469,0.255,6
0.102,0.765,273360,0.6659999999999999,0,0.0,7,0.116,-5.384,1,69,0.172,87.00200000000002,0.7559999999999999,2
0.696,0.672,248613,0.292,0,0.0,9,0.243,-10.679,1,41,0.0275,95.862,0.8109999999999999,2
0.0246,0.507,248471,0.8240000000000001,0,0.0451,6,0.0848,-2.501,1,61,0.0526,84.992,0.0394,1
0.984,0.71,208249,0.179,0,3.47e-05,3,0.14400000000000002,-21.842,1,0,0.621,76.445,0.836,9
0.00144,0.7859999999999999,165120,0.846,0,0.0172,8,0.101,-3.752,1,51,0.0391,107.976,0.695,2
0.0485,0.7070000000000001,216720,0.722,0,0.0,10,0.122,-6.722,1,62,0.0284,98.991,0.431,0
0.335,0.5529999999999999,192707,0.657,0,0.000648,1,0.228,-8.219,1,62,0.0405,107.889,0.555,1
0.0221,0.547,303693,0.884,1,1.33e-06,8,0.0662,-1.452,1,54,0.366,146.75,0.608,1
0.375,0.456,165800,0.933,0,0.0,0,0.563,-5.2120000000000015,1,48,0.153,125.051,0.3670000000000001,5
0.104,0.7240000000000001,328907,0.44,0,0.0203,9,0.0598,-16.497,1,21,0.0299,103.49,0.7559999999999999,4
0.0213,0.537,286000,0.741,0,0.0662,0,0.0827,-14.857,1,27,0.0301,99.732,0.763,4
0.258,0.627,191853,0.778,0,0.0,1,0.108,-5.596,1,52,0.0491,129.826,0.604,1
0.872,0.585,186067,0.306,0,0.0,2,0.106,-17.785999999999994,1,26,0.0368,140.466,0.54,5
0.207,0.606,223653,0.422,0,0.0,9,0.127,-9.957,1,41,0.0286,148.046,0.55,2
0.986,0.478,183144,0.322,0,0.182,8,0.362,-13.075,0,0,0.0345,112.751,0.63,8
0.0221,0.591,512827,0.79,0,0.00139,0,0.181,-6.7929999999999975,1,48,0.0531,141.98,0.557,4
0.495,0.784,198286,0.757,0,1.18e-06,8,0.142,-3.912,1,67,0.0384,104.996,0.5870000000000001,1
0.679,0.6459999999999999,185400,0.209,0,0.0,10,0.0767,-17.241,1,20,0.0575,118.239,0.7909999999999999,7
0.932,0.526,135333,0.331,0,0.0,8,0.0792,-9.004,1,19,0.059,113.927,0.665,6
0.076,0.6990000000000001,188493,0.665,0,0.000206,9,0.066,-11.235,1,29,0.0397,124.908,0.799,6
9.09e-05,0.247,432333,0.907,0,0.0102,7,0.986,-8.318999999999999,1,30,0.116,115.737,0.19,3
0.0149,0.7120000000000001,301440,0.787,0,0.0274,9,0.0788,-13.26,1,33,0.0475,117.839,0.8640000000000001,3
0.257,0.5710000000000001,179667,0.863,0,0.0,4,0.532,-7.661,0,58,0.048,94.299,0.782,1
0.117,0.759,208640,0.588,0,8.690000000000001e-05,9,0.0633,-11.458,1,55,0.0295,102.035,0.853,3
0.994,0.516,190000,0.28,0,0.913,8,0.104,-17.070999999999998,1,0,0.0443,108.933,0.718,8
0.0831,0.759,208493,0.5539999999999999,0,4.92e-06,9,0.0895,-15.167,1,30,0.0349,126.994,0.913,4
0.00318,0.561,255160,0.897,0,0.006229999999999999,4,0.248,-3.974,1,41,0.0306,103.461,0.599,3
0.7170000000000001,0.284,136173,0.28,0,0.0,0,0.157,-13.675,0,23,0.0276,78.367,0.758,7
0.993,0.251,136253,0.00251,0,0.938,7,0.128,-31.611,1,4,0.0653,78.885,0.079,9
0.976,0.677,134205,0.0981,0,8.55e-05,9,0.0868,-18.155,1,0,0.0526,111.783,0.7290000000000001,10
0.762,0.601,200960,0.378,0,1.02e-06,5,0.158,-13.257,0,30,0.0944,160.019,0.532,7
0.0849,0.711,288400,0.967,0,0.0,7,0.245,-5.204,1,61,0.0474,145.024,0.892,2
0.93,0.179,221133,0.158,0,0.123,2,0.205,-16.59,1,5,0.038,77.77,0.199,7
0.471,0.5920000000000001,362093,0.8190000000000001,0,0.843,5,0.19,-9.44,1,36,0.0442,90.553,0.499,5
0.334,0.746,587511,0.755,0,0.00645,1,0.0447,-11.845999999999998,0,26,0.0422,111.089,0.931,4
0.539,0.735,179480,0.647,0,0.0,9,0.124,-8.491,1,13,0.0311,123.753,0.8420000000000001,6
0.457,0.701,125300,0.327,0,0.0,6,0.151,-17.37,1,2,0.959,134.27200000000002,0.244,7
0.475,0.6709999999999999,329520,0.7020000000000001,0,0.000583,1,0.116,-5.879,1,45,0.0282,97.995,0.735,2
0.995,0.522,284000,0.0308,0,0.915,5,0.0805,-26.86,1,54,0.0641,72.551,0.313,3
0.8290000000000001,0.485,141973,0.376,0,0.0,5,0.519,-8.887,1,15,0.04,121.625,0.745,6
0.00648,0.482,319067,0.828,0,0.408,7,0.35,-9.836,0,25,0.0292,145.399,0.8540000000000001,4
0.991,0.218,168907,0.333,0,0.981,0,0.192,-12.962,1,0,0.0433,75.816,0.247,8
0.116,0.5579999999999999,249107,0.915,0,8.5e-06,2,0.313,-8.501,1,43,0.0444,184.78,0.758,3
0.958,0.325,77293,0.118,0,0.835,0,0.0887,-21.197,1,3,0.0383,97.041,0.424,8
0.917,0.279,134223,0.328,0,0.249,0,0.103,-10.178,1,0,0.0293,95.679,0.69,7
0.3670000000000001,0.644,267533,0.626,0,5.78e-06,0,0.155,-7.2429999999999986,1,59,0.0258,128.029,0.388,2
0.067,0.644,159240,0.555,0,0.000307,5,0.162,-11.191,1,23,0.14400000000000002,140.512,0.733,6
0.101,0.384,191660,0.506,0,0.161,2,0.127,-14.268,1,24,0.104,154.828,0.403,6
0.975,0.29600000000000004,155267,0.0704,0,0.0138,9,0.13,-20.386,1,6,0.0549,85.292,0.231,7
0.236,0.777,156373,0.626,0,0.000443,5,0.119,-5.824,0,26,0.038,113.514,0.974,6
0.00158,0.665,197693,0.887,0,0.000957,7,0.101,-4.45,1,35,0.0328,119.32,0.908,3
0.8109999999999999,0.34600000000000003,308573,0.394,0,0.0,2,0.17600000000000002,-9.985,1,9,0.0313,122.426,0.421,8
0.68,0.807,150747,0.473,0,0.0,8,0.179,-11.383,1,10,0.047,113.237,0.963,6
0.991,0.7190000000000001,67107,0.265,0,0.7879999999999999,4,0.0875,-20.04,1,0,0.18600000000000005,138.09799999999998,0.917,7
0.0406,0.6940000000000001,99800,0.126,1,0.00851,0,0.0595,-24.26,1,0,0.88,138.59,0.5589999999999999,8
0.964,0.204,120033,0.00297,0,0.984,1,0.111,-36.056,1,62,0.0445,62.848,0.0396,1
0.8859999999999999,0.464,226960,0.493,0,0.846,5,0.669,-13.662,0,8,0.0509,116.561,0.861,7
0.31,0.7829999999999999,216840,0.765,0,0.0,9,0.0777,-5.227,1,45,0.145,89.006,0.6920000000000001,2
0.219,0.475,251600,0.5770000000000001,0,0.0,7,0.121,-3.979,1,47,0.0341,169.89700000000005,0.319,1
0.942,0.784,208627,0.349,0,0.0,2,0.188,-10.29,1,0,0.136,130.012,0.8,9
0.904,0.408,162733,0.366,0,2.0600000000000006e-05,0,0.199,-12.216,1,17,0.042,165.31900000000005,0.425,7
0.0933,0.6729999999999999,235600,0.464,1,0.0,10,0.21,-6.864,0,69,0.201,171.043,0.762,1
0.224,0.718,297173,0.358,0,0.0,3,0.192,-17.006,0,19,0.936,123.771,0.607,9
0.259,0.722,178533,0.551,0,0.00915,7,0.0415,-11.477,1,39,0.0423,119.907,0.529,5
0.693,0.31,164667,0.414,0,3.21e-05,9,0.42,-11.363,0,13,0.0734,179.77,0.481,6
0.256,0.745,245173,0.841,0,8e-05,0,0.0992,-5.229,0,46,0.0633,117.97,0.8740000000000001,3
0.883,0.581,195960,0.306,0,5.72e-06,11,0.0961,-13.241,0,7,0.0469,118.258,0.608,7
0.6759999999999999,0.573,169707,0.722,0,3.2299999999999986e-05,3,0.194,-3.724,1,26,0.0418,104.841,0.68,7
0.795,0.429,140440,0.315,0,0.0,2,0.506,-8.568999999999999,1,26,0.0246,94.955,0.365,6
0.23,0.5,318227,0.54,0,6.42e-06,1,0.0813,-12.01,0,34,0.0401,91.76,0.389,3
0.021,0.726,264900,0.994,0,0.0108,5,0.222,-2.4330000000000003,0,53,0.0543,129.989,0.779,1
0.194,0.366,410760,0.355,0,0.0746,4,0.259,-16.234,0,32,0.04,162.989,0.174,5
0.214,0.4970000000000001,197120,0.507,1,4.79e-06,5,0.0948,-8.075,0,65,0.0585,119.432,0.192,1
0.784,0.635,118733,0.5920000000000001,0,3.5600000000000005e-05,0,0.165,-13.02,1,19,0.51,128.384,0.701,6
0.16699999999999998,0.508,251333,0.5760000000000001,0,0.00215,6,0.33,-7.441,0,49,0.0294,156.938,0.516,2
0.362,0.853,140251,0.726,1,0.00032900000000000003,3,0.11,-7.414,0,61,0.0728,136.07299999999998,0.821,1
0.926,0.197,198333,0.0911,0,0.721,2,0.119,-21.511,1,37,0.0455,120.682,0.133,4
0.125,0.7759999999999999,177960,0.329,0,0.000203,9,0.383,-15.81,1,23,0.0308,108.778,0.518,4
0.962,0.381,77160,0.0184,0,0.968,0,0.13699999999999998,-32.385,1,24,0.0365,111.545,0.0762,5
0.0446,0.88,296440,0.818,0,0.0,4,0.691,-5.751,0,47,0.162,113.959,0.851,2
1.89e-05,0.343,167933,0.828,1,0.305,7,0.0948,-3.621,1,37,0.0649,66.311,0.385,2
0.13699999999999998,0.627,256227,0.8490000000000001,0,0.0,9,0.319,-10.61,0,52,0.0309,125.058,0.8170000000000001,4
0.95,0.328,176027,0.155,0,1.37e-06,2,0.149,-23.964,0,0,0.0565,105.639,0.221,8
0.0514,0.773,196427,0.685,0,0.0,7,0.445,-8.271,1,46,0.0895,92.978,0.5579999999999999,2
0.983,0.338,160907,0.206,0,0.012,10,0.109,-11.81,1,7,0.0339,115.223,0.468,7
0.8079999999999999,0.5,259893,0.228,0,0.0,5,0.0598,-15.312,1,5,0.154,85.62700000000002,0.5539999999999999,7
0.0006190000000000001,0.7659999999999999,292307,0.556,0,3.37e-05,7,0.0945,-14.447,0,33,0.0487,123.834,0.903,5
0.544,0.701,173360,0.414,0,0.0,1,0.251,-12.339,1,48,0.168,108.644,0.731,6
0.795,0.866,134427,0.412,0,0.0,1,0.0937,-8.971,1,22,0.0753,92.005,0.718,6
0.99,0.475,146253,0.0807,0,0.88,5,0.104,-23.52,0,15,0.0463,115.986,0.0682,6
0.27,0.679,145067,0.193,1,0.0,7,0.631,-21.357,1,0,0.929,87.619,0.731,10
0.193,0.608,180747,0.7659999999999999,0,0.0,1,0.131,-5.65,1,66,0.0474,159.999,0.425,1
0.905,0.134,218240,0.0802,0,0.954,9,0.0901,-21.95,1,35,0.0412,84.036,0.0298,3
0.314,0.649,202480,0.5379999999999999,0,4.82e-06,7,0.108,-11.482,1,0,0.0419,80.271,0.933,8
0.326,0.616,190987,0.6970000000000001,0,2.18e-05,3,0.0827,-5.952000000000001,1,56,0.0295,148.93,0.68,1
0.5,0.447,324680,0.189,0,0.000742,10,0.0524,-17.987000000000005,0,46,0.0396,173.59099999999995,0.653,7
0.994,0.395,162053,0.195,0,0.933,0,0.305,-16.581,1,0,0.0408,139.636,0.243,7
0.473,0.349,191373,0.8540000000000001,0,0.0,10,0.509,-4.176,1,32,0.0638,64.348,0.81,6
0.387,0.507,140173,0.925,0,0.00542,11,0.2,-9.842,0,39,0.0475,159.675,0.632,4
0.469,0.795,247656,0.627,0,0.0,7,0.0718,-13.802,1,29,0.0454,94.863,0.969,4
0.528,0.524,178387,0.459,0,0.0,9,0.0613,-4.04,1,45,0.0382,87.209,0.8420000000000001,2
0.862,0.684,206840,0.252,0,7.11e-05,4,0.133,-15.231,1,22,0.052000000000000005,117.874,0.6829999999999999,6
9.3e-06,0.573,139920,0.956,0,0.0,6,0.13,-4.629,0,52,0.08,129.95600000000002,0.754,1
0.5379999999999999,0.68,239240,0.393,0,4.19e-06,9,0.12,-8.431000000000001,1,61,0.0306,125.036,0.551,5
0.269,0.4320000000000001,212587,0.938,0,0.000697,5,0.192,-3.716,0,42,0.139,138.52200000000002,0.637,6
0.282,0.512,224427,0.4320000000000001,0,0.0,8,0.172,-9.91,1,35,0.0484,111.21,0.608,3
0.908,0.917,115533,0.321,0,0.0115,10,0.0487,-10.137,1,38,0.0458,126.23,0.937,3
0.8859999999999999,0.4920000000000001,113387,0.625,0,1.82e-05,4,0.224,-9.269,1,19,0.0563,99.638,0.853,6
0.394,0.7709999999999999,236600,0.912,1,0.0,11,0.52,-1.414,0,43,0.0753,149.668,0.521,2
0.867,0.43,171533,0.278,0,0.0,10,0.0892,-11.064,1,51,0.0357,113.579,0.415,7
0.0259,0.755,133107,0.618,0,1.58e-06,9,0.0395,-12.864,1,41,0.0455,142.326,0.966,4
0.389,0.472,188040,0.5760000000000001,0,1.51e-06,6,0.568,-6.83,1,33,0.0273,75.38,0.617,6
0.215,0.7,284573,0.614,0,1.74e-05,11,0.0703,-4.595,1,29,0.0261,105.953,0.924,4
0.0981,0.828,325760,0.657,1,0.0,0,0.408,-6.9579999999999975,1,43,0.201,125.567,0.613,3
0.187,0.7240000000000001,179987,0.6659999999999999,0,0.000322,4,0.247,-12.263,1,36,0.0417,91.411,0.8959999999999999,3
0.0979,0.67,196173,0.636,0,0.252,10,0.0803,-7.3820000000000014,1,49,0.0541,100.489,0.58,2
0.145,0.534,167227,0.52,0,0.000466,0,0.368,-10.743,1,33,0.0366,116.855,0.816,6
0.619,0.518,172667,0.622,0,0.00992,0,0.513,-8.805,1,53,0.0349,95.958,0.601,6
0.0958,0.343,138027,0.939,1,0.0,11,0.381,-4.102,1,57,0.112,116.469,0.903,3
0.8640000000000001,0.629,182667,0.204,0,0.0,10,0.0863,-12.619000000000002,1,54,0.075,89.199,0.489,2
0.627,0.654,226253,0.469,0,0.0,1,0.119,-6.141,1,58,0.0308,144.11700000000005,0.698,2
0.95,0.332,630453,0.14300000000000002,0,0.901,7,0.258,-21.56900000000001,1,11,0.0297,89.22,0.279,7
0.964,0.4370000000000001,141333,0.16,0,0.0043,4,0.31,-21.701,0,0,0.0438,113.368,0.644,7
0.0659,0.7170000000000001,102300,0.35700000000000004,1,0.0,1,0.544,-13.85,1,0,0.92,127.148,0.426,10
0.00386,0.328,253933,0.916,0,0.168,2,0.117,-9.807,0,37,0.0713,113.57,0.363,4
0.774,0.516,190120,0.136,0,0.0,0,0.139,-15.263,1,59,0.0352,101.58,0.428,1
0.256,0.727,1547947,0.638,0,0.00325,5,0.0844,-9.133,1,23,0.036000000000000004,107.646,0.865,4
0.978,0.578,259960,0.13699999999999998,0,0.794,8,0.69,-20.012,1,0,0.091,78.86399999999998,0.8809999999999999,9
0.851,0.6709999999999999,176757,0.43,1,0.0,10,0.118,-9.848,0,58,0.121,74.031,0.389,1
0.988,0.4370000000000001,225093,0.328,0,0.875,8,0.285,-16.24,1,0,0.0292,77.515,0.434,10
0.272,0.669,100933,0.637,0,0.0013800000000000002,8,0.202,-8.465,1,23,0.034,133.811,0.978,6
0.43,0.8140000000000001,270093,0.599,0,0.736,2,0.0904,-13.007,1,48,0.232,82.27799999999998,0.752,3
0.8740000000000001,0.611,253360,0.0811,1,0.0,0,0.105,-15.25,1,58,0.0396,79.569,0.171,1
0.000634,0.742,293840,0.8440000000000001,1,0.0,2,0.0659,-4.622,1,63,0.0479,131.986,0.416,1
0.903,0.5489999999999999,128955,0.297,0,0.00011,7,0.28,-11.646,1,0,0.0313,154.865,0.642,8
0.312,0.639,163253,0.812,0,0.0,9,0.236,-6.568,1,35,0.0742,123.448,0.8290000000000001,2
0.907,0.392,180040,0.389,0,0.000391,2,0.336,-11.687,0,0,0.042,166.892,0.8759999999999999,7
0.349,0.7490000000000001,281560,0.5,0,7.77e-05,7,0.139,-5.019,1,32,0.045,136.208,0.7709999999999999,3
0.992,0.6759999999999999,171587,0.269,0,0.112,4,0.128,-24.372,0,0,0.0448,115.182,0.773,10
0.953,0.192,145440,0.0336,0,0.956,1,0.112,-19.376,0,10,0.0328,106.651,0.138,7
0.7440000000000001,0.588,182133,0.63,0,0.00314,0,0.28300000000000003,-7.427,0,20,0.0496,111.102,0.6990000000000001,7
0.8909999999999999,0.465,267093,0.29100000000000004,0,2.57e-05,6,0.316,-17.307000000000002,1,31,0.0389,114.485,0.6659999999999999,4
0.104,0.374,436440,0.456,0,0.000176,6,0.197,-7.352,0,56,0.0369,135.645,0.0753,2
0.0246,0.846,229867,0.482,0,0.0,1,0.393,-6.721,0,70,0.129,100.969,0.212,2
0.977,0.205,489120,0.14,0,0.917,9,0.115,-17.773,0,42,0.0374,67.95100000000001,0.0492,2
0.113,0.8390000000000001,444200,0.774,0,0.00148,9,0.14,-10.343,1,29,0.0929,89.39,0.966,5
0.988,0.34700000000000003,196360,0.207,0,3.63e-05,0,0.116,-14.201,0,0,0.035,98.553,0.355,9
0.977,0.708,191573,0.149,0,0.00136,2,0.196,-12.544,0,7,0.0295,100.095,0.305,9
0.027000000000000003,0.376,284133,0.319,0,6.500000000000001e-05,9,0.223,-14.182,0,36,0.0297,135.81799999999998,0.35600000000000004,5
0.00212,0.8079999999999999,142649,0.701,1,2.1e-05,2,0.126,-4.837,0,58,0.0984,158.06799999999996,0.154,1
9.19e-05,0.459,236360,0.923,0,1.46e-06,10,0.454,-6.081,0,47,0.0709,119.838,0.5479999999999999,4
0.994,0.534,157160,0.11,0,0.934,2,0.106,-25.113000000000003,0,0,0.0595,128.092,0.733,10
0.893,0.562,166507,0.504,0,0.0006519999999999999,3,0.0987,-9.289,1,30,0.0272,114.033,0.713,7
0.118,0.398,304093,0.665,0,0.28600000000000003,9,0.99,-10.454,1,34,0.0559,126.295,0.652,5
0.0478,0.962,202520,0.478,1,0.0,1,0.161,-6.942,1,52,0.075,105.939,0.232,1
0.204,0.8009999999999999,158067,0.625,0,0.0,3,0.0497,-7.0070000000000014,1,49,0.0454,111.345,0.887,2
0.055,0.622,221467,0.763,0,8.91e-06,9,0.315,-6.4,1,64,0.0263,102.0,0.621,1
0.47,0.448,209099,0.541,1,0.0,4,0.1,-11.34,0,64,0.397,81.92,0.237,1
0.214,0.311,418467,0.637,0,0.112,3,0.0619,-8.595,0,56,0.0369,147.627,0.423,3
0.8809999999999999,0.444,390880,0.202,0,0.434,10,0.6779999999999999,-22.607,1,0,0.0643,126.248,0.249,7
0.281,0.779,161827,0.6940000000000001,1,1.36e-05,9,0.109,-9.376,1,61,0.2,82.861,0.569,1
0.406,0.7020000000000001,115070,0.21,1,1.87e-05,3,0.104,-20.082,1,0,0.926,99.472,0.644,8
0.54,0.59,252000,0.845,0,0.000275,0,0.0758,-4.37,1,43,0.048,108.866,0.843,5
0.408,0.7120000000000001,178507,0.6609999999999999,0,1.3e-05,9,0.0963,-5.829,0,41,0.0335,84.103,0.755,3
0.00169,0.499,195893,0.735,0,1.98e-06,6,0.162,-4.6789999999999985,1,49,0.0323,131.911,0.228,2
0.0335,0.7440000000000001,233267,0.969,0,1.57e-05,4,0.0375,-5.466,0,56,0.076,106.932,0.8079999999999999,1
0.28,0.7140000000000001,151800,0.152,1,0.0,1,0.238,-17.87,1,0,0.76,129.512,0.595,8
0.174,0.477,142511,0.6940000000000001,0,0.0722,9,0.116,-8.109,1,38,0.041,129.748,0.868,6
0.888,0.544,268707,0.276,0,0.0489,7,0.4320000000000001,-15.505999999999998,0,28,0.177,158.904,0.65,7
0.262,0.7,194867,0.6970000000000001,0,0.0,7,0.107,-5.356,1,58,0.0525,124.825,0.293,1
3.3100000000000005e-05,0.325,249737,0.992,1,0.0891,9,0.737,-5.768,1,24,0.171,83.92299999999999,0.0763,4
0.0174,0.59,218307,0.851,0,0.0975,4,0.154,-11.754,1,62,0.0297,146.213,0.968,4
0.000594,0.297,163200,0.925,1,0.0841,2,0.0699,-8.066,1,43,0.0706,160.303,0.135,3
0.413,0.627,116533,0.52,0,0.0,5,0.359,-12.237,1,5,0.0494,124.936,0.916,7
0.983,0.231,472760,0.266,0,0.901,1,0.0953,-17.204,0,44,0.0445,76.859,0.0856,6
0.064,0.505,223090,0.747,0,0.00647,8,0.244,-5.4220000000000015,1,58,0.0308,139.865,0.529,5
0.753,0.743,173307,0.938,0,3.74e-06,7,0.0538,-7.558,0,5,0.0538,111.938,0.88,7
0.0885,0.8340000000000001,216653,0.687,1,0.0,1,0.14400000000000002,-6.473,1,46,0.105,99.752,0.491,2
0.667,0.69,163979,0.542,0,0.928,0,0.196,-8.241,1,5,0.0314,129.252,0.938,9
0.925,0.625,154040,0.304,0,6.16e-06,0,0.259,-10.103,0,18,0.106,169.588,0.7240000000000001,8
0.007490000000000002,0.42,203964,0.846,0,0.000101,10,0.161,-11.774,0,41,0.0482,137.599,0.542,4
0.0153,0.581,189487,0.662,1,0.0,9,0.111,-5.239,1,83,0.303,93.023,0.434,1
0.93,0.539,257760,0.0922,0,3.35e-06,8,0.0877,-18.465,1,19,0.0305,95.738,0.708,7
0.948,0.0688,132159,0.039,0,0.292,3,0.118,-30.184,0,3,0.0472,189.717,0.037000000000000005,8
0.000105,0.171,293867,0.949,0,0.562,2,0.532,-15.105,1,29,0.201,106.971,0.055,5
0.922,0.465,141120,0.053,0,0.00023,1,0.111,-20.22,1,16,0.0366,120.371,0.633,6
0.199,0.785,306160,0.5579999999999999,0,0.000131,6,0.0639,-6.283,0,30,0.036000000000000004,103.162,0.963,4
0.9,0.41,3551152,0.451,0,3.41e-05,8,0.703,-10.213,0,26,0.126,118.125,0.408,6
0.957,0.348,177267,0.184,0,0.00257,5,0.301,-14.313,1,17,0.028,80.854,0.189,7
0.867,0.389,308587,0.14800000000000002,0,0.0,5,0.177,-16.239,0,9,0.0387,132.65200000000002,0.338,6
0.7090000000000001,0.523,199400,0.205,0,0.0,3,0.168,-10.366,1,12,0.12,175.53,0.463,6
0.014,0.482,232933,0.904,0,6.02e-06,7,0.0937,-4.815,1,43,0.0655,152.268,0.555,3
0.000116,0.564,191373,0.968,0,3.97e-05,1,0.226,-3.75,1,55,0.0631,103.885,0.35200000000000004,2
0.985,0.369,350733,0.154,0,0.226,5,0.327,-18.147,1,0,0.0555,69.743,0.289,8
0.506,0.652,268748,0.581,0,0.0,6,0.109,-6.855,1,38,0.119,119.941,0.5379999999999999,2
0.836,0.695,129600,0.537,0,1.24e-06,5,0.108,-9.068,1,29,0.0484,101.172,0.957,5
0.995,0.508,194609,0.0331,0,0.0988,1,0.128,-15.427,1,0,0.14800000000000002,75.108,0.394,7
0.95,0.4920000000000001,335987,0.18600000000000005,0,0.0831,3,0.363,-15.078,1,0,0.0672,161.036,0.772,9
0.8590000000000001,0.794,97253,0.0625,0,0.0,11,0.0939,-26.256,1,0,0.0745,112.539,0.481,7
0.836,0.274,195200,0.17800000000000002,0,0.92,10,0.109,-11.946,0,6,0.0294,75.398,0.126,7
0.00064,0.539,205680,0.96,0,0.0008990000000000002,5,0.113,-3.484,1,58,0.0535,99.135,0.471,1
0.977,0.392,185443,0.14300000000000002,0,0.0,10,0.1,-13.44,1,0,0.0371,112.228,0.271,8
0.00398,0.826,274600,0.836,1,0.0,10,0.108,-4.252,0,40,0.221,91.788,0.556,3
0.992,0.584,205000,0.303,0,0.905,7,0.0991,-15.584,0,12,0.0579,111.091,0.884,7
0.0196,0.841,447027,0.578,1,0.0,4,0.13699999999999998,-8.341000000000001,0,51,0.426,83.22200000000002,0.5589999999999999,3
0.897,0.414,150787,0.159,0,0.899,2,0.101,-26.54300000000001,1,38,0.0388,89.956,0.0808,6
0.769,0.27,290680,0.444,0,0.134,7,0.363,-7.859,0,52,0.0312,127.192,0.093,5
0.631,0.478,193587,0.328,0,2.17e-05,9,0.498,-15.348,1,18,0.0357,117.52,0.536,6
0.402,0.7559999999999999,221467,0.5539999999999999,1,0.0,6,0.158,-4.24,0,80,0.0342,117.992,0.596,0
0.00561,0.653,222253,0.565,0,3.02e-05,1,0.145,-6.636,1,69,0.0354,124.987,0.165,1
0.97,0.227,413933,0.0259,0,0.0258,10,0.104,-27.411,1,0,0.0396,89.329,0.141,8
0.534,0.716,98300,0.103,1,0.0,1,0.521,-19.535,1,0,0.961,65.827,0.6829999999999999,8
0.77,0.456,241573,0.28600000000000003,0,0.218,5,0.209,-14.587,1,8,0.0499,149.341,0.268,6
0.366,0.5329999999999999,256840,0.914,0,8.42e-06,9,0.22,-4.8580000000000005,0,32,0.0585,100.132,0.574,5
0.987,0.35100000000000003,422160,0.00281,0,0.579,3,0.0842,-29.975,1,15,0.0498,83.2,0.192,6
0.396,0.6990000000000001,237280,0.565,0,0.0168,9,0.0811,-9.124,0,40,0.0244,98.995,0.384,4
0.119,0.5379999999999999,204000,0.731,0,0.000185,0,0.0532,-9.999,1,35,0.0621,176.637,0.948,4
0.12,0.6829999999999999,198133,0.629,0,0.358,10,0.5329999999999999,-14.908,0,34,0.132,174.713,0.932,5
0.499,0.369,548200,0.262,0,0.069,7,0.108,-21.748,1,36,0.0544,75.646,0.183,5
0.916,0.23,931613,0.157,0,0.918,3,0.0775,-16.774,1,0,0.0348,103.058,0.12,8
0.994,0.345,488582,0.0204,0,0.911,7,0.11,-29.419,0,0,0.043,68.555,0.238,9
0.0389,0.655,249000,0.7859999999999999,0,0.5760000000000001,9,0.0527,-7.9460000000000015,0,43,0.0287,130.549,0.752,4
0.0237,0.551,248976,0.584,0,0.0,7,0.19,-9.93,1,52,0.0272,153.02100000000004,0.807,2
0.885,0.537,208893,0.322,0,0.0237,2,0.16399999999999998,-16.611,1,35,0.0335,129.47299999999998,0.5589999999999999,4
0.552,0.487,270413,0.458,0,0.0257,4,0.117,-7.761,0,64,0.0371,115.989,0.207,1
0.851,0.6709999999999999,154400,0.303,0,0.000257,4,0.12,-13.765,1,36,0.03,145.83100000000005,0.888,3
0.00277,0.6970000000000001,232600,0.8079999999999999,0,0.0025800000000000003,1,0.0509,-6.803,0,51,0.203,95.841,0.54,3
0.0053,0.305,124307,0.873,0,0.000533,4,0.32,-7.816,0,30,0.0495,102.945,0.5539999999999999,4
0.017,0.531,229733,0.6779999999999999,0,0.0,6,0.0864,-12.841,1,38,0.0328,101.322,0.7979999999999999,2
0.438,0.631,138160,0.406,0,3.07e-06,2,0.159,-16.048,1,23,0.0315,75.229,0.838,4
0.0642,0.391,301840,0.86,0,0.939,1,0.0792,-5.54,1,45,0.0461,120.108,0.141,1
0.438,0.774,179627,0.603,0,4.370000000000001e-05,11,0.0869,-7.319,1,69,0.0591,149.982,0.977,0
0.422,0.662,372962,0.606,0,0.915,7,0.0594,-7.026,0,0,0.0376,111.999,0.645,10
0.479,0.706,156320,0.769,0,0.000116,10,0.101,-5.283,1,54,0.114,98.495,0.942,2
0.856,0.691,182133,0.316,0,5.660000000000003e-05,11,0.0728,-8.829,0,0,0.0791,135.851,0.539,9
0.66,0.743,161333,0.454,0,4.51e-06,11,0.0806,-12.611,1,32,0.0431,166.58599999999996,0.963,3
0.0178,0.878,251667,0.6509999999999999,1,0.0,11,0.0408,-8.074,0,59,0.252,92.028,0.102,3
0.929,0.5429999999999999,166493,0.207,0,0.873,2,0.12,-15.011,1,14,0.0337,78.65100000000002,0.319,6
0.524,0.88,425573,0.386,0,0.125,5,0.158,-11.362,1,31,0.0579,127.783,0.687,5
0.29100000000000004,0.72,156680,0.8190000000000001,0,4.92e-06,0,0.224,-5.825,1,53,0.0557,115.042,0.735,2
0.191,0.406,206347,0.95,0,5.3799999999999986e-05,7,0.981,-5.579,1,25,0.109,116.248,0.621,5
0.974,0.91,179320,0.234,0,0.00636,7,0.0705,-16.021,0,0,0.0714,108.012,0.8,9
0.89,0.54,160334,0.5479999999999999,0,0.0256,6,0.584,-7.023,1,0,0.0582,135.8,0.969,8
0.725,0.529,168307,0.4320000000000001,0,7.01e-05,3,0.225,-9.724,1,7,0.0383,148.851,0.591,6
0.0246,0.815,269640,0.652,0,0.0,9,0.087,-7.099,0,52,0.251,101.977,0.569,1
0.994,0.6859999999999999,186000,0.127,0,0.0136,11,0.114,-12.423,1,0,0.0997,116.264,0.816,10
0.988,0.247,173067,0.0371,0,2.7399999999999995e-05,9,0.0841,-20.817,0,0,0.0442,80.643,0.0618,10
0.00804,0.416,202973,0.741,0,0.0,7,0.273,-4.001,1,67,0.0335,160.515,0.28600000000000003,2
0.988,0.0,214307,0.121,0,0.000311,0,0.121,-14.603,1,0,0.0,0.0,0.0,7
0.7909999999999999,0.458,161693,0.199,0,4.88e-05,0,0.119,-15.288,1,18,0.0269,78.637,0.285,6
0.703,0.8420000000000001,254560,0.453,0,1.74e-05,0,0.102,-10.146,1,53,0.0456,127.139,0.6859999999999999,2
0.562,0.5870000000000001,194307,0.289,0,0.752,5,0.104,-19.789,0,26,0.0755,142.011,0.906,6
0.927,0.6809999999999999,33627,0.219,0,0.013,0,0.219,-19.27,1,0,0.313,128.379,0.721,8
0.976,0.258,203227,0.0555,0,0.485,9,0.185,-24.396,1,0,0.0496,83.648,0.109,8
0.5770000000000001,0.7759999999999999,163840,0.654,0,6.52e-06,2,0.0821,-8.338,1,19,0.0505,143.72,0.848,7
0.35,0.7440000000000001,125827,0.517,0,0.0,1,0.13,-10.636,0,7,0.0381,90.817,0.898,7
0.428,0.7040000000000001,458293,0.33,0,0.0,1,0.418,-17.202,1,20,0.946,106.875,0.713,9
0.417,0.665,345400,0.488,0,2.9100000000000013e-05,9,0.0642,-11.021,0,41,0.0938,99.311,0.669,5
0.968,0.394,198560,0.0406,0,0.0453,9,0.0976,-23.179,1,46,0.044,116.117,0.2,10
0.7959999999999999,0.473,149320,0.228,0,2.04e-06,5,0.113,-12.036,0,22,0.027000000000000003,97.168,0.459,6
0.407,0.43,162507,0.628,0,0.0,4,0.595,-5.51,1,28,0.0295,101.008,0.556,5
0.0832,0.5329999999999999,266093,0.6759999999999999,0,0.000224,2,0.122,-6.4689999999999985,1,48,0.065,76.444,0.377,1
0.0817,0.777,268237,0.8059999999999999,0,2.24e-05,7,0.0295,-7.57,0,58,0.0348,140.002,0.963,1
0.659,0.634,149027,0.259,0,0.0,0,0.341,-14.953,1,26,0.0479,120.551,0.626,6
0.0336,0.168,101507,0.858,0,8.65e-05,2,0.293,-4.617,1,26,0.0658,140.939,0.599,4
0.521,0.652,107027,0.778,0,0.0,2,0.0999,-7.896,1,35,0.0419,151.658,0.97,6
0.0825,0.5489999999999999,212560,0.882,0,0.0,7,0.3720000000000001,-4.9110000000000005,1,46,0.0505,169.99400000000003,0.645,1
0.7609999999999999,0.34600000000000003,157160,0.3720000000000001,0,0.919,9,0.122,-13.811,1,30,0.0341,108.189,0.192,6
0.0851,0.51,254387,0.67,0,0.0,8,0.162,-7.519,0,49,0.0343,124.144,0.265,2
0.265,0.289,238376,0.423,0,0.0,0,0.097,-7.102,1,47,0.0292,103.382,0.121,2
0.384,0.748,179800,0.89,0,0.0,9,0.0946,-5.8820000000000014,1,39,0.0477,139.952,0.942,2
0.624,0.601,208493,0.6609999999999999,0,0.0007830000000000001,2,0.306,-7.022,1,19,0.0312,113.219,0.958,6
0.696,0.708,190603,0.215,0,0.0,11,0.434,-17.99,0,0,0.953,130.976,0.509,9
0.855,0.5489999999999999,191507,0.393,0,0.708,7,0.0928,-16.267,1,35,0.0336,143.501,0.855,6
0.0416,0.609,56800,0.846,0,0.7809999999999999,0,0.365,-9.077,1,32,0.0351,120.008,0.932,4
0.14400000000000002,0.325,144307,0.412,0,0.76,0,0.266,-13.062,1,20,0.029,186.72,0.913,7
0.306,0.54,333600,0.422,0,2.380000000000001e-05,2,0.0933,-8.166,1,39,0.027000000000000003,93.653,0.494,3
0.149,0.239,420000,0.478,0,0.125,7,0.0953,-13.617,0,0,0.0423,122.674,0.0392,8
0.95,0.615,208320,0.328,0,0.0864,10,0.11,-14.86,1,0,0.0385,133.514,0.682,9
0.399,0.503,151800,0.484,0,0.0,5,0.345,-12.833,0,50,0.0311,122.203,0.8,3
0.0593,0.476,223613,0.902,0,0.0,11,0.394,-2.665,0,67,0.0436,160.025,0.746,2
0.852,0.417,209267,0.339,0,8.42e-06,7,0.116,-9.883,1,33,0.0438,171.294,0.29100000000000004,5
0.000259,0.3,548253,0.929,1,2.26e-06,1,0.329,-3.214,1,58,0.0636,147.116,0.59,2
0.644,0.561,252248,0.638,0,0.00126,7,0.133,-9.818,0,23,0.0293,165.14700000000005,0.8690000000000001,5
0.194,0.706,274160,0.6559999999999999,0,0.000231,5,0.0497,-8.896,0,21,0.0266,101.869,0.8,4
0.826,0.38,249733,0.413,0,0.000341,10,0.127,-12.022,1,38,0.0325,97.673,0.505,6
0.0024,0.581,223133,0.848,0,1.21e-06,2,0.847,-11.076,1,34,0.054000000000000006,134.741,0.764,4
0.385,0.532,83853,0.562,0,0.0,9,0.0631,-8.328,1,22,0.0424,113.995,0.695,6
0.5710000000000001,0.6629999999999999,156947,0.645,0,0.0366,5,0.287,-5.905,1,26,0.0484,127.498,0.701,7
0.774,0.51,161333,0.217,0,0.0318,2,0.121,-14.044,1,35,0.026,93.69,0.475,3
0.995,0.115,439867,0.0152,0,0.845,3,0.108,-28.735,1,10,0.0476,75.038,0.0383,6
0.904,0.26,619667,0.255,0,0.72,3,0.135,-15.078,1,0,0.0398,122.405,0.196,8
0.114,0.327,460067,0.8029999999999999,0,0.0327,2,0.988,-9.805,1,24,0.0769,136.555,0.426,5
0.08800000000000001,0.635,268547,0.684,0,0.156,0,0.0755,-11.687,1,60,0.0329,120.269,0.892,2
0.802,0.621,181427,0.7340000000000001,0,0.0337,10,0.205,-6.799,1,20,0.0364,124.199,0.725,6
0.435,0.607,153740,0.838,1,0.0,11,0.113,-3.064,0,53,0.141,87.15,0.877,1
0.963,0.364,232266,0.0287,0,0.00368,11,0.123,-19.914,0,32,0.0327,135.95,0.0982,4
0.425,0.511,224707,0.517,0,0.83,11,0.0821,-10.893,0,26,0.0279,108.702,0.637,6
0.34600000000000003,0.7559999999999999,191240,0.279,0,4.48e-05,0,0.187,-12.415,1,41,0.0376,93.379,0.7879999999999999,5
0.00244,0.451,143893,0.937,1,0.000112,4,0.14800000000000002,-5.524,1,60,0.0952,100.601,0.591,3
0.86,0.395,202027,0.508,0,0.0,1,0.174,-6.157,1,0,0.0809,197.195,0.473,8
0.517,0.831,214467,0.449,0,0.000109,3,0.0599,-5.251,1,54,0.0335,109.989,0.7659999999999999,1
0.986,0.317,180376,0.0985,0,0.942,0,0.129,-20.354,1,0,0.0463,89.57799999999996,0.439,8
0.00428,0.172,323120,0.434,0,5.15e-06,6,0.0628,-10.53,0,25,0.0328,206.451,0.505,5
0.843,0.5529999999999999,232453,0.155,0,0.00012,9,0.114,-8.905,1,46,0.034,102.99,0.45,2
0.303,0.455,173867,0.565,0,0.0,5,0.196,-7.71,1,19,0.0318,61.639,0.5589999999999999,6
0.000951,0.316,92040,0.924,0,0.00027,0,0.117,-7.888,1,37,0.0448,132.57299999999998,0.8170000000000001,3
0.979,0.504,184294,0.355,0,1.22e-05,7,0.391,-10.878,1,0,0.0434,109.624,0.57,8
0.958,0.391,283573,0.324,0,0.000389,9,0.334,-12.4,1,0,0.0787,162.487,0.431,8
0.341,0.769,354894,0.48,0,6.29e-06,5,0.358,-17.506,0,33,0.215,140.71200000000002,0.789,4
0.145,0.464,362133,0.47,0,0.0031,5,0.128,-12.03,1,29,0.031,119.158,0.134,5
0.057,0.28,263432,0.948,0,0.0,9,0.331,-1.916,0,54,0.142,176.896,0.644,4
0.0406,0.8009999999999999,209067,0.529,0,0.000609,1,0.0936,-14.875,1,54,0.0962,106.965,0.721,3
0.703,0.368,212667,0.403,0,7.66e-06,10,0.202,-12.699000000000002,1,62,0.0288,135.384,0.338,5
0.996,0.586,149720,0.273,0,0.923,0,0.181,-10.211,1,0,0.12,126.564,0.598,10
0.7909999999999999,0.6809999999999999,157267,0.66,0,0.0364,3,0.0669,-10.425999999999998,1,45,0.0319,130.019,0.965,2
0.618,0.653,244320,0.439,0,0.0,0,0.133,-8.408999999999999,1,43,0.0249,91.904,0.532,4
0.135,0.31,298440,0.474,0,0.00359,10,0.0471,-11.954,1,29,0.0329,168.743,0.7020000000000001,5
0.579,0.162,300960,0.252,0,0.912,7,0.358,-12.178,1,1,0.0325,69.08,0.0557,7
0.976,0.259,889573,0.057,0,0.8140000000000001,3,0.0818,-20.774,1,10,0.0363,139.929,0.111,6
0.392,0.459,256173,0.619,0,0.705,8,0.747,-12.35,1,23,0.118,180.766,0.888,6
0.119,0.57,191889,0.711,0,0.0,9,0.35200000000000004,-4.1560000000000015,1,45,0.0701,163.129,0.649,2
0.00194,0.297,364587,0.792,0,0.301,1,0.268,-11.463,0,28,0.0361,127.851,0.408,5
0.994,0.8190000000000001,193987,0.0601,0,0.581,10,0.0844,-19.581,0,0,0.146,116.305,0.755,9
0.6579999999999999,0.561,347347,0.203,0,0.0,5,0.244,-15.434,1,33,0.0356,130.289,0.306,3
0.115,0.769,179867,0.75,0,0.0208,10,0.0909,-5.092,1,55,0.0304,97.229,0.942,1
0.0561,0.852,274893,0.871,1,0.000185,6,0.0999,-1.958,0,43,0.244,105.487,0.648,2
0.000193,0.55,207213,0.952,0,0.000666,8,0.0614,-4.664,1,69,0.0924,127.804,0.391,2
0.475,0.664,216227,0.623,0,0.0,7,0.0714,-3.342,0,65,0.0333,129.915,0.467,1
0.996,0.7290000000000001,183120,0.315,0,0.9,9,0.322,-12.382,0,0,0.0625,120.929,0.73,10
0.884,0.512,164067,0.0934,0,0.00398,4,0.105,-22.511,0,28,0.0544,155.662,0.203,5
0.0104,0.67,251453,0.7879999999999999,1,0.0,11,0.4920000000000001,-7.426,1,55,0.274,80.032,0.522,2
0.505,0.525,229467,0.263,0,1.79e-06,9,0.228,-12.355,1,39,0.0412,135.717,0.462,4
0.736,0.621,433440,0.608,0,3.48e-05,9,0.203,-5.289,0,34,0.0467,90.884,0.81,5
0.326,0.5379999999999999,209827,0.652,0,1.6e-06,3,0.102,-10.057,1,24,0.0446,111.683,0.8809999999999999,7
0.892,0.119,251565,0.066,0,0.911,0,0.111,-19.345,1,53,0.0418,150.636,0.15,2
0.88,0.443,225227,0.271,0,0.00176,3,0.302,-17.499000000000002,1,31,0.0615,86.914,0.513,6
0.0412,0.8059999999999999,186880,0.54,1,0.0,10,0.245,-6.433,0,39,0.311,88.887,0.7929999999999999,3
0.82,0.47,203467,0.308,0,0.039,5,0.115,-18.663,1,43,0.0369,115.459,0.857,6
0.49,0.823,286480,0.506,0,0.145,9,0.103,-10.595,1,40,0.0425,128.028,0.264,4
0.89,0.473,357360,0.241,0,0.00386,5,0.141,-14.872,1,41,0.0323,115.163,0.404,3
0.687,0.695,127267,0.5820000000000001,0,0.00914,11,0.17800000000000002,-9.567,0,37,0.0381,118.88,0.8170000000000001,7
0.106,0.758,200000,0.816,0,0.892,7,0.391,-3.965,1,44,0.0569,99.984,0.77,1
0.897,0.463,245920,0.274,0,0.0155,2,0.233,-16.405,1,0,0.0569,110.946,0.6920000000000001,8
0.35700000000000004,0.816,172747,0.677,1,0.0,11,0.165,-4.067,0,77,0.19,78.967,0.5329999999999999,0
0.0411,0.568,244480,0.835,0,0.0,8,0.35700000000000004,-6.896,0,63,0.0687,170.045,0.625,2
0.989,0.675,170053,0.413,0,0.0163,2,0.0634,-6.114,0,0,0.0603,118.367,0.7759999999999999,10
0.8440000000000001,0.6920000000000001,181840,0.203,0,0.153,7,0.118,-17.383,1,7,0.0554,99.95,0.67,7
0.0198,0.743,275920,0.705,1,1.08e-06,1,0.34600000000000003,-4.041,1,54,0.043,87.0,0.531,2
0.7390000000000001,0.394,164397,0.595,0,0.00171,9,0.14,-10.488,1,11,0.0653,129.356,0.8029999999999999,7
0.138,0.836,222373,0.857,1,0.0,1,0.101,-3.666,1,41,0.444,91.48,0.662,2
0.000283,0.561,270333,0.956,0,0.618,4,0.0882,-11.568,0,33,0.0639,125.316,0.209,4
0.0136,0.856,228438,0.5720000000000001,1,1.55e-06,1,0.121,-8.429,1,59,0.373,82.445,0.454,1
0.732,0.5670000000000001,496173,0.463,1,0.0,6,0.7090000000000001,-11.669,0,60,0.504,126.982,0.324,1
0.957,0.231,100507,0.0406,0,0.977,4,0.142,-33.762,0,30,0.0354,133.727,0.0694,6
0.995,0.633,196169,0.139,0,0.715,4,0.109,-15.271,0,0,0.13,82.779,0.484,8
0.5529999999999999,0.49,205480,0.581,0,0.0177,5,0.0764,-6.566,1,60,0.0388,88.71799999999998,0.318,5
0.995,0.6709999999999999,168020,0.252,0,0.135,0,0.338,-12.668,1,0,0.0788,124.046,0.807,9
0.568,0.5820000000000001,101883,0.921,0,0.908,0,0.269,-6.0710000000000015,0,35,0.06,118.53,0.605,6
0.136,0.5379999999999999,281101,0.7190000000000001,0,0.000394,0,0.187,-5.94,1,53,0.0348,118.315,0.502,1
0.452,0.5329999999999999,213067,0.275,0,0.00228,11,0.136,-14.704,1,21,0.0278,110.88,0.5760000000000001,5
0.334,0.49,286787,0.711,0,2.14e-06,10,0.0845,-4.585,1,58,0.0381,151.80100000000004,0.281,1
0.408,0.573,412066,0.792,0,0.00212,2,0.73,-12.939,1,28,0.182,90.921,0.513,5
0.845,0.43,144652,0.362,0,9.9e-05,8,0.16899999999999998,-9.138,1,38,0.0262,91.129,0.35100000000000003,6
0.00091,0.317,220880,0.879,0,0.0014199999999999998,9,0.0972,-7.532999999999999,1,50,0.0406,169.53400000000005,0.8490000000000001,2
0.92,0.467,173867,0.166,0,0.5770000000000001,9,0.208,-10.755999999999998,1,0,0.0381,126.387,0.463,8
0.78,0.459,132160,0.336,0,0.0,10,0.0603,-11.01,1,20,0.0324,114.131,0.805,6
0.5539999999999999,0.371,148253,0.7240000000000001,0,0.0,2,0.299,-9.792,1,57,0.0562,170.377,0.916,6
0.00147,0.568,354533,0.841,0,0.00297,4,0.125,-4.224,1,23,0.0318,103.974,0.636,4
0.992,0.35600000000000004,157867,0.098,0,0.00126,4,0.207,-19.447,1,0,0.0505,87.324,0.155,7
0.933,0.228,542547,0.343,0,0.92,0,0.13699999999999998,-11.604,1,0,0.0319,96.964,0.332,9
0.6809999999999999,0.522,216573,0.56,0,1.06e-06,7,0.421,-9.044,1,21,0.0642,81.831,0.485,6
0.755,0.474,127427,0.608,0,0.0,5,0.0928,-5.1389999999999985,1,62,0.0825,184.694,0.888,7
0.75,0.37,187133,0.322,0,7.53e-05,5,0.223,-13.396,1,38,0.0317,82.229,0.301,3
0.84,0.381,393187,0.161,0,0.0,0,0.14300000000000002,-12.915,1,61,0.0369,135.813,0.35600000000000004,1
0.8240000000000001,0.634,198413,0.264,0,0.0,9,0.157,-12.415,0,20,0.13,79.817,0.684,7
0.993,0.665,185000,0.132,0,0.034,2,0.139,-12.762,1,0,0.0612,116.389,0.531,10
0.785,0.349,336560,0.494,0,0.0655,4,0.066,-11.825,1,50,0.0342,157.77700000000004,0.342,5
0.8490000000000001,0.465,154653,0.66,0,0.74,10,0.142,-11.867,0,0,0.0343,87.868,0.325,8
0.0297,0.897,208267,0.612,1,0.18600000000000005,11,0.0894,-10.489,1,71,0.211,102.305,0.767,3
0.00626,0.489,208546,0.931,0,0.0149,10,0.227,-6.888,0,27,0.152,148.746,0.5479999999999999,5
0.672,0.723,173560,0.35600000000000004,0,2.03e-06,6,0.155,-15.401,0,39,0.0401,124.663,0.737,5
0.67,0.69,174333,0.695,0,0.0,3,0.133,-9.757,1,23,0.29100000000000004,123.114,0.591,7
0.8059999999999999,0.5529999999999999,188893,0.633,0,0.0134,3,0.0429,-8.869,1,1,0.0489,132.93,0.6659999999999999,8
0.185,0.425,273773,0.519,0,0.0,9,0.102,-9.707,1,49,0.0279,143.887,0.208,3
0.113,0.8079999999999999,182467,0.741,1,0.0,7,0.0815,-4.76,1,41,0.0535,80.00399999999998,0.418,2
0.703,0.643,119427,0.679,0,0.0,5,0.0696,-7.226,1,8,0.0314,95.501,0.972,7
0.44,0.684,172000,0.8490000000000001,0,0.0,4,0.0901,-3.862,1,50,0.0403,164.84900000000005,0.956,2
0.993,0.451,154587,0.187,0,0.924,9,0.135,-18.351,1,1,0.0451,120.885,0.244,8
0.988,0.818,178012,0.125,0,0.000944,0,0.106,-8.34,1,0,0.489,95.956,0.855,7
0.373,0.465,220267,0.736,0,0.000272,7,0.365,-7.166,1,42,0.0407,93.822,0.371,2
0.0437,0.406,231360,0.988,0,0.0637,9,0.0664,-2.72,1,54,0.0926,100.038,0.24,1
0.11,0.424,304253,0.465,0,0.0,9,0.138,-9.531,1,25,0.0354,106.436,0.327,5
0.147,0.7490000000000001,380267,0.475,0,0.0,8,0.175,-13.875,1,50,0.0737,98.53,0.866,4
0.996,0.36,173244,0.25,0,0.574,0,0.121,-13.33,1,1,0.0708,203.854,0.422,9
0.762,0.625,226987,0.166,0,0.0,0,0.0782,-13.718,1,10,0.271,141.92600000000004,0.8809999999999999,6
0.2,0.442,462685,0.58,0,0.000378,0,0.981,-15.563,1,31,0.0591,112.112,0.521,4
0.19,0.529,157640,0.5479999999999999,0,0.0,11,0.141,-12.534,0,48,0.0512,88.631,0.933,5
0.8170000000000001,0.544,139507,0.258,0,0.0,7,0.129,-11.761,0,14,0.0378,124.038,0.369,6
0.172,0.882,204875,0.638,1,0.0,4,0.128,-7.667999999999997,0,43,0.29100000000000004,114.973,0.448,2
0.994,0.38,136453,0.443,0,0.856,9,0.108,-9.565,1,24,0.0283,108.943,0.7090000000000001,6
0.981,0.294,735707,0.191,0,0.909,6,0.122,-19.655,0,0,0.0335,94.601,0.0803,7
0.00815,0.237,176627,0.915,0,0.0936,3,0.983,-11.824000000000002,0,18,0.101,140.364,0.484,5
0.6579999999999999,0.5379999999999999,145274,0.297,0,1.06e-06,0,0.0911,-10.215,1,26,0.0309,74.556,0.684,6
0.205,0.649,196293,0.593,0,0.0299,6,0.0933,-8.538,1,45,0.0737,149.709,0.8029999999999999,2
0.0191,0.4320000000000001,272733,0.7390000000000001,0,0.0,8,0.123,-7.275,1,46,0.0316,162.237,0.735,3
0.0029100000000000003,0.612,196573,0.848,0,0.00319,8,0.0687,-9.178,1,52,0.0463,136.196,0.632,3
0.0202,0.649,340360,0.965,0,0.0014199999999999998,11,0.112,-2.9730000000000003,0,34,0.0743,99.97,0.738,4
0.107,0.506,236467,0.8270000000000001,0,2.42e-06,4,0.161,-6.356,0,61,0.0366,101.869,0.5710000000000001,5
0.971,0.451,188853,0.2,0,0.000372,7,0.173,-14.847,0,0,0.0328,79.292,0.273,8
0.983,0.7170000000000001,70333,0.13699999999999998,0,0.0,6,0.21,-18.588,1,0,0.366,74.391,0.447,7
0.00676,0.88,245200,0.37,0,0.0,7,0.1,-16.212,1,25,0.207,92.418,0.585,4
0.995,0.622,198113,0.333,0,0.312,10,0.276,-8.85,0,0,0.0446,135.2,0.8909999999999999,8
0.607,0.7859999999999999,180053,0.49,0,0.0296,11,0.0687,-12.725,1,23,0.0308,115.901,0.688,5
0.0794,0.816,136366,0.5820000000000001,1,5.84e-06,8,0.0916,-4.141,1,82,0.341,160.004,0.542,1
0.713,0.482,163360,0.57,0,0.8759999999999999,7,0.843,-11.464,1,24,0.0436,114.186,0.5760000000000001,6
0.368,0.586,220995,0.5329999999999999,1,0.0,8,0.175,-9.943,0,50,0.366,106.835,0.59,1
0.28800000000000003,0.392,579333,0.293,0,0.0212,7,0.111,-14.709,1,22,0.0367,128.567,0.257,5
0.703,0.685,154560,0.721,0,0.0,2,0.278,-5.763,1,35,0.0426,122.567,0.951,3
0.428,0.449,138800,0.605,0,0.0,7,0.17,-10.32,1,21,0.0347,137.51,0.816,6
0.0728,0.8290000000000001,247333,0.7909999999999999,0,0.0582,5,0.0676,-5.8020000000000005,0,39,0.0709,100.477,0.794,4
0.0529,0.901,234840,0.8109999999999999,1,0.0,9,0.13,-6.391,1,40,0.175,110.549,0.64,2
0.196,0.72,275840,0.412,1,0.0,11,0.342,-8.687000000000001,0,68,0.223,114.408,0.179,1
0.175,0.632,227800,0.79,0,0.00055,0,0.194,-6.9,1,24,0.0385,118.22,0.815,5
0.161,0.706,437320,0.585,0,0.00817,5,0.494,-11.769,0,35,0.0306,136.04399999999998,0.349,4
0.00987,0.469,197483,0.977,0,0.0,2,0.35100000000000003,-4.9689999999999985,1,53,0.188,144.167,0.332,1
0.8390000000000001,0.411,83427,0.0293,0,2.96e-06,0,0.154,-17.105,1,0,0.0354,126.52,0.434,8
0.00835,0.645,214507,0.713,0,0.0,6,0.113,-5.355,1,81,0.0393,74.98899999999998,0.5660000000000001,1
0.268,0.7090000000000001,219437,0.264,1,0.0,1,0.24,-17.695999999999994,0,62,0.18600000000000005,133.858,0.341,1
0.17,0.8540000000000001,181493,0.784,1,0.0,10,0.35200000000000004,-5.176,0,40,0.402,90.069,0.674,3
0.0416,0.44,167333,0.82,1,0.000212,0,0.0964,-12.919,1,31,0.0385,147.85299999999995,0.941,4
0.0492,0.755,230533,0.503,1,0.0,0,0.226,-8.06,1,62,0.206,142.011,0.524,1
0.635,0.7709999999999999,172360,0.6779999999999999,0,0.0,2,0.0368,-10.565,1,12,0.0487,113.28,0.8390000000000001,6
0.016,0.772,194200,0.83,1,0.0,7,0.0843,-5.019,1,86,0.0599,94.011,0.6970000000000001,0
0.956,0.415,235480,0.0234,0,0.8640000000000001,0,0.117,-19.089,1,0,0.0376,132.931,0.447,8
0.0186,0.35200000000000004,229133,0.792,1,0.0,1,0.195,-5.897,0,38,0.0304,92.972,0.16699999999999998,2
0.00536,0.479,227239,0.94,1,0.0,11,0.0854,-5.746,0,52,0.0663,155.966,0.315,1
0.708,0.341,426787,0.451,0,0.00055,4,0.255,-11.645,1,30,0.0277,75.044,0.391,4
0.512,0.581,311107,0.412,0,0.0,9,0.0475,-10.678,1,27,0.0865,144.98,0.573,4
0.934,0.16699999999999998,340293,0.34700000000000003,0,0.5379999999999999,3,0.4270000000000001,-16.31,1,0,0.0393,72.96,0.195,7
0.0050100000000000006,0.415,466560,0.456,0,0.763,9,0.17800000000000002,-12.082,1,55,0.0352,151.937,0.0935,2
0.139,0.6609999999999999,267133,0.745,1,0.0,6,0.267,-7.472,1,32,0.361,85.319,0.78,3
0.17,0.395,186693,0.391,0,0.0,2,0.0975,-7.063,1,46,0.0313,119.692,0.208,2
9.1e-05,0.39,246813,0.947,0,2.92e-06,9,0.29600000000000004,-2.893,1,39,0.0891,156.064,0.444,2
0.00125,0.614,170625,0.972,0,0.0186,5,0.328,-3.927,0,51,0.08800000000000001,127.966,0.411,1
0.563,0.617,238907,0.373,0,0.00986,8,0.29,-16.923,1,22,0.0422,86.23100000000002,0.644,5
0.12,0.835,242453,0.6809999999999999,1,0.0,5,0.358,-7.004,0,63,0.239,137.018,0.469,1
0.0705,0.528,250800,0.935,0,0.0,6,0.326,-1.114,0,54,0.0678,152.059,0.55,1
0.16,0.5,177733,0.636,0,0.000231,7,0.0765,-13.724,1,31,0.0544,189.375,0.948,4
0.234,0.612,364307,0.613,0,0.0179,5,0.192,-13.218,1,26,0.0363,93.874,0.789,5
0.0181,0.503,231618,0.5920000000000001,1,0.00014,5,0.16899999999999998,-5.922999999999999,0,72,0.444,201.85,0.344,1
0.453,0.579,395064,0.573,0,0.183,0,0.71,-11.194,1,30,0.0565,89.115,0.522,5
0.0202,0.217,1787761,0.911,0,0.7240000000000001,1,0.337,-27.515,1,66,0.18,91.211,0.0265,2
0.0519,0.7859999999999999,320187,0.604,0,0.000124,9,0.0486,-8.839,1,44,0.101,74.283,0.74,4
0.957,0.465,183000,0.429,0,0.912,9,0.0619,-9.321,1,0,0.233,175.074,0.871,9
0.493,0.586,118040,0.495,0,0.0,7,0.255,-7.94,1,8,0.0307,112.623,0.637,6
0.922,0.828,124504,0.389,0,0.113,4,0.109,-11.48,1,0,0.537,80.244,0.883,8
0.486,0.764,158314,0.797,0,0.0,5,0.0599,-6.558,1,39,0.0382,104.488,0.977,3
0.722,0.546,246227,0.295,0,0.0,2,0.13699999999999998,-7.132999999999999,1,36,0.0273,113.46,0.284,5
0.965,0.32,187027,0.114,0,7.25e-06,6,0.107,-20.041,1,22,0.0448,75.168,0.266,6
0.4320000000000001,0.845,282067,0.43,0,0.0,11,0.128,-8.824,1,35,0.124,112.339,0.653,3
0.0185,0.759,227733,0.905,0,0.000282,2,0.104,-8.894,0,44,0.0474,118.794,0.774,3
0.371,0.825,385520,0.467,0,0.845,6,0.0594,-14.055,1,44,0.0753,96.012,0.249,3
0.971,0.312,191213,0.34700000000000003,0,0.172,1,0.422,-9.723,1,9,0.0297,90.522,0.308,7
0.23,0.537,130893,0.7509999999999999,0,0.956,2,0.218,-8.004,1,11,0.0414,145.576,0.959,7
0.00228,0.239,360107,0.767,0,0.0449,4,0.141,-12.508,0,35,0.109,141.886,0.16399999999999998,4
0.995,0.575,137067,0.00937,0,0.899,0,0.156,-23.005,1,18,0.0754,137.634,0.276,8
0.982,0.35600000000000004,199915,0.272,0,0.00446,0,0.343,-15.705,0,0,0.0381,123.672,0.41,8
0.838,0.493,164467,0.217,0,0.00463,9,0.0867,-11.501,1,20,0.0271,105.003,0.182,6
0.795,0.727,166933,0.338,0,0.963,2,0.27,-14.611,1,32,0.042,133.028,0.628,4
0.198,0.6990000000000001,348333,0.96,0,1.36e-06,1,0.675,-7.244,0,36,0.1,117.427,0.57,5
6.61e-05,0.16699999999999998,250560,0.443,0,0.738,3,0.109,-12.291,1,23,0.0332,80.789,0.18600000000000005,5
0.053,0.449,252507,0.764,0,3.88e-06,2,0.129,-7.029,0,45,0.0636,105.807,0.431,2
0.938,0.764,64960,0.2,0,0.892,10,0.119,-18.966,1,4,0.0542,121.789,0.583,7
0.0553,0.569,250307,0.5820000000000001,0,0.0,7,0.179,-9.013,1,25,0.0356,120.214,0.618,5
0.377,0.713,190413,0.613,0,2.79e-06,6,0.308,-4.839,1,50,0.0522,133.746,0.98,2
0.00475,0.385,226347,0.948,0,1.9e-06,8,0.113,-3.369,1,57,0.0457,166.138,0.517,2
0.0071,0.515,272040,0.8540000000000001,0,1.36e-06,9,0.345,-7.319,0,45,0.0382,94.338,0.828,5
0.478,0.3670000000000001,221667,0.425,0,0.00202,5,0.129,-13.666,1,21,0.0313,82.682,0.14400000000000002,5
0.25,0.755,247493,0.6559999999999999,1,2.730000000000001e-05,2,0.104,-6.319,0,41,0.0825,92.086,0.8240000000000001,3
0.315,0.623,244200,0.787,0,0.00054,1,0.184,-6.311,1,36,0.104,97.581,0.757,2
0.7390000000000001,0.348,279413,0.415,0,0.648,5,0.0602,-13.345999999999998,1,17,0.0635,93.385,0.327,6
0.0422,0.619,270440,0.634,0,0.8540000000000001,1,0.161,-8.365,1,27,0.0349,137.64600000000002,0.163,4
0.0727,0.551,231400,0.969,0,7.55e-05,6,0.0991,-2.41,1,48,0.0373,136.507,0.431,3
0.0414,0.693,107600,0.111,1,0.0,0,0.107,-21.643,1,0,0.8640000000000001,48.765,0.6679999999999999,8
6.16e-06,0.14300000000000002,233787,0.975,0,0.741,8,0.155,-4.105,1,40,0.202,180.08599999999996,0.29,2
0.871,0.525,196027,0.142,0,2.0600000000000006e-05,4,0.68,-10.585,1,0,0.0712,98.153,0.271,9
0.00856,0.911,171236,0.636,1,0.0,1,0.0959,-6.202000000000001,1,61,0.198,88.956,0.431,1
0.00218,0.848,242000,0.664,1,0.0,0,0.28800000000000003,-8.441,1,47,0.463,180.079,0.8540000000000001,2
0.985,0.468,156160,0.31,0,0.000189,10,0.0817,-11.425999999999998,0,0,0.104,150.203,0.522,9
0.312,0.433,134533,0.388,0,0.043,7,0.0769,-11.485,1,32,0.0289,88.679,0.675,5
0.0404,0.35,343013,0.851,0,0.0006190000000000001,4,0.115,-12.363,0,23,0.208,135.276,0.428,5
0.853,0.696,270520,0.332,0,0.433,6,0.0848,-12.834,1,71,0.0425,150.13,0.0628,1
0.000113,0.391,280933,0.955,0,0.258,7,0.983,-3.87,1,39,0.0893,138.966,0.55,5
0.5529999999999999,0.436,148560,0.508,0,6.78e-05,8,0.107,-11.878,1,6,0.0353,112.868,0.078,7
0.209,0.687,211000,0.408,0,4.51e-05,8,0.149,-13.045,1,53,0.0328,140.482,0.366,3
0.315,0.7120000000000001,309400,0.482,0,0.000275,4,0.0887,-11.947,0,37,0.033,127.713,0.807,5
0.92,0.5429999999999999,160827,0.064,0,3.17e-06,10,0.115,-26.91800000000001,0,32,0.0361,112.043,0.316,6
0.69,0.458,262360,0.7140000000000001,0,0.0502,7,0.0663,-11.065,1,47,0.129,143.81799999999996,0.49,6
0.271,0.648,197160,0.475,0,0.0005809999999999999,1,0.17800000000000002,-12.661,1,21,0.0314,132.27,0.6609999999999999,7
0.00253,0.6659999999999999,209067,0.942,0,0.0,7,0.114,-3.3560000000000003,1,56,0.0591,110.019,0.581,2
0.95,0.494,172373,0.154,0,0.8220000000000001,4,0.109,-19.987,0,16,0.0529,146.27100000000004,0.373,6
0.986,0.152,257507,0.119,0,0.00618,5,0.299,-20.387,1,0,0.0365,88.87899999999998,0.0358,8
0.0131,0.639,160507,0.493,0,6.850000000000001e-05,2,0.126,-12.359000000000002,1,55,0.0327,124.88,0.905,5
0.919,0.266,240693,0.096,0,0.00903,7,0.0961,-16.676,1,27,0.0345,139.055,0.248,5
0.878,0.615,196333,0.695,0,0.913,5,0.471,-5.834,1,0,0.107,118.607,0.8240000000000001,8
0.342,0.758,205333,0.593,0,2.54e-06,9,0.0941,-8.057,1,47,0.0359,93.007,0.804,3
0.993,0.403,188598,0.343,0,0.7490000000000001,6,0.359,-9.146,1,0,0.0448,67.01899999999999,0.713,8
0.034,0.679,261600,0.94,0,0.0,11,0.0494,-12.165,0,27,0.0725,105.216,0.28300000000000003,3
0.0541,0.8590000000000001,258789,0.563,1,0.0,1,0.0685,-6.635,0,64,0.112,119.934,0.412,1
0.0204,0.7759999999999999,194526,0.568,1,1.6899999999999994e-05,0,0.078,-6.419,0,69,0.125,150.901,0.7490000000000001,1
0.698,0.389,247347,0.277,0,0.0,7,0.0966,-10.757,1,67,0.0323,89.32,0.125,1
0.812,0.741,187747,0.365,0,0.00957,9,0.14400000000000002,-9.594,1,59,0.0329,107.847,0.888,6
0.995,0.81,171000,0.0544,0,0.621,4,0.218,-18.648,1,0,0.177,120.477,0.7659999999999999,9
0.0981,0.826,235467,0.573,0,0.00019,7,0.0884,-13.839,1,29,0.0418,125.716,0.971,5
0.0102,0.851,568027,0.703,0,0.00316,6,0.39,-10.555,0,25,0.0764,116.763,0.812,4
0.6829999999999999,0.872,183800,0.539,0,0.8340000000000001,7,0.28800000000000003,-11.486,1,21,0.483,159.57299999999995,0.887,4
0.000243,0.326,282373,0.975,0,0.000476,1,0.962,-4.763,1,37,0.0868,76.444,0.324,3
0.35100000000000003,0.728,182267,0.628,1,0.0,6,0.198,-8.83,0,62,0.319,94.128,0.313,1
0.638,0.755,199173,0.688,0,0.00354,8,0.102,-7.101,1,55,0.0329,129.015,0.615,2
0.278,0.863,157259,0.7170000000000001,1,0.0826,4,0.0991,-3.143,0,64,0.17,152.05,0.35700000000000004,1
0.994,0.71,184360,0.5379999999999999,0,0.865,4,0.18,-14.552,0,3,0.04,133.095,0.858,7
0.198,0.7140000000000001,103600,0.198,1,4.83e-06,2,0.179,-20.101,1,0,0.613,127.897,0.618,8
0.984,0.374,193627,0.0439,0,2.8e-06,7,0.378,-12.192,1,17,0.035,155.725,0.162,9
0.942,0.279,87520,0.0346,0,0.821,0,0.149,-28.632,1,42,0.0385,107.866,0.101,3
0.221,0.7959999999999999,223840,0.735,0,0.0,6,0.685,-6.9979999999999976,0,39,0.205,108.234,0.8059999999999999,3
0.133,0.7490000000000001,381173,0.7120000000000001,0,0.0015,9,0.426,-7.957999999999997,0,61,0.041,110.053,0.477,2
0.85,0.628,110000,0.494,0,0.0,4,0.0705,-20.699,0,20,0.0512,110.562,0.765,6
6.64e-06,0.425,418707,0.8390000000000001,0,0.816,6,0.433,-12.390999999999998,0,43,0.0385,109.575,0.705,3
0.32299999999999995,0.768,279347,0.755,0,0.0,9,0.208,-4.331,0,64,0.0422,132.002,0.8340000000000001,1
0.489,0.643,197230,0.299,0,0.0,7,0.131,-6.614,1,39,0.0279,84.01,0.479,2
0.971,0.281,193827,0.377,0,0.616,1,0.18,-12.106,0,0,0.0352,119.704,0.504,8
0.163,0.705,228733,0.669,0,3.41e-06,9,0.0966,-5.974,1,62,0.0262,118.539,0.6729999999999999,1
0.0127,0.47,255973,0.557,0,0.00206,9,0.13,-5.041,1,41,0.0274,147.826,0.173,2
0.8759999999999999,0.547,426027,0.265,0,0.0243,10,0.0693,-13.776,1,10,0.0556,78.53699999999998,0.517,7
0.202,0.773,324960,0.295,0,0.006379999999999999,9,0.0532,-16.86,1,30,0.0377,113.174,0.795,4
0.38,0.735,96000,0.331,0,0.0,0,0.345,-21.103,1,0,0.936,110.632,0.392,9
0.000869,0.5870000000000001,143293,0.968,0,0.000606,11,0.329,-9.393,1,42,0.0527,99.231,0.845,3
0.0886,0.417,230573,0.534,0,0.000943,7,0.0901,-9.517,1,49,0.0374,178.63,0.602,3
0.573,0.209,249739,0.867,0,0.0634,4,0.954,-33.358000000000004,0,61,0.0358,80.93,1e-05,1
0.909,0.475,178764,0.31,0,0.575,0,0.103,-10.758,1,0,0.0485,71.12899999999998,0.8370000000000001,8
0.99,0.28300000000000003,285733,0.095,0,0.000842,2,0.121,-19.269,1,0,0.0483,90.614,0.0351,8
0.272,0.5720000000000001,196733,0.693,0,0.000651,10,0.071,-11.731,1,37,0.0336,116.558,0.8029999999999999,6
0.841,0.461,151173,0.181,0,0.0,5,0.165,-11.925,1,4,0.03,102.651,0.509,8
0.287,0.615,292747,0.614,0,0.0,3,0.122,-5.233,1,54,0.0331,153.783,0.517,1
0.7120000000000001,0.725,182027,0.131,0,0.0,0,0.119,-14.1,1,6,0.0716,123.059,0.5670000000000001,8
0.246,0.467,167467,0.8440000000000001,0,0.0,1,0.329,-9.706,1,25,0.0959,123.141,0.655,6
0.983,0.41,78000,0.0262,0,0.925,1,0.123,-26.593000000000004,0,52,0.0384,142.138,0.237,2
0.0125,0.648,243600,0.7929999999999999,1,0.0,11,0.268,-7.02,0,40,0.266,175.294,0.5820000000000001,3
0.7859999999999999,0.293,206240,0.113,0,4.22e-05,0,0.13,-18.571,1,20,0.0342,173.43400000000003,0.253,6
0.59,0.845,205680,0.5670000000000001,0,0.0014199999999999998,5,0.0811,-8.118,0,77,0.0956,125.02,0.7929999999999999,1
0.0679,0.928,207467,0.517,0,0.0,1,0.174,-6.489,1,58,0.361,95.523,0.616,3
5.8e-05,0.665,376600,0.451,0,0.0154,10,0.0432,-11.34,0,29,0.0571,93.795,0.603,4
0.56,0.163,163053,0.415,0,0.92,8,0.173,-13.264,1,42,0.0345,138.26,0.0893,4
0.317,0.885,256373,0.721,0,0.0,9,0.12,-7.157,1,37,0.304,97.205,0.57,3
0.28600000000000003,0.805,166680,0.556,0,0.0,9,0.246,-10.624,1,37,0.0576,112.285,0.7240000000000001,3
0.993,0.345,54307,0.0538,0,0.939,3,0.118,-24.492,1,0,0.0383,131.085,0.7979999999999999,10
0.475,0.677,227667,0.419,0,0.0,1,0.473,-14.513,1,39,0.703,121.588,0.8809999999999999,7
0.972,0.466,29507,0.452,0,0.752,2,0.195,-14.697,0,0,0.0479,108.684,0.7709999999999999,8
0.486,0.66,206733,0.505,0,3.2299999999999986e-05,7,0.0734,-8.261000000000001,1,44,0.0731,108.124,0.6,2
0.846,0.6409999999999999,95765,0.273,0,1.41e-05,7,0.208,-12.92,1,0,0.0863,102.232,0.9,8
0.95,0.276,62249,0.468,0,0.831,7,0.139,-11.477,1,0,0.0386,111.505,0.238,9
0.00558,0.556,286573,0.618,1,0.000351,10,0.153,-7.471,0,54,0.0463,80.985,0.121,1
0.964,0.407,578760,0.0964,0,0.713,2,0.34600000000000003,-16.619,1,0,0.0582,86.49,0.3670000000000001,8
0.593,0.614,164800,0.794,0,0.0,4,0.966,-7.979,1,41,0.0742,90.653,0.6459999999999999,3
0.000294,0.324,132520,0.913,0,0.0693,4,0.344,0.265,0,41,0.179,177.581,0.539,5
0.973,0.477,97051,0.236,0,0.922,4,0.108,-16.991,1,51,0.0458,138.361,0.0982,1
0.857,0.63,173267,0.301,0,1.2e-05,9,0.138,-11.924,0,18,0.0505,123.19,0.764,6
0.249,0.882,204643,0.3720000000000001,1,0.0,7,0.1,-11.345999999999998,0,62,0.193,122.002,0.916,1
0.995,0.37,180637,0.0376,0,0.812,1,0.273,-22.545,1,0,0.0641,90.38,0.279,8
0.0493,0.695,216187,0.578,1,0.000136,2,0.257,-5.567,1,45,0.133,94.961,0.476,1
0.0125,0.643,263200,0.975,0,5.920000000000001e-05,7,0.135,-4.134,1,39,0.109,177.808,0.865,2
0.0118,0.61,244507,0.895,0,3e-05,10,0.048,-7.029,1,48,0.0289,141.364,0.933,4
0.945,0.292,308733,0.14,0,0.000105,3,0.11,-20.278,1,32,0.0403,94.388,0.0779,5
0.000766,0.6829999999999999,261680,0.865,0,0.13,9,0.0986,-7.084,1,55,0.0446,129.97799999999998,0.152,2
0.86,0.138,973093,0.111,0,0.7809999999999999,10,0.14400000000000002,-17.866,1,24,0.0407,68.555,0.0375,7
0.0476,0.7559999999999999,217000,0.7240000000000001,0,0.385,1,0.145,-7.798999999999999,0,46,0.16699999999999998,94.0,0.536,2
0.054000000000000006,0.387,186413,0.473,0,0.0439,9,0.147,-11.928,0,37,0.0307,78.652,0.454,6
0.0799,0.622,161333,0.7290000000000001,0,1.7800000000000002e-05,0,0.14800000000000002,-14.184,1,36,0.0325,120.463,0.851,6
0.547,0.6970000000000001,273600,0.524,0,0.0,0,0.107,-7.3820000000000014,1,37,0.17600000000000002,88.398,0.613,3
0.0173,0.314,252267,0.917,0,0.116,7,0.989,-10.374,1,22,0.0501,131.502,0.6,5
0.6679999999999999,0.596,226987,0.303,0,1.49e-06,7,0.105,-15.731,1,26,0.363,80.14399999999998,0.35,5
0.421,0.397,171200,0.718,0,0.00028900000000000003,3,0.0868,-8.29,0,0,0.0406,138.286,0.895,8
0.936,0.295,109000,0.0622,0,0.885,0,0.0771,-24.878,1,43,0.0393,81.157,0.0461,3
0.335,0.597,243314,0.7959999999999999,0,0.0935,7,0.158,-7.98,1,53,0.031,123.034,0.297,1
0.6559999999999999,0.677,228440,0.63,0,0.0238,2,0.0992,-9.305,1,13,0.0535,95.74,0.765,6
0.695,0.57,257333,0.557,0,3.05e-06,4,0.211,-12.72,0,28,0.0631,155.705,0.7120000000000001,4
0.958,0.195,196627,0.159,0,0.873,7,0.136,-18.424,1,1,0.0323,102.958,0.0393,8
