0.976,0.182,136627,0.14,0,0.8909999999999999,7,0.399,-15.167,0,0,0.0377,97.889,0.037000000000000005,7
0.0723,0.49,183560,0.774,0,0.098,5,0.289,-13.207,1,29,0.0326,131.202,0.846,5
0.16699999999999998,0.476,252240,0.941,0,0.00131,4,0.17800000000000002,-4.543,0,21,0.106,122.389,0.8640000000000001,5
0.0949,0.693,293267,0.648,0,0.0,11,0.14,-6.4110000000000005,0,49,0.0248,113.117,0.319,3
0.472,0.66,249680,0.7929999999999999,0,0.0,9,0.611,-8.005,0,64,0.329,179.512,0.7490000000000001,1
0.988,0.29600000000000004,327200,0.0313,0,0.723,8,0.0735,-23.612,1,0,0.0441,96.898,0.292,8
0.287,0.607,178000,0.879,0,3e-06,1,0.0566,-8.389,0,32,0.125,115.545,0.5720000000000001,4
0.945,0.57,256533,0.0463,0,0.79,4,0.112,-21.521,0,41,0.0448,139.262,0.377,6
0.903,0.348,172293,0.225,0,1.67e-06,3,0.209,-13.889,1,31,0.0349,78.541,0.28600000000000003,3
0.74,0.3670000000000001,175987,0.537,0,0.0136,2,0.23,-8.07,1,35,0.0345,66.045,0.281,4
0.8759999999999999,0.28300000000000003,168040,0.0974,0,4.65e-06,6,0.145,-19.296,1,36,0.0348,79.438,0.317,4
4.6e-05,0.297,292293,0.962,0,0.855,2,0.329,-4.333,1,47,0.0775,90.503,0.336,2
0.583,0.394,173133,0.458,0,0.0,9,0.585,-13.072,1,12,0.0359,137.556,0.921,6
0.00214,0.469,213470,0.894,0,0.0006799999999999999,9,0.0815,-4.785,1,50,0.0734,128.569,0.79,1
0.006840000000000001,0.812,162600,0.338,0,0.0596,9,0.14800000000000002,-12.889,1,25,0.0534,140.89,0.698,6
0.995,0.713,135560,0.0441,0,5.460000000000001e-05,5,0.111,-24.159,1,0,0.081,80.71600000000002,0.46,8
0.976,0.637,204107,0.199,0,0.872,8,0.13699999999999998,-19.143,1,0,0.0364,158.53,0.6759999999999999,7
0.4,0.511,286907,0.387,0,0.0,0,0.162,-11.028,1,24,0.031,105.818,0.556,6
0.583,0.586,135227,0.383,0,0.0,7,0.329,-11.932,1,30,0.033,91.473,0.773,5
0.0125,0.6890000000000001,214707,0.477,0,0.0757,10,0.6709999999999999,-9.603,0,46,0.0468,79.46300000000002,0.44,3
0.718,0.564,200733,0.632,0,8.94e-05,5,0.0734,-8.919,1,17,0.0749,121.445,0.742,7
0.3670000000000001,0.746,201960,0.976,0,0.274,4,0.111,-6.073,0,54,0.0682,118.965,0.384,1
0.331,0.696,350573,0.457,0,0.86,0,0.0921,-12.974,0,28,0.0355,89.926,0.6970000000000001,5
0.13699999999999998,0.8109999999999999,255027,0.562,0,0.0,5,0.0623,-10.183,0,67,0.0368,129.039,0.965,2
0.643,0.551,171720,0.343,0,0.00485,0,0.081,-17.897000000000006,0,0,0.108,111.656,0.731,9
0.2,0.545,258533,0.235,0,0.00151,11,0.11,-17.896,1,48,0.0322,118.247,0.155,4
0.000585,0.46,278587,0.91,0,0.00155,3,0.0735,-3.71,1,58,0.0525,73.01899999999998,0.327,1
0.00235,0.643,229267,0.271,0,0.461,0,0.546,-16.505,0,45,0.0842,79.402,0.263,3
0.00627,0.755,107587,0.835,0,0.68,11,0.14,-10.02,0,14,0.0514,113.321,0.852,6
0.983,0.564,166893,0.191,0,0.802,8,0.168,-11.108,1,2,0.0319,86.405,0.388,9
0.987,0.506,255880,0.135,0,0.873,0,0.0585,-20.101,1,0,0.0441,95.882,0.728,8
0.307,0.489,185173,0.578,0,0.0,7,0.104,-5.098,0,19,0.0292,84.24600000000002,0.473,6
0.321,0.557,236933,0.6829999999999999,0,0.0,1,0.0588,-4.867,1,54,0.0283,129.977,0.6659999999999999,2
0.5379999999999999,0.843,142183,0.256,0,0.114,7,0.133,-13.565,0,69,0.0752,68.997,0.655,1
0.172,0.446,576747,0.496,0,5.05e-06,10,0.077,-10.663,1,47,0.0372,80.081,0.11,1
0.713,0.14800000000000002,706627,0.0828,0,0.8340000000000001,2,0.275,-22.301,0,0,0.0378,96.411,0.0631,8
0.6609999999999999,0.593,174467,0.462,0,0.932,9,0.141,-14.323,0,21,0.031,103.482,0.7979999999999999,6
0.0667,0.639,299373,0.588,0,0.75,7,0.0511,-15.187,1,20,0.0568,81.601,0.943,4
0.992,0.332,422040,0.0437,0,0.907,4,0.107,-19.149,1,0,0.0563,73.541,0.0546,8
0.996,0.669,173227,0.22,0,0.901,6,0.194,-15.095,1,0,0.0718,115.552,0.667,10
0.203,0.527,198907,0.489,0,1.21e-05,6,0.325,-11.556,1,41,0.0381,170.676,0.687,3
0.789,0.52,225028,0.5710000000000001,0,0.0,10,0.112,-4.958,1,0,0.0298,171.812,0.498,8
0.00378,0.609,246307,0.674,0,0.000302,9,0.129,-6.506,0,61,0.0355,127.541,0.743,1
0.293,0.618,197996,0.471,0,5.02e-05,7,0.0634,-6.745,1,1,0.0284,114.668,0.608,7
0.928,0.0713,210000,0.0878,0,0.882,5,0.111,-25.28,1,65,0.044,78.782,0.0595,1
0.13,0.643,181437,0.77,1,0.0,5,0.247,-4.524,0,64,0.228,170.00599999999997,0.863,1
0.77,0.684,126034,0.447,0,0.0,9,0.166,-6.352,1,30,0.039,105.851,0.82,3
0.992,0.453,190547,0.125,0,0.8690000000000001,5,0.0943,-18.178,1,46,0.0356,131.873,0.0755,2
0.34,0.723,249300,0.201,1,0.0,0,0.607,-18.792,1,0,0.908,124.477,0.7759999999999999,10
0.358,0.583,141928,0.488,1,0.0,8,0.35700000000000004,-11.178,1,64,0.16699999999999998,110.02,0.363,1
0.848,0.5820000000000001,144600,0.477,0,0.818,1,0.289,-10.103,1,12,0.0436,101.219,0.813,7
0.175,0.462,155640,0.983,0,0.000207,3,0.5670000000000001,-4.784,0,41,0.199,133.17,0.406,4
0.727,0.325,397413,0.173,0,0.342,2,0.264,-17.97,1,0,0.0372,142.75,0.376,9
0.765,0.478,294840,0.521,0,0.0672,5,0.108,-14.244000000000002,0,26,0.0369,128.01,0.629,4
0.831,0.459,245867,0.35200000000000004,0,5.53e-05,0,0.0609,-10.732,0,36,0.0308,137.985,0.261,5
0.8540000000000001,0.6729999999999999,144413,0.414,0,4.08e-05,4,0.119,-10.117,1,12,0.0256,99.165,0.7490000000000001,7
0.000386,0.525,251867,0.987,0,0.000106,4,0.34600000000000003,-4.2189999999999985,0,46,0.0746,139.995,0.326,3
0.402,0.794,273053,0.908,0,0.000975,9,0.0478,-2.897,1,54,0.0579,128.923,0.866,2
0.3670000000000001,0.76,261013,0.723,0,0.0,0,0.124,-8.583,1,26,0.0869,116.649,0.892,4
0.92,0.442,151467,0.229,0,2.74e-06,0,0.35600000000000004,-9.795,1,5,0.0313,118.269,0.336,7
0.0763,0.677,231667,0.388,0,0.00014,7,0.106,-12.496,1,36,0.0471,114.239,0.828,5
0.00268,0.185,90437,0.968,0,0.134,8,0.0645,-4.311,1,27,0.121,197.171,0.789,4
0.000321,0.467,299227,0.883,0,0.000152,2,0.125,-3.679,0,70,0.106,122.252,0.309,2
0.795,0.512,328293,0.59,0,0.0,2,0.257,-5.744,0,46,0.0347,110.507,0.68,3
0.0636,0.565,289693,0.563,0,0.000421,4,0.249,-10.914,0,35,0.0242,107.312,0.882,3
0.0623,0.317,313400,0.61,0,0.00157,7,0.0775,-5.932,1,37,0.0349,78.983,0.282,2
0.307,0.687,118360,0.131,0,0.7759999999999999,1,0.476,-21.348000000000006,1,26,0.0456,126.996,0.363,5
0.925,0.298,253507,0.0451,0,1.55e-05,7,0.329,-20.154,1,27,0.0326,84.212,0.133,4
0.239,0.853,399493,0.318,0,0.83,1,0.123,-11.538,1,40,0.226,93.097,0.412,3
0.332,0.602,272267,0.631,0,0.0,4,0.12,-7.371,1,58,0.033,138.389,0.472,1
0.8320000000000001,0.672,128600,0.16899999999999998,0,0.0,1,0.243,-25.039,0,0,0.922,81.611,0.687,7
0.00685,0.872,249640,0.413,1,0.0505,6,0.0839,-13.99,0,36,0.17800000000000002,101.224,0.307,3
0.349,0.451,155200,0.315,0,0.00034500000000000004,0,0.111,-14.617,1,26,0.0435,181.315,0.6779999999999999,6
0.6609999999999999,0.457,142520,0.0651,0,0.0,0,0.16899999999999998,-19.429,0,34,0.0314,103.814,0.3670000000000001,7
0.991,0.467,163187,0.243,0,0.895,6,0.139,-20.582,1,0,0.0734,77.37899999999998,0.25,8
0.18600000000000005,0.6759999999999999,241600,0.5770000000000001,0,0.0,10,0.14800000000000002,-12.031,1,64,0.0365,91.98,0.934,3
0.0702,0.7120000000000001,239173,0.85,0,0.0394,5,0.0971,-4.507,1,41,0.0837,200.031,0.841,2
0.397,0.326,198813,0.5489999999999999,0,0.0,9,0.163,-13.886,1,27,0.0577,114.044,0.611,6
0.868,0.5579999999999999,161547,0.223,0,0.000972,10,0.13,-12.362,1,57,0.0299,101.711,0.303,6
0.355,0.609,136973,0.298,0,0.0,0,0.0833,-19.478,1,31,0.0348,126.39,0.6509999999999999,4
0.66,0.435,221147,0.5710000000000001,0,0.8690000000000001,1,0.0634,-7.454,1,0,0.0289,94.233,0.43,8
0.84,0.634,162427,0.831,0,0.424,10,0.221,-5.61,0,16,0.057,113.352,0.964,6
0.962,0.242,194692,0.154,0,0.162,7,0.0787,-21.0,1,23,0.0417,183.387,0.439,6
0.992,0.269,126307,0.0471,0,0.000453,9,0.102,-17.56,1,0,0.0398,92.443,0.076,7
0.442,0.7120000000000001,220133,0.5529999999999999,0,0.0,11,0.0988,-6.7479999999999976,1,51,0.0518,115.011,0.522,1
0.326,0.51,259493,0.364,0,0.0,10,0.203,-11.924,0,0,0.0461,87.781,0.5539999999999999,9
0.945,0.494,160627,0.0478,0,0.0,8,0.212,-21.331,1,21,0.0324,138.471,0.59,6
0.672,0.642,202947,0.425,0,0.0,9,0.0662,-7.614,1,9,0.0341,104.946,0.794,6
0.0227,0.825,213840,0.504,1,0.0,0,0.115,-6.596,1,40,0.418,87.806,0.24,3
0.955,0.556,172827,0.58,0,0.165,9,0.664,-10.201,1,1,0.0475,146.024,0.8009999999999999,9
0.984,0.599,161120,0.256,0,0.000236,3,0.111,-15.851,1,0,0.0998,150.55700000000004,0.809,9
0.903,0.315,169560,0.37,0,1.25e-06,3,0.616,-8.652999999999999,1,44,0.0277,85.634,0.28800000000000003,5
0.121,0.464,222467,0.66,0,0.0,5,0.362,-12.001,1,26,0.0981,106.997,0.28300000000000003,5
0.795,0.789,156480,0.393,0,0.0786,10,0.0271,-12.018,0,41,0.103,86.045,0.963,7
0.8440000000000001,0.602,177547,0.194,0,0.0136,5,0.506,-14.925,0,23,0.11,153.855,0.818,8
0.922,0.464,182600,0.294,0,0.00554,5,0.207,-11.767,1,1,0.051,78.165,0.769,10
0.126,0.593,283200,0.449,0,0.5710000000000001,5,0.113,-17.311,0,33,0.0288,110.31,0.816,5
0.655,0.741,168255,0.468,0,0.116,0,0.0309,-15.979,1,0,0.136,137.976,0.965,7
0.32299999999999995,0.752,240000,0.616,0,0.0,11,0.0464,-12.265999999999998,0,48,0.101,116.172,0.7979999999999999,5
0.401,0.721,202533,0.54,0,3.11e-06,0,0.067,-5.095,1,36,0.0581,82.99,0.6970000000000001,2
0.00586,0.495,211440,0.868,0,0.00139,6,0.111,-8.89,1,47,0.0548,101.346,0.273,4
0.000146,0.4,248000,0.64,0,0.00144,9,0.0679,-12.885,0,26,0.034,169.577,0.7090000000000001,4
0.193,0.853,260133,0.621,1,0.0,11,0.0848,-6.1960000000000015,0,38,0.334,97.935,0.531,3
0.0246,0.5539999999999999,182893,0.8490000000000001,0,0.000233,1,0.31,-5.181,0,64,0.0357,116.992,0.6829999999999999,1
0.562,0.622,222737,0.508,0,0.0,7,0.12,-4.771,1,53,0.0392,137.349,0.838,3
0.904,0.711,135533,0.304,0,4.64e-06,5,0.325,-10.351,1,13,0.034,89.14299999999999,0.7040000000000001,7
0.027000000000000003,0.601,259080,0.7929999999999999,0,6.879999999999999e-05,8,0.163,-4.459,1,49,0.0356,107.987,0.29600000000000004,1
0.00547,0.505,213480,0.893,0,0.0,2,0.133,-4.673,1,49,0.0425,127.989,0.287,1
0.365,0.418,305093,0.652,0,0.0,4,0.974,-11.725,1,21,0.155,86.43799999999996,0.7709999999999999,5
0.145,0.804,159840,0.6559999999999999,0,0.0,0,0.126,-8.023,1,40,0.0696,119.064,0.863,3
0.0178,0.618,240627,0.8440000000000001,1,0.000126,1,0.0634,-4.051,0,48,0.342,84.411,0.6970000000000001,2
0.698,0.434,222800,0.326,0,0.0,6,0.105,-7.641,1,51,0.0318,73.432,0.129,1
0.8420000000000001,0.715,184653,0.247,0,0.0,0,0.13,-15.237,1,22,0.0366,120.406,0.778,5
0.374,0.611,193963,0.508,1,3.87e-06,11,0.168,-5.573,0,49,0.0741,103.612,0.368,2
0.0387,0.6759999999999999,214893,0.664,1,0.0,8,0.0475,-4.435,1,62,0.343,161.86700000000005,0.838,1
0.0203,0.769,197760,0.696,1,0.0359,2,0.13,-6.5710000000000015,1,49,0.34,159.889,0.7020000000000001,1
0.263,0.5489999999999999,248000,0.3720000000000001,0,0.00483,2,0.0932,-18.476,1,37,0.0324,174.24,0.748,4
0.0498,0.7659999999999999,235880,0.46,0,0.00885,1,0.129,-12.555,0,42,0.408,153.335,0.58,4
0.2,0.6829999999999999,238773,0.467,0,0.0,1,0.126,-10.694,0,39,0.034,84.285,0.67,4
0.95,0.501,111844,0.0935,0,0.0,7,0.135,-17.551,0,0,0.116,76.426,0.309,10
0.897,0.064,197187,0.125,0,0.95,10,0.111,-22.401,1,45,0.0472,69.683,0.0522,2
0.0155,0.496,184840,0.97,0,0.0,2,0.365,-5.8660000000000005,1,40,0.061,168.199,0.805,3
0.0238,0.812,221067,0.626,0,0.000699,4,0.149,-5.025,0,47,0.149,96.006,0.8109999999999999,2
0.954,0.615,139493,0.18,0,0.0,0,0.136,-15.208,0,29,0.051,104.331,0.564,6
0.848,0.61,293693,0.419,0,1.21e-05,5,0.111,-11.913,1,3,0.0543,101.869,0.7190000000000001,7
0.125,0.5920000000000001,215053,0.605,0,0.005520000000000001,5,0.136,-8.262,1,44,0.0237,86.979,0.456,2
0.455,0.0,150000,0.0924,0,0.408,1,0.111,-26.764,1,71,0.0,0.0,0.0,1
0.16699999999999998,0.531,224733,0.473,0,2e-06,9,0.0899,-9.477,0,56,0.0305,139.17600000000002,0.306,5
0.994,0.392,223133,0.0703,0,0.922,2,0.142,-25.192,1,0,0.0364,98.472,0.504,8
0.0474,0.705,192307,0.8,0,1.5e-06,5,0.448,-8.332,1,57,0.123,156.109,0.48,1
0.993,0.348,200307,0.294,0,0.0224,9,0.318,-12.155,1,0,0.0365,110.954,0.359,8
0.304,0.644,342000,0.39,0,0.0028,9,0.138,-10.495,1,52,0.0267,110.468,0.297,4
0.124,0.82,243840,0.473,0,0.000199,4,0.0435,-14.599,1,24,0.0418,127.985,0.873,4
0.879,0.596,187653,0.142,0,5.4899999999999986e-05,0,0.158,-11.842,1,15,0.0488,106.878,0.469,9
0.109,0.687,192733,0.4270000000000001,0,1.4e-06,9,0.0607,-9.479,1,20,0.0317,130.78,0.21600000000000005,6
0.994,0.733,146887,0.545,0,0.748,10,0.369,-13.93,1,1,0.674,139.94799999999998,0.883,9
0.122,0.87,317360,0.299,0,0.0514,10,0.0926,-13.409,1,61,0.248,75.895,0.933,4
0.994,0.292,222160,0.426,0,0.469,4,0.139,-13.628,1,0,0.0369,178.514,0.7559999999999999,7
0.863,0.628,223133,0.173,0,0.0,5,0.306,-16.89,1,1,0.0454,111.812,0.39,7
0.995,0.609,199693,0.263,0,0.401,2,0.149,-12.898,0,0,0.0534,70.594,0.745,9
0.992,0.339,169933,0.06,0,0.872,6,0.127,-24.163,1,8,0.0434,135.91899999999998,0.0994,9
0.996,0.539,114640,0.133,0,0.0825,2,0.109,-24.645,1,0,0.0545,122.173,0.7120000000000001,10
0.6940000000000001,0.521,221053,0.237,0,1.55e-06,0,0.13699999999999998,-14.636,1,39,0.0281,85.256,0.146,4
0.67,0.5760000000000001,218827,0.528,0,0.0,2,0.34700000000000003,-5.2360000000000015,0,50,0.0258,107.21,0.6629999999999999,4
0.92,0.268,278267,0.159,0,0.00156,6,0.11,-17.029,1,23,0.0333,121.982,0.0746,5
0.0664,0.752,249841,0.86,0,0.000106,10,0.273,-6.636,0,46,0.125,135.082,0.885,3
0.87,0.611,216013,0.198,0,0.000432,5,0.109,-16.525,1,60,0.0285,77.301,0.412,1
0.114,0.677,152693,0.6609999999999999,0,5.44e-06,4,0.215,-5.136,1,45,0.0436,98.309,0.8009999999999999,3
0.26,0.77,265667,0.7070000000000001,0,0.000192,6,0.134,-9.356,0,49,0.0402,120.069,0.883,3
0.965,0.51,277133,0.0945,0,1.13e-05,5,0.257,-21.004,0,29,0.125,126.995,0.11,7
0.155,0.701,207573,0.516,0,0.0262,0,0.289,-10.647,1,28,0.0348,99.359,0.62,6
0.435,0.654,191293,0.376,0,6.77e-06,3,0.106,-8.695,1,40,0.0304,123.072,0.482,4
0.298,0.479,284160,0.466,0,0.00012,0,0.33,-14.885,1,33,0.0331,84.385,0.792,5
0.8590000000000001,0.461,510653,0.496,0,0.0593,4,0.0976,-9.734,0,29,0.0651,91.226,0.338,6
0.84,0.617,192267,0.7020000000000001,0,0.0015,5,0.155,-10.143,0,25,0.0404,82.34,0.46,4
0.856,0.29,180933,0.0874,0,0.000957,0,0.109,-16.119,1,59,0.0346,114.997,0.0734,7
0.7909999999999999,0.517,721493,0.4,0,0.0105,0,0.19,-11.964,0,8,0.0377,110.259,0.498,7
0.988,0.494,189533,0.308,0,0.52,8,0.142,-13.694,1,0,0.0516,90.08,0.503,8
0.0017,0.541,169347,0.599,0,0.0,8,0.16399999999999998,-5.626,1,39,0.0362,157.606,0.599,2
0.194,0.7290000000000001,243480,0.513,0,0.5429999999999999,10,0.222,-9.862,0,40,0.0579,127.673,0.642,2
0.857,0.485,173093,0.28800000000000003,0,0.0,9,0.165,-12.28,0,33,0.0414,105.496,0.568,7
0.984,0.441,243053,0.127,0,0.88,5,0.0905,-23.115,1,12,0.0407,86.92200000000004,0.7070000000000001,7
0.875,0.598,148973,0.319,0,7.28e-06,0,0.142,-14.696,1,20,0.0305,110.747,0.655,6
0.96,0.3,158733,0.229,0,0.00034,8,0.274,-11.284,1,11,0.0298,92.377,0.128,7
0.907,0.249,91000,0.892,0,0.585,10,0.449,-4.619,0,0,0.155,203.521,0.735,8
0.852,0.35,173960,0.465,0,0.0,8,0.343,-9.073,0,42,0.0482,101.038,0.485,7
0.471,0.636,267960,0.794,0,0.701,11,0.282,-8.888,1,21,0.0391,93.764,0.79,5
0.994,0.6940000000000001,190160,0.16399999999999998,0,0.557,10,0.102,-16.789,1,0,0.0788,126.029,0.767,9
0.6679999999999999,0.616,174142,0.453,0,0.00237,7,0.0961,-12.746,1,48,0.0249,84.542,0.366,1
6.35e-05,0.375,153831,0.979,0,0.0,1,0.151,-4.945,1,52,0.103,106.525,0.111,3
0.0302,0.416,257360,0.924,0,0.0,8,0.0687,-3.836,0,55,0.0767,160.046,0.691,3
0.333,0.594,436200,0.809,0,0.8270000000000001,10,0.524,-6.489,0,42,0.043,87.696,0.518,3
0.932,0.617,157867,0.261,0,0.868,3,0.182,-17.468,1,0,0.0384,137.066,0.907,7
7.68e-05,0.8640000000000001,148246,0.6890000000000001,1,0.000467,10,0.111,-7.273,0,72,0.22,152.946,0.412,0
0.255,0.7390000000000001,218012,0.578,0,2.05e-05,0,0.13,-9.682,1,42,0.0878,140.278,0.892,3
0.191,0.307,282173,0.866,0,5.64e-05,7,0.885,-8.892999999999997,1,37,0.0833,178.332,0.486,3
0.0037,0.61,275840,0.931,0,0.00352,9,0.873,-4.955,0,45,0.0874,125.399,0.449,2
0.995,0.477,142787,0.0697,0,0.877,11,0.113,-22.322,1,0,0.124,70.143,0.652,10
0.000285,0.467,209747,0.888,0,1.65e-06,1,0.146,-3.215,0,46,0.0681,163.014,0.561,2
0.00548,0.708,207787,0.855,0,0.0477,11,0.0447,-6.301,0,31,0.0931,131.955,0.6559999999999999,4
0.942,0.65,191907,0.487,0,0.00541,5,0.116,-8.891,1,0,0.0475,142.798,0.901,9
0.59,0.7709999999999999,195477,0.35200000000000004,0,5.18e-06,8,0.0483,-8.757,1,37,0.0486,104.204,0.938,2
0.99,0.527,171133,0.203,0,1.17e-05,7,0.129,-14.199000000000002,1,0,0.0667,170.733,0.688,8
0.903,0.335,195560,0.196,0,0.499,5,0.17800000000000002,-17.766,0,44,0.0729,172.424,0.304,4
0.0482,0.368,316507,0.758,0,0.0121,9,0.872,-14.947,1,37,0.0966,129.328,0.349,4
0.979,0.5329999999999999,187440,0.107,0,0.173,10,0.254,-17.769000000000005,1,0,0.0328,80.39399999999998,0.361,9
0.0867,0.428,649067,0.684,0,0.366,9,0.937,-11.987,1,44,0.0427,95.008,0.105,3
0.736,0.446,290133,0.344,0,0.00171,0,0.0947,-13.658,1,21,0.0751,162.489,0.715,7
0.857,0.21600000000000005,268840,0.26,0,0.116,7,0.1,-12.797,1,45,0.0309,143.433,0.18600000000000005,3
0.0362,0.241,321293,0.508,0,0.599,9,0.16699999999999998,-9.791,1,44,0.0275,140.627,0.0445,2
0.008020000000000001,0.31,288573,0.841,0,0.7,11,0.0966,-11.678,1,33,0.0452,134.928,0.415,4
0.937,0.7959999999999999,168080,0.298,0,0.103,10,0.105,-18.478,1,4,0.0411,113.067,0.7709999999999999,9
0.001,0.219,185133,0.928,0,2.43e-06,11,0.341,-9.997,0,53,0.0697,197.462,0.446,5
0.0618,0.314,224027,0.594,0,0.0,2,0.265,-10.561,1,43,0.0494,163.782,0.374,5
0.687,0.488,207560,0.424,0,0.00439,10,0.194,-11.117,1,38,0.0403,124.701,0.185,6
0.97,0.406,193640,0.149,0,0.0548,7,0.11,-10.77,0,0,0.0489,69.932,0.183,8
0.963,0.606,179867,0.188,0,9.54e-06,10,0.1,-11.195,1,4,0.0413,93.309,0.486,9
0.989,0.6759999999999999,197688,0.223,0,0.0,5,0.153,-6.734,1,0,0.188,116.244,0.6509999999999999,8
0.265,0.9,263200,0.465,0,0.0,6,0.0853,-3.4210000000000003,1,35,0.207,84.07600000000002,0.805,3
0.996,0.221,192240,0.179,0,0.8079999999999999,7,0.105,-16.778,1,0,0.0437,59.161,0.264,8
0.979,0.308,89160,0.264,0,0.00648,5,0.44,-11.39,0,3,0.03,81.248,0.3720000000000001,8
3.7e-05,0.265,384080,0.975,0,0.687,9,0.361,-6.223,0,27,0.121,140.054,0.473,4
0.733,0.579,131733,0.502,0,0.0,8,0.281,-7.57,1,37,0.0513,76.816,0.836,6
0.49,0.313,156360,0.621,0,0.914,0,0.166,-14.685,1,41,0.12,114.04,0.256,3
0.99,0.593,118875,0.00864,0,0.958,0,0.14,-25.273000000000003,1,66,0.0559,132.77200000000002,0.674,0
0.292,0.7070000000000001,118461,0.16399999999999998,1,0.0,0,0.121,-15.947,1,0,0.8740000000000001,106.794,0.6559999999999999,8
0.199,0.499,211768,0.797,0,0.0,2,0.0933,-3.77,1,72,0.0554,176.024,0.408,1
0.000926,0.924,226000,0.625,0,0.0159,9,0.0502,-7.862999999999999,0,28,0.0579,133.939,0.961,5
0.018000000000000002,0.7240000000000001,170746,0.491,0,1.29e-05,8,0.0887,-6.024,1,86,0.0296,105.046,0.383,1
0.434,0.457,290080,0.379,0,0.000276,6,0.202,-13.618,1,56,0.0342,78.49,0.363,5
0.0004730000000000001,0.498,207293,0.969,0,0.000369,9,0.0627,-3.662,1,48,0.0747,167.116,0.509,1
0.8859999999999999,0.462,194133,0.172,0,0.0,1,0.0794,-12.383,1,8,0.0362,107.724,0.256,7
0.0079,0.825,175954,0.5720000000000001,1,0.0,6,0.113,-6.067,0,79,0.0864,141.991,0.568,1
0.928,0.16399999999999998,177853,0.0991,0,0.0037,0,0.12,-14.478,1,47,0.0331,179.238,0.0587,3
0.557,0.534,225599,0.614,0,0.0,10,0.199,-6.69,1,1,0.0407,147.739,0.238,0
0.0515,0.743,249560,0.5,0,0.0,9,0.0373,-14.105,1,59,0.0513,112.989,0.903,1
0.977,0.474,151053,0.325,0,0.06,5,0.104,-9.648,1,0,0.051,146.37,0.846,8
0.912,0.322,160640,0.205,0,0.0,2,0.0305,-10.089,1,25,0.0376,73.116,0.248,7
0.565,0.607,189720,0.29600000000000004,0,9.17e-05,5,0.324,-9.541,0,55,0.0601,71.13600000000002,0.5770000000000001,4
0.0898,0.24,388667,0.546,0,0.00648,2,0.0898,-10.026,1,43,0.0548,181.373,0.429,6
0.954,0.561,195907,0.431,0,0.91,3,0.146,-14.965,1,0,0.0374,107.661,0.609,8
0.995,0.263,54454,0.126,1,0.948,7,0.243,-22.601,0,50,0.0399,166.07299999999995,0.0879,1
0.6509999999999999,0.5770000000000001,148547,0.401,0,1.33e-06,7,0.187,-7.107,1,40,0.036000000000000004,75.265,0.615,6
0.0682,0.3,125107,0.8079999999999999,1,0.0124,7,0.51,-11.485,1,36,0.0566,106.572,0.128,4
0.929,0.499,377333,0.0533,0,0.0,9,0.0942,-18.771,0,52,0.0477,82.97,0.185,3
0.255,0.73,232893,0.535,0,0.00503,9,0.0695,-9.71,1,50,0.0308,122.537,0.4920000000000001,4
0.156,0.7929999999999999,168947,0.7140000000000001,1,0.0,7,0.136,-7.562,1,68,0.193,100.036,0.794,1
0.951,0.39,139747,0.0925,0,0.011,10,0.503,-26.128,1,0,0.0471,78.25399999999998,0.524,7
0.0491,0.723,420720,0.754,0,0.00112,10,0.393,-9.376,1,62,0.0576,97.201,0.5920000000000001,1
0.995,0.634,185037,0.162,0,0.944,0,0.171,-14.342,0,0,0.313,76.507,0.655,8
0.505,0.5670000000000001,241302,0.472,0,1.7e-06,7,0.123,-9.276,1,47,0.0337,109.884,0.179,1
0.83,0.48,200867,0.29100000000000004,0,0.28,7,0.163,-11.140999999999998,1,10,0.0366,72.666,0.353,6
0.139,0.6970000000000001,258200,0.7,0,0.00213,11,0.068,-13.59,0,26,0.047,118.225,0.8590000000000001,4
0.252,0.691,242467,0.584,0,0.0,7,0.287,-10.424,1,0,0.0281,115.261,0.568,8
0.722,0.757,147053,0.512,0,1.23e-06,0,0.0682,-6.249,1,68,0.0516,149.888,0.97,1
0.16399999999999998,0.41,266600,0.675,0,0.000396,9,0.103,-9.033,1,46,0.0569,128.495,0.5660000000000001,4
0.655,0.501,359993,0.518,0,0.0,0,0.565,-11.515999999999998,1,35,0.0535,73.89,0.385,3
0.971,0.139,213680,0.249,0,0.0522,8,0.0892,-14.082,1,0,0.0349,78.555,0.23,7
0.607,0.675,216667,0.871,0,0.000256,0,0.17,-8.46,1,24,0.0375,127.42,0.7490000000000001,4
0.098,0.4920000000000001,231760,0.593,0,0.0,0,0.257,-5.975,1,69,0.0255,144.134,0.329,2
0.992,0.736,187467,0.13699999999999998,0,0.8140000000000001,7,0.395,-14.349,0,5,0.403,113.649,0.745,10
0.8109999999999999,0.794,284227,0.273,0,0.113,9,0.0811,-17.428,0,36,0.0541,104.664,0.748,3
0.183,0.282,473093,0.344,0,0.0205,2,0.205,-13.911,0,18,0.0432,144.19899999999996,0.274,6
0.58,0.585,195893,0.375,0,0.0,2,0.337,-12.186,1,24,0.0278,99.264,0.6459999999999999,5
0.514,0.847,254307,0.884,0,0.0,11,0.303,-3.326,1,48,0.245,99.036,0.845,2
0.903,0.545,257960,0.275,0,0.0,3,0.374,-17.697,1,13,0.636,83.76,0.504,9
0.993,0.639,192267,0.184,0,0.545,10,0.13,-13.562,1,0,0.0497,103.242,0.55,9
0.345,0.507,269800,0.417,0,8.93e-06,7,0.128,-14.479,1,18,0.0344,141.377,0.399,5
0.992,0.31,142173,0.15,0,0.32,9,0.431,-19.119,1,8,0.0567,118.606,0.247,8
0.453,0.59,254027,0.722,0,0.000385,9,0.111,-5.752000000000002,1,48,0.16699999999999998,150.744,0.401,1
0.00839,0.852,180645,0.698,0,1.03e-06,9,0.0773,-7.206,1,85,0.0629,113.039,0.324,0
0.215,0.611,138560,0.478,0,0.0,2,0.146,-13.599,1,24,0.0278,104.453,0.835,6
0.77,0.7390000000000001,162587,0.326,0,0.00425,7,0.11,-14.071,1,39,0.0382,133.79,0.945,6
0.478,0.462,167796,0.512,0,0.0,9,0.0993,-5.443,1,65,0.0334,114.014,0.29,0
0.00213,0.588,239467,0.505,0,0.0422,9,0.16399999999999998,-14.532,1,31,0.0311,124.249,0.804,4
0.00432,0.3670000000000001,149400,0.994,0,0.119,1,0.157,-7.481,1,40,0.106,139.69299999999998,0.263,3
0.945,0.393,159347,0.0451,0,0.000917,2,0.127,-21.082,1,13,0.0442,140.798,0.34700000000000003,6
0.6509999999999999,0.489,248813,0.545,0,1.34e-05,8,0.28300000000000003,-11.448,1,23,0.34600000000000003,105.764,0.843,6
0.018000000000000002,0.517,180267,0.6579999999999999,0,0.0119,4,0.486,-11.298,0,38,0.0425,77.536,0.703,3
0.191,0.556,240960,0.787,0,0.00386,0,0.263,-11.403,1,47,0.0275,139.35299999999998,0.928,4
0.146,0.43,235280,0.79,0,0.0,9,0.119,-4.887,1,41,0.0413,163.88099999999997,0.295,2
0.831,0.767,249613,0.124,0,0.431,3,0.0862,-20.537,1,25,0.131,104.276,0.29100000000000004,6
0.279,0.648,128040,0.408,0,0.0,4,0.0973,-12.324000000000002,1,42,0.0483,140.785,0.909,5
0.993,0.424,406440,0.0477,0,0.908,8,0.157,-21.562,1,0,0.0424,99.043,0.0427,8
0.836,0.62,186800,0.14400000000000002,0,0.000429,1,0.0908,-15.863,1,26,0.0286,100.595,0.377,6
0.0591,0.6459999999999999,307413,0.84,0,0.0141,8,0.0516,-8.213,1,38,0.0283,125.188,0.716,4
0.994,0.453,197695,0.214,0,0.00338,10,0.384,-13.039,1,1,0.0566,109.792,0.4270000000000001,9
0.392,0.3,145200,0.594,0,0.0,9,0.217,-8.096,1,28,0.0366,204.489,0.946,6
0.6990000000000001,0.67,67893,0.267,0,2.37e-05,8,0.0752,-16.1,1,37,0.469,131.911,0.753,5
0.647,0.654,216600,0.304,0,7.18e-05,6,0.147,-9.067,0,57,0.0358,113.992,0.102,1
0.0201,0.706,248693,0.919,1,0.0,10,0.269,-5.0539999999999985,0,55,0.269,92.708,0.805,3
0.976,0.302,372027,0.0985,0,0.767,0,0.0967,-19.963,1,0,0.0431,116.951,0.182,9
0.917,0.6729999999999999,209600,0.29,0,0.191,0,0.103,-13.465,0,22,0.0534,80.308,0.7659999999999999,7
0.172,0.601,132693,0.452,0,0.00114,4,0.103,-17.074,1,20,0.0285,96.413,0.912,6
0.994,0.501,214320,0.214,0,0.624,6,0.0959,-13.887,0,0,0.134,172.87599999999995,0.62,10
0.000129,0.325,223880,0.929,0,2.22e-06,11,0.184,-5.625,0,40,0.0695,133.358,0.198,3
0.991,0.34600000000000003,149333,0.218,0,0.924,5,0.111,-19.162,1,9,0.0333,97.41,0.255,7
0.0008939999999999998,0.532,180587,0.8340000000000001,0,8.99e-06,9,0.0698,-8.012,0,45,0.0353,136.69,0.848,5
0.01,0.625,430173,0.6659999999999999,0,0.00078,0,0.107,-10.446,1,33,0.0306,106.996,0.743,4
0.00191,0.514,201293,0.911,0,4.78e-06,7,0.0736,-4.595,1,54,0.0528,139.971,0.848,2
0.0158,0.7040000000000001,124333,0.635,0,0.809,9,0.108,-9.6,0,18,0.0378,126.71,0.893,6
0.0105,0.687,198000,0.843,0,0.0,2,0.0957,-5.65,0,45,0.204,87.911,0.77,2
0.981,0.514,35667,0.0147,0,0.373,5,0.122,-25.587,1,0,0.0468,96.667,0.231,7
0.302,0.879,210773,0.8320000000000001,1,0.0,6,0.1,-6.314,1,42,0.35,85.617,0.848,2
0.6990000000000001,0.621,89000,0.55,0,0.107,10,0.163,-13.472,1,10,0.0603,152.93,0.95,6
0.995,0.5710000000000001,70707,0.206,0,0.813,7,0.158,-21.813,1,1,0.0466,111.905,0.84,8
0.0467,0.258,198160,0.932,0,8.09e-06,2,0.142,-5.194,1,45,0.0702,145.582,0.334,5
0.978,0.181,123373,0.0995,0,0.0066,2,0.0786,-22.433000000000003,0,0,0.0513,79.817,0.141,7
0.149,0.469,259880,0.612,0,0.0185,0,0.29600000000000004,-7.9929999999999986,1,37,0.0268,86.384,0.398,2
0.996,0.481,171507,0.0771,0,0.0656,10,0.122,-18.402,0,0,0.109,172.003,0.7979999999999999,10
0.298,0.455,220080,0.826,0,0.0,9,0.952,-8.407,1,33,0.0406,109.528,0.75,4
0.412,0.711,150960,0.5429999999999999,1,0.0,0,0.505,-12.692,1,55,0.112,102.01,0.8009999999999999,1
0.444,0.684,229307,0.458,0,3.3799999999999995e-05,8,0.0666,-9.635,1,38,0.0405,132.154,0.63,3
0.623,0.54,187133,0.422,0,0.0,4,0.117,-13.157,1,23,0.274,71.095,0.73,5
0.0932,0.39,222960,0.816,0,0.00892,7,0.0928,-8.672,1,32,0.0354,97.387,0.458,3
0.04,0.611,215960,0.631,0,5.31e-05,7,0.315,-8.345,1,40,0.0312,122.042,0.557,3
0.0671,0.395,363640,0.484,0,0.395,6,0.911,-7.697999999999999,1,42,0.0318,114.935,0.101,2
0.0216,0.7120000000000001,220800,0.535,0,0.000174,1,0.0702,-8.072000000000001,1,43,0.0295,128.16899999999998,0.527,5
0.795,0.494,101373,0.275,0,6.49e-06,10,0.0551,-13.78,1,13,0.0326,121.622,0.7170000000000001,6
0.00543,0.491,238533,0.589,0,3.4e-05,8,0.136,-12.952,0,37,0.028,85.046,0.487,4
0.194,0.498,249400,0.513,0,0.8690000000000001,7,0.217,-10.377,1,34,0.0297,131.632,0.382,3
0.878,0.579,129733,0.48,0,0.385,2,0.365,-7.428,1,1,0.0753,141.253,0.964,8
0.000371,0.243,183973,0.969,0,0.6,11,0.364,-3.134,0,54,0.0509,141.934,0.68,2
0.623,0.555,446608,0.696,0,0.0304,5,0.978,-9.268,0,23,0.0481,144.622,0.276,4
0.905,0.467,166347,0.306,0,1.6899999999999994e-05,9,0.281,-9.634,1,0,0.038,77.41,0.258,8
0.0676,0.498,104733,0.952,0,0.166,0,0.0706,-7.039,1,30,0.0395,92.104,0.928,3
0.028,0.723,182680,0.6559999999999999,0,0.000708,4,0.7090000000000001,-3.828,0,49,0.0385,119.019,0.414,1
0.474,0.515,270707,0.263,0,0.000138,9,0.111,-15.13,1,43,0.0383,78.904,0.519,5
0.302,0.485,148187,0.772,0,0.0,0,0.172,-3.468,0,21,0.0392,114.524,0.652,6
0.253,0.743,259293,0.268,0,9.39e-06,5,0.12,-15.981,1,36,0.0429,115.712,0.648,5
0.0206,0.8009999999999999,229027,0.8390000000000001,0,7.65e-05,1,0.0946,-3.267,0,70,0.24,170.011,0.792,2
0.0155,0.551,224373,0.813,0,5.82e-06,5,0.105,-4.25,1,55,0.0621,97.557,0.568,1
0.932,0.236,173897,0.198,0,0.0,3,0.107,-12.27,1,0,0.0344,89.396,0.127,8
0.17600000000000002,0.442,254760,0.7909999999999999,0,9.53e-05,4,0.121,-5.167000000000002,1,45,0.0596,71.22399999999998,0.459,1
0.969,0.358,192267,0.17,0,0.000136,9,0.295,-17.237000000000002,0,0,0.0819,94.396,0.234,7
0.962,0.446,163400,0.422,0,0.8909999999999999,2,0.626,-15.246,0,2,0.042,88.85799999999998,0.7559999999999999,8
0.461,0.453,201533,0.643,0,0.0,9,0.0972,-10.163,1,14,0.0555,143.775,0.825,6
0.102,0.469,337600,0.458,0,0.236,7,0.0908,-13.583,1,40,0.0388,123.932,0.107,3
0.13699999999999998,0.6859999999999999,234000,0.805,0,0.0,6,0.068,-3.094,1,48,0.0991,172.05900000000003,0.87,2
0.583,0.512,133067,0.307,0,2.21e-06,8,0.109,-13.822,1,15,0.0425,101.249,0.667,7
0.00934,0.933,148111,0.475,1,0.0,1,0.163,-4.907,1,65,0.234,129.933,0.7290000000000001,0
0.768,0.47,163923,0.408,0,7.57e-06,8,0.318,-6.537000000000001,1,10,0.0354,78.76899999999998,0.423,6
0.725,0.611,233133,0.105,0,2.56e-05,0,0.0927,-20.519,0,31,0.026,98.849,0.213,3
0.8320000000000001,0.684,189277,0.458,0,0.0005009999999999999,2,0.375,-8.868,1,52,0.0601,97.415,0.971,4
0.995,0.5820000000000001,200731,0.0366,0,0.006220000000000001,10,0.102,-13.6,1,0,0.212,93.73,0.308,7
0.942,0.602,153467,0.146,0,8.24e-06,5,0.123,-16.868,1,1,0.0611,110.974,0.419,9
0.7659999999999999,0.381,277240,0.289,0,6.79e-06,3,0.115,-11.592,1,23,0.0306,139.781,0.272,5
0.303,0.578,299840,0.9,0,0.0164,2,0.393,-12.588,1,30,0.0398,127.937,0.521,4
0.214,0.54,263440,0.675,0,1.35e-05,9,0.149,-7.269,1,46,0.0563,166.483,0.8270000000000001,5
0.226,0.6559999999999999,241440,0.816,0,1.02e-05,7,0.264,-8.552999999999999,1,54,0.029,133.237,0.962,1
0.923,0.505,196293,0.341,0,0.000113,2,0.0896,-12.17,0,0,0.0395,123.356,0.6890000000000001,7
0.000292,0.33,242453,0.841,0,0.000262,1,0.061,-5.303,1,53,0.0562,106.807,0.672,4
0.944,0.597,463347,0.26,0,0.815,0,0.208,-12.295,0,24,0.0486,135.15200000000002,0.242,7
0.00103,0.6609999999999999,326707,0.504,0,0.0174,2,0.0735,-10.176,1,38,0.0279,113.129,0.156,3
0.871,0.473,162027,0.157,0,1.76e-05,2,0.0976,-16.004,1,21,0.0283,70.962,0.353,6
0.021,0.247,160533,0.68,0,0.0141,9,0.172,-9.086,1,17,0.0405,153.503,0.609,6
0.981,0.482,229053,0.0378,0,0.0,8,0.116,-13.871,1,8,0.0364,128.063,0.13699999999999998,7
0.376,0.419,191307,0.28800000000000003,0,0.0,0,0.117,-13.996,1,38,0.0391,208.039,0.971,2
0.718,0.508,145453,0.29,0,0.0,0,0.0648,-11.067,1,18,0.0517,136.481,0.608,7
0.964,0.369,374333,0.0392,0,0.00263,3,0.105,-20.124,1,29,0.0348,62.995,0.0878,7
0.568,0.836,182507,0.7070000000000001,0,0.000173,5,0.14400000000000002,-7.965,0,38,0.0358,99.089,0.893,3
0.35,0.506,229173,0.122,0,3.7000000000000006e-06,6,0.195,-22.046,1,35,0.0383,99.731,0.434,5
0.994,0.643,196640,0.25,0,0.883,7,0.112,-14.226,1,0,0.0692,140.92,0.653,7
0.838,0.482,227747,0.648,0,0.00655,7,0.128,-10.771,1,51,0.135,131.861,0.147,1
0.951,0.15,242133,0.0611,0,6.890000000000001e-05,0,0.206,-24.338,1,10,0.0376,94.461,0.135,8
0.417,0.556,152360,0.6,0,1.6899999999999994e-05,7,0.334,-8.295,1,18,0.0293,113.496,0.858,6
0.989,0.4270000000000001,134720,0.0176,0,0.0,7,0.126,-21.189,0,21,0.0374,71.306,0.443,6
0.993,0.7659999999999999,184000,0.203,0,0.16899999999999998,2,0.147,-10.142,0,0,0.0728,116.415,0.6920000000000001,10
0.942,0.504,198200,0.333,0,0.903,10,0.0981,-13.215,1,1,0.0527,183.635,0.865,9
0.961,0.5479999999999999,204707,0.158,0,0.0193,2,0.118,-12.863,0,10,0.0525,115.708,0.313,7
0.8370000000000001,0.706,154924,0.392,0,0.0,4,0.126,-14.077,1,0,0.7390000000000001,75.143,0.7959999999999999,9
0.13699999999999998,0.7090000000000001,373960,0.6729999999999999,0,0.101,10,0.0383,-13.137,0,35,0.044,173.12400000000005,0.964,3
0.971,0.506,249960,0.0284,0,0.42,10,0.0536,-22.768,1,10,0.0474,158.137,0.294,6
0.957,0.29,306693,0.359,0,0.238,2,0.18,-9.53,0,0,0.0479,58.831,0.354,8
0.0321,0.657,167000,0.721,0,0.0,4,0.0796,-8.572000000000001,1,36,0.0378,143.202,0.778,3
0.0625,0.515,216881,0.748,0,3.8e-06,2,0.384,-5.855,1,53,0.031,110.571,0.394,3
0.964,0.135,103427,0.0466,0,0.0715,7,0.123,-24.104,1,13,0.0396,172.658,0.103,7
0.262,0.5589999999999999,180227,0.936,0,2.99e-05,11,0.0728,-4.415,1,35,0.0842,141.726,0.836,3
0.284,0.417,147200,0.83,0,0.0,4,0.0863,-7.206,0,49,0.0532,131.715,0.943,6
0.0392,0.763,211888,0.76,0,0.0,0,0.133,-4.672,1,60,0.0596,163.96900000000005,0.916,1
0.171,0.401,217973,0.5670000000000001,0,0.00859,10,0.103,-9.131,1,51,0.0355,171.05900000000003,0.362,1
0.0227,0.537,126840,0.813,0,0.00598,7,0.0961,-5.546,1,45,0.0291,94.728,0.643,6
0.113,0.241,315707,0.575,0,0.093,2,0.175,-12.882,1,33,0.0597,172.743,0.522,6
0.201,0.461,252267,0.727,0,0.0,1,0.0419,-3.245,1,50,0.0295,83.37799999999999,0.57,2
0.838,0.4,83069,0.0255,0,1.56e-06,0,0.136,-17.137999999999998,1,1,0.0354,123.653,0.382,7
0.995,0.608,142627,0.157,0,0.00361,8,0.268,-22.433000000000003,1,0,0.14800000000000002,124.356,0.741,9
0.316,0.755,176960,0.578,1,0.0,0,0.25,-8.932,0,84,0.145,94.148,0.581,0
0.897,0.3,190347,0.116,0,0.00294,0,0.101,-17.027,0,50,0.0355,118.269,0.081,6
0.98,0.6779999999999999,217800,0.0848,0,0.00339,8,0.112,-15.138,0,0,0.0317,93.352,0.575,7
0.0054,0.649,319200,0.649,0,2.47e-06,7,0.111,-5.2360000000000015,1,54,0.0273,124.458,0.464,2
0.0383,0.71,249093,0.8029999999999999,0,0.0,10,0.0625,-5.435,0,40,0.0793,99.962,0.6829999999999999,3
0.24,0.594,270467,0.762,0,1.52e-05,0,0.7120000000000001,-5.145,1,23,0.0292,72.648,0.54,5
0.0982,0.5539999999999999,235880,0.61,0,0.0812,0,0.561,-7.229,1,65,0.0804,80.94800000000002,0.4970000000000001,1
0.78,0.6709999999999999,161209,0.49,0,1.49e-05,2,0.155,-8.406,1,38,0.0274,75.455,0.5329999999999999,4
0.0358,0.959,213000,0.598,1,0.0,8,0.358,-5.534,1,64,0.0713,127.029,0.408,1
0.992,0.431,188154,0.199,0,0.875,9,0.274,-12.140999999999998,1,0,0.0988,187.742,0.669,8
0.162,0.701,278600,0.68,0,0.00101,10,0.0647,-9.269,1,45,0.0907,170.257,0.965,3
0.728,0.524,153733,0.7090000000000001,0,0.00809,0,0.0674,-11.774,0,35,0.589,85.64399999999998,0.172,5
0.342,0.618,267107,0.8759999999999999,0,0.0,7,0.0828,-6.252999999999999,1,68,0.0538,100.963,0.773,2
0.183,0.581,209427,0.856,0,0.0,3,0.0871,-4.0,1,68,0.0783,169.90200000000004,0.918,1
0.196,0.855,238530,0.522,1,0.0,3,0.1,-5.54,1,56,0.226,139.917,0.355,1
0.995,0.341,201280,0.301,0,0.8590000000000001,2,0.159,-19.724,1,19,0.0395,104.775,0.902,7
0.7959999999999999,0.377,188000,0.201,0,4.11e-05,8,0.187,-14.211,0,6,0.0331,135.679,0.289,8
0.908,0.63,211933,0.225,0,0.634,10,0.103,-12.19,1,0,0.0915,146.572,0.662,9
0.0927,0.797,269147,0.611,0,1.37e-06,11,0.259,-4.99,0,52,0.183,102.034,0.426,1
0.634,0.461,380573,0.165,0,0.0011,10,0.0795,-17.488,1,8,0.0412,126.184,0.51,7
0.989,0.539,165347,0.274,0,0.0,11,0.141,-10.35,0,0,0.0569,117.678,0.807,9
0.0523,0.243,376267,0.813,0,0.21,9,0.188,-8.809,1,52,0.102,187.617,0.471,5
0.34,0.468,153733,0.138,0,0.0,2,0.0646,-16.837,1,43,0.0656,156.735,0.667,3
0.125,0.7120000000000001,277720,0.5579999999999999,1,0.0,8,0.113,-9.698,1,45,0.147,150.967,0.48,2
0.994,0.535,55406,0.0911,0,0.934,2,0.126,-21.375,1,0,0.0505,81.78699999999998,0.445,8
0.0827,0.615,150240,0.642,0,5.08e-06,0,0.385,-8.334,1,42,0.321,164.46400000000003,0.6459999999999999,1
0.977,0.512,201680,0.319,0,0.868,7,0.111,-14.28,1,0,0.0873,125.839,0.588,9
0.982,0.6,162680,0.118,0,0.117,0,0.0971,-16.264,1,8,0.0482,131.981,0.748,7
0.00147,0.34700000000000003,431227,0.8,0,0.769,7,0.0975,-6.651,1,50,0.0294,103.725,0.66,5
0.507,0.6409999999999999,223160,0.451,0,1.71e-06,4,0.629,-7.694,1,57,0.0899,179.967,0.612,2
0.0578,0.279,171040,0.674,0,3.16e-06,9,0.107,-7.065,1,24,0.037000000000000005,113.436,0.5379999999999999,6
0.813,0.59,177800,0.34600000000000003,0,0.0,0,0.13699999999999998,-9.504,1,10,0.0371,125.435,0.7340000000000001,7
0.956,0.4370000000000001,213728,0.29,0,0.0,5,0.589,-7.74,1,0,0.0759,138.304,0.407,9
0.231,0.7190000000000001,208333,0.703,0,9e-05,0,0.129,-8.306000000000001,1,53,0.0545,123.173,0.7759999999999999,2
0.982,0.397,193187,0.165,0,0.000604,0,0.332,-14.849,0,3,0.053,109.488,0.12,10
0.883,0.6629999999999999,127227,0.451,0,0.672,0,0.103,-11.836,1,46,0.0383,152.803,0.6559999999999999,5
0.0893,0.64,98900,0.274,1,0.0,5,0.214,-17.459,0,0,0.96,163.14,0.49,10
0.929,0.265,198960,0.256,0,0.000115,1,0.311,-12.647,1,25,0.0336,81.055,0.142,6
0.515,0.738,174373,0.464,0,0.00135,10,0.0767,-11.075,1,26,0.0301,109.168,0.625,5
0.141,0.472,243427,0.532,0,1.31e-06,0,0.121,-8.033999999999999,1,45,0.0716,94.525,0.394,2
0.985,0.25,323360,0.244,0,0.7440000000000001,7,0.0941,-14.739,0,30,0.0337,109.691,0.065,5
0.339,0.634,235800,0.526,1,0.0,5,0.257,-7.881,0,48,0.0333,90.087,0.623,2
0.614,0.617,177006,0.428,0,0.0,3,0.271,-8.652000000000001,1,36,0.0355,133.322,0.975,4
0.873,0.365,158133,0.25,0,0.000512,2,0.354,-14.913,1,26,0.0395,64.517,0.318,6
0.0147,0.6709999999999999,213760,0.579,0,0.0,10,0.116,-13.021,1,41,0.0293,117.68,0.659,4
0.0692,0.611,211307,0.664,0,0.00333,0,0.113,-7.067,1,35,0.0309,95.976,0.5539999999999999,4
0.995,0.374,148173,0.458,0,0.911,8,0.422,-12.673,0,0,0.0369,134.416,0.693,10
0.435,0.6809999999999999,237840,0.703,1,0.008790000000000001,2,0.35700000000000004,-5.51,1,52,0.196,139.328,0.487,1
0.98,0.154,182373,0.253,0,0.0637,8,0.171,-13.446,1,1,0.0329,86.133,0.119,8
0.211,0.52,148493,0.723,0,0.0,3,0.134,-10.571,0,15,0.0499,113.259,0.669,6
0.0117,0.947,175240,0.8540000000000001,1,0.000116,7,0.161,-5.0280000000000005,1,52,0.21600000000000005,104.076,0.775,3
0.0778,0.518,258120,0.585,0,2.43e-06,5,0.31,-8.485,1,72,0.0279,144.998,0.312,4
0.00155,0.398,264880,0.86,0,0.68,7,0.154,-4.574,1,55,0.0665,138.11,0.564,5
0.92,0.404,188160,0.207,0,3.4899999999999995e-05,1,0.118,-12.754,1,42,0.0338,107.228,0.366,7
0.96,0.132,255063,0.0705,0,0.85,4,0.147,-20.037,1,31,0.0377,167.91299999999995,0.11,5
0.044,0.78,248933,0.443,0,0.00149,7,0.221,-15.497,0,45,0.0309,136.07,0.922,5
0.989,0.575,167827,0.339,0,0.000923,0,0.13,-7.842,0,0,0.366,182.937,0.857,8
0.904,0.561,91947,0.49,0,0.35,5,0.124,-12.012,0,0,0.0758,135.32,0.175,8
0.0416,0.7559999999999999,242267,0.7120000000000001,1,0.0,1,0.239,-4.308,1,49,0.107,80.027,0.211,2
0.0008300000000000001,0.306,208333,0.86,0,0.000145,3,0.0829,-3.833,1,41,0.0437,163.727,0.254,2
0.0937,0.738,236773,0.7879999999999999,0,0.0,7,0.0368,-7.487999999999999,1,40,0.0318,119.429,0.652,2
0.992,0.649,173160,0.0909,0,0.0043100000000000005,2,0.121,-12.938,0,3,0.0441,108.512,0.37,9
0.922,0.758,196560,0.439,0,0.0232,9,0.0555,-8.658,1,0,0.0592,128.376,0.6609999999999999,8
0.8109999999999999,0.463,137600,0.561,0,0.626,10,0.282,-14.26,1,36,0.0432,140.129,0.632,3
0.42,0.623,200427,0.873,0,5.97e-05,0,0.34,-5.643,1,34,0.0498,76.267,0.779,4
0.139,0.659,205507,0.873,1,2.75e-06,0,0.528,-5.167999999999998,0,45,0.0846,140.124,0.209,1
0.8390000000000001,0.64,228680,0.429,0,0.0,7,0.0788,-8.14,1,33,0.0689,79.613,0.453,4
0.841,0.368,331067,0.48,0,0.0,2,0.342,-8.843,0,0,0.05,171.77599999999995,0.87,7
0.00921,0.362,258360,0.934,0,8.93e-05,6,0.1,-5.106,1,45,0.0908,172.463,0.73,4
0.909,0.218,196267,0.0795,0,0.00269,9,0.0955,-18.063,1,21,0.0397,79.831,0.0565,7
0.00513,0.434,219133,0.895,0,9.59e-06,0,0.275,-11.599,1,30,0.0492,135.83100000000002,0.72,5
0.995,0.411,97627,0.211,0,0.8759999999999999,2,0.106,-16.423,0,0,0.0489,79.812,0.119,10
0.745,0.507,364293,0.474,0,0.1,2,0.106,-14.043,1,37,0.0516,109.574,0.327,4
0.974,0.471,219507,0.226,0,0.0232,2,0.258,-14.32,1,0,0.0487,136.737,0.853,8
0.0452,0.609,230093,0.872,0,0.0,9,0.289,-8.5,1,33,0.0388,128.836,0.8029999999999999,4
0.632,0.429,255066,0.399,0,3.2299999999999986e-05,5,0.087,-11.679,0,70,0.0893,72.487,0.353,0
0.996,0.522,489600,0.0133,0,0.942,8,0.0955,-24.466,1,0,0.0547,110.087,0.0632,7
0.0642,0.476,353787,0.901,0,0.158,8,0.0557,-6.751,1,61,0.0975,91.955,0.109,4
0.0201,0.555,213120,0.813,0,0.0,0,0.165,-5.7920000000000025,1,58,0.033,125.034,0.435,1
0.0278,0.51,201107,0.8270000000000001,0,0.000106,8,0.332,-13.332,1,26,0.0361,113.801,0.74,4
0.993,0.37,178027,0.239,0,0.9,8,0.16399999999999998,-17.264,1,0,0.075,64.015,0.447,8
0.988,0.398,434787,0.16699999999999998,0,2.37e-06,5,0.348,-15.078,1,0,0.0449,125.408,0.097,7
0.949,0.34700000000000003,79173,0.14300000000000002,0,0.921,1,0.094,-16.349,1,45,0.0336,90.091,0.0396,2
0.0461,0.696,237987,0.494,0,1.85e-06,5,0.16399999999999998,-9.107,1,45,0.028,112.69,0.522,5
0.7,0.405,101840,0.6779999999999999,0,0.605,3,0.315,-8.881,1,5,0.0486,80.006,0.642,7
0.141,0.706,287440,0.715,0,0.00812,6,0.106,-10.924,0,33,0.0536,102.399,0.914,4
0.4970000000000001,0.65,128493,0.68,0,6.77e-05,7,0.18600000000000005,-11.057,1,49,0.0485,113.925,0.604,6
0.00164,0.35,161333,0.8340000000000001,0,1.19e-05,6,0.149,-3.856,0,56,0.0596,192.005,0.424,2
0.967,0.474,201979,0.272,0,0.56,10,0.501,-14.683,1,0,0.0424,137.947,0.8440000000000001,9
0.473,0.769,205373,0.922,0,0.7190000000000001,8,0.173,-5.572,0,41,0.263,93.73,0.848,6
0.748,0.468,66627,0.273,0,3.12e-06,5,0.769,-17.739,1,4,0.6940000000000001,179.292,0.415,7
0.8540000000000001,0.382,170507,0.121,0,2.51e-05,0,0.29600000000000004,-21.72,1,20,0.0328,104.281,0.315,6
0.971,0.502,199093,0.406,0,0.8109999999999999,7,0.224,-8.693,1,0,0.0341,77.693,0.737,9
0.473,0.526,180823,0.326,0,0.00017,0,0.141,-10.441,0,45,0.0261,73.982,0.436,2
0.973,0.612,173267,0.131,0,4.68e-05,8,0.17,-11.294,1,0,0.0981,158.809,0.6859999999999999,10
0.343,0.722,235440,0.598,0,0.0359,9,0.0517,-7.447999999999999,1,39,0.0483,138.98,0.763,5
0.444,0.322,285067,0.785,0,0.5870000000000001,9,0.191,-6.346,0,38,0.0534,184.01,0.446,4
0.821,0.611,139387,0.56,0,0.873,0,0.0887,-13.27,1,23,0.0309,131.005,0.866,5
0.123,0.546,262893,0.731,0,2.660000000000001e-05,0,0.0651,-10.051,1,46,0.17,174.298,0.711,5
0.0992,0.615,219093,0.936,0,0.695,5,0.0828,-8.513,1,32,0.036000000000000004,125.562,0.725,5
0.8370000000000001,0.612,159853,0.295,0,0.000188,11,0.0988,-7.535,1,37,0.0364,133.303,0.275,6
0.782,0.426,409120,0.418,0,0.0,9,0.957,-11.532,0,41,0.037000000000000005,120.53,0.206,2
0.97,0.727,182867,0.388,0,0.000231,0,0.326,-10.335,1,2,0.0401,114.7,0.841,8
0.99,0.522,195707,0.305,0,0.931,2,0.111,-15.581,1,0,0.037000000000000005,107.852,0.467,7
0.00478,0.745,284693,0.916,0,0.8109999999999999,5,0.037000000000000005,-6.891,0,38,0.0549,115.989,0.898,2
0.181,0.635,218947,0.777,1,0.0,1,0.35700000000000004,-6.018,1,61,0.231,128.09,0.177,1
0.992,0.404,483005,0.272,0,0.897,0,0.0815,-10.44,1,0,0.0356,81.146,0.39,7
0.8290000000000001,0.635,176875,0.43,0,0.00636,3,0.152,-11.039,0,3,0.0401,159.09,0.948,8
0.388,0.597,110960,0.8190000000000001,0,1.53e-05,8,0.055,-8.182,1,19,0.0399,159.914,0.977,6
0.716,0.569,120640,0.524,0,7.31e-05,5,0.131,-8.072000000000001,1,18,0.0389,186.776,0.939,6
0.586,0.299,485813,0.616,0,0.000154,0,0.6679999999999999,-7.689,1,23,0.0886,184.099,0.37,5
0.949,0.5589999999999999,66762,0.39,0,0.0,11,0.789,-9.938,0,0,0.0634,92.489,0.77,9
0.995,0.5770000000000001,162650,0.17800000000000002,0,0.00447,11,0.3,-12.855,0,0,0.0327,65.384,0.6709999999999999,8
0.933,0.248,601000,0.14800000000000002,0,0.0,5,0.149,-16.917,0,0,0.0475,66.454,0.14300000000000002,7
0.0239,0.459,243453,0.926,1,1.93e-05,4,0.183,-3.415,1,66,0.155,151.534,0.569,3
0.98,0.586,168867,0.28300000000000003,0,0.0763,9,0.14400000000000002,-15.035,1,30,0.0532,189.294,0.815,8
0.329,0.29600000000000004,167000,0.257,0,3.7e-05,4,0.0925,-13.959,1,33,0.0312,164.4,0.26,6
0.377,0.731,193947,0.7759999999999999,0,1.49e-06,10,0.17800000000000002,-7.599,0,54,0.0357,100.112,0.975,2
0.194,0.845,228040,0.7440000000000001,1,0.0,7,0.5489999999999999,-4.886,1,46,0.277,91.693,0.645,3
0.272,0.706,178860,0.792,0,0.916,9,0.104,-2.8510000000000004,1,41,0.0752,154.779,0.996,2
0.925,0.615,221587,0.518,0,0.687,7,0.12,-12.161,1,2,0.0666,122.471,0.901,8
0.0145,0.853,210053,0.871,0,6.840000000000001e-05,8,0.198,-3.715,1,66,0.0851,124.021,0.863,1
0.611,0.456,178813,0.404,0,0.0,8,0.375,-9.706,1,31,0.0361,170.34400000000005,0.875,6
0.932,0.487,283480,0.0549,0,0.0144,2,0.0954,-21.146,1,25,0.0371,126.531,0.294,5
0.506,0.645,222401,0.845,0,0.5529999999999999,7,0.16899999999999998,-10.96,1,32,0.06,117.543,0.861,5
0.0709,0.5529999999999999,220440,0.664,0,0.0056,8,0.106,-7.417000000000002,1,69,0.0741,140.06,0.467,1
0.8240000000000001,0.579,148893,0.274,0,1.63e-05,3,0.091,-10.966,1,18,0.0304,113.124,0.619,7
0.328,0.603,128000,0.478,0,0.0008880000000000002,1,0.28800000000000003,-11.808,1,19,0.0301,126.768,0.87,6
0.973,0.277,218173,0.08900000000000001,0,0.00873,7,0.267,-15.251,1,0,0.0496,76.391,0.235,8
0.202,0.629,278000,0.715,0,0.0,0,0.23,-5.421,1,57,0.0379,115.006,0.399,2
0.00267,0.532,358933,0.925,0,3.4200000000000005e-05,5,0.329,-7.24,1,47,0.0426,141.137,0.6809999999999999,2
0.96,0.0,132923,0.000261,0,0.203,1,0.111,-23.44400000000001,1,68,0.0,0.0,0.0,1
0.168,0.562,356000,0.513,0,0.0,0,0.433,-10.482,1,35,0.0423,87.48899999999998,0.628,4
0.257,0.723,272067,0.67,0,0.00105,7,0.0918,-6.218,0,37,0.0425,100.341,0.892,5
0.994,0.7829999999999999,169000,0.34700000000000003,0,0.846,7,0.0944,-7.963999999999999,1,0,0.0847,116.133,0.857,10
0.495,0.655,283200,0.7140000000000001,0,6.4e-06,2,0.0893,-6.996,1,59,0.0466,158.94899999999996,0.942,3
0.191,0.59,195800,0.523,0,4.02e-06,5,0.279,-12.285,0,42,0.0696,114.62,0.632,2
0.774,0.618,263907,0.47,0,0.0,11,0.106,-8.2,0,50,0.0476,125.949,0.395,1
0.938,0.21600000000000005,142293,0.0131,0,0.305,9,0.0933,-36.909,0,34,0.0406,134.17700000000002,0.0498,3
0.0775,0.79,307400,0.537,0,3.01e-06,9,0.173,-13.272,0,39,0.036000000000000004,127.511,0.964,5
0.908,0.55,152827,0.555,0,0.721,0,0.111,-8.248,0,13,0.0302,126.903,0.8420000000000001,7
0.847,0.179,131707,0.287,0,8.24e-06,5,0.361,-15.415,1,27,0.0395,92.063,0.18,4
0.0535,0.8079999999999999,268667,0.274,0,0.0464,8,0.275,-15.284,0,34,0.0742,95.293,0.585,3
0.765,0.4370000000000001,136560,0.499,0,0.848,2,0.13,-13.2,1,31,0.0335,94.084,0.643,6
0.256,0.32,554027,0.257,0,0.903,2,0.17600000000000002,-18.484,1,50,0.0529,95.983,0.0282,2
0.236,0.6859999999999999,98200,0.17800000000000002,1,6.55e-06,0,0.375,-19.222,1,0,0.809,140.25,0.439,8
0.00141,0.503,198040,0.8240000000000001,0,0.00919,10,0.0436,-9.733,0,38,0.0668,126.936,0.466,3
0.741,0.557,176600,0.331,0,0.0,7,0.149,-14.786,1,1,0.101,144.49,0.873,7
0.868,0.34700000000000003,185280,0.0894,0,0.000487,8,0.185,-15.674,1,24,0.0328,135.214,0.208,4
0.992,0.617,230000,0.217,0,0.927,5,0.101,-16.667,1,8,0.0378,107.443,0.606,7
0.992,0.38,183400,0.0271,0,0.00156,8,0.0991,-21.961,1,1,0.0454,181.182,0.457,7
0.409,0.823,257547,0.411,1,0.00135,0,0.649,-7.061,1,60,0.0557,90.997,0.397,1
0.337,0.5489999999999999,184667,0.46,0,2.55e-06,1,0.11,-11.343,1,60,0.0291,144.656,0.35200000000000004,3
0.993,0.7929999999999999,170013,0.133,0,0.8140000000000001,10,0.243,-12.907,1,0,0.0999,115.426,0.778,10
0.275,0.579,426651,0.508,0,0.000438,0,0.948,-12.212,1,26,0.0335,78.518,0.645,5
0.976,0.338,297867,0.145,0,0.8440000000000001,9,0.0956,-20.058,1,0,0.0417,129.572,0.43,7
0.188,0.615,223053,0.6709999999999999,0,0.0,0,0.105,-4.598,1,43,0.0265,119.496,0.226,3
0.805,0.7490000000000001,144533,0.306,0,0.0,0,0.31,-5.9270000000000005,1,41,0.0284,99.033,0.525,2
0.95,0.71,140307,0.0473,0,0.0,8,0.0863,-15.908,1,16,0.0616,88.87100000000002,0.526,9
0.313,0.484,101680,0.914,0,2.78e-05,3,0.134,-4.513,1,34,0.135,130.464,0.7979999999999999,3
0.831,0.379,204840,0.8690000000000001,1,0.0,1,0.984,-11.367,0,24,0.6970000000000001,109.951,0.34700000000000003,4
0.0724,0.738,263760,0.476,1,0.0,1,0.0782,-10.21,0,34,0.0709,94.437,0.52,3
0.862,0.433,351040,0.165,0,0.0581,0,0.0741,-15.147,0,34,0.0497,77.03,0.232,7
0.28800000000000003,0.392,354320,0.402,0,0.0,0,0.243,-9.961,0,75,0.0536,143.88299999999995,0.228,5
0.992,0.285,236280,0.191,0,0.926,3,0.245,-20.527,1,0,0.0496,169.947,0.5,8
0.00288,0.8370000000000001,204413,0.8590000000000001,0,0.0,10,0.112,-6.027,0,50,0.0786,102.788,0.632,2
0.935,0.395,297320,0.121,0,0.397,9,0.6970000000000001,-23.427,1,61,0.0327,114.521,0.139,6
0.248,0.797,192200,0.759,0,2.28e-05,4,0.0537,-5.488,0,45,0.0466,148.10399999999996,0.7829999999999999,1
0.35100000000000003,0.426,145547,0.44,0,0.0,5,0.154,-8.119,1,30,0.0296,131.34799999999998,0.537,4
0.503,0.459,302200,0.472,0,0.0,0,0.0783,-11.545,1,44,0.0329,122.971,0.208,4
0.521,0.616,276227,0.7440000000000001,0,0.003,7,0.0752,-8.032,1,21,0.0488,107.226,0.639,5
0.29,0.792,255493,0.8270000000000001,1,0.0,8,0.37,-5.454,1,44,0.322,95.776,0.545,2
0.252,0.67,276973,0.415,0,0.0244,9,0.0797,-14.336,1,23,0.0397,118.047,0.691,4
0.000376,0.556,242400,0.971,0,2.46e-05,3,0.223,-3.937,1,41,0.0778,127.901,0.368,4
0.97,0.232,208667,0.131,0,0.0,7,0.133,-17.027,0,1,0.0445,177.748,0.226,10
0.992,0.513,212547,0.335,0,0.5329999999999999,5,0.14800000000000002,-11.081,1,0,0.263,66.589,0.8240000000000001,7
0.978,0.225,143600,0.0275,0,7.36e-05,7,0.14800000000000002,-20.596,0,0,0.0477,167.108,0.103,7
0.551,0.522,156187,0.583,0,1.65e-05,0,0.343,-8.554,1,50,0.0269,127.706,0.736,6
6.06e-05,0.451,194227,0.815,0,0.0,2,0.27,-5.55,0,67,0.0368,147.974,0.618,2
0.629,0.682,331377,0.187,0,1.77e-05,7,0.162,-21.079,1,0,0.956,100.358,0.35100000000000003,9
0.00897,0.368,238933,0.6579999999999999,0,0.0,2,0.274,-7.678,1,29,0.0521,140.989,0.64,5
0.443,0.621,303200,0.265,0,0.0,4,0.0985,-14.062,1,28,0.0343,100.02,0.195,4
0.192,0.7559999999999999,267800,0.7909999999999999,1,0.0,1,0.107,-5.477,0,39,0.0323,130.019,0.526,2
0.675,0.552,505707,0.498,0,0.000264,5,0.0913,-8.531,1,15,0.0371,131.847,0.439,6
0.0308,0.792,233413,0.7959999999999999,0,0.0,0,0.354,-5.502999999999999,1,47,0.0973,117.514,0.8240000000000001,2
0.0015,0.467,269280,0.807,0,1.97e-05,10,0.121,-5.257999999999999,0,40,0.033,70.97800000000002,0.4270000000000001,2
0.622,0.6,165077,0.479,0,0.0,4,0.09,-10.661,1,11,0.175,84.279,0.969,7
0.585,0.489,141440,0.591,0,0.0,7,0.687,-5.675,1,15,0.0273,98.225,0.7090000000000001,6
0.406,0.653,232053,0.828,0,0.0,5,0.11,-4.502,0,67,0.312,75.684,0.7090000000000001,1
0.0205,0.414,214800,0.601,0,0.0107,9,0.0876,-9.978,1,31,0.0296,132.055,0.403,5
0.00108,0.329,343400,0.6579999999999999,0,1.56e-06,9,0.0805,-5.57,1,56,0.0373,141.123,0.28800000000000003,2
0.371,0.67,200133,0.494,0,0.0,4,0.511,-10.818,1,22,0.0962,123.117,0.799,4
0.994,0.471,30587,0.314,0,0.8540000000000001,7,0.158,-16.222,1,0,0.0615,128.72,0.521,8
0.0298,0.305,207160,0.994,0,0.0,7,0.35200000000000004,-2.593,1,35,0.199,163.02100000000004,0.29,2
5.81e-05,0.5660000000000001,194733,0.909,1,0.000254,7,0.0981,-4.184,1,54,0.0637,121.966,0.275,2
0.0421,0.546,215933,0.9,0,4.57e-05,5,0.292,-6.728,1,68,0.0691,90.591,0.447,5
0.991,0.465,151187,0.284,0,0.0225,9,0.146,-17.776,1,0,0.0591,98.336,0.7909999999999999,10
0.966,0.413,144880,0.149,0,0.0,0,0.166,-13.619000000000002,1,0,0.0552,106.093,0.299,7
0.0341,0.527,323733,0.687,0,0.000633,2,0.07,-9.764,1,37,0.0541,133.465,0.672,5
0.0849,0.913,242000,0.631,1,3.52e-06,5,0.142,-6.527,0,44,0.16899999999999998,148.054,0.7659999999999999,3
0.403,0.628,215507,0.8340000000000001,0,0.0,6,0.051,-6.341,0,60,0.0497,97.865,0.626,2
0.914,0.4370000000000001,126067,0.335,0,0.0246,2,0.0921,-9.001,1,35,0.033,118.015,0.112,5
0.727,0.454,223667,0.18600000000000005,0,5.49e-06,1,0.0783,-16.281,1,51,0.031,136.173,0.303,4
0.122,0.5770000000000001,179955,0.758,0,0.0,3,0.121,-8.166,1,71,0.0586,99.969,0.493,1
0.659,0.27,192122,0.377,0,0.000134,7,0.659,-12.66,1,22,0.0332,115.281,0.491,5
0.631,0.129,241067,0.358,0,0.0,10,0.0886,-6.596,1,59,0.0314,75.048,0.172,2
0.946,0.311,416693,0.153,0,0.0051,9,0.0518,-16.363,0,50,0.0403,123.0,0.157,6
0.94,0.404,115933,0.117,0,3.950000000000001e-05,9,0.07200000000000001,-20.039,1,25,0.0322,90.536,0.239,5
0.474,0.727,124160,0.466,0,1.96e-06,0,0.373,-12.999,1,22,0.0354,131.404,0.962,5
0.307,0.507,142933,0.8190000000000001,0,2.18e-06,7,0.0999,-1.995,1,28,0.0352,133.11700000000002,0.304,5
0.931,0.273,329000,0.328,0,0.914,5,0.212,-15.38,0,33,0.0315,179.866,0.5,6
0.64,0.792,163307,0.289,0,0.0021100000000000003,7,0.108,-11.851,1,53,0.058,113.618,0.355,5
0.908,0.7070000000000001,688213,0.183,0,0.0,0,0.237,-16.063,1,0,0.94,80.658,0.354,8
0.645,0.396,163333,0.418,0,0.0,9,0.257,-7.526,1,43,0.0403,156.875,0.469,3
0.364,0.452,346373,0.507,0,0.004220000000000001,8,0.175,-11.49,1,42,0.0334,130.584,0.513,5
0.958,0.481,174160,0.268,0,0.8690000000000001,7,0.139,-15.414,0,0,0.0582,69.113,0.672,8
0.342,0.634,172000,0.273,0,0.0686,9,0.121,-18.638,1,28,0.0366,89.492,0.779,4
0.328,0.524,283333,0.241,0,8.290000000000001e-05,7,0.146,-15.457,0,9,0.0321,141.809,0.66,6
0.312,0.725,193387,0.73,0,0.0,9,0.161,-6.5139999999999985,1,47,0.0299,100.021,0.805,4
0.471,0.424,283467,0.584,0,0.0,9,0.18600000000000005,-15.342,1,35,0.103,120.435,0.629,5
0.82,0.234,188400,0.332,0,0.0,5,0.565,-9.335,1,34,0.0349,128.567,0.211,6
0.986,0.341,54547,0.17800000000000002,0,0.928,0,0.107,-25.284,1,0,0.0464,86.71,0.195,8
0.0288,0.7490000000000001,238773,0.436,0,0.201,9,0.114,-11.99,1,54,0.0393,106.171,0.16699999999999998,2
0.0513,0.29100000000000004,463667,0.64,0,0.0,4,0.426,-6.269,1,49,0.0696,82.95700000000002,0.229,1
0.853,0.596,229573,0.313,0,0.201,9,0.0601,-13.487,1,55,0.044,82.06700000000002,0.489,5
0.0083,0.7240000000000001,166533,0.934,0,9e-05,7,0.0782,-5.271,1,43,0.0887,104.027,0.857,3
0.217,0.7,121680,0.546,0,7.020000000000001e-05,0,0.166,-9.567,1,30,0.0622,102.634,0.532,6
0.99,0.435,168667,0.188,0,0.8809999999999999,8,0.0926,-15.398,1,1,0.0366,115.061,0.292,8
0.488,0.785,399733,0.758,0,0.000679,4,0.287,-9.412,1,30,0.0525,118.661,0.7859999999999999,4
0.085,0.68,114723,0.214,1,0.0,6,0.152,-18.359,1,0,0.943,88.994,0.8109999999999999,10
0.16,0.529,207360,0.496,0,1.21e-05,4,0.42,-11.954,1,32,0.0393,69.98100000000001,0.312,4
0.873,0.591,184640,0.416,0,0.0572,4,0.109,-12.466,0,17,0.0487,117.529,0.966,7
0.742,0.303,238333,0.0999,0,0.0014,11,0.126,-17.637,1,36,0.033,72.967,0.087,5
0.462,0.684,160138,0.416,0,0.0,4,0.384,-12.967,1,46,0.0536,142.385,0.738,3
0.206,0.544,299253,0.86,0,0.00108,0,0.213,-6.151,0,46,0.0489,127.129,0.284,4
4.35e-05,0.503,198320,0.958,1,0.0136,11,0.12,-3.522,0,51,0.104,184.09,0.399,2
0.99,0.411,169133,0.349,0,7.78e-06,0,0.194,-6.751,1,2,0.0338,90.264,0.294,9
0.98,0.45,154776,0.287,0,1.58e-06,0,0.147,-12.939,1,0,0.0708,161.748,0.593,9
0.373,0.6609999999999999,203493,0.7829999999999999,0,0.0,11,0.191,-8.395,1,25,0.0367,124.329,0.878,5
0.0582,0.386,253160,0.895,0,0.0,3,0.192,-6.655,1,25,0.0648,125.588,0.431,4
0.31,0.626,118700,0.0861,1,0.0,11,0.693,-17.933,0,0,0.953,176.34900000000005,0.735,8
0.151,0.7,112888,0.16899999999999998,1,0.0,11,0.313,-18.5,0,0,0.943,137.858,0.716,9
0.7709999999999999,0.309,132600,0.299,0,0.0,9,0.135,-11.718,1,16,0.0631,182.697,0.394,6
0.209,0.725,149640,0.821,0,1.12e-05,7,0.415,-9.008,0,30,0.0421,131.149,0.828,4
3.27e-05,0.259,178548,0.923,0,0.0,10,0.248,-2.684,0,53,0.0708,90.644,0.64,1
0.369,0.449,279464,0.494,0,0.0032700000000000003,5,0.0928,-7.4,0,19,0.0341,112.002,0.299,6
0.657,0.446,233440,0.401,0,0.0,1,0.127,-11.232,1,56,0.382,82.94200000000002,0.647,2
0.0693,0.564,287000,0.945,0,8.13e-05,6,0.376,-2.834,0,56,0.0604,109.971,0.22,1
0.157,0.611,178440,0.853,0,0.0,2,0.102,-10.422,1,22,0.0424,146.825,0.828,5
0.16899999999999998,0.5579999999999999,156973,0.942,0,0.0,11,0.111,-9.028,0,24,0.0622,157.292,0.818,5
0.147,0.62,182867,0.954,0,7.43e-06,2,0.55,-10.629,1,25,0.0326,145.863,0.58,4
0.963,0.212,177333,0.301,0,0.0033,2,0.13,-12.505,1,63,0.0384,84.025,0.0798,5
0.0683,0.6729999999999999,205373,0.841,0,0.0,7,0.0965,-3.564,1,68,0.0557,97.027,0.94,2
0.13,0.813,455067,0.446,0,0.0405,1,0.0865,-11.328,0,41,0.243,82.587,0.603,2
0.911,0.438,173093,0.0124,0,6.709999999999999e-05,4,0.11,-23.34,1,26,0.0516,71.937,0.13699999999999998,6
0.0157,0.4370000000000001,297627,0.812,0,0.000103,2,0.108,-7.143,1,43,0.0318,81.541,0.43,3
0.009000000000000001,0.72,204640,0.672,0,0.0,7,0.232,-6.852,1,73,0.0551,124.986,0.705,2
0.953,0.7759999999999999,200973,0.478,0,0.0,11,0.35100000000000003,-9.773,1,0,0.399,79.497,0.517,10
0.884,0.605,151336,0.453,0,0.00124,0,0.366,-8.392999999999999,1,0,0.0418,136.534,0.8009999999999999,8
0.133,0.747,382067,0.509,0,0.0854,1,0.0208,-18.27,1,24,0.0794,104.786,0.895,4
0.5820000000000001,0.722,97840,0.759,0,0.0,2,0.805,-9.984,1,28,0.146,120.687,0.926,6
0.0017,0.344,160827,0.81,0,0.000409,11,0.119,-8.097999999999999,1,50,0.0448,153.80100000000004,0.667,5
0.112,0.655,179427,0.925,0,0.00412,9,0.326,-6.313,1,25,0.0644,131.208,0.705,5
0.096,0.624,201440,0.774,0,0.0309,7,0.096,-10.390999999999998,1,24,0.0315,117.006,0.917,5
0.0303,0.565,157453,0.931,1,0.0,9,0.191,-4.007,1,47,0.041,105.006,0.5920000000000001,2
0.00843,0.701,302760,0.515,0,0.025,10,0.0772,-6.551,1,55,0.0988,197.768,0.5489999999999999,4
0.0852,0.507,193867,0.611,0,0.0402,2,0.397,-10.167,1,38,0.0295,81.025,0.518,3
0.375,0.797,561600,0.5479999999999999,0,0.000983,6,0.6890000000000001,-9.487,0,44,0.119,132.454,0.8009999999999999,5
0.313,0.722,97140,0.226,1,0.0,7,0.4370000000000001,-19.923,1,0,0.914,115.741,0.624,10
0.134,0.28600000000000003,343933,0.5,0,4.57e-05,1,0.108,-14.281,0,67,0.0357,99.162,0.443,4
0.39,0.14300000000000002,208093,0.012,0,0.596,2,0.0781,-38.393,0,21,0.0409,73.555,0.0373,6
0.957,0.467,180193,0.142,0,1.7e-05,0,0.259,-11.735,1,0,0.065,92.178,0.5760000000000001,9
0.838,0.15,172840,0.309,0,0.00118,10,0.127,-10.924,1,0,0.031,168.493,0.106,8
0.0142,0.452,240126,0.913,0,3.11e-05,7,0.0655,-6.841,1,26,0.0487,135.86700000000002,0.449,5
0.937,0.7090000000000001,194747,0.705,0,0.7240000000000001,9,0.18,-7.332000000000002,1,1,0.0468,108.345,0.7170000000000001,8
0.956,0.644,172133,0.353,0,0.0,0,0.208,-10.402,1,0,0.0491,87.05,0.7929999999999999,10
0.000878,0.441,268387,0.88,0,0.00984,7,0.325,-6.119,1,33,0.05,103.173,0.454,4
0.182,0.711,308360,0.7709999999999999,0,0.333,9,0.242,-6.932,0,49,0.0275,135.179,0.765,4
0.371,0.445,337459,0.473,0,0.0,11,0.117,-8.333,1,53,0.0272,141.862,0.294,1
0.00604,0.405,223467,0.588,0,5.89e-06,0,0.136,-8.317,1,36,0.0255,156.002,0.672,5
0.142,0.644,202667,0.8109999999999999,0,0.000629,11,0.16899999999999998,-7.681,1,62,0.0499,154.903,0.831,1
0.327,0.4270000000000001,231373,0.569,0,0.0162,2,0.11,-10.088,0,45,0.0285,186.608,0.774,2
0.131,0.5429999999999999,204747,0.545,0,0.0,9,0.318,-4.519,1,41,0.031,127.977,0.63,2
0.63,0.601,146707,0.47,0,6.99e-05,5,0.281,-13.341,0,28,0.0291,110.735,0.88,6
3.5600000000000005e-05,0.498,235653,0.841,0,0.224,0,0.136,-5.239,1,49,0.0362,94.047,0.397,1
0.0018,0.5820000000000001,263280,0.8640000000000001,0,0.0005780000000000001,4,0.17,-6.356,1,51,0.026,106.191,0.89,3
0.737,0.453,231253,0.857,0,0.00141,11,0.29,-4.279,0,31,0.0654,136.231,0.816,6
0.301,0.513,228693,0.6759999999999999,0,0.0,9,0.0864,-6.148,0,62,0.0309,116.592,0.311,4
0.48,0.6940000000000001,212312,0.7959999999999999,1,0.000384,6,0.108,-4.164,1,80,0.0565,93.064,0.515,0
0.445,0.301,254253,0.626,0,0.0,9,0.327,-7.5,1,50,0.0437,176.396,0.418,5
0.7070000000000001,0.366,146520,0.461,0,0.0,0,0.101,-11.715,1,25,0.0959,175.30700000000004,0.624,6
0.853,0.703,175227,0.6579999999999999,0,0.0,9,0.6579999999999999,-13.699000000000002,1,22,0.943,98.393,0.444,5
0.868,0.3670000000000001,343827,0.259,0,0.8370000000000001,5,0.11,-15.669,0,48,0.0408,165.19299999999996,0.263,6
0.0142,0.417,388067,0.845,0,0.809,5,0.221,-5.502000000000002,1,47,0.031,114.467,0.454,2
0.3670000000000001,0.586,253507,0.792,0,5.94e-06,4,0.274,-6.747000000000001,0,36,0.0372,135.565,0.4970000000000001,4
0.962,0.371,160840,0.122,0,0.0,2,0.174,-16.532,1,1,0.0479,67.375,0.199,8
0.0238,0.7140000000000001,104125,0.173,1,1.16e-05,5,0.0948,-21.346,0,0,0.893,121.029,0.542,8
0.0236,0.659,329907,0.816,0,0.0816,7,0.0521,-9.678,1,45,0.0386,111.195,0.6679999999999999,3
0.6609999999999999,0.589,277013,0.424,0,0.162,10,0.7040000000000001,-12.161,1,30,0.0509,142.023,0.685,5
0.7909999999999999,0.465,318493,0.269,0,7.51e-06,0,0.139,-12.14,1,55,0.0311,131.391,0.184,1
0.701,0.35200000000000004,697480,0.253,0,0.804,9,0.192,-15.997,1,0,0.0414,107.173,0.154,7
0.964,0.394,308227,0.0883,0,0.00137,5,0.0807,-20.867,1,48,0.0538,121.678,0.0914,2
0.995,0.635,187159,0.213,0,0.418,8,0.105,-10.591,0,0,0.45,132.46200000000002,0.873,8
0.0358,0.506,206213,0.838,0,0.0,4,0.256,-5.685,0,50,0.0417,140.077,0.248,1
0.249,0.622,212307,0.784,0,0.0,4,0.121,-4.5760000000000005,1,41,0.0342,115.958,0.727,3
0.992,0.877,207393,0.21,0,0.168,2,0.27,-10.313,0,0,0.251,123.078,0.6659999999999999,8
0.0173,0.528,213360,0.728,0,1.14e-06,2,0.403,-4.952,1,47,0.0264,144.046,0.398,1
0.0544,0.8059999999999999,162160,0.489,0,2.88e-05,0,0.0696,-12.898,1,32,0.104,123.753,0.899,6
0.171,0.594,147280,0.738,0,2.64e-05,9,0.108,-7.077000000000001,0,47,0.0305,90.474,0.7709999999999999,6
0.532,0.6940000000000001,252640,0.4920000000000001,0,0.000114,5,0.333,-15.029000000000002,1,29,0.0313,117.829,0.965,4
0.0974,0.846,231001,0.879,0,0.0252,0,0.35,-6.25,1,57,0.0303,130.01,0.901,3
0.8590000000000001,0.6,150507,0.242,0,0.0,2,0.161,-8.663,1,34,0.027000000000000003,96.063,0.389,4
0.16899999999999998,0.36,260360,0.5820000000000001,0,0.00022,2,0.521,-13.991,1,36,0.0377,135.029,0.217,4
0.993,0.494,195773,0.375,0,0.17600000000000002,1,0.16,-10.885,1,0,0.0465,80.226,0.7659999999999999,8
0.969,0.411,207827,0.26,0,0.000156,0,0.332,-12.26,1,0,0.048,119.685,0.124,7
0.246,0.56,250267,0.568,0,0.00022,6,0.139,-9.111,1,50,0.029,166.56799999999996,0.374,3
0.211,0.502,426373,0.648,0,0.0506,9,0.281,-11.275,1,35,0.044,101.918,0.517,3
0.249,0.507,188920,0.395,0,0.0006190000000000001,9,0.147,-10.955,1,52,0.0371,97.272,0.457,4
0.22,0.638,143713,0.539,1,0.0,10,0.241,-5.853,1,65,0.0504,83.381,0.247,1
0.993,0.45,18533,0.109,0,0.031,2,0.142,-17.95,0,0,0.0502,155.754,0.926,8
0.8909999999999999,0.454,300187,0.207,0,0.0334,11,0.101,-14.445,0,54,0.0382,82.081,0.337,2
0.338,0.608,326800,0.6579999999999999,0,0.0,10,0.21600000000000005,-6.2029999999999985,1,45,0.0542,153.269,0.899,2
0.995,0.37,82147,0.245,0,0.945,0,0.111,-20.333,1,0,0.0763,204.082,0.476,7
0.00018,0.435,251293,0.91,0,1.36e-06,2,0.141,-3.222,1,45,0.0515,131.963,0.308,2
0.995,0.713,183200,0.231,0,0.0,7,0.436,-13.375,1,5,0.067,108.482,0.675,10
0.0188,0.5379999999999999,348053,0.742,0,0.09,11,0.0749,-7.923999999999999,0,43,0.038,150.029,0.273,3
0.0747,0.851,172657,0.494,1,0.0,1,0.334,-5.641,1,63,0.366,163.063,0.508,0
0.018000000000000002,0.664,290467,0.769,0,0.000166,9,0.0771,-5.295,1,50,0.0374,82.88,0.526,3
0.991,0.39,167741,0.129,0,0.0,6,0.466,-15.216,1,0,0.0453,96.6,0.181,7
0.7170000000000001,0.5429999999999999,115147,0.657,0,0.0807,0,0.297,-8.072000000000001,0,0,0.0636,112.013,0.861,7
0.374,0.299,575653,0.584,0,0.126,5,0.073,-5.984,1,52,0.0334,133.71200000000002,0.183,5
0.00676,0.435,216893,0.8370000000000001,0,0.0,3,0.117,-8.126,1,69,0.449,124.913,0.778,1
0.337,0.762,169533,0.465,0,0.000186,9,0.0931,-12.389,1,32,0.0278,94.642,0.851,5
0.0318,0.434,222333,0.8440000000000001,0,3.31e-06,2,0.117,-9.429,1,50,0.0722,87.61200000000002,0.4320000000000001,3
0.464,0.631,197707,0.313,0,1.8100000000000006e-05,7,0.315,-16.611,1,30,0.0297,130.95600000000002,0.6890000000000001,3
0.0617,0.394,304173,0.589,0,0.0108,0,0.0941,-9.379,0,40,0.0398,122.597,0.159,5
0.0232,0.614,276527,0.905,0,1.3800000000000007e-05,9,0.375,-4.56,1,50,0.0321,119.021,0.933,5
0.461,0.575,226733,0.487,0,0.27,8,0.0896,-14.243,1,16,0.0681,145.769,0.7440000000000001,6
0.418,0.184,67574,0.201,0,7.72e-05,4,0.196,-18.145,1,44,0.0378,68.84,0.0697,4
0.952,0.4270000000000001,192733,0.395,0,0.901,5,0.6559999999999999,-17.548,0,12,0.0451,109.019,0.261,7
0.8370000000000001,0.408,542360,0.236,0,0.6579999999999999,0,0.339,-16.546,1,20,0.0365,172.46400000000003,0.398,6
0.986,0.361,130480,0.292,0,0.887,1,0.151,-16.073,0,36,0.0362,72.153,0.338,7
0.00395,0.622,249773,0.618,0,0.000221,11,0.277,-12.864,0,36,0.0312,119.517,0.83,4
0.785,0.276,230787,0.386,0,3.35e-05,0,0.0827,-13.194,1,43,0.0312,81.113,0.405,5
0.991,0.53,282200,0.114,0,0.902,7,0.13699999999999998,-18.069000000000006,1,42,0.0475,92.249,0.369,2
0.0644,0.654,253200,0.648,0,0.0,7,0.194,-7.5,1,57,0.0253,136.009,0.71,2
0.526,0.483,186707,0.299,0,0.000105,6,0.0949,-13.211,1,44,0.181,174.72099999999998,0.762,2
0.00314,0.58,182400,0.94,0,0.0426,2,0.113,-3.0380000000000003,1,54,0.5670000000000001,149.99,0.362,1
0.247,0.6809999999999999,279850,0.4970000000000001,0,0.00804,9,0.231,-13.194,1,36,0.0525,122.894,0.479,5
0.718,0.647,169560,0.371,0,0.0,0,0.345,-14.437,1,44,0.0389,83.31200000000003,0.916,4
0.542,0.7440000000000001,124200,0.233,0,0.0,0,0.293,-17.312,1,1,0.95,116.568,0.411,7
0.977,0.337,584827,0.076,0,0.89,7,0.252,-19.241,1,0,0.0422,91.376,0.23,8
0.99,0.6509999999999999,122973,0.0708,0,4.88e-06,7,0.122,-15.267,1,0,0.147,125.644,0.635,7
0.807,0.188,155200,0.163,0,0.0,0,0.239,-13.834,1,23,0.0326,168.275,0.313,7
0.0405,0.856,278200,0.696,1,8.75e-06,6,0.0901,-3.51,1,58,0.226,89.738,0.718,3
0.131,0.915,238693,0.63,0,0.000266,9,0.11,-6.996,0,30,0.0334,105.996,0.969,4
0.956,0.575,198735,0.359,0,0.00024900000000000004,9,0.302,-7.775,1,0,0.0268,99.035,0.6759999999999999,8
0.898,0.634,388907,0.277,0,2.89e-05,2,0.7659999999999999,-15.308,1,26,0.0553,106.774,0.483,5
0.6940000000000001,0.498,160373,0.35200000000000004,0,3.19e-06,7,0.584,-11.425999999999998,1,24,0.0297,108.123,0.701,7
0.868,0.442,139027,0.371,0,0.0,11,0.0733,-9.759,1,41,0.0282,93.039,0.38,6
0.0663,0.613,280107,0.7290000000000001,0,0.909,5,0.0869,-8.314,0,38,0.0334,97.922,0.78,3
0.902,0.664,154787,0.506,0,0.759,11,0.0779,-13.045,1,27,0.053,156.58,0.944,6
0.00533,0.21,301733,0.933,0,0.855,7,0.12,-7.831,1,30,0.0907,136.842,0.324,4
0.993,0.48,187933,0.0905,0,0.943,11,0.39,-22.243,1,0,0.0834,70.285,0.542,7
0.794,0.568,150395,0.34,0,0.000439,9,0.125,-8.162,1,27,0.0251,92.269,0.56,5
0.535,0.35200000000000004,265680,0.7859999999999999,0,0.000572,3,0.109,-5.709,1,43,0.0538,151.314,0.523,5
0.101,0.626,223190,0.4920000000000001,0,0.203,7,0.109,-8.787,1,0,0.0299,94.799,0.382,8
0.984,0.218,583000,0.11,0,0.887,2,0.0995,-23.744,1,34,0.0419,90.722,0.0747,3
0.984,0.238,193000,0.053,0,0.00111,1,0.0672,-20.676,1,0,0.0472,142.836,0.0377,8
0.995,0.327,226600,0.173,0,0.93,3,0.124,-17.198,1,0,0.0403,95.155,0.14800000000000002,7
0.121,0.589,169600,0.588,0,0.0396,10,0.179,-13.29,1,48,0.0334,151.033,0.81,2
0.22,0.569,266933,0.483,0,0.0,11,0.0856,-9.908,1,34,0.0358,75.958,0.713,5
0.393,0.65,201133,0.741,0,0.000336,9,0.0304,-8.965,0,18,0.0938,164.043,0.875,5
0.8740000000000001,0.485,161187,0.139,0,0.00015900000000000002,8,0.0727,-10.913,1,20,0.0331,101.715,0.384,6
0.265,0.421,235827,0.58,0,0.0136,7,0.0973,-7.011,1,54,0.0285,129.959,0.403,6
0.5710000000000001,0.472,202973,0.645,0,0.0112,5,0.111,-11.294,1,31,0.0365,148.606,0.6659999999999999,6
0.973,0.362,161147,0.0768,0,2.23e-05,2,0.187,-17.833,1,0,0.0406,116.863,0.307,7
0.877,0.166,240933,0.0855,0,0.4,6,0.12,-16.63,1,0,0.0456,113.339,0.0331,7
0.0358,0.643,100600,0.8029999999999999,0,1.16e-05,7,0.229,-7.7029999999999985,1,25,0.0414,123.283,0.966,4
0.5,0.501,152173,0.685,0,0.0,5,0.953,-7.349,1,57,0.0325,105.468,0.382,3
0.0459,0.472,218573,0.97,0,1.22e-06,1,0.121,-2.9160000000000004,1,48,0.0448,171.954,0.82,1
0.166,0.916,255773,0.8490000000000001,0,0.000193,3,0.0859,-5.034,0,57,0.0639,121.002,0.974,2
0.00358,0.687,240160,0.625,0,0.019,7,0.635,-9.114,0,29,0.0309,105.107,0.802,5
0.8240000000000001,0.267,235800,0.417,0,0.000961,5,0.087,-8.79,1,42,0.0283,142.595,0.331,5
0.863,0.846,176400,0.27,0,0.0,5,0.158,-10.561,1,26,0.175,120.934,0.59,7
0.00663,0.561,247027,0.954,0,0.034,8,0.0892,-3.067,0,28,0.105,120.829,0.388,4
0.933,0.159,203301,0.257,0,0.889,9,0.099,-18.377,0,46,0.0386,177.28,0.0664,5
0.988,0.521,313253,0.0889,0,0.182,4,0.0965,-19.457,1,64,0.0507,115.43,0.0479,1
0.722,0.691,135053,0.675,0,0.0203,4,0.114,-8.982999999999997,1,37,0.0432,104.188,0.956,7
0.0184,0.5529999999999999,146387,0.693,0,0.000567,2,0.228,-7.499,1,18,0.0276,90.692,0.7120000000000001,6
0.0504,0.445,494627,0.789,0,0.00214,2,0.106,-8.107999999999999,1,38,0.0726,113.644,0.565,5
0.938,0.392,197747,0.124,0,0.0,2,0.134,-15.154000000000002,0,55,0.0424,122.422,0.141,4
7.31e-06,0.474,193093,0.848,0,0.0795,1,0.0715,-8.201,1,49,0.0572,139.97799999999998,0.441,3
0.987,0.37,390867,0.00839,0,1.43e-06,3,0.102,-28.829,1,0,0.0486,102.023,0.428,7
0.155,0.762,202360,0.51,0,0.0008470000000000001,7,0.0815,-6.733,1,37,0.041,105.772,0.632,2
0.843,0.385,171947,0.224,0,6.56e-06,3,0.27,-12.473,1,21,0.032,103.388,0.57,6
0.247,0.476,242467,0.407,0,0.0,4,0.14400000000000002,-9.239,0,53,0.0368,178.25799999999995,0.226,2
0.308,0.696,227427,0.583,1,0.0,3,0.0964,-9.351,0,66,0.301,137.079,0.524,1
0.00822,0.6679999999999999,283653,0.628,1,0.0,6,0.145,-5.327000000000001,0,58,0.205,131.88,0.621,1
0.813,0.8059999999999999,143067,0.785,0,0.0,7,0.212,-6.3,1,10,0.16,120.538,0.893,7
0.983,0.363,54479,0.14400000000000002,0,0.955,0,0.146,-21.252,1,0,0.0324,142.405,0.42,9
0.368,0.55,432040,0.49,0,9.96e-05,2,0.917,-10.732,1,61,0.0572,74.656,0.609,3
0.5489999999999999,0.713,248200,0.7340000000000001,1,0.0,0,0.0687,-4.894,0,64,0.325,172.87099999999995,0.8909999999999999,2
0.192,0.743,209423,0.72,1,0.000386,11,0.109,-3.753,1,65,0.124,163.99,0.519,1
0.5660000000000001,0.5429999999999999,906000,0.6759999999999999,0,0.419,0,0.708,-9.871,1,3,0.0798,106.929,0.833,7
0.116,0.7090000000000001,687493,0.475,0,0.0,1,0.208,-10.823,1,42,0.131,125.818,0.526,3
0.991,0.161,102360,0.00203,0,0.222,9,0.157,-16.915,0,10,0.0422,87.306,0.0346,7
0.585,0.524,193800,0.564,0,0.0,4,0.187,-16.541,1,32,0.139,139.874,0.473,3
0.224,0.919,130707,0.674,0,0.35700000000000004,5,0.116,-8.474,1,31,0.0371,112.682,0.789,3
0.642,0.456,152600,0.713,0,0.0,0,0.0705,-9.163,1,27,0.268,99.608,0.68,7
0.826,0.65,144667,0.187,0,0.0,7,0.13,-13.775,1,10,0.0673,120.663,0.708,7
0.748,0.555,264067,0.65,0,0.0,3,0.341,-12.277,1,5,0.484,110.51,0.442,7
0.747,0.163,527147,0.338,0,0.687,7,0.0749,-12.664,1,25,0.0344,96.957,0.0386,4
0.000719,0.371,284520,0.912,0,0.902,2,0.236,-9.896,1,33,0.0907,82.40700000000002,0.359,3
0.883,0.213,226573,0.35700000000000004,0,0.98,8,0.112,-13.98,1,0,0.0726,215.218,0.246,9
0.0514,0.311,347867,0.939,0,4.65e-06,4,0.371,-4.106,0,28,0.162,187.951,0.15,4
0.926,0.517,154453,0.185,0,0.0,5,0.175,-7.601,1,9,0.0315,109.907,0.521,7
0.958,0.292,67000,0.153,0,0.0118,7,0.195,-19.542,1,0,0.0452,70.745,0.521,7
0.00274,0.267,217133,0.931,1,8.340000000000001e-05,2,0.316,-4.087,1,47,0.305,159.759,0.117,3
0.925,0.657,465267,0.338,0,0.747,5,0.107,-9.874,0,14,0.0369,122.718,0.328,6
0.593,0.499,187253,0.508,0,5.07e-05,5,0.705,-9.605,1,24,0.031,131.346,0.459,5
0.647,0.5760000000000001,175333,0.282,0,0.0,8,0.0378,-19.255,1,33,0.0387,125.927,0.816,6
0.638,0.433,174213,0.407,0,0.774,8,0.115,-10.792,1,2,0.0479,163.967,0.688,7
0.0276,0.386,260680,0.925,0,0.000215,2,0.0375,-4.175,1,51,0.115,158.15,0.336,2
0.0187,0.775,249960,0.583,0,0.0416,9,0.0263,-13.29,0,43,0.0433,125.084,0.647,4
0.195,0.732,210640,0.64,0,0.0,9,0.191,-8.11,1,63,0.0505,117.997,0.7859999999999999,2
0.992,0.295,153733,0.2,0,0.961,7,0.225,-19.936,1,0,0.0368,137.284,0.475,8
0.701,0.473,150000,0.434,0,0.0,2,0.628,-10.02,1,61,0.0257,94.814,0.711,6
0.988,0.456,200280,0.103,0,1.87e-06,7,0.107,-12.43,0,18,0.0389,103.939,0.28800000000000003,7
0.000954,0.47,193000,0.915,0,7.58e-06,11,0.35,-6.787000000000001,1,60,0.1,107.569,0.69,3
0.119,0.725,272533,0.7829999999999999,0,2.18e-06,10,0.354,-6.1389999999999985,0,33,0.037000000000000005,107.82,0.693,2
0.315,0.305,26640,1.0,0,0.7170000000000001,9,0.366,-20.422,0,0,0.237,123.257,1e-05,9
0.000152,0.19,228587,0.971,0,0.845,9,0.0548,-5.581,1,32,0.224,96.523,0.115,4
0.00214,0.5489999999999999,311880,0.691,0,1.6800000000000002e-05,6,0.0651,-8.847000000000003,0,26,0.0339,119.881,0.345,4
0.6709999999999999,0.711,161107,0.275,0,0.0,3,0.109,-10.291,1,9,0.539,113.44,0.529,6
0.268,0.593,220333,0.331,0,1.57e-05,7,0.297,-9.704,1,41,0.0272,143.423,0.262,3
0.989,0.21,175200,0.254,0,0.937,4,0.115,-11.831,0,24,0.0334,87.64299999999999,0.139,9
0.6609999999999999,0.77,163200,0.565,0,0.0,7,0.103,-12.457,1,37,0.0658,126.459,0.836,4
1.13e-05,0.435,217173,0.895,0,0.0318,10,0.19,-8.7,1,55,0.0421,119.659,0.6679999999999999,3
0.527,0.741,180067,0.737,0,0.0,0,0.0852,-3.294,1,44,0.0846,150.19299999999996,0.969,2
0.8909999999999999,0.5589999999999999,156560,0.261,0,0.0,8,0.107,-12.836,1,15,0.0693,86.62200000000001,0.552,6
4.86e-05,0.424,215840,0.6559999999999999,0,0.747,2,0.0915,-7.667999999999997,0,39,0.0307,108.988,0.0558,5
0.0703,0.418,190907,0.503,0,0.282,7,0.262,-14.863,1,27,0.0333,163.172,0.726,5
0.00827,0.378,213133,0.985,0,0.0,0,0.534,-3.86,1,50,0.262,193.035,0.41,2
0.000207,0.602,431507,0.7929999999999999,0,0.0476,10,0.6859999999999999,-10.462,0,46,0.0946,127.016,0.35,2
0.00378,0.583,196507,0.629,0,0.0436,0,0.11,-7.637,1,41,0.0318,173.227,0.354,4
0.0733,0.685,305693,0.604,0,2.89e-06,1,0.0809,-9.285,1,40,0.0299,105.879,0.8540000000000001,5
0.0106,0.5529999999999999,287987,0.763,0,2.78e-05,1,0.217,-7.26,1,47,0.07200000000000001,136.749,0.612,2
0.905,0.327,202867,0.298,0,0.0,3,0.109,-11.153,1,18,0.041,128.629,0.353,6
0.991,0.763,204067,0.199,0,0.00015900000000000002,6,0.71,-13.167,1,0,0.0668,119.967,0.747,9
0.0116,0.945,142945,0.638,1,0.0,1,0.0894,-7.662000000000001,1,62,0.0774,100.011,0.441,0
0.6579999999999999,0.607,175200,0.5920000000000001,0,0.0001,0,0.156,-10.374,1,38,0.0446,94.028,0.974,3
0.779,0.757,102713,0.804,0,0.0,0,0.393,-7.71,1,18,0.228,104.276,0.867,5
0.562,0.569,190250,0.715,0,0.00018,4,0.0447,-9.68,1,2,0.39,144.004,0.901,9
0.907,0.337,173707,0.336,0,3.91e-06,0,0.68,-7.651,1,29,0.035,139.6,0.396,6
0.8690000000000001,0.308,274440,0.0207,0,0.000521,3,0.0829,-33.494,1,0,0.0504,127.83,0.0969,8
0.227,0.334,213467,0.732,0,0.0796,5,0.5,-11.836,1,22,0.0409,129.88299999999998,0.419,5
0.0096,0.772,263427,0.721,0,5.85e-06,6,0.0869,-6.651,0,42,0.0777,118.021,0.62,2
0.0794,0.6940000000000001,197720,0.669,1,0.0,8,0.29600000000000004,-5.143,0,51,0.115,128.083,0.522,1
0.901,0.5,236907,0.295,0,0.0,10,0.104,-7.894,1,68,0.0307,135.076,0.273,1
0.0527,0.619,381954,0.515,1,0.000858,5,0.105,-12.188,0,43,0.181,192.72,0.0715,3
8.46e-06,0.358,283867,0.758,0,0.242,3,0.325,-12.561,1,34,0.0509,140.635,0.0882,3
0.126,0.5589999999999999,292733,0.654,0,0.00015900000000000002,4,0.979,-7.977,1,31,0.0312,110.164,0.623,5
0.725,0.654,212680,0.394,0,0.0,3,0.0832,-7.11,1,63,0.0327,150.08100000000005,0.7759999999999999,1
0.964,0.41,292293,0.214,0,0.895,0,0.114,-16.492,0,32,0.0404,185.959,0.473,6
0.47,0.715,198587,0.456,0,4.72e-05,2,0.281,-14.894,1,54,0.036000000000000004,126.185,0.75,4
0.5329999999999999,0.414,226000,0.5539999999999999,0,0.00799,0,0.547,-11.212,1,23,0.0324,89.55799999999998,0.797,5
0.0198,0.562,388467,0.863,0,0.00287,2,0.4370000000000001,-11.173,1,21,0.151,120.114,0.14300000000000002,4
0.0539,0.517,238933,0.529,0,3.46e-05,2,0.322,-12.503,1,1,0.0398,117.005,0.7559999999999999,9
0.923,0.239,866333,0.25,0,0.748,10,0.227,-17.551,1,0,0.0405,138.94799999999998,0.114,8
0.333,0.772,224000,0.5329999999999999,0,0.0,0,0.0358,-7.475,0,40,0.132,85.76100000000002,0.86,3
0.8170000000000001,0.62,183427,0.34600000000000003,0,0.0015,0,0.695,-12.08,1,28,0.0545,81.84899999999998,0.127,5
0.8340000000000001,0.384,298067,0.183,0,0.007090000000000002,10,0.8640000000000001,-19.034,1,35,0.0486,97.595,0.608,7
0.0954,0.278,251507,0.747,0,0.000241,5,0.268,-5.586,1,40,0.0423,158.035,0.383,2
0.29100000000000004,0.402,175733,0.35600000000000004,0,0.0,5,0.245,-10.177,1,26,0.0618,176.735,0.7140000000000001,5
0.000144,0.278,459133,0.97,0,0.0481,10,0.966,-4.537,0,36,0.145,131.28799999999998,0.152,3
0.009000000000000001,0.23,283613,0.863,0,0.000682,10,0.219,-5.212999999999999,1,49,0.0854,79.648,0.4320000000000001,4
0.138,0.921,198800,0.555,0,0.0,10,0.0596,-8.668,1,48,0.102,107.978,0.96,1
0.954,0.354,175827,0.28600000000000003,0,8.79e-06,6,0.421,-10.176,1,6,0.0322,85.617,0.196,7
0.146,0.845,196800,0.866,0,5.8e-05,9,0.338,-4.25,1,42,0.14400000000000002,156.24200000000005,0.838,3
0.348,0.458,178901,0.6679999999999999,0,9.36e-05,9,0.376,-6.98,1,22,0.0412,81.645,0.456,6
0.973,0.504,151893,0.424,0,0.8290000000000001,5,0.18,-11.421,0,11,0.0531,203.04,0.883,9
0.976,0.386,411826,0.279,0,0.00222,1,0.355,-14.219,1,0,0.141,87.809,0.377,7
0.0186,0.679,237333,0.5489999999999999,0,0.00015800000000000002,2,0.195,-8.527000000000001,1,31,0.026,117.168,0.67,3
3.73e-05,0.453,334440,0.987,1,2.25e-06,11,0.0576,-2.298,0,53,0.0903,160.035,0.336,2
0.433,0.5329999999999999,146120,0.638,0,0.0,0,0.264,-7.947999999999999,1,21,0.0291,137.798,0.772,6
0.0395,0.716,185281,0.555,0,0.0,9,0.105,-7.57,1,69,0.0368,93.974,0.485,1
0.722,0.628,150680,0.55,0,0.0,7,0.16699999999999998,-10.866,1,26,0.128,116.382,0.946,6
0.11,0.515,169133,0.636,0,0.607,7,0.101,-7.049,1,25,0.0476,122.098,0.402,5
0.895,0.298,306533,0.221,0,0.0025,6,0.32299999999999995,-16.505,1,10,0.0381,91.907,0.243,6
0.899,0.504,93293,0.0351,0,0.0,8,0.223,-30.341,1,16,0.504,82.223,0.16399999999999998,9
0.866,0.449,188467,0.237,0,0.746,5,0.108,-14.229,1,0,0.0279,136.476,0.13699999999999998,8
0.931,0.359,210680,0.059,0,0.0,5,0.0653,-19.565,1,9,0.0347,69.208,0.152,6
0.281,0.85,285800,0.733,0,0.0,5,0.338,-5.3210000000000015,0,38,0.049,115.983,0.787,2
0.0208,0.8079999999999999,221027,0.726,1,0.276,10,0.129,-8.435,0,61,0.252,96.12,0.616,3
0.0136,0.377,293360,0.922,0,0.204,0,0.28,-3.4,1,68,0.056,153.404,0.394,0
0.831,0.639,176200,0.338,0,0.0464,5,0.0977,-12.317,1,13,0.0358,127.001,0.595,7
0.00976,0.66,224107,0.816,0,1.87e-05,0,0.59,-4.332,0,49,0.0344,127.97,0.66,1
0.669,0.642,258373,0.289,0,0.0,9,0.18,-9.918,1,67,0.0367,84.99600000000002,0.407,1
0.994,0.491,182086,0.226,0,0.00787,10,0.431,-11.769,1,0,0.0468,69.062,0.452,9
0.6759999999999999,0.557,174156,0.762,0,0.006,11,0.4270000000000001,-7.816,0,41,0.049,127.404,0.711,5
0.8640000000000001,0.24,156773,0.133,0,0.926,9,0.092,-22.72300000000001,0,31,0.0484,101.726,0.0492,5
0.00521,0.609,165441,0.885,0,1.15e-05,0,0.336,-5.4689999999999985,1,69,0.0642,124.959,0.76,1
0.476,0.6970000000000001,109800,0.135,1,0.0,7,0.487,-19.293,1,0,0.962,96.463,0.4320000000000001,8
0.395,0.507,181613,0.589,0,2e-05,10,0.106,-7.191,1,26,0.0277,95.805,0.723,6
0.946,0.483,271267,0.366,0,0.0291,7,0.456,-14.689,0,17,0.0454,93.392,0.8190000000000001,6
0.354,0.501,221573,0.354,0,2.66e-06,11,0.111,-13.031,0,65,0.177,86.289,0.301,1
0.061,0.6659999999999999,198733,0.6579999999999999,0,3.14e-05,2,0.0487,-12.609000000000002,1,29,0.044,133.075,0.903,5
0.973,0.379,166773,0.183,0,0.863,4,0.313,-12.922,0,8,0.0339,124.415,0.189,7
0.0122,0.5720000000000001,109533,0.843,0,0.742,11,0.0992,-12.046,0,44,0.0458,126.32,0.7170000000000001,4
0.018000000000000002,0.466,158213,0.833,0,3.48e-06,11,0.0405,-5.3020000000000005,0,34,0.047,94.404,0.77,6
0.00901,0.462,388467,0.848,0,0.0498,0,0.7759999999999999,-6.3370000000000015,1,37,0.107,127.82,0.545,3
0.0696,0.782,131761,0.659,1,0.0,1,0.168,-3.103,1,65,0.248,148.03,0.336,1
0.682,0.715,99193,0.115,1,0.0,2,0.317,-15.343,1,0,0.946,128.582,0.481,8
9.23e-05,0.455,203560,0.861,0,3.58e-05,5,0.0711,-6.2860000000000005,0,46,0.0397,105.982,0.5529999999999999,1
0.925,0.655,204720,0.424,0,0.0,6,0.18,-12.073,1,14,0.0441,134.007,0.884,6
0.989,0.225,209773,0.149,0,0.00015900000000000002,3,0.0838,-17.97,1,0,0.0477,86.913,0.0367,8
0.648,0.474,153933,0.338,0,0.0,0,0.13,-11.528,1,50,0.0299,154.596,0.81,7
0.6940000000000001,0.555,256933,0.452,0,0.0,0,0.0595,-9.636,1,63,0.0555,179.91299999999995,0.321,1
0.196,0.29100000000000004,264187,0.54,0,0.0,10,0.0732,-5.7070000000000025,0,60,0.0311,186.186,0.218,1
0.962,0.8370000000000001,165200,0.438,0,0.0946,9,0.13,-14.947,0,0,0.0646,121.926,0.7759999999999999,9
0.0418,0.722,390013,0.894,0,0.00374,7,0.11,-5.903,1,60,0.0325,113.003,0.396,2
0.227,0.303,207893,0.602,0,0.00355,5,0.171,-9.122,1,51,0.0372,145.629,0.364,5
0.993,0.529,46670,0.15,0,0.281,7,0.284,-13.4,1,0,0.155,73.346,0.6609999999999999,8
0.953,0.478,194493,0.043,0,6.21e-06,8,0.135,-15.865,1,3,0.0387,78.938,0.222,7
0.0948,0.192,466320,0.985,0,0.00343,7,0.98,-5.654,1,31,0.115,113.91,0.0425,4
0.135,0.846,271640,0.711,0,0.000246,10,0.0574,-9.235,0,54,0.061,105.786,0.946,2
0.124,0.7070000000000001,309160,0.775,0,0.000585,11,0.154,-6.91,0,54,0.0371,126.662,0.909,5
0.606,0.636,99848,0.117,1,0.0,7,0.575,-20.645,1,0,0.967,167.037,0.515,8
0.261,0.594,175413,0.597,0,1.55e-05,0,0.307,-9.669,1,25,0.0499,122.994,0.728,5
0.983,0.405,147667,0.0613,0,0.0334,6,0.121,-20.153,0,31,0.0554,120.001,0.334,5
0.0256,0.5720000000000001,183240,0.6509999999999999,0,0.00464,4,0.061,-12.522,1,25,0.0463,117.702,0.728,4
0.675,0.434,190493,0.317,0,3.54e-06,5,0.284,-6.085,1,29,0.0363,84.391,0.5579999999999999,6
0.00019,0.447,228328,0.941,0,0.00425,2,0.315,-3.832,1,53,0.0492,95.006,0.319,1
0.772,0.6809999999999999,172267,0.12,0,0.000285,7,0.16,-17.586,1,16,0.0369,110.089,0.498,7
0.978,0.6659999999999999,151080,0.764,0,0.353,6,0.109,-6.845,1,1,0.0763,99.433,0.8029999999999999,9
0.00491,0.32,323667,0.5529999999999999,0,0.404,7,0.119,-14.959,1,44,0.0524,116.156,0.173,4
0.792,0.513,212253,0.385,0,0.0,8,0.0794,-9.985,1,22,0.0368,92.667,0.524,6
0.909,0.555,185093,0.387,0,1.77e-05,7,0.252,-9.855,1,31,0.0483,147.75799999999995,0.74,4
0.993,0.36,78440,0.126,0,0.915,5,0.243,-26.631,1,0,0.0341,141.558,0.7709999999999999,10
0.927,0.227,68973,0.0695,0,1.1e-05,7,0.0943,-29.325,1,0,0.0422,100.294,0.28600000000000003,7
0.988,0.643,152160,0.29100000000000004,0,0.768,5,0.108,-16.722,0,1,0.0467,114.955,0.7809999999999999,9
0.947,0.226,123800,0.142,0,0.0705,7,0.402,-19.326,1,32,0.0439,82.59,0.04,5
0.366,0.612,200240,0.821,0,0.0,1,0.146,-6.539,0,36,0.0689,168.05900000000003,0.795,3
0.0928,0.721,113332,0.201,1,0.0,8,0.421,-19.328,1,0,0.937,123.312,0.664,10
0.0128,0.643,216668,0.594,0,0.0,2,0.118,-5.4529999999999985,1,71,0.0318,144.033,0.442,1
0.0685,0.601,308067,0.381,0,5.05e-05,7,0.0866,-10.683,1,33,0.0254,87.089,0.258,4
0.74,0.491,253373,0.477,0,0.905,7,0.118,-15.987,1,41,0.0633,146.38,0.6829999999999999,5
0.939,0.4320000000000001,176680,0.6890000000000001,0,0.403,8,0.0788,-7.342,0,0,0.0418,124.889,0.74,8
0.00505,0.5660000000000001,230667,0.8320000000000001,0,0.0,8,0.127,-4.644,1,48,0.0603,175.028,0.86,2
0.983,0.314,212323,0.16899999999999998,0,0.000361,11,0.611,-11.334,1,0,0.0352,87.20200000000001,0.182,9
0.485,0.762,180240,0.5820000000000001,0,0.0,8,0.113,-8.818999999999997,1,66,0.104,139.998,0.297,1
0.0318,0.6970000000000001,193792,0.775,0,0.0,8,0.232,-6.664,1,66,0.083,113.886,0.826,1
0.0252,0.706,199240,0.5820000000000001,0,0.0,1,0.0594,-15.076,1,35,0.104,94.379,0.5429999999999999,5
0.892,0.777,168840,0.249,0,0.00351,5,0.0864,-11.491,1,12,0.0289,103.764,0.588,7
0.0225,0.6,216360,0.64,0,0.053,0,0.695,-13.908,1,46,0.295,131.738,0.84,6
0.000135,0.274,146160,0.951,0,0.16,1,0.333,-4.731,1,47,0.151,99.168,0.438,2
0.89,0.579,159800,0.293,0,0.0,10,0.236,-12.056,1,11,0.0527,158.628,0.8140000000000001,9
0.226,0.385,495267,0.4370000000000001,0,1.73e-05,7,0.8640000000000001,-13.686,0,28,0.327,156.705,0.583,5
0.961,0.411,137813,0.106,0,0.0225,7,0.124,-19.64,1,43,0.04,137.94299999999998,0.16899999999999998,6
0.028,0.607,222133,0.7190000000000001,0,0.0,6,0.79,-5.279,0,52,0.0399,94.887,0.3,1
0.969,0.637,150047,0.184,0,0.0,7,0.321,-12.268,0,0,0.053,92.062,0.633,10
0.698,0.61,306920,0.523,0,0.899,5,0.116,-7.803,0,10,0.0363,122.158,0.812,6
0.000824,0.306,249000,0.889,0,0.0121,6,0.271,-8.691,0,53,0.117,182.054,0.255,3
0.0296,0.581,251933,0.826,0,0.0657,9,0.109,-8.902999999999997,1,32,0.0434,136.27,0.962,4
0.179,0.516,163933,0.52,0,0.0,5,0.121,-10.224,0,19,0.0492,122.054,0.408,6
0.956,0.526,449453,0.13,0,0.0644,7,0.0624,-14.896,1,0,0.0486,134.329,0.557,9
0.846,0.485,171640,0.335,0,0.116,2,0.11,-19.181,0,23,0.0297,99.328,0.716,6
0.993,0.345,39307,0.46,0,0.911,3,0.121,-17.743,1,0,0.0424,86.531,0.7290000000000001,8
0.00272,0.586,311773,0.8029999999999999,0,0.639,2,0.456,-7.972,1,37,0.0277,117.079,0.8109999999999999,4
0.0312,0.8170000000000001,330467,0.568,0,0.0495,4,0.053,-14.779000000000002,0,35,0.0805,126.537,0.655,4
0.828,0.308,196307,0.182,0,0.0,6,0.354,-10.96,1,12,0.031,74.107,0.257,7
0.977,0.759,174467,0.127,0,0.359,0,0.13699999999999998,-18.666,0,5,0.0388,138.399,0.664,7
0.459,0.607,142143,0.8740000000000001,0,7.59e-05,1,0.0415,-7.659,1,28,0.0422,140.388,0.897,6
0.946,0.246,111933,0.02,0,0.0313,3,0.138,-34.845,1,0,0.045,89.48100000000002,0.208,8
0.00578,0.379,389200,0.7809999999999999,0,0.003,0,0.0668,-11.918,1,28,0.0424,100.405,0.523,5
0.00397,0.454,232093,0.7490000000000001,0,0.00463,0,0.0942,-4.2010000000000005,1,36,0.0335,105.4,0.443,3
0.977,0.13,476200,0.107,0,0.883,8,0.341,-24.053,1,0,0.0486,90.041,0.0393,8
0.926,0.113,176320,0.0283,0,0.8390000000000001,7,0.103,-24.87,1,40,0.0435,163.78,0.187,4
3.75e-05,0.523,249467,0.708,0,0.472,9,0.1,-9.672,1,38,0.0337,97.874,0.5,5
0.0437,0.537,230280,0.885,0,0.0,7,0.274,-3.641,1,57,0.0343,131.69799999999998,0.802,2
0.625,0.294,233493,0.329,0,0.00032,7,0.154,-12.571,1,54,0.0338,82.865,0.267,3
0.4970000000000001,0.508,398518,0.413,0,0.201,9,0.163,-9.435,0,32,0.0367,119.14,0.6679999999999999,6
0.823,0.406,71507,0.892,0,0.0,0,0.968,-12.821,1,20,0.643,129.078,0.703,6
0.056,0.688,226933,0.7709999999999999,0,0.000106,1,0.0561,-4.463,1,62,0.0291,100.01,0.481,1
0.0174,0.659,224693,0.541,0,0.0,5,0.198,-7.919,1,63,0.0272,116.685,0.56,2
0.816,0.425,185840,0.421,0,0.745,9,0.11,-13.437,1,0,0.173,116.114,0.425,8
0.0882,0.266,152400,0.922,0,4.35e-06,2,0.107,-3.855,1,25,0.105,173.96,0.721,5
0.0161,0.297,228693,0.984,0,0.241,9,0.3670000000000001,-9.013,1,29,0.0857,150.221,0.166,4
0.00282,0.584,144333,0.5770000000000001,0,0.64,9,0.121,-7.5070000000000014,0,43,0.0353,104.778,0.126,2
9.06e-05,0.493,258293,0.935,0,1.05e-05,2,0.314,-2.251,0,41,0.0591,149.006,0.8690000000000001,2
0.994,0.317,184427,0.467,0,0.878,7,0.22,-12.427,0,0,0.0523,74.954,0.96,8
0.919,0.322,175680,0.0144,0,0.727,7,0.0828,-30.108,1,43,0.046,81.26899999999998,0.172,2
0.255,0.812,177133,0.525,1,0.0,1,0.325,-8.798,1,63,0.124,145.016,0.564,1
0.604,0.607,304947,0.5720000000000001,0,3.53e-06,1,0.0915,-8.138,1,38,0.0274,113.928,0.7440000000000001,5
0.8640000000000001,0.251,186320,0.139,0,3.33e-06,10,0.412,-19.396,1,19,0.0355,137.04399999999998,0.242,7
0.0112,0.245,217627,0.865,0,0.0109,9,0.334,-7.159,1,36,0.172,181.075,0.547,5
0.00127,0.61,206787,0.958,0,6.54e-05,1,0.033,-3.992,1,48,0.0537,117.448,0.6890000000000001,1
0.994,0.8390000000000001,165400,0.28,0,0.238,2,0.116,-9.69,1,0,0.14800000000000002,118.474,0.8490000000000001,10
0.654,0.436,622000,0.5429999999999999,0,9.35e-06,11,0.0937,-13.351,0,63,0.0962,148.282,0.6629999999999999,6
2.72e-05,0.191,234773,0.917,1,0.000103,10,0.0984,-4.289,0,51,0.0852,162.336,0.362,1
0.841,0.58,210113,0.36,0,6.15e-06,6,0.129,-7.93,1,68,0.0303,99.194,0.302,1
0.16,0.76,190413,0.5770000000000001,0,0.0,8,0.0522,-14.973,1,20,0.198,122.299,0.792,7
0.00495,0.463,211800,0.947,0,2.69e-05,2,0.6509999999999999,-7.227,1,44,0.0645,147.738,0.802,4
0.00015900000000000002,0.518,256133,0.764,0,0.00432,2,0.335,-12.899,0,31,0.0717,95.926,0.7240000000000001,4
0.101,0.86,313347,0.903,1,0.0,0,0.267,-5.919,1,41,0.297,129.069,0.639,2
0.0392,0.5489999999999999,180973,0.8059999999999999,0,3.56e-06,8,0.0909,-4.269,1,46,0.102,163.891,0.843,1
0.11,0.633,510640,0.395,0,0.191,2,0.165,-17.148,1,39,0.0387,99.715,0.0377,3
0.825,0.7090000000000001,232960,0.404,0,0.0,4,0.196,-11.257,1,31,0.0288,108.553,0.852,4
0.197,0.8109999999999999,296680,0.574,0,0.0,7,0.071,-9.001,1,54,0.0294,96.997,0.7,2
0.936,0.581,126533,0.28,0,1.56e-05,4,0.305,-9.091,0,70,0.0381,137.83100000000002,0.813,6
0.593,0.257,285133,0.421,0,0.19,0,0.103,-13.232,1,23,0.0325,133.05100000000002,0.229,6
0.979,0.87,186613,0.315,0,0.002,2,0.584,-7.654,0,0,0.174,123.956,0.929,7
0.421,0.733,158973,0.431,0,0.8009999999999999,2,0.0587,-9.281,1,10,0.0782,137.985,0.759,8
0.958,0.435,173306,0.152,0,0.136,5,0.334,-13.913,0,0,0.0436,73.115,0.409,8
6.59e-05,0.506,270253,0.967,0,0.41,6,0.16699999999999998,-2.9730000000000003,1,57,0.0451,129.704,0.488,2
0.7709999999999999,0.586,242680,0.204,0,0.0,0,0.0934,-15.326,1,41,0.0367,126.925,0.311,4
0.313,0.7879999999999999,197528,0.49,0,0.0,8,0.0968,-6.287000000000001,1,65,0.511,177.865,0.79,1
0.902,0.561,236307,0.327,0,0.000469,11,0.111,-10.835,0,68,0.0327,161.858,0.298,2
0.047,0.873,223520,0.8690000000000001,0,0.000722,1,0.0463,-6.238,1,48,0.133,116.943,0.7979999999999999,1
0.024,0.609,184300,0.309,1,0.0,1,0.168,-19.089,1,0,0.958,203.432,0.408,10
0.799,0.473,192333,0.556,0,0.006999999999999999,2,0.3720000000000001,-6.733,1,0,0.0389,110.992,0.775,9
0.00307,0.731,239267,0.664,0,0.35,0,0.133,-5.474,1,69,0.0302,118.018,0.6609999999999999,0
0.838,0.373,176733,0.518,0,8.52e-06,0,0.106,-8.622,1,29,0.0406,85.639,0.419,6
0.205,0.813,292173,0.6579999999999999,1,0.000138,9,0.161,-8.997,1,51,0.0714,74.432,0.5710000000000001,2
0.685,0.56,502533,0.451,0,0.0135,9,0.4320000000000001,-12.947,1,36,0.0588,155.838,0.5379999999999999,2
0.00154,0.484,184436,0.875,0,9.64e-05,4,0.16899999999999998,-5.237,1,63,0.0541,150.02100000000004,0.7240000000000001,1
0.17600000000000002,0.586,221801,0.732,0,0.0,8,0.14800000000000002,-6.171,1,68,0.0279,150.109,0.5820000000000001,1
0.986,0.306,518667,0.031,0,0.362,8,0.0809,-27.432,1,37,0.0438,118.958,0.13699999999999998,3
0.94,0.292,186093,0.269,0,0.000339,11,0.17,-12.149,1,0,0.0425,174.93,0.522,8
0.994,0.454,261933,0.0172,0,0.882,11,0.085,-34.468,0,41,0.0711,126.986,0.335,5
0.18600000000000005,0.5660000000000001,177640,0.805,1,0.0,1,0.428,-8.32,1,57,0.321,118.965,0.616,1
0.955,0.555,180227,0.295,0,0.0006320000000000001,3,0.28300000000000003,-9.721,1,21,0.0448,70.803,0.34700000000000003,7
0.3720000000000001,0.7240000000000001,177080,0.6970000000000001,0,4.2e-05,1,0.0571,-7.466,1,29,0.0286,97.915,0.7509999999999999,4
