0.708,0.607,122600,0.477,0,0.0,9,0.253,-12.904000000000002,1,48,0.0333,136.614,0.887,7
0.168,0.561,138667,0.98,0,0.773,7,0.264,-3.373,1,48,0.035,151.91899999999995,0.851,3
0.973,0.439,184133,0.195,0,1.13e-05,7,0.6609999999999999,-9.11,1,14,0.0383,116.233,0.43,7
0.306,0.308,390493,0.8540000000000001,0,0.0624,0,0.11,-9.841,1,29,0.0771,140.51,0.459,5
0.976,0.472,182653,0.0314,0,1.46e-05,7,0.15,-18.006,1,21,0.0364,135.555,0.194,6
0.0395,0.263,615173,0.6409999999999999,0,0.6659999999999999,0,0.542,-11.004,1,40,0.0366,96.307,0.0356,5
0.0973,0.6920000000000001,196373,0.562,0,0.0,6,0.304,-6.034,0,45,0.0924,122.937,0.504,2
0.727,0.602,229227,0.338,0,0.0,11,0.0849,-12.371,1,55,0.0293,126.232,0.25,3
0.393,0.635,171293,0.795,0,0.0,5,0.0822,-7.337999999999999,0,47,0.189,104.614,0.964,4
0.233,0.578,241240,0.433,0,9.33e-05,4,0.142,-10.592,1,23,0.0501,141.241,0.57,6
0.987,0.094,197800,0.0358,0,0.804,1,0.0933,-27.193,0,0,0.0378,77.744,0.0599,8
0.546,0.693,230093,0.337,0,0.0,9,0.0928,-9.296,1,46,0.0291,115.073,0.215,3
0.617,0.439,190240,0.308,0,0.0,5,0.181,-12.378,1,43,0.0363,138.703,0.198,4
0.732,0.589,146207,0.579,0,0.0152,11,0.0725,-13.074000000000002,1,48,0.048,89.57600000000002,0.931,1
0.966,0.399,132200,0.219,0,0.0,3,0.0947,-10.077,1,26,0.0368,81.76100000000002,0.528,7
0.129,0.4320000000000001,221840,0.47,0,0.8440000000000001,9,0.131,-16.793,0,31,0.0386,116.442,0.7759999999999999,5
0.969,0.113,194267,0.0732,0,0.772,0,0.107,-23.21,1,35,0.0496,174.59900000000005,0.0379,3
0.88,0.652,170973,0.109,0,0.0253,2,0.192,-20.777,1,30,0.0305,100.089,0.813,6
0.8079999999999999,0.523,160960,0.457,0,0.0,8,0.129,-13.146,1,32,0.0592,112.215,0.8,6
0.627,0.7120000000000001,408013,0.5589999999999999,0,0.0,8,0.11,-12.325,1,26,0.0349,100.435,0.741,4
0.163,0.69,262933,0.888,0,2.25e-05,6,0.659,-5.7810000000000015,0,41,0.18600000000000005,87.91799999999998,0.6859999999999999,3
0.994,0.519,297893,0.0645,0,0.917,0,0.118,-23.89,1,1,0.055,94.365,0.276,8
0.99,0.28600000000000003,293333,0.0754,0,0.7170000000000001,5,0.138,-20.381,1,0,0.0331,96.989,0.145,7
0.000105,0.522,277507,0.921,0,0.585,1,0.313,-4.717,1,48,0.0473,110.088,0.241,2
0.774,0.848,148133,0.593,0,0.000482,3,0.103,-11.769,0,17,0.12,135.878,0.963,7
0.846,0.222,245093,0.39,0,0.6559999999999999,1,0.152,-8.908,1,17,0.0337,78.72399999999998,0.0793,7
0.99,0.578,205894,0.274,0,0.0,0,0.34600000000000003,-8.744,1,0,0.0796,138.889,0.674,8
0.992,0.483,219947,0.197,0,0.945,5,0.101,-15.621,0,11,0.0486,92.963,0.313,7
0.991,0.815,168853,0.145,0,0.5579999999999999,9,0.112,-22.993,1,0,0.141,118.675,0.797,10
0.0525,0.35700000000000004,208773,0.863,0,0.00546,10,0.428,-6.575,0,26,0.226,184.425,0.57,5
0.99,0.6559999999999999,167469,0.229,0,6.17e-05,9,0.0895,-8.722999999999999,1,0,0.321,133.595,0.614,8
0.5429999999999999,0.593,107587,0.459,0,0.0,0,0.0913,-13.823,0,3,0.0572,80.501,0.963,7
0.555,0.696,181280,0.449,0,0.0,7,0.28,-10.481,1,35,0.0292,111.688,0.6890000000000001,5
0.993,0.35600000000000004,151066,0.0169,0,0.934,7,0.112,-25.013,0,1,0.0636,171.07299999999995,0.48,9
0.0963,0.631,176443,0.7090000000000001,1,0.0,2,0.376,-4.666,1,72,0.0505,84.50399999999998,0.2,1
0.01,0.17,271151,0.4320000000000001,0,0.358,7,0.141,-11.743,1,0,0.0324,184.071,0.34700000000000003,8
0.552,0.696,156787,0.484,0,0.0,8,0.265,-8.713,1,44,0.039,107.394,0.979,3
0.000112,0.523,215627,0.936,0,2.96e-06,10,0.209,-3.235,0,42,0.0574,111.062,0.237,2
0.00583,0.6779999999999999,284000,0.77,1,0.0,9,0.109,-4.399,0,61,0.222,90.0,0.412,3
0.273,0.513,217907,0.34700000000000003,0,0.0417,1,0.0805,-13.505999999999998,1,46,0.029,78.811,0.52,5
0.8959999999999999,0.78,237053,0.529,0,0.0,2,0.654,-9.549,1,51,0.498,141.763,0.966,2
0.17,0.393,98667,0.907,1,0.0,7,0.263,-9.837,1,45,0.041,191.897,0.551,4
0.0901,0.415,396360,0.51,0,0.0,5,0.141,-9.531,1,31,0.0513,121.823,0.382,5
0.0175,0.484,242333,0.85,0,0.000219,2,0.341,-9.81,1,26,0.0663,120.195,0.545,5
0.219,0.684,269793,0.878,1,2.64e-05,0,0.6920000000000001,-13.057,0,28,0.126,102.77,0.412,4
0.106,0.591,326761,0.469,0,0.00104,2,0.157,-14.778,0,34,0.0392,123.029,0.48,6
0.993,0.515,181613,0.407,0,0.758,7,0.142,-10.308,0,0,0.0436,78.142,0.648,8
0.463,0.409,307000,0.425,0,0.0854,0,0.199,-15.539,0,26,0.0429,120.67,0.369,4
0.409,0.713,200067,0.313,0,0.0,7,0.0519,-15.081,1,41,0.0305,116.727,0.419,4
0.28800000000000003,0.775,264284,0.565,1,0.0,2,0.35200000000000004,-8.394,1,50,0.179,119.991,0.477,1
0.955,0.586,145093,0.6859999999999999,0,6.159999999999999e-05,10,0.287,-10.614,0,0,0.0382,99.316,0.634,8
0.0017,0.531,268480,0.984,0,1.13e-05,3,0.361,-3.767,0,61,0.0652,107.036,0.386,1
0.0336,0.708,214910,0.8959999999999999,1,0.0,7,0.26,-3.135,1,52,0.272,101.15,0.684,2
0.000919,0.79,440960,0.519,0,0.526,9,0.107,-9.264,0,29,0.0499,124.059,0.552,3
0.0264,0.68,186304,0.58,1,0.0,9,0.0518,-7.641,0,65,0.287,79.847,0.636,0
0.000963,0.444,309267,0.93,0,0.654,9,0.8240000000000001,-8.497,1,38,0.0715,134.986,0.13699999999999998,5
0.8059999999999999,0.573,171667,0.591,0,0.0,3,0.924,-10.188,1,26,0.35600000000000004,105.74,0.745,6
0.0165,0.395,172473,0.496,0,0.662,11,0.433,-7.513,0,59,0.0353,55.807,0.095,1
0.994,0.596,180801,0.22,0,0.746,10,0.21600000000000005,-9.967,1,0,0.221,129.359,0.6459999999999999,8
0.884,0.6779999999999999,201480,0.341,0,0.000655,1,0.109,-8.446,0,0,0.0864,116.282,0.439,9
0.995,0.545,181185,0.215,0,0.00457,9,0.489,-14.39,1,0,0.0475,112.88,0.463,9
0.623,0.35600000000000004,265333,0.354,0,0.904,0,0.0975,-14.325,1,24,0.0415,116.248,0.219,5
0.7040000000000001,0.217,204067,0.207,0,0.000889,9,0.314,-17.857,0,18,0.0436,166.171,0.228,7
0.0226,0.527,279077,0.95,0,0.0,2,0.0633,-4.023,0,54,0.0864,150.078,0.632,1
0.68,0.621,192955,0.23,0,0.0,1,0.419,-20.338,0,0,0.963,178.33599999999996,0.4370000000000001,9
0.185,0.6940000000000001,165013,0.654,0,0.0,11,0.28300000000000003,-9.148,1,54,0.0322,135.787,0.6890000000000001,3
0.883,0.434,180373,0.392,0,7.32e-05,1,0.17600000000000002,-8.991,1,6,0.0661,178.50799999999995,0.774,9
0.12,0.627,102500,0.184,1,0.00998,1,0.108,-19.14,1,0,0.941,176.90099999999995,0.626,8
0.355,0.478,218867,0.499,0,0.0,7,0.141,-10.511,0,40,0.0376,99.516,0.349,5
0.317,0.606,144480,0.83,0,0.919,7,0.354,-10.114,1,15,0.0344,135.68200000000002,0.948,6
0.00589,0.5489999999999999,348400,0.728,0,0.0,10,0.0884,-5.682,1,42,0.0401,115.029,0.253,2
0.965,0.472,244200,0.0745,0,1.21e-06,10,0.11,-14.405,1,24,0.0393,96.595,0.181,5
0.955,0.373,555422,0.103,0,0.821,5,0.149,-14.842,1,0,0.0377,117.031,0.324,8
0.0107,0.362,153973,0.99,0,0.214,11,0.146,-4.893,0,40,0.289,151.636,0.142,4
0.996,0.693,50651,0.11,0,0.949,9,0.0943,-19.2,0,0,0.108,135.035,0.29600000000000004,8
0.581,0.53,126413,0.67,0,0.0,10,0.0883,-5.564,0,10,0.0805,86.23700000000002,0.929,6
0.266,0.68,326680,0.909,1,0.0,6,0.064,-0.564,0,39,0.161,78.263,0.6659999999999999,2
0.521,0.687,501933,0.279,0,0.000534,0,0.0919,-16.014,1,12,0.0453,138.911,0.555,6
0.944,0.366,382467,0.184,0,7.11e-05,5,0.389,-16.757,1,0,0.0498,109.716,0.0732,7
0.7490000000000001,0.565,263129,0.85,0,0.00143,7,0.622,-3.773,1,26,0.079,90.698,0.923,6
0.6409999999999999,0.374,175200,0.5,0,0.0,7,0.217,-7.362,1,39,0.0285,115.232,0.716,5
0.000293,0.409,226920,0.71,0,0.51,9,0.0827,-6.686,1,53,0.0293,153.638,0.274,3
0.523,0.518,787960,0.269,0,0.000735,0,0.251,-14.017,0,13,0.0373,108.897,0.389,7
0.35100000000000003,0.595,359600,0.557,0,0.81,2,0.0468,-11.903,0,43,0.0912,179.798,0.396,3
0.902,0.573,182200,0.141,0,0.0,11,0.119,-13.49,0,29,0.219,201.423,0.748,4
0.0141,0.42,170000,0.746,0,0.0,8,0.0661,-10.628,1,60,0.0467,111.886,0.229,3
0.424,0.742,266840,0.5589999999999999,1,0.0,1,0.226,-7.782,0,34,0.0709,100.959,0.495,3
0.00745,0.585,279907,0.795,0,9.5e-06,5,0.0516,-9.402,1,30,0.0532,111.981,0.496,4
0.0364,0.674,241453,0.501,0,0.0,7,0.0755,-9.454,1,45,0.0394,133.974,0.4320000000000001,2
0.00129,0.6890000000000001,234480,0.858,0,0.0,5,0.0988,-3.185,1,61,0.061,140.02200000000002,0.51,1
0.8859999999999999,0.384,404760,0.453,0,0.831,9,0.116,-8.162,1,0,0.0381,77.17699999999998,0.55,7
0.996,0.318,161920,0.416,0,0.982,8,0.339,-16.565,0,0,0.0406,75.007,0.789,10
0.000659,0.29,493400,0.8270000000000001,1,2.55e-06,8,0.301,-3.451,1,61,0.0362,167.08599999999996,0.45,2
0.0191,0.326,183730,0.6990000000000001,0,0.000207,11,0.0813,-7.928,1,41,0.0285,166.925,0.821,3
0.996,0.467,140613,0.00533,0,0.934,4,0.0978,-28.627,0,0,0.0482,76.584,0.119,8
0.00532,0.7170000000000001,388773,0.82,0,0.843,11,0.0583,-9.085,0,36,0.0404,117.795,0.962,3
8.66e-05,0.591,235180,0.505,0,0.000743,10,0.0766,-14.06,0,2,0.0311,112.993,0.134,9
0.00164,0.574,243333,0.925,0,0.0243,6,0.115,-2.766,0,54,0.0463,125.501,0.369,2
0.14,0.675,235000,0.763,0,0.0361,8,0.0579,-11.545,0,32,0.0501,175.354,0.8859999999999999,4
0.971,0.601,195000,0.171,0,0.949,7,0.112,-22.852,0,28,0.054000000000000006,160.07,0.57,5
0.8690000000000001,0.639,180533,0.25,0,0.0,7,0.79,-11.785,1,1,0.282,144.465,0.669,9
0.301,0.745,207600,0.88,0,0.000544,10,0.361,-3.701,0,53,0.0319,100.018,0.5379999999999999,1
0.993,0.196,172942,0.114,0,0.0182,9,0.35600000000000004,-21.126,0,24,0.0426,101.744,0.0396,6
0.455,0.539,147880,0.32,0,0.0,4,0.316,-13.14,0,2,0.0419,147.285,0.416,9
0.957,0.481,837187,0.121,0,0.902,2,0.085,-19.993,1,5,0.0613,131.293,0.31,7
0.745,0.688,177680,0.617,0,0.0023,10,0.192,-8.627,1,30,0.0416,134.575,0.6679999999999999,6
0.204,0.773,204160,0.561,0,0.0,9,0.0575,-10.224,1,57,0.225,112.582,0.7170000000000001,5
0.639,0.753,135115,0.653,0,0.0151,10,0.174,-14.226,0,13,0.0501,97.457,0.96,7
0.0635,0.467,241649,0.5489999999999999,0,0.0468,4,0.118,-9.887,1,45,0.0269,110.051,0.444,2
0.008440000000000001,0.515,293133,0.594,0,0.00658,1,0.0752,-4.708,1,41,0.0262,146.564,0.218,2
0.292,0.725,279507,0.64,1,0.0,9,0.128,-5.627000000000002,0,55,0.0605,138.113,0.489,1
0.211,0.399,182803,0.6709999999999999,0,7.269999999999999e-05,2,0.149,-8.402999999999999,1,40,0.0884,205.924,0.71,6
0.625,0.696,122440,0.723,0,0.0,1,0.163,-6.2860000000000005,0,15,0.03,139.002,0.816,6
0.991,0.589,183380,0.185,0,0.000377,7,0.301,-16.487000000000002,1,0,0.079,84.85600000000002,0.742,8
0.00195,0.8370000000000001,300000,0.493,1,0.0,8,0.104,-5.54,1,43,0.324,87.97,0.0703,2
0.0595,0.774,242333,0.531,0,0.0,11,0.0409,-7.176,0,64,0.0446,142.001,0.966,4
0.8140000000000001,0.434,213800,0.4370000000000001,0,0.000391,0,0.338,-12.296,1,48,0.0348,76.319,0.493,3
0.0172,0.615,229573,0.877,0,0.0,6,0.366,-5.2170000000000005,1,53,0.174,151.6,0.778,1
3.74e-05,0.5489999999999999,288520,0.941,0,1.45e-06,6,0.214,-4.802,0,57,0.0521,130.009,0.581,2
0.992,0.485,509720,0.0834,0,0.934,2,0.103,-23.43,1,0,0.0541,125.671,0.162,8
0.936,0.066,283707,0.0419,0,0.682,1,0.134,-27.711,1,3,0.0416,71.766,0.0454,7
0.000769,0.476,236267,0.953,0,0.0,8,0.14400000000000002,-3.883,1,49,0.0989,124.929,0.244,1
0.292,0.337,363413,0.5539999999999999,0,0.0,5,0.102,-13.336,0,18,0.0594,76.16199999999998,0.479,6
0.8490000000000001,0.348,237227,0.0834,0,6.12e-06,5,0.123,-16.06,1,44,0.0299,82.98,0.138,2
0.996,0.398,118387,0.00956,0,0.988,2,0.111,-36.329,1,56,0.0554,69.067,0.35700000000000004,1
0.949,0.45,192387,0.139,0,4.18e-05,3,0.118,-17.469,0,25,0.0405,130.863,0.23,7
0.413,0.531,184400,0.5,0,1.24e-06,5,0.156,-11.469,1,24,0.0279,94.073,0.632,5
0.329,0.843,209027,0.833,0,0.0567,0,0.126,-6.1560000000000015,0,57,0.0341,141.99,0.972,2
0.00963,0.545,442667,0.855,0,0.000886,10,0.28300000000000003,-8.115,0,35,0.102,106.022,0.805,5
0.8440000000000001,0.487,204148,0.426,0,5.67e-05,9,0.348,-14.751,0,0,0.0899,83.715,0.17600000000000002,9
0.0342,0.556,340533,0.67,0,0.0214,11,0.376,-8.042,0,46,0.0354,146.467,0.386,2
0.0575,0.545,261427,0.812,0,1.22e-05,4,0.305,-13.397,0,40,0.041,135.262,0.537,4
0.994,0.609,256441,0.159,0,0.0453,7,0.0772,-10.214,1,14,0.067,119.376,0.797,9
0.926,0.498,145563,0.102,0,0.7020000000000001,9,0.145,-11.738,0,34,0.0345,94.018,0.321,7
0.991,0.6679999999999999,115867,0.301,0,0.705,7,0.528,-8.292,1,0,0.0959,91.878,0.826,8
0.0139,0.85,170509,0.5,1,0.000384,8,0.0947,-6.7079999999999975,1,70,0.0665,160.02,0.816,1
0.112,0.534,144800,0.935,0,1.52e-06,9,0.312,-7.108,1,26,0.0562,138.2,0.853,4
0.29100000000000004,0.633,308000,0.6809999999999999,0,0.0,3,0.188,-7.142,0,38,0.0346,111.995,0.623,2
0.00278,0.624,200800,0.893,0,0.0,7,0.0589,-4.317,1,48,0.0496,130.939,0.537,1
0.0885,0.519,287507,0.589,0,0.0,7,0.153,-6.005,0,51,0.029,161.99200000000005,0.341,3
0.000321,0.412,88413,0.885,1,0.0279,11,0.255,-5.9979999999999976,1,31,0.109,86.085,0.7440000000000001,5
0.29600000000000004,0.487,205573,0.236,0,2.78e-05,7,0.134,-19.142,1,34,0.0303,138.17,0.461,4
0.884,0.513,187427,0.205,0,7.65e-05,9,0.147,-12.489,0,31,0.0329,112.744,0.212,4
0.935,0.648,84333,0.0833,0,0.0,6,0.2,-18.338,0,20,0.0507,54.164,0.468,6
0.0112,0.386,425653,0.607,0,1.3800000000000007e-05,10,0.08800000000000001,-7.7,1,76,0.0261,147.207,0.532,2
0.369,0.649,209213,0.631,0,0.0,0,0.382,-4.816,1,38,0.0419,193.127,0.97,2
0.122,0.698,258267,0.753,0,8.93e-06,0,0.113,-4.691,1,33,0.0294,107.994,0.941,4
0.867,0.161,343907,0.118,0,0.00084,5,0.0824,-17.033,1,17,0.0341,82.221,0.0741,7
0.0905,0.7120000000000001,103200,0.181,1,1.59e-05,5,0.0715,-21.36,0,0,0.8190000000000001,127.172,0.457,8
0.955,0.639,161200,0.0255,0,2.97e-05,8,0.146,-20.47,1,7,0.0985,58.66,0.635,6
0.053,0.612,95800,0.159,1,7.46e-05,0,0.224,-23.176,1,0,0.916,177.18900000000005,0.451,8
0.973,0.503,195200,0.29100000000000004,0,0.735,9,0.34600000000000003,-11.573,1,0,0.0436,124.225,0.6709999999999999,8
0.0353,0.561,185920,0.716,0,0.0,8,0.122,-3.341,1,65,0.0291,152.089,0.667,2
0.256,0.669,201693,0.491,0,0.478,4,0.309,-10.032,0,52,0.0263,112.794,0.7709999999999999,6
0.862,0.6,374160,0.0916,0,0.194,7,0.099,-16.128,0,11,0.0443,92.266,0.29,6
0.00569,0.725,250600,0.384,0,0.00022,7,0.158,-12.64,1,44,0.0317,121.9,0.4970000000000001,3
0.894,0.353,171248,0.371,0,0.0161,10,0.189,-7.742000000000001,1,0,0.0553,82.111,0.5529999999999999,8
0.723,0.7140000000000001,221940,0.343,0,5.48e-06,10,0.102,-7.641,1,60,0.38,72.348,0.3720000000000001,1
0.984,0.753,155600,0.0592,0,0.00392,0,0.119,-16.291,1,13,0.0447,123.88,0.525,7
0.574,0.524,281840,0.544,0,0.0,6,0.236,-9.059,0,31,0.0337,147.674,0.261,3
0.7879999999999999,0.615,128293,0.353,0,0.0,0,0.0543,-7.936,0,27,0.0442,135.731,0.626,7
0.0216,0.377,350333,0.8590000000000001,0,0.000114,0,0.429,-6.898,1,28,0.117,126.787,0.53,5
0.8809999999999999,0.403,170467,0.573,0,0.917,3,0.261,-10.015,1,12,0.0292,187.323,0.8640000000000001,6
0.77,0.447,381013,0.388,0,3.87e-05,0,0.482,-8.964,1,31,0.0499,124.73,0.253,5
0.802,0.506,271240,0.203,0,0.7709999999999999,10,0.606,-21.545,0,12,0.0434,77.27600000000002,0.502,6
0.324,0.883,256693,0.684,0,0.0,7,0.0774,-3.418,1,52,0.037000000000000005,124.984,0.851,2
0.262,0.525,262748,0.929,0,2.9e-05,9,0.0754,-8.56,0,50,0.0784,163.503,0.556,5
0.812,0.16,209493,0.18600000000000005,0,0.0679,4,0.133,-16.827,1,35,0.0364,174.296,0.224,4
0.8690000000000001,0.527,198093,0.312,0,3.3799999999999995e-05,1,0.971,-14.44,1,8,0.17600000000000002,120.979,0.516,7
0.0105,0.5920000000000001,264427,0.488,0,0.0146,4,0.113,-10.173,0,41,0.0247,102.103,0.113,3
0.22,0.612,170093,0.601,0,0.0,8,0.446,-9.095,0,32,0.0425,130.939,0.6920000000000001,6
0.268,0.506,238440,0.6,0,0.00591,7,0.156,-10.992,1,43,0.034,93.323,0.774,3
0.202,0.413,328227,0.841,0,0.0898,0,0.106,-6.488,1,31,0.0531,174.55700000000004,0.6759999999999999,5
0.877,0.792,183067,0.65,0,0.329,5,0.0952,-10.736,1,11,0.033,119.152,0.8540000000000001,6
0.043,0.7240000000000001,164920,0.94,0,4.2700000000000015e-05,7,0.142,-3.155,1,45,0.0507,132.006,0.684,2
0.779,0.5920000000000001,95040,0.303,0,0.000373,1,0.0815,-12.682,1,26,0.0288,80.059,0.696,5
0.977,0.5720000000000001,207720,0.405,0,4.06e-06,1,0.0795,-9.08,1,0,0.0556,148.564,0.906,9
0.00213,0.696,176507,0.87,0,0.000229,2,0.0525,-3.5660000000000003,1,50,0.0487,117.998,0.8759999999999999,1
0.772,0.584,184307,0.18600000000000005,0,6.21e-06,8,0.273,-17.158,1,46,0.0258,85.73100000000002,0.336,4
0.019,0.564,145559,0.7809999999999999,1,0.0,0,0.362,-5.8370000000000015,1,69,0.038,93.991,0.501,1
0.000323,0.284,215333,0.856,0,1.13e-05,7,0.0532,-9.118,1,38,0.0675,191.147,0.8170000000000001,4
0.0728,0.7240000000000001,285947,0.619,0,0.0,4,0.205,-9.074,1,55,0.0242,109.029,0.746,3
0.966,0.229,363693,0.14300000000000002,0,0.000746,0,0.0905,-15.242,1,1,0.0371,88.46,0.0494,7
0.705,0.436,216707,0.449,0,0.0,7,0.0792,-11.313,1,33,0.0768,185.558,0.897,2
0.611,0.506,232107,0.145,0,2.09e-05,4,0.0971,-20.627,1,25,0.0347,77.744,0.4920000000000001,4
0.75,0.7120000000000001,187733,0.245,0,1.4e-06,0,0.0775,-15.44,1,31,0.0533,113.348,0.556,6
0.802,0.478,155107,0.327,0,1.51e-06,10,0.156,-12.470999999999998,1,15,0.0292,117.024,0.388,6
0.8740000000000001,0.316,167960,0.638,0,0.000122,8,0.333,-8.408999999999999,1,14,0.0569,181.144,0.912,6
0.491,0.753,498333,0.612,0,0.0297,5,0.0782,-8.427999999999999,0,29,0.149,93.803,0.754,5
0.745,0.4270000000000001,232147,0.201,0,0.263,8,0.109,-13.044,1,40,0.0317,105.218,0.0668,3
0.16399999999999998,0.6659999999999999,309017,0.419,1,0.0,4,0.107,-8.325,1,41,0.17600000000000002,149.96200000000005,0.29100000000000004,2
0.911,0.22,144025,0.452,0,0.0192,2,0.292,-10.836,1,6,0.0776,182.52,0.42,6
0.645,0.417,424827,0.445,0,3.16e-05,0,0.355,-13.329,1,10,0.0677,204.196,0.545,7
0.209,0.3670000000000001,119867,0.526,0,5.69e-06,6,0.125,-6.425,1,15,0.0336,153.73,0.826,6
0.956,0.5820000000000001,199041,0.273,0,0.108,9,0.147,-9.141,1,0,0.0551,132.325,0.8440000000000001,8
0.836,0.608,127453,0.152,0,0.0,7,0.182,-20.989,0,56,0.172,120.834,0.472,6
0.935,0.622,201173,0.127,0,0.8540000000000001,7,0.192,-20.924,0,19,0.0413,66.22,0.105,6
0.784,0.634,394840,0.529,0,0.000805,0,0.0902,-10.026,1,60,0.0284,122.015,0.451,2
0.934,0.502,193547,0.0712,0,0.455,7,0.12,-21.616,1,23,0.131,87.13799999999998,0.382,7
0.965,0.371,243373,0.0868,0,0.00103,5,0.292,-15.505,1,25,0.032,77.844,0.214,5
0.995,0.7120000000000001,265133,0.0665,0,0.285,8,0.139,-24.964,1,0,0.745,112.63,0.276,8
0.34,0.547,153667,0.7909999999999999,0,0.0,4,0.299,-6.527,0,18,0.0253,107.729,0.784,5
0.0117,0.852,267440,0.563,0,1.96e-05,10,0.119,-8.663,0,58,0.0377,92.112,0.893,3
0.67,0.693,239933,0.332,0,1.29e-05,2,0.0876,-16.351,1,24,0.0254,91.201,0.695,4
0.349,0.794,156133,0.898,0,0.0,2,0.0555,-9.524,1,28,0.18,129.02700000000002,0.813,4
0.993,0.498,175307,0.187,0,0.006520000000000001,4,0.133,-19.084,0,0,0.039,81.063,0.388,10
0.8540000000000001,0.438,247627,0.0235,0,0.00639,1,0.0757,-21.449,1,13,0.0954,205.072,0.125,6
0.194,0.7290000000000001,280267,0.458,0,7.57e-05,11,0.0961,-8.681000000000001,1,64,0.124,78.995,0.317,1
0.7909999999999999,0.557,213733,0.374,0,2.57e-06,0,0.758,-11.568,1,43,0.0469,71.598,0.544,1
0.74,0.489,189600,0.314,0,0.00982,4,0.353,-12.954,1,20,0.0296,148.245,0.484,5
0.108,0.747,109267,0.185,0,0.0,7,0.0551,-17.45,1,30,0.0854,130.609,0.611,4
0.926,0.446,392733,0.22,0,0.912,3,0.11,-17.385,1,52,0.0362,110.368,0.227,2
0.0858,0.643,192520,0.866,0,4.49e-05,1,0.0934,-7.666,1,31,0.0412,125.869,0.92,5
0.952,0.313,44778,0.524,0,0.831,2,0.933,-14.36,0,0,0.0525,113.806,0.588,8
0.993,0.519,190827,0.104,0,0.866,10,0.105,-22.827,0,3,0.0864,75.752,0.708,7
0.501,0.38,176800,0.482,0,0.0886,8,0.0733,-14.877,1,26,0.0416,153.8,0.894,6
0.0203,0.778,250000,0.6940000000000001,1,0.0,7,0.0564,-5.564,1,48,0.28,82.98200000000001,0.736,3
0.996,0.441,217840,0.315,0,0.906,6,0.318,-11.987,1,0,0.0585,141.792,0.856,8
0.75,0.29100000000000004,169000,0.409,0,1.3e-06,2,0.115,-10.5,1,18,0.0297,201.658,0.773,6
0.984,0.695,185253,0.14,0,0.0,0,0.0839,-9.102,0,19,0.0515,116.467,0.536,7
0.7340000000000001,0.555,418307,0.406,0,0.0,5,0.317,-22.235,1,0,0.677,79.385,0.149,7
0.0262,0.586,198933,0.925,0,0.0032700000000000003,0,0.138,-3.744,1,48,0.039,130.958,0.495,1
0.0947,0.645,249680,0.5710000000000001,1,3.32e-06,5,0.185,-9.021,0,59,0.2,95.223,0.184,1
0.922,0.436,66440,0.35100000000000003,0,0.753,9,0.7859999999999999,-15.432,1,0,0.3,124.745,0.6859999999999999,7
0.957,0.537,205040,0.041,0,0.0621,4,0.7,-29.137,0,28,0.0478,77.28699999999998,0.0636,6
0.0505,0.68,213120,0.735,0,0.00132,11,0.109,-5.553,0,62,0.0482,106.994,0.523,1
0.604,0.474,195147,0.8140000000000001,0,0.0145,7,0.15,-6.875,1,46,0.0419,79.21600000000002,0.91,2
0.0377,0.865,219467,0.595,1,0.0,11,0.0877,-6.705,0,50,0.227,96.948,0.8190000000000001,2
0.132,0.652,220267,0.451,0,0.0,7,0.0816,-12.467,1,27,0.028,115.067,0.395,3
0.412,0.605,177360,0.542,0,0.0,10,0.217,-8.462,1,11,0.0316,121.145,0.774,6
0.0199,0.78,304507,0.634,1,2.98e-05,1,0.29,-5.941,1,67,0.16,125.25,0.754,2
0.29600000000000004,0.775,233200,0.451,0,6.31e-06,1,0.123,-9.164,1,57,0.0567,92.986,0.5589999999999999,2
0.008759999999999999,0.254,316813,0.7240000000000001,0,0.0012,5,0.18600000000000005,-6.513,1,64,0.0675,127.888,0.123,1
0.647,0.355,388960,0.28300000000000003,0,0.826,9,0.106,-22.324,0,41,0.0738,81.917,0.442,4
0.992,0.8759999999999999,173947,0.394,0,0.195,5,0.11,-9.912,1,0,0.14400000000000002,112.406,0.82,10
0.981,0.482,201107,0.198,0,5.520000000000003e-05,11,0.154,-9.42,0,0,0.0428,78.367,0.521,9
0.7190000000000001,0.544,216533,0.378,0,0.00035,9,0.105,-8.607000000000001,0,60,0.0264,91.078,0.149,2
0.61,0.68,160670,0.467,0,0.0,3,0.127,-7.75,1,36,0.0471,127.094,0.974,4
0.198,0.7709999999999999,202787,0.28300000000000003,0,0.0,2,0.0888,-16.326,1,61,0.0444,77.756,0.906,2
0.393,0.72,172133,0.555,0,4.15e-05,7,0.259,-9.353,1,50,0.0341,86.015,0.816,3
0.949,0.5539999999999999,195370,0.254,0,6.17e-05,10,0.314,-12.788,1,0,0.0488,107.074,0.6629999999999999,9
0.182,0.752,235667,0.5660000000000001,1,0.0,1,0.6659999999999999,-6.6770000000000005,0,55,0.162,74.869,0.727,2
0.0306,0.607,247627,0.649,0,2.46e-05,11,0.174,-6.695,0,75,0.0362,102.996,0.505,1
0.638,0.561,203293,0.315,0,1.8e-05,9,0.493,-12.21,0,42,0.0472,97.173,0.4320000000000001,6
0.00432,0.35700000000000004,195227,0.937,0,0.00839,7,0.0659,-3.963,1,39,0.112,171.426,0.504,4
0.669,0.5870000000000001,162627,0.444,0,1.21e-06,5,0.952,-10.728,1,26,0.0488,97.703,0.7879999999999999,6
0.976,0.16699999999999998,335000,0.0527,0,0.0748,10,0.0841,-24.284,1,1,0.0438,83.145,0.105,7
0.994,0.245,240867,0.103,0,0.921,11,0.672,-18.783,1,1,0.0319,88.525,0.0859,10
0.006640000000000001,0.635,202500,0.9,0,0.0145,0,0.37,-3.719,0,71,0.0377,127.978,0.15,1
0.945,0.161,206667,0.201,0,0.8909999999999999,3,0.145,-14.172,1,4,0.0333,89.19200000000002,0.0771,7
0.986,0.509,187493,0.16,0,0.0,2,0.116,-12.68,1,0,0.0572,109.296,0.7290000000000001,10
0.736,0.389,163920,0.51,0,0.705,9,0.174,-10.349,0,10,0.0416,136.359,0.843,8
0.00257,0.515,230000,0.963,1,0.0227,10,0.14,-2.931,0,40,0.17,108.336,0.377,2
0.0601,0.797,515480,0.88,0,0.6579999999999999,0,0.0799,-9.192,1,49,0.0498,127.954,0.7559999999999999,2
0.7929999999999999,0.428,376400,0.311,0,0.0347,8,0.0366,-12.635,1,16,0.0399,117.891,0.168,6
0.000408,0.569,236861,0.933,0,5.86e-05,11,0.209,-4.883,0,0,0.0318,130.689,0.523,9
0.975,0.458,265667,0.0483,0,0.857,10,0.107,-26.224,0,0,0.0475,88.147,0.618,8
0.0719,0.537,208140,0.7859999999999999,0,0.0,8,0.253,-4.331,1,69,0.0317,128.0,0.18,1
0.0319,0.228,182427,0.905,0,1.35e-05,3,0.113,-7.0470000000000015,0,29,0.0575,155.18,0.423,4
0.7340000000000001,0.469,180320,0.294,0,0.0,4,0.25,-9.652,1,46,0.03,84.902,0.413,3
0.93,0.522,160173,0.188,0,0.0,10,0.166,-13.296,1,0,0.0454,100.155,0.6829999999999999,10
0.968,0.453,251067,0.0525,0,0.84,10,0.104,-14.103,1,11,0.0347,140.54,0.145,7
0.64,0.551,204107,0.62,0,0.00147,9,0.5589999999999999,-11.464,1,57,0.0348,127.495,0.8340000000000001,5
0.317,0.92,315333,0.669,0,0.00032900000000000003,0,0.0966,-8.81,0,40,0.0729,113.784,0.815,3
0.6629999999999999,0.243,258027,0.609,0,1.13e-05,10,0.221,-8.451,1,68,0.0323,166.668,0.333,3
0.679,0.461,176613,0.191,0,0.77,7,0.0897,-22.279,0,43,0.0356,82.495,0.0764,2
0.74,0.57,153133,0.614,0,0.0,9,0.11,-7.892,0,29,0.042,101.805,0.8320000000000001,6
0.98,0.091,252773,0.0325,0,0.875,11,0.0982,-28.868,1,0,0.0399,83.639,0.038,8
0.98,0.546,171526,0.224,0,0.0,3,0.126,-11.984000000000002,0,0,0.0385,126.756,0.51,7
0.44,0.423,237200,0.5529999999999999,0,0.0021100000000000003,8,0.0673,-12.982,1,8,0.0805,197.431,0.762,7
0.77,0.51,460133,0.417,0,0.393,9,0.062,-12.105,1,22,0.0339,104.568,0.502,4
0.8170000000000001,0.487,177467,0.35100000000000003,0,0.0,7,0.103,-9.384,1,34,0.0278,98.257,0.745,5
0.244,0.797,294360,0.521,1,4.97e-06,7,0.111,-16.471,1,38,0.37,109.408,0.763,3
0.918,0.5479999999999999,163880,0.392,0,0.691,7,0.295,-11.967,0,0,0.0634,99.897,0.665,8
0.0688,0.33,748773,0.885,0,0.125,11,0.6829999999999999,-6.8420000000000005,0,43,0.279,142.11,0.156,2
0.0133,0.728,208493,0.73,0,0.0,11,0.1,-6.085,1,57,0.0271,115.038,0.88,1
0.95,0.321,207707,0.0656,0,0.0954,1,0.098,-21.398000000000003,1,2,0.0385,107.454,0.147,9
0.0147,0.6659999999999999,150773,0.895,0,0.0,6,0.439,-4.667,1,51,0.0293,123.716,0.83,3
0.14400000000000002,0.626,343027,0.32,0,4.820000000000001e-05,10,0.2,-18.191,0,19,0.955,167.975,0.6559999999999999,9
0.995,0.337,47893,0.0447,0,0.8440000000000001,2,0.0689,-29.636,0,12,0.0412,104.146,0.249,8
0.992,0.625,187987,0.182,0,0.903,6,0.132,-13.024,1,0,0.112,131.376,0.523,8
0.61,0.598,217613,0.652,0,0.0034,10,0.168,-8.113,1,37,0.0337,98.388,0.578,3
0.522,0.593,130723,0.463,0,0.0,6,0.132,-9.733,1,0,0.048,142.975,0.337,8
0.995,0.197,198093,0.127,0,0.885,2,0.107,-18.491,1,1,0.0382,87.09700000000002,0.0463,9
0.8440000000000001,0.329,370000,0.433,0,0.000126,0,0.366,-8.89,0,0,0.0417,166.391,0.648,7
0.909,0.458,173027,0.309,0,0.956,2,0.118,-14.186,1,48,0.0283,106.004,0.0555,2
0.614,0.321,336827,0.364,0,0.00479,4,0.2,-9.999,0,41,0.0284,99.356,0.103,4
0.457,0.556,398040,0.195,0,0.959,3,0.0726,-21.441,1,38,0.0355,84.71700000000001,0.405,4
0.617,0.657,129600,0.212,0,0.0,9,0.382,-17.497,0,0,0.96,84.773,0.6679999999999999,10
0.984,0.632,254053,0.225,0,0.74,4,0.112,-13.423,1,46,0.0296,144.641,0.6829999999999999,2
0.0131,0.56,297067,0.875,0,0.0006929999999999999,10,0.063,-4.4830000000000005,1,56,0.0518,141.661,0.5379999999999999,2
0.878,0.5710000000000001,164267,0.241,0,0.0,0,0.104,-10.794,1,11,0.0595,107.973,0.502,7
0.0274,0.317,320945,0.695,0,3.96e-06,0,0.618,-7.233,1,36,0.0363,136.144,0.428,6
0.0714,0.439,101853,0.7559999999999999,0,0.0,2,0.105,-10.298,1,24,0.0787,80.87100000000002,0.392,4
0.13699999999999998,0.6629999999999999,186188,0.531,1,0.0,7,0.146,-6.339,1,66,0.0827,125.014,0.366,0
0.632,0.526,104480,0.461,0,0.665,9,0.0962,-16.5,0,27,0.0492,84.895,0.856,9
0.000425,0.607,422107,0.71,0,0.679,2,0.0816,-12.308,1,49,0.0686,145.194,0.933,5
0.925,0.172,133893,0.425,0,0.8759999999999999,1,0.0791,-11.243,1,29,0.0332,60.1,0.399,5
0.882,0.604,141907,0.8740000000000001,0,0.0,8,0.96,-11.406,1,26,0.948,104.986,0.273,4
0.29,0.757,279013,0.737,1,0.0,7,0.106,-5.414,1,42,0.244,83.226,0.838,3
0.792,0.425,335507,0.23,0,0.535,2,0.0453,-18.181,1,34,0.052000000000000005,116.14,0.313,6
0.858,0.355,157093,0.251,0,4.52e-06,7,0.775,-16.456,1,49,0.0539,131.578,0.313,2
0.0536,0.67,225733,0.945,0,0.0252,0,0.393,-6.5779999999999985,0,44,0.0377,139.989,0.8079999999999999,3
0.28,0.862,176035,0.458,1,0.000282,4,0.113,-7.1789999999999985,0,63,0.34,149.048,0.5660000000000001,1
0.679,0.605,167773,0.4370000000000001,0,0.0,5,0.173,-9.643,1,0,0.13,167.565,0.962,8
0.6990000000000001,0.502,174360,0.333,0,0.0,7,0.222,-10.914,1,64,0.0264,96.982,0.7290000000000001,6
0.8740000000000001,0.537,315013,0.203,0,0.0,6,0.0576,-14.7,1,44,0.0778,105.925,0.38,2
0.0765,0.613,259080,0.988,0,0.0,8,0.98,-5.023,1,47,0.0841,137.429,0.546,3
0.0601,0.682,395560,0.838,0,0.0,1,0.599,-7.818,0,38,0.0634,119.619,0.856,6
0.989,0.281,181827,0.188,0,1.29e-06,2,0.674,-15.283,1,0,0.0375,80.727,0.4370000000000001,10
0.159,0.371,222653,0.894,0,3.13e-06,4,0.2,-4.68,0,32,0.0496,124.614,0.583,4
0.986,0.421,210427,0.302,0,0.000409,10,0.544,-16.609,1,0,0.16,80.715,0.7559999999999999,10
0.282,0.343,262800,0.965,0,0.00346,4,0.111,-5.5779999999999985,0,29,0.101,156.283,0.35700000000000004,4
0.0389,0.25,320240,0.991,0,4.11e-05,2,0.909,-3.36,1,34,0.507,158.917,0.368,5
0.0522,0.621,163636,0.601,1,0.0,6,0.46,-5.6160000000000005,0,92,0.14800000000000002,116.735,0.457,1
0.981,0.61,191560,0.165,0,0.000544,8,0.134,-14.659,1,54,0.0502,102.68,0.258,1
0.778,0.0813,479680,0.111,0,0.802,2,0.136,-20.458,0,52,0.0464,171.576,0.0338,2
0.992,0.584,160891,0.179,0,0.0,4,0.271,-8.562999999999999,0,0,0.324,173.783,0.6759999999999999,7
0.0182,0.482,246133,0.855,0,0.0,0,0.0759,-6.763,1,30,0.0363,113.737,0.345,4
0.00933,0.404,210533,0.716,0,0.329,4,0.149,-6.521,0,30,0.0256,100.361,0.475,4
0.0272,0.871,220723,0.6679999999999999,0,0.0,7,0.049,-7.907,1,42,0.0616,142.959,0.399,3
0.506,0.638,218760,0.54,0,0.0,0,0.157,-6.849,1,49,0.0473,143.77200000000005,0.35200000000000004,2
0.21,0.7340000000000001,282640,0.8540000000000001,0,0.000621,1,0.0767,-7.917000000000002,1,32,0.0617,116.333,0.5710000000000001,4
0.782,0.532,69407,0.812,0,0.941,4,0.109,-10.076,0,0,0.0888,114.664,0.961,9
0.5660000000000001,0.513,179667,0.324,0,1.7e-06,7,0.116,-13.01,0,23,0.035,80.046,0.371,6
0.00481,0.89,129320,0.564,1,0.0,10,0.312,-9.285,0,71,0.23,120.029,0.332,0
0.99,0.344,146193,0.623,0,0.403,6,0.758,-6.96,0,0,0.0657,94.117,0.6,8
0.000278,0.531,363173,0.682,0,0.221,11,0.0673,-9.786,0,24,0.0625,126.692,0.629,5
0.0618,0.4320000000000001,293827,0.6559999999999999,0,6.01e-05,7,0.391,-6.8889999999999985,1,52,0.0419,130.276,0.171,2
0.59,0.731,276867,0.774,0,0.0,11,0.231,-10.11,1,37,0.232,104.76,0.893,2
0.000551,0.316,287933,0.6629999999999999,0,0.48,2,0.115,-7.842,1,40,0.0295,93.535,0.21,3
0.015,0.606,232227,0.949,0,2.7600000000000014e-05,7,0.109,-2.749,0,63,0.0414,120.031,0.436,1
0.0334,0.483,286680,0.376,0,0.036000000000000004,4,0.154,-12.935,1,37,0.029,117.277,0.403,5
0.0109,0.622,220813,0.8809999999999999,1,0.0,6,0.348,-4.871,0,51,0.0956,127.958,0.664,1
0.0439,0.6729999999999999,281533,0.765,0,3.43e-05,5,0.107,-10.615,1,44,0.0256,98.241,0.779,4
0.0139,0.5329999999999999,262493,0.935,0,0.0,0,0.168,-3.704,1,54,0.128,140.092,0.481,1
0.7020000000000001,0.657,114680,0.381,0,0.0,7,0.107,-9.528,0,7,0.0793,141.41,0.506,7
0.28,0.596,286613,0.6859999999999999,0,0.00969,2,0.0726,-7.915,1,21,0.103,103.949,0.7290000000000001,5
0.266,0.748,227800,0.718,0,0.0,4,0.241,-8.131,1,54,0.0612,100.001,0.627,3
0.000122,0.344,211387,0.986,0,0.454,3,0.401,-3.903,0,41,0.0966,143.03,0.185,3
0.0666,0.6,186840,0.939,0,6.18e-06,7,0.34,-1.794,1,50,0.19,159.941,0.833,1
0.921,0.616,195400,0.426,0,0.00459,4,0.684,-8.998,0,0,0.4320000000000001,72.07,0.57,8
0.375,0.705,385677,0.649,0,0.0102,11,0.099,-7.742000000000001,0,48,0.0651,143.625,0.74,2
0.634,0.629,162693,0.561,0,0.0,10,0.0793,-9.944,1,13,0.0437,127.518,0.938,6
0.102,0.472,273920,0.8059999999999999,1,0.0,11,0.282,-6.9170000000000025,0,47,0.385,83.435,0.0864,2
0.00118,0.921,222006,0.5579999999999999,0,0.0,1,0.105,-7.521,1,56,0.391,138.965,0.329,1
0.486,0.63,175773,0.518,0,0.00106,5,0.127,-7.437,1,54,0.121,150.442,0.972,3
0.985,0.385,231787,0.11,0,0.306,7,0.14800000000000002,-13.61,1,6,0.0362,72.285,0.327,7
0.989,0.433,196853,0.21,0,0.187,6,0.132,-12.753,1,0,0.0384,64.567,0.6759999999999999,8
0.0016,0.47,196000,0.633,0,0.004529999999999999,10,0.257,-9.323,0,48,0.0323,140.12,0.149,1
0.967,0.5820000000000001,64680,0.0774,0,0.0,8,0.28600000000000003,-13.6,1,33,0.423,122.725,0.314,3
0.0008810000000000002,0.627,256600,0.752,0,0.0299,5,0.105,-7.691,1,53,0.0346,121.775,0.472,3
0.14,0.693,234308,0.7170000000000001,1,0.0,9,0.0464,-6.346,0,63,0.107,99.836,0.412,1
0.253,0.7070000000000001,165213,0.461,0,0.0,8,0.113,-9.544,1,33,0.0449,111.748,0.732,3
0.994,0.505,169573,0.318,0,0.921,6,0.297,-15.719,0,0,0.102,65.206,0.723,8
0.13,0.555,212000,0.487,0,0.000868,0,0.16899999999999998,-11.765999999999998,1,53,0.0317,118.913,0.5529999999999999,5
0.608,0.555,126920,0.414,0,0.00615,1,0.0969,-8.514,0,55,0.0261,73.64,0.6729999999999999,1
0.768,0.556,115893,0.845,0,1.04e-05,2,0.2,-5.0280000000000005,1,21,0.0363,162.185,0.965,6
0.97,0.122,195200,0.185,0,0.0508,2,0.381,-16.07,1,33,0.0424,84.904,0.0454,4
0.271,0.412,182787,0.0943,0,7.859999999999999e-05,1,0.0942,-16.668,1,34,0.0296,69.307,0.172,4
0.993,0.453,108333,0.0735,0,0.7879999999999999,6,0.187,-21.368,0,1,0.0391,69.294,0.324,10
0.991,0.172,182600,0.102,0,0.0102,11,0.0959,-18.787,0,30,0.0402,83.633,0.0689,6
0.0921,0.778,344733,0.4970000000000001,0,0.0,5,0.0325,-8.507,0,46,0.0497,131.875,0.852,3
0.99,0.417,207907,0.127,0,0.927,7,0.107,-14.648,0,0,0.0518,130.52200000000002,0.254,8
0.181,0.843,160627,0.391,1,0.0,2,0.13699999999999998,-7.899,1,86,0.0845,129.972,0.496,1
0.958,0.648,201000,0.271,0,0.8759999999999999,0,0.0837,-17.396,1,11,0.0358,121.545,0.501,7
0.194,0.8320000000000001,223653,0.7040000000000001,0,0.0,9,0.386,-6.981,1,55,0.05,95.541,0.773,2
0.913,0.243,192747,0.183,0,0.0,7,0.163,-13.144,1,13,0.0368,110.412,0.22,7
0.271,0.349,233200,0.4270000000000001,0,9.73e-05,4,0.442,-13.095999999999998,0,23,0.0365,126.029,0.273,5
0.591,0.428,152947,0.457,0,1.45e-06,2,0.136,-9.986,1,25,0.0304,106.131,0.552,6
0.152,0.604,150920,0.804,0,1.86e-05,9,0.11,-6.607,0,25,0.0303,94.99,0.908,6
0.8420000000000001,0.765,152467,0.312,0,2.82e-06,5,0.166,-10.634,0,13,0.0403,115.939,0.68,7
0.0571,0.278,388787,0.767,0,0.16699999999999998,9,0.221,-9.454,1,44,0.0736,93.236,0.439,2
0.16,0.4970000000000001,276400,0.542,0,1.4e-05,5,0.084,-7.398,1,63,0.0315,93.57,0.0707,1
0.122,0.529,206987,0.8,1,0.0,1,0.0704,-4.99,0,48,0.067,143.99200000000005,0.41,1
0.995,0.46,83747,0.13699999999999998,0,0.83,10,0.231,-23.557,0,0,0.0381,130.968,0.564,8
0.76,0.777,291693,0.249,0,0.0,0,0.202,-18.307,1,42,0.0762,102.924,0.56,2
0.986,0.509,259507,0.531,0,6.35e-05,0,0.13699999999999998,-5.775,1,12,0.0334,108.822,0.608,7
0.0361,0.601,135400,0.418,0,1.4800000000000002e-05,2,0.105,-14.984000000000002,1,39,0.271,107.63,0.574,3
0.56,0.615,146693,0.475,0,0.0,0,0.252,-5.6560000000000015,1,46,0.0295,137.694,0.428,2
0.959,0.701,153333,0.14400000000000002,0,0.887,10,0.106,-17.534000000000002,0,14,0.0395,85.291,0.261,6
0.984,0.562,189627,0.172,0,0.672,5,0.599,-12.576,1,0,0.0438,89.60600000000002,0.417,8
0.226,0.815,309827,0.6990000000000001,0,0.0014199999999999998,9,0.0673,-14.845999999999998,0,37,0.0461,119.974,0.7659999999999999,4
0.0285,0.657,296000,0.7120000000000001,0,0.0,7,0.0473,-8.366,1,19,0.361,74.865,0.8190000000000001,5
9.85e-06,0.557,271987,0.754,0,2.99e-06,1,0.238,-10.672,1,34,0.0311,111.67,0.591,3
0.8270000000000001,0.536,164778,0.418,0,0.0,1,0.46,-8.274,1,10,0.0339,94.742,0.613,7
0.00521,0.32,175000,0.594,0,0.0,7,0.279,-12.639,1,57,0.0359,130.476,0.263,4
0.995,0.394,210427,0.252,0,0.0917,0,0.408,-14.762,0,0,0.0489,101.9,0.446,8
0.218,0.754,223467,0.417,0,0.0,10,0.116,-10.261,0,29,0.103,131.045,0.59,4
0.989,0.345,188827,0.109,0,0.924,4,0.124,-21.997,1,1,0.044,66.054,0.254,9
0.537,0.6659999999999999,204773,0.421,0,0.0134,4,0.112,-8.552999999999999,0,42,0.0421,79.919,0.441,2
0.241,0.371,279693,0.405,0,0.0,9,0.117,-8.005,1,42,0.0263,75.811,0.273,2
0.902,0.621,180813,0.0368,0,0.0,9,0.135,-19.807,1,6,0.358,169.22400000000005,0.418,7
0.00771,0.478,298401,0.937,0,0.0181,0,0.84,-6.172999999999999,0,47,0.106,131.418,0.294,4
0.994,0.524,207440,0.0951,0,0.0132,8,0.0783,-13.453,1,0,0.0699,68.139,0.188,9
0.361,0.743,243777,0.674,0,8.93e-05,2,0.0696,-7.683,1,55,0.0323,112.906,0.8290000000000001,2
0.47,0.436,264400,0.387,0,0.0,1,0.0833,-12.911,0,40,0.0331,97.031,0.595,5
0.969,0.493,177160,0.0719,0,0.0442,5,0.14,-18.446,1,10,0.0395,78.632,0.255,7
0.344,0.611,205773,0.309,0,1.82e-06,2,0.338,-12.084,1,39,0.0246,88.556,0.606,3
0.249,0.7879999999999999,303707,0.745,0,7.66e-06,6,0.25,-9.342,1,55,0.0581,110.133,0.688,3
0.0354,0.529,334133,0.552,0,0.0326,7,0.159,-9.414,1,28,0.039,84.395,0.35600000000000004,4
0.0528,0.7070000000000001,129161,0.1,1,0.00878,0,0.32299999999999995,-23.231,1,0,0.922,127.153,0.518,8
0.295,0.603,225347,0.299,0,0.00533,9,0.294,-10.816,0,60,0.0297,83.975,0.0395,1
0.304,0.245,454600,0.568,0,0.535,9,0.93,-12.468,0,43,0.0705,165.771,0.27,3
0.5760000000000001,0.848,169453,0.35600000000000004,0,3e-06,7,0.118,-13.374,1,8,0.0408,130.084,0.841,7
0.983,0.335,235333,0.023,0,0.000143,9,0.0986,-26.922,1,43,0.0469,136.386,0.205,3
0.0158,0.6709999999999999,231133,0.752,0,0.0,5,0.103,-10.03,1,42,0.0418,113.065,0.847,3
0.8170000000000001,0.78,161373,0.13,0,0.608,1,0.119,-23.435,1,26,0.0339,98.604,0.6759999999999999,6
0.000117,0.315,335227,0.981,0,0.00685,9,0.639,-5.8679999999999986,1,36,0.16399999999999998,130.873,0.0597,3
0.764,0.102,282502,0.132,0,0.7070000000000001,9,0.14,-26.459,1,0,0.0418,87.751,0.0577,9
0.989,0.611,142253,0.147,0,1.88e-06,2,0.149,-16.298,0,0,0.117,90.597,0.6579999999999999,10
0.984,0.271,130496,0.8440000000000001,0,0.88,10,0.8,-9.815,1,0,0.21,128.626,0.58,8
0.978,0.379,201107,0.199,0,1.39e-05,9,0.185,-9.843,1,0,0.0489,162.485,0.529,8
0.938,0.17600000000000002,365733,0.242,0,0.00151,5,0.228,-15.058,0,0,0.0461,80.457,0.0926,7
0.654,0.7440000000000001,95400,0.0746,1,0.0,0,0.458,-19.592,1,0,0.959,85.52,0.6,8
0.938,0.398,155760,0.0549,0,0.0103,0,0.16899999999999998,-25.42,0,0,0.0373,124.687,0.157,8
0.8540000000000001,0.7190000000000001,177467,0.14400000000000002,0,0.0,0,0.0876,-12.496,1,32,0.113,120.221,0.743,7
0.623,0.612,367239,0.229,0,0.0,0,0.319,-13.297,0,34,0.0387,114.044,0.391,5
0.0127,0.785,96200,0.141,1,0.0,9,0.223,-22.705,0,0,0.941,36.491,0.607,8
0.052000000000000005,0.711,223293,0.807,0,0.0,7,0.214,-5.052,0,65,0.0608,116.971,0.698,1
0.028,0.754,284227,0.418,0,1.94e-05,10,0.0602,-17.430999999999994,1,33,0.258,93.151,0.652,3
0.6629999999999999,0.7040000000000001,149613,0.4370000000000001,0,0.0,8,0.873,-9.976,1,50,0.0459,113.506,0.7090000000000001,3
0.226,0.664,254147,0.35100000000000003,0,2.38e-06,0,0.106,-12.136,1,61,0.118,113.204,0.816,2
0.7290000000000001,0.5870000000000001,160413,0.414,0,0.000123,9,0.106,-12.68,1,48,0.0296,124.016,0.4970000000000001,6
0.484,0.601,430627,0.4920000000000001,0,0.0139,0,0.308,-8.185,1,49,0.0274,131.38299999999998,0.727,2
0.0748,0.481,139847,0.523,0,0.0,3,0.151,-10.61,1,24,0.0267,99.451,0.605,6
0.473,0.256,169507,0.35,0,0.000129,4,0.287,-13.77,1,33,0.0648,85.796,0.308,5
0.505,0.504,184107,0.6459999999999999,0,0.0,3,0.165,-6.464,1,25,0.0754,173.75599999999997,0.713,4
0.00269,0.586,271093,0.6759999999999999,0,6.14e-05,11,0.091,-8.076,0,43,0.0599,188.265,0.5379999999999999,2
0.94,0.14300000000000002,1264333,0.09,0,0.8140000000000001,1,0.33,-17.204,1,19,0.0372,74.169,0.0511,6
0.872,0.501,257160,0.104,0,0.00298,4,0.116,-25.111,1,52,0.0355,154.798,0.302,2
0.916,0.331,376360,0.254,0,0.000877,5,0.73,-16.276,1,0,0.0714,73.585,0.257,9
0.971,0.392,67987,0.441,0,0.00292,2,0.754,-10.64,1,0,0.0598,75.138,0.308,7
0.99,0.6559999999999999,202440,0.0955,0,0.00147,4,0.16,-13.234000000000002,1,0,0.0661,143.869,0.682,8
0.721,0.462,154494,0.772,0,0.000831,0,0.857,-7.63,1,0,0.0668,92.986,0.579,8
0.768,0.535,515827,0.359,0,0.000254,5,0.221,-12.546,1,13,0.0338,77.328,0.672,7
0.042,0.583,260827,0.924,0,0.0053100000000000005,2,0.355,-8.277000000000001,1,31,0.0314,130.335,0.8170000000000001,5
0.989,0.35700000000000004,337227,0.127,0,0.926,0,0.11,-24.22,1,27,0.0357,134.672,0.395,4
0.151,0.648,295360,0.855,0,0.0281,4,0.0922,-4.83,1,36,0.0733,104.635,0.565,4
0.988,0.259,63840,0.0708,0,0.936,7,0.0907,-24.919,1,0,0.0321,67.635,0.285,8
0.994,0.285,229987,0.0599,0,0.88,8,0.218,-22.678,1,2,0.0398,79.164,0.172,9
0.7,0.431,158685,0.6779999999999999,0,6.37e-06,4,0.199,-7.945,1,60,0.0365,135.91899999999998,0.633,1
0.00188,0.5770000000000001,260000,0.773,0,0.0522,1,0.0809,-2.879,1,54,0.0766,130.001,0.292,1
0.0287,0.6709999999999999,219987,0.769,0,0.00987,1,0.32,-6.529,1,39,0.0268,131.787,0.89,3
0.6990000000000001,0.588,189400,0.701,0,0.0,3,0.209,-9.565,1,44,0.0474,93.13,0.906,6
0.431,0.642,174400,0.546,0,0.000116,2,0.214,-13.639,1,35,0.0392,86.691,0.77,5
0.00511,0.459,203507,0.8909999999999999,0,0.0,10,0.106,-5.057,0,76,0.0623,154.83700000000005,0.588,2
0.925,0.255,208493,0.0347,0,0.00214,5,0.109,-18.4,0,22,0.0338,89.587,0.215,7
0.775,0.57,131191,0.614,0,0.0,10,0.0734,-13.892,0,15,0.0498,159.077,0.8740000000000001,6
0.87,0.193,147800,0.239,0,0.963,0,0.123,-13.454,0,41,0.036000000000000004,115.436,0.173,4
0.547,0.6779999999999999,103200,0.235,0,0.0,9,0.313,-21.464,0,0,0.951,73.128,0.6459999999999999,9
1.34e-06,0.285,519293,0.93,0,0.988,0,0.518,-7.939,1,45,0.0752,80.436,0.0341,3
0.904,0.489,234800,0.0495,0,0.0602,10,0.0666,-23.352,1,0,0.0404,171.105,0.457,9
0.626,0.591,197507,0.4970000000000001,0,7.29e-06,0,0.21,-10.825,1,5,0.0796,115.219,0.88,7
0.6509999999999999,0.403,212440,0.397,0,0.00761,9,0.29,-12.640999999999998,0,35,0.0315,72.214,0.35600000000000004,5
0.00116,0.272,407621,0.968,0,0.4920000000000001,9,0.28800000000000003,-5.69,1,24,0.0849,139.171,0.27,4
0.976,0.261,203720,0.0532,0,0.88,0,0.129,-33.903,1,12,0.0387,140.64700000000002,0.0878,7
0.958,0.588,165591,0.337,0,0.7170000000000001,5,0.28300000000000003,-13.504,1,0,0.117,194.907,0.8,8
0.976,0.204,665560,0.184,0,0.88,5,0.125,-15.414,1,0,0.0421,76.52199999999998,0.0923,9
0.0823,0.344,1233667,0.79,0,0.0017,2,0.187,-7.456,1,54,0.0983,133.186,0.202,5
0.7609999999999999,0.589,160345,0.467,0,0.0,6,0.0847,-8.179,1,59,0.031,165.908,0.5710000000000001,1
0.00254,0.452,274615,0.882,0,2.17e-05,7,0.0836,-4.4060000000000015,1,64,0.0362,156.27700000000004,0.398,1
0.939,0.377,201173,0.412,0,3.46e-06,10,0.117,-11.152,1,1,0.0387,124.248,0.645,7
0.34600000000000003,0.619,252240,0.444,0,5.81e-06,4,0.065,-11.72,1,47,0.13,80.313,0.816,5
0.6809999999999999,0.732,188600,0.239,0,1.16e-06,2,0.0972,-12.203,1,55,0.037000000000000005,110.58,0.377,5
0.989,0.222,351000,0.0113,0,0.954,5,0.0873,-33.218,1,0,0.043,74.04,0.0917,10
0.7609999999999999,0.621,209400,0.377,0,0.000944,0,0.902,-13.073,1,4,0.0772,121.729,0.602,7
0.982,0.557,209293,0.0925,0,1.28e-06,11,0.0695,-17.185,1,0,0.0775,108.598,0.345,7
0.0885,0.6940000000000001,285067,0.569,0,0.000114,2,0.13,-9.701,0,38,0.0282,129.131,0.607,4
0.57,0.305,509066,0.551,0,0.898,7,0.0597,-15.575,1,24,0.0514,78.942,0.305,5
0.0486,0.873,202427,0.413,0,0.00443,1,0.0733,-7.9460000000000015,1,42,0.119,82.02600000000002,0.6859999999999999,2
0.000662,0.231,314080,0.88,0,4.32e-06,1,0.529,-5.7410000000000005,1,50,0.0561,176.61700000000005,0.171,1
0.973,0.487,209693,0.4270000000000001,0,0.0876,4,0.189,-6.282,1,2,0.0342,84.014,0.609,9
0.219,0.448,286293,0.627,0,4.45e-06,4,0.243,-6.18,1,35,0.0314,116.166,0.5760000000000001,4
0.0516,0.61,260827,0.7240000000000001,0,0.0,0,0.0528,-10.896,0,30,0.044,113.29,0.7340000000000001,4
0.965,0.649,221840,0.209,0,0.0,2,0.0821,-12.091,1,1,0.0418,115.007,0.503,7
0.02,0.5539999999999999,201667,0.75,0,0.188,2,0.846,-12.528,1,29,0.0514,114.427,0.804,5
0.5710000000000001,0.652,197534,0.369,0,0.0,8,0.249,-7.298999999999999,1,47,0.0861,160.477,0.77,1
0.00922,0.16399999999999998,196107,0.974,0,0.000359,9,0.238,-8.399,1,48,0.0921,177.821,0.209,4
0.0127,0.8029999999999999,268173,0.759,0,0.898,5,0.0271,-7.705,1,49,0.052000000000000005,110.026,0.8690000000000001,2
0.948,0.188,131133,0.249,0,1.03e-05,8,0.302,-15.497,1,0,0.0415,172.38,0.135,8
0.191,0.904,175627,0.431,0,0.00179,11,0.0928,-10.14,0,63,0.116,127.57,0.7509999999999999,5
0.8690000000000001,0.424,228173,0.24,0,0.92,9,0.1,-17.846,1,38,0.0279,78.035,0.0431,5
0.217,0.505,301773,0.458,1,0.0,7,0.116,-7.87,1,62,0.0392,123.922,0.17,1
0.847,0.25,172333,0.339,0,0.000258,2,0.0815,-10.319,1,19,0.0316,90.674,0.235,6
0.43,0.624,205200,0.329,0,0.000525,8,0.0798,-16.005,1,59,0.14300000000000002,175.024,0.915,5
0.109,0.679,192707,0.4,0,0.0,7,0.0613,-16.781,1,26,0.0394,120.029,0.695,4
0.995,0.7090000000000001,181000,0.0348,0,0.0461,5,0.1,-17.241,1,0,0.0708,120.116,0.584,9
0.0965,0.551,176588,0.7,0,0.0,6,0.273,-13.202,0,0,0.0504,127.292,0.52,10
0.993,0.403,195333,0.139,0,9.34e-05,11,0.157,-13.106,1,0,0.0474,66.288,0.17800000000000002,9
0.746,0.7020000000000001,179827,0.631,0,0.0173,8,0.0421,-11.849,1,10,0.141,102.056,0.693,6
0.0477,0.628,263400,0.741,0,0.29,7,0.0802,-4.533,0,43,0.032,83.94200000000002,0.6459999999999999,2
0.0116,0.61,235397,0.8540000000000001,1,0.0,0,0.322,-7.523,0,50,0.103,133.89600000000002,0.635,1
0.913,0.53,160000,0.257,0,0.0299,9,0.11,-13.968,1,45,0.0332,95.538,0.499,6
0.279,0.335,150027,0.281,0,0.000169,9,0.122,-12.947,0,23,0.0279,94.438,0.263,6
0.99,0.537,263960,0.0545,0,0.841,9,0.109,-28.683000000000003,1,1,0.0424,99.38,0.5760000000000001,7
0.8440000000000001,0.105,1247547,0.0663,0,0.873,8,0.0656,-17.074,0,0,0.0351,75.893,0.0392,8
0.904,0.557,198587,0.447,0,0.331,6,0.0939,-9.453,1,0,0.106,140.197,0.8170000000000001,8
0.935,0.682,179240,0.309,0,3.33e-05,5,0.0696,-7.1560000000000015,1,1,0.0363,110.046,0.908,9
0.0913,0.667,219347,0.251,0,0.00103,7,0.222,-11.528,1,0,0.0609,98.025,0.329,10
0.537,0.484,226667,0.293,0,0.439,10,0.0992,-19.438,0,18,0.0465,175.382,0.498,6
0.212,0.715,332827,0.794,0,1.54e-06,3,0.111,-8.666,1,33,0.0303,134.567,0.8370000000000001,4
0.923,0.447,175360,0.174,0,0.952,1,0.106,-19.344,1,11,0.0254,89.94,0.434,7
0.884,0.257,205040,0.258,0,4.42e-06,9,0.124,-11.717,1,34,0.0318,114.469,0.124,5
0.00161,0.764,105000,0.528,1,0.0,1,0.16,-7.247000000000001,1,56,0.248,160.009,0.6,1
0.67,0.5329999999999999,235280,0.335,0,0.0296,11,0.142,-17.187,1,22,0.0484,138.063,0.907,5
0.058,0.691,126800,0.434,0,0.85,0,0.0817,-19.263,1,33,0.039,136.713,0.436,3
0.153,0.528,325467,0.8,0,0.000192,7,0.116,-8.352,1,28,0.0291,119.527,0.794,5
0.8320000000000001,0.28,194160,0.316,0,0.516,0,0.376,-9.613,1,9,0.0297,82.779,0.388,7
0.731,0.8029999999999999,201107,0.466,0,2.81e-06,9,0.0816,-8.238999999999999,1,32,0.0532,110.036,0.865,5
0.402,0.463,203813,0.369,0,0.0016300000000000002,4,0.145,-13.833,1,37,0.033,93.055,0.727,6
0.913,0.6459999999999999,178773,0.35600000000000004,0,0.0758,5,0.128,-12.533,0,3,0.051,176.43400000000003,0.725,9
0.8420000000000001,0.731,199062,0.583,0,1.44e-05,0,0.772,-8.915,1,0,0.241,90.513,0.784,8
0.000237,0.332,91467,0.981,1,0.000131,2,0.112,-4.749,1,29,0.139,107.24,0.101,4
0.7170000000000001,0.72,366486,0.238,0,0.0,2,0.294,-16.335,1,0,0.948,123.504,0.395,9
0.718,0.16899999999999998,162040,0.23,0,0.000155,6,0.14300000000000002,-13.714,1,18,0.0353,82.537,0.175,6
0.974,0.417,176907,0.0688,0,5.19e-05,0,0.305,-19.42,1,0,0.0644,102.462,0.14300000000000002,8
0.0669,0.489,252053,0.821,1,0.0,1,0.15,-6.904,0,56,0.229,122.663,0.684,1
0.122,0.85,160747,0.466,1,3.36e-06,1,0.105,-7.1320000000000014,1,52,0.0538,114.026,0.218,1
0.996,0.513,171320,0.305,0,0.897,2,0.16,-15.49,1,0,0.248,116.572,0.55,10
0.183,0.619,216600,0.894,0,9.48e-06,2,0.172,-5.127000000000002,1,50,0.0457,92.015,0.6759999999999999,1
0.122,0.6729999999999999,165293,0.639,0,0.0,1,0.22,-6.672999999999999,0,47,0.0274,112.311,0.75,6
0.14300000000000002,0.723,221421,0.602,0,0.000607,6,0.299,-10.573,0,54,0.0451,124.006,0.561,1
0.6659999999999999,0.5429999999999999,177573,0.467,0,0.0106,5,0.0992,-10.189,1,24,0.0355,149.356,0.529,4
0.986,0.5579999999999999,145533,0.457,0,0.727,6,0.305,-7.636,1,0,0.237,102.745,0.868,7
0.88,0.741,171400,0.0875,0,0.0,7,0.151,-18.764,1,34,0.0512,87.524,0.578,5
0.954,0.49,147040,0.172,0,2.7600000000000014e-05,2,0.326,-12.899,1,14,0.0332,80.359,0.4370000000000001,7
0.0318,0.659,354636,0.846,0,0.0144,7,0.203,-5.507999999999999,1,54,0.0274,107.01,0.659,4
0.7020000000000001,0.662,209200,0.546,0,7.81e-06,2,0.0712,-10.669,0,37,0.0285,111.798,0.878,5
0.0611,0.7879999999999999,177314,0.436,1,0.0,1,0.0979,-9.435,1,79,0.364,129.847,0.341,0
0.000165,0.448,299820,0.982,0,2.32e-06,9,0.0539,-3.971,0,55,0.287,131.895,0.0978,1
0.985,0.409,164840,0.257,0,0.116,3,0.0956,-14.045,1,10,0.071,173.203,0.441,6
0.000933,0.406,196773,0.919,0,9.92e-05,0,0.0726,-4.675,0,53,0.103,93.274,0.601,1
0.992,0.447,568271,0.0127,0,0.926,10,0.0768,-28.602,1,0,0.0398,95.781,0.155,7
0.221,0.7,97996,0.114,1,2.24e-05,6,0.123,-20.769,0,0,0.931,135.45600000000002,0.595,8
0.994,0.29,216680,0.118,0,0.947,3,0.115,-16.56,1,0,0.0431,73.625,0.366,8
0.000959,0.516,261067,0.738,0,4.89e-05,6,0.18,-4.45,1,42,0.0328,82.071,0.342,2
0.0265,0.387,259333,0.653,0,3.44e-05,0,0.111,-5.067,1,57,0.0333,135.601,0.262,2
0.0155,0.499,239987,0.8290000000000001,0,0.0,2,0.077,-3.674,1,48,0.0459,86.03,0.487,1
0.0184,0.725,100300,0.229,1,0.0,8,0.0932,-18.781,1,0,0.934,103.455,0.6920000000000001,10
0.916,0.227,234067,0.127,0,0.0049700000000000005,1,0.116,-21.409,0,0,0.0439,125.349,0.0373,7
0.239,0.403,377520,0.603,0,0.0389,8,0.127,-10.523,1,41,0.0392,150.017,0.657,5
0.551,0.528,152907,0.4370000000000001,0,1.62e-06,8,0.0408,-14.129,1,7,0.0657,120.48,0.775,6
0.748,0.65,125960,0.491,0,0.0,2,0.121,-8.532,0,51,0.0685,102.966,0.7390000000000001,6
0.5760000000000001,0.655,183022,0.17800000000000002,1,5.36e-05,1,0.097,-12.522,1,64,0.0635,75.003,0.127,1
0.84,0.443,179933,0.617,0,0.00504,2,0.28,-7.335,0,0,0.0408,125.214,0.909,7
0.0054,0.638,223253,0.8270000000000001,0,0.000288,1,0.0948,-5.7929999999999975,0,58,0.0389,137.077,0.96,1
0.146,0.701,230960,0.7,0,0.0,7,0.206,-6.6720000000000015,0,59,0.0925,122.984,0.5920000000000001,1
0.894,0.484,256120,0.0874,0,0.154,0,0.11,-17.796,1,65,0.0394,94.163,0.219,3
0.95,0.18,269173,0.0836,0,0.777,6,0.0839,-16.371,1,11,0.0407,96.158,0.0365,7
0.899,0.535,173267,0.642,0,0.0,6,0.118,-7.947,1,52,0.0483,87.488,0.574,1
0.459,0.889,70000,0.317,1,0.0652,8,0.136,-11.643,1,36,0.331,96.927,0.6409999999999999,3
0.147,0.215,445693,0.638,0,0.0132,4,0.6579999999999999,-11.679,0,38,0.0653,176.916,0.245,6
0.116,0.473,324603,0.6679999999999999,1,0.0,5,0.201,-7.459,0,50,0.278,77.93,0.436,1
0.932,0.424,250390,0.299,0,0.000388,9,0.11,-14.429,0,40,0.042,84.391,0.272,2
0.725,0.363,407960,0.435,0,0.101,10,0.0828,-19.26,1,0,0.0729,144.947,0.337,7
0.0503,0.5720000000000001,199013,0.964,0,0.0,4,0.3720000000000001,-1.949,0,68,0.123,129.97899999999998,0.519,1
0.0036,0.336,91427,0.946,0,0.0,4,0.255,-2.526,1,24,0.0886,136.965,0.72,4
0.441,0.617,240483,0.629,0,0.0,9,0.126,-6.769,1,54,0.0326,137.861,0.478,2
0.00157,0.413,218133,0.87,1,1.47e-06,0,0.113,-4.885,1,52,0.0349,100.816,0.8,1
0.979,0.34700000000000003,77240,0.255,0,0.8859999999999999,0,0.109,-19.807,1,0,0.0428,85.911,0.674,8
0.289,0.35100000000000003,375600,0.795,0,0.0499,11,0.0595,-10.468,0,24,0.0634,138.474,0.44,5
0.0443,0.458,212760,0.183,0,0.000759,7,0.095,-17.791,1,30,0.0324,146.183,0.156,5
0.0149,0.581,189703,0.746,1,0.000276,10,0.594,-5.495,0,58,0.0422,101.881,0.455,1
0.0594,0.6759999999999999,338413,0.534,1,8.59e-06,2,0.256,-6.901,0,62,0.0831,145.082,0.156,1
0.984,0.0893,64693,0.107,0,0.957,5,0.0952,-21.783,1,38,0.0383,174.09400000000005,0.129,3
0.662,0.685,156640,0.258,0,0.0,4,0.112,-14.633,1,29,0.0291,85.177,0.5710000000000001,7
0.841,0.258,242533,0.168,0,0.753,2,0.092,-15.724,0,16,0.0314,109.825,0.0646,6
0.0198,0.6,277533,0.912,0,6.52e-05,7,0.0883,-3.449,0,60,0.0724,110.339,0.506,2
0.114,0.405,101120,0.618,0,0.0,4,0.253,-8.22,1,21,0.0958,111.772,0.695,6
0.938,0.328,115453,0.403,0,0.373,7,0.0615,-7.12,1,23,0.0291,107.236,0.135,6
0.013,0.933,268640,0.7879999999999999,0,0.000138,0,0.0727,-7.53,1,31,0.0565,125.149,0.972,4
0.0827,0.773,262480,0.893,0,2.25e-06,5,0.0984,-4.768,1,37,0.034,121.37,0.971,4
0.002,0.45,223773,0.92,0,0.0201,11,0.334,-4.982,1,66,0.0733,122.979,0.0773,1
0.448,0.753,387600,0.34,0,0.0338,11,0.153,-17.994,0,30,0.046,94.954,0.62,3
0.488,0.73,307947,0.696,0,0.0,9,0.212,-5.494,1,45,0.0675,113.259,0.743,3
0.207,0.583,262480,0.84,0,0.365,2,0.08800000000000001,-4.199,1,38,0.0385,79.236,0.5660000000000001,4
0.476,0.768,113441,0.194,1,4.36e-06,2,0.161,-19.708,0,0,0.928,74.024,0.498,8
0.994,0.591,166707,0.173,0,0.821,9,0.116,-11.781,0,0,0.0496,117.138,0.476,10
0.0539,0.887,261067,0.422,0,0.0455,1,0.114,-14.505,0,46,0.228,98.332,0.612,2
0.0177,0.399,140760,0.828,0,0.0,2,0.39,-9.06,1,38,0.0517,99.094,0.374,4
0.718,0.3720000000000001,229693,0.3720000000000001,0,0.0,5,0.116,-8.975,1,37,0.0303,139.437,0.385,5
0.911,0.476,36867,0.215,1,0.992,2,0.11,-19.176,1,30,0.0487,113.147,0.522,4
0.919,0.6759999999999999,145760,0.202,0,1.2e-05,7,0.0886,-13.946,0,9,0.0413,137.315,0.778,7
0.0645,0.6709999999999999,285533,0.7070000000000001,0,0.0163,9,0.057,-11.549,0,26,0.0336,125.829,0.599,5
0.889,0.221,234507,0.192,0,0.00124,4,0.161,-15.694,1,26,0.0324,142.636,0.155,5
0.3,0.6409999999999999,249200,0.534,0,0.000149,9,0.141,-11.513,0,38,0.0487,127.281,0.5579999999999999,4
0.669,0.299,160000,0.394,0,2.79e-06,3,0.199,-10.142,0,21,0.0294,183.43400000000003,0.614,6
0.848,0.54,273627,0.381,0,0.0,10,0.17600000000000002,-14.191,1,13,0.408,105.935,0.61,7
0.222,0.583,147667,0.556,0,0.0,2,0.0367,-13.136,1,33,0.0291,86.491,0.836,5
0.191,0.674,211499,0.425,0,0.0,1,0.16899999999999998,-7.725,1,67,0.031,119.954,0.11,1
0.155,0.408,294773,0.48,0,1.82e-05,9,0.0877,-11.017,1,74,0.0266,156.344,0.19,4
0.975,0.238,315667,0.0795,0,0.4970000000000001,0,0.271,-22.334,1,0,0.042,87.381,0.126,8
0.185,0.505,233787,0.8390000000000001,0,0.0,7,0.0406,-4.557,1,46,0.0538,160.154,0.511,1
0.542,0.7390000000000001,338493,0.378,0,0.0127,1,0.975,-11.838,1,9,0.0433,127.248,0.519,8
0.98,0.633,185747,0.249,0,0.294,3,0.16899999999999998,-12.659,1,0,0.0529,151.597,0.8440000000000001,9
0.0382,0.45,240001,0.899,0,0.00678,9,0.735,-4.675,1,45,0.0695,119.389,0.289,5
0.8540000000000001,0.316,659560,0.308,0,0.888,2,0.585,-15.944,1,28,0.0411,103.459,0.095,7
0.0579,0.471,295573,0.721,0,0.0,7,0.094,-3.4960000000000004,1,57,0.0277,92.882,0.3,2
0.0031100000000000004,0.256,417227,0.929,0,0.201,7,0.11,-6.6670000000000025,1,63,0.113,113.47,0.278,4
0.579,0.645,180867,0.653,0,0.0,9,0.0726,-7.183,1,46,0.0629,138.498,0.868,4
0.8029999999999999,0.417,346373,0.285,0,0.005,2,0.269,-11.041,1,62,0.0346,120.954,0.243,1
0.981,0.741,214493,0.133,0,0.0575,6,0.123,-14.06,0,0,0.0835,115.287,0.579,9
0.331,0.614,143773,0.506,0,0.0,0,0.182,-6.671,1,28,0.0371,127.481,0.971,7
0.614,0.355,174753,0.188,0,0.0,0,0.121,-14.528,1,46,0.0311,77.241,0.224,3
0.152,0.7120000000000001,263360,0.875,0,0.00201,5,0.114,-5.2810000000000015,1,55,0.0336,118.026,0.915,4
0.968,0.471,195053,0.3670000000000001,0,0.000366,9,0.0696,-10.517,1,0,0.0803,168.975,0.71,7
0.695,0.573,359107,0.5539999999999999,0,0.0,0,0.263,-7.632999999999999,1,7,0.0426,155.095,0.772,8
0.7709999999999999,0.28,276733,0.211,0,0.0,10,0.125,-16.333,1,48,0.0357,74.10600000000002,0.223,3
0.728,0.328,164187,0.449,0,0.0,8,0.0499,-8.09,1,52,0.071,153.2,0.5579999999999999,1
0.5770000000000001,0.6409999999999999,193507,0.463,0,1.2e-05,9,0.133,-14.67,1,33,0.0404,113.152,0.892,5
0.28,0.608,270000,0.409,0,9.8e-05,6,0.984,-14.955,0,24,0.0394,107.169,0.7390000000000001,5
0.433,0.5329999999999999,146120,0.638,0,0.0,0,0.264,-7.947999999999999,1,32,0.0291,137.798,0.772,6
0.00747,0.429,363429,0.988,0,0.0486,4,0.16899999999999998,-5.2410000000000005,0,51,0.14,175.019,0.312,2
0.2,0.612,359933,0.794,0,0.000977,9,0.983,-9.798,0,26,0.0428,132.678,0.7070000000000001,5
0.2,0.581,287267,0.481,0,0.0,5,0.165,-13.227,1,23,0.0267,115.045,0.42,4
0.984,0.716,161000,0.238,0,0.135,8,0.132,-11.853,1,0,0.0802,122.595,0.847,9
0.0416,0.52,158800,0.809,0,0.00144,2,0.368,-5.295,1,31,0.0584,115.793,0.5329999999999999,5
0.000325,0.62,254493,0.6940000000000001,0,1.89e-05,4,0.331,-6.829,1,51,0.0293,99.799,0.35,1
0.35700000000000004,0.523,396600,0.396,0,0.861,10,0.179,-10.023,0,26,0.0541,131.174,0.324,5
0.947,0.579,177240,0.13,0,0.0,3,0.13,-13.623,0,0,0.0705,142.33700000000005,0.321,7
0.967,0.258,212813,0.116,0,1.21e-05,3,0.0897,-17.872,1,0,0.0453,175.88,0.0994,8
0.0699,0.752,217773,0.703,0,0.8759999999999999,2,0.0858,-9.087,0,35,0.0372,118.009,0.537,2
0.995,0.536,192560,0.115,0,0.00176,9,0.105,-16.692999999999998,1,11,0.041,78.72800000000002,0.313,10
0.807,0.457,191427,0.17600000000000002,0,3.26e-06,7,0.112,-14.546,1,18,0.0312,118.034,0.415,7
0.317,0.545,193400,0.733,1,3.43e-06,10,0.0915,-8.382,0,36,0.88,198.573,0.785,3
0.936,0.425,292440,0.337,0,0.0145,5,0.0863,-13.995,1,27,0.067,115.859,0.465,6
0.262,0.765,206227,0.7909999999999999,0,0.000154,8,0.0669,-5.7070000000000025,1,65,0.0317,95.026,0.966,2
0.928,0.39,186120,0.129,0,0.0023,2,0.271,-15.872,1,52,0.0519,103.039,0.175,2
0.992,0.481,48213,0.267,0,0.8859999999999999,2,0.133,-18.874,1,18,0.0934,135.131,0.269,6
0.964,0.179,1706000,0.0889,0,0.132,5,0.0936,-19.533,1,11,0.0448,100.263,0.0358,7
0.603,0.703,170520,0.551,0,0.0,9,0.109,-6.5920000000000005,1,56,0.0359,93.478,0.693,3
0.7929999999999999,0.6920000000000001,126227,0.622,0,0.00021,10,0.149,-12.411,1,20,0.0518,119.607,0.79,6
0.28800000000000003,0.6609999999999999,231720,0.509,0,0.0,9,0.0724,-9.29,1,44,0.0292,126.098,0.217,3
0.7909999999999999,0.284,1134200,0.161,0,0.46,7,0.106,-18.958,1,12,0.0419,133.066,0.0709,7
0.763,0.604,149293,0.524,0,0.0,7,0.265,-6.273,0,0,0.111,147.451,0.805,7
0.472,0.335,208000,0.33,0,0.41,0,0.16399999999999998,-8.302,1,55,0.031,75.07,0.04,1
0.759,0.21600000000000005,178667,0.182,0,1.82e-06,0,0.161,-16.705,1,29,0.0389,94.943,0.247,6
1.55e-05,0.5710000000000001,230973,0.934,1,0.00334,10,0.154,-3.5,0,38,0.114,106.989,0.295,2
0.153,0.688,278560,0.732,0,0.000212,7,0.6459999999999999,-7.237,1,42,0.281,97.902,0.521,2
0.11,0.6609999999999999,232827,0.973,0,1.74e-05,0,0.617,-2.994,0,67,0.037000000000000005,108.037,0.75,3
0.396,0.45,375600,0.526,0,0.0115,6,0.182,-8.492,1,50,0.0364,82.42200000000003,0.502,2
0.544,0.317,186307,0.584,0,0.000725,4,0.14400000000000002,-6.245,1,45,0.0386,166.209,0.6809999999999999,6
0.00255,0.438,240800,0.805,0,5.69e-05,8,0.0842,-6.237,1,77,0.0624,113.253,0.564,6
0.364,0.187,223480,0.988,0,0.818,4,0.7979999999999999,-3.68,1,43,0.253,112.361,0.129,3
0.894,0.489,197427,0.132,0,0.0,8,0.112,-15.869000000000002,1,47,0.0361,128.05200000000002,0.305,6
0.00242,0.581,393427,0.8690000000000001,0,0.8590000000000001,0,0.0868,-3.677,0,45,0.0646,109.986,0.368,2
0.505,0.48,294000,0.418,0,0.0041600000000000005,11,0.11,-9.622,0,64,0.0312,132.404,0.319,1
0.131,0.59,167253,0.444,0,5.06e-05,0,0.13,-11.472,1,44,0.0394,121.904,0.718,6
0.755,0.59,534000,0.639,0,0.0026100000000000003,5,0.129,-12.135,0,22,0.064,117.194,0.68,6
0.211,0.8059999999999999,195467,0.604,0,0.000138,10,0.0948,-8.532,0,43,0.062,85.00200000000002,0.604,2
0.994,0.446,209769,0.21600000000000005,0,0.725,6,0.245,-9.372,1,0,0.0697,86.569,0.7040000000000001,8
0.976,0.635,192933,0.1,0,0.0289,3,0.104,-16.758,0,21,0.0776,69.815,0.382,7
0.0335,0.747,282096,0.721,1,0.0,5,0.258,-7.278,0,52,0.0997,130.987,0.625,1
0.983,0.5429999999999999,195387,0.132,0,0.436,1,0.0775,-13.505,1,0,0.0408,110.4,0.516,9
0.995,0.479,203338,0.106,0,0.593,9,0.282,-11.816,1,0,0.302,75.082,0.711,9
0.591,0.695,237173,0.43,0,0.00415,5,0.165,-11.222,1,47,0.0316,79.987,0.495,5
0.263,0.5429999999999999,170333,0.584,0,2.61e-06,0,0.139,-10.755999999999998,0,40,0.0298,178.165,0.88,3
0.993,0.591,166228,0.0846,0,0.828,6,0.0844,-18.322,0,0,0.0533,69.919,0.328,8
0.362,0.474,209093,0.902,0,0.0218,2,0.0618,-6.261,1,55,0.0349,96.342,0.279,2
0.489,0.833,174720,0.624,0,0.000281,3,0.239,-7.183,1,54,0.0691,108.291,0.958,2
0.0473,0.5489999999999999,156467,0.679,0,0.0886,7,0.0601,-9.058,1,41,0.0411,65.384,0.6890000000000001,4
0.7040000000000001,0.336,151951,0.677,0,0.00197,5,0.11,-11.963,1,24,0.0548,103.035,0.315,6
0.965,0.365,291160,0.259,0,0.0,5,0.106,-17.03,1,1,0.11,83.01100000000002,0.21600000000000005,7
0.506,0.7759999999999999,149267,0.764,0,0.0,0,0.17600000000000002,-8.336,1,16,0.0802,88.574,0.6779999999999999,6
0.222,0.62,298160,0.594,0,0.0102,9,0.0553,-13.675999999999998,1,25,0.0447,171.264,0.616,4
0.189,0.7440000000000001,202627,0.795,0,0.000712,7,0.195,-6.443,1,51,0.0444,145.833,0.912,2
0.465,0.677,100980,0.16399999999999998,1,0.0,11,0.257,-17.258,0,0,0.906,85.012,0.768,9
0.85,0.384,188813,0.262,0,0.0,4,0.0894,-7.7429999999999986,1,40,0.0336,98.053,0.451,7
0.0026,0.654,211493,0.685,0,0.0,0,0.0528,-9.46,1,34,0.0279,127.554,0.8640000000000001,3
0.985,0.508,292600,0.267,0,0.8340000000000001,2,0.106,-15.681,1,0,0.0413,79.21600000000002,0.43,7
0.851,0.507,222267,0.14300000000000002,0,3.23e-06,7,0.0686,-16.662,0,9,0.0545,121.801,0.506,7
0.918,0.412,155173,0.447,0,0.0,11,0.253,-12.595,0,0,0.051,102.259,0.597,8
0.994,0.856,194105,0.0815,0,0.000743,3,0.13,-8.332,1,0,0.217,128.306,0.7909999999999999,8
0.986,0.562,202187,0.511,0,0.0544,2,0.156,-9.698,1,0,0.0627,109.944,0.669,9
0.958,0.33,153147,0.154,0,0.846,3,0.117,-24.64,1,33,0.0498,104.184,0.8690000000000001,4
0.701,0.639,220933,0.524,0,0.0,6,0.0753,-12.094,1,20,0.0526,100.56,0.948,6
0.902,0.254,181600,0.154,0,0.00229,0,0.118,-13.296,1,22,0.0396,174.018,0.243,6
0.89,0.354,147920,0.398,0,1.4300000000000005e-05,8,0.131,-7.771,1,36,0.0275,79.44800000000002,0.461,6
0.8220000000000001,0.306,119440,0.188,0,5.53e-06,1,0.0767,-16.088,1,23,0.0352,210.752,0.418,6
0.0108,0.539,387133,0.597,0,0.005520000000000001,7,0.134,-9.581,1,65,0.0258,139.444,0.251,3
0.937,0.429,291840,0.0827,0,0.513,3,0.11,-16.809,1,18,0.0321,100.994,0.103,7
0.503,0.384,139693,0.5720000000000001,0,0.551,4,0.6859999999999999,-15.985,1,16,0.101,164.718,0.529,6
0.992,0.267,202173,0.23,0,0.535,9,0.158,-12.887,1,0,0.0563,77.878,0.379,8
0.616,0.519,67267,0.045,0,0.0,9,0.156,-20.167,0,32,0.0515,72.748,0.38,4
0.988,0.43,64707,0.29,0,0.8809999999999999,7,0.213,-17.084,1,41,0.04,94.367,0.964,4
0.614,0.625,212000,0.539,0,0.0,9,0.0809,-10.138,1,36,0.0256,102.964,0.774,3
0.65,0.392,240093,0.428,0,0.6809999999999999,5,0.0699,-10.904000000000002,1,16,0.0269,161.192,0.632,7
0.991,0.404,197760,0.162,0,0.841,1,0.364,-14.747,1,0,0.0462,97.405,0.544,8
0.959,0.388,102467,0.17800000000000002,0,0.0855,8,0.147,-18.203,1,0,0.0583,93.367,0.455,7
0.000504,0.436,160973,0.87,0,0.000178,2,0.484,-8.488999999999999,0,37,0.0397,172.01,0.73,3
0.000309,0.479,187227,0.825,0,0.122,7,0.342,-6.972,1,37,0.0469,132.07,0.677,4
0.996,0.5670000000000001,175867,0.399,0,0.883,9,0.315,-12.714,1,0,0.0485,75.234,0.8390000000000001,10
0.00933,0.591,226560,0.755,0,0.00067,4,0.0855,-7.277,0,40,0.103,95.387,0.471,2
0.17600000000000002,0.366,291400,0.447,0,0.0032,4,0.206,-15.711,0,23,0.0349,89.557,0.24,5
0.654,0.387,242200,0.271,0,0.0,8,0.118,-14.537,1,40,0.0347,106.278,0.145,3
0.688,0.332,273907,0.472,0,0.000556,7,0.116,-8.183,1,38,0.0424,89.811,0.261,3
0.574,0.5670000000000001,151560,0.7240000000000001,0,0.000611,5,0.32,-4.476,0,22,0.0369,126.729,0.933,6
0.131,0.5760000000000001,242853,0.8240000000000001,0,8.58e-06,8,0.0664,-5.473,1,63,0.0534,181.973,0.715,1
0.995,0.753,173768,0.188,0,0.00691,7,0.105,-11.22,1,0,0.0502,107.64,0.8320000000000001,8
0.129,0.792,94760,0.403,0,0.0975,0,0.093,-14.103,1,25,0.0635,126.126,0.376,4
0.981,0.123,174867,0.0934,0,0.289,1,0.0882,-23.82800000000001,1,0,0.0457,180.362,0.231,8
0.158,0.298,301600,0.513,0,0.0567,0,0.7929999999999999,-15.147,1,22,0.0433,164.488,0.662,6
0.95,0.39,86373,0.328,0,0.132,8,0.887,-20.545,0,0,0.0382,104.862,0.268,8
0.0012,0.524,199187,0.878,0,0.0,5,0.098,-3.108,0,55,0.0346,130.989,0.59,2
0.872,0.365,227507,0.298,0,0.0,4,0.613,-10.984000000000002,0,15,0.0338,68.156,0.284,7
0.679,0.425,155307,0.373,0,0.0,4,0.077,-7.542999999999997,1,68,0.0797,78.225,0.6629999999999999,3
0.992,0.379,217987,0.136,0,0.838,11,0.0947,-21.46,1,0,0.0306,80.22800000000002,0.282,10
0.715,0.423,233013,0.183,0,4.25e-05,9,0.104,-13.517,1,50,0.0344,122.341,0.142,1
0.0144,0.4970000000000001,221507,0.7859999999999999,0,0.0,1,0.638,-6.05,0,54,0.322,152.982,0.736,2
0.826,0.6459999999999999,154640,0.204,0,0.0,10,0.312,-11.957,1,38,0.0566,140.428,0.687,3
0.8140000000000001,0.561,224707,0.365,0,0.0018,8,0.454,-10.431,1,47,0.0284,80.428,0.375,2
0.136,0.871,191533,0.392,0,5.720000000000002e-05,7,0.113,-15.2,1,23,0.0412,119.653,0.985,5
0.736,0.512,180573,0.265,0,0.000453,5,0.204,-15.737,1,44,0.035,85.93700000000004,0.687,2
0.972,0.499,280840,0.0539,0,0.0287,11,0.0839,-21.882,1,47,0.0396,72.98100000000002,0.324,5
0.459,0.677,333267,0.36,0,1.33e-06,9,0.0704,-12.612,1,34,0.0518,110.279,0.139,3
0.97,0.43,271893,0.245,0,0.0723,9,0.659,-14.882,1,0,0.0417,118.642,0.338,7
0.961,0.417,196760,0.489,0,0.00933,10,0.262,-7.382999999999999,1,0,0.0541,125.892,0.488,8
0.6409999999999999,0.638,412082,0.5,0,7.44e-05,5,0.0613,-10.116,1,49,0.034,126.4,0.406,5
0.6629999999999999,0.616,203440,0.526,0,0.0,9,0.058,-11.423,1,35,0.0395,87.925,0.903,3
0.0174,0.906,190400,0.213,0,0.0753,1,0.0986,-13.936,0,53,0.0789,135.309,0.485,1
0.745,0.354,145867,0.276,0,1.35e-06,0,0.11,-14.999,1,52,0.0295,82.787,0.4270000000000001,5
0.866,0.322,196853,0.349,0,0.0,0,0.0908,-6.704,1,2,0.0293,79.70100000000002,0.371,7
0.99,0.6829999999999999,187933,0.185,0,3.2e-05,7,0.219,-9.477,0,0,0.0944,110.534,0.626,9
0.0021,0.596,329773,0.861,1,8.39e-06,4,0.0925,-6.75,1,43,0.067,120.032,0.293,2
0.0047,0.389,329213,0.488,0,0.0,0,0.64,-7.466,1,55,0.0301,144.339,0.303,1
0.938,0.181,200179,0.101,0,0.975,6,0.0617,-20.633000000000006,0,0,0.0445,114.897,0.14400000000000002,9
0.995,0.321,78107,0.442,0,0.922,9,0.161,-19.146,0,19,0.0514,113.774,0.379,7
0.961,0.125,489587,0.0954,0,0.5329999999999999,7,0.132,-19.941,1,37,0.0462,167.002,0.0482,3
0.945,0.246,258053,0.192,0,0.73,0,0.28,-12.528,0,0,0.0407,147.166,0.28800000000000003,9
0.0119,0.5820000000000001,271147,0.914,0,0.000408,11,0.201,-4.097,1,56,0.0573,118.076,0.268,1
0.904,0.42,327267,0.528,0,0.11,0,0.105,-11.217,0,22,0.057,177.227,0.679,5
0.338,0.27,162813,0.517,0,2.1600000000000007e-05,10,0.337,-4.618,1,24,0.0301,152.685,0.591,6
0.797,0.602,137933,0.226,0,3.55e-06,8,0.073,-11.664,1,5,0.0377,132.829,0.569,7
0.8640000000000001,0.375,153907,0.484,0,0.0,9,0.333,-8.368,1,15,0.0403,100.592,0.448,6
0.194,0.7959999999999999,145293,0.6890000000000001,0,0.0,9,0.289,-6.184,1,32,0.0647,88.397,0.8320000000000001,3
0.7759999999999999,0.544,173840,0.179,0,0.942,5,0.0801,-21.388,0,13,0.041,116.498,0.8240000000000001,6
0.984,0.638,198533,0.279,0,0.000866,6,0.0957,-16.767,1,0,0.6,66.763,0.705,7
0.251,0.527,243345,0.8,0,0.0163,2,0.129,-7.151,1,47,0.032,147.096,0.505,4
0.429,0.547,249893,0.304,0,0.0,11,0.14300000000000002,-14.326,0,35,0.0336,74.164,0.157,4
0.198,0.69,114199,0.189,1,0.0,11,0.247,-17.723,0,0,0.938,142.075,0.645,9
0.708,0.529,260133,0.299,0,0.0,2,0.101,-12.048,1,48,0.0418,127.902,0.6659999999999999,6
0.665,0.364,208760,0.383,0,0.000407,0,0.116,-7.0310000000000015,1,38,0.0287,83.086,0.307,2
0.0609,0.526,639600,0.574,0,0.465,10,0.111,-9.268,0,37,0.0432,156.632,0.51,5
0.017,0.471,301827,0.523,0,0.0,9,0.117,-9.947,1,25,0.0298,135.748,0.223,5
0.000254,0.5479999999999999,133400,0.935,0,0.0,9,0.422,-2.112,1,49,0.0775,141.118,0.593,2
0.385,0.632,170439,0.336,0,0.0,9,0.127,-15.992,0,38,0.0331,109.493,0.8859999999999999,6
0.782,0.311,168400,0.209,0,0.000993,11,0.139,-20.169,1,41,0.0414,127.78,0.422,6
0.7,0.472,162893,0.265,0,0.0,5,0.958,-17.581,1,31,0.47,67.667,0.47,6
0.472,0.621,244160,0.972,0,0.000585,8,0.195,-3.791,1,59,0.0724,155.113,0.866,2
0.915,0.46,260067,0.109,0,0.0027,11,0.102,-21.911,0,11,0.177,204.211,0.632,6
0.973,0.542,155820,0.508,0,0.0884,4,0.132,-8.886000000000003,1,16,0.0369,88.751,0.747,8
0.518,0.48,1049213,0.422,0,0.005679999999999999,9,0.5529999999999999,-15.359000000000002,0,39,0.0408,131.555,0.629,7
0.42,0.6609999999999999,155240,0.31,0,0.763,3,0.0722,-12.269,1,4,0.0437,107.669,0.8109999999999999,8
0.297,0.657,231720,0.732,0,0.0,7,0.0906,-4.308,1,49,0.0429,120.151,0.531,1
0.994,0.353,357860,0.111,0,0.0277,8,0.147,-11.653,1,1,0.0526,70.469,0.266,9
0.841,0.487,218645,0.217,0,0.000464,9,0.33,-15.125,0,0,0.0332,120.955,0.189,8
0.0799,0.8270000000000001,130038,0.544,1,1.97e-06,1,0.156,-5.686,1,58,0.05,143.014,0.175,1
0.162,0.7170000000000001,183667,0.659,0,0.0126,7,0.141,-9.458,1,30,0.039,136.162,0.893,6
0.183,0.638,423773,0.523,0,0.254,0,0.057,-6.489,1,38,0.0402,116.122,0.41,3
0.8490000000000001,0.312,207987,0.13,0,0.000235,5,0.0839,-20.62,0,45,0.036000000000000004,79.30199999999998,0.28800000000000003,4
0.99,0.8590000000000001,179493,0.337,0,0.395,5,0.109,-11.604,1,0,0.145,120.796,0.96,10
0.94,0.141,435467,0.103,0,0.835,2,0.106,-23.25800000000001,1,0,0.0414,96.228,0.0392,8
0.95,0.378,430667,0.227,0,0.872,7,0.101,-19.285,0,10,0.0441,110.74,0.0915,6
0.00403,0.392,196427,0.5429999999999999,0,0.624,0,0.0462,-11.319,0,38,0.0311,122.547,0.611,6
0.8190000000000001,0.7340000000000001,162600,0.496,0,0.0,5,0.151,-9.205,1,0,0.0637,131.959,0.92,7
0.951,0.484,239400,0.0169,0,0.00121,1,0.0945,-22.426,1,0,0.0531,116.32,0.179,8
0.13699999999999998,0.392,181400,0.626,0,0.0183,0,0.117,-10.737,1,62,0.0464,77.869,0.284,1
0.0243,0.55,231773,0.7070000000000001,0,0.0,1,0.102,-5.96,1,50,0.0307,131.885,0.383,1
0.98,0.565,130600,0.134,0,0.0,7,0.0995,-15.042,1,0,0.13,91.431,0.415,9
0.227,0.643,230040,0.341,0,0.0,5,0.0689,-15.934,1,45,0.0383,130.688,0.64,3
0.22,0.612,119547,0.614,0,0.0,2,0.0598,-7.2570000000000014,1,15,0.0311,107.017,0.89,6
0.958,0.331,230547,0.204,0,0.0018,0,0.087,-15.333,0,8,0.0376,93.289,0.218,7
0.368,0.408,202453,0.773,0,1.41e-05,9,0.353,-3.69,1,39,0.0472,178.11,0.64,3
0.8420000000000001,0.54,227827,0.154,0,1.22e-06,8,0.13,-14.673,0,31,0.0409,81.252,0.629,4
0.15,0.74,276000,0.598,0,0.0,7,0.0664,-9.658,0,46,0.0321,101.933,0.952,5
0.0219,0.513,152333,0.5670000000000001,0,0.336,4,0.28600000000000003,-10.215,1,23,0.0708,157.015,0.968,4
0.421,0.393,244693,0.398,0,0.00031600000000000004,0,0.343,-12.359000000000002,0,3,0.0364,134.961,0.256,9
0.17,0.459,146133,0.544,0,0.000166,5,0.302,-14.017,1,15,0.0325,124.321,0.944,7
0.861,0.514,236253,0.326,0,9.1e-05,2,0.179,-12.99,1,40,0.0294,143.062,0.52,5
0.945,0.41,305307,0.256,0,0.414,9,0.0691,-14.196,1,31,0.028,131.8,0.0834,4
0.272,0.389,640387,0.573,0,3.64e-05,5,0.325,-14.130999999999998,0,12,0.12,140.65,0.447,6
0.856,0.371,262027,0.0884,0,0.0,3,0.101,-18.251,1,51,0.0376,87.441,0.158,2
0.992,0.425,243493,0.0324,0,0.913,0,0.214,-28.812,1,0,0.0346,72.665,0.274,8
0.959,0.231,290800,0.0698,0,0.8959999999999999,3,0.157,-25.044,1,42,0.0436,95.7,0.442,4
0.0673,0.218,255440,0.522,0,9.47e-06,5,0.125,-8.78,1,32,0.0326,74.584,0.429,6
0.363,0.6679999999999999,225973,0.77,0,0.0,0,0.282,-5.432,1,36,0.0718,165.592,0.962,5
0.312,0.7559999999999999,245493,0.857,0,6.7e-06,5,0.0666,-7.874,0,40,0.0891,116.642,0.897,5
0.222,0.487,185867,0.433,0,1.4300000000000005e-05,0,0.101,-13.045,1,51,0.0316,158.339,0.5539999999999999,5
0.146,0.483,210107,0.414,0,0.0672,11,0.202,-13.442,1,25,0.0323,85.655,0.629,5
0.615,0.6,225882,0.412,0,0.0025,8,0.134,-9.343,1,68,0.344,113.049,0.408,1
0.979,0.667,115693,0.141,0,0.0,1,0.115,-19.906,1,0,0.955,149.48,0.7559999999999999,9
0.568,0.562,154933,0.235,0,0.0,8,0.085,-13.89,1,41,0.0265,76.991,0.398,3
0.995,0.434,241400,0.042,0,0.946,7,0.12,-24.739,0,23,0.0406,100.752,0.0599,7
0.276,0.265,261239,0.467,0,0.0529,0,0.165,-9.092,1,45,0.0305,70.93,0.35,2
0.967,0.56,368653,0.224,0,0.81,7,0.107,-12.933,1,11,0.0448,84.545,0.334,6
0.0279,0.389,121560,0.952,0,1.01e-05,0,0.304,-7.579,1,40,0.11,132.537,0.35600000000000004,3
0.134,0.7759999999999999,228467,0.684,0,0.0,11,0.254,-4.95,1,65,0.0511,91.003,0.6579999999999999,1
0.728,0.7879999999999999,176440,0.443,0,0.000438,7,0.103,-10.522,0,5,0.0401,115.88,0.8220000000000001,7
0.0655,0.215,268733,0.752,0,0.0,2,0.45,-6.82,1,35,0.0767,83.11200000000002,0.324,2
0.00757,0.484,308973,0.69,1,0.0,6,0.181,-6.339,1,45,0.316,80.862,0.657,3
0.069,0.379,669293,0.804,0,0.609,7,0.081,-8.351,1,26,0.0417,148.951,0.46,5
0.978,0.4370000000000001,192067,0.157,0,0.15,11,0.108,-16.519000000000002,1,0,0.0448,67.263,0.405,9
0.31,0.275,185140,0.61,0,0.458,6,0.114,-9.918,1,0,0.0586,83.48899999999998,0.525,8
0.412,0.608,179467,0.359,0,1.19e-05,5,0.0564,-15.497,0,0,0.0352,114.755,0.373,8
0.157,0.688,217800,0.487,0,0.00304,9,0.0488,-8.256,1,53,0.174,146.035,0.926,5
0.613,0.345,844733,0.227,0,0.6809999999999999,5,0.835,-17.122,0,9,0.11,74.12899999999998,0.195,6
0.0615,0.5710000000000001,206320,0.903,0,1.23e-06,7,0.18600000000000005,-2.184,1,59,0.214,127.951,0.477,1
0.00331,0.366,75973,0.905,0,3.13e-05,2,0.386,-8.657,1,23,0.0636,164.831,0.848,4
0.588,0.557,193000,0.591,0,0.0,4,0.423,-8.1,1,25,0.253,134.596,0.63,5
0.888,0.623,144533,0.333,0,0.0,9,0.061,-13.095999999999998,1,0,0.435,172.963,0.921,10
0.934,0.474,144080,0.195,0,4.24e-05,0,0.0859,-8.801,1,47,0.0499,170.12,0.385,2
0.939,0.6970000000000001,171067,0.135,0,8.41e-05,5,0.0626,-14.389,1,3,0.0391,102.587,0.674,9
0.947,0.477,259093,0.0151,0,0.0173,2,0.0673,-20.779,1,21,0.0466,85.14399999999998,0.217,7
0.983,0.5329999999999999,187400,0.234,0,5.04e-06,5,0.381,-11.383,1,0,0.142,90.56,0.774,8
0.448,0.598,246360,0.295,0,0.000366,2,0.0894,-11.504,1,34,0.0249,73.244,0.301,4
0.00323,0.642,214400,0.777,1,0.0,4,0.227,-4.809,0,71,0.094,96.986,0.413,2
0.95,0.6859999999999999,90467,0.0609,0,0.0,2,0.28600000000000003,-8.758,1,9,0.0405,78.214,0.703,7
0.985,0.159,206185,0.265,0,0.858,7,0.206,-10.031,1,0,0.0348,169.985,0.181,9
0.031,0.457,295360,0.815,1,0.0,11,0.244,-4.327,0,47,0.273,150.923,0.237,2
0.0568,0.424,161107,0.6659999999999999,0,0.000131,10,0.111,-9.986,1,13,0.0403,111.065,0.544,6
0.995,0.391,151987,0.0645,0,0.912,0,0.076,-24.581,1,11,0.0367,129.6,0.35100000000000003,8
1.6800000000000002e-05,0.263,210933,0.7190000000000001,0,0.383,7,0.113,-7.239,1,42,0.0422,66.667,0.141,3
0.99,0.687,64373,0.194,0,2.9100000000000013e-05,5,0.115,-17.901,1,17,0.403,128.173,0.377,7
0.954,0.266,173027,0.343,0,0.221,5,0.166,-12.601,1,21,0.0311,106.738,0.264,7
0.976,0.233,902880,0.168,0,0.9,10,0.105,-21.091,1,39,0.0341,69.013,0.0635,6
0.986,0.221,49827,0.395,0,0.94,7,0.179,-17.387,1,7,0.0525,118.822,0.965,7
0.0208,0.901,210160,0.63,0,0.0987,8,0.103,-10.841,0,42,0.188,102.182,0.73,3
0.996,0.562,193627,0.173,0,0.78,7,0.0872,-15.913,1,1,0.254,184.848,0.713,10
1.89e-05,0.619,219720,0.696,0,0.00555,7,0.38,-6.269,0,61,0.0315,125.986,0.727,1
0.986,0.453,255093,0.443,0,0.00243,6,0.563,-13.748,1,0,0.923,82.62700000000002,0.745,7
0.371,0.597,278507,0.573,0,0.946,2,0.0437,-13.159,0,29,0.0392,118.914,0.961,5
0.675,0.904,132971,0.534,0,0.0,5,0.231,-9.003,1,41,0.065,110.84,0.949,7
0.5379999999999999,0.728,146240,0.3670000000000001,0,0.0,7,0.134,-9.958,1,11,0.046,113.17,0.536,7
0.994,0.248,117467,0.0876,0,0.907,5,0.165,-25.786,1,0,0.0566,82.025,0.077,10
0.386,0.637,137044,0.895,0,0.0,1,0.424,-11.485,1,4,0.0319,104.869,0.974,7
0.436,0.353,265747,0.507,0,0.0401,1,0.0941,-8.158,1,40,0.0363,131.82299999999998,0.117,5
0.11,0.416,193267,0.922,0,0.00719,1,0.274,-5.74,1,28,0.112,141.10399999999996,0.451,5
0.438,0.5429999999999999,261200,0.495,0,0.00899,5,0.0636,-13.361,0,26,0.0319,100.137,0.5710000000000001,5
0.157,0.883,197867,0.659,1,1.33e-05,5,0.0771,-8.6,0,37,0.279,74.987,0.966,3
0.948,0.103,264960,0.0563,0,0.923,9,0.157,-22.12,1,25,0.0385,90.332,0.0364,4
0.306,0.5820000000000001,264573,0.908,0,3.19e-05,8,0.147,-7.154,1,49,0.0666,100.076,0.682,3
0.933,0.392,170007,0.227,0,0.8909999999999999,9,0.114,-9.685,0,0,0.0361,120.62,0.6779999999999999,10
0.995,0.7440000000000001,193062,0.14800000000000002,0,0.305,8,0.111,-10.052,1,0,0.195,72.27,0.487,8
0.32,0.412,220173,0.33,0,0.8640000000000001,2,0.218,-12.451,1,28,0.0317,116.557,0.547,6
0.272,0.738,200693,0.534,0,1.25e-05,4,0.116,-8.545,1,40,0.0288,123.33,0.664,4
0.0787,0.4970000000000001,301573,0.8290000000000001,0,0.502,5,0.132,-6.369,0,39,0.0292,103.627,0.962,2
0.993,0.3,149720,0.0301,0,0.89,4,0.312,-22.388,0,0,0.0384,78.334,0.0664,10
3.04e-05,0.289,259800,0.918,0,0.0213,6,0.988,-4.761,1,35,0.0545,97.739,0.366,3
0.7240000000000001,0.505,142253,0.804,0,0.0,9,0.269,-4.735,1,43,0.255,203.912,0.975,3
0.994,0.423,201067,0.117,0,0.843,10,0.111,-15.568,1,0,0.0452,76.859,0.7340000000000001,9
0.588,0.506,237533,0.19,0,0.0,11,0.261,-12.993,0,19,0.038,91.905,0.303,6
0.00586,0.449,198360,0.848,0,0.000365,7,0.0764,-3.374,1,41,0.037000000000000005,91.856,0.621,3
0.887,0.5329999999999999,220147,0.22,0,0.0,4,0.7559999999999999,-18.969,1,0,0.345,96.748,0.486,7
0.0225,0.313,244053,0.949,0,0.328,5,0.126,-5.125,1,41,0.0666,139.589,0.353,2
0.99,0.184,159067,0.0497,0,0.698,5,0.191,-25.75,1,0,0.0552,86.427,0.659,8
0.448,0.524,317440,0.535,0,0.0,2,0.13699999999999998,-11.217,1,40,0.028,117.692,0.763,5
0.165,0.494,273107,0.799,0,1.91e-05,4,0.25,-6.778,1,32,0.0293,151.579,0.932,4
0.13,0.698,248293,0.382,0,0.0191,11,0.238,-18.214,0,25,0.039,89.439,0.962,5
0.242,0.485,190909,0.645,0,0.0,2,0.161,-10.254,0,55,0.0531,175.91,0.623,1
0.591,0.626,74600,0.47,0,0.0,5,0.284,-8.347999999999999,0,0,0.113,73.567,0.774,7
0.994,0.309,246840,0.0947,0,0.877,4,0.066,-20.013,0,0,0.0369,98.011,0.156,8
0.4370000000000001,0.867,177467,0.6679999999999999,0,0.000225,7,0.139,-11.082,1,35,0.0719,121.071,0.975,3
0.753,0.643,122973,0.267,0,0.0,5,0.285,-11.890999999999998,1,24,0.04,120.631,0.77,6
0.546,0.471,256200,0.454,0,0.0,11,0.114,-9.118,1,36,0.0309,170.995,0.36,3
0.983,0.421,65202,0.0335,0,0.675,9,0.195,-24.498,1,0,0.044,123.065,0.37,7
0.00732,0.47,219067,0.909,0,0.304,9,0.314,-5.215,0,56,0.0339,161.64700000000005,0.534,4
0.0471,0.412,208707,0.939,0,0.066,11,0.214,-5.573,1,43,0.168,170.13299999999995,0.328,3
0.996,0.541,191627,0.47,0,9.68e-05,4,0.124,-4.9430000000000005,1,0,0.039,127.243,0.8059999999999999,9
0.5329999999999999,0.76,94631,0.99,0,7.829999999999999e-05,3,0.705,-9.606,1,7,0.67,93.041,0.407,6
0.8190000000000001,0.7140000000000001,290467,0.305,0,0.0,2,0.174,-8.837,1,47,0.0305,124.91,0.5539999999999999,1
0.382,0.581,183333,0.732,0,0.00254,0,0.385,-6.024,1,55,0.0417,89.994,0.36,1
0.969,0.391,222427,0.219,0,0.0,4,0.18,-13.062,0,0,0.0372,121.99,0.136,7
0.4920000000000001,0.775,217427,0.248,0,0.0,0,0.245,-15.528,1,29,0.042,112.972,0.5,4
0.883,0.305,109120,0.344,0,0.873,8,0.263,-18.583,1,0,0.0785,165.285,0.272,8
0.763,0.63,246400,0.609,0,8.53e-06,5,0.119,-8.726,1,50,0.227,105.322,0.618,3
0.299,0.588,610133,0.6890000000000001,0,0.00525,6,0.293,-12.613,0,30,0.182,85.681,0.7609999999999999,5
6.720000000000001e-05,0.366,115707,0.889,0,0.000797,9,0.444,-2.408,1,45,0.0314,181.743,0.916,5
2.88e-05,0.23,226080,0.932,0,0.00192,7,0.199,-5.2620000000000005,1,36,0.18600000000000005,94.897,0.32299999999999995,4
0.565,0.468,233693,0.194,0,0.0,0,0.277,-16.500999999999998,1,22,0.0693,107.332,0.53,4
0.0112,0.48,431627,0.73,0,0.00116,2,0.18600000000000005,-7.2429999999999986,1,23,0.0307,112.154,0.556,5
0.207,0.48,284973,0.435,0,5.83e-06,1,0.196,-9.959,1,41,0.0305,144.435,0.328,4
0.0275,0.6920000000000001,177560,0.624,0,1.25e-06,2,0.215,-10.814,1,29,0.0683,104.312,0.847,4
0.941,0.769,167213,0.19,0,0.0135,0,0.108,-15.537,1,37,0.044,109.391,0.858,3
0.00449,0.684,212373,0.473,0,0.000552,1,0.337,-6.434,1,62,0.0427,81.00399999999998,0.299,0
0.6990000000000001,0.7509999999999999,101359,0.718,0,0.0,1,0.17,-7.654,0,26,0.0573,106.323,0.893,7
0.246,0.682,196067,0.535,0,0.00205,2,0.128,-15.905,1,22,0.0435,113.597,0.716,4
0.0287,0.7170000000000001,367307,0.46,0,0.785,11,0.0661,-11.326,0,62,0.0372,110.993,0.0961,2
0.135,0.795,218926,0.5489999999999999,0,0.000109,2,0.115,-7.791,1,62,0.08800000000000001,108.012,0.5820000000000001,1
0.14300000000000002,0.708,160509,0.541,0,0.467,1,0.138,-9.457,1,24,0.038,122.022,0.946,6
0.0399,0.7909999999999999,307817,0.713,0,1.86e-05,7,0.0528,-10.183,0,32,0.0334,113.856,0.962,4
0.6890000000000001,0.477,156653,0.433,0,0.000195,11,0.151,-6.473,0,68,0.0247,82.52,0.611,6
0.887,0.445,149173,0.439,0,0.184,10,0.344,-9.309,1,8,0.031,102.574,0.444,7
0.305,0.614,287929,0.56,1,4.99e-06,4,0.106,-7.68,0,62,0.0378,155.293,0.5379999999999999,0
0.643,0.5539999999999999,222440,0.326,0,0.0,5,0.0983,-16.802,1,33,0.0315,80.773,0.4970000000000001,4
0.892,0.454,282067,0.275,0,0.00117,4,0.0968,-14.319,0,45,0.0459,149.583,0.414,6
0.00054,0.5770000000000001,174920,0.862,0,1.35e-06,8,0.0583,-3.239,0,46,0.0366,123.007,0.606,2
0.555,0.422,204333,0.119,0,0.0,8,0.0959,-15.182,1,50,0.0354,179.84400000000005,0.405,2
0.096,0.846,195293,0.521,0,4.12e-06,0,0.0919,-10.821,1,39,0.0481,101.653,0.7759999999999999,2
0.932,0.239,367427,0.128,0,0.000305,8,0.595,-19.002,1,0,0.0542,75.335,0.11,8
0.916,0.736,65773,0.279,0,0.925,11,0.13699999999999998,-13.172,0,33,0.0447,93.325,0.334,4
0.995,0.399,151640,0.00936,0,0.873,6,0.151,-26.986,1,2,0.0364,81.656,0.17,9
0.7859999999999999,0.795,244200,0.6579999999999999,0,0.0,2,0.0734,-2.553,1,52,0.0448,109.976,0.921,1
0.521,0.44,173133,0.35700000000000004,0,0.261,0,0.0912,-12.658,1,14,0.0272,146.625,0.741,6
0.933,0.5920000000000001,167387,0.251,0,0.00236,8,0.139,-15.182,1,17,0.0623,119.584,0.5870000000000001,6
0.528,0.4970000000000001,270933,0.536,0,0.441,6,0.119,-8.562999999999999,1,27,0.0407,141.286,0.467,5
0.193,0.7759999999999999,236000,0.762,1,0.0,0,0.18,-4.356,1,67,0.21600000000000005,120.039,0.6779999999999999,1
0.856,0.456,185000,0.173,0,9.5e-05,11,0.147,-13.779000000000002,0,16,0.0487,75.057,0.227,7
0.674,0.598,190960,0.531,0,0.7959999999999999,4,0.094,-15.073,1,30,0.0824,113.179,0.314,6
0.6809999999999999,0.515,451200,0.483,0,0.0,5,0.957,-9.761,1,35,0.368,92.454,0.565,3
0.994,0.6920000000000001,168587,0.262,0,0.931,11,0.111,-19.348,1,0,0.0651,114.353,0.893,10
0.239,0.603,233187,0.852,0,2.97e-06,0,0.0901,-6.825,1,30,0.15,76.258,0.78,4
0.985,0.398,79267,0.145,0,0.905,10,0.158,-20.379,1,0,0.033,93.493,0.609,8
0.937,0.29600000000000004,260240,0.111,0,0.000281,7,0.104,-18.52,0,33,0.0332,82.81700000000002,0.0762,6
0.7909999999999999,0.748,110600,0.313,1,0.0,0,0.138,-15.963,1,0,0.631,112.491,0.493,7
0.0171,0.377,314747,0.813,0,0.114,0,0.32299999999999995,-4.231,1,52,0.0448,165.012,0.265,2
0.935,0.476,158333,0.0514,0,1.4e-05,7,0.18,-17.194000000000006,1,9,0.0401,92.08,0.224,7
0.00028900000000000003,0.606,219052,0.758,0,0.11,5,0.14300000000000002,-5.721,0,47,0.027000000000000003,116.043,0.435,1
0.0805,0.619,200440,0.574,0,0.0,8,0.0948,-9.775,1,28,0.0328,105.35,0.7659999999999999,5
0.705,0.324,475480,0.334,0,7.71e-06,0,0.126,-10.795,1,34,0.0286,113.279,0.191,5
0.961,0.35,197277,0.271,0,0.752,10,0.127,-14.669,0,0,0.0413,143.343,0.556,8
0.984,0.403,192000,0.243,0,0.00203,8,0.333,-13.917,1,0,0.0416,114.142,0.219,9
0.00197,0.377,175440,0.975,0,0.000216,8,0.35700000000000004,-2.4730000000000003,0,26,0.096,112.99,0.625,4
0.642,0.6709999999999999,306667,0.28800000000000003,0,0.00209,8,0.0786,-17.244,1,26,0.0459,96.555,0.635,5
0.000837,0.484,179827,0.804,0,9.29e-06,5,0.17,-5.8889999999999985,1,64,0.0912,119.838,0.391,1
0.0617,0.631,518640,0.901,0,0.000618,10,0.947,-5.603,1,36,0.06,91.01,0.459,3
0.892,0.5479999999999999,192840,0.234,0,1.01e-06,7,0.11,-16.535,1,39,0.0424,132.244,0.34,5
0.00105,0.463,345293,0.705,0,0.0343,5,0.201,-9.807,1,33,0.0349,94.138,0.526,4
0.762,0.718,112200,0.4970000000000001,0,0.0274,0,0.122,-15.499,1,33,0.0607,89.119,0.894,6
0.933,0.461,197707,0.0314,0,0.00023,10,0.0858,-22.119,1,11,0.0381,62.738,0.177,6
0.797,0.617,176293,0.675,0,0.0,3,0.44,-3.727,1,19,0.03,125.762,0.838,6
0.476,0.7090000000000001,275400,0.557,0,8.52e-06,6,0.132,-12.285,0,38,0.0292,132.974,0.804,4
0.449,0.453,204533,0.5379999999999999,1,0.0,1,0.19,-8.212,1,84,0.0638,122.973,0.516,1
0.579,0.569,199773,0.337,0,0.00198,7,0.145,-12.658,1,44,0.027000000000000003,131.594,0.316,2
0.363,0.505,348987,0.341,0,0.000326,0,0.059,-13.668,1,38,0.0636,103.893,0.441,5
0.285,0.816,248227,0.736,0,0.247,7,0.438,-5.511,1,51,0.0403,105.213,0.943,5
0.214,0.397,443293,0.742,0,0.00793,10,0.103,-10.302,1,28,0.0557,88.352,0.6809999999999999,7
0.474,0.512,137707,0.624,0,0.908,6,0.0977,-20.64,0,9,0.0684,102.791,0.581,7
0.902,0.486,197579,0.237,0,2.0600000000000006e-05,4,0.123,-8.766,1,53,0.0569,179.395,0.8320000000000001,3
0.103,0.401,60000,0.532,1,0.0,5,0.478,-11.554,0,60,0.508,84.777,0.413,1
0.239,0.782,134533,0.335,0,3.47e-05,9,0.0971,-9.949,1,23,0.0417,122.727,0.741,6
0.64,0.649,184600,0.667,0,0.000119,4,0.117,-9.125,1,51,0.0266,162.161,0.78,4
0.26,0.399,488187,0.879,0,0.857,5,0.33,-8.655,1,34,0.0488,75.727,0.6990000000000001,5
0.8809999999999999,0.309,102462,0.361,0,0.872,5,0.119,-14.973,0,23,0.0375,147.15200000000004,0.644,6
0.000357,0.453,317800,0.897,0,0.0944,2,0.365,-5.376,1,60,0.0705,141.16899999999995,0.4920000000000001,1
0.195,0.461,458827,0.636,0,0.0043,7,0.132,-5.885,1,37,0.0337,137.149,0.294,4
0.494,0.7240000000000001,158613,0.775,0,0.0,1,0.0794,-5.841,1,31,0.106,130.85399999999998,0.935,6
0.218,0.6940000000000001,164867,0.883,0,0.0,5,0.14,-4.989,1,44,0.0693,118.325,0.674,3
0.16899999999999998,0.564,350867,0.888,0,0.000101,0,0.182,-3.389,1,36,0.0329,112.234,0.461,3
0.0148,0.575,224427,0.685,0,0.0,2,0.15,-8.146,1,52,0.0452,88.001,0.588,2
0.00103,0.6759999999999999,240000,0.913,1,3.54e-06,4,0.224,-5.198,0,42,0.109,94.994,0.39,2
0.57,0.426,169587,0.37,0,2.46e-06,2,0.116,-10.342,1,22,0.0307,140.929,0.59,6
0.112,0.431,244893,0.591,0,0.0,8,0.129,-6.198,1,61,0.0298,144.012,0.274,1
0.789,0.474,197000,0.262,0,5.87e-06,3,0.0679,-14.688,1,29,0.0536,119.863,0.609,3
0.098,0.667,262973,0.706,0,0.000202,11,0.343,-12.567,1,39,0.0351,97.633,0.634,5
0.988,0.674,202520,0.231,0,0.0168,3,0.298,-16.944000000000006,1,0,0.0419,98.582,0.8420000000000001,8
0.452,0.615,76240,0.503,0,0.05,5,0.0856,-9.144,1,43,0.0453,115.99,0.224,3
0.0267,0.555,257211,0.502,0,0.0,2,0.103,-11.222,1,51,0.0256,113.369,0.218,1
0.947,0.434,100600,0.0773,0,0.00277,11,0.17,-19.327,1,0,0.0446,92.496,0.16699999999999998,7
0.0076799999999999985,0.72,202200,0.711,0,0.0,4,0.243,-5.9620000000000015,1,65,0.0508,126.452,0.596,1
0.0233,0.402,244267,0.482,0,0.0245,1,0.971,-15.102,1,22,0.0559,75.935,0.7859999999999999,6
0.007409999999999998,0.8540000000000001,214133,0.579,0,3.13e-05,2,0.139,-7.27,1,41,0.0283,122.063,0.772,4
0.00391,0.591,224640,0.94,0,0.0,11,0.383,-4.341,1,64,0.0522,100.043,0.6759999999999999,1
0.948,0.609,143427,0.253,0,0.924,9,0.115,-13.050999999999998,1,22,0.0409,65.827,0.0914,6
0.601,0.535,343213,0.448,1,0.0,1,0.376,-8.919,0,63,0.175,120.554,0.284,1
0.931,0.657,162267,0.728,0,0.0565,1,0.416,-4.277,1,0,0.073,79.85600000000002,0.893,7
1.64e-05,0.464,248613,0.95,0,0.00268,8,0.906,-5.165,1,40,0.0523,136.781,0.434,3
0.0157,0.629,180973,0.857,0,0.00396,9,0.755,-7.059,1,52,0.0705,116.254,0.528,5
0.991,0.742,206493,0.256,0,0.104,9,0.126,-8.599,1,0,0.0826,125.173,0.705,9
0.287,0.401,174973,0.431,0,2.860000000000001e-05,0,0.277,-12.534,1,11,0.0345,51.765,0.479,6
0.0607,0.426,240800,0.65,0,4.21e-06,2,0.279,-10.139,1,48,0.0347,142.003,0.416,4
0.00031800000000000003,0.557,234867,0.772,0,0.00234,0,0.17600000000000002,-5.0680000000000005,1,54,0.0304,99.967,0.324,2
0.795,0.773,163973,0.218,0,0.0,5,0.0632,-14.004,1,26,0.0404,126.227,0.7090000000000001,7
0.5870000000000001,0.376,129400,0.374,0,0.0,9,0.214,-11.923,1,57,0.0408,182.719,0.867,5
0.894,0.292,221067,0.0785,0,0.708,11,0.408,-24.238000000000003,1,0,0.0493,120.48,0.09,9
0.124,0.54,319000,0.763,0,0.0157,0,0.0295,-11.696,1,28,0.0426,109.844,0.84,4
0.916,0.539,283267,0.392,0,0.185,10,0.193,-9.886,0,11,0.0924,151.35399999999996,0.488,10
0.858,0.562,151413,0.5579999999999999,0,0.0,4,0.107,-3.572,1,42,0.0453,174.704,0.8390000000000001,2
0.983,0.393,246000,0.0741,0,0.804,5,0.0742,-25.191,1,2,0.0543,91.593,0.051,7
0.451,0.657,195733,0.713,0,0.0,11,0.8759999999999999,-11.306,1,31,0.0435,117.322,0.5479999999999999,3
0.957,0.49,542653,0.115,0,0.619,2,0.0994,-15.702,1,0,0.0456,90.655,0.322,9
0.7809999999999999,0.336,263627,0.259,0,0.799,2,0.0784,-13.337,0,48,0.0412,131.607,0.104,5
0.0564,0.75,170658,0.6629999999999999,1,0.0,4,0.0583,-5.259,1,69,0.174,180.041,0.374,0
0.812,0.568,207667,0.199,0,1.14e-06,4,0.0949,-18.814,0,26,0.0411,125.137,0.195,5
0.113,0.517,316853,0.742,0,3.76e-05,0,0.0936,-11.13,0,51,0.0762,119.94,0.29100000000000004,1
0.942,0.853,189760,0.484,0,0.0259,4,0.151,-11.655,1,4,0.0792,111.737,0.962,7
0.273,0.535,109693,0.336,0,0.0132,9,0.245,-13.278,1,37,0.0335,115.082,0.41,3
0.391,0.715,267172,0.843,0,0.0,0,0.103,-2.83,1,50,0.0278,111.848,0.512,5
0.657,0.486,141840,0.228,0,0.0,2,0.129,-12.364,1,16,0.0275,87.333,0.617,6
0.00013700000000000002,0.477,258933,0.675,0,0.0881,8,0.108,-13.298,1,23,0.0376,138.44899999999998,0.619,5
0.373,0.487,184067,0.331,1,0.0,6,0.247,-14.201,0,43,0.0357,150.278,0.341,3
0.0244,0.855,182120,0.575,0,1.64e-06,2,0.135,-8.68,1,43,0.0344,120.705,0.807,5
0.916,0.361,177200,0.201,0,0.000114,2,0.0934,-9.338,1,13,0.0345,74.251,0.184,7
0.0835,0.467,246627,0.6409999999999999,0,3.4899999999999995e-05,9,0.0853,-4.721,1,46,0.0346,148.045,0.239,2
0.983,0.583,359240,0.102,0,0.299,5,0.117,-16.713,1,0,0.0335,63.4,0.248,8
0.674,0.568,129613,0.317,0,0.14800000000000002,9,0.314,-16.534000000000002,1,25,0.0552,86.85600000000002,0.934,6
0.393,0.718,120600,0.24,1,0.0,11,0.301,-19.192,0,0,0.918,127.282,0.738,10
0.684,0.634,211907,0.457,0,0.0,8,0.304,-5.932,1,57,0.0405,80.08,0.789,1
0.693,0.5920000000000001,219747,0.435,0,0.00064,5,0.136,-13.341,1,7,0.0352,114.593,0.722,6
0.988,0.435,205440,0.194,0,0.0,7,0.313,-10.088,1,0,0.0593,100.212,0.274,7
