0.117,0.526,214960,0.675,0,0.0001,10,0.138,-8.276,1,41,0.0274,90.008,0.73,2
0.0679,0.778,341773,0.501,0,1.82e-06,0,0.106,-7.671,1,45,0.0347,119.556,0.403,3
0.8640000000000001,0.267,253200,0.106,0,0.00127,8,0.0716,-16.531,0,49,0.0372,114.894,0.0543,4
0.568,0.907,197216,0.452,1,0.0,8,0.244,-6.672999999999999,1,64,0.187,92.063,0.691,1
0.4920000000000001,0.693,29560,0.213,0,0.0,10,0.112,-24.606,1,0,0.48,133.341,0.611,8
0.922,0.426,193827,0.223,0,0.614,3,0.259,-15.16,1,0,0.0485,121.284,0.353,9
0.0015,0.627,223112,0.954,0,0.000814,2,0.292,-4.8039999999999985,1,71,0.0425,128.016,0.312,2
0.6559999999999999,0.496,209653,0.329,0,0.00172,7,0.589,-9.843,1,36,0.0328,86.105,0.503,3
0.0678,0.5870000000000001,203333,0.813,0,0.0005780000000000001,6,0.187,-5.124,0,45,0.056,117.655,0.7120000000000001,2
0.157,0.307,224653,0.67,0,0.86,4,0.457,-10.094,0,23,0.0335,146.144,0.789,5
0.994,0.613,170975,0.152,0,0.00264,2,0.633,-7.35,1,0,0.314,78.168,0.7490000000000001,8
0.0755,0.679,214148,0.715,0,0.0,9,0.271,-6.382999999999999,1,71,0.0407,127.435,0.5710000000000001,1
0.925,0.517,300640,0.657,0,0.000126,8,0.26,-8.451,1,22,0.0456,119.077,0.7290000000000001,6
0.989,0.534,180253,0.426,0,0.65,9,0.205,-8.881,0,0,0.0433,89.58200000000002,0.872,8
0.000364,0.52,204375,0.823,0,0.289,0,0.14,-5.152,1,1,0.0363,127.981,0.158,0
0.877,0.457,199960,0.386,0,0.6609999999999999,0,0.109,-11.541,1,2,0.0523,146.309,0.529,8
0.962,0.565,208573,0.177,0,0.237,2,0.114,-12.047,1,0,0.0372,99.159,0.5760000000000001,9
0.0265,0.5710000000000001,159987,0.871,0,0.0,7,0.102,-6.226,1,30,0.0621,119.852,0.7490000000000001,4
0.00224,0.5489999999999999,346027,0.795,0,0.188,0,0.293,-7.169,1,54,0.0268,150.076,0.573,3
0.0347,0.5820000000000001,195240,0.855,0,7.42e-05,9,0.201,-5.818,1,32,0.158,145.55100000000004,0.723,5
0.6809999999999999,0.7020000000000001,245853,0.785,0,0.269,7,0.298,-5.3729999999999976,0,48,0.0265,110.999,0.767,2
5.4899999999999986e-05,0.358,449600,0.6859999999999999,0,0.0311,4,0.097,-12.542,1,41,0.0429,148.406,0.361,4
0.00691,0.4320000000000001,303920,0.936,0,0.0,3,0.14,-4.537,0,65,0.0562,157.469,0.499,2
0.995,0.728,195827,0.204,0,0.00891,0,0.259,-12.197,1,0,0.0659,119.003,0.655,10
0.542,0.545,211653,0.64,0,0.0,0,0.19,-7.165,1,36,0.0338,122.864,0.407,5
0.39,0.612,199467,0.535,0,0.0,3,0.445,-5.7360000000000015,1,30,0.0466,122.666,0.812,4
0.0986,0.465,254181,0.7979999999999999,0,0.8640000000000001,0,0.16699999999999998,-8.449,0,54,0.0429,94.008,0.364,1
0.28300000000000003,0.741,231760,0.718,1,2.21e-06,7,0.23,-5.823,1,66,0.415,165.84799999999996,0.5760000000000001,1
0.987,0.523,202850,0.0415,0,2.32e-05,0,0.294,-21.82,1,3,0.0801,93.74,0.6609999999999999,9
0.278,0.633,215267,0.643,0,0.0,6,0.28600000000000003,-6.791,0,50,0.0574,84.53,0.7240000000000001,4
0.986,0.0928,171560,0.0339,0,0.728,1,0.226,-31.011,0,0,0.0397,78.961,0.0542,8
0.335,0.4970000000000001,229657,0.0392,0,0.0,11,0.0894,-20.096,0,35,0.0373,141.218,0.248,6
0.79,0.595,176627,0.309,0,0.0,1,0.209,-15.297,1,22,0.0407,82.27799999999998,0.812,5
0.532,0.542,315867,0.272,0,0.0,7,0.06,-11.404000000000002,1,40,0.0284,118.474,0.171,3
0.455,0.5760000000000001,582733,0.603,0,0.0537,5,0.0406,-9.603,1,51,0.0329,103.658,0.524,5
0.0854,0.757,359893,0.5539999999999999,0,0.00942,2,0.0925,-11.227,1,33,0.0675,116.958,0.8809999999999999,4
0.0117,0.421,257200,0.7909999999999999,0,1.4800000000000002e-05,9,0.146,-4.998,1,65,0.0496,130.075,0.499,1
0.00202,0.76,264933,0.596,0,0.00356,7,0.981,-10.728,1,50,0.0501,114.007,0.338,4
0.209,0.7609999999999999,168933,0.605,0,0.0,10,0.135,-9.899,1,61,0.0498,117.047,0.941,6
0.954,0.504,275440,0.36,0,0.77,7,0.184,-17.752,0,0,0.0321,129.487,0.5539999999999999,8
0.778,0.687,158947,0.28,0,0.0,2,0.0631,-17.572,1,16,0.0534,87.618,0.741,6
0.259,0.6559999999999999,155813,0.713,0,0.0,5,0.12,-5.007,1,66,0.0478,74.64699999999998,0.875,1
0.919,0.565,125067,0.382,0,1.63e-06,6,0.696,-12.127,1,11,0.131,87.62899999999998,0.435,7
0.129,0.664,187053,0.706,0,1.06e-06,2,0.0857,-7.045,1,67,0.027000000000000003,93.968,0.6809999999999999,2
0.0581,0.8440000000000001,264707,0.614,1,6.99e-06,5,0.0769,-6.19,1,51,0.0708,116.034,0.7140000000000001,1
0.949,0.384,210293,0.297,0,0.0,8,0.14400000000000002,-11.390999999999998,1,17,0.0658,62.575,0.4320000000000001,7
0.765,0.569,158867,0.223,0,0.0,8,0.0861,-10.718,0,12,0.0313,88.838,0.487,7
0.948,0.11,545760,0.0653,0,0.529,2,0.217,-21.188,1,37,0.0466,89.029,0.0369,3
0.899,0.348,230373,0.479,0,0.000261,0,0.17800000000000002,-9.559,1,51,0.0297,87.05799999999998,0.426,5
0.922,0.203,681387,0.202,0,0.825,4,0.35600000000000004,-14.572,1,0,0.0477,72.247,0.121,8
0.142,0.6579999999999999,230910,0.815,0,0.0139,8,0.146,-6.989,0,50,0.043,105.035,0.4,1
0.698,0.192,245333,0.128,0,0.392,4,0.0771,-22.898000000000003,0,38,0.0412,96.51,0.0488,3
0.991,0.742,177360,0.365,0,0.0128,4,0.0831,-7.474,0,0,0.046,88.92399999999998,0.47,8
0.365,0.438,317427,0.8059999999999999,0,0.0551,5,0.237,-5.7170000000000005,1,51,0.0395,96.156,0.489,1
0.955,0.474,38640,0.476,0,0.0377,9,0.219,-16.824,1,19,0.5720000000000001,108.811,0.309,6
0.982,0.245,249000,0.118,0,0.892,3,0.14400000000000002,-22.732,1,0,0.0457,127.175,0.191,7
5.350000000000001e-05,0.453,196348,0.61,0,0.545,9,0.101,-4.935,1,53,0.0254,104.188,0.525,2
0.7070000000000001,0.618,143547,0.56,0,0.00014099999999999998,7,0.101,-7.521,1,8,0.0686,118.965,0.845,7
0.977,0.305,215267,0.083,0,0.6970000000000001,6,0.231,-20.895,1,1,0.0331,80.622,0.0479,10
0.989,0.0865,286960,0.139,0,0.887,8,0.108,-19.428,1,4,0.0371,168.81,0.0449,8
0.616,0.552,191360,0.415,0,0.008790000000000001,9,0.343,-12.569,1,37,0.0297,78.012,0.701,5
0.426,0.6809999999999999,215093,0.307,0,0.433,7,0.217,-16.000999999999998,1,35,0.034,121.604,0.612,5
0.815,0.71,107507,0.145,0,0.0,0,0.336,-16.215999999999998,0,0,0.888,111.265,0.513,7
0.496,0.39,182627,0.343,0,0.0,6,0.152,-8.62,1,39,0.0304,114.708,0.18600000000000005,2
0.674,0.601,278240,0.254,0,0.000332,8,0.311,-15.915,1,33,0.036000000000000004,97.7,0.285,6
0.27,0.818,204360,0.364,0,0.0,9,0.125,-12.727,1,45,0.0762,109.599,0.857,5
0.235,0.846,123867,0.34600000000000003,0,0.00381,2,0.113,-13.791,1,40,0.0541,137.642,0.746,6
0.992,0.768,153587,0.0938,0,0.00228,0,0.13699999999999998,-18.895,1,0,0.17600000000000002,123.366,0.482,10
0.461,0.6729999999999999,180867,0.728,0,0.0,2,0.094,-6.882999999999999,1,38,0.0271,101.196,0.918,3
0.00575,0.386,198973,0.6920000000000001,1,0.0,6,0.595,-6.919,0,49,0.0898,111.266,0.35100000000000003,2
0.189,0.569,251280,0.7929999999999999,0,0.0,1,0.111,-3.749,1,70,0.0405,108.048,0.45,1
0.995,0.464,173520,0.35100000000000003,0,0.00126,8,0.225,-10.079,1,0,0.0607,120.853,0.488,10
0.0273,0.72,197240,0.8220000000000001,0,0.0,4,0.308,-4.166,0,48,0.0464,129.988,0.97,1
0.95,0.329,140773,0.28800000000000003,0,0.000124,11,0.235,-12.854,0,0,0.0427,90.557,0.0391,8
0.985,0.562,190280,0.11,0,0.00514,5,0.0894,-13.464,1,50,0.0363,162.548,0.358,2
0.986,0.667,157507,0.35700000000000004,0,0.133,0,0.0516,-7.03,1,0,0.125,126.852,0.8690000000000001,9
0.8340000000000001,0.477,185133,0.62,0,0.0,5,0.0866,-8.121,1,23,0.0326,95.371,0.797,5
0.246,0.657,398373,0.534,0,0.00122,0,0.12,-10.291,1,26,0.0423,105.614,0.75,5
0.211,0.7140000000000001,183293,0.885,0,3.87e-06,7,0.255,-5.9220000000000015,1,42,0.0411,141.371,0.91,2
0.8390000000000001,0.555,94147,0.364,0,0.0,5,0.14400000000000002,-8.955,1,41,0.0272,105.821,0.48,2
0.8390000000000001,0.618,89520,0.452,0,3.22e-06,4,0.331,-8.265,1,12,0.068,135.525,0.769,6
0.918,0.333,297253,0.128,0,4.25e-05,9,0.0865,-14.19,1,26,0.0354,114.44,0.0724,3
0.959,0.363,178400,0.179,0,0.000206,1,0.177,-14.796,1,14,0.0373,120.335,0.344,7
0.418,0.354,195640,0.722,0,1.22e-05,9,0.6679999999999999,-7.1629999999999985,1,30,0.07400000000000001,200.012,0.759,4
0.299,0.5529999999999999,210200,0.502,0,0.0,0,0.764,-5.972,1,79,0.0409,129.976,0.29600000000000004,1
0.149,0.598,130067,0.909,0,0.0239,2,0.0519,-8.321,1,44,0.0969,155.851,0.961,6
0.522,0.476,174040,0.228,0,6.500000000000001e-05,6,0.0764,-12.292,1,25,0.113,205.615,0.7290000000000001,6
0.962,0.134,1189907,0.16399999999999998,0,0.765,2,0.0823,-17.754,1,0,0.0418,79.743,0.0593,9
0.019,0.581,218160,0.907,0,0.00988,6,0.312,-4.8439999999999985,0,56,0.0651,127.982,0.608,1
0.953,0.19,167333,0.235,0,0.000352,11,0.335,-16.14,0,4,0.0347,94.536,0.0884,7
0.943,0.331,374640,0.28800000000000003,0,0.004529999999999999,1,0.0756,-11.067,1,54,0.0311,130.752,0.097,2
0.78,0.614,171373,0.275,1,0.0,2,0.119,-12.804,0,57,0.18600000000000005,130.664,0.165,1
0.775,0.642,136293,0.667,0,0.0,2,0.0942,-6.027,1,33,0.0608,143.358,0.968,6
0.995,0.35200000000000004,193333,0.0989,0,0.918,9,0.0989,-16.738,1,0,0.128,50.688,0.416,7
0.546,0.645,416333,0.188,0,0.836,6,0.0952,-19.37,1,49,0.0377,119.999,0.0748,2
0.99,0.732,123387,0.264,0,0.000852,5,0.0946,-14.148,1,5,0.322,135.011,0.696,9
0.228,0.436,271667,0.831,0,0.8029999999999999,9,0.104,-11.469,0,29,0.0598,150.954,0.792,5
0.14400000000000002,0.612,254533,0.52,0,0.0,2,0.695,-9.665,1,49,0.0474,86.027,0.635,2
0.993,0.701,163654,0.218,0,0.0107,3,0.14,-10.634,1,8,0.0551,89.286,0.741,6
0.725,0.8740000000000001,146971,0.49,0,7.56e-05,5,0.106,-9.033,1,39,0.0624,103.649,0.9,7
0.193,0.901,321307,0.5920000000000001,1,3.48e-05,1,0.262,-5.808,1,35,0.49,88.729,0.22,3
0.986,0.535,181200,0.222,0,0.0007,0,0.142,-10.104,1,11,0.0435,100.052,0.328,7
0.6940000000000001,0.632,43085,0.243,0,0.0,7,0.633,-16.112000000000002,1,0,0.0355,120.901,0.908,8
0.993,0.638,193000,0.214,0,0.5489999999999999,10,0.299,-11.777,1,7,0.0624,163.011,0.594,9
0.792,0.451,186333,0.67,0,0.000663,2,0.0697,-8.829,1,0,0.034,140.828,0.784,8
0.00107,0.635,201827,0.758,1,0.575,0,0.239,-7.172999999999999,0,57,0.095,155.043,0.733,3
0.795,0.672,129160,0.675,0,0.000214,7,0.31,-7.978,1,23,0.0514,112.802,0.8809999999999999,6
0.0138,0.74,388000,0.603,0,0.000934,0,0.07,-10.487,1,33,0.0797,118.105,0.688,4
0.857,0.574,296533,0.496,0,0.7340000000000001,5,0.32,-7.831,1,9,0.0411,82.28200000000002,0.574,7
0.9,0.244,111972,0.038,0,0.0125,2,0.108,-27.956,0,0,0.0482,86.419,0.327,7
0.00898,0.612,188253,0.799,0,0.0,10,0.172,-4.603,1,77,0.0275,125.976,0.687,1
0.418,0.369,204613,0.639,0,0.0,0,0.141,-4.839,1,46,0.0341,81.053,0.345,2
0.8859999999999999,0.433,136307,0.505,0,1.46e-05,7,0.0931,-8.177,1,22,0.0926,71.007,0.523,4
0.994,0.453,192575,0.132,0,0.0961,0,0.3,-14.880999999999998,1,0,0.0423,143.17600000000004,0.447,8
0.28800000000000003,0.392,354320,0.402,0,0.0,0,0.243,-9.961,0,34,0.0536,143.88299999999995,0.228,5
0.58,0.444,168613,0.594,0,8.32e-06,5,0.618,-10.444,1,24,0.0514,82.381,0.8740000000000001,7
3.94e-05,0.514,304493,0.979,0,0.0829,10,0.0973,-5.086,0,45,0.13699999999999998,132.94,0.244,2
0.15,0.551,230613,0.598,1,0.0,1,0.299,-6.79,1,61,0.27,78.756,0.612,2
0.696,0.388,192427,0.383,0,4.4299999999999986e-05,5,0.967,-13.996,1,34,0.0326,109.725,0.521,4
0.965,0.29600000000000004,157027,0.19,0,0.899,10,0.126,-17.158,0,1,0.031,108.282,0.257,10
0.208,0.501,192000,0.836,0,0.0,11,0.152,-3.587,0,66,0.0491,159.863,0.618,1
0.473,0.475,193469,0.667,1,0.0,8,0.398,-8.639,0,54,0.425,184.999,0.703,1
0.233,0.648,232333,0.696,0,0.00179,0,0.304,-9.789,1,23,0.0298,123.671,0.967,5
0.7340000000000001,0.491,181333,0.7190000000000001,0,0.8859999999999999,9,0.14,-7.917000000000002,0,43,0.0482,97.513,0.512,5
0.336,0.331,299493,0.318,0,0.158,5,0.17,-14.901,1,41,0.0313,82.427,0.111,3
0.0969,0.574,182623,0.758,1,0.0,1,0.395,-5.029,0,79,0.0621,144.111,0.4920000000000001,1
0.878,0.404,197695,0.35200000000000004,0,0.0746,8,0.114,-14.342,1,19,0.0348,126.371,0.468,4
0.0425,0.691,200493,0.8420000000000001,0,0.0,1,0.609,-7.513,1,28,0.131,115.206,0.743,5
0.866,0.472,195280,0.219,0,0.593,5,0.0611,-14.939,1,8,0.0286,151.423,0.495,6
0.882,0.136,143426,0.281,0,0.00297,11,0.0991,-14.923,1,1,0.0389,87.118,0.159,7
0.0127,0.518,201240,0.6970000000000001,0,7.390000000000001e-05,5,0.17800000000000002,-7.3279999999999985,1,31,0.0307,133.921,0.385,4
0.0329,0.87,255627,0.855,1,1.11e-06,5,0.103,-3.591,0,55,0.108,102.789,0.446,2
0.926,0.575,162507,0.422,0,1.19e-05,2,0.21,-4.853,1,0,0.0516,119.899,0.743,9
0.257,0.555,96720,0.959,0,0.0,6,0.583,-3.5580000000000003,1,42,0.0632,146.94799999999995,0.7040000000000001,2
0.535,0.468,240920,0.76,0,8.1e-06,4,0.0912,-7.3039999999999985,0,53,0.0529,168.963,0.472,5
0.63,0.846,255200,0.64,0,0.197,2,0.111,-13.263,1,34,0.129,89.346,0.7070000000000001,3
0.00294,0.593,227160,0.947,0,1.4e-05,9,0.1,-2.748,1,40,0.0564,97.01,0.8009999999999999,2
0.912,0.404,577199,0.298,1,0.228,9,0.0996,-12.986,0,69,0.0304,78.815,0.315,1
0.851,0.51,271000,0.223,0,0.00539,4,0.114,-11.205,1,31,0.0432,168.65200000000004,0.413,5
0.994,0.621,187507,0.2,0,0.693,6,0.181,-10.484000000000002,1,0,0.108,113.904,0.741,9
0.52,0.474,150000,0.34700000000000003,0,1.97e-05,9,0.13,-9.253,1,23,0.0269,108.945,0.524,6
0.794,0.416,235713,0.202,0,0.00155,0,0.364,-15.507,1,0,0.0326,81.436,0.647,9
0.934,0.57,170227,0.29600000000000004,0,0.00674,5,0.111,-6.159,1,29,0.0308,111.88,0.634,6
0.057,0.75,242107,0.7490000000000001,0,0.0993,9,0.385,-12.118,0,30,0.0293,130.266,0.969,5
0.988,0.35100000000000003,182573,0.116,0,0.8640000000000001,5,0.244,-14.157,1,0,0.0449,143.05,0.5329999999999999,7
0.261,0.8140000000000001,172013,0.66,0,0.0,6,0.0536,-7.916,1,31,0.0297,112.134,0.967,3
0.8759999999999999,0.578,311067,0.419,0,0.00137,5,0.268,-13.796,0,9,0.0499,97.308,0.596,6
0.0095,0.456,179600,0.752,0,0.00145,11,0.0573,-8.121,0,63,0.09,183.569,0.897,3
0.975,0.687,185507,0.624,0,0.0104,1,0.802,-6.856,1,0,0.382,150.328,0.907,9
0.0363,0.674,180333,0.932,1,0.0,8,0.0576,-4.876,1,66,0.0718,144.039,0.826,1
0.209,0.664,269893,0.737,0,0.888,11,0.0817,-5.674,0,43,0.0498,93.116,0.305,3
0.878,0.5589999999999999,203227,0.253,0,0.000145,0,0.0787,-10.267,1,16,0.0514,87.895,0.517,7
0.855,0.41,191133,0.359,0,0.625,8,0.159,-18.123,1,14,0.035,141.356,0.529,7
0.924,0.517,170613,0.0583,0,0.00114,0,0.218,-17.599,0,7,0.0374,86.838,0.238,7
0.436,0.778,218267,0.414,0,0.103,6,0.0507,-11.806,1,29,0.106,93.257,0.8079999999999999,5
0.2,0.537,224693,0.84,0,2.15e-06,9,0.0998,-4.626,1,71,0.0363,124.269,0.211,3
0.961,0.154,250067,0.105,0,0.8140000000000001,7,0.14400000000000002,-20.435,0,35,0.038,106.259,0.0399,5
0.732,0.5589999999999999,189518,0.701,0,0.00216,5,0.479,-9.622,1,2,0.0454,117.855,0.888,7
0.987,0.648,171227,0.293,0,8.190000000000001e-05,0,0.311,-11.229,1,7,0.0323,122.752,0.7170000000000001,7
0.774,0.672,161640,0.243,0,1.7899999999999998e-05,0,0.08199999999999999,-11.634,1,52,0.0281,127.716,0.6890000000000001,3
0.066,0.877,226533,0.5579999999999999,1,0.0,1,0.0745,-4.896,1,65,0.342,157.02700000000004,0.493,1
0.227,0.6859999999999999,259707,0.674,0,0.0,6,0.6559999999999999,-6.353,1,32,0.139,96.397,0.716,5
0.0462,0.659,221840,0.882,0,0.0115,5,0.0919,-7.039,1,54,0.0527,156.099,0.8809999999999999,1
0.872,0.645,361773,0.431,0,0.404,0,0.104,-10.934,0,23,0.0397,97.424,0.58,6
0.7070000000000001,0.341,392267,0.41,0,0.0837,11,0.0984,-12.915,0,0,0.0329,123.21,0.316,10
0.919,0.853,166720,0.455,0,0.0821,0,0.122,-3.147,0,0,0.0561,123.543,0.745,9
0.988,0.7829999999999999,88213,0.0993,0,3.76e-05,5,0.121,-18.68,1,0,0.861,49.42100000000001,0.342,7
0.993,0.391,90000,0.0341,0,0.0,11,0.345,-22.964,0,0,0.051,83.791,0.18600000000000005,10
0.14,0.565,184893,0.635,0,0.0,5,0.11,-9.119,0,38,0.0319,176.796,0.841,3
0.398,0.536,206333,0.24,0,0.0,4,0.0821,-19.482,1,49,0.0433,125.42,0.746,5
0.976,0.485,161776,0.282,0,7.290000000000001e-05,0,0.165,-15.955,1,0,0.155,51.168,0.9,8
0.74,0.905,193143,0.389,0,0.162,8,0.106,-14.505,1,83,0.332,120.046,0.196,1
0.906,0.524,355173,0.29600000000000004,0,0.775,10,0.119,-17.816,1,11,0.0371,92.944,0.56,7
0.108,0.7879999999999999,310467,0.336,1,0.0,7,0.321,-8.56,1,55,0.561,166.018,0.7959999999999999,2
0.000295,0.4,251933,0.82,0,0.79,11,0.236,-12.281,1,52,0.0466,128.894,0.135,3
0.7859999999999999,0.546,157413,0.314,0,0.0,4,0.203,-10.375,0,28,0.031,107.586,0.51,6
0.988,0.249,126560,0.276,0,1.09e-05,5,0.112,-11.498,1,1,0.0343,87.24600000000002,0.26,7
0.774,0.362,405507,0.129,0,0.875,7,0.361,-19.829,1,0,0.0405,180.238,0.251,8
0.723,0.126,311333,0.227,0,0.826,2,0.123,-19.871,1,38,0.0408,72.411,0.0544,3
0.34700000000000003,0.687,157760,0.5429999999999999,0,0.0,5,0.34,-5.657,1,31,0.0317,125.375,0.962,6
0.916,0.25,188907,0.187,0,0.35200000000000004,9,0.0587,-17.029,0,16,0.0427,84.869,0.0376,7
0.945,0.359,159960,0.47,0,0.0281,8,0.34700000000000003,-11.479,1,27,0.0353,95.105,0.428,5
0.158,0.397,239341,0.843,0,0.0,10,0.0844,-3.726,0,63,0.0987,81.20100000000002,0.22,1
6.709999999999999e-05,0.321,293360,0.959,1,0.000462,2,0.322,-5.877999999999999,1,46,0.0691,109.031,0.473,3
0.957,0.561,138240,0.526,0,1.16e-05,11,0.54,-12.972,0,4,0.945,154.069,0.67,6
0.968,0.588,176467,0.103,0,1.92e-05,7,0.193,-15.584,1,19,0.0396,67.994,0.213,7
0.0484,0.7929999999999999,263373,0.653,1,4.91e-05,7,0.1,-7.838999999999999,1,73,0.103,117.993,0.393,1
0.853,0.708,152280,0.211,0,0.0,9,0.131,-9.603,0,74,0.0424,72.5,0.362,1
0.00891,0.843,357812,0.46,0,0.00247,10,0.132,-13.512,0,41,0.054000000000000006,109.123,0.84,4
0.114,0.322,508000,0.68,0,0.0245,9,0.434,-11.349,1,53,0.061,142.748,0.518,6
0.7809999999999999,0.324,311347,0.5529999999999999,0,0.00132,7,0.954,-9.029,1,27,0.0417,143.905,0.17600000000000002,5
0.908,0.725,228933,0.239,0,0.00675,8,0.117,-14.325,1,48,0.031,115.545,0.435,3
0.000148,0.469,381947,0.79,1,0.3720000000000001,7,0.282,-6.8889999999999985,1,67,0.0391,107.45,0.466,2
0.17800000000000002,0.531,268423,0.487,0,1.44e-05,0,0.0525,-10.203,0,36,0.0389,157.766,0.31,5
0.112,0.56,200693,0.6920000000000001,0,0.0,1,0.0638,-6.438,1,42,0.0302,83.588,0.698,3
0.0185,0.285,413347,0.613,0,0.1,5,0.114,-6.412000000000001,1,52,0.0421,126.628,0.0772,1
0.847,0.448,488667,0.202,0,0.0412,2,0.107,-19.357,0,17,0.0429,120.777,0.281,7
0.972,0.501,264280,0.337,0,2.94e-06,10,0.0916,-14.487,1,42,0.17600000000000002,133.586,0.512,3
0.218,0.6920000000000001,339733,0.608,0,0.0,8,0.348,-5.233,0,60,0.041,125.005,0.448,1
0.541,0.459,266920,0.435,0,6.51e-05,1,0.119,-10.139,1,53,0.064,90.567,0.0631,1
0.871,0.487,256133,0.459,0,0.0362,3,0.805,-9.541,1,5,0.107,75.21300000000002,0.326,7
0.32,0.57,244293,0.774,1,0.000332,1,0.199,-3.677,0,57,0.25,65.964,0.229,2
0.8290000000000001,0.41,540493,0.104,0,0.219,2,0.0815,-19.203,0,21,0.0356,69.533,0.18600000000000005,6
0.0961,0.95,246333,0.5539999999999999,0,0.0,8,0.226,-10.329,1,46,0.0744,136.53799999999998,0.909,3
0.987,0.483,200560,0.457,0,0.00021,8,0.142,-9.081,1,0,0.0387,93.969,0.609,7
0.482,0.445,203613,0.341,0,0.0425,7,0.18600000000000005,-12.673,1,41,0.0481,160.783,0.94,5
0.028,0.659,261227,0.754,0,0.00898,1,0.289,-9.082,0,35,0.0396,105.409,0.887,3
0.995,0.52,153973,0.146,0,0.908,8,0.142,-23.678,1,0,0.255,106.022,0.649,10
1.4e-05,0.383,776200,0.899,1,0.8290000000000001,0,0.417,-5.129,1,34,0.0547,166.408,0.782,4
0.00224,0.764,284893,0.3720000000000001,0,0.0,10,0.0552,-12.632,1,29,0.0426,136.894,0.7709999999999999,5
0.97,0.489,269053,0.0998,0,0.0028,11,0.556,-18.18,0,41,0.0374,132.585,0.248,6
0.00713,0.5529999999999999,328827,0.852,1,0.0,10,0.463,-4.08,0,64,0.305,176.058,0.27,1
0.906,0.0617,162360,0.0832,0,0.943,5,0.21,-24.968000000000004,0,0,0.0504,59.295,0.0482,7
0.0069900000000000006,0.662,255533,0.61,0,0.38,1,0.0929,-14.026,1,38,0.048,116.71,0.625,3
0.8109999999999999,0.624,151693,0.0911,0,0.0,8,0.0881,-18.514,1,15,0.0286,99.233,0.439,6
0.194,0.723,228610,0.593,1,5.350000000000001e-05,10,0.217,-5.816,1,66,0.0308,92.985,0.273,1
0.0222,0.419,195813,0.759,0,0.0073,4,0.136,-6.658,1,27,0.033,137.34799999999998,0.96,5
0.102,0.453,323467,0.241,0,0.0,0,0.19,-17.559,1,34,0.289,166.014,0.341,5
0.0218,0.574,157173,0.957,0,0.0,8,0.299,-2.761,1,46,0.109,101.013,0.66,2
0.568,0.561,195133,0.247,0,0.0,0,0.0691,-14.897,1,28,0.0257,88.32700000000001,0.312,4
0.878,0.334,192640,0.331,0,8.58e-05,6,0.103,-12.668,1,26,0.0395,120.009,0.156,5
0.911,0.4,236907,0.0887,0,2.58e-05,10,0.108,-16.695999999999998,1,45,0.0328,106.967,0.28600000000000003,2
0.252,0.8290000000000001,218280,0.614,0,0.733,7,0.0986,-9.103,1,30,0.0331,105.103,0.966,5
0.855,0.523,145520,0.214,0,3.71e-05,0,0.107,-17.836,0,11,0.0721,149.61,0.55,7
0.7120000000000001,0.579,164627,0.62,0,0.000214,5,0.905,-10.909,1,46,0.0521,103.377,0.961,3
0.8059999999999999,0.289,299733,0.11,0,1.57e-06,2,0.118,-21.771,1,25,0.0335,135.983,0.354,6
0.873,0.584,81347,0.584,0,0.0,11,0.133,-11.299,0,18,0.0546,92.883,0.8190000000000001,6
0.8809999999999999,0.279,237400,0.273,0,0.907,5,0.134,-11.072,1,9,0.0323,99.198,0.203,7
0.687,0.109,110093,0.0226,0,0.962,2,0.348,-31.791,0,2,0.0395,80.268,0.0353,8
0.000323,0.451,152200,0.955,0,0.000185,6,0.919,-6.468,0,34,0.0726,131.105,0.598,4
0.777,0.54,241012,0.349,0,0.885,0,0.118,-17.387,1,38,0.0347,107.92,0.401,5
0.523,0.848,255413,0.6629999999999999,1,0.0,8,0.108,-5.606,0,60,0.245,133.993,0.333,1
0.0131,0.6920000000000001,243787,0.728,0,0.0,6,0.329,-5.13,1,58,0.171,127.995,0.642,1
0.272,0.5329999999999999,95507,0.7240000000000001,1,6.28e-06,7,0.118,-8.954,0,53,0.31,89.861,0.505,2
0.225,0.737,234413,0.565,0,2.78e-06,0,0.31,-8.042,1,44,0.0287,120.049,0.547,2
0.617,0.703,221747,0.757,1,0.0,1,0.106,-3.612,1,78,0.05,82.008,0.696,1
0.611,0.5539999999999999,181835,0.242,0,5.57e-06,5,0.0954,-11.573,1,59,0.0592,171.013,0.966,3
0.345,0.609,254747,0.698,0,0.0,4,0.182,-7.575,1,34,0.0397,117.807,0.627,3
0.00014199999999999998,0.438,196160,0.913,0,0.00393,9,0.145,-3.438,1,51,0.0558,118.963,0.21,1
0.737,0.6970000000000001,294427,0.396,0,0.982,4,0.122,-13.865,1,0,0.0343,122.717,0.669,9
0.6559999999999999,0.618,219240,0.364,0,0.000475,7,0.0736,-15.145,0,0,0.0999,85.446,0.915,7
0.778,0.544,207786,0.26,0,7.02e-06,8,0.117,-10.868,0,35,0.0547,123.392,0.925,7
0.417,0.6990000000000001,288533,0.662,0,0.0,7,0.31,-6.558,1,32,0.0312,136.764,0.741,3
0.319,0.847,225120,0.7240000000000001,1,0.0007480000000000001,0,0.0853,-4.777,1,52,0.14400000000000002,159.97799999999995,0.5539999999999999,1
0.0906,0.787,471613,0.642,0,0.156,11,0.0521,-12.965,1,36,0.0326,97.978,0.871,4
0.946,0.401,63440,0.245,0,0.963,10,0.159,-9.703,0,0,0.0338,120.956,0.5539999999999999,7
0.4970000000000001,0.833,214107,0.941,0,0.0,2,0.0572,-5.961,1,40,0.105,117.889,0.685,4
0.995,0.311,333800,0.0111,0,0.913,8,0.12,-31.158,1,2,0.0444,49.224,0.118,8
0.99,0.181,564907,0.0847,0,0.889,3,0.155,-20.615,1,0,0.0392,87.809,0.102,7
0.753,0.6,186960,0.236,0,0.0,6,0.194,-12.842,0,32,0.0362,107.24,0.598,7
0.0132,0.421,234787,0.8220000000000001,0,0.0,2,0.092,-4.415,1,49,0.0542,171.935,0.7509999999999999,1
0.102,0.685,183960,0.499,0,0.304,11,0.0694,-12.677,1,27,0.045,115.427,0.727,5
0.203,0.813,50653,0.7959999999999999,1,0.0,2,0.257,-8.545,0,49,0.308,81.328,0.871,3
0.301,0.45,235293,0.481,0,3.53e-06,0,0.39,-11.189,1,21,0.0323,135.907,0.581,6
0.0105,0.359,563893,0.762,0,0.281,11,0.368,-8.323,1,63,0.032,89.259,0.16699999999999998,3
0.993,0.451,191226,0.16,0,0.613,0,0.194,-11.565,1,0,0.0585,71.547,0.5670000000000001,8
0.8079999999999999,0.375,64520,0.281,0,0.328,7,0.353,-13.825,1,34,0.0337,124.618,0.638,4
0.0432,0.523,198373,0.268,0,0.0,1,0.0569,-15.071,1,47,0.0344,167.925,0.177,3
0.747,0.39,181933,0.503,0,0.0,11,0.0827,-8.635,1,18,0.0395,76.376,0.6,6
0.627,0.659,146360,0.66,0,0.000217,0,0.136,-8.337,1,60,0.0441,116.634,0.672,6
0.0121,0.8079999999999999,196199,0.903,0,0.000233,0,0.0993,-3.1060000000000003,1,73,0.0958,116.988,0.473,0
0.847,0.211,175000,0.237,0,0.624,5,0.114,-9.896,0,36,0.0314,81.657,0.102,4
0.841,0.476,262960,0.5760000000000001,0,0.933,10,0.959,-12.957,0,6,0.0363,119.381,0.436,7
0.933,0.275,150400,0.075,0,0.908,3,0.109,-15.281,1,7,0.0347,127.977,0.16,7
0.977,0.398,304133,0.119,0,9.06e-06,1,0.35600000000000004,-19.864,1,0,0.0967,97.116,0.102,7
0.7929999999999999,0.358,408160,0.557,0,0.0,0,0.333,-8.006,1,48,0.0372,130.012,0.163,2
0.405,0.541,237800,0.505,0,0.0,2,0.131,-8.067,1,56,0.0254,74.00399999999998,0.3670000000000001,1
0.0432,0.415,186667,0.927,0,0.0,2,0.103,-10.376,1,36,0.0331,121.659,0.912,4
0.901,0.307,335707,0.132,0,4.38e-05,5,0.32,-16.99,1,0,0.0527,81.21300000000002,0.189,9
0.125,0.532,320613,0.682,0,0.0534,2,0.37,-10.007,1,28,0.0357,106.288,0.546,5
0.0296,0.333,279350,0.784,0,0.943,3,0.411,-4.112,1,50,0.0335,140.078,0.457,1
0.633,0.77,96900,0.281,1,0.0,0,0.249,-16.192,1,0,0.895,79.495,0.409,7
0.258,0.407,355200,0.544,0,0.733,10,0.6559999999999999,-10.247,1,21,0.0303,110.267,0.213,5
0.731,0.309,263440,0.201,0,6.670000000000001e-05,9,0.0699,-15.333,0,42,0.0306,163.707,0.4320000000000001,4
0.0179,0.7140000000000001,272427,0.735,0,1.56e-05,7,0.238,-8.03,1,46,0.0373,107.822,0.7040000000000001,3
0.0577,0.59,234387,0.705,1,0.0,7,0.0571,-7.103,1,47,0.378,120.605,0.657,2
0.95,0.2,231573,0.2,0,5.44e-05,2,0.102,-13.411,1,42,0.035,86.098,0.0941,2
0.000539,0.562,244960,0.964,0,1.57e-06,4,0.579,-2.991,0,61,0.07200000000000001,138.063,0.41,1
0.655,0.355,170844,0.279,0,5.550000000000003e-05,0,0.177,-7.715,1,4,0.0558,100.538,0.293,7
0.185,0.507,232360,0.6970000000000001,0,6.97e-06,7,0.31,-6.26,1,46,0.0304,146.659,0.85,2
0.00541,0.619,253400,0.7090000000000001,1,0.0,7,0.507,-4.633,1,59,0.0395,144.972,0.68,2
0.265,0.6709999999999999,205228,0.209,1,0.0,6,0.393,-20.287,1,0,0.918,84.88600000000002,0.715,10
0.00165,0.5479999999999999,198973,0.889,0,0.00109,9,0.197,-4.682,1,60,0.0382,90.04799999999999,0.425,2
0.95,0.187,207240,0.28300000000000003,0,6.65e-05,8,0.238,-10.849,1,17,0.0328,82.833,0.102,7
0.638,0.586,205659,0.545,0,1.19e-06,2,0.2,-8.649,1,41,0.0283,111.191,0.5,3
0.00248,0.196,257211,0.998,0,0.243,4,0.306,-3.41,1,22,0.257,167.11700000000005,0.0375,4
0.8690000000000001,0.588,143667,0.49,0,0.0,6,0.174,-10.09,1,25,0.0342,152.095,0.926,5
0.0546,0.354,230227,0.779,0,0.00282,7,0.0943,-9.424,1,34,0.0322,162.431,0.54,4
0.511,0.8029999999999999,235227,0.799,1,0.0,1,0.0781,-4.428,0,49,0.277,104.894,0.627,2
0.018000000000000002,0.429,386667,0.73,0,0.000373,9,0.218,-6.172999999999999,0,40,0.0359,106.293,0.5539999999999999,5
0.974,0.569,210520,0.46,0,0.0174,7,0.106,-8.796,1,0,0.0322,78.59,0.7440000000000001,8
0.25,0.605,211027,0.496,0,0.000108,7,0.0741,-6.864,0,45,0.0294,113.988,0.736,3
0.526,0.463,149893,0.465,0,0.000107,2,0.446,-9.539,1,17,0.0297,120.346,0.6609999999999999,6
0.255,0.403,169413,0.596,0,0.0,2,0.307,-6.747000000000001,1,43,0.0321,171.92,0.594,2
0.0195,0.26,100093,0.976,0,3.73e-06,0,0.113,-2.51,0,32,0.173,106.192,0.375,3
0.00384,0.458,155200,0.836,0,0.0,7,0.365,-6.146,0,43,0.0479,173.83900000000003,0.417,2
0.0128,0.377,293733,0.84,0,2.71e-05,2,0.102,-6.022,1,33,0.1,150.349,0.311,3
0.35700000000000004,0.616,218973,0.278,0,0.192,1,0.153,-16.973,1,52,0.0283,100.325,0.443,3
0.982,0.469,221560,0.468,0,0.365,2,0.415,-10.77,0,0,0.115,198.344,0.852,8
0.414,0.57,235253,0.616,0,0.000915,11,0.0977,-8.156,1,34,0.0249,104.337,0.76,4
0.836,0.51,281307,0.307,0,0.862,0,0.0669,-16.963,1,0,0.0444,157.437,0.28300000000000003,8
0.976,0.59,176733,0.117,0,0.0,0,0.168,-15.129,1,9,0.0718,101.185,0.41,9
0.238,0.331,213240,0.642,0,0.000612,7,0.449,-11.849,1,20,0.0747,136.797,0.355,5
0.994,0.62,160373,0.502,0,0.21600000000000005,10,0.33,-11.666,1,0,0.0965,127.29,0.8909999999999999,9
0.00463,0.339,195413,0.985,0,0.0,6,0.232,-2.217,0,46,0.161,98.975,0.395,2
0.397,0.743,185733,0.496,0,0.000146,0,0.0635,-8.458,1,35,0.0419,90.293,0.931,3
2.7399999999999995e-05,0.355,244507,0.928,0,0.134,9,0.316,-5.5520000000000005,0,40,0.056,144.858,0.667,3
0.013,0.564,146250,0.932,0,0.16899999999999998,11,0.349,-10.068,1,45,0.0554,112.937,0.619,5
0.89,0.579,409640,0.223,0,0.848,5,0.105,-22.061,1,46,0.0412,88.809,0.531,6
0.359,0.509,287360,0.787,1,2.7600000000000014e-05,7,0.26,-6.754,1,64,0.265,114.449,0.507,1
0.97,0.588,110840,0.165,0,0.000117,4,0.206,-20.076,1,49,0.0498,135.958,0.605,6
0.762,0.285,423667,0.171,0,0.0,9,0.0786,-18.643,0,23,0.0354,74.42399999999998,0.128,6
0.988,0.5329999999999999,152747,0.0842,0,0.91,8,0.111,-17.49,1,65,0.0494,61.773,0.197,1
0.335,0.862,444373,0.7070000000000001,0,0.000116,10,0.28300000000000003,-6.2429999999999986,0,50,0.0585,121.259,0.8490000000000001,2
0.928,0.624,185960,0.239,0,6.02e-05,7,0.195,-16.482,1,11,0.064,126.053,0.961,7
0.878,0.5710000000000001,223530,0.385,0,0.00182,5,0.0649,-12.524,1,0,0.21,81.045,0.71,8
0.773,0.5660000000000001,149133,0.306,0,0.862,5,0.131,-18.312,1,23,0.034,134.618,0.622,6
0.992,0.399,125378,0.0306,0,0.914,9,0.0745,-29.664,0,1,0.0427,85.5,0.16,7
0.731,0.35600000000000004,292720,0.29600000000000004,0,1.89e-05,7,0.15,-13.675999999999998,1,47,0.0322,142.869,0.166,4
0.0917,0.643,105987,0.73,0,0.0,7,0.253,-6.859,1,46,0.0347,96.711,0.96,6
0.00856,0.257,227160,0.945,0,0.35100000000000003,11,0.0597,-6.4179999999999975,1,19,0.101,81.186,0.044,4
0.872,0.628,256400,0.159,0,0.0,8,0.111,-14.363,1,62,0.0333,135.003,0.505,5
0.106,0.5529999999999999,234307,0.747,0,0.0,9,0.154,-5.432,1,71,0.0279,90.012,0.521,1
0.591,0.7070000000000001,308024,0.234,0,0.0,1,0.42,-17.933,0,0,0.952,129.55100000000002,0.396,9
0.91,0.604,179360,0.152,0,0.0,8,0.0865,-11.339,1,3,0.0519,110.597,0.5589999999999999,8
0.409,0.6679999999999999,309333,0.451,0,2.09e-06,5,0.0969,-9.53,1,39,0.0253,99.946,0.317,4
0.00991,0.384,235613,0.871,0,1.55e-06,7,0.349,-4.034,1,52,0.04,159.939,0.321,2
0.995,0.617,58920,0.033,0,0.378,0,0.0985,-35.055,1,0,0.476,72.084,0.652,7
0.8220000000000001,0.405,226187,0.364,0,0.0291,2,0.0779,-9.901,0,42,0.0272,169.481,0.271,2
0.986,0.455,196440,0.106,0,0.0,2,0.122,-14.086,1,52,0.0422,66.807,0.258,7
0.981,0.365,187960,0.215,0,0.861,7,0.159,-16.611,0,0,0.0456,71.063,0.56,9
0.0384,0.391,211213,0.7879999999999999,0,0.0,7,0.315,-4.503,1,48,0.0422,168.387,0.525,1
0.157,0.387,162653,0.561,0,0.000554,7,0.0634,-12.098,1,22,0.0286,92.447,0.225,6
0.995,0.6729999999999999,178827,0.132,0,0.108,10,0.26,-15.685,1,5,0.0771,105.5,0.5870000000000001,10
0.318,0.62,143333,0.669,0,6.48e-05,9,0.202,-5.2810000000000015,1,43,0.0303,146.493,0.926,3
0.234,0.537,196147,0.53,0,0.0,9,0.131,-11.15,1,27,0.142,164.638,0.7090000000000001,6
0.986,0.391,243573,0.128,0,0.0,5,0.159,-12.946,0,50,0.0511,171.33599999999996,0.526,2
0.015,0.787,206840,0.669,1,0.0,10,0.163,-12.215,0,40,0.274,91.109,0.59,3
0.894,0.385,261093,0.379,0,0.0,2,0.188,-12.050999999999998,1,19,0.0704,130.822,0.3720000000000001,8
0.113,0.494,202080,0.616,0,0.7709999999999999,9,0.113,-9.292,1,26,0.0419,165.442,0.578,4
0.495,0.469,163867,0.598,0,1.16e-06,7,0.175,-5.53,1,38,0.0304,124.839,0.7490000000000001,6
0.8109999999999999,0.5329999999999999,374840,0.166,0,0.0133,10,0.0926,-14.91,1,23,0.0426,76.57300000000002,0.423,7
0.139,0.6709999999999999,243493,0.727,0,0.0,7,0.123,-7.585,1,70,0.035,102.358,0.8009999999999999,3
0.989,0.322,187680,0.109,0,0.000182,10,0.129,-14.793,1,17,0.0312,93.09,0.187,7
0.274,0.83,187573,0.723,0,0.0547,7,0.333,-6.983,1,48,0.0404,132.602,0.87,1
0.602,0.835,122205,0.28800000000000003,0,0.00461,9,0.35200000000000004,-14.701,0,60,0.341,109.934,0.359,1
0.00162,0.511,253587,0.665,0,0.173,0,0.247,-8.529,0,37,0.0275,145.964,0.52,4
0.963,0.299,206493,0.126,0,0.902,2,0.107,-20.359,0,16,0.0341,88.262,0.0805,6
0.4,0.528,362933,0.28600000000000003,0,1.42e-06,2,0.253,-16.512,1,32,0.0289,116.154,0.228,4
0.0438,0.716,247733,0.541,0,0.0,3,0.251,-7.4860000000000015,0,41,0.0512,133.833,0.657,2
0.059,0.68,240893,0.685,0,0.0,5,0.318,-7.343,0,41,0.142,138.716,0.619,3
0.8759999999999999,0.711,169173,0.152,0,0.907,0,0.115,-22.405,1,23,0.0435,104.726,0.595,7
0.575,0.655,131787,0.589,0,0.0,3,0.111,-10.605,0,19,0.0572,105.445,0.6729999999999999,6
0.0338,0.6940000000000001,204267,0.914,0,0.000198,11,0.537,-2.366,0,42,0.0328,138.596,0.8290000000000001,2
0.271,0.489,141840,0.775,0,0.000754,6,0.152,-11.057,1,47,0.0315,124.335,0.939,6
0.58,0.518,330267,0.417,0,0.0,8,0.0722,-13.268,1,59,0.0325,97.63,0.311,4
5.69e-05,0.415,249987,0.867,0,0.000192,11,0.0883,-5.497000000000001,0,59,0.0387,157.90200000000004,0.36,2
0.987,0.275,150480,0.0957,0,0.698,11,0.0923,-23.012,0,2,0.0342,84.229,0.182,7
0.52,0.584,216004,0.306,1,0.0,9,0.12,-8.401,0,73,0.0271,70.02199999999999,0.096,0
0.96,0.14,428387,0.338,0,0.775,2,0.114,-14.671,0,0,0.0423,62.812,0.163,8
0.86,0.599,246253,0.384,0,0.0197,7,0.133,-9.179,1,47,0.0297,84.975,0.149,4
0.743,0.303,122400,0.637,0,2.32e-06,11,0.249,-6.658,1,23,0.0564,120.423,0.748,6
0.985,0.526,135920,0.491,0,0.941,7,0.21600000000000005,-7.117000000000001,0,0,0.0676,134.26,0.725,9
0.0053100000000000005,0.8420000000000001,149880,0.743,1,3.69e-06,7,0.151,-4.43,1,70,0.329,180.917,0.622,1
3.6000000000000007e-06,0.272,213560,0.772,0,0.0075099999999999984,1,0.152,-11.23,1,28,0.0398,108.018,0.255,4
0.943,0.785,162200,0.475,0,9.44e-05,9,0.131,-8.309,1,14,0.0784,123.457,0.885,7
0.948,0.333,185867,0.0793,0,0.269,7,0.0914,-18.923,1,0,0.0365,139.895,0.155,7
0.853,0.233,131853,0.0799,0,0.000517,0,0.163,-23.003,0,21,0.0366,83.617,0.196,6
0.0451,0.743,258600,0.7090000000000001,0,5.18e-06,3,0.0809,-3.922,0,81,0.0879,170.00099999999995,0.831,1
0.789,0.659,278640,0.226,0,0.000113,1,0.0858,-11.787,0,49,0.0517,119.687,0.0705,2
0.647,0.172,363867,0.149,0,0.6629999999999999,5,0.197,-23.886,1,0,0.0489,105.991,0.141,8
0.919,0.685,173009,0.426,0,0.6809999999999999,5,0.393,-11.793,0,0,0.0486,134.648,0.965,8
1.55e-05,0.763,227093,0.8440000000000001,0,0.418,1,0.114,-7.291,1,38,0.0523,128.042,0.774,3
0.619,0.5760000000000001,308907,0.5579999999999999,0,0.899,4,0.334,-15.152,1,41,0.0368,79.024,0.613,3
0.988,0.66,243973,0.0511,0,0.946,0,0.124,-16.982,1,13,0.0648,135.915,0.112,7
0.252,0.684,246187,0.835,0,0.0,3,0.049,-3.51,0,37,0.0463,112.62,0.877,3
0.7190000000000001,0.813,141120,0.0988,0,1.25e-06,0,0.128,-21.277,1,46,0.0494,120.292,0.531,5
0.721,0.513,236733,0.653,0,0.226,2,0.0971,-7.428,0,10,0.0433,111.861,0.71,7
0.00678,0.28300000000000003,258267,0.8909999999999999,0,0.0038,2,0.159,-8.165,1,62,0.17800000000000002,92.049,0.226,3
0.032,0.279,206200,0.91,0,1.18e-06,2,0.274,-7.476,1,34,0.0544,201.166,0.691,3
0.908,0.12,250147,0.0841,0,0.512,2,0.0743,-21.961,1,31,0.0401,79.399,0.036000000000000004,4
0.8320000000000001,0.322,171147,0.387,0,0.00215,2,0.136,-10.573,1,39,0.0399,173.976,0.502,6
0.81,0.48,204147,0.163,0,0.754,5,0.093,-19.117,0,58,0.0645,158.366,0.212,2
0.941,0.278,97467,0.129,0,0.8859999999999999,8,0.24,-18.007,1,4,0.0364,127.006,0.43,7
0.298,0.7020000000000001,171160,0.5670000000000001,0,2.92e-06,0,0.198,-9.179,1,37,0.0409,145.549,0.7829999999999999,5
0.843,0.62,58293,0.477,0,0.0,1,0.911,-17.652,1,21,0.944,71.794,0.379,6
0.141,0.736,163627,0.5710000000000001,0,0.0,2,0.154,-8.472000000000001,1,41,0.0235,88.176,0.873,2
0.00316,0.5710000000000001,221720,0.934,0,6.21e-06,3,0.197,-4.22,0,62,0.0531,132.594,0.409,2
0.7,0.636,175760,0.507,0,0.0111,2,0.0758,-10.167,0,11,0.0311,131.842,0.7390000000000001,7
0.875,0.371,235027,0.0469,0,0.282,0,0.0709,-15.416,1,0,0.0417,120.056,0.336,8
0.569,0.419,380761,0.515,0,0.815,5,0.0575,-14.401,0,9,0.0423,93.715,0.8170000000000001,6
0.0346,0.313,431093,0.882,0,0.338,0,0.45,-6.215,1,54,0.0355,103.981,0.3,4
0.47,0.457,162773,0.595,0,1.87e-06,9,0.38,-4.408,1,11,0.0287,104.897,0.773,6
0.0917,0.6920000000000001,250667,0.843,0,0.0,7,0.627,-6.002999999999999,0,37,0.266,97.863,0.871,5
0.6629999999999999,0.563,442293,0.374,0,0.00461,5,0.725,-18.808,1,25,0.0458,132.711,0.696,7
0.0212,0.614,165040,0.667,0,0.525,2,0.101,-8.106,1,21,0.0495,105.52,0.7190000000000001,6
0.00234,0.345,122773,0.973,0,0.0,2,0.057,-2.394,1,48,0.0718,167.021,0.81,2
0.866,0.611,155893,0.199,0,0.0,8,0.105,-10.526,1,14,0.0792,144.584,0.505,7
0.0668,0.647,100386,0.301,1,0.0,6,0.38,-20.697,1,0,0.954,82.22,0.471,10
0.287,0.722,204754,0.845,0,0.0,2,0.0561,-4.4460000000000015,0,69,0.0308,130.13,0.965,3
0.985,0.482,194440,0.289,0,0.00997,3,0.493,-14.656,1,0,0.0641,132.792,0.521,7
0.00375,0.7,210472,0.693,1,0.0,2,0.314,-6.553,1,52,0.14,133.981,0.525,1
0.485,0.593,258560,0.6759999999999999,1,0.0,0,0.062,-5.631,1,41,0.393,95.343,0.66,2
0.985,0.41,295347,0.313,0,0.906,10,0.0972,-14.095999999999998,0,2,0.0362,101.304,0.0695,8
0.181,0.777,280267,0.8,0,0.00204,11,0.201,-5.803,1,47,0.0276,96.674,0.969,4
0.777,0.386,180987,0.418,0,0.00019,9,0.123,-8.386000000000001,1,32,0.0336,148.681,0.625,6
0.99,0.695,141307,0.119,0,0.000191,9,0.104,-19.459,0,0,0.224,130.077,0.693,9
0.157,0.599,193283,0.693,0,0.0034,1,0.309,-7.3820000000000014,0,39,0.0312,98.359,0.419,3
0.16,0.633,229160,0.748,0,0.000122,9,0.0795,-9.879,1,38,0.069,122.485,0.765,3
0.6970000000000001,0.386,465053,0.329,0,0.8440000000000001,5,0.12,-16.602,1,0,0.0425,134.363,0.265,9
0.184,0.493,175373,0.636,0,2.1600000000000007e-05,6,0.199,-8.487,0,58,0.0322,178.775,0.8370000000000001,3
0.0247,0.852,241360,0.741,1,0.00106,1,0.0974,-5.435,0,55,0.134,97.894,0.535,2
0.657,0.731,252293,0.417,1,0.0,8,0.115,-8.708,1,48,0.168,88.161,0.7040000000000001,2
0.753,0.58,173040,0.425,0,0.000467,3,0.254,-13.109000000000002,1,5,0.0417,97.179,0.863,7
0.949,0.358,149467,0.18600000000000005,0,0.6809999999999999,7,0.116,-11.696,0,21,0.0305,80.032,0.361,7
0.838,0.411,231000,0.242,0,0.0172,5,0.252,-11.034,1,12,0.0292,92.675,0.295,6
0.7390000000000001,0.515,627733,0.0936,0,6.52e-05,4,0.0911,-15.39,0,24,0.0361,106.868,0.11,6
0.254,0.508,263520,0.762,0,0.000122,6,0.108,-4.217,0,64,0.0489,99.963,0.444,1
0.6759999999999999,0.376,333400,0.391,0,0.205,5,0.152,-13.214,1,30,0.0398,120.234,0.175,6
0.7959999999999999,0.5579999999999999,277013,0.231,0,0.878,0,0.0914,-20.342,1,18,0.0493,119.095,0.524,6
0.0003,0.434,299375,0.962,1,0.7340000000000001,3,0.105,-2.89,0,51,0.126,128.162,0.226,1
0.8809999999999999,0.388,193427,0.203,0,0.00989,11,0.105,-13.834,1,41,0.0289,162.505,0.371,5
0.27,0.722,162375,0.6829999999999999,0,9.7e-05,6,0.0939,-8.228,0,65,0.0993,118.045,0.7,1
0.165,0.6940000000000001,215080,0.831,0,0.000892,9,0.25,-7.2879999999999985,1,80,0.0301,125.901,0.98,1
0.022,0.58,182413,0.753,0,0.00153,1,0.0934,-11.223,1,33,0.0479,105.22,0.573,4
0.8390000000000001,0.389,148707,0.97,0,1.55e-06,10,0.87,-11.208,0,22,0.92,145.489,0.0688,4
0.945,0.121,255213,0.0412,0,0.877,2,0.0994,-22.78,1,25,0.0404,96.392,0.0342,5
0.89,0.551,693000,0.211,0,0.458,7,0.112,-11.008,1,5,0.0412,112.448,0.34600000000000003,6
0.146,0.679,191707,0.474,0,0.000128,7,0.109,-10.213,1,22,0.0262,102.301,0.628,5
0.00379,0.609,183693,0.995,1,0.00206,2,0.0479,-2.774,0,46,0.0826,126.814,0.184,2
0.5710000000000001,0.58,203560,0.506,0,0.000245,0,0.282,-12.313,1,26,0.0269,161.57,0.8640000000000001,5
0.71,0.265,263520,0.441,0,4.79e-05,7,0.168,-9.298,1,46,0.0313,96.813,0.373,5
0.153,0.6829999999999999,238211,0.7090000000000001,0,1.6899999999999994e-05,11,0.932,-5.894,0,54,0.0341,124.727,0.57,3
0.154,0.53,188773,0.302,0,0.0,2,0.0955,-10.735,1,22,0.0305,85.303,0.442,5
0.51,0.642,189013,0.5539999999999999,0,0.00957,8,0.125,-7.069,1,27,0.231,172.91299999999995,0.68,6
0.461,0.509,284800,0.555,0,0.00299,3,0.0523,-9.263,1,30,0.0328,136.549,0.959,4
0.4320000000000001,0.289,147267,0.7440000000000001,0,0.8109999999999999,9,0.588,-12.364,1,13,0.0591,164.317,0.951,6
0.639,0.779,151293,0.321,0,0.0,7,0.0463,-9.401,1,33,0.031,94.493,0.8190000000000001,5
0.0020800000000000003,0.421,216991,0.733,0,0.0,0,0.128,-5.259,1,52,0.0338,171.81400000000005,0.438,1
0.7909999999999999,0.229,207987,0.239,0,0.0,1,0.117,-9.146,0,62,0.0307,94.69,0.202,1
0.898,0.453,147453,0.194,0,3.68e-06,0,0.133,-12.672,1,29,0.0273,102.721,0.365,7
0.887,0.647,179760,0.258,0,0.0865,7,0.1,-13.277,0,0,0.053,121.137,0.446,10
0.00316,0.225,127307,0.884,0,0.0,0,0.0826,-7.49,1,37,0.0705,177.649,0.736,4
0.879,0.6659999999999999,151731,0.197,0,0.8809999999999999,4,0.109,-15.365,1,65,0.0692,77.079,0.12,1
0.338,0.802,196240,0.325,0,0.0,10,0.0897,-9.762,0,46,0.15,66.493,0.73,2
0.277,0.595,222013,0.545,0,0.0,0,0.0725,-11.741,1,27,0.0405,142.329,0.883,5
0.984,0.44,204773,0.21,0,0.0,1,0.115,-11.342,1,0,0.0828,81.197,0.25,9
0.996,0.42,145800,0.5329999999999999,0,0.879,9,0.366,-14.138,1,0,0.0434,120.733,0.926,10
0.0519,0.6509999999999999,274253,0.405,0,0.0,2,0.368,-13.383,1,55,0.0255,92.793,0.7390000000000001,2
0.000779,0.44,211573,0.8859999999999999,0,0.182,10,0.495,-6.445,0,40,0.0969,108.321,0.632,3
0.0217,0.5760000000000001,149133,0.826,0,0.000425,7,0.546,-8.077,1,34,0.0299,109.747,0.926,6
0.925,0.29100000000000004,102453,0.259,0,0.129,0,0.12,-17.487000000000002,0,43,0.0402,145.111,0.141,2
0.97,0.629,194813,0.083,0,0.0494,8,0.0636,-15.429,1,0,0.0466,135.179,0.637,9
0.402,0.5,180333,0.5770000000000001,0,2.01e-06,5,0.922,-10.566,1,28,0.056,118.402,0.851,6
0.016,0.411,63160,0.0292,0,0.855,0,0.339,-33.147,0,34,0.0361,58.047,0.0619,3
0.797,0.557,193987,0.276,0,0.0,6,0.0984,-9.92,1,57,0.035,76.321,0.249,5
0.8490000000000001,0.444,80470,0.368,0,0.777,5,0.193,-13.055,1,0,0.0739,137.673,0.156,7
0.239,0.5429999999999999,281573,0.378,0,0.0,9,0.099,-14.630999999999998,1,53,0.028,156.221,0.501,4
0.7929999999999999,0.381,165000,0.232,0,7.39e-06,7,0.123,-14.218,1,22,0.0283,82.266,0.369,6
0.273,0.755,192000,0.8909999999999999,0,0.0412,7,0.12,-5.516,1,55,0.174,160.02100000000004,0.515,1
0.00337,0.933,222840,0.959,0,1.23e-06,6,0.0416,-3.682,0,35,0.231,110.141,0.7340000000000001,4
0.7490000000000001,0.59,352867,0.138,0,0.8059999999999999,5,0.114,-22.934,1,14,0.0481,95.87,0.5579999999999999,7
0.115,0.755,171333,0.7859999999999999,0,0.00161,7,0.183,-9.451,1,38,0.0305,129.381,0.979,5
0.528,0.495,184733,0.583,0,1.69e-06,1,0.146,-6.504,1,19,0.0446,76.063,0.7609999999999999,6
0.995,0.361,197267,0.131,0,0.929,0,0.124,-19.103,1,1,0.041,73.32600000000002,0.083,7
0.905,0.149,205840,0.16899999999999998,0,0.805,5,0.12,-17.504,1,46,0.0339,79.452,0.0621,3
0.0544,0.516,237693,0.56,0,0.000431,2,0.0698,-11.029000000000002,1,31,0.0339,89.574,0.713,4
0.000642,0.614,175907,0.721,0,0.0817,0,0.16699999999999998,-8.962,1,56,0.0322,146.629,0.708,5
0.968,0.491,260368,0.5539999999999999,0,0.00611,5,0.104,-7.03,0,0,0.0501,95.481,0.639,7
0.266,0.505,201400,0.499,0,0.0,6,0.142,-14.645,0,21,0.038,99.684,0.609,4
0.693,0.8170000000000001,194893,0.481,0,1.43e-06,0,0.146,-5.777,1,47,0.0379,92.415,0.934,3
0.142,0.46,283753,0.326,0,1.01e-05,7,0.0449,-10.699000000000002,1,58,0.0418,152.54,0.321,5
0.0124,0.569,250453,0.716,0,0.0,1,0.0727,-4.871,1,51,0.0297,111.946,0.307,2
0.905,0.805,191000,0.455,0,0.8,9,0.395,-4.841,1,0,0.0605,122.744,0.928,9
0.16699999999999998,0.645,278200,0.552,0,2.33e-05,3,0.0718,-7.622999999999997,1,66,0.033,102.881,0.214,1
0.988,0.639,57093,0.581,0,0.0408,10,0.387,-16.669,0,0,0.682,49.118,0.919,7
0.889,0.256,245667,0.35200000000000004,0,0.00023,7,0.13699999999999998,-10.334,1,36,0.0322,203.534,0.181,3
0.0156,0.5670000000000001,268507,0.5920000000000001,0,0.000938,7,0.138,-7.517,1,34,0.0242,83.98,0.4320000000000001,3
0.0215,0.8540000000000001,144707,0.413,0,1.63e-06,7,0.221,-12.528,0,59,0.0898,113.588,0.84,1
0.8370000000000001,0.273,143000,0.225,0,0.0,7,0.17,-11.79,0,15,0.0279,83.84100000000002,0.269,7
0.871,0.505,124573,0.58,0,0.931,8,0.29,-11.755,1,9,0.0279,110.219,0.784,6
0.302,0.696,292987,0.521,1,0.0,10,0.0565,-8.465,0,82,0.332,100.0,0.458,1
0.126,0.777,276360,0.725,0,0.0108,5,0.0917,-9.012,1,58,0.047,128.349,0.851,2
0.4920000000000001,0.416,300333,0.546,0,0.0,7,0.0845,-7.728,1,69,0.0297,159.929,0.418,2
0.304,0.515,169307,0.8420000000000001,0,0.0,5,0.305,-7.726,0,24,0.0421,79.044,0.947,6
0.967,0.418,194400,0.402,0,0.0,3,0.0924,-9.074,1,13,0.0317,179.955,0.518,9
0.232,0.862,203486,0.5,0,0.0,2,0.657,-6.875,1,70,0.276,76.992,0.6970000000000001,1
0.642,0.546,197800,0.581,0,0.0,2,0.7559999999999999,-5.94,1,67,0.0359,133.81,0.255,1
0.733,0.54,168547,0.794,0,0.231,2,0.34600000000000003,-9.214,1,14,0.0518,120.376,0.961,6
0.149,0.61,196640,0.7979999999999999,0,0.0,7,0.0961,-9.456,1,33,0.0358,95.595,0.96,4
0.979,0.226,215267,0.158,0,0.919,3,0.206,-11.79,1,13,0.0296,80.358,0.297,7
0.957,0.551,305676,0.0754,1,0.0,6,0.154,-14.203,1,67,0.059,98.348,0.239,1
0.845,0.593,199440,0.334,0,0.0006,8,0.198,-12.738,1,18,0.0478,149.19899999999996,0.693,6
0.7020000000000001,0.475,140133,0.8390000000000001,0,0.0,5,0.361,-8.507,0,24,0.0621,115.259,0.907,6
0.7609999999999999,0.555,213090,0.5379999999999999,0,5.71e-06,7,0.0555,-7.61,1,52,0.16699999999999998,177.062,0.898,3
0.445,0.613,206785,0.55,1,0.0,4,0.107,-12.05,0,0,0.404,116.576,0.35200000000000004,9
0.929,0.315,193773,0.329,0,0.981,5,0.107,-16.332,1,13,0.0313,98.807,0.227,6
0.241,0.7979999999999999,306573,0.655,0,0.0,0,0.115,-6.239,1,42,0.247,139.14,0.894,5
0.237,0.703,218825,0.4370000000000001,0,0.0,2,0.589,-10.634,0,32,0.0462,103.161,0.932,6
0.438,0.7490000000000001,137813,0.747,0,0.0,4,0.227,-5.3260000000000005,0,21,0.0409,113.207,0.722,6
0.992,0.362,58200,0.062,0,0.8340000000000001,7,0.111,-23.677,1,3,0.0359,124.912,0.29600000000000004,9
0.945,0.772,180933,0.202,0,3.65e-05,10,0.116,-10.188,1,6,0.0689,110.954,0.6890000000000001,9
0.925,0.511,165560,0.125,0,0.00577,5,0.129,-11.461,0,25,0.035,67.60300000000001,0.215,6
0.995,0.319,407827,0.035,0,0.917,7,0.0916,-26.216,1,18,0.0619,73.181,0.0502,8
0.981,0.444,220587,0.226,0,0.093,11,0.138,-13.809,1,39,0.0323,147.303,0.329,5
0.949,0.557,97907,0.28300000000000003,0,0.955,9,0.0934,-14.252,1,45,0.0426,171.38299999999995,0.529,2
0.991,0.204,539533,0.0728,0,0.914,2,0.688,-21.27,0,0,0.0509,181.385,0.131,8
0.00122,0.611,259183,0.7929999999999999,0,0.285,6,0.251,-6.646,1,50,0.0275,122.01,0.8240000000000001,2
0.202,0.716,103200,0.128,1,0.00015,0,0.189,-21.526,1,0,0.932,113.273,0.45,8
0.764,0.3720000000000001,142693,0.753,0,8.46e-05,0,0.17600000000000002,-12.43,1,32,0.493,204.005,0.752,6
0.102,0.537,224813,0.485,0,3.83e-06,2,0.319,-8.131,1,57,0.0332,152.012,0.293,1
0.236,0.499,251747,0.858,0,0.0,9,0.0978,-6.67,1,56,0.0964,167.047,0.879,1
0.362,0.8,374467,0.863,0,0.00314,4,0.13699999999999998,-7.807,0,43,0.0367,101.027,0.964,3
0.0502,0.6890000000000001,112711,0.308,1,0.0,11,0.348,-19.428,1,0,0.95,88.52,0.605,10
0.505,0.585,211027,0.495,0,0.968,11,0.23,-13.705,0,33,0.0292,119.74,0.95,5
0.285,0.78,153560,0.329,0,0.0,7,0.127,-11.015,1,18,0.258,88.441,0.621,7
0.007909999999999999,0.423,217760,0.862,0,0.0,0,0.133,-5.13,0,60,0.0695,154.746,0.462,2
0.914,0.439,202533,0.0427,0,0.00147,9,0.34,-23.428,1,36,0.0403,156.175,0.17800000000000002,4
0.0845,0.389,342733,0.884,0,0.154,9,0.238,-5.622000000000001,1,27,0.116,169.665,0.618,5
0.28800000000000003,0.7909999999999999,291067,0.61,0,0.00123,8,0.0457,-5.408,0,50,0.0264,93.277,0.907,2
0.909,0.219,251067,0.0304,0,0.938,7,0.149,-35.2,0,48,0.0375,130.244,0.114,3
0.0966,0.667,286220,0.755,0,6.94e-05,9,0.0523,-7.246,1,44,0.069,109.535,0.883,4
0.504,0.616,175909,0.381,0,0.0,0,0.29,-11.528,1,21,0.0298,89.766,0.488,6
0.0236,0.511,319200,0.862,0,0.434,7,0.17800000000000002,-9.558,1,46,0.0486,112.503,0.397,4
0.723,0.438,228000,0.21600000000000005,0,0.000314,0,0.0963,-16.288,1,45,0.0302,80.19,0.374,5
2.92e-05,0.454,218173,0.972,0,0.000102,9,0.0635,-4.25,0,33,0.051,134.064,0.738,3
0.0495,0.677,206853,0.884,0,0.0,7,0.436,-8.725,1,53,0.0721,149.912,0.93,2
0.6729999999999999,0.509,186933,0.418,0,0.021,5,0.516,-9.984,1,20,0.0298,122.241,0.69,6
0.841,0.212,419560,0.0975,0,0.475,3,0.13699999999999998,-23.181,1,0,0.0549,88.35799999999998,0.132,7
0.765,0.393,369200,0.105,0,2.55e-05,5,0.105,-21.729,1,32,0.0372,125.274,0.182,5
0.0339,0.877,197560,0.534,0,1.73e-05,1,0.0441,-6.18,1,71,0.151,108.171,0.89,3
0.208,0.7709999999999999,219664,0.7609999999999999,1,0.0,1,0.091,-4.727,0,63,0.047,131.01,0.277,1
0.655,0.55,140733,0.516,0,0.0,5,0.104,-14.708,1,30,0.398,139.032,0.8690000000000001,5
0.942,0.163,150200,0.139,0,0.823,0,0.47,-19.919,1,0,0.0434,65.505,0.319,7
8.290000000000001e-05,0.282,497467,0.846,0,0.482,4,0.521,-4.641,1,45,0.0728,184.617,0.174,3
0.994,0.45,196441,0.0852,0,0.838,4,0.102,-19.228,1,1,0.0466,86.97,0.404,8
0.688,0.693,282507,0.446,0,0.866,2,0.104,-11.045,1,42,0.0476,94.012,0.53,2
0.29,0.588,509627,0.723,0,0.634,9,0.0914,-9.535,1,31,0.0362,130.503,0.738,6
0.7879999999999999,0.645,225493,0.275,0,0.0,11,0.0636,-19.445,1,0,0.923,88.26899999999998,0.493,7
0.594,0.324,37507,0.997,0,0.00209,4,0.695,-14.898,1,10,0.464,58.054,0.0457,7
0.627,0.713,216726,0.25,0,0.0,6,0.369,-17.152,1,0,0.942,113.634,0.4920000000000001,9
0.456,0.519,258213,0.845,0,0.0314,7,0.1,-6.948,0,43,0.0519,128.045,0.349,2
0.0901,0.615,183867,0.645,0,0.007809999999999998,6,0.153,-8.501,1,24,0.0341,114.73,0.715,6
0.5579999999999999,0.515,247160,0.601,0,0.29100000000000004,0,0.498,-8.391,1,24,0.0514,79.577,0.35,5
0.000516,0.28600000000000003,237160,0.8140000000000001,0,0.0274,9,0.0835,-5.732,1,29,0.0485,152.299,0.36,5
0.78,0.53,127653,0.246,0,0.0,0,0.0706,-12.681,1,40,0.0483,128.181,0.5710000000000001,6
0.00154,0.495,144213,0.882,0,0.0,4,0.79,-7.272,1,46,0.0362,124.917,0.807,4
0.0182,0.28,592027,0.726,0,1.48e-06,2,0.249,-5.733,0,50,0.0383,160.004,0.16399999999999998,3
0.0652,0.621,162653,0.524,0,0.00199,0,0.893,-15.269,1,70,0.0803,110.586,0.889,6
5.33e-05,0.457,210733,0.8059999999999999,0,0.0124,4,0.0869,-5.434,1,54,0.107,136.016,0.388,1
0.885,0.217,859560,0.193,0,0.8059999999999999,2,0.198,-16.475,0,10,0.045,75.678,0.0492,7
0.0126,0.451,243227,0.955,0,0.0,11,0.0481,-3.026,1,52,0.0673,178.06,0.918,3
0.981,0.626,188685,0.353,0,0.764,7,0.243,-9.39,1,1,0.0503,121.72,0.906,9
0.0562,0.468,316027,0.5529999999999999,0,0.0,1,0.279,-6.437,1,36,0.192,77.333,0.468,2
0.317,0.8109999999999999,212869,0.5529999999999999,0,0.0,9,0.105,-6.644,1,90,0.0552,148.014,0.86,0
0.0105,0.83,211160,0.7120000000000001,0,0.24,11,0.049,-7.447,1,33,0.0446,103.141,0.8140000000000001,4
0.603,0.735,185027,0.575,0,0.0,0,0.219,-11.271,0,31,0.14800000000000002,69.227,0.638,7
0.16899999999999998,0.68,330947,0.6709999999999999,0,0.0286,2,0.076,-7.142,1,48,0.0536,96.941,0.532,3
0.948,0.5920000000000001,242347,0.5589999999999999,0,0.743,9,0.428,-7.588999999999999,1,0,0.0458,116.164,0.623,8
0.988,0.301,301920,0.0849,0,0.908,1,0.221,-18.984,0,7,0.0394,84.455,0.105,10
0.909,0.813,190933,0.482,0,0.26,8,0.136,-10.811,1,15,0.21,126.618,0.911,9
0.133,0.59,181667,0.897,0,0.0,9,0.931,-5.836,1,52,0.117,117.414,0.659,1
0.937,0.345,173067,0.0665,0,0.0,2,0.16,-20.072,0,8,0.0521,172.57,0.124,6
0.974,0.67,176758,0.29600000000000004,0,0.875,10,0.16,-16.147000000000002,1,2,0.0898,136.62,0.942,9
0.779,0.299,224640,0.0995,0,2.68e-05,0,0.113,-20.381,1,34,0.0319,76.10600000000002,0.12,4
0.0408,0.87,223024,0.443,0,0.17,7,0.29600000000000004,-11.572,1,41,0.0811,127.74,0.971,5
0.000252,0.905,204907,0.696,1,0.0,4,0.0918,-6.4529999999999985,0,48,0.235,103.017,0.617,2
0.917,0.649,152080,0.267,0,0.0,10,0.297,-15.199000000000002,1,2,0.0664,109.547,0.585,9
0.988,0.436,238198,0.0337,0,0.945,7,0.0681,-25.43,1,8,0.0443,77.94800000000002,0.0375,7
0.206,0.628,253400,0.698,0,0.0192,9,0.0731,-8.496,1,34,0.0297,154.576,0.925,5
0.974,0.8909999999999999,183000,0.202,0,0.00604,2,0.114,-15.197,1,0,0.424,122.378,0.889,9
0.944,0.386,136667,0.0936,0,0.0,4,0.0916,-17.468,0,9,0.035,100.396,0.193,7
0.026,0.745,184787,0.821,0,0.1,11,0.182,-10.189,0,31,0.0426,136.438,0.967,4
0.969,0.53,149187,0.0332,0,0.0,9,0.101,-18.561,1,0,0.059,85.396,0.471,7
0.0852,0.675,253800,0.61,0,0.0188,1,0.159,-13.811,1,64,0.085,131.037,0.344,4
0.0166,0.513,127493,0.92,0,0.0282,6,0.17800000000000002,-6.664,1,59,0.0511,166.18599999999995,0.963,5
0.987,0.272,152827,0.228,0,0.000617,7,0.294,-15.272,1,35,0.0347,68.48,0.201,3
0.374,0.488,283493,0.209,0,5.05e-06,10,0.103,-19.549,1,59,0.0369,120.63,0.362,3
0.0408,0.7809999999999999,204841,0.277,0,0.000339,8,0.0754,-9.35,1,62,0.326,163.987,0.302,1
0.122,0.728,228360,0.51,0,0.0319,4,0.127,-8.388,0,42,0.0656,124.36,0.482,2
0.168,0.608,227840,0.732,0,0.0,2,0.0817,-4.254,1,46,0.0251,84.006,0.6559999999999999,1
0.034,0.484,169600,0.66,0,0.0812,0,0.0893,-11.163,1,54,0.0358,78.59100000000002,0.742,5
0.98,0.508,205053,0.598,0,0.0,4,0.36,-11.191,0,0,0.0411,129.593,0.726,7
0.696,0.618,296771,0.638,0,0.911,7,0.12,-12.241,1,49,0.035,124.004,0.35600000000000004,1
0.00481,0.616,266067,0.7140000000000001,0,0.0,0,0.133,-7.02,1,59,0.0385,117.422,0.53,4
0.948,0.259,161293,0.203,0,0.006690000000000001,6,0.085,-14.257,1,15,0.0381,163.287,0.401,6
0.933,0.306,247493,0.16399999999999998,0,7.68e-06,2,0.16,-12.345999999999998,0,42,0.0288,139.007,0.277,4
0.0226,0.7959999999999999,251733,0.563,0,0.00207,6,0.0513,-12.441,1,33,0.0497,120.647,0.8490000000000001,4
0.491,0.596,210559,0.625,0,0.000227,5,0.139,-6.494,0,52,0.0408,135.705,0.83,2
0.394,0.765,188160,0.602,0,0.0,7,0.14,-11.024,1,29,0.0507,112.282,0.815,3
0.438,0.615,125427,0.598,0,1.83e-06,2,0.103,-8.615,1,28,0.0333,76.53399999999998,0.962,6
0.897,0.644,261987,0.393,0,4.84e-05,10,0.157,-19.839,1,18,0.0857,98.824,0.879,7
0.596,0.555,211560,0.3,0,0.0,10,0.6609999999999999,-12.495,0,19,0.25,149.984,0.487,6
0.853,0.546,157427,0.312,0,0.000125,4,0.247,-11.296,1,8,0.0355,177.489,0.907,7
0.329,0.486,249480,0.937,1,0.00031,1,0.185,-1.063,1,45,0.257,85.725,0.883,2
0.000516,0.35600000000000004,217640,0.88,0,0.0,5,0.111,-4.6610000000000005,1,40,0.0406,164.145,0.281,2
0.989,0.339,225307,0.294,0,0.899,8,0.161,-17.313,1,0,0.0296,84.758,0.41,9
0.98,0.695,204573,0.132,0,0.154,2,0.117,-14.366,1,0,0.512,80.568,0.422,9
0.607,0.468,317333,0.648,0,0.0,0,0.7120000000000001,-8.011000000000001,1,44,0.112,148.16,0.454,3
0.991,0.696,245027,0.019,0,0.9,0,0.0915,-23.858,1,14,0.0744,68.041,0.109,7
0.0002,0.324,501240,0.897,0,0.158,5,0.963,-10.134,1,23,0.0788,115.168,0.39,5
0.7190000000000001,0.467,477093,0.459,0,0.00312,0,0.0944,-9.706,0,48,0.0305,124.379,0.17800000000000002,6
0.00801,0.41,477880,0.8690000000000001,0,0.0,7,0.238,-4.496,0,55,0.0472,113.971,0.353,2
0.472,0.515,184400,0.337,0,7.219999999999999e-05,7,0.236,-13.933,1,24,0.0262,105.229,0.615,5
0.987,0.643,180637,0.24,0,3.27e-05,9,0.0705,-13.556,1,2,0.112,101.042,0.698,8
0.0824,0.915,218710,0.588,0,0.000169,7,0.104,-6.3020000000000005,0,72,0.0677,123.936,0.329,1
0.0126,0.317,256987,0.87,0,0.0,7,0.249,-4.715,1,42,0.05,72.625,0.462,4
0.991,0.464,176213,0.32299999999999995,0,0.928,5,0.154,-14.145,0,7,0.035,143.409,0.8390000000000001,7
0.0919,0.733,242560,0.7070000000000001,0,0.0127,11,0.0782,-9.397,0,31,0.0722,90.154,0.802,5
0.741,0.424,150280,0.0232,0,0.906,5,0.607,-34.839,0,7,0.04,116.926,0.348,6
0.964,0.163,225920,0.0952,0,0.835,7,0.204,-18.608,1,12,0.0386,63.533,0.114,7
0.0968,0.728,226533,0.6579999999999999,0,1.86e-05,2,0.147,-6.353,1,39,0.0235,97.034,0.579,2
0.322,0.488,292240,0.389,0,0.0,7,0.299,-10.715,0,49,0.0672,108.314,0.353,1
0.4920000000000001,0.741,243120,0.894,0,0.0,4,0.171,-8.166,0,24,0.083,95.896,0.787,5
0.248,0.42,302947,0.843,0,0.0,7,0.078,-4.692,1,67,0.0647,173.91,0.539,2
0.698,0.586,189880,0.25,0,0.00229,7,0.561,-15.206,1,29,0.027000000000000003,85.914,0.594,5
0.774,0.5589999999999999,193760,0.11,0,0.0,5,0.0885,-16.084,0,24,0.0688,138.393,0.451,7
0.00016,0.5,218920,0.8240000000000001,0,0.00161,4,0.0916,-5.846,0,38,0.0388,120.125,0.539,3
0.986,0.5770000000000001,114640,0.301,0,0.244,9,0.181,-15.175999999999998,1,22,0.0903,120.865,0.608,6
0.289,0.757,186413,0.93,0,1.08e-06,5,0.123,-3.848,1,54,0.0764,127.47,0.893,1
0.6609999999999999,0.462,292320,0.491,0,0.00343,2,0.103,-13.857,1,20,0.0494,139.19799999999998,0.652,5
0.401,0.8370000000000001,152000,0.334,0,0.7290000000000001,2,0.105,-10.153,0,55,0.0346,104.963,0.503,1
0.653,0.735,157777,0.525,0,0.918,6,0.101,-2.939,0,74,0.0441,160.14700000000005,0.369,1
1.4499999999999993e-05,0.165,266947,0.965,0,0.6729999999999999,3,0.224,-4.759,0,39,0.0505,153.135,0.75,4
0.105,0.74,104801,0.182,1,0.0,0,0.302,-20.517,1,0,0.928,65.348,0.772,8
0.784,0.6940000000000001,174853,0.248,0,0.0,5,0.097,-14.625,1,1,0.0491,126.541,0.784,7
0.0941,0.485,242373,0.619,0,3.31e-06,5,0.109,-7.115,0,79,0.0289,138.017,0.416,2
0.0295,0.428,219400,0.688,0,0.0077,8,0.0907,-9.718,1,42,0.0359,126.823,0.745,2
0.242,0.495,191693,0.669,0,3.66e-06,0,0.106,-6.365,0,52,0.0317,81.84,0.3,3
0.445,0.6679999999999999,280960,0.4370000000000001,0,1.58e-06,2,0.17,-10.491,1,49,0.032,81.833,0.614,2
0.34600000000000003,0.733,274667,0.212,0,0.271,7,0.0742,-13.685,1,32,0.0292,84.46,0.498,5
2.380000000000001e-05,0.194,359080,0.974,0,0.725,2,0.971,-4.399,1,37,0.107,181.856,0.138,5
0.0204,0.731,218284,0.8109999999999999,1,0.0,1,0.411,-3.225,1,77,0.0712,147.045,0.426,1
0.6459999999999999,0.635,174133,0.339,0,1.07e-05,7,0.0351,-10.261,0,0,0.17,110.555,0.67,9
0.251,0.622,271227,0.757,0,0.0138,11,0.181,-9.35,0,42,0.0651,91.168,0.648,3
0.986,0.547,263227,0.0802,0,0.39,2,0.141,-17.27,1,18,0.0428,80.868,0.183,7
0.76,0.373,159133,0.8240000000000001,0,0.0249,6,0.256,-9.383,1,42,0.0572,157.376,0.868,5
0.371,0.677,295667,0.741,0,2.37e-06,10,0.103,-2.829,0,46,0.0743,97.011,0.565,2
0.981,0.371,187733,0.278,0,0.0,7,0.272,-8.596,0,37,0.0303,82.331,0.338,4
0.94,0.225,173493,0.303,0,0.00287,10,0.11,-11.64,1,13,0.0324,86.61399999999998,0.121,7
0.0887,0.619,269920,0.701,0,1.04e-06,10,0.092,-5.5539999999999985,1,41,0.0314,104.53,0.395,2
0.545,0.606,183027,0.301,0,0.00194,0,0.0419,-11.402,1,51,0.0423,100.979,0.457,2
0.5920000000000001,0.619,393160,0.56,0,0.358,5,0.0353,-10.598,1,30,0.0344,93.969,0.6409999999999999,6
0.738,0.805,137187,0.395,0,0.135,11,0.166,-14.071,1,25,0.031,111.717,0.7170000000000001,6
0.978,0.266,272000,0.121,0,0.971,3,0.31,-18.555,1,7,0.0467,101.742,0.503,6
0.389,0.746,262521,0.5379999999999999,1,0.0,10,0.139,-6.479,1,64,0.32,101.018,0.516,1
0.00106,0.777,248133,0.901,1,0.0,11,0.428,-10.789,0,35,0.168,133.011,0.5770000000000001,3
5.28e-05,0.425,228200,0.925,0,1.06e-06,8,0.0624,-4.538,1,54,0.184,200.149,0.501,1
0.245,0.522,139040,0.429,0,0.0,9,0.0751,-12.672,0,10,0.268,80.84100000000002,0.887,6
0.0189,0.503,123600,0.88,0,0.389,4,0.0541,-9.882,0,24,0.07200000000000001,91.669,0.6509999999999999,4
0.000397,0.623,274213,0.7929999999999999,0,0.0015,11,0.375,-6.63,0,66,0.0462,98.998,0.36,2
0.889,0.474,169827,0.394,0,0.31,7,0.0951,-6.331,0,3,0.0272,79.376,0.451,7
0.452,0.711,108400,0.129,1,0.0,11,0.35700000000000004,-19.219,0,0,0.956,130.542,0.5589999999999999,8
0.584,0.598,207293,0.885,0,0.0,7,0.348,-6.904,1,40,0.035,111.891,0.96,6
0.9,0.39,140240,0.128,0,0.00187,10,0.149,-13.389,1,32,0.0333,109.241,0.33,6
0.995,0.7090000000000001,172000,0.281,0,0.915,7,0.161,-13.592,0,0,0.0682,113.492,0.684,10
0.988,0.659,196107,0.28800000000000003,0,0.0782,5,0.0938,-8.649,0,0,0.0538,128.892,0.49,9
0.887,0.316,434514,0.18,0,0.287,0,0.109,-18.184,0,9,0.0501,71.888,0.245,6
0.15,0.456,176280,0.8540000000000001,0,5.99e-06,1,0.225,-6.3,1,11,0.203,93.969,0.635,7
0.147,0.552,167227,0.479,0,0.0,9,0.0777,-6.784,1,26,0.0427,202.617,0.813,4
0.264,0.606,173467,0.361,0,3.39e-05,9,0.38,-16.031,1,68,0.0346,121.059,0.621,4
0.0722,0.66,179867,0.332,0,0.000138,7,0.0915,-13.93,1,38,0.0268,91.325,0.545,3
0.13,0.436,165667,0.5720000000000001,0,0.0,9,0.333,-11.948,1,28,0.0488,146.224,0.845,6
0.146,0.5720000000000001,239507,0.529,0,0.0,0,0.335,-6.897,1,59,0.0282,139.876,0.321,1
0.995,0.518,191653,0.248,0,0.7709999999999999,0,0.128,-13.513,1,0,0.0625,140.57,0.7040000000000001,9
0.1,0.527,354733,0.7709999999999999,1,0.0529,11,0.0612,-7.1770000000000005,1,56,0.0769,104.386,0.411,3
0.000463,0.293,236360,0.997,1,3.950000000000001e-05,4,0.415,-4.364,0,60,0.217,100.348,0.13,2
0.0188,0.7190000000000001,175293,0.836,0,0.792,8,0.0531,-6.609,0,35,0.149,140.314,0.8740000000000001,5
0.583,0.455,196191,0.6579999999999999,0,0.00084,5,0.335,-11.302,0,16,0.0457,114.778,0.906,7
0.456,0.612,298213,0.453,0,0.000164,9,0.316,-10.092,0,22,0.135,83.99600000000002,0.337,4
0.0099,0.629,224200,0.51,0,0.152,4,0.16699999999999998,-12.078,1,24,0.0259,111.291,0.588,4
0.7509999999999999,0.667,322373,0.299,0,0.8390000000000001,7,0.204,-8.98,0,46,0.0392,90.016,0.382,2
0.919,0.494,395120,0.156,0,0.484,2,0.0942,-21.206,1,2,0.0636,117.591,0.419,9
0.417,0.557,244000,0.411,0,2.69e-06,11,0.0849,-9.608,1,60,0.0262,137.458,0.251,3
0.503,0.713,99800,0.223,0,0.0,3,0.281,-21.141,0,0,0.924,112.478,0.665,9
0.0928,0.7609999999999999,240600,0.511,0,1.48e-06,7,0.0755,-14.845,1,41,0.0531,97.544,0.969,5
0.0427,0.696,351507,0.78,0,0.149,5,0.298,-12.159,1,65,0.0415,98.699,0.954,4
0.6459999999999999,0.529,175093,0.316,1,7.97e-05,1,0.106,-8.675,0,60,0.0518,133.714,0.0386,1
0.76,0.528,315795,0.159,0,0.000205,4,0.209,-13.696,1,47,0.0267,82.986,0.423,5
0.0513,0.459,148093,0.81,0,0.0,9,0.142,-8.53,0,34,0.0441,95.889,0.634,4
0.162,0.453,289587,0.7759999999999999,0,3.81e-05,0,0.349,-9.937,1,49,0.0432,85.992,0.568,4
0.992,0.696,205813,0.119,0,0.00013000000000000002,9,0.17800000000000002,-12.514,0,0,0.041,90.68,0.469,7
0.934,0.189,178827,0.469,0,0.8340000000000001,0,0.35200000000000004,-7.916,1,24,0.0332,90.26,0.339,7
0.0188,0.252,343093,0.743,0,2.98e-05,3,0.206,-8.603,1,42,0.042,142.986,0.126,3
0.994,0.454,128787,0.00534,0,0.0,5,0.0842,-25.033,1,0,0.0477,98.353,0.624,7
0.5710000000000001,0.7070000000000001,178733,0.184,0,1.23e-05,11,0.175,-16.146,0,28,0.0362,135.753,0.745,7
0.972,0.331,215667,0.0584,0,0.0197,9,0.106,-25.533,1,22,0.0333,108.24,0.162,6
0.268,0.7190000000000001,230387,0.434,0,0.0398,11,0.124,-12.887,0,30,0.0388,111.554,0.708,5
0.923,0.624,168733,0.13,0,0.0,2,0.298,-12.812,0,14,0.0522,123.782,0.574,8
0.334,0.625,267267,0.607,0,0.008140000000000001,9,0.155,-15.577,1,30,0.0349,136.16899999999998,0.525,5
0.718,0.446,166033,0.407,1,0.0,5,0.0732,-3.056,1,65,0.031,81.041,0.141,1
0.895,0.278,660787,0.297,0,0.917,10,0.23,-13.031,1,0,0.0382,120.051,0.0588,7
0.6890000000000001,0.7120000000000001,196053,0.911,0,8.02e-06,5,0.107,-3.866,0,59,0.0445,117.533,0.85,2
0.0276,0.684,238973,0.8370000000000001,0,2.98e-05,0,0.0627,-5.46,1,52,0.0307,115.94,0.565,1
0.903,0.406,322667,0.235,0,0.000213,4,0.2,-16.805,1,1,0.0422,89.655,0.547,8
0.785,0.628,164333,0.31,0,6.55e-06,7,0.327,-10.339,1,10,0.0365,113.328,0.7879999999999999,7
0.883,0.647,216440,0.219,0,3.05e-05,0,0.11,-12.808,1,22,0.0286,99.209,0.44,5
0.926,0.6779999999999999,182000,0.199,0,0.0,10,0.0688,-13.567,1,14,0.0383,90.12,0.487,9
0.267,0.7509999999999999,293107,0.7879999999999999,0,0.0,9,0.189,-6.011,1,59,0.0436,133.29399999999998,0.939,2
0.0351,0.331,223733,0.967,0,6.02e-06,2,0.355,-5.155,1,31,0.0676,170.847,0.63,5
0.0196,0.52,128267,0.906,0,7.96e-05,9,0.0925,-6.534,1,50,0.0601,151.606,0.868,5
0.852,0.33,157040,0.154,0,7.45e-05,0,0.126,-12.917,1,2,0.04,60.782,0.191,7
0.0657,0.44,348400,0.738,0,0.0,4,0.0988,-8.193,1,46,0.0295,174.37599999999995,0.535,3
0.954,0.716,130933,0.251,0,0.000193,8,0.136,-14.397,0,45,0.0791,141.36700000000005,0.7709999999999999,4
0.0157,0.506,228000,0.97,0,0.051,4,0.0613,-5.465,0,30,0.0502,133.767,0.6659999999999999,5
5.7399999999999986e-05,0.384,125867,0.8140000000000001,0,0.00459,7,0.147,-13.652,1,27,0.0407,167.114,0.823,4
0.893,0.708,189309,0.474,0,0.000322,5,0.264,-13.422,0,0,0.0445,111.326,0.964,7
0.733,0.657,158000,0.513,0,0.0,1,0.191,-12.771,0,41,0.0378,122.102,0.875,4
0.873,0.66,204880,0.395,0,0.0,7,0.112,-5.242000000000001,1,70,0.0333,81.99700000000001,0.6779999999999999,1
0.00155,0.375,363067,0.682,0,0.6,0,0.0897,-6.901,0,66,0.0364,159.231,0.391,3
0.89,0.32299999999999995,184267,0.292,0,0.0967,2,0.205,-19.403,1,16,0.108,86.001,0.361,6
0.462,0.634,242027,0.409,0,0.0,4,0.184,-12.720999999999998,1,23,0.0408,97.416,0.477,6
0.00464,0.488,113960,0.988,1,0.0,11,0.0445,-4.787,0,50,0.146,163.896,0.614,3
0.0698,0.662,214733,0.856,0,1.33e-06,2,0.0929,-9.624,1,30,0.13699999999999998,102.408,0.708,4
0.0253,0.87,145800,0.706,0,0.0063,9,0.0872,-5.395,0,79,0.126,100.013,0.593,1
0.135,0.775,295067,0.866,0,0.0376,9,0.152,-3.5980000000000003,1,66,0.0295,131.338,0.875,3
0.179,0.799,279867,0.568,1,0.0,1,0.112,-7.539,1,60,0.0574,97.503,0.547,1
0.945,0.097,199267,0.0624,0,0.68,9,0.634,-27.164,0,0,0.0443,82.3,0.0367,8
0.0656,0.951,248600,0.618,1,6.54e-05,8,0.256,-3.555,1,44,0.0501,121.008,0.945,2
0.619,0.8190000000000001,372560,0.494,0,0.0412,11,0.272,-11.064,0,51,0.0343,105.502,0.867,2
0.196,0.728,369429,0.708,0,0.0,9,0.102,-10.443,1,30,0.0547,105.55,0.405,3
0.5489999999999999,0.773,228093,0.6729999999999999,0,0.159,7,0.0936,-12.132,1,45,0.0474,108.028,0.925,3
0.0718,0.444,230427,0.6559999999999999,0,0.0,11,0.284,-9.294,0,58,0.0699,121.336,0.596,4
0.0258,0.384,213400,0.765,0,0.0,8,0.0783,-5.232,1,44,0.0329,76.024,0.203,2
0.135,0.78,260307,0.754,1,0.034,5,0.0467,-5.377000000000002,0,61,0.0952,82.39399999999998,0.81,2
0.973,0.617,278883,0.174,0,0.0,0,0.0949,-11.502,0,37,0.0437,85.322,0.5660000000000001,6
0.228,0.408,281587,0.507,0,2.36e-06,9,0.955,-8.656,1,33,0.0282,81.187,0.109,3
0.987,0.305,166920,0.0999,0,0.0436,5,0.13,-19.882,1,0,0.0519,213.803,0.452,10
0.8959999999999999,0.402,127107,0.258,0,1.19e-05,11,0.115,-11.335,1,48,0.031,152.78,0.609,2
0.966,0.499,156848,0.332,0,0.00104,6,0.71,-8.2,1,0,0.0514,89.154,0.92,8
0.00716,0.949,155500,0.525,1,0.0,1,0.101,-7.096,1,63,0.16899999999999998,100.068,0.26,1
0.000427,0.392,151893,0.963,0,0.0114,1,0.451,-6.984,1,33,0.115,103.211,0.508,3
0.411,0.525,211365,0.675,0,0.00148,7,0.0986,-5.084,0,12,0.0366,82.051,0.578,7
0.986,0.469,166600,0.329,0,0.348,8,0.146,-12.007,1,0,0.162,94.681,0.5429999999999999,8
0.121,0.7759999999999999,509507,0.921,0,0.000145,10,0.0766,-9.791,0,46,0.063,109.502,0.518,5
0.0107,0.7170000000000001,317107,0.784,1,0.0,3,0.271,-3.189,0,40,0.179,76.001,0.425,2
0.000798,0.65,322867,0.921,0,0.0298,9,0.134,-6.0139999999999985,1,53,0.0359,119.8,0.648,4
0.115,0.532,208500,0.8079999999999999,1,1.5399999999999998e-05,6,0.596,-4.52,0,49,0.18,169.203,0.416,1
0.918,0.563,188813,0.759,0,3.61e-06,3,0.187,-7.496,1,18,0.401,94.224,0.959,6
0.0126,0.591,292773,0.564,0,0.843,2,0.11,-11.03,1,46,0.0427,147.22,0.405,3
0.677,0.354,158733,0.37,0,0.00137,7,0.28300000000000003,-12.657,1,23,0.0383,94.607,0.557,6
0.0272,0.511,179240,0.696,0,0.00024900000000000004,6,0.0875,-5.157,0,58,0.0421,164.614,0.7879999999999999,1
0.882,0.826,204770,0.188,0,2.83e-06,0,0.103,-12.181,1,74,0.0883,130.02200000000002,0.205,1
0.221,0.682,222165,0.551,0,2.23e-05,8,0.133,-8.746,1,48,0.28800000000000003,73.988,0.35700000000000004,1
0.000245,0.478,220040,0.992,1,0.000206,7,0.327,-3.165,1,58,0.211,109.969,0.117,1
0.7170000000000001,0.461,265867,0.301,0,0.0,0,0.11,-9.882,1,55,0.0253,77.92399999999998,0.188,3
0.984,0.391,193867,0.418,0,0.947,1,0.299,-8.165,0,0,0.0358,127.599,0.578,9
0.657,0.5710000000000001,318067,0.0967,0,0.0,9,0.265,-16.315,1,49,0.0478,146.384,0.518,4
0.00179,0.635,220457,0.863,1,0.0,5,0.32,-4.204,1,58,0.0613,94.945,0.654,1
0.856,0.338,96840,0.14300000000000002,0,0.7759999999999999,2,0.14800000000000002,-24.002,0,23,0.0316,137.47299999999998,0.324,4
0.797,0.516,514933,0.405,0,0.0032,0,0.0997,-14.144,1,2,0.0627,122.788,0.531,7
0.229,0.402,200453,0.862,0,0.0,9,0.111,-4.202,0,41,0.261,109.23,0.343,2
0.79,0.531,164826,0.188,0,0.000237,5,0.485,-13.143,0,14,0.0296,101.943,0.438,6
0.757,0.438,170400,0.382,0,1.48e-06,9,0.28,-16.586,1,8,0.0963,166.438,0.8440000000000001,6
0.423,0.431,185253,0.467,0,0.0,9,0.18600000000000005,-11.592,0,22,0.0323,75.134,0.611,6
0.371,0.535,126107,0.6829999999999999,0,0.0133,9,0.205,-11.677,1,31,0.0334,150.74200000000005,0.912,6
0.145,0.79,181436,0.6940000000000001,0,0.00252,9,0.281,-7.726,0,87,0.0708,103.007,0.508,0
0.33,0.691,251253,0.873,0,1.63e-06,5,0.0362,-8.758,0,61,0.0382,93.685,0.916,2
0.0345,0.878,238493,0.6990000000000001,0,3.37e-06,10,0.755,-5.897,0,41,0.132,104.838,0.6659999999999999,2
0.792,0.556,290733,0.201,0,0.0533,0,0.0954,-18.736,0,15,0.0471,93.638,0.6859999999999999,7
0.8079999999999999,0.329,174785,0.171,0,0.0,7,0.182,-11.107,1,0,0.0307,168.63099999999997,0.334,8
0.028,0.365,409560,0.57,0,0.042,9,0.108,-10.039,0,47,0.0696,128.43200000000002,0.364,1
0.995,0.7120000000000001,180000,0.159,0,0.954,6,0.116,-18.507,0,0,0.057,106.92,0.584,10
0.469,0.555,299680,0.66,0,0.000145,7,0.108,-8.037,1,35,0.0317,129.541,0.443,4
0.0217,0.858,247613,0.76,0,0.0,4,0.322,-7.895,0,57,0.254,93.082,0.951,3
0.00092,0.254,288667,0.465,0,0.0323,4,0.298,-11.198,1,28,0.0346,142.515,0.53,5
0.8390000000000001,0.6779999999999999,183533,0.127,0,0.0,0,0.0868,-13.199000000000002,1,4,0.0297,95.579,0.461,7
0.028,0.588,175000,0.736,1,5.81e-06,4,0.198,-7.625,1,41,0.0446,141.998,0.86,2
0.218,0.588,177987,0.488,0,0.0,3,0.0871,-10.218,1,47,0.0304,108.687,0.578,2
0.556,0.706,211307,0.391,0,0.0305,11,0.0784,-11.282,1,55,0.0267,104.053,0.32,1
0.825,0.585,139067,0.527,0,0.0,8,0.386,-8.522,1,41,0.0642,126.391,0.947,7
0.995,0.348,151733,0.0368,0,0.931,9,0.382,-20.931,1,0,0.0403,87.709,0.154,10
0.7979999999999999,0.494,657200,0.362,0,0.00256,5,0.6659999999999999,-18.099,0,8,0.0587,93.855,0.679,7
0.981,0.35100000000000003,190067,0.0225,0,0.828,4,0.08199999999999999,-30.405,0,31,0.0423,80.9,0.0994,5
0.00106,0.813,232467,0.59,0,5.07e-05,8,0.0809,-8.998,1,51,0.378,159.961,0.602,2
0.967,0.6779999999999999,176960,0.255,0,0.00228,11,0.0386,-9.567,0,2,0.0463,120.999,0.757,9
0.101,0.53,231640,0.504,0,0.000633,5,0.106,-6.71,1,52,0.0251,77.295,0.56,1
0.8809999999999999,0.525,103693,0.435,0,0.0,5,0.29100000000000004,-10.049,1,2,0.125,101.587,0.782,7
0.000509,0.386,330000,0.534,1,0.00432,0,0.0923,-8.624,1,44,0.0276,147.851,0.116,3
0.419,0.759,190200,0.7859999999999999,0,0.0,7,0.0627,-8.349,1,32,0.0555,146.684,0.907,3
0.946,0.494,355600,0.308,0,0.293,7,0.091,-11.918,1,21,0.0556,198.329,0.696,7
0.83,0.246,190467,0.445,0,1.17e-06,9,0.163,-9.954,1,33,0.032,102.517,0.139,5
0.99,0.446,192107,0.385,0,0.868,0,0.238,-10.049,0,0,0.0389,118.505,0.7,8
0.63,0.7070000000000001,226507,0.501,0,6.829999999999999e-05,8,0.0482,-12.143,1,45,0.0287,113.263,0.7909999999999999,4
0.958,0.5760000000000001,172280,0.195,0,0.000115,2,0.104,-20.009,1,21,0.0377,77.834,0.595,6
0.434,0.897,280040,0.6459999999999999,0,0.29100000000000004,3,0.0912,-6.398,0,65,0.0302,113.774,0.454,4
0.053,0.768,284000,0.807,1,2.99e-06,2,0.214,-5.507999999999999,0,56,0.106,112.001,0.575,1
0.723,0.5820000000000001,233027,0.277,0,7.42e-06,7,0.0986,-14.738,1,32,0.0322,119.311,0.399,3
0.00943,0.4320000000000001,174360,0.958,0,2.79e-06,9,0.227,-4.009,1,61,0.0819,164.018,0.8740000000000001,4
0.995,0.391,267773,0.104,0,0.875,8,0.094,-23.336,1,0,0.0319,75.657,0.059,8
0.0559,0.8240000000000001,199773,0.768,0,0.0,4,0.369,-5.391,0,44,0.21600000000000005,91.132,0.529,3
0.8440000000000001,0.456,129267,0.268,1,0.0693,7,0.107,-15.164,0,58,0.0417,78.531,0.12,1
0.472,0.5379999999999999,235000,0.478,0,0.0,11,0.17,-8.957,0,51,0.0388,59.004,0.527,5
0.00296,0.779,111192,0.544,1,0.0,6,0.3,-9.87,1,69,0.206,129.936,0.578,0
0.98,0.464,181159,0.209,0,0.0113,2,0.109,-11.293,1,17,0.066,197.842,0.402,7
0.354,0.463,156320,0.784,0,0.0,10,0.187,-11.991,0,19,0.0699,139.08700000000002,0.7120000000000001,7
0.0146,0.317,287907,0.846,0,0.13,0,0.1,-3.624,1,53,0.0538,129.01,0.198,1
0.687,0.58,308747,0.392,0,0.0,9,0.111,-10.25,1,40,0.0294,122.313,0.343,3
0.914,0.6709999999999999,73147,0.271,0,0.0,9,0.738,-16.761,1,13,0.936,49.893,0.685,6
0.000617,0.444,210427,0.963,0,0.0,1,0.202,-3.565,0,47,0.108,197.073,0.418,2
0.28800000000000003,0.667,245333,0.785,0,0.000122,1,0.0597,-7.364,1,41,0.0635,108.921,0.73,2
0.728,0.387,138707,0.317,0,5.37e-06,7,0.625,-10.065,1,8,0.0319,122.157,0.5539999999999999,6
6.659999999999999e-05,0.264,247133,0.909,0,0.382,7,0.416,-5.9170000000000025,0,48,0.0471,156.48,0.745,3
0.201,0.773,362067,0.502,0,0.000178,6,0.114,-10.747,0,34,0.0261,99.265,0.5329999999999999,3
0.18,0.675,427107,0.882,0,0.00267,11,0.0965,-14.319,0,22,0.0562,116.707,0.708,4
0.223,0.579,268667,0.182,0,0.0177,4,0.112,-18.566,1,26,0.0293,79.354,0.209,4
0.5489999999999999,0.723,167333,0.507,0,0.63,7,0.0654,-10.517,0,20,0.042,106.927,0.74,6
0.992,0.6559999999999999,177128,0.109,0,0.00626,3,0.202,-13.091,0,0,0.41,129.203,0.598,7
0.873,0.657,174347,0.443,0,0.00034700000000000003,5,0.134,-7.802,0,26,0.0315,102.81,0.6709999999999999,6
0.975,0.617,187453,0.419,0,0.0007830000000000001,9,0.105,-7.14,1,0,0.0343,76.175,0.856,9
0.407,0.252,456000,0.615,0,0.000136,7,0.908,-15.255999999999998,1,17,0.203,143.806,0.229,6
0.0159,0.487,152320,0.605,0,1.3800000000000007e-05,4,0.948,-15.126,1,24,0.275,125.76,0.531,6
0.939,0.5660000000000001,160200,0.491,0,3.87e-05,4,0.106,-12.195,1,12,0.0565,125.56,0.647,6
0.0751,0.518,261114,0.725,0,2.39e-05,8,0.09,-7.492000000000001,1,52,0.129,144.032,0.328,1
0.117,0.741,171267,0.58,0,3.3100000000000005e-05,4,0.212,-9.05,1,69,0.0304,127.402,0.944,4
0.63,0.311,426227,0.606,0,0.0,8,0.984,-8.264,1,33,0.0702,112.029,0.265,4
0.339,0.298,122787,0.17800000000000002,0,0.948,4,0.5870000000000001,-18.494,0,43,0.034,90.038,0.0633,2
0.355,0.75,266400,0.27,0,9.47e-05,9,0.31,-11.441,0,42,0.0523,75.945,0.892,3
0.878,0.6779999999999999,110880,0.0695,0,0.000258,8,0.11,-16.546,1,14,0.0563,135.7,0.449,7
0.508,0.5589999999999999,73440,0.38,0,3.39e-05,1,0.298,-13.858,1,16,0.0402,88.286,0.677,7
0.994,0.411,166840,0.0735,0,0.11,0,0.122,-17.244,1,0,0.0315,68.97399999999999,0.141,8
0.984,0.0934,236107,0.019,0,0.175,11,0.0536,-29.572,1,0,0.0489,73.831,0.0398,9
0.773,0.223,228280,0.17,0,0.00239,2,0.2,-18.777,0,10,0.0342,67.985,0.24,6
0.292,0.695,331293,0.307,0,0.0,4,0.0637,-12.109000000000002,0,31,0.0394,97.051,0.229,4
0.995,0.28600000000000003,191508,0.039,0,0.925,4,0.121,-20.064,1,0,0.0418,69.84,0.327,7
0.597,0.488,235733,0.674,0,1.52e-05,0,0.373,-8.818,1,40,0.034,135.352,0.8420000000000001,5
0.271,0.799,263787,0.76,1,0.0,2,0.185,-3.318,1,58,0.222,99.994,0.5429999999999999,2
2.93e-05,0.252,210560,0.8859999999999999,0,5.33e-06,9,0.256,-4.678,0,47,0.0714,161.939,0.498,2
0.7140000000000001,0.825,201827,0.532,0,0.000312,9,0.195,-10.169,1,47,0.0341,116.207,0.778,5
0.995,0.458,193813,0.166,0,0.551,7,0.188,-12.578,1,0,0.127,184.254,0.789,10
0.542,0.404,169627,0.459,0,4.88e-06,9,0.115,-6.484,1,33,0.041,167.99599999999995,0.7829999999999999,5
0.13,0.528,193413,0.866,1,0.0,5,0.153,-6.39,0,45,0.383,158.531,0.91,2
0.949,0.226,192947,0.161,0,0.000366,10,0.341,-15.564,1,7,0.0338,142.9,0.162,7
0.00192,0.326,256560,0.875,0,6.79e-06,1,0.952,-5.233,0,45,0.0453,150.168,0.465,2
0.935,0.4,180293,0.233,0,0.266,5,0.1,-13.432,0,3,0.0375,71.634,0.24,8
0.818,0.6779999999999999,220427,0.341,0,0.0,3,0.0566,-11.985,1,34,0.0775,123.423,0.8059999999999999,3
0.98,0.29600000000000004,665240,0.231,0,0.884,11,0.077,-18.085,0,7,0.048,77.215,0.0531,7
0.66,0.589,144733,0.648,0,1.54e-06,0,0.331,-13.063,0,8,0.0392,155.811,0.82,6
0.649,0.616,175106,0.642,0,0.00251,2,0.133,-10.988,1,14,0.0368,143.141,0.696,6
0.986,0.322,160360,0.0569,0,0.000275,3,0.154,-16.457,1,12,0.0366,118.084,0.154,7
0.5539999999999999,0.404,150507,0.613,0,0.00127,5,0.384,-9.005,0,35,0.0456,115.29,0.628,5
0.979,0.7170000000000001,205533,0.209,0,0.439,1,0.0609,-13.224,1,8,0.0622,127.401,0.889,10
0.353,0.652,364015,0.27,0,0.12,0,0.145,-15.494000000000002,1,12,0.0639,117.059,0.5760000000000001,7
0.993,0.36,181080,0.339,0,0.905,7,0.229,-16.633,0,0,0.0822,70.919,0.644,8
0.000111,0.534,234093,0.911,0,0.000406,9,0.078,-2.826,1,50,0.0441,139.02,0.6809999999999999,2
0.337,0.722,313547,0.331,1,0.28300000000000003,8,0.146,-7.789,1,75,0.0725,143.974,0.102,1
0.989,0.406,75040,0.231,0,0.0,5,0.524,-14.942,1,0,0.0517,124.345,0.35200000000000004,7
0.0177,0.599,191360,0.6859999999999999,1,0.00105,8,0.0929,-5.9510000000000005,1,63,0.0422,148.01,0.662,1
0.00535,0.47,272413,0.959,0,0.0101,10,0.141,-4.338,1,54,0.075,88.0,0.199,2
0.13699999999999998,0.703,198947,0.66,0,0.0,10,0.192,-5.119,0,66,0.123,95.031,0.79,1
0.988,0.765,194373,0.226,0,0.0421,0,0.0853,-12.703,1,0,0.0412,103.741,0.828,10
0.887,0.514,293440,0.614,0,0.8270000000000001,6,0.118,-16.026,1,32,0.0351,126.666,0.8140000000000001,4
0.501,0.513,183856,0.34,0,0.00107,7,0.21600000000000005,-5.891,1,32,0.0281,85.939,0.518,5
0.203,0.23,446400,0.416,0,0.00298,4,0.109,-8.09,0,37,0.033,106.941,0.171,6
0.952,0.665,148573,0.268,0,0.000212,10,0.146,-13.609000000000002,1,11,0.0908,110.596,0.574,9
0.35200000000000004,0.718,179067,0.523,0,0.00314,6,0.0909,-7.181,1,54,0.199,167.963,0.835,1
0.0833,0.28300000000000003,284493,0.657,0,1.67e-05,1,0.136,-8.556000000000001,0,55,0.0353,97.995,0.376,2
0.0561,0.43,234731,0.708,0,0.0,0,0.7040000000000001,-7.14,1,67,0.0336,75.024,0.243,1
0.526,0.574,229381,0.463,0,0.0,9,0.175,-9.829,1,31,0.0344,78.078,0.311,4
0.914,0.287,205360,0.393,0,0.893,10,0.271,-9.265,1,0,0.0365,92.825,0.398,8
0.039,0.552,495049,0.5329999999999999,0,0.093,5,0.111,-8.298,1,33,0.0337,127.915,0.348,5
0.982,0.385,165960,0.108,0,0.845,9,0.141,-28.06,0,2,0.0499,110.895,0.738,9
0.0059700000000000005,0.8140000000000001,256640,0.7070000000000001,0,0.0,9,0.16399999999999998,-4.975,0,37,0.258,95.827,0.423,3
0.246,0.595,241533,0.653,0,0.0,7,0.264,-4.935,1,71,0.0265,128.93,0.542,2
0.988,0.61,181715,0.0768,0,3.8e-05,10,0.361,-14.589,1,0,0.175,165.294,0.555,10
0.523,0.821,174357,0.509,0,0.000101,11,0.0822,-8.164,0,28,0.0517,170.44799999999995,0.8440000000000001,4
0.888,0.204,177053,0.0278,0,0.777,1,0.0833,-32.442,1,14,0.0428,74.907,0.0348,6
0.404,0.262,210600,0.442,0,0.0,7,0.0765,-5.94,1,52,0.0334,203.311,0.539,2
0.0785,0.589,240227,0.7509999999999999,0,2.38e-06,9,0.0878,-5.6629999999999985,1,58,0.0403,108.849,0.637,4
0.000502,0.35100000000000003,238333,0.74,0,0.00144,1,0.107,-3.432,1,47,0.0318,102.124,0.218,2
0.612,0.6679999999999999,145600,0.398,0,0.0,5,0.269,-11.574000000000002,1,10,0.033,116.295,0.866,7
0.995,0.463,365467,0.295,0,0.947,10,0.304,-12.73,0,0,0.0722,71.991,0.336,8
0.701,0.664,160240,0.72,0,0.5670000000000001,11,0.0722,-8.007,1,9,0.0282,102.201,0.8240000000000001,7
0.966,0.207,207568,0.157,0,0.8740000000000001,5,0.0781,-18.271,0,43,0.0444,64.38600000000001,0.116,5
0.187,0.317,222173,0.547,0,0.0,8,0.121,-6.549,1,63,0.0366,117.332,0.11,1
0.004370000000000001,0.846,167067,0.923,0,0.0,11,0.339,-4.6789999999999985,0,22,0.202,95.627,0.742,4
0.906,0.718,170133,0.237,0,4.21e-06,10,0.259,-10.863,1,12,0.0368,98.352,0.949,9
0.502,0.242,1642493,0.406,0,0.0656,11,0.103,-14.204,0,23,0.0461,144.159,0.0384,5
0.132,0.53,203173,0.888,0,0.0321,5,0.425,-5.127999999999999,1,44,0.0282,136.123,0.833,4
0.649,0.467,245400,0.37,0,4.42e-05,0,0.0949,-11.231,1,55,0.032,98.646,0.272,1
0.4320000000000001,0.5710000000000001,129533,0.507,0,0.0,6,0.0676,-7.098,1,14,0.0401,76.313,0.846,6
0.000147,0.501,292880,0.889,0,0.0114,4,0.217,-5.175,1,81,0.0364,133.519,0.257,3
0.991,0.407,185963,0.343,0,0.00286,0,0.458,-8.191,1,0,0.0462,75.495,0.639,7
0.197,0.71,217613,0.785,0,0.573,4,0.72,-9.673,0,22,0.0397,130.014,0.962,5
0.272,0.4370000000000001,248667,0.76,0,0.00016299999999999998,5,0.407,-7.9529999999999985,0,28,0.142,151.375,0.7909999999999999,5
0.204,0.785,431613,0.841,0,0.00235,4,0.29,-5.9620000000000015,0,50,0.064,116.921,0.4370000000000001,1
0.0539,0.536,217605,0.7659999999999999,0,0.0051,0,0.292,-9.89,1,59,0.0522,87.89299999999999,0.758,5
0.695,0.603,282813,0.312,0,0.0,7,0.155,-13.762,0,24,0.06,81.40100000000002,0.493,7
0.019,0.511,223427,0.774,0,1.19e-06,11,0.478,-5.192,0,50,0.139,123.061,0.7120000000000001,2
0.496,0.84,199467,0.75,0,0.011,4,0.222,-6.14,1,28,0.0318,107.259,0.97,4
0.406,0.631,95700,0.145,1,0.0,1,0.4270000000000001,-16.723,1,0,0.941,170.858,0.5760000000000001,9
0.0493,0.7829999999999999,185199,0.706,0,0.0617,7,0.158,-7.544,1,49,0.0434,141.02100000000004,0.96,3
0.366,0.7609999999999999,257213,0.484,0,2.81e-05,10,0.189,-14.976,1,40,0.0381,110.45,0.826,5
0.8740000000000001,0.379,196600,0.429,0,0.0048,2,0.123,-11.281,1,22,0.0395,172.025,0.735,5
0.768,0.599,244677,0.17800000000000002,0,0.758,6,0.142,-14.763,1,26,0.0397,109.728,0.059,5
0.601,0.6709999999999999,181067,0.6579999999999999,0,0.234,10,0.055,-9.203,1,47,0.0336,89.698,0.961,2
0.994,0.516,284667,0.364,0,0.899,4,0.112,-19.033,0,7,0.0482,100.731,0.951,7
0.963,0.447,79373,0.112,0,4e-05,0,0.8909999999999999,-21.055,1,0,0.0587,134.44799999999998,0.451,7
0.785,0.5820000000000001,371160,0.281,0,0.867,7,0.0827,-15.202,0,22,0.043,128.592,0.328,6
0.0129,0.622,227773,0.797,0,0.0069900000000000006,1,0.412,-12.076,1,40,0.0276,107.049,0.847,4
0.994,0.382,461347,0.205,0,0.907,11,0.696,-17.035,1,0,0.0407,105.782,0.118,10
0.989,0.429,287184,0.463,0,0.0034700000000000004,6,0.461,-7.779,1,1,0.0765,115.636,0.491,8
0.952,0.333,256947,0.0622,0,1.65e-06,10,0.132,-20.285,1,14,0.0433,66.801,0.223,7
0.979,0.119,902693,0.196,0,0.845,0,0.136,-16.758,1,0,0.0434,75.745,0.0398,8
0.18,0.613,251533,0.792,0,0.0,9,0.0935,-7.541,1,21,0.0301,138.41,0.883,5
0.7070000000000001,0.7020000000000001,476760,0.5760000000000001,0,0.633,5,0.0602,-10.424,1,27,0.0392,126.457,0.631,6
0.00273,0.552,171240,0.919,0,0.0133,9,0.13699999999999998,-5.136,1,41,0.0364,122.948,0.772,3
0.00194,0.597,356360,0.8059999999999999,0,0.444,0,0.0843,-7.735,0,28,0.0378,92.211,0.209,4
0.024,0.865,219560,0.384,0,0.434,10,0.0682,-11.953,1,48,0.0577,122.48,0.852,2
0.994,0.41,243400,0.128,0,0.902,3,0.173,-25.532,1,0,0.0558,78.584,0.629,8
0.865,0.488,296307,0.35200000000000004,0,0.0,1,0.268,-12.566,1,25,0.0347,89.46600000000002,0.5329999999999999,5
0.407,0.595,216547,0.637,0,0.000105,9,0.124,-13.964,0,34,0.112,179.088,0.925,5
0.09,0.601,213080,0.728,0,0.0235,0,0.0874,-5.622000000000001,1,55,0.0513,145.951,0.34700000000000003,1
0.7509999999999999,0.473,116333,0.455,0,0.0,4,0.199,-13.982,1,19,0.075,90.619,0.941,7
0.648,0.424,148293,0.607,0,0.807,0,0.117,-14.345,1,29,0.068,90.099,0.494,7
0.337,0.5489999999999999,342160,0.479,0,0.042,7,0.14400000000000002,-14.002,0,33,0.0434,151.266,0.92,6
0.431,0.653,243000,0.8759999999999999,1,0.0,7,0.3670000000000001,-6.2860000000000005,0,51,0.285,159.984,0.5710000000000001,2
0.000922,0.86,185080,0.545,0,2.34e-06,4,0.45,-10.49,1,37,0.0912,124.309,0.723,4
0.81,0.6509999999999999,256493,0.462,0,3.3e-06,2,0.136,-9.011,1,46,0.0336,80.289,0.5670000000000001,2
0.994,0.565,42773,0.358,0,0.895,7,0.16,-18.038,1,21,0.0357,98.627,0.932,7
0.31,0.383,571667,0.9,0,0.0035700000000000007,2,0.945,-9.782,1,46,0.223,119.232,0.385,5
0.812,0.652,288052,0.7120000000000001,1,0.000106,7,0.149,-7.191,0,50,0.174,183.077,0.547,1
0.62,0.662,282107,0.429,0,1.78e-06,7,0.456,-8.562000000000001,1,45,0.0314,105.024,0.184,2
0.993,0.43,179174,0.343,0,0.907,5,0.119,-14.800999999999998,1,0,0.204,77.66,0.774,8
0.413,0.547,182277,0.561,0,7.4999999999999985e-06,2,0.201,-7.338999999999999,1,27,0.0287,139.13,0.551,5
0.947,0.777,158773,0.359,0,0.0,4,0.151,-9.766,0,0,0.0792,125.623,0.644,7
0.00024,0.4320000000000001,357200,0.733,0,0.789,4,0.0993,-9.925,0,45,0.029,153.757,0.8140000000000001,4
0.0007070000000000001,0.458,261160,0.79,0,9.3e-05,6,0.151,-10.452,0,40,0.117,121.096,0.274,3
0.648,0.564,194240,0.358,0,0.0,1,0.14800000000000002,-15.031,1,47,0.0292,125.005,0.446,4
0.898,0.28,158427,0.373,0,0.0,1,0.138,-5.725,1,8,0.0308,86.63,0.417,7
0.99,0.429,152093,0.0903,0,0.0,8,0.479,-17.285,1,0,0.0637,106.671,0.0775,7
0.94,0.794,154070,0.128,0,0.0,7,0.258,-13.13,0,7,0.163,129.111,0.642,9
0.976,0.459,195453,0.401,0,0.0,4,0.0843,-4.884,0,2,0.0724,78.855,0.642,9
0.0613,0.526,165520,0.6579999999999999,0,3.42e-06,7,0.339,-12.379,1,45,0.0345,80.741,0.45,5
0.0008029999999999999,0.6890000000000001,255787,0.7120000000000001,1,0.000601,10,0.237,-7.184,1,60,0.0451,100.004,0.0379,1
0.22,0.6579999999999999,161693,0.5870000000000001,0,0.000145,0,0.375,-6.632999999999999,1,48,0.0372,76.68,0.857,2
0.7190000000000001,0.34,126561,0.287,0,0.562,0,0.0874,-17.333,1,22,0.0374,171.90400000000002,0.248,5
0.994,0.41,230173,0.0141,0,0.88,11,0.106,-33.042,0,16,0.0544,64.756,0.184,6
0.0249,0.413,302173,0.677,1,0.0,1,0.0793,-5.12,1,67,0.255,172.50099999999995,0.0845,1
0.964,0.224,352453,0.104,0,0.0008029999999999999,10,0.119,-14.343,0,16,0.0375,86.92299999999999,0.0425,7
0.324,0.386,231827,0.481,0,1.02e-05,7,0.065,-8.597000000000001,1,45,0.0326,68.907,0.215,3
0.968,0.308,311639,0.265,0,0.905,4,0.317,-11.304,1,2,0.0727,70.581,0.36,8
0.335,0.488,530013,0.772,0,1.6e-05,5,0.454,-9.22,1,26,0.0594,117.638,0.617,4
0.991,0.337,436333,0.046,0,0.913,8,0.136,-20.894,1,0,0.0353,96.771,0.158,8
0.142,0.6709999999999999,214467,0.339,0,0.0,9,0.293,-16.098,1,39,0.0247,86.292,0.847,3
0.00473,0.637,112493,0.969,0,0.00148,0,0.0428,-4.682,1,48,0.0432,100.26,0.94,3
0.145,0.703,243040,0.628,0,0.0223,7,0.129,-8.229,1,28,0.0533,87.242,0.737,4
0.121,0.871,178280,0.589,0,0.0151,9,0.0342,-8.985,0,42,0.0364,103.365,0.973,5
0.0294,0.6559999999999999,176240,0.901,0,0.000139,4,0.0546,-5.212999999999999,1,44,0.0398,135.009,0.8909999999999999,2
0.958,0.424,117133,0.14,0,8.52e-05,10,0.368,-21.756,0,0,0.337,85.734,0.151,7
0.965,0.34700000000000003,178960,0.158,0,1.1e-06,7,0.718,-13.351,1,0,0.0423,101.628,0.28800000000000003,8
0.847,0.7170000000000001,105800,0.199,0,0.0,6,0.12,-17.051,1,22,0.123,111.092,0.471,6
0.818,0.59,289227,0.203,0,0.789,10,0.124,-19.619,1,6,0.0473,116.122,0.488,6
0.449,0.433,286000,0.298,0,9.07e-05,7,0.101,-11.074000000000002,1,49,0.0301,62.03,0.353,2
0.3,0.8059999999999999,212867,0.546,0,0.0,9,0.102,-6.6370000000000005,1,88,0.0575,147.986,0.8740000000000001,0
0.8690000000000001,0.447,732807,0.0368,0,0.429,9,0.108,-26.146,0,34,0.0488,132.564,0.0515,6
0.133,0.438,338400,0.86,1,0.000848,8,0.387,-10.151,1,37,0.21,140.453,0.564,3
0.007859999999999999,0.498,235000,0.598,0,0.0,4,0.111,-6.638,0,78,0.0377,140.078,0.0573,1
0.0118,0.921,225507,0.583,0,0.0,6,0.0888,-15.233,1,27,0.258,102.849,0.957,4
0.626,0.475,206600,0.318,0,2.44e-06,7,0.13,-12.373,1,41,0.0252,76.258,0.36,5
0.7120000000000001,0.35,170667,0.429,0,0.0,7,0.307,-13.14,1,62,0.131,169.90099999999995,0.207,1
0.395,0.6409999999999999,428575,0.7,0,9.68e-05,6,0.926,-10.325,0,32,0.0482,87.89299999999999,0.7979999999999999,5
0.474,0.438,215293,0.73,0,0.0,3,0.113,-3.78,1,48,0.0407,158.281,0.14800000000000002,2
0.0606,0.8340000000000001,252017,0.493,1,7.950000000000001e-05,5,0.0666,-6.567,0,59,0.128,140.007,0.28,1
0.8540000000000001,0.5920000000000001,362960,0.447,0,0.727,10,0.103,-9.42,1,22,0.267,124.913,0.481,6
0.995,0.203,39267,0.284,0,0.926,10,0.188,-22.231,1,0,0.0475,152.976,0.665,8
0.993,0.332,207027,0.19,0,0.29100000000000004,6,0.102,-18.96,0,0,0.043,65.954,0.306,8
0.000117,0.253,150093,0.7659999999999999,0,0.892,4,0.957,-16.011,1,40,0.0329,168.91400000000004,0.726,3
0.726,0.503,139080,0.299,0,0.8340000000000001,5,0.642,-23.841,0,11,0.108,137.835,0.373,7
0.099,0.6940000000000001,106000,0.222,1,0.0,7,0.249,-24.015,1,0,0.928,82.686,0.344,10
0.804,0.545,145467,0.199,0,0.0,1,0.15,-14.890999999999998,0,15,0.04,132.715,0.644,6
0.131,0.534,271787,0.755,0,0.0,2,0.0888,-4.476,1,50,0.0385,119.951,0.324,1
0.758,0.18,151373,0.321,0,0.758,5,0.131,-9.064,1,12,0.0331,72.99,0.279,6
0.579,0.513,327293,0.409,0,6.17e-06,4,0.118,-15.882,0,42,0.0344,108.161,0.496,4
0.185,0.5760000000000001,363573,0.422,0,0.244,0,0.264,-11.277,1,26,0.0594,115.478,0.57,7
0.416,0.65,155667,0.21600000000000005,0,0.0112,6,0.142,-20.08,1,30,0.0334,137.933,0.611,6
0.924,0.684,193293,0.29,0,2.25e-06,7,0.106,-10.67,1,25,0.0463,90.448,0.7559999999999999,9
0.19,0.563,245920,0.5529999999999999,0,4.71e-05,10,0.0967,-8.501,1,63,0.0287,161.893,0.409,1
0.882,0.565,160040,0.449,0,0.00701,3,0.0922,-18.278,0,20,0.0551,103.76,0.531,6
0.0552,0.585,239147,0.8490000000000001,0,0.000539,7,0.146,-5.796,1,35,0.0386,131.748,0.685,5
0.348,0.8170000000000001,179167,0.8079999999999999,1,0.00605,6,0.25,-3.423,1,13,0.326,143.95,0.518,7
0.8079999999999999,0.44,181533,0.341,0,0.0,1,0.0551,-8.089,1,19,0.0373,180.371,0.787,6
0.0744,0.78,161133,0.8690000000000001,0,0.004,9,0.0621,-7.255,1,65,0.0517,157.90200000000004,0.957,4
0.966,0.638,141507,0.0689,0,1.31e-06,4,0.102,-16.222,1,34,0.0659,120.16,0.695,3
0.00129,0.293,135267,0.8690000000000001,0,0.0,0,0.146,-5.022,1,24,0.0562,197.364,0.6729999999999999,4
0.517,0.403,273347,0.444,0,0.000964,2,0.168,-9.993,0,37,0.0287,92.781,0.5429999999999999,5
0.995,0.491,202467,0.319,0,0.944,7,0.219,-15.661,1,0,0.0639,83.956,0.903,7
0.00525,0.34700000000000003,208867,0.78,0,0.00465,1,0.299,-10.823,0,38,0.112,147.855,0.669,4
0.00504,0.469,214853,0.713,0,0.0,7,0.121,-9.33,1,28,0.0364,143.99,0.866,5
0.897,0.229,204840,0.107,0,0.0237,0,0.149,-16.483,1,33,0.0333,60.44,0.0642,5
0.189,0.5820000000000001,250320,0.931,1,0.0,4,0.29100000000000004,-4.058,0,51,0.15,123.961,0.345,1
0.00826,0.836,305350,0.67,1,0.000355,5,0.0837,-6.907,0,74,0.23,107.018,0.556,1
0.0276,0.234,396107,0.99,0,0.292,2,0.496,-6.147,1,22,0.0671,162.872,0.527,5
0.149,0.6679999999999999,172493,0.5770000000000001,1,0.00111,9,0.182,-6.984,1,48,0.0634,99.957,0.557,1
0.006940000000000001,0.674,267720,0.773,1,0.0,8,0.312,-6.002000000000002,1,39,0.28800000000000003,78.001,0.506,2
0.447,0.449,140360,0.29100000000000004,0,0.0,8,0.0646,-12.341,1,23,0.0482,86.917,0.486,6
0.97,0.368,118040,0.0131,0,0.0,5,0.126,-23.166,0,9,0.0403,81.362,0.334,6
0.324,0.706,149600,0.758,0,0.0,7,0.0281,-6.439,1,45,0.099,129.975,0.905,2
0.0354,0.506,330408,0.885,0,0.0383,9,0.722,-7.46,1,38,0.0753,136.91299999999998,0.29100000000000004,5
0.995,0.398,121787,0.232,0,0.893,7,0.156,-19.43,1,1,0.0444,99.879,0.922,8
