0.481,0.503,335787,0.855,0,0.000955,0,0.688,-6.351,1,25,0.111,86.87700000000002,0.4270000000000001,5
0.146,0.55,307493,0.726,0,0.00608,2,0.428,-8.51,1,68,0.0516,92.697,0.37,5
0.974,0.0,9680,0.116,0,0.0457,5,0.205,-27.357,1,0,0.0,0.0,0.0,7
0.994,0.7759999999999999,172493,0.17800000000000002,0,0.00013000000000000002,10,0.117,-10.589,1,0,0.298,120.601,0.557,10
0.114,0.28,280720,0.384,0,1.33e-06,2,0.0831,-9.845,0,53,0.031,77.949,0.14300000000000002,4
0.0392,0.551,234240,0.7829999999999999,0,0.00067,2,0.153,-5.886,1,56,0.0368,118.001,0.404,1
0.0663,0.452,211733,0.302,0,0.0,3,0.116,-17.023,1,59,0.0355,149.16299999999995,0.381,4
0.0439,0.52,308307,0.523,0,0.8370000000000001,10,0.0656,-11.974,0,26,0.0658,99.21,0.732,5
0.993,0.7120000000000001,169373,0.309,0,0.923,11,0.493,-10.636,1,0,0.0965,131.375,0.7120000000000001,7
0.996,0.388,199889,0.171,0,0.7190000000000001,1,0.326,-13.465,1,0,0.092,69.692,0.376,7
0.00119,0.58,271813,0.906,0,0.000579,2,0.0933,-6.976,1,61,0.0405,137.97,0.476,2
0.68,0.619,254480,0.0285,0,0.0,10,0.513,-30.504,0,13,0.9,85.29899999999998,0.214,7
0.767,0.418,245573,0.575,0,8e-05,9,0.349,-7.858,0,0,0.043,142.32299999999995,0.665,7
0.971,0.8759999999999999,180493,0.297,0,0.182,2,0.0819,-12.942,1,0,0.109,124.392,0.964,9
0.138,0.878,190909,0.555,0,1.34e-06,1,0.151,-7.6389999999999985,0,70,0.202,88.029,0.7509999999999999,1
0.0494,0.7959999999999999,149440,0.925,0,6.620000000000001e-05,9,0.0464,-4.301,1,32,0.0394,100.524,0.957,4
0.723,0.6,54133,0.302,0,0.0,11,0.0812,-11.586,1,49,0.206,214.048,0.593,5
0.0404,0.6970000000000001,290333,0.669,0,0.00897,6,0.0654,-12.723,0,65,0.0406,108.506,0.486,4
0.0799,0.797,250387,0.642,0,1.19e-05,0,0.371,-8.082,1,62,0.0725,113.999,0.667,1
0.8759999999999999,0.517,267173,0.0917,0,0.629,0,0.108,-18.395,1,53,0.0336,95.068,0.0836,2
0.981,0.624,257827,0.614,0,2.45e-05,3,0.518,-12.884,1,0,0.948,55.924,0.563,8
0.171,0.747,181733,0.612,0,3e-05,7,0.05,-9.009,1,23,0.0377,114.903,0.96,6
0.383,0.522,126595,0.518,0,0.0,9,0.0772,-9.361,1,52,0.0667,169.821,0.968,1
0.0482,0.517,131600,0.939,0,0.0005740000000000001,2,0.334,-4.9289999999999985,1,52,0.0441,130.661,0.487,4
0.983,0.343,81640,0.101,0,0.863,11,0.52,-17.577,1,23,0.0406,111.821,0.0646,9
0.8370000000000001,0.586,251520,0.337,0,0.0,7,0.628,-13.165,1,50,0.0347,133.22899999999998,0.5429999999999999,5
0.378,0.728,181880,0.616,0,0.0,4,0.105,-4.238,1,77,0.0645,99.962,0.508,1
0.000897,0.879,288364,0.41,1,2.09e-05,8,0.108,-9.233,1,60,0.551,80.01100000000002,0.0703,1
0.895,0.156,657699,0.0819,0,0.863,11,0.78,-22.823,0,0,0.038,86.39399999999998,0.0392,9
0.8,0.233,199093,0.361,0,6.5e-06,4,0.165,-11.781,1,23,0.034,179.502,0.412,6
0.457,0.518,492760,0.159,0,0.0724,5,0.175,-16.645,0,41,0.06,63.841,0.35100000000000003,7
0.147,0.628,249200,0.401,0,6.64e-05,2,0.149,-12.093,1,61,0.0244,77.109,0.417,3
0.429,0.5579999999999999,283493,0.339,0,2.75e-06,6,0.16,-10.393,1,46,0.0274,135.235,0.309,5
0.954,0.501,287040,0.0841,0,0.14,3,0.105,-18.537,1,8,0.0403,112.514,0.0666,7
0.179,0.607,183640,0.35700000000000004,0,0.0,9,0.0571,-7.282999999999999,1,51,0.0317,107.362,0.736,2
0.129,0.821,140520,0.807,0,0.0,0,0.0653,-4.52,1,59,0.0457,149.343,0.977,2
0.115,0.696,368773,0.6920000000000001,0,3.83e-06,7,0.142,-6.774,1,28,0.0836,112.625,0.843,4
0.589,0.482,82933,0.7829999999999999,0,0.873,0,0.199,-8.597000000000001,1,24,0.0924,118.018,0.841,7
0.115,0.289,287027,0.6409999999999999,0,0.0,1,0.0752,-5.73,0,58,0.0467,84.25200000000002,0.2,1
0.000418,0.32,413200,0.777,0,0.00248,5,0.0712,-6.596,1,41,0.0393,75.671,0.0842,3
0.879,0.418,167927,0.153,0,4.23e-06,10,0.156,-14.484000000000002,1,47,0.0293,80.748,0.267,3
0.906,0.277,633267,0.226,0,0.394,5,0.6509999999999999,-20.621,1,0,0.0664,76.413,0.133,7
0.209,0.532,229973,0.616,0,0.747,11,0.172,-13.753,0,21,0.0303,108.807,0.728,5
0.0438,0.7190000000000001,380529,0.154,1,8.19e-06,2,0.09,-19.566,1,0,0.942,126.978,0.532,8
0.987,0.7,169353,0.591,0,0.627,5,0.226,-10.877,1,8,0.0518,103.782,0.8540000000000001,7
0.59,0.353,156480,0.32,0,0.0,4,0.123,-12.068,1,20,0.0277,91.851,0.317,6
0.995,0.735,170507,0.121,0,0.759,2,0.247,-16.65,0,0,0.126,117.428,0.5329999999999999,9
0.94,0.4970000000000001,146533,0.123,0,0.0,4,0.0936,-19.442,1,25,0.0364,95.873,0.384,4
0.393,0.196,242307,0.644,0,0.000363,2,0.643,-10.684,1,25,0.0514,74.899,0.322,6
3.03e-05,0.7290000000000001,272827,0.5670000000000001,1,0.262,7,0.177,-7.431,1,32,0.0296,137.96200000000002,0.3670000000000001,3
0.371,0.596,120973,0.5329999999999999,0,0.596,5,0.109,-13.725,0,7,0.0684,156.912,0.9,7
0.993,0.7040000000000001,161053,0.23,0,0.799,10,0.274,-10.527,1,0,0.0897,121.694,0.7909999999999999,8
0.0253,0.358,210787,0.856,0,0.0,2,0.233,-2.934,1,53,0.0471,169.81,0.542,2
0.0674,0.54,188440,0.913,0,0.0,8,0.101,-4.176,1,45,0.233,160.168,0.632,2
0.994,0.688,201507,0.225,0,0.343,9,0.188,-9.992,1,0,0.106,115.042,0.7140000000000001,10
0.906,0.799,210613,0.409,0,0.16699999999999998,3,0.331,-10.617,1,3,0.0825,88.61399999999998,0.88,10
0.51,0.457,161960,0.5429999999999999,0,0.0107,4,0.444,-10.495,0,24,0.0794,93.79,0.258,5
0.000603,0.318,470560,0.6459999999999999,0,0.18,2,0.155,-7.761,1,41,0.226,130.29,0.229,3
0.979,0.746,181107,0.259,0,0.0171,3,0.324,-15.288,1,1,0.0637,152.69,0.8079999999999999,9
0.00856,0.565,311693,0.7759999999999999,0,0.000136,4,0.111,-4.1610000000000005,0,49,0.0282,104.346,0.326,2
0.961,0.383,172627,0.0864,0,0.0,0,0.302,-17.367,1,31,0.0379,97.315,0.482,4
0.6809999999999999,0.189,163347,0.218,0,2.42e-05,3,0.175,-13.896,1,12,0.0304,85.663,0.14400000000000002,6
0.14800000000000002,0.588,212640,0.442,0,0.0,7,0.0445,-9.71,1,39,0.0274,135.476,0.402,4
0.0031100000000000004,0.779,233400,0.629,1,0.0,10,0.254,-6.7970000000000015,0,55,0.274,116.53,0.185,1
0.992,0.306,199147,0.3,0,0.103,6,0.328,-15.345,0,0,0.0701,79.26,0.381,9
0.992,0.468,390533,0.201,0,0.8029999999999999,10,0.121,-16.226,1,0,0.0458,96.989,0.519,7
0.994,0.321,333880,0.0201,0,0.906,11,0.0844,-30.346,1,1,0.0373,125.935,0.0337,7
0.994,0.764,158178,0.35600000000000004,0,0.947,4,0.214,-8.984,0,5,0.0382,101.386,0.8220000000000001,10
0.8,0.536,543093,0.28300000000000003,0,0.00349,0,0.141,-13.646,0,15,0.0341,74.333,0.265,7
0.823,0.428,272867,0.16,0,0.00673,2,0.101,-17.424,1,47,0.0319,140.25,0.101,4
0.0591,0.512,255013,0.465,0,3.08e-05,4,0.112,-7.144,1,48,0.0253,137.892,0.267,1
0.634,0.623,405347,0.624,0,0.633,4,0.49,-15.64,1,0,0.0349,139.836,0.75,8
0.978,0.395,169200,0.0426,0,0.00294,4,0.114,-18.823,0,37,0.0506,70.074,0.125,3
0.0863,0.7140000000000001,235560,0.502,0,2.37e-06,11,0.204,-8.216000000000001,1,45,0.0254,114.595,0.561,3
0.0614,0.731,167086,0.18,1,0.0,9,0.127,-19.498,1,0,0.909,87.28399999999998,0.716,10
0.0979,0.5479999999999999,242227,0.8809999999999999,0,0.0,8,0.109,-9.113,0,23,0.0452,141.313,0.841,4
0.532,0.6679999999999999,356067,0.411,0,3.71e-06,9,0.34,-13.607,1,27,0.0989,94.494,0.826,5
0.654,0.621,211173,0.394,0,3.4899999999999995e-05,2,0.0926,-12.133,1,42,0.03,141.69799999999995,0.35,4
0.000143,0.359,198493,0.935,1,0.0141,8,0.35100000000000003,-5.529,0,57,0.0817,173.429,0.6579999999999999,2
0.674,0.181,104114,0.0775,0,0.506,0,0.0939,-35.898,1,50,0.0588,115.711,0.451,5
0.507,0.597,189987,0.597,0,0.958,5,0.0973,-7.731,0,21,0.208,132.059,0.5660000000000001,8
7.11e-05,0.382,585507,0.7929999999999999,0,0.147,4,0.0541,-7.342,0,43,0.183,173.583,0.424,4
0.983,0.407,91320,0.0772,0,9.31e-06,4,0.122,-21.237,0,21,0.0441,96.137,0.242,7
0.133,0.877,205200,0.515,1,0.0228,11,0.0753,-12.613,1,48,0.0432,120.532,0.904,5
0.0864,0.737,241613,0.723,1,4.47e-06,0,0.522,-5.834,1,54,0.261,148.113,0.555,1
0.0004730000000000001,0.49,129773,0.701,0,0.0,7,0.157,-6.488,1,47,0.0524,97.859,0.606,3
0.563,0.649,172440,0.7190000000000001,0,0.00135,5,0.133,-9.878,1,42,0.0559,95.218,0.821,2
0.182,0.355,66440,0.39,0,0.877,11,0.133,-16.805999999999994,1,0,0.0573,83.041,0.35,8
0.0024,0.304,121693,0.932,0,0.000157,11,0.17,-12.191,0,26,0.109,141.68200000000004,0.472,4
0.28600000000000003,0.555,324533,0.611,1,0.00106,10,0.273,-9.216,0,57,0.35600000000000004,94.939,0.411,1
0.853,0.16699999999999998,184999,0.0319,0,0.96,0,0.109,-31.595,1,3,0.0417,127.65,0.0373,8
0.168,0.615,285253,0.35,0,0.0,3,0.294,-17.723,0,13,0.944,62.308,0.746,9
0.0206,0.395,206453,0.6859999999999999,0,1.14e-05,0,0.334,-10.751,1,16,0.037000000000000005,198.348,0.774,6
0.438,0.611,138337,0.412,0,0.0,5,0.139,-14.927,1,11,0.0566,142.817,0.79,6
0.612,0.8640000000000001,173267,0.6809999999999999,0,0.28800000000000003,5,0.0563,-5.938,0,37,0.0569,106.597,0.983,3
0.925,0.117,661440,0.193,0,0.848,5,0.0938,-17.25,1,0,0.0361,83.352,0.0363,8
0.0278,0.659,254960,0.579,0,0.828,8,0.124,-9.501,1,31,0.0331,107.033,0.815,5
0.0135,0.88,239333,0.506,0,1.32e-05,11,0.0508,-15.764,0,31,0.134,113.823,0.861,4
0.835,0.468,157573,0.557,0,1.03e-06,0,0.0645,-11.837,1,11,0.033,129.282,0.818,7
0.32299999999999995,0.64,212987,0.929,0,0.0,9,0.514,-6.016,1,47,0.0433,139.877,0.807,4
0.359,0.634,187133,0.8190000000000001,0,4.98e-06,5,0.18,-6.7860000000000005,0,37,0.048,104.517,0.931,5
0.828,0.368,177560,0.274,0,0.984,0,0.17800000000000002,-15.41,1,43,0.03,80.03699999999998,0.255,4
0.992,0.452,310733,0.0558,0,0.851,10,0.0967,-23.312,1,0,0.0528,121.946,0.175,10
0.745,0.545,242573,0.401,0,1.74e-06,0,0.107,-5.606,1,44,0.0275,127.79,0.197,2
0.219,0.574,188480,0.6729999999999999,0,0.925,8,0.0969,-16.654,1,0,0.0907,135.849,0.958,7
0.267,0.7759999999999999,499400,0.768,0,2.4e-06,2,0.983,-5.019,1,43,0.0502,101.591,0.838,2
0.706,0.488,373800,0.3,0,1.39e-06,5,0.0861,-14.732,1,37,0.0414,66.993,0.321,4
0.302,0.5529999999999999,391000,0.435,0,0.000292,11,0.0568,-9.837,1,33,0.0312,126.354,0.391,4
0.8290000000000001,0.672,431893,0.23,0,0.0,8,0.225,-18.373,1,0,0.961,91.751,0.688,9
0.35600000000000004,0.765,240453,0.55,0,9.46e-05,0,0.102,-7.942,1,50,0.08,94.959,0.688,2
0.000171,0.8109999999999999,389840,0.769,0,0.0011,7,0.25,-5.8370000000000015,1,47,0.0399,133.627,0.595,3
0.6679999999999999,0.555,257453,0.421,0,0.000479,9,0.115,-9.027,1,47,0.0275,71.99600000000002,0.34700000000000003,2
0.076,0.377,275680,0.511,0,0.000334,2,0.6,-11.887,1,41,0.0447,87.61399999999998,0.662,5
0.922,0.75,159853,0.493,0,0.743,0,0.0911,-12.025,0,0,0.125,100.595,0.7929999999999999,9
0.00254,0.155,256000,0.947,0,0.00251,0,0.235,-5.735,1,40,0.0984,185.502,0.27,3
0.0263,0.674,212867,0.377,0,0.00061,6,0.0701,-18.217,1,36,0.314,98.255,0.685,3
0.23,0.622,196227,0.448,0,0.0,0,0.102,-10.709,1,52,0.0265,106.085,0.5529999999999999,3
0.204,0.401,324973,0.307,0,0.23,7,0.129,-14.729,1,43,0.0301,81.98,0.525,2
0.6809999999999999,0.627,114347,0.471,0,0.0005139999999999999,0,0.0598,-11.067,1,7,0.0403,122.709,0.8540000000000001,6
0.7709999999999999,0.6859999999999999,262120,0.318,0,1.7899999999999998e-05,8,0.26,-11.683,0,61,0.0354,121.959,0.181,2
5.67e-05,0.39,200213,0.958,0,0.0437,10,0.121,-4.455,0,51,0.0622,167.045,0.348,1
0.7959999999999999,0.625,48880,0.244,0,9.940000000000003e-05,3,0.124,-25.02,1,18,0.202,123.49,0.0541,6
0.946,0.551,281853,0.329,0,0.436,0,0.105,-11.897,1,49,0.0344,135.142,0.344,1
0.601,0.722,120500,0.27,0,0.0,5,0.28,-18.362,1,2,0.961,84.76,0.375,7
0.0329,0.4370000000000001,205267,0.8340000000000001,0,1.03e-06,6,0.383,-3.807,1,58,0.0404,154.053,0.436,1
0.906,0.155,255427,0.0572,0,6.11e-05,9,0.151,-19.599,1,21,0.0398,81.271,0.0661,4
0.746,0.466,181573,0.687,0,0.0,10,0.21600000000000005,-6.0760000000000005,1,24,0.0316,112.005,0.56,6
0.895,0.6809999999999999,157160,0.335,0,0.0,10,0.085,-10.057,1,16,0.121,152.934,0.895,6
0.966,0.376,297093,0.0333,0,0.264,7,0.111,-23.826,1,35,0.0515,162.591,0.136,5
0.469,0.6779999999999999,183933,0.758,0,0.0,2,0.362,-5.914,1,35,0.0306,119.997,0.748,3
0.598,0.813,205529,0.515,0,3.67e-05,11,0.341,-11.43,1,26,0.0337,118.78,0.941,5
0.653,0.48,273853,0.718,0,1.14e-05,2,0.126,-9.388,1,33,0.0651,132.72899999999998,0.737,6
0.7140000000000001,0.61,168255,0.863,0,0.568,8,0.215,-8.918,1,0,0.056,130.71200000000002,0.943,9
0.35,0.569,134027,0.954,0,0.000265,2,0.0768,-4.82,1,57,0.126,91.205,0.574,4
0.00364,0.765,247533,0.6559999999999999,0,0.00868,5,0.0918,-6.112,1,52,0.0504,119.997,0.545,1
0.273,0.578,170520,0.519,0,0.0,2,0.272,-6.529,1,40,0.0367,85.00399999999998,0.795,2
0.945,0.338,317480,0.154,0,0.00434,2,0.124,-14.663,0,15,0.0434,58.603,0.104,7
0.875,0.337,226760,0.0642,0,0.0,10,0.34,-15.361,1,12,0.0391,66.038,0.2,8
0.182,0.685,242347,0.645,0,0.00532,0,0.138,-6.73,1,55,0.0256,119.936,0.461,1
0.552,0.629,152827,0.5920000000000001,1,0.007909999999999999,8,0.131,-8.741,0,43,0.476,79.727,0.883,2
0.7829999999999999,0.431,163280,0.486,0,2.77e-06,7,0.0811,-7.809,1,25,0.0385,188.256,0.551,7
0.956,0.19,175227,0.524,0,0.000155,9,0.525,-7.629,0,0,0.0432,63.005,0.402,7
0.231,0.66,171200,0.611,0,0.0181,7,0.0497,-11.867,1,39,0.114,102.167,0.8959999999999999,5
0.00318,0.381,302577,0.532,0,0.0,2,0.098,-7.842,1,61,0.0372,143.774,0.1,1
0.0171,0.544,189800,0.935,0,0.00301,6,0.297,-4.159,0,61,0.173,103.026,0.339,2
0.945,0.175,173307,0.0208,0,0.0154,9,0.0901,-32.629,0,2,0.0443,125.769,0.131,7
0.114,0.605,226693,0.622,0,0.0,0,0.15,-5.132999999999999,1,51,0.0425,136.012,0.177,1
0.14400000000000002,0.631,246640,0.6709999999999999,0,0.000204,5,0.103,-10.332,1,24,0.0356,124.184,0.459,4
0.0671,0.5820000000000001,254587,0.918,1,0.000393,8,0.123,-3.821,1,44,0.0917,199.868,0.747,2
0.605,0.64,190653,0.317,0,5.14e-06,7,0.118,-14.229,1,52,0.0307,125.935,0.3,4
0.3670000000000001,0.7509999999999999,235973,0.5539999999999999,0,1.1e-05,2,0.115,-7.32,1,37,0.0271,112.635,0.762,5
0.736,0.648,124347,0.5489999999999999,0,2.67e-05,9,0.53,-8.927,1,20,0.0577,82.15899999999998,0.758,6
0.229,0.528,300347,0.53,0,0.0,1,0.0707,-6.5310000000000015,0,40,0.0397,135.519,0.455,3
0.501,0.547,157533,0.546,0,0.179,8,0.205,-8.112,1,6,0.0791,117.438,0.616,7
0.0271,0.708,276968,0.447,0,0.000728,1,0.102,-6.305,1,57,0.0952,89.62,0.0384,3
0.995,0.727,158587,0.0766,0,0.733,0,0.0956,-24.587,1,0,0.46,118.293,0.951,8
0.171,0.8079999999999999,235627,0.682,0,1.42e-06,2,0.464,-7.127999999999999,1,66,0.0963,89.98700000000002,0.491,2
0.000335,0.431,294000,0.7390000000000001,0,0.0581,10,0.103,-8.71,1,47,0.03,136.594,0.227,4
0.304,0.71,97000,0.294,1,0.0,7,0.226,-21.065,1,0,0.888,108.303,0.409,10
0.41,0.381,286040,0.416,0,0.0242,4,0.108,-10.532,1,46,0.0315,167.929,0.118,3
0.4370000000000001,0.605,241373,0.629,0,0.0,10,0.097,-5.051,1,67,0.0279,99.894,0.308,2
0.995,0.735,193507,0.236,0,0.8009999999999999,2,0.242,-11.055,1,0,0.0571,125.53,0.812,9
0.758,0.335,527120,0.631,0,0.0699,0,0.15,-8.639,0,13,0.119,139.03,0.583,6
0.938,0.534,291307,0.525,0,0.00512,7,0.117,-8.379,1,26,0.0592,146.841,0.8759999999999999,6
0.0286,0.5670000000000001,268960,0.6970000000000001,0,7.049999999999999e-05,11,0.106,-12.855,0,49,0.0405,142.559,0.696,4
0.000363,0.504,251333,0.904,0,0.00285,0,0.952,-4.896,1,50,0.13699999999999998,130.954,0.451,3
0.273,0.672,126880,0.813,0,0.0,5,0.149,-5.7879999999999985,1,45,0.0513,137.332,0.908,2
0.0571,0.6809999999999999,212960,0.747,0,2.12e-06,6,0.171,-5.731,0,46,0.0329,106.977,0.282,1
0.0402,0.507,202440,0.537,0,1.88e-06,7,0.181,-10.732,1,48,0.0314,127.437,0.836,5
0.353,0.619,160907,0.723,0,0.0,9,0.122,-12.351,1,24,0.128,123.132,0.563,5
0.00275,0.452,244720,0.86,0,5.34e-06,1,0.0622,-4.996,1,41,0.032,91.997,0.334,2
0.189,0.481,203027,0.5770000000000001,0,1.49e-05,4,0.0959,-12.505999999999998,1,31,0.0278,93.689,0.637,5
0.616,0.303,173960,0.421,0,0.0,7,0.314,-13.148,1,41,0.0353,180.833,0.472,3
0.972,0.416,209987,0.293,0,0.6679999999999999,5,0.221,-8.912,1,13,0.0292,84.86399999999998,0.512,9
0.677,0.583,165133,0.198,0,0.0,0,0.232,-10.888,1,17,0.0622,105.01,0.509,7
0.006379999999999999,0.551,284640,0.856,0,0.0,10,0.14800000000000002,-9.223,0,40,0.172,93.082,0.39,3
0.983,0.263,203867,0.0518,0,0.911,9,0.119,-21.276,0,20,0.0356,114.505,0.0411,6
0.00881,0.792,261703,0.605,1,4.25e-05,2,0.104,-6.566,1,63,0.0393,139.917,0.239,1
0.619,0.458,457333,0.445,0,0.0,0,0.193,-8.752,1,49,0.0517,116.606,0.337,1
0.936,0.359,199720,0.285,0,0.748,9,0.279,-10.224,1,0,0.0283,77.089,0.268,8
0.963,0.639,178077,0.274,0,0.000732,0,0.0765,-12.833,1,0,0.253,153.202,0.903,8
0.993,0.394,230200,0.0465,0,0.889,1,0.152,-24.813,1,3,0.0549,54.203,0.213,8
0.959,0.7090000000000001,81360,0.325,0,0.948,0,0.133,-15.704,1,7,0.0547,91.683,0.8290000000000001,7
0.118,0.622,211467,0.845,0,0.0,1,0.0984,-5.984,1,55,0.0324,132.752,0.715,5
0.0489,0.6,237293,0.853,0,0.34600000000000003,1,0.0934,-7.584,1,61,0.0423,94.457,0.847,2
0.528,0.504,180893,0.361,0,0.0,8,0.123,-16.679000000000002,1,45,0.184,173.366,0.401,6
0.284,0.605,317893,0.521,1,0.0,6,0.0957,-8.961,1,38,0.0867,85.04,0.295,2
0.937,0.542,148400,0.247,0,0.937,7,0.0738,-19.937,1,19,0.0541,129.13,0.457,7
0.984,0.525,56600,0.147,0,0.00518,5,0.516,-16.587,1,0,0.0867,50.431,0.298,8
0.24,0.579,233082,0.735,0,0.0,2,0.383,-3.985,1,37,0.0272,146.57299999999995,0.696,2
0.906,0.507,196493,0.214,0,4.24e-06,9,0.139,-11.663,1,45,0.0298,73.862,0.422,3
0.956,0.28600000000000003,320293,0.8059999999999999,0,0.0764,7,0.615,-7.056,0,49,0.0937,123.858,0.328,1
0.00171,0.431,214493,0.92,0,0.0371,9,0.102,-9.886,1,29,0.0589,108.461,0.387,3
0.994,0.431,413533,0.038,0,0.883,10,0.0805,-30.17,1,29,0.0402,72.882,0.212,4
0.8690000000000001,0.71,158587,0.4370000000000001,0,0.901,3,0.0601,-12.126,1,0,0.0507,106.848,0.964,8
0.004220000000000001,0.341,216500,0.888,0,0.000313,2,0.957,-12.37,1,44,0.0541,142.78,0.561,4
0.805,0.315,141827,0.274,0,0.000199,3,0.0806,-9.24,1,0,0.031,88.68799999999996,0.416,8
0.418,0.308,213333,0.464,0,2.49e-06,10,0.14300000000000002,-9.032,1,70,0.0279,103.734,0.318,5
0.944,0.113,563227,0.08199999999999999,0,0.154,3,0.125,-22.594,1,34,0.047,81.413,0.0394,4
0.116,0.863,177707,0.7879999999999999,0,4.88e-06,1,0.682,-8.828,0,48,0.306,116.843,0.6409999999999999,4
0.312,0.727,258240,0.542,0,0.496,7,0.0798,-6.496,1,48,0.0412,128.30200000000002,0.932,2
0.7290000000000001,0.6859999999999999,154947,0.4920000000000001,0,0.836,2,0.281,-9.64,1,27,0.0282,107.589,0.634,5
0.7140000000000001,0.488,251520,0.521,0,0.0,0,0.112,-7.813,1,27,0.0282,85.821,0.645,5
0.82,0.6809999999999999,179998,0.34,0,0.0,7,0.285,-8.617,1,71,0.0339,129.98,0.417,1
0.583,0.442,200667,0.18600000000000005,0,0.0,5,0.131,-13.67,1,36,0.0384,180.376,0.361,5
0.368,0.627,278480,0.362,0,0.0,1,0.194,-14.918,1,15,0.955,81.01899999999998,0.591,9
0.981,0.46,150583,0.448,0,0.004070000000000001,2,0.158,-8.679,1,3,0.0329,103.639,0.95,7
0.9,0.225,267307,0.369,0,0.545,0,0.222,-11.177,1,39,0.0334,132.329,0.0999,2
0.442,0.425,274547,0.5579999999999999,0,0.0,8,0.13699999999999998,-11.669,1,31,0.0748,131.842,0.336,4
0.00348,0.421,214173,0.879,0,0.0,2,0.158,-8.39,1,31,0.0376,142.129,0.888,4
0.866,0.344,191440,0.0887,0,0.00253,4,0.0937,-17.662,0,18,0.0392,77.505,0.224,6
0.00473,0.718,346053,0.915,0,0.0277,2,0.0405,-6.404,1,29,0.0639,131.81799999999998,0.6890000000000001,4
0.992,0.613,215000,0.114,0,0.00339,3,0.365,-15.895,1,0,0.112,117.81,0.434,9
0.7959999999999999,0.6829999999999999,251107,0.374,0,0.000304,4,0.105,-10.788,1,42,0.0259,103.903,0.3,2
0.106,0.662,238075,0.936,0,1.25e-05,7,0.061,-4.9110000000000005,1,39,0.0786,103.261,0.9,3
0.978,0.741,169360,0.404,0,0.105,8,0.104,-12.187,1,8,0.0765,90.566,0.7709999999999999,10
0.992,0.463,203961,0.109,0,0.00526,5,0.4,-11.562,1,0,0.0876,77.941,0.453,9
0.0334,0.852,226773,0.8640000000000001,0,0.0239,2,0.0525,-10.131,1,59,0.0387,132.999,0.603,3
0.159,0.424,272960,0.794,0,5.91e-05,4,0.0762,-7.89,1,36,0.0351,102.914,0.317,3
0.97,0.787,167462,0.173,0,0.0,7,0.105,-14.116,1,0,0.27,59.901,0.6990000000000001,9
0.0602,0.561,173733,0.975,0,0.0,1,0.265,-5.345,1,50,0.0506,102.027,0.777,1
0.942,0.484,173600,0.215,0,0.00107,1,0.211,-14.227,1,9,0.0319,117.204,0.5529999999999999,7
0.994,0.625,41440,0.0285,0,0.915,3,0.128,-25.423,1,0,0.29,82.48899999999998,0.7170000000000001,8
0.502,0.565,287040,0.494,0,0.187,8,0.0731,-10.008,1,43,0.0306,114.113,0.385,4
0.0871,0.701,101000,0.28,1,0.0,2,0.329,-15.12,0,0,0.948,100.474,0.39,10
0.99,0.621,160547,0.51,0,0.401,7,0.18600000000000005,-7.565,1,1,0.0452,138.239,0.792,9
0.6759999999999999,0.73,183014,0.539,0,0.0,2,0.168,-12.99,1,21,0.067,102.131,0.562,6
0.772,0.6709999999999999,171693,0.243,1,0.0,4,0.113,-14.14,1,64,0.0607,110.051,0.358,1
1.01e-06,0.172,269373,0.8590000000000001,0,0.747,2,0.247,-8.291,1,30,0.0757,114.928,0.0957,4
0.7490000000000001,0.385,138440,0.5660000000000001,0,0.228,9,0.293,-10.894,1,8,0.0346,171.472,0.918,6
0.989,0.503,198027,0.0898,0,0.879,5,0.108,-23.113000000000003,1,0,0.0331,79.256,0.271,8
0.934,0.234,1038400,0.408,0,0.6859999999999999,10,0.117,-9.846,1,0,0.0368,135.379,0.103,9
0.0047,0.62,78573,0.792,0,0.012,0,0.472,-9.091,1,24,0.0524,119.019,0.957,6
0.836,0.568,231863,0.13699999999999998,0,1.9e-05,4,0.17,-16.604,1,2,0.104,135.55200000000002,0.403,7
0.957,0.246,129053,0.073,0,0.924,2,0.1,-21.086,1,49,0.0368,95.624,0.126,2
0.0304,0.405,147027,0.8109999999999999,0,0.0004570000000000001,2,0.261,-8.36,1,21,0.0691,143.291,0.758,6
0.226,0.609,205961,0.657,0,0.00476,3,0.184,-13.464,1,22,0.0297,103.695,0.95,5
0.0483,0.665,236240,0.866,0,0.0119,8,0.0668,-5.419,1,44,0.0309,110.025,0.4920000000000001,2
5.58e-05,0.424,194093,0.923,0,0.17600000000000002,0,0.0546,-3.242,0,37,0.0373,94.977,0.742,3
0.985,0.677,141067,0.602,0,0.0071,11,0.282,-11.95,1,32,0.0318,75.16199999999998,0.657,3
0.971,0.145,148467,0.298,0,0.202,5,0.322,-18.885,0,28,0.0417,93.84,0.0767,9
0.992,0.742,165320,0.0918,0,0.946,1,0.104,-17.708,1,0,0.238,117.229,0.737,10
0.996,0.389,174640,0.3720000000000001,0,0.952,3,0.239,-11.583,1,0,0.0709,133.53799999999998,0.236,10
0.838,0.515,161387,0.648,0,0.000214,3,0.35600000000000004,-4.942,1,17,0.0442,103.384,0.973,7
0.974,0.403,271600,0.0935,0,6.12e-05,0,0.102,-20.525,1,0,0.0535,91.856,0.174,7
0.895,0.396,428320,0.6,0,5.6e-06,3,0.465,-11.863,1,28,0.8390000000000001,83.977,0.285,6
0.959,0.458,141827,0.0257,0,0.000775,2,0.101,-22.215,0,19,0.04,136.039,0.386,6
0.348,0.753,282627,0.381,0,3.43e-05,7,0.0993,-9.478,1,38,0.0565,136.215,0.778,3
0.000595,0.252,296120,0.915,0,5.400000000000001e-05,10,0.0724,-5.9670000000000005,0,52,0.0574,171.142,0.428,3
0.136,0.52,153987,0.82,0,0.00813,2,0.325,-6.023,0,47,0.145,120.883,0.495,2
0.0181,0.7390000000000001,227853,0.807,0,0.0,0,0.295,-5.063,1,69,0.0652,97.048,0.632,1
0.82,0.777,200680,0.451,0,0.000179,9,0.206,-8.654,1,0,0.0682,113.439,0.97,7
0.406,0.631,309227,0.562,0,0.00112,6,0.0533,-11.402,0,43,0.0659,89.927,0.784,4
0.0616,0.76,197001,0.682,0,0.0,1,0.118,-6.441,1,75,0.0371,120.008,0.3720000000000001,0
0.8809999999999999,0.29600000000000004,234813,0.198,0,0.00165,4,0.344,-14.709,0,12,0.0375,72.442,0.243,6
0.901,0.5479999999999999,226583,0.33,0,0.0,9,0.0934,-8.998,1,48,0.044,123.602,0.309,2
0.19,0.507,228640,0.452,0,0.0,2,0.0841,-7.557,1,58,0.0377,150.217,0.224,1
0.815,0.7829999999999999,194493,0.396,0,0.00278,5,0.108,-12.112,0,50,0.0396,133.983,0.377,1
0.06,0.701,241107,0.715,0,0.0,11,0.354,-14.999,0,32,0.0291,101.515,0.735,4
0.989,0.44,326721,0.62,0,0.86,8,0.89,-8.294,1,0,0.423,176.38299999999995,0.7440000000000001,8
0.00186,0.449,269333,0.768,0,0.77,0,0.165,-10.02,1,29,0.0288,107.512,0.519,4
0.528,0.525,231867,0.384,0,4.77e-06,2,0.535,-13.561,0,50,0.0313,125.61,0.475,4
0.0338,0.5770000000000001,290280,0.8079999999999999,0,1.33e-05,1,0.221,-7.04,0,74,0.039,151.00799999999995,0.8690000000000001,5
0.7040000000000001,0.648,174994,0.438,0,0.0243,2,0.419,-8.738999999999999,1,26,0.0332,117.65,0.7490000000000001,5
0.728,0.345,213438,0.18,0,0.0,4,0.0959,-13.235,1,43,0.0335,157.988,0.306,1
0.941,0.768,199993,0.338,0,0.901,10,0.126,-12.559,1,0,0.138,97.135,0.562,9
0.7040000000000001,0.802,155067,0.675,0,0.0,10,0.0631,-5.811,1,30,0.0424,130.7,0.962,6
0.99,0.597,195813,0.229,0,0.189,11,0.343,-17.14,1,1,0.0762,114.279,0.637,7
0.97,0.482,202107,0.165,0,0.0,9,0.16899999999999998,-13.785,0,3,0.0509,131.516,0.495,9
0.35700000000000004,0.688,196893,0.294,0,0.000244,0,0.0999,-13.985,1,38,0.0309,121.76,0.7090000000000001,5
0.249,0.4320000000000001,145960,0.823,0,0.00639,0,0.0953,-9.216,1,41,0.116,132.21200000000002,0.38,2
0.00974,0.743,205667,0.8909999999999999,1,0.0,0,0.358,-4.418,1,49,0.0806,134.07399999999998,0.235,1
0.61,0.861,294240,0.561,0,0.0,9,0.0946,-10.617,1,21,0.0666,145.747,0.8909999999999999,4
0.29100000000000004,0.691,241880,0.894,0,0.0,9,0.104,-1.681,0,74,0.115,184.019,0.623,1
0.0427,0.73,180453,0.732,0,2.22e-06,4,0.262,-5.167000000000002,0,60,0.051,129.974,0.974,1
0.102,0.58,197720,0.436,0,0.0,5,0.0852,-6.345,0,61,0.0452,127.914,0.124,1
0.0068200000000000005,0.481,226680,0.982,0,0.0,8,0.157,-4.865,0,48,0.193,156.942,0.611,2
0.97,0.303,158760,0.003820000000000001,0,0.835,7,0.13699999999999998,-41.844,1,46,0.0447,121.89,0.0705,2
7.47e-06,0.407,94307,0.941,0,0.0169,9,0.343,-4.801,0,39,0.0409,91.662,0.655,3
0.426,0.508,131507,0.469,0,0.0,7,0.919,-11.581,1,31,0.033,82.635,0.777,4
0.248,0.62,328920,0.804,0,1.07e-05,10,0.213,-7.606,1,44,0.0937,102.265,0.7759999999999999,5
0.0655,0.499,287040,0.7609999999999999,0,0.0,10,0.0895,-6.381,1,54,0.0324,110.186,0.326,2
0.0294,0.474,203600,0.623,0,0.402,4,0.115,-8.449,1,45,0.0285,109.929,0.25,3
0.963,0.207,201000,0.114,0,0.903,7,0.11,-20.971,1,36,0.045,65.839,0.112,3
0.00333,0.452,577133,0.73,0,0.7909999999999999,6,0.6940000000000001,-13.182,1,51,0.0518,149.55,0.619,4
0.3,0.784,216733,0.893,0,1.57e-05,7,0.272,-5.153,0,71,0.0923,118.738,0.8190000000000001,5
0.251,0.5720000000000001,308520,0.282,0,0.0293,4,0.325,-14.387,0,30,0.0306,93.919,0.604,5
0.0384,0.617,267747,0.7709999999999999,0,3.32e-06,10,0.162,-5.586,0,64,0.112,180.002,0.5529999999999999,2
0.524,0.68,345253,0.812,0,0.7659999999999999,0,0.131,-11.041,1,25,0.0636,110.592,0.5579999999999999,4
0.123,0.7290000000000001,242587,0.877,0,2.35e-06,9,0.146,-8.243,0,51,0.036000000000000004,117.553,0.926,2
0.8290000000000001,0.7240000000000001,519707,0.268,0,0.000528,11,0.4920000000000001,-15.384,1,56,0.0403,86.727,0.599,4
0.378,0.733,192400,0.619,0,8.35e-05,6,0.0679,-11.74,1,51,0.0406,91.671,0.779,3
0.235,0.5529999999999999,360733,0.898,0,0.00549,2,0.278,-6.684,1,40,0.0689,99.361,0.556,4
0.0946,0.552,154480,0.731,1,0.0,1,0.222,-7.497000000000001,1,56,0.509,171.942,0.847,3
0.8,0.603,202813,0.344,0,0.6809999999999999,0,0.138,-9.638,1,52,0.0258,79.918,0.44,1
0.35100000000000003,0.5920000000000001,93280,0.517,0,0.0,5,0.0645,-4.98,1,28,0.155,200.226,0.974,7
0.0488,0.563,445293,0.924,0,0.2,8,0.384,-6.898,1,37,0.0347,110.019,0.413,4
0.397,0.708,363521,0.843,1,0.0,7,0.799,-2.66,1,77,0.314,148.14,0.625,1
0.987,0.307,205296,0.35,0,0.00556,8,0.8390000000000001,-9.59,1,0,0.0583,68.209,0.267,8
0.995,0.698,179507,0.15,0,0.861,5,0.11,-12.549,1,0,0.0453,120.29,0.525,9
0.16699999999999998,0.527,170307,0.831,1,0.0,10,0.0861,-6.876,0,62,0.27,140.017,0.584,1
0.0969,0.6409999999999999,193427,0.8420000000000001,0,0.0,9,0.16899999999999998,-4.872,1,76,0.0464,89.99700000000001,0.738,0
0.284,0.675,248467,0.7040000000000001,0,0.00273,0,0.104,-11.552,0,39,0.048,110.675,0.802,4
0.309,0.392,751920,0.471,0,0.0577,9,0.287,-10.518,0,44,0.0377,139.957,0.382,6
0.988,0.593,149375,0.405,0,0.000372,10,0.218,-14.813,1,0,0.0909,103.202,0.831,8
0.915,0.593,181360,0.377,0,0.5820000000000001,0,0.289,-12.682,1,56,0.0246,99.324,0.149,1
0.35600000000000004,0.293,151480,0.477,0,0.001,2,0.32,-14.082,1,18,0.0401,184.703,0.7070000000000001,6
0.41,0.856,69901,0.327,0,0.0,8,0.0889,-10.834,1,63,0.452,131.352,0.701,1
0.07200000000000001,0.8170000000000001,298360,0.6,0,0.0,1,0.6809999999999999,-11.35,0,36,0.226,94.041,0.285,3
0.986,0.214,257600,0.26,0,0.000584,7,0.5920000000000001,-12.007,0,0,0.0539,79.433,0.449,8
0.223,0.6459999999999999,161493,0.7240000000000001,0,0.0,0,0.0671,-8.915,1,39,0.0322,125.455,0.963,2
0.171,0.565,346973,0.5489999999999999,0,1.5e-05,0,0.823,-8.88,1,38,0.0292,131.503,0.425,3
0.0032700000000000003,0.5579999999999999,200213,0.867,0,0.0,0,0.0426,-3.722,1,48,0.116,76.018,0.72,2
0.418,0.693,159327,0.434,1,0.0,1,0.338,-9.366,1,69,0.193,63.033,0.685,1
0.544,0.282,295067,0.464,0,0.215,11,0.111,-11.112,0,63,0.0533,148.345,0.0596,1
0.992,0.422,180689,0.155,0,0.938,4,0.107,-22.317,1,0,0.0388,95.967,0.471,9
0.5670000000000001,0.6970000000000001,208547,0.792,0,0.000374,9,0.118,-4.468,0,55,0.0381,129.034,0.8809999999999999,1
0.117,0.526,229640,0.381,0,0.0,7,0.355,-10.564,1,34,0.0284,80.79899999999998,0.299,3
0.000252,0.475,204620,0.942,0,0.0,0,0.101,-4.775,1,52,0.0966,150.049,0.397,1
0.955,0.343,612373,0.17600000000000002,0,0.049,9,0.0726,-15.458,0,0,0.0565,80.911,0.0993,8
0.0462,0.431,411000,0.416,0,2.01e-06,9,0.14400000000000002,-10.376,1,66,0.0296,127.964,0.177,1
0.992,0.622,206890,0.266,0,0.219,3,0.149,-13.888,1,0,0.0468,117.267,0.7659999999999999,7
0.8240000000000001,0.5760000000000001,224360,0.13699999999999998,0,0.0,10,0.0953,-11.509,1,12,0.034,90.676,0.333,7
0.976,0.211,51933,0.0518,0,0.5670000000000001,11,0.114,-28.975,1,6,0.0409,78.895,0.238,6
0.523,0.589,155533,0.494,0,4.77e-05,7,0.412,-12.201,1,46,0.03,89.947,0.848,5
0.8029999999999999,0.627,206467,0.21,0,0.00937,7,0.105,-16.69,1,37,0.0291,106.824,0.235,5
0.0974,0.861,253067,0.604,0,0.358,5,0.0467,-8.44,0,45,0.0719,115.588,0.853,3
0.607,0.604,127360,0.34,0,0.0465,3,0.102,-15.89,1,42,0.0361,114.05,0.6940000000000001,3
0.0291,0.5720000000000001,333386,0.685,0,0.0,6,0.0963,-7.29,1,71,0.0356,110.698,0.232,1
0.939,0.5710000000000001,200440,0.0544,0,0.011,10,0.117,-18.576,1,16,0.0477,139.566,0.247,6
0.204,0.629,220293,0.807,0,0.0,6,0.252,-4.255,1,54,0.0371,122.997,0.493,1
6.709999999999999e-05,0.294,320587,0.755,0,0.182,11,0.135,-7.7,1,44,0.0526,107.324,0.485,4
0.0484,0.61,213373,0.855,0,0.0033200000000000005,7,0.105,-8.016,1,44,0.0321,146.144,0.96,5
0.000107,0.539,229893,0.932,0,0.241,1,0.179,-5.994,0,36,0.0622,101.589,0.35100000000000003,3
0.121,0.341,154861,0.494,0,0.885,9,0.638,-10.455,1,24,0.0397,115.264,0.363,5
0.764,0.464,185093,0.401,0,1.58e-06,7,0.11,-7.228,1,45,0.0301,114.651,0.502,6
0.0682,0.752,205360,0.733,0,0.0,1,0.0891,-8.177999999999999,0,47,0.0385,118.789,0.703,4
0.905,0.419,187813,0.0648,0,0.0007379999999999999,10,0.26,-22.373,1,0,0.0486,132.13299999999998,0.624,9
0.00735,0.206,198160,0.711,0,0.0,4,0.147,-4.606,1,44,0.0415,179.49900000000005,0.486,2
0.00285,0.631,201467,0.7929999999999999,0,0.000132,7,0.149,-7.815,1,58,0.0292,136.695,0.715,3
0.7140000000000001,0.537,289027,0.501,0,3.7e-05,10,0.0911,-10.973,1,40,0.11,157.032,0.389,5
0.222,0.227,152107,0.35100000000000003,0,2.08e-05,9,0.118,-14.257,1,30,0.0314,201.572,0.57,4
0.263,0.649,271133,0.633,0,0.000499,1,0.16699999999999998,-8.232999999999999,1,26,0.0296,132.292,0.578,6
0.0629,0.353,210092,0.76,0,1.86e-06,7,0.406,-9.032,1,30,0.103,169.21900000000005,0.516,4
0.974,0.348,216560,0.114,0,7.84e-06,5,0.0928,-17.725,0,22,0.0346,91.597,0.242,6
0.6509999999999999,0.386,149213,0.385,0,0.0,0,0.0759,-8.41,1,40,0.0397,137.59799999999998,0.573,2
0.412,0.38,220267,0.241,0,0.0004940000000000001,6,0.112,-12.972,0,24,0.0348,180.06099999999995,0.123,6
0.556,0.5710000000000001,126387,0.7509999999999999,0,0.0,2,0.0646,-9.544,1,36,0.0585,91.002,0.966,6
0.17,0.759,151133,0.885,0,0.0,2,0.302,-5.114,0,55,0.21,96.238,0.574,2
0.251,0.7959999999999999,111213,0.211,0,0.835,1,0.119,-21.909,1,34,0.0439,112.793,0.31,5
0.565,0.32299999999999995,184800,0.28600000000000003,0,0.0,7,0.956,-12.884,1,43,0.0427,112.418,0.29,2
0.00797,0.792,230827,0.755,0,0.00014,0,0.0872,-8.841000000000003,1,27,0.0337,124.79,0.857,4
0.309,0.32,160320,0.448,0,0.35,9,0.263,-8.786,1,42,0.0275,64.426,0.261,6
0.0027,0.387,207093,0.875,0,0.41,4,0.396,-5.144,0,34,0.0536,133.35,0.77,4
0.00386,0.503,224587,0.657,0,9.6e-06,2,0.105,-7.667000000000002,1,41,0.0378,169.00099999999995,0.152,2
0.109,0.6609999999999999,201827,0.433,0,5.59e-05,5,0.0821,-11.145,1,25,0.0252,92.173,0.816,5
0.949,0.267,57200,0.0437,0,0.0,0,0.189,-21.603,1,2,0.0385,136.806,0.299,7
0.498,0.595,208427,0.488,0,3.3e-05,2,0.0962,-10.377,1,36,0.0293,149.208,0.8009999999999999,3
0.163,0.414,228280,0.5720000000000001,0,0.0,8,0.115,-3.918,1,59,0.0311,145.184,0.16,2
0.988,0.227,498867,0.0227,0,0.909,11,0.103,-29.761,1,60,0.0432,84.99,0.04,3
2.28e-05,0.493,146173,0.938,0,0.0159,4,0.121,-7.221,0,35,0.0819,94.655,0.7070000000000001,4
0.762,0.415,194204,0.472,0,0.0741,2,0.111,-11.203,0,70,0.0889,120.31,0.34,0
0.035,0.789,270884,0.654,0,1.65e-05,0,0.0658,-5.284,1,40,0.118,104.993,0.83,2
0.76,0.454,192147,0.294,0,0.0,7,0.0846,-11.627,1,54,0.0477,56.909,0.28800000000000003,1
0.0014,0.644,246120,0.5529999999999999,1,0.00316,1,0.363,-8.342,0,33,0.271,175.489,0.6459999999999999,3
0.868,0.688,148867,0.246,0,1.02e-05,4,0.0926,-12.705,1,19,0.0366,110.201,0.737,6
0.993,0.56,181661,0.18,0,0.5539999999999999,8,0.127,-11.772,1,0,0.465,179.555,0.659,8
0.506,0.847,183573,0.35600000000000004,0,0.0352,11,0.115,-15.243,0,31,0.242,126.902,0.741,6
0.957,0.468,179733,0.0512,0,0.0,10,0.139,-15.102,1,15,0.0345,139.607,0.38,9
0.8340000000000001,0.726,97000,0.0821,1,0.0,0,0.514,-18.889,1,0,0.962,82.45200000000001,0.591,8
0.247,0.512,315628,0.878,0,0.0008470000000000001,5,0.0761,-5.029,1,55,0.0522,129.44,0.565,5
0.939,0.151,298000,0.0576,0,0.77,6,0.0875,-24.513,1,30,0.0436,99.002,0.0371,7
0.662,0.341,91080,0.0848,0,4.77e-06,7,0.5429999999999999,-23.807,0,49,0.0389,80.01100000000002,0.293,2
0.119,0.74,377580,0.83,1,1.32e-05,1,0.243,-3.2430000000000003,1,76,0.153,176.054,0.78,1
0.224,0.605,186733,0.726,0,0.0,3,0.138,-6.6720000000000015,1,43,0.0657,107.095,0.858,3
0.805,0.48,203280,0.141,0,0.151,1,0.31,-15.183,1,5,0.0326,69.945,0.474,7
0.928,0.395,247427,0.0522,0,0.0,4,0.123,-25.057,1,33,0.0666,86.508,0.392,5
0.0187,0.247,446616,0.995,0,0.033,9,0.89,-4.519,1,20,0.277,109.806,0.0616,4
0.8740000000000001,0.5579999999999999,161747,0.204,0,0.0,4,0.149,-11.02,0,33,0.0479,120.392,0.511,6
0.993,0.552,259267,0.443,0,0.0056,2,0.25,-12.274,1,2,0.0492,116.485,0.401,9
0.983,0.371,205293,0.557,0,0.0132,7,0.109,-6.625,0,0,0.0299,112.001,0.659,8
0.871,0.472,175373,0.131,0,0.0,11,0.118,-14.265999999999998,1,36,0.0484,174.455,0.311,3
0.988,0.665,216573,0.366,0,0.964,11,0.105,-22.538,1,0,0.052000000000000005,136.442,0.961,7
0.000945,0.16399999999999998,225212,0.626,0,0.879,5,0.426,-24.336,0,69,0.0943,126.684,0.0216,1
0.105,0.613,221133,0.308,0,0.00936,7,0.0977,-14.984000000000002,1,44,0.0298,89.36200000000002,0.279,4
0.000523,0.424,143667,0.65,0,0.853,7,0.111,-16.188,1,38,0.0675,126.207,0.753,3
0.7340000000000001,0.723,108219,0.271,1,0.0,0,0.154,-18.715,1,0,0.937,84.579,0.27,7
0.0561,0.5429999999999999,162893,0.733,0,0.0,0,0.345,-6.974,1,44,0.0328,97.497,0.792,6
0.993,0.738,181507,0.345,0,0.426,11,0.25,-7.062,1,0,0.0921,119.342,0.8059999999999999,10
0.13699999999999998,0.534,232027,0.669,0,0.000221,9,0.0881,-7.3,0,42,0.0907,181.83900000000003,0.775,2
0.995,0.401,275640,0.00611,0,0.948,7,0.0637,-32.702,0,47,0.0611,68.54,0.0851,2
0.775,0.7609999999999999,154552,0.6859999999999999,0,9.86e-05,11,0.159,-4.2810000000000015,0,23,0.0289,110.243,0.947,5
0.0348,0.453,210227,0.895,0,0.00128,2,0.299,-9.143,1,48,0.0649,128.313,0.446,5
0.266,0.679,148133,0.862,0,0.00835,10,0.114,-4.846,1,13,0.0454,153.442,0.963,6
0.0078,0.71,194253,0.68,0,0.0165,1,0.0493,-4.676,1,76,0.106,129.971,0.5710000000000001,1
0.00413,0.507,211267,0.644,0,0.0,4,0.217,-7.485,1,70,0.0641,179.91299999999995,0.172,1
0.019,0.665,189307,0.468,0,0.0,5,0.0987,-9.558,1,52,0.027000000000000003,109.432,0.6990000000000001,5
0.333,0.467,168867,0.181,0,4.54e-06,4,0.13699999999999998,-13.015999999999998,1,22,0.0277,69.482,0.362,6
0.83,0.374,285831,0.32,0,0.0,6,0.179,-8.593,1,53,0.0318,73.821,0.354,2
0.0897,0.6459999999999999,163773,0.6829999999999999,1,0.00243,2,0.11,-9.592,1,24,0.0482,101.213,0.7609999999999999,4
0.866,0.604,165442,0.569,0,0.0,11,0.116,-5.8210000000000015,1,2,0.0484,118.986,0.966,8
0.00219,0.527,244293,0.944,0,5.83e-05,5,0.106,-8.359,0,31,0.0491,125.26,0.6,3
0.35600000000000004,0.444,264867,0.591,0,0.0030800000000000003,9,0.0667,-12.315,1,21,0.051,114.39,0.623,5
0.0635,0.47,108173,0.934,0,5.7e-05,4,0.862,-9.208,0,21,0.0673,115.763,0.513,5
5.62e-05,0.464,228760,0.922,0,0.898,7,0.252,-7.245,1,37,0.0839,117.096,0.529,2
0.8270000000000001,0.501,332573,0.267,0,0.0,10,0.24,-10.462,1,42,0.0493,136.856,0.55,6
0.895,0.413,235636,0.482,0,0.685,11,0.111,-13.311,0,60,0.0539,66.766,0.13,1
0.6970000000000001,0.79,275893,0.435,0,0.0,7,0.0723,-7.921,1,69,0.0347,124.036,0.703,2
0.669,0.525,294533,0.349,0,0.000406,7,0.312,-12.104,1,32,0.0298,104.902,0.67,3
0.967,0.268,189440,0.271,0,0.0183,0,0.0925,-15.821,1,0,0.0463,75.222,0.552,8
0.984,0.843,160507,0.267,0,0.0061600000000000005,2,0.232,-6.098,0,0,0.101,123.653,0.7829999999999999,9
0.334,0.334,216391,0.617,0,0.0,6,0.163,-5.834,0,71,0.383,85.227,0.603,1
0.995,0.464,120387,0.397,0,0.972,3,0.122,-23.661,0,0,0.0608,116.912,0.972,7
0.894,0.616,173307,0.32299999999999995,0,0.00209,1,0.115,-12.569,1,26,0.0335,87.861,0.67,6
0.995,0.35200000000000004,187453,0.401,0,0.917,1,0.0772,-12.776,1,5,0.032,104.168,0.8240000000000001,7
0.189,0.4970000000000001,220267,0.619,1,0.0285,2,0.218,-7.836,0,53,0.0388,128.083,0.0393,1
0.00035,0.314,245600,0.971,0,0.0588,9,0.105,-5.699,1,41,0.114,104.796,0.528,3
0.8370000000000001,0.695,170680,0.16399999999999998,0,0.772,4,0.149,-17.335,1,35,0.0432,91.929,0.8340000000000001,5
0.665,0.349,281024,0.339,0,0.0326,1,0.147,-11.807,1,32,0.0279,176.34900000000005,0.519,5
0.403,0.7,391427,0.845,0,0.000586,2,0.34,-5.69,1,42,0.0331,107.523,0.81,4
0.969,0.402,221173,0.0519,0,0.000175,3,0.203,-16.456,1,34,0.0338,138.082,0.184,6
0.0823,0.235,164827,0.98,0,1.13e-05,5,0.392,-4.8580000000000005,0,38,0.147,168.037,0.362,3
0.989,0.399,185013,0.309,0,0.882,1,0.304,-12.523,1,0,0.0389,76.023,0.382,8
0.914,0.467,196467,0.122,0,1.99e-05,7,0.211,-12.384,0,10,0.0325,75.813,0.304,8
0.00177,0.838,258613,0.561,0,0.258,0,0.0536,-13.205,1,41,0.0606,121.131,0.633,5
0.3720000000000001,0.773,187125,0.57,0,0.00524,8,0.108,-3.482,1,71,0.113,95.038,0.772,1
0.29100000000000004,0.405,375213,0.884,0,2.4e-05,7,0.969,-8.628,1,20,0.0881,95.836,0.525,6
0.7020000000000001,0.5820000000000001,238971,0.375,0,0.0631,1,0.136,-13.277,0,57,0.0329,129.909,0.106,1
0.985,0.304,325293,0.0334,0,0.574,5,0.13,-26.968000000000004,1,0,0.0365,94.364,0.0801,8
0.993,0.688,192347,0.643,0,3.950000000000001e-05,0,0.401,-9.186,1,0,0.049,120.085,0.964,9
0.511,0.7390000000000001,285067,0.8420000000000001,0,8.07e-06,11,0.0807,-5.994,0,30,0.0702,116.26,0.939,5
0.0759,0.883,258507,0.807,0,0.0,1,0.233,-6.2170000000000005,1,37,0.236,106.654,0.83,3
0.13699999999999998,0.511,255600,0.92,0,0.0,9,0.331,-3.979,1,38,0.223,164.23,0.7390000000000001,2
0.965,0.339,231400,0.113,0,2.02e-05,7,0.295,-18.689,1,1,0.0386,75.116,0.124,8
0.99,0.363,64853,0.101,0,0.985,9,0.206,-23.199,1,0,0.0497,129.23,0.433,8
0.131,0.34700000000000003,271667,0.67,0,0.0,0,0.271,-6.4220000000000015,1,48,0.0479,140.588,0.189,2
0.816,0.319,166280,0.213,0,0.0523,0,0.108,-17.548,1,23,0.0334,108.252,0.262,6
0.00762,0.861,118973,0.6609999999999999,1,0.0,1,0.224,-6.2360000000000015,0,46,0.267,84.809,0.556,2
0.358,0.665,308680,0.59,0,0.628,1,0.564,-6.831,0,57,0.0257,110.069,0.5770000000000001,1
0.995,0.632,205787,0.13699999999999998,0,0.933,9,0.0973,-21.455,0,0,0.14400000000000002,114.565,0.489,7
0.906,0.304,170760,0.445,0,0.482,10,0.324,-5.001,1,8,0.0282,106.137,0.358,6
0.131,0.524,230200,0.679,0,0.0,2,0.201,-6.01,0,61,0.0565,142.588,0.37,1
0.962,0.58,153693,0.16699999999999998,0,0.0723,10,0.12,-19.479,1,35,0.0304,96.242,0.747,5
0.612,0.441,271293,0.466,0,7.37e-05,9,0.112,-9.101,0,47,0.0284,139.07,0.464,5
0.365,0.7559999999999999,288280,0.8390000000000001,0,4.04e-05,9,0.128,-7.309,1,34,0.0381,120.209,0.939,3
0.000304,0.604,275120,0.7929999999999999,0,0.0125,7,0.0767,-9.438,1,43,0.0287,111.19,0.58,3
0.923,0.409,219947,0.209,0,0.0005690000000000001,3,0.133,-13.452,1,42,0.0331,130.015,0.289,3
0.0274,0.711,259373,0.775,0,0.0379,0,0.218,-15.179,1,31,0.047,120.539,0.963,5
0.378,0.5539999999999999,183973,0.547,0,0.000251,5,0.0928,-6.511,1,40,0.0256,150.237,0.342,2
0.99,0.408,183787,0.225,0,0.184,3,0.297,-14.272,1,1,0.0607,177.835,0.669,10
0.987,0.294,226853,0.0733,0,0.0173,4,0.5489999999999999,-22.882,0,0,0.0533,75.337,0.0795,9
0.799,0.7070000000000001,174427,0.165,0,0.121,2,0.14,-16.064,1,15,0.0624,67.0,0.7040000000000001,7
0.581,0.5760000000000001,167308,0.462,0,0.0,5,0.0884,-9.962,1,35,0.0424,119.716,0.8809999999999999,6
0.013,0.721,262760,0.944,0,0.0,8,0.32,-5.982,1,52,0.159,85.00200000000002,0.626,1
0.00734,0.375,209720,0.901,0,1.68e-06,2,0.315,-3.388,1,53,0.106,178.895,0.327,2
0.557,0.518,218667,0.276,0,1.36e-06,7,0.123,-12.81,1,36,0.0295,135.888,0.297,5
0.906,0.738,119813,0.198,0,0.0,1,0.105,-10.919,1,52,0.0625,123.158,0.682,3
0.00249,0.83,144893,0.5710000000000001,1,0.0,9,0.106,-5.935,1,62,0.259,121.834,0.16899999999999998,0
0.0327,0.6409999999999999,220160,0.545,0,0.000204,7,0.0507,-15.89,1,47,0.0413,121.928,0.853,4
0.0853,0.748,218507,0.887,0,0.0,4,0.108,-6.23,0,56,0.0905,97.015,0.585,2
0.7090000000000001,0.398,408600,0.14800000000000002,0,0.293,3,0.223,-15.754,1,9,0.03,106.13,0.338,7
0.992,0.259,257973,0.0726,0,0.799,5,0.135,-23.384,0,0,0.0359,76.22399999999998,0.044,7
0.000562,0.451,254000,0.993,1,0.00479,1,0.152,-4.143,1,41,0.185,100.827,0.14,2
0.971,0.24,258720,0.155,0,0.000279,1,0.113,-18.781,1,0,0.0431,134.317,0.055,8
0.991,0.5760000000000001,173693,0.487,0,0.963,5,0.145,-15.383,0,0,0.0987,131.30700000000002,0.872,10
0.991,0.273,180733,0.525,0,0.8420000000000001,7,0.0774,-9.629,0,0,0.114,173.74900000000005,0.599,8
0.992,0.338,194547,0.0572,0,0.88,10,0.18,-21.908,0,0,0.04,74.845,0.224,8
0.669,0.599,188200,0.303,0,0.544,9,0.0857,-14.356,0,24,0.0357,88.505,0.569,6
8.78e-06,0.333,208227,0.969,0,0.473,1,0.108,-3.981,0,41,0.0779,156.047,0.33,2
2.68e-06,0.179,64907,0.399,0,0.8029999999999999,5,0.155,-17.232,1,32,0.0429,182.082,0.04,4
0.991,0.645,201834,0.142,0,0.00206,11,0.179,-8.513,0,0,0.0761,125.943,0.6459999999999999,7
0.281,0.426,251960,0.557,0,2.27e-06,11,0.243,-5.166,1,42,0.0349,134.85399999999998,0.15,2
0.0882,0.911,139867,0.5870000000000001,0,2.22e-06,0,0.149,-5.351,1,54,0.247,96.959,0.743,1
0.00663,0.348,156093,0.8590000000000001,0,0.759,5,0.527,-10.084,0,38,0.0724,183.163,0.485,3
0.976,0.247,196040,0.0228,0,0.0,5,0.412,-20.577,0,0,0.0546,159.629,0.117,7
0.5770000000000001,0.388,131600,0.281,0,0.536,2,0.078,-15.302,1,17,0.037000000000000005,124.146,0.804,7
0.097,0.642,266160,0.735,1,0.0,8,0.154,-6.439,0,40,0.407,159.055,0.777,2
0.0685,0.809,252779,0.613,1,0.0,2,0.107,-8.402000000000001,1,66,0.175,104.991,0.562,0
0.925,0.234,68200,0.276,0,0.363,3,0.384,-10.658,1,0,0.032,89.99799999999998,0.27,7
0.00054,0.424,296413,0.915,0,0.000922,0,0.295,-7.154,0,41,0.0545,105.908,0.504,5
0.98,0.481,184665,0.255,0,6.59e-05,0,0.183,-9.58,1,8,0.0369,101.602,0.489,8
0.00797,0.534,163693,0.624,0,0.0,4,0.128,-9.589,1,64,0.0462,121.402,0.687,6
0.042,0.914,446773,0.471,0,0.0096,2,0.0398,-13.128,1,33,0.0734,102.793,0.715,4
0.316,0.5710000000000001,322467,0.736,0,0.00259,4,0.0885,-8.587,1,23,0.0986,128.154,0.7959999999999999,4
0.846,0.423,184840,0.222,0,6.22e-06,6,0.616,-20.562,1,43,0.0416,100.056,0.27,4
0.29100000000000004,0.315,283693,0.5539999999999999,0,0.0,9,0.255,-7.739,0,54,0.0337,118.145,0.201,4
0.718,0.373,239747,0.391,0,0.944,9,0.146,-10.006,0,7,0.039,126.426,0.101,7
0.993,0.8220000000000001,162693,0.259,0,0.902,7,0.103,-17.173,0,0,0.305,76.438,0.949,9
0.809,0.479,200200,0.3,0,0.124,7,0.625,-11.291,1,0,0.0573,119.623,0.584,9
0.835,0.6809999999999999,167400,0.392,0,3.16e-06,7,0.131,-10.587,1,6,0.0777,124.756,0.889,8
0.6970000000000001,0.589,246267,0.226,0,0.000401,9,0.0936,-15.118,1,9,0.0289,95.8,0.465,6
0.645,0.293,147200,0.503,0,0.942,10,0.242,-10.154,1,23,0.0374,186.967,0.732,7
0.188,0.417,264907,0.542,0,2.23e-05,2,0.0891,-13.466,1,26,0.0422,82.604,0.5479999999999999,4
0.63,0.412,282907,0.147,0,0.0,11,0.416,-21.657,0,25,0.235,74.247,0.727,4
0.918,0.624,151200,0.23,0,0.00032900000000000003,5,0.22,-11.728,1,2,0.0406,111.746,0.399,9
0.00445,0.758,354067,0.287,0,0.0417,2,0.0627,-15.1,1,44,0.179,166.40099999999995,0.636,5
0.195,0.395,131307,0.362,0,0.0,7,0.0956,-9.601,1,40,0.0292,184.294,0.387,5
0.86,0.305,78133,0.0454,0,0.0,7,0.0665,-25.198,1,23,0.0326,152.42,0.233,7
0.64,0.56,186307,0.735,0,0.0,5,0.201,-4.5539999999999985,1,18,0.0431,97.383,0.7929999999999999,7
0.285,0.561,156067,0.34700000000000003,0,6.4e-05,8,0.281,-15.344,1,0,0.0351,116.758,0.449,8
0.188,0.458,326733,0.8240000000000001,1,0.0,11,0.112,-4.224,0,43,0.519,86.331,0.499,3
0.904,0.16399999999999998,190467,0.00634,0,0.507,0,0.0921,-31.814,0,0,0.0481,111.363,0.0494,8
5.34e-05,0.43,188120,0.6609999999999999,0,0.0063,5,0.135,-3.43,1,46,0.0434,160.032,0.386,1
0.0242,0.7390000000000001,738400,0.7090000000000001,0,0.00335,7,0.0755,-7.317,1,47,0.0726,92.865,0.917,5
0.954,0.438,183735,0.19,0,7.120000000000001e-05,5,0.117,-13.573,1,69,0.0289,153.02,0.106,1
0.537,0.362,181667,0.28800000000000003,0,0.0,7,0.711,-8.502,1,27,0.0291,82.185,0.431,7
0.0234,0.778,217008,0.618,1,0.0,1,0.298,-6.432,1,67,0.219,135.879,0.212,0
0.25,0.565,324693,0.85,0,0.000143,2,0.579,-5.93,1,29,0.0934,112.188,0.585,5
0.988,0.568,195267,0.15,0,0.87,3,0.132,-19.666,1,2,0.0374,98.988,0.34700000000000003,7
0.958,0.5660000000000001,330067,0.127,0,0.916,7,0.111,-18.624,1,47,0.0439,123.211,0.189,1
0.861,0.247,136107,0.295,0,0.0,5,0.17,-12.499,1,42,0.0359,92.04,0.209,6
0.6759999999999999,0.718,101500,0.136,1,0.0,11,0.189,-19.75,0,0,0.952,101.635,0.423,8
0.21600000000000005,0.512,279227,0.615,0,0.0,11,0.123,-5.318,1,58,0.0319,115.884,0.193,2
0.542,0.404,351640,0.664,1,0.00402,1,0.11,-6.698,1,68,0.0407,107.747,0.0949,1
0.907,0.6759999999999999,229173,0.202,0,0.885,7,0.114,-22.411,0,32,0.0383,146.774,0.7070000000000001,6
0.0906,0.6559999999999999,212147,0.561,0,0.0,7,0.366,-7.774,1,44,0.0454,129.076,0.51,5
0.0923,0.759,187280,0.825,1,0.00057,8,0.24,-4.289,1,58,0.22,94.857,0.429,2
0.242,0.499,243267,0.6579999999999999,0,0.0,0,0.319,-11.924,0,47,0.0347,78.10300000000002,0.509,3
0.69,0.643,240333,0.452,0,0.757,0,0.151,-10.894,1,6,0.0445,122.337,0.703,7
0.000223,0.535,296600,0.957,1,0.473,4,0.418,-7.866,0,39,0.0631,116.665,0.0701,3
0.0146,0.698,226427,0.645,1,0.0,4,0.269,-5.3679999999999986,0,61,0.0416,131.94799999999998,0.7879999999999999,1
0.623,0.5489999999999999,341973,0.399,0,0.205,7,0.0629,-14.415,1,34,0.047,83.26700000000002,0.434,4
0.7929999999999999,0.518,145495,0.194,0,0.0697,9,0.132,-21.677,0,25,0.0342,111.63,0.091,6
0.836,0.514,123700,0.0932,0,0.0,0,0.624,-32.953,1,0,0.728,108.116,0.153,8
0.992,0.523,200373,0.17600000000000002,0,0.617,0,0.113,-13.925999999999998,1,0,0.0327,99.721,0.22,7
8.34e-06,0.465,217600,0.994,0,0.000311,8,0.348,-3.94,1,43,0.121,92.5,0.324,3
0.383,0.581,251627,0.52,0,0.0,4,0.322,-5.347,1,56,0.0298,79.565,0.643,1
0.004,0.677,294440,0.477,0,0.391,8,0.34600000000000003,-6.74,0,47,0.0474,158.05100000000004,0.879,2
0.361,0.412,346907,0.73,0,0.285,4,0.51,-13.287,0,22,0.0606,138.485,0.292,5
0.971,0.272,257667,0.122,0,0.000585,2,0.12,-17.096,1,0,0.0439,171.356,0.15,7
0.28300000000000003,0.603,211080,0.5529999999999999,0,0.0,9,0.0633,-10.869000000000002,1,36,0.0329,125.622,0.667,5
0.471,0.622,174787,0.542,0,1.88e-06,9,0.205,-10.719,1,23,0.0679,130.737,0.857,5
0.897,0.487,194867,0.146,1,1.9e-06,10,0.106,-15.225,0,65,0.038,96.065,0.261,1
0.573,0.5920000000000001,164519,0.7240000000000001,0,1.29e-06,9,0.0348,-7.588999999999999,1,3,0.132,141.549,0.971,9
0.462,0.517,234387,0.539,0,0.639,0,0.0702,-10.148,1,41,0.0345,129.0,0.318,2
0.908,0.787,187467,0.317,0,0.000808,9,0.0813,-10.802,0,10,0.0621,81.08800000000002,0.7040000000000001,9
0.815,0.479,191867,0.6809999999999999,0,0.196,1,0.319,-9.402,1,10,0.102,170.922,0.807,9
0.8909999999999999,0.478,163538,0.332,0,1.97e-06,1,0.505,-9.136,1,0,0.0423,68.545,0.747,8
0.269,0.884,162895,0.546,0,8e-06,2,0.064,-6.279,0,76,0.117,113.236,0.49,1
0.153,0.617,214533,0.977,0,0.0016,9,0.133,-7.028,0,62,0.0276,131.965,0.679,2
0.815,0.3670000000000001,192067,0.242,0,0.0,7,0.336,-13.911,1,6,0.0316,154.815,0.721,8
0.939,0.6579999999999999,212360,0.181,0,0.247,7,0.0946,-11.544,1,5,0.0608,108.626,0.595,9
0.166,0.605,260961,0.522,0,0.0,3,0.139,-5.505,1,55,0.0361,97.028,0.459,1
0.0516,0.763,240027,0.799,1,0.0,10,0.688,-5.596,0,39,0.204,80.02600000000002,0.65,2
0.38,0.866,199440,0.813,0,0.0,11,0.0779,-4.063,0,81,0.0554,121.998,0.969,1
0.451,0.365,269971,0.613,0,0.0,5,0.0752,-4.847,1,50,0.0682,139.659,0.439,1
0.0156,0.687,275160,0.7070000000000001,0,0.0,6,0.113,-5.691,0,36,0.222,127.81,0.821,3
0.863,0.8320000000000001,164973,0.28800000000000003,0,0.664,8,0.14300000000000002,-11.539,1,16,0.0972,103.449,0.8190000000000001,10
0.847,0.394,170747,0.361,0,0.000166,3,0.19,-10.768,1,13,0.036000000000000004,78.057,0.202,6
0.993,0.45,186980,0.284,0,0.904,2,0.109,-14.212,1,0,0.0763,170.62599999999995,0.852,8
0.287,0.7879999999999999,211707,0.785,0,0.0,2,0.259,-4.539,1,63,0.0519,127.946,0.96,1
0.6709999999999999,0.546,220107,0.383,0,0.0,3,0.0702,-10.518,1,44,0.0272,73.375,0.324,3
0.25,0.711,97046,0.121,1,0.0,11,0.171,-19.258,0,0,0.923,128.659,0.688,9
0.982,0.59,151547,0.364,0,1.07e-05,0,0.0696,-8.817,1,20,0.0462,77.248,0.6890000000000001,7
0.71,0.34700000000000003,228080,0.353,0,0.0,0,0.31,-7.3210000000000015,1,0,0.0341,172.983,0.201,0
0.993,0.511,177813,0.134,0,0.0507,6,0.7759999999999999,-19.126,1,1,0.0368,110.027,0.336,10
0.0793,0.531,178533,0.149,0,0.0006230000000000001,9,0.0855,-22.713,0,23,0.042,143.63,0.365,6
0.908,0.5670000000000001,107413,0.584,0,0.929,2,0.133,-29.52,0,0,0.0578,122.511,0.289,7
0.871,0.5,242253,0.417,0,1.7100000000000002e-05,7,0.232,-11.239,1,60,0.0325,120.067,0.455,2
0.229,0.657,232053,0.7140000000000001,0,0.0007440000000000001,5,0.127,-4.9860000000000015,1,46,0.0265,141.969,0.361,2
0.246,0.777,238813,0.911,0,0.0,6,0.257,-3.2230000000000003,0,67,0.173,96.017,0.7040000000000001,1
0.0657,0.8859999999999999,221733,0.659,0,0.0,6,0.0922,-7.3279999999999985,1,32,0.369,86.369,0.813,4
0.83,0.625,172960,0.332,0,0.0,8,0.298,-11.356,1,35,0.0509,123.978,0.851,4
0.502,0.414,301173,0.544,0,7.000000000000003e-06,1,0.279,-10.317,0,32,0.0478,85.37100000000002,0.44,3
0.962,0.163,482253,0.0825,0,0.845,2,0.128,-22.039,1,31,0.0439,48.292,0.0673,6
0.415,0.555,130280,0.6890000000000001,0,0.0,5,0.315,-5.015,0,32,0.0332,146.10399999999996,0.741,4
0.76,0.569,273009,0.483,0,4.75e-05,2,0.106,-7.1110000000000015,1,68,0.0421,96.502,0.624,2
0.836,0.521,196267,0.263,0,2.62e-05,1,0.138,-12.711,1,59,0.0264,95.448,0.184,3
0.989,0.512,194093,0.402,0,0.0174,9,0.35200000000000004,-8.965,0,0,0.0679,161.08,0.882,7
0.3720000000000001,0.742,200915,0.289,1,0.0,6,0.508,-17.750999999999994,1,0,0.923,105.042,0.736,10
0.0272,0.624,289733,0.889,0,0.00117,9,0.365,-12.829,1,28,0.0364,126.644,0.925,4
0.991,0.588,220640,0.114,0,0.033,3,0.0993,-19.202,1,0,0.0455,111.405,0.308,7
0.996,0.802,193027,0.229,0,0.246,0,0.0826,-17.144000000000002,1,0,0.116,121.427,0.7709999999999999,9
0.742,0.5429999999999999,180667,0.317,0,0.0573,4,0.182,-13.555,0,37,0.0317,115.752,0.531,3
0.994,0.713,177493,0.202,0,0.076,2,0.128,-11.535,1,0,0.0978,120.546,0.7929999999999999,10
0.000396,0.624,329987,0.959,0,0.506,6,0.373,-6.229,0,38,0.054000000000000006,139.864,0.8320000000000001,3
0.026,0.623,133360,0.984,0,0.0276,6,0.272,-7.277,0,34,0.0411,109.694,0.7959999999999999,5
0.0666,0.434,221933,0.594,0,0.0,2,0.166,-7.917999999999997,1,36,0.028,163.259,0.458,4
0.899,0.769,139493,0.149,0,0.0,2,0.13699999999999998,-18.14,0,34,0.122,124.533,0.505,7
0.0827,0.292,112920,0.5479999999999999,0,0.0,2,0.414,-4.977,1,60,0.0363,175.053,0.207,2
0.35100000000000003,0.295,254600,0.96,0,0.217,10,0.964,-5.948,0,37,0.23,100.339,0.194,5
0.897,0.7090000000000001,188630,0.208,0,0.794,10,0.0965,-17.114,1,18,0.038,115.733,0.447,7
0.36,0.7440000000000001,286236,0.589,1,0.0,5,0.119,-1.218,0,72,0.0359,127.051,0.242,1
0.0057,0.573,264360,0.929,0,0.0,9,0.138,-4.884,1,44,0.0682,127.564,0.7140000000000001,2
0.838,0.564,89053,0.747,0,0.0,7,0.331,-10.76,1,19,0.111,77.485,0.792,6
0.0143,0.807,266467,0.377,0,0.0828,1,0.111,-11.255999999999998,1,42,0.0585,87.22399999999998,0.63,3
0.988,0.645,192000,0.301,0,0.875,0,0.0977,-14.883,1,11,0.043,96.447,0.7909999999999999,7
0.818,0.268,300130,0.336,0,0.0,9,0.354,-10.011,1,61,0.0392,65.83800000000001,0.208,1
0.985,0.379,178080,0.0984,0,0.331,5,0.237,-16.058,1,4,0.0326,71.734,0.35600000000000004,7
0.000126,0.23,258760,0.94,0,0.161,2,0.358,-7.0520000000000005,1,35,0.0639,77.78,0.21,3
0.985,0.513,187400,0.0567,0,0.825,0,0.0933,-21.539,1,5,0.0342,95.113,0.3670000000000001,7
6.86e-05,0.331,187627,0.75,0,1.21e-06,5,0.0945,-5.202000000000001,1,61,0.0436,185.97,0.26,1
0.873,0.307,705093,0.145,0,0.737,9,0.122,-16.589000000000002,1,0,0.0433,100.584,0.111,9
0.972,0.557,155507,0.391,0,0.392,5,0.348,-9.516,1,12,0.0334,107.224,0.882,7
0.959,0.18,320653,0.23,0,0.0096,4,0.159,-14.765999999999998,1,0,0.0419,174.613,0.0399,7
0.551,0.701,132800,0.7090000000000001,0,0.000109,9,0.101,-9.71,1,12,0.0701,172.127,0.894,7
0.0231,0.338,167307,0.818,0,0.0,3,0.129,-5.666,1,49,0.0739,118.635,0.696,1
0.772,0.531,176320,0.208,0,0.0,9,0.149,-12.087,1,52,0.042,83.354,0.343,4
0.804,0.293,112093,0.354,0,0.919,2,0.154,-14.026,1,52,0.0282,107.634,0.487,6
0.0255,0.446,364693,0.912,0,0.313,2,0.285,-7.061,1,29,0.0436,90.316,0.794,5
0.8140000000000001,0.511,185107,0.366,0,0.00187,4,0.13699999999999998,-9.568,0,7,0.0339,121.121,0.451,6
0.391,0.555,223733,0.381,0,0.0,8,0.105,-8.448,1,40,0.0263,131.836,0.174,2
0.00213,0.7709999999999999,242733,0.752,0,0.713,0,0.0414,-8.49,0,53,0.0378,138.161,0.752,4
0.0845,0.691,139259,0.56,1,0.0,2,0.113,-6.181,1,63,0.0703,100.03,0.369,1
0.151,0.89,323400,0.604,0,1.5e-05,1,0.222,-11.438,1,36,0.0731,107.181,0.924,4
0.994,0.35600000000000004,177040,0.228,0,0.365,10,0.0862,-11.808,1,0,0.0425,216.659,0.773,10
0.0348,0.573,184267,0.564,0,0.0,0,0.0795,-10.965,1,42,0.0432,90.79,0.7020000000000001,4
0.905,0.556,109893,0.443,0,0.0,5,0.8440000000000001,-16.658,0,2,0.951,174.87099999999995,0.516,7
0.256,0.741,249400,0.795,0,0.000366,0,0.205,-12.885,0,35,0.0305,132.727,0.563,4
0.807,0.365,186400,0.23,0,0.0,8,0.112,-10.415,1,47,0.0336,139.441,0.29,2
0.00811,0.546,159307,0.855,0,9.42e-05,9,0.36,-9.79,1,31,0.0414,131.13299999999998,0.846,5
0.93,0.408,64506,0.246,0,0.0417,2,0.231,-17.298,1,0,0.364,168.646,0.485,7
0.7390000000000001,0.425,229160,0.499,0,0.000292,2,0.21600000000000005,-8.215,0,47,0.0293,109.787,0.5870000000000001,5
0.00489,0.364,315467,0.71,0,0.00315,9,0.0747,-7.428,0,54,0.0972,123.902,0.284,2
0.000403,0.76,284200,0.565,0,0.166,1,0.12,-12.958,1,20,0.0448,133.664,0.6,4
0.0139,0.8170000000000001,286867,0.639,0,5.75e-06,6,0.306,-12.337,1,23,0.0443,110.364,0.731,4
0.648,0.247,235640,0.307,0,2.43e-05,7,0.281,-13.16,1,61,0.0371,161.982,0.403,6
0.106,0.7809999999999999,322200,0.317,0,0.0,5,0.175,-9.697,1,53,0.0405,121.844,0.43,3
0.00228,0.713,284130,0.971,1,2.05e-05,0,0.242,-1.264,1,51,0.381,128.064,0.6759999999999999,1
0.812,0.643,229107,0.363,0,0.000264,11,0.171,-13.126,1,52,0.0274,125.796,0.258,2
0.0197,0.62,237973,0.597,0,0.000125,4,0.0431,-11.11,0,30,0.0391,135.916,0.961,5
0.0057,0.6709999999999999,230907,0.777,0,0.0011,2,0.0783,-4.322,1,64,0.046,99.98,0.289,1
0.000183,0.848,362293,0.556,0,0.0,1,0.335,-10.046,1,42,0.245,93.498,0.362,2
0.0884,0.7929999999999999,391267,0.75,0,0.0473,7,0.125,-11.361,1,34,0.0667,107.849,0.92,4
2.57e-05,0.284,215573,0.97,0,0.605,4,0.095,-4.937,0,43,0.0555,146.265,0.294,2
0.0296,0.687,142205,0.6920000000000001,1,0.0,10,0.125,-6.676,0,64,0.051,170.042,0.428,0
0.589,0.672,133093,0.369,0,0.0,0,0.0957,-13.081,1,39,0.0301,140.49,0.863,3
0.471,0.6559999999999999,137987,0.61,0,0.0,6,0.275,-6.5539999999999985,1,45,0.0314,136.584,0.546,6
0.872,0.419,133042,0.542,0,0.000111,8,0.43,-7.095,1,0,0.05,180.283,0.772,8
0.995,0.623,196029,0.14300000000000002,0,0.0703,7,0.158,-9.426,1,0,0.413,69.78699999999999,0.773,8
0.411,0.63,95101,0.124,1,0.0,7,0.575,-19.999,1,0,0.956,166.68,0.605,8
0.889,0.344,185333,0.0445,0,0.0,11,0.125,-20.295,0,28,0.0643,79.469,0.272,6
0.597,0.593,149905,0.514,0,0.939,0,0.116,-11.054,1,0,0.0342,131.095,0.954,8
0.119,0.76,290893,0.853,0,0.00212,9,0.0996,-4.5939999999999985,0,37,0.0658,123.301,0.8420000000000001,4
0.994,0.588,173293,0.163,0,0.914,4,0.111,-23.45,1,0,0.0655,119.296,0.633,10
0.194,0.438,173960,0.691,0,0.0,7,0.112,-7.162000000000001,1,27,0.0282,103.568,0.941,4
0.952,0.268,107667,0.113,0,0.000389,0,0.191,-19.601,1,45,0.0383,111.801,0.113,2
0.00281,0.421,248427,0.878,0,1.23e-05,1,0.0589,-3.545,0,50,0.0799,164.16099999999997,0.517,2
0.048,0.182,170613,0.965,0,9.22e-06,2,0.721,-4.487,1,31,0.0668,155.816,0.275,4
0.297,0.5429999999999999,134267,0.752,0,0.0,5,0.142,-9.209,1,16,0.0351,157.864,0.975,6
0.064,0.468,276667,0.895,0,0.0,0,0.295,-2.833,1,50,0.0321,97.02,0.304,3
0.94,0.644,183453,0.17,0,1.77e-06,1,0.0932,-14.245,1,8,0.044,128.741,0.619,7
0.445,0.648,257107,0.857,0,6.5e-06,6,0.0742,-7.8820000000000014,0,31,0.0386,138.189,0.82,5
0.465,0.412,130272,0.34700000000000003,0,0.0,11,0.1,-6.3039999999999985,0,45,0.081,178.435,0.35,2
0.669,0.564,237333,0.158,0,3.4200000000000005e-05,10,0.119,-14.396,1,49,0.0322,87.83,0.0784,3
0.0039,0.6809999999999999,201200,0.715,0,5.04e-05,1,0.0569,-5.148,1,49,0.0638,98.96,0.459,2
0.877,0.392,146733,0.133,0,0.524,7,0.556,-17.28,1,0,0.0435,105.841,0.565,9
0.964,0.542,135200,0.239,0,0.0338,8,0.181,-19.824,1,0,0.149,89.411,0.77,9
0.5720000000000001,0.414,278427,0.3670000000000001,0,2.88e-05,2,0.106,-14.343,1,40,0.0378,80.382,0.29,2
0.0168,0.6579999999999999,191560,0.815,0,0.0,0,0.341,-6.834,1,69,0.105,99.28,0.8370000000000001,2
0.0437,0.55,185693,0.659,0,0.00835,2,0.0504,-13.462,1,23,0.0513,135.618,0.926,4
0.99,0.464,175440,0.0315,0,0.873,8,0.123,-24.835,1,17,0.0454,74.141,0.112,7
0.644,0.6659999999999999,245533,0.0909,0,0.0,7,0.096,-18.338,1,47,0.0311,107.531,0.639,4
0.5820000000000001,0.474,241040,0.917,0,0.231,9,0.201,-4.19,1,70,0.0395,152.113,0.902,5
0.746,0.555,164827,0.394,0,0.0,9,0.721,-9.237,1,2,0.0519,96.04,0.6709999999999999,7
0.925,0.579,200760,0.0898,0,0.0,2,0.12,-18.227,0,19,0.0333,93.435,0.602,6
0.868,0.397,183853,0.228,0,0.0,1,0.19,-10.712,1,17,0.0673,201.429,0.469,7
0.52,0.515,246560,0.484,0,0.0016,8,0.192,-12.831,0,29,0.0697,103.448,0.617,5
0.908,0.642,360373,0.0995,0,0.451,10,0.7,-24.26,0,33,0.0451,117.172,0.48,7
0.916,0.263,179896,0.0711,0,0.586,5,0.129,-15.777,1,9,0.0355,175.442,0.246,6
0.00746,0.68,218320,0.8490000000000001,0,0.0694,6,0.108,-5.295,1,41,0.0444,106.486,0.8059999999999999,2
0.935,0.28,188107,0.299,0,0.0,10,0.1,-12.683,1,14,0.0323,84.986,0.299,7
0.988,0.39,188600,0.326,0,0.000515,1,0.104,-10.291,1,0,0.0343,94.675,0.5529999999999999,9
0.0408,0.86,225920,0.507,1,6.15e-06,0,0.14,-5.776,0,70,0.369,85.005,0.15,1
0.343,0.7659999999999999,240693,0.439,0,3.97e-06,0,0.364,-10.06,1,46,0.151,111.161,0.91,3
0.312,0.621,285867,0.387,0,2.5e-05,0,0.139,-10.934,1,38,0.0312,103.082,0.37,5
0.142,0.7070000000000001,161351,0.51,1,0.0,1,0.353,-6.809,1,52,0.193,159.019,0.797,0
0.996,0.228,96760,0.0126,0,0.7759999999999999,0,0.0777,-28.409,1,18,0.0466,154.001,0.234,6
0.846,0.653,163493,0.328,0,0.0,5,0.102,-9.696,1,2,0.0643,178.93400000000003,0.85,8
0.0152,0.507,200400,0.696,1,0.0008210000000000001,11,0.121,-6.027,1,64,0.0621,102.983,0.406,1
0.99,0.364,267200,0.267,0,0.000226,0,0.0808,-11.067,1,0,0.0519,93.54,0.185,7
0.978,0.258,305573,0.0684,0,0.006379999999999999,7,0.151,-20.983,0,0,0.0418,84.809,0.123,7
9.3e-05,0.469,216173,0.921,0,0.116,6,0.0387,-5.176,1,44,0.0698,99.972,0.599,2
0.302,0.462,239093,0.539,0,0.0,10,0.0691,-10.651,1,22,0.0282,116.777,0.625,5
0.116,0.615,278204,0.349,0,0.69,7,0.158,-12.358,1,0,0.0302,112.245,0.335,8
0.986,0.628,227560,0.111,0,1.15e-05,3,0.105,-15.043,1,21,0.195,144.995,0.693,6
0.0124,0.477,138360,0.94,0,0.032,0,0.412,-4.888,0,43,0.0423,154.82,0.941,5
0.0227,0.49,192720,0.914,0,0.0,10,0.7929999999999999,-3.202,1,56,0.16699999999999998,100.1,0.241,1
0.974,0.758,148701,0.434,0,0.0,8,0.173,-9.317,0,0,0.225,133.982,0.75,10
0.448,0.7509999999999999,181987,0.499,0,4.47e-05,3,0.112,-9.9,1,21,0.0244,98.344,0.534,4
0.0896,0.532,217773,0.491,0,5.41e-06,4,0.11,-8.939,1,34,0.0334,72.722,0.154,2
0.858,0.513,241653,0.364,0,0.000199,9,0.155,-11.102,1,0,0.0924,180.836,0.755,8
0.971,0.153,226333,0.00905,0,0.607,0,0.107,-30.099,1,48,0.0372,164.19099999999997,0.073,2
0.379,0.858,229200,0.457,0,7.28e-06,8,0.151,-17.484,1,41,0.0925,107.244,0.457,4
0.959,0.584,145267,0.185,0,0.0072,7,0.105,-13.986,1,60,0.035,127.151,0.376,2
0.0413,0.508,269267,0.857,0,6.64e-06,11,0.106,-7.562,0,33,0.0649,179.213,0.944,3
0.00268,0.261,210027,0.521,0,0.381,2,0.248,-12.802,1,28,0.0332,183.181,0.5379999999999999,5
0.365,0.802,299000,0.384,0,0.847,0,0.0438,-18.1,1,35,0.048,123.239,0.759,4
0.64,0.534,158160,0.62,0,0.00133,8,0.221,-8.047,1,13,0.0583,96.842,0.79,7
0.993,0.638,159987,0.317,0,0.855,5,0.129,-8.613,1,0,0.0754,124.478,0.775,10
0.848,0.629,49548,0.334,0,0.14300000000000002,2,0.106,-9.781,1,53,0.424,81.95299999999997,0.617,1
0.35700000000000004,0.557,312533,0.3,0,0.0,7,0.28,-15.061,1,23,0.0333,114.223,0.362,5
0.31,0.43,173280,0.462,0,0.0,3,0.204,-12.377,1,44,0.0449,202.248,0.7959999999999999,5
0.912,0.546,389293,0.196,0,0.7340000000000001,8,0.105,-11.154000000000002,0,35,0.0423,143.762,0.325,7
0.913,0.382,78240,0.103,0,0.000875,7,0.182,-14.156,0,1,0.0909,77.845,0.28,8
0.00572,0.519,310080,0.833,0,4.33e-06,6,0.104,-6.947,0,65,0.0496,138.225,0.532,4
0.546,0.417,210387,0.255,0,0.000135,6,0.134,-14.859000000000002,1,35,0.0371,78.373,0.328,4
0.523,0.607,199400,0.569,1,1.05e-05,5,0.0845,-6.438,1,49,0.413,119.446,0.289,1
0.947,0.574,134827,0.299,0,0.00125,6,0.113,-12.218,0,16,0.0316,111.643,0.618,6
0.395,0.637,224600,0.727,0,6.51e-05,0,0.108,-6.675,1,33,0.0371,134.476,0.665,3
0.374,0.3720000000000001,259427,0.34600000000000003,0,0.0,9,0.126,-15.268,1,60,0.0331,176.96400000000003,0.442,5
0.265,0.6920000000000001,180933,0.6409999999999999,0,0.0004730000000000001,0,0.0642,-9.621,1,26,0.0603,121.276,0.848,6
0.8079999999999999,0.421,302827,0.229,0,1.8e-06,7,0.326,-9.818,0,29,0.0331,114.52,0.22,6
0.677,0.336,374653,0.4920000000000001,0,0.000119,0,0.391,-12.987,1,29,0.0596,87.671,0.349,5
0.0834,0.851,254040,0.557,0,0.00903,1,0.0591,-9.854,0,37,0.0353,130.90200000000002,0.872,2
0.59,0.415,274000,0.175,0,0.0,9,0.198,-15.999,1,42,0.0275,130.616,0.266,4
0.975,0.618,273800,0.0772,0,0.919,9,0.107,-21.306,0,47,0.0514,104.691,0.36,6
0.516,0.544,161187,0.812,0,0.0031,9,0.11,-11.191,1,38,0.0592,123.269,0.7829999999999999,6
0.7120000000000001,0.652,248627,0.616,0,0.0,0,0.196,-7.24,0,25,0.0323,98.913,0.963,4
0.977,0.573,214785,0.101,0,0.031,1,0.126,-14.923,1,0,0.0434,81.528,0.402,8
0.0626,0.59,298600,0.514,0,1.35e-05,9,0.185,-8.362,1,34,0.0335,127.853,0.193,3
0.196,0.6970000000000001,95200,0.182,1,0.00043,6,0.0991,-20.069000000000006,1,0,0.8440000000000001,92.544,0.5710000000000001,8
0.992,0.21,366080,0.314,0,0.8109999999999999,9,0.17800000000000002,-17.488,0,0,0.0816,64.408,0.179,7
0.000731,0.322,214360,0.988,0,0.00411,0,0.451,-4.074,1,41,0.232,101.559,0.277,4
0.457,0.378,392227,0.4320000000000001,0,0.838,0,0.0832,-20.726,1,29,0.033,153.71200000000005,0.645,4
0.0189,0.596,240427,0.838,0,1.5399999999999998e-05,5,0.108,-6.52,0,66,0.0704,94.982,0.472,1
0.596,0.649,210267,0.618,0,1.46e-06,9,0.192,-10.728,1,69,0.0265,114.688,0.667,4
0.61,0.342,190200,0.226,0,0.00239,11,0.0586,-16.789,0,39,0.0276,146.924,0.402,5
0.7809999999999999,0.741,170093,0.473,0,3.97e-05,7,0.0726,-11.1,1,11,0.0333,112.564,0.691,7
0.989,0.7290000000000001,197053,0.326,0,0.913,11,0.111,-12.467,1,0,0.0741,113.423,0.963,8
0.99,0.285,205853,0.282,0,0.0299,5,0.293,-11.174,1,0,0.0506,82.698,0.496,9
0.95,0.54,295093,0.218,0,0.355,10,0.0845,-17.01,1,0,0.0441,142.755,0.61,9
0.5489999999999999,0.563,292667,0.388,0,0.433,1,0.0399,-12.744000000000002,1,17,0.0648,146.497,0.604,6
0.451,0.621,276355,0.402,0,5.58e-05,0,0.111,-9.626,1,63,0.0292,120.027,0.218,2
0.0153,0.648,571400,0.797,0,0.0,2,0.0709,-5.5710000000000015,1,44,0.229,101.002,0.726,2
0.117,0.5429999999999999,186080,0.8370000000000001,0,0.0,11,0.0872,-6.448,1,65,0.0608,168.05599999999995,0.506,1
0.000121,0.259,567610,0.993,0,0.439,11,0.993,-6.059,0,27,0.196,118.806,0.054000000000000006,4
0.161,0.6859999999999999,363333,0.536,0,4.9700000000000015e-05,0,0.063,-9.908,1,44,0.0274,91.503,0.5579999999999999,3
0.991,0.232,201561,0.183,0,0.00159,3,0.118,-14.541,1,0,0.0357,170.173,0.217,9
0.252,0.523,345533,0.325,0,3.9e-05,0,0.215,-14.966,1,32,0.041,82.904,0.768,5
0.303,0.638,329400,0.608,0,0.35100000000000003,4,0.688,-8.104,1,34,0.029,107.967,0.565,5
0.417,0.626,162818,0.38,0,3.68e-05,7,0.0884,-14.582,1,24,0.0394,135.876,0.675,6
0.247,0.826,376027,0.82,0,0.0,11,0.106,-4.99,0,48,0.242,93.994,0.764,2
0.0672,0.6,437200,0.365,0,0.585,9,0.0921,-13.083,0,54,0.0498,130.046,0.131,2
0.8909999999999999,0.7190000000000001,167515,0.46,0,7.809999999999999e-05,8,0.081,-5.827000000000001,1,63,0.0332,108.479,0.8809999999999999,2
0.888,0.5,468360,0.303,0,0.6729999999999999,5,0.112,-13.731,0,30,0.0489,69.55,0.153,6
0.0845,0.244,169000,0.919,0,0.0,11,0.265,-8.735,0,40,0.0699,183.278,0.361,4
0.992,0.305,212245,0.443,0,0.06,5,0.35600000000000004,-11.14,1,0,0.197,72.036,0.181,9
0.953,0.3720000000000001,222307,0.2,0,0.0,0,0.0881,-12.885,1,24,0.0346,133.423,0.348,6
0.337,0.6679999999999999,251253,0.8740000000000001,0,2.13e-06,5,0.0338,-8.751,0,66,0.0469,187.435,0.921,2
3.66e-05,0.204,191560,0.94,0,0.00238,11,0.59,-7.622999999999997,0,33,0.16399999999999998,96.952,0.244,4
0.0126,0.392,138800,0.968,0,0.0,6,0.377,-6.034,1,25,0.18600000000000005,148.179,0.359,4
0.914,0.6920000000000001,179773,0.402,0,0.0,2,0.066,-11.727,0,21,0.202,88.699,0.961,9
0.156,0.7709999999999999,311867,0.691,0,5.93e-05,3,0.111,-8.347000000000001,0,25,0.0572,96.101,0.653,5
0.0159,0.794,219667,0.34700000000000003,0,0.0,7,0.068,-19.156,1,21,0.0394,131.311,0.879,4
0.828,0.151,301707,0.0759,0,0.627,0,0.0857,-25.85,0,39,0.0411,104.582,0.108,6
0.93,0.62,247827,0.0942,0,4.17e-05,0,0.124,-19.173,1,44,0.0575,134.335,0.282,4
0.201,0.8440000000000001,239413,0.857,1,5.88e-06,10,0.5379999999999999,-3.74,0,56,0.254,90.282,0.72,2
0.708,0.397,213787,0.42,0,8.05e-05,1,0.0568,-10.851,1,49,0.0351,116.591,0.595,6
0.995,0.47,191400,0.332,0,0.925,5,0.277,-9.955,1,1,0.14400000000000002,170.918,0.828,7
0.957,0.366,185467,0.094,0,0.901,10,0.105,-24.397,1,13,0.0415,68.44,0.252,7
0.992,0.393,136560,0.31,0,0.888,2,0.115,-18.501,0,14,0.0427,77.494,0.8270000000000001,6
0.3,0.506,224000,0.877,0,0.00033,0,0.422,-9.342,1,33,0.0436,156.689,0.765,5
0.986,0.578,174027,0.208,0,0.0084,9,0.259,-11.752,1,3,0.0486,133.253,0.585,9
0.557,0.416,206658,0.262,0,0.0,3,0.58,-10.817,1,54,0.1,181.698,0.942,3
0.937,0.501,208000,0.201,0,0.0973,2,0.173,-14.043,1,0,0.0512,72.268,0.325,9
0.995,0.436,144480,0.0211,0,0.929,9,0.0815,-25.566,0,11,0.0482,142.255,0.135,8
0.00269,0.5870000000000001,215107,0.737,0,3.2e-06,6,0.0954,-12.108,1,33,0.0378,130.143,0.537,4
0.276,0.484,418246,0.486,0,0.000219,8,0.338,-12.561,1,19,0.0681,130.924,0.532,6
0.0282,0.415,198667,0.72,0,0.0046,11,0.113,-12.575,1,40,0.0367,122.532,0.778,4
0.5489999999999999,0.603,384250,0.562,0,0.0,4,0.225,-7.66,1,53,0.0381,116.02,0.5920000000000001,1
0.411,0.574,194686,0.593,0,1.55e-06,4,0.0966,-5.731,0,68,0.0463,128.07299999999998,0.355,1
0.957,0.645,182547,0.348,0,0.8809999999999999,7,0.35100000000000003,-12.012,1,0,0.0461,90.741,0.556,9
0.459,0.449,249733,0.235,0,0.00153,8,0.0892,-18.85,1,43,0.042,101.45,0.431,5
0.383,0.64,187267,0.441,0,0.0956,3,0.11,-13.558,1,32,0.0283,114.169,0.426,4
0.56,0.534,160280,0.718,0,0.0,7,0.609,-9.273,0,39,0.0961,163.989,0.926,7
0.0301,0.964,218261,0.555,1,0.000567,5,0.128,-6.245,0,61,0.0499,130.017,0.338,1
0.993,0.339,40213,0.22,0,0.878,5,0.187,-16.284000000000002,0,2,0.0326,89.087,0.382,8
0.17600000000000002,0.484,297000,0.525,0,0.0,6,0.36,-5.99,1,49,0.0415,59.957,0.21600000000000005,2
0.213,0.534,516413,0.7490000000000001,0,0.293,4,0.374,-11.682,0,50,0.0393,117.904,0.632,1
0.0153,0.517,222147,0.813,0,0.0,1,0.106,-6.325,1,69,0.0558,83.005,0.444,1
0.0389,0.531,136427,0.8490000000000001,0,0.00763,9,0.18600000000000005,-10.754,1,54,0.111,119.516,0.305,4
0.00886,0.573,136667,0.936,0,0.0,7,0.38,-7.396,1,45,0.09,113.433,0.482,3
0.83,0.222,147587,0.175,0,1.11e-06,5,0.108,-12.406,1,21,0.0289,80.453,0.228,6
0.414,0.499,353560,0.422,0,0.00108,10,0.094,-12.215,0,38,0.0377,134.398,0.635,6
0.821,0.603,148376,0.252,0,0.0362,7,0.103,-16.631,1,16,0.0355,123.41,0.639,7
0.915,0.198,848480,0.234,0,0.8170000000000001,2,0.154,-12.659,1,0,0.0358,132.904,0.0697,8
0.00013700000000000002,0.52,187773,0.933,0,0.0,5,0.0556,-2.884,1,59,0.0541,137.02200000000002,0.397,1
0.0323,0.5710000000000001,241947,0.944,0,3.26e-06,2,0.308,-5.365,1,49,0.07200000000000001,170.696,0.498,2
0.0358,0.406,418427,0.8490000000000001,0,0.000199,9,0.057,-7.109,1,35,0.0755,101.886,0.34600000000000003,3
0.994,0.518,221787,0.104,0,0.918,9,0.094,-19.932,1,0,0.0533,124.772,0.608,8
0.35,0.441,214173,0.659,0,9.9e-05,9,0.305,-7.395,1,33,0.0315,102.464,0.536,3
0.397,0.56,174667,0.441,0,2.61e-05,3,0.26,-9.466,1,9,0.0299,101.858,0.527,7
9.22e-05,0.345,237360,0.885,0,0.00372,9,0.131,-6.249,1,49,0.0862,162.262,0.664,2
0.693,0.659,279040,0.409,0,6.02e-06,11,0.115,-11.543,1,46,0.0301,151.718,0.81,2
0.0984,0.627,264000,0.816,0,0.000252,11,0.745,-10.361,0,52,0.0324,129.241,0.862,4
0.995,0.349,206387,0.00227,0,0.904,5,0.0922,-29.419,0,35,0.0912,69.71600000000001,0.0489,4
0.0124,0.585,264000,0.62,0,0.0164,6,0.135,-9.075,1,56,0.0538,80.021,0.725,1
0.0477,0.66,285013,0.7659999999999999,1,0.000239,7,0.624,-4.263,1,65,0.194,164.791,0.722,1
0.00218,0.8590000000000001,233867,0.598,0,1.37e-06,7,0.354,-7.754,1,50,0.0345,117.962,0.892,3
0.214,0.325,264200,0.677,0,0.0015,5,0.0776,-8.851,1,42,0.0581,171.71900000000005,0.7170000000000001,3
0.992,0.579,195793,0.153,0,0.0,4,0.0975,-11.384,1,0,0.0542,68.18,0.65,8
0.994,0.866,187760,0.245,0,0.53,7,0.111,-13.497,1,0,0.204,109.875,0.8420000000000001,10
0.994,0.282,362253,0.159,0,0.00386,5,0.303,-18.639,1,0,0.0487,81.32600000000002,0.0989,7
0.0733,0.552,260000,0.76,1,0.0,0,0.0865,-4.706,1,74,0.342,135.702,0.639,1
0.6509999999999999,0.831,147360,0.382,0,0.93,10,0.134,-16.726,1,25,0.0438,106.517,0.966,6
0.932,0.778,201533,0.336,0,0.7240000000000001,0,0.112,-15.94,1,3,0.0411,118.305,0.672,7
0.675,0.197,343733,0.32,0,0.748,0,0.8029999999999999,-16.695999999999998,1,28,0.0387,83.89299999999999,0.108,5
0.325,0.746,172173,0.633,0,0.0,6,0.127,-6.488,1,43,0.0456,92.822,0.848,2
0.127,0.366,303493,0.9,0,0.0287,2,0.304,-5.693,1,29,0.126,74.732,0.408,4
0.272,0.77,292120,0.908,0,1.74e-06,7,0.102,-2.915,1,48,0.0274,127.995,0.962,2
0.995,0.261,181502,0.0922,0,0.735,6,0.39,-25.06900000000001,0,0,0.0396,80.96300000000002,0.339,9
0.101,0.624,233688,0.889,0,0.0,5,0.227,-3.772,0,57,0.0504,127.019,0.45,1
0.0426,0.618,300920,0.892,0,0.0,0,0.0846,-4.774,1,35,0.252,94.954,0.629,2
0.149,0.7070000000000001,222347,0.8540000000000001,0,0.116,7,0.0987,-8.231,0,49,0.0286,114.021,0.96,5
0.457,0.385,181640,0.546,0,0.0,9,0.145,-6.67,1,26,0.0408,88.785,0.41,6
0.348,0.732,113100,0.123,1,0.0,0,0.34700000000000003,-17.495,1,0,0.955,107.97,0.6659999999999999,8
0.318,0.562,265533,0.594,0,0.0,3,0.311,-4.578,0,68,0.0558,62.87600000000001,0.423,2
0.857,0.229,230720,0.0989,0,0.0,4,0.0458,-19.106,0,43,0.0365,170.916,0.227,3
0.976,0.337,199440,0.5710000000000001,0,0.0174,2,0.466,-9.555,0,0,0.0413,73.105,0.7609999999999999,7
0.0005780000000000001,0.409,188693,0.7170000000000001,1,0.0632,6,0.0827,-7.75,1,55,0.0395,169.21200000000005,0.311,3
0.376,0.339,334707,0.448,0,0.007659999999999998,2,0.11,-8.081,1,53,0.0295,57.902,0.16399999999999998,2
0.871,0.236,199173,0.232,0,0.0008269999999999999,3,0.2,-9.423,1,0,0.0315,138.695,0.166,8
0.987,0.483,191520,0.362,0,0.00406,6,0.215,-11.73,0,0,0.0565,129.468,0.929,9
0.00346,0.599,312160,0.955,0,0.0179,2,0.264,-3.533,0,30,0.0431,157.731,0.951,4
0.943,0.557,179227,0.271,0,0.00296,6,0.138,-14.958,1,20,0.0397,188.196,0.685,10
0.174,0.518,267347,0.484,0,0.0111,3,0.105,-7.95,1,49,0.0289,128.145,0.2,4
0.936,0.473,291067,0.177,0,0.156,3,0.187,-18.829,1,9,0.0368,150.295,0.17,7
0.5760000000000001,0.499,194506,0.289,0,9.18e-05,9,0.562,-9.315,1,33,0.0281,139.732,0.145,3
0.993,0.428,77248,0.503,0,0.0213,10,0.322,-8.93,1,0,0.108,100.879,0.953,7
0.0266,0.7140000000000001,241853,0.563,1,0.0,1,0.0776,-7.574,1,68,0.0723,100.091,0.31,1
0.131,0.535,168147,0.631,0,0.0,1,0.196,-8.592,1,19,0.0319,139.805,0.799,6
0.994,0.426,105267,0.052000000000000005,0,0.929,1,0.336,-27.63300000000001,0,0,0.0499,79.62,0.21,8
0.914,0.596,189293,0.377,0,0.0,0,0.212,-6.659,1,6,0.0287,107.224,0.43,7
0.989,0.78,194000,0.3,0,0.0754,1,0.166,-6.823,1,0,0.0624,116.274,0.862,9
0.797,0.6679999999999999,263920,0.396,0,1.47e-05,1,0.0702,-10.803,1,45,0.0492,154.542,0.795,2
0.00131,0.407,490267,0.775,0,0.0007019999999999999,9,0.0915,-7.896,1,36,0.0447,104.176,0.8590000000000001,5
0.00618,0.823,170109,0.51,1,0.0,1,0.103,-7.153,1,65,0.126,143.97,0.267,0
0.925,0.165,261240,0.125,0,0.000391,7,0.0896,-10.493,1,31,0.0381,66.354,0.0737,3
0.1,0.542,204027,0.943,0,1.75e-06,9,0.0766,-4.824,1,33,0.0606,103.154,0.5489999999999999,3
0.208,0.767,180200,0.718,0,3.76e-06,9,0.343,-5.845,1,46,0.0433,118.429,0.897,1
0.263,0.799,175907,0.617,0,0.0,7,0.155,-7.142,1,35,0.0369,105.329,0.93,3
0.945,0.387,222267,0.0287,0,1.58e-05,7,0.139,-18.887,1,40,0.0389,70.639,0.162,5
0.8,0.895,173947,0.665,0,0.0,0,0.0705,-6.43,1,33,0.0408,134.85399999999998,0.828,5
0.8909999999999999,0.328,262640,0.122,0,0.0,5,0.112,-17.084,1,30,0.0378,78.263,0.35600000000000004,3
0.6729999999999999,0.682,488347,0.535,0,0.0,9,0.26,-19.733,1,0,0.596,109.866,0.0799,7
0.85,0.35100000000000003,139933,0.508,0,0.0,11,0.127,-9.253,0,28,0.0466,81.90899999999998,0.423,6
0.0783,0.441,295960,0.967,0,5.59e-06,2,0.305,-5.752000000000002,1,34,0.132,137.159,0.142,3
0.527,0.8740000000000001,206054,0.516,0,0.00045,0,0.311,-7.795,1,46,0.0315,111.768,0.97,2
0.804,0.509,172000,0.6659999999999999,0,0.0,9,0.797,-12.619000000000002,0,0,0.894,132.562,0.28600000000000003,7
0.263,0.6970000000000001,296107,0.445,0,0.00274,5,0.133,-7.081,1,55,0.0638,119.943,0.396,2
0.277,0.733,158933,0.6659999999999999,0,0.000305,9,0.35200000000000004,-7.534,1,41,0.0445,132.66899999999998,0.968,3
0.654,0.696,100800,0.29100000000000004,1,0.0,0,0.162,-17.432000000000002,0,0,0.897,81.814,0.534,7
0.28800000000000003,0.778,211813,0.612,0,8.98e-05,5,0.091,-6.12,1,68,0.0601,84.78,0.928,3
0.597,0.415,149227,0.5820000000000001,0,0.0,8,0.339,-8.51,1,18,0.0806,142.299,0.853,7
0.769,0.638,357520,0.214,0,0.0,3,0.0982,-14.185,1,20,0.0532,116.426,0.399,6
0.149,0.7190000000000001,224693,0.435,0,0.0,5,0.261,-9.358,1,51,0.0856,76.67,0.5820000000000001,5
0.726,0.24,280640,0.184,0,0.647,2,0.487,-18.609,1,25,0.048,79.858,0.0394,5
0.0304,0.34,231107,0.8,0,0.0,9,0.0831,-10.484000000000002,1,28,0.0656,77.411,0.7170000000000001,5
0.0015,0.218,177307,0.982,0,0.0,11,0.42,-3.067,1,43,0.161,171.09900000000005,0.224,2
0.449,0.75,163800,0.322,0,0.0286,8,0.0921,-14.327,1,27,0.108,85.56700000000002,0.7609999999999999,7
0.446,0.6759999999999999,239427,0.627,0,0.0248,9,0.195,-9.067,1,38,0.114,138.139,0.74,4
0.158,0.381,140200,0.639,0,0.882,2,0.31,-10.139,1,18,0.033,155.515,0.951,7
0.843,0.657,135147,0.479,0,0.000354,6,0.108,-9.124,1,11,0.039,137.582,0.82,6
0.584,0.481,103200,0.662,0,0.0,4,0.194,-7.287000000000001,1,41,0.317,184.81,0.8270000000000001,6
5.520000000000003e-05,0.423,54600,0.958,0,1.47e-05,0,0.198,-4.664,1,41,0.0373,114.618,0.928,3
0.4370000000000001,0.574,230200,0.62,0,0.923,6,0.0813,-11.140999999999998,0,31,0.0282,121.019,0.482,5
0.209,0.19,368253,0.289,0,0.0143,0,0.122,-12.828,1,23,0.0322,82.28,0.193,5
0.911,0.62,330307,0.262,0,0.061,5,0.109,-13.803,1,51,0.034,121.021,0.0699,1
0.378,0.649,304926,0.425,0,0.0013,4,0.108,-9.811,1,37,0.0267,107.383,0.6509999999999999,2
0.0767,0.413,257893,0.867,0,0.00503,2,0.343,-4.713,1,27,0.0348,129.017,0.8109999999999999,5
0.966,0.419,595867,0.192,0,0.875,4,0.138,-19.607,1,0,0.0303,108.737,0.275,10
0.991,0.7070000000000001,182831,0.221,0,0.0006230000000000001,7,0.304,-13.917,1,0,0.0455,112.8,0.458,9
0.385,0.56,222253,0.619,0,1.03e-06,4,0.247,-3.013,1,54,0.0405,77.881,0.561,1
0.625,0.294,222000,0.552,0,0.0,2,0.13699999999999998,-10.176,1,35,0.03,77.315,0.728,6
0.473,0.616,135760,0.691,0,8.01e-06,2,0.0958,-9.833,1,49,0.0465,92.995,0.858,5
0.703,0.458,160987,0.491,0,0.0,3,0.329,-9.378,1,6,0.0675,143.80100000000004,0.544,7
0.127,0.63,176880,0.733,0,3.1e-06,5,0.163,-6.135,0,37,0.0334,117.768,0.698,5
0.114,0.459,195493,0.4270000000000001,0,0.0,7,0.168,-7.734,1,75,0.0267,139.90200000000002,0.354,2
0.6990000000000001,0.619,247360,0.4270000000000001,0,0.00238,10,0.0823,-10.737,1,50,0.04,61.75,0.436,2
0.797,0.662,380227,0.28300000000000003,0,0.272,1,0.189,-15.988,1,30,0.0523,88.40100000000002,0.601,6
0.245,0.187,430800,0.7240000000000001,0,0.418,11,0.17,-13.064,0,27,0.051,95.951,0.316,4
0.09,0.366,237470,0.522,0,0.0,10,0.205,-8.828,1,36,0.0583,83.12700000000002,0.524,5
0.31,0.659,429107,0.75,0,0.179,9,0.152,-7.977,1,36,0.0373,124.44,0.763,4
0.19,0.6890000000000001,296400,0.626,0,0.116,7,0.13,-15.015,1,31,0.0446,158.748,0.966,4
0.005,0.333,263573,0.895,0,0.0102,8,0.0744,-6.2920000000000025,1,34,0.0821,138.89700000000002,0.284,3
0.995,0.528,180268,0.162,0,0.966,7,0.106,-19.49,0,11,0.0507,71.60600000000002,0.199,7
0.97,0.25,76773,0.0552,0,0.509,0,0.132,-25.425,0,6,0.0378,49.076,0.128,7
0.973,0.403,158825,0.227,0,0.568,0,0.0983,-15.758,0,1,0.036000000000000004,132.632,0.417,9
0.0931,0.688,180400,0.18600000000000005,1,0.0,0,0.276,-19.762,1,0,0.905,141.963,0.5529999999999999,8
0.72,0.388,179667,0.391,0,0.741,2,0.0777,-19.105,1,13,0.0619,170.641,0.67,7
0.000264,0.528,272893,0.7929999999999999,0,0.0284,9,0.35200000000000004,-9.163,1,38,0.0281,96.681,0.5,3
1.7e-05,0.69,202107,0.7290000000000001,1,0.0431,11,0.152,-5.819,0,60,0.221,91.376,0.35700000000000004,3
0.856,0.557,285173,0.17,0,8.96e-06,0,0.0724,-17.459,1,37,0.0392,113.619,0.438,6
0.557,0.417,69827,0.499,0,0.00201,8,0.578,-12.19,1,17,0.0336,109.588,0.8220000000000001,6
0.978,0.446,343573,0.6609999999999999,0,1.3800000000000007e-05,7,0.424,-12.912,1,0,0.939,56.412,0.306,9
0.701,0.715,195467,0.457,0,0.0,5,0.0902,-15.379,1,46,0.129,99.957,0.853,2
0.0212,0.557,246933,0.8290000000000001,0,0.0,4,0.5529999999999999,-3.833,1,28,0.034,131.781,0.77,4
0.425,0.327,155800,0.358,0,3.6e-05,0,0.16699999999999998,-10.151,1,10,0.0347,126.415,0.327,7
0.0518,0.639,124360,0.8440000000000001,0,0.0899,6,0.113,-8.721,1,41,0.0568,167.865,0.8740000000000001,2
0.123,0.635,95500,0.34600000000000003,1,0.0,1,0.151,-15.597,1,0,0.959,168.643,0.34600000000000003,10
0.21,0.262,182947,0.87,0,8.03e-05,1,0.24,-3.851,0,43,0.171,203.74400000000003,0.185,2
0.00113,0.336,342442,0.624,0,0.0447,11,0.17,-11.909,0,42,0.039,128.95600000000002,0.469,5
0.398,0.611,360773,0.5589999999999999,0,0.835,7,0.166,-19.893,1,26,0.0407,90.572,0.544,5
0.763,0.535,217013,0.39,0,0.0179,0,0.19,-15.238,1,22,0.0705,141.164,0.46,6
0.911,0.374,249267,0.0865,0,0.518,3,0.0992,-17.98,1,7,0.0324,109.268,0.343,7
0.17600000000000002,0.895,230000,0.6940000000000001,1,0.0,9,0.292,-4.384,1,69,0.275,93.944,0.632,2
0.75,0.7509999999999999,201758,0.452,0,0.0,10,0.0959,-7.678,1,42,0.0278,111.298,0.392,2
0.807,0.383,242960,0.29100000000000004,0,0.0,7,0.35,-9.93,1,53,0.0368,73.638,0.305,4
0.315,0.443,278933,0.748,0,2.39e-05,10,0.105,-8.984,0,28,0.0292,141.431,0.917,5
5.23e-05,0.669,218000,0.848,0,0.931,4,0.0943,-9.412,0,57,0.05,125.881,0.515,3
0.993,0.322,160897,0.0121,0,0.927,5,0.127,-31.994,1,62,0.0491,112.464,0.118,1
0.0002,0.544,198947,0.904,0,1.95e-06,8,0.331,-5.456,0,45,0.0469,94.999,0.569,1
0.314,0.61,283400,0.411,0,0.000186,1,0.0758,-13.247,0,42,0.0427,85.09899999999998,0.59,4
0.0005549999999999999,0.608,200933,0.904,0,0.0016600000000000002,8,0.379,-7.146,0,39,0.0531,125.447,0.634,4
0.0141,0.382,186760,0.9,0,0.0,3,0.293,-2.9210000000000003,0,46,0.0428,164.049,0.5579999999999999,2
0.935,0.491,104133,0.0794,0,0.0004440000000000001,10,0.113,-15.337,1,0,0.0449,167.918,0.772,9
0.975,0.231,500987,0.215,0,0.00113,8,0.5479999999999999,-14.575,1,0,0.0366,92.529,0.0494,7
0.469,0.84,243200,0.777,0,3.58e-06,9,0.21600000000000005,-6.399,0,42,0.0451,121.633,0.92,5
0.987,0.38,203395,0.211,0,0.0,2,0.407,-10.202,1,0,0.0771,175.713,0.496,8
0.991,0.278,208107,0.28,0,0.565,0,0.0921,-12.12,1,9,0.0367,79.417,0.171,8
0.189,0.691,240467,0.61,0,2.380000000000001e-05,0,0.0885,-7.023,1,42,0.0275,113.127,0.363,2
0.147,0.6409999999999999,408653,0.88,0,0.0008539999999999999,9,0.133,-7.633999999999999,0,47,0.047,113.318,0.962,4
0.862,0.353,159920,0.242,0,0.414,0,0.1,-15.582,0,35,0.0304,95.872,0.342,6
0.0988,0.645,260773,0.439,0,0.0,0,0.279,-12.43,0,43,0.037000000000000005,103.872,0.472,3
7.049999999999999e-05,0.183,253333,0.988,0,2.25e-05,0,0.123,-5.077,1,34,0.24,154.30200000000005,0.0842,4
0.976,0.18,206200,0.212,0,0.0544,0,0.0787,-11.073,1,2,0.0353,175.97099999999998,0.247,8
0.00106,0.447,151960,0.725,0,0.0157,6,0.105,-9.902,1,39,0.0292,116.286,0.597,3
0.008440000000000001,0.6659999999999999,200800,0.8740000000000001,0,0.0,9,0.107,-4.378,1,48,0.0299,140.024,0.544,1
0.5820000000000001,0.618,180427,0.407,0,0.0,8,0.151,-9.504,1,54,0.0347,106.583,0.974,3
0.0241,0.785,278200,0.537,1,0.0,7,0.0944,-6.803,1,30,0.152,92.81,0.551,3
0.159,0.7090000000000001,192867,0.654,0,1.52e-05,0,0.101,-5.904,1,39,0.0272,108.968,0.8290000000000001,4
0.103,0.727,263720,0.7809999999999999,1,0.0,5,0.0537,-8.613999999999999,1,61,0.29,81.07600000000002,0.682,1
0.993,0.524,206327,0.272,0,0.0487,10,0.235,-8.452,1,0,0.14300000000000002,77.46,0.76,8
1.42e-05,0.718,67960,0.879,0,0.828,11,0.0779,-10.478,1,47,0.0494,124.978,0.76,2
0.0315,0.28600000000000003,171173,0.961,0,3.91e-06,5,0.3,-5.7429999999999986,1,37,0.18,164.291,0.5920000000000001,5
0.973,0.502,159765,0.309,0,6.94e-06,6,0.127,-11.042,0,2,0.042,120.172,0.851,8
0.732,0.595,249240,0.507,0,1.97e-05,7,0.106,-7.892,1,63,0.0618,86.09899999999998,0.337,2
0.000951,0.525,277557,0.8859999999999999,0,6.82e-06,11,0.95,-6.2010000000000005,1,30,0.0498,82.04899999999998,0.4370000000000001,4
0.5529999999999999,0.32299999999999995,204493,0.42,0,0.002,0,0.096,-10.658,0,47,0.0291,139.842,0.28600000000000003,5
0.448,0.55,214733,0.8240000000000001,0,0.000127,2,0.366,-5.988,1,75,0.0334,114.512,0.777,5
0.525,0.496,146720,0.703,0,2.08e-06,7,0.305,-6.905,1,66,0.0376,130.915,0.936,5
0.243,0.111,209053,0.254,0,0.158,7,0.133,-15.216,1,0,0.0418,169.918,0.0586,8
0.99,0.378,171880,0.0414,0,0.0794,0,0.106,-21.8,0,0,0.034,104.857,0.119,7
0.338,0.423,287973,0.861,0,9.99e-06,7,0.114,-4.932,1,32,0.0358,107.693,0.35,3
0.602,0.621,310747,0.413,0,4.88e-06,4,0.145,-12.274,1,46,0.0348,139.491,0.338,2
0.363,0.7829999999999999,174493,0.55,0,0.00275,7,0.0403,-11.318,1,35,0.0465,97.735,0.593,5
0.141,0.466,217987,0.55,0,0.0,9,0.149,-9.517,1,49,0.0437,109.53,0.747,2
0.0239,0.446,158485,0.7070000000000001,0,0.0,3,0.182,-8.5,1,46,0.0805,203.791,0.952,3
0.993,0.664,174880,0.185,0,0.0505,7,0.316,-16.887999999999998,1,0,0.0714,126.196,0.476,10
0.928,0.456,187373,0.322,0,0.0,8,0.521,-8.704,1,0,0.0381,118.262,0.39,7
0.901,0.342,140760,0.15,0,0.912,9,0.0845,-24.134,1,36,0.0515,121.279,0.057,5
0.253,0.258,250267,0.659,0,0.0,5,0.111,-5.903,0,62,0.0596,189.558,0.272,1
0.5329999999999999,0.868,199520,0.698,0,0.0,7,0.0322,-1.631,1,49,0.0513,118.823,0.8490000000000001,1
1.92e-05,0.404,313045,0.948,1,0.0405,6,0.0773,-7.252000000000002,0,37,0.0604,96.789,0.701,4
0.748,0.594,272027,0.325,0,0.0058,0,0.0857,-17.137,1,32,0.0324,135.22899999999998,0.254,5
0.34600000000000003,0.383,271133,0.471,0,0.386,2,0.092,-16.262,1,36,0.0829,187.192,0.387,4
0.581,0.665,123467,0.512,0,0.0,4,0.371,-10.704,1,58,0.03,130.578,0.87,5
0.509,0.693,300330,0.202,0,3.5700000000000014e-05,2,0.333,-14.84,1,24,0.119,108.552,0.5379999999999999,6
0.17600000000000002,0.599,162583,0.733,0,0.0,11,0.242,-7.058,1,83,0.203,102.211,0.534,0
0.989,0.599,169571,0.614,0,0.923,5,0.136,-11.336,0,0,0.118,128.06,0.925,8
0.777,0.5429999999999999,121747,0.166,0,0.882,10,0.152,-20.402,1,22,0.0579,134.404,0.583,5
0.595,0.6920000000000001,195427,0.609,1,0.151,4,0.109,-8.568999999999999,0,52,0.0839,118.05,0.552,1
0.98,0.573,239200,0.0461,0,0.861,7,0.0981,-19.303,1,23,0.0732,67.035,0.527,7
0.0387,0.76,278640,0.595,0,4.89e-05,11,0.0835,-9.481,0,48,0.0354,137.993,0.745,1
0.007659999999999998,0.669,234320,0.7879999999999999,0,4.09e-05,4,0.387,-4.715,1,33,0.0366,143.388,0.828,4
0.000114,0.334,476267,0.986,0,0.0353,4,0.0805,-1.046,0,56,0.0576,124.668,0.48,2
0.995,0.308,370547,0.00729,0,0.924,1,0.067,-32.973,1,7,0.0385,73.622,0.0504,7
0.919,0.7120000000000001,199560,0.329,0,0.0,5,0.718,-10.081,0,0,0.868,132.592,0.489,10
0.993,0.5760000000000001,165787,0.203,0,0.0,5,0.172,-9.26,0,0,0.0919,106.677,0.7,7
0.0304,0.5770000000000001,224187,0.906,0,0.0,8,0.189,-3.673,1,63,0.0583,152.946,0.6920000000000001,2
0.0193,0.35,282514,0.414,0,3.76e-05,3,0.161,-10.09,0,26,0.0442,105.447,0.484,5
0.127,0.526,317733,0.337,0,0.0,5,0.136,-13.565,1,54,0.0291,84.103,0.303,5
0.0738,0.504,210840,0.785,0,0.0,8,0.239,-4.802,1,74,0.104,173.968,0.502,1
0.0424,0.629,244360,0.69,0,0.0,7,0.363,-4.894,1,57,0.0357,102.036,0.307,1
0.938,0.284,180307,0.11,0,0.14,0,0.112,-14.848,1,14,0.0352,63.392,0.145,6
0.541,0.627,297133,0.277,0,6.94e-06,9,0.197,-12.145,1,44,0.0322,126.985,0.337,4
0.141,0.813,258893,0.463,0,0.596,9,0.118,-7.772,0,24,0.0315,103.699,0.603,4
0.995,0.8029999999999999,183000,0.127,0,0.695,2,0.111,-16.14,1,0,0.192,117.972,0.7759999999999999,9
0.0418,0.8640000000000001,242267,0.764,0,0.000111,2,0.34600000000000003,-6.784,1,35,0.147,75.625,0.77,4
0.8740000000000001,0.381,148979,0.389,0,3.42e-06,3,0.488,-9.229,1,48,0.0421,176.731,0.951,4
0.103,0.536,195013,0.7959999999999999,0,0.0,10,0.177,-6.32,1,53,0.0333,95.98,0.397,2
0.991,0.667,206034,0.193,0,0.933,3,0.132,-16.468,1,3,0.097,71.518,0.7929999999999999,7
0.298,0.556,257653,0.453,0,0.0,10,0.084,-5.167000000000002,1,40,0.0268,115.918,0.135,2
0.136,0.528,160827,0.8270000000000001,0,0.0,7,0.305,-5.9689999999999985,1,31,0.0295,82.13,0.935,6
0.878,0.723,214227,0.206,0,0.000763,0,0.0966,-16.78,1,46,0.0318,99.561,0.298,5
0.0409,0.5760000000000001,149387,0.331,0,0.00481,9,0.0902,-10.528,1,23,0.0284,95.667,0.667,6
0.988,0.232,169240,0.0928,0,0.871,7,0.0732,-23.182,1,50,0.0443,76.735,0.0373,4
0.404,0.696,169869,0.574,1,0.0,3,0.0954,-6.899,0,70,0.0949,93.033,0.434,1
0.469,0.625,256042,0.428,0,0.0799,0,0.0892,-11.294,0,49,0.0411,149.908,0.289,1
0.00647,0.418,193973,0.722,0,0.0,0,0.156,-15.088,1,35,0.0686,161.451,0.542,4
0.81,0.482,193373,0.355,0,4.24e-05,9,0.129,-11.239,1,18,0.0455,79.898,0.145,7
0.897,0.409,135373,0.126,0,0.00127,3,0.118,-18.198,1,40,0.0317,91.496,0.26,5
0.29,0.619,280307,0.7090000000000001,0,0.0347,7,0.0456,-8.785,1,36,0.0401,92.364,0.5589999999999999,3
0.171,0.519,431040,0.326,0,0.00031600000000000004,9,0.0924,-14.843,1,39,0.042,73.969,0.327,5
0.518,0.68,187353,0.633,0,0.0,6,0.103,-6.8610000000000015,0,76,0.0317,109.743,0.7070000000000001,1
0.329,0.5479999999999999,290640,0.968,0,0.172,9,0.0759,-7.0379999999999985,0,45,0.0778,174.593,0.7859999999999999,4
0.1,0.826,147800,0.478,0,0.8809999999999999,11,0.0772,-14.113,0,23,0.321,96.052,0.5710000000000001,5
0.0141,0.84,336027,0.884,0,0.000451,1,0.037000000000000005,-6.837999999999999,1,39,0.0642,124.393,0.654,3
0.995,0.5539999999999999,175947,0.22,0,0.865,9,0.236,-17.953,1,0,0.0459,119.55,0.62,8
0.862,0.376,168093,0.246,0,0.0,10,0.155,-9.803,1,59,0.0286,80.167,0.282,6
0.00952,0.772,207827,0.5489999999999999,0,0.0313,0,0.112,-8.525,1,31,0.0417,96.192,0.961,5
0.0459,0.364,206867,0.525,0,3.04e-05,7,0.131,-8.405,1,45,0.0297,104.1,0.256,2
0.996,0.407,152933,0.0179,0,0.918,0,0.108,-25.32800000000001,1,7,0.0427,90.981,0.132,8
0.987,0.284,301227,0.273,0,0.233,10,0.0817,-11.272,1,0,0.0334,96.581,0.261,7
0.8759999999999999,0.556,125080,0.324,0,0.9,9,0.113,-12.681,1,4,0.0568,140.99,0.7340000000000001,7
0.00604,0.688,277267,0.8440000000000001,0,0.0472,4,0.131,-12.952,0,30,0.068,158.901,0.847,4
0.996,0.407,152933,0.0179,0,0.918,0,0.108,-25.32800000000001,1,1,0.0427,90.981,0.132,8
0.28,0.745,249533,0.858,1,0.0,9,0.188,-2.221,1,57,0.237,89.98299999999998,0.547,2
0.0655,0.618,206279,0.795,0,0.0,2,0.309,-1.8,1,77,0.113,185.901,0.76,1
