0.0607,0.531,226293,0.665,1,0.0,8,0.131,-6.6720000000000015,0,60,0.28600000000000003,73.726,0.8,1
0.245,0.6729999999999999,303080,0.823,0,3.8e-05,0,0.121,-7.392,0,46,0.0805,99.909,0.7170000000000001,5
0.02,0.8009999999999999,349000,0.537,0,3.71e-05,11,0.111,-10.595,1,46,0.46,89.064,0.433,2
0.22,0.504,255493,0.413,0,0.0,0,0.361,-8.158,1,22,0.0295,79.896,0.0905,4
0.00012,0.652,207493,0.7070000000000001,0,2.64e-06,4,0.485,-4.552,1,55,0.0297,121.998,0.655,2
0.184,0.6759999999999999,142636,0.504,0,0.0,2,0.0957,-9.504,0,64,0.0718,110.028,0.119,0
0.464,0.565,130707,0.318,0,4.55e-06,2,0.261,-13.099,1,20,0.0389,86.21700000000001,0.7290000000000001,6
0.00293,0.486,313573,0.9,0,0.00973,7,0.238,-6.2120000000000015,1,44,0.095,121.572,0.302,4
0.7909999999999999,0.715,262440,0.17,0,1.19e-06,4,0.368,-19.312,1,0,0.952,112.652,0.514,9
0.476,0.402,255234,0.645,0,0.0131,7,0.0975,-8.232000000000001,0,25,0.0448,200.193,0.893,5
0.0193,0.425,136373,0.473,0,0.8270000000000001,1,0.738,-10.755,1,43,0.0316,114.226,0.823,6
0.966,0.616,198867,0.245,0,0.145,5,0.0901,-10.084,1,33,0.0417,129.031,0.5720000000000001,7
7.67e-06,0.411,287773,0.965,0,0.0466,11,0.191,-6.272,1,35,0.11,111.314,0.201,3
0.175,0.505,147280,0.941,0,2.19e-06,9,0.0846,-3.974,0,27,0.0529,128.632,0.7909999999999999,6
0.647,0.35600000000000004,288093,0.545,0,0.0,4,0.485,-6.334,1,48,0.0484,153.496,0.55,5
0.262,0.779,218000,0.51,1,0.0,8,0.0865,-3.629,0,56,0.252,90.025,0.591,2
0.215,0.315,180347,0.597,0,0.000466,2,0.18,-10.207,1,23,0.0312,152.235,0.519,5
0.00811,0.232,270067,0.88,0,0.7609999999999999,2,0.546,-8.777000000000001,1,40,0.0742,99.854,0.25,3
0.000927,0.621,209264,0.746,0,0.00108,6,0.102,-5.69,0,68,0.03,107.953,0.334,1
0.966,0.282,469000,0.107,0,0.0144,0,0.141,-21.297,1,0,0.0501,132.71,0.0875,7
0.782,0.6629999999999999,178067,0.468,0,0.0,11,0.113,-10.675999999999998,1,16,0.0381,136.938,0.857,6
0.387,0.215,280600,0.6990000000000001,0,0.0122,4,0.974,-9.236,0,44,0.12,135.639,0.147,2
0.6729999999999999,0.635,207853,0.32,0,2.97e-05,9,0.175,-14.083,0,26,0.0674,83.87100000000002,0.359,5
0.0533,0.596,191373,0.584,0,0.000239,1,0.0742,-14.226,1,32,0.0347,78.83,0.893,4
0.035,0.561,316773,0.967,0,0.0,9,0.0849,-4.566,1,42,0.0325,118.656,0.846,3
0.836,0.501,174600,0.181,0,0.00273,5,0.104,-12.761,1,18,0.0386,83.29299999999998,0.371,6
0.971,0.856,172106,0.474,0,0.0183,7,0.245,-10.549,0,0,0.0595,128.244,0.933,10
0.785,0.386,161344,0.555,0,0.0,10,0.0581,-7.64,1,50,0.0897,196.419,0.865,2
0.994,0.8170000000000001,190000,0.115,0,0.484,2,0.0972,-13.704,1,0,0.155,122.748,0.591,10
0.607,0.531,117133,0.745,0,1.62e-06,3,0.648,-5.754,1,6,0.0356,104.184,0.865,6
0.825,0.693,140413,0.443,0,0.0,0,0.162,-10.114,1,41,0.0559,120.127,0.95,3
0.989,0.657,189840,0.41,0,0.795,1,0.16699999999999998,-12.792,0,0,0.0373,88.01,0.904,8
0.8490000000000001,0.606,179696,0.38,0,0.00101,10,0.341,-10.594,0,0,0.136,149.377,0.6970000000000001,8
0.6759999999999999,0.453,195093,0.375,0,0.0011,1,0.461,-14.025,1,33,0.0451,85.786,0.541,5
0.99,0.363,214805,0.254,0,0.623,5,0.138,-16.308,0,0,0.0729,89.43,0.307,8
0.5770000000000001,0.605,593893,0.235,0,0.0,1,0.745,-19.826,1,21,0.0735,96.269,0.7559999999999999,5
0.892,0.306,204440,0.254,0,0.00115,8,0.217,-11.397,1,41,0.0284,84.37,0.262,7
0.934,0.334,312200,0.263,0,0.688,9,0.848,-16.135,1,11,0.0483,106.389,0.192,7
0.981,0.325,126667,0.131,0,0.139,9,0.0834,-17.801,1,0,0.0309,81.727,0.233,7
0.99,0.392,184000,0.155,0,0.895,9,0.121,-18.045,0,9,0.0518,71.808,0.106,6
0.0531,0.634,237320,0.838,0,8.34e-06,2,0.0522,-5.363,1,69,0.0413,95.011,0.541,4
7.41e-06,0.475,229187,0.91,0,0.8140000000000001,6,0.16,-8.047,1,32,0.0686,146.744,0.583,3
0.0159,0.738,228280,0.818,1,1.91e-05,1,0.235,-4.973,1,55,0.0392,150.032,0.489,1
0.00376,0.495,169333,0.85,0,0.0,2,0.111,-4.086,1,48,0.0504,87.014,0.605,1
0.000148,0.157,168303,0.000533,0,0.988,2,0.358,-15.36,1,67,0.109,129.597,0.0232,1
0.381,0.453,224533,0.383,0,2.97e-06,1,0.0884,-11.296,1,29,0.0372,123.964,0.253,5
0.775,0.333,386573,0.252,0,0.725,7,0.112,-21.89,1,33,0.047,114.505,0.344,7
0.8759999999999999,0.478,163720,0.078,0,0.0703,5,0.102,-16.979,1,30,0.0353,120.754,0.105,5
0.223,0.7290000000000001,217130,0.726,0,0.0,5,0.101,-3.208,1,79,0.0422,92.025,0.8759999999999999,1
0.987,0.389,431040,0.259,0,0.882,0,0.0623,-12.939,1,0,0.0397,117.625,0.139,8
0.726,0.267,47667,0.16399999999999998,0,0.00716,2,0.084,-26.916,0,28,0.0443,88.68299999999998,0.189,4
0.000125,0.331,230480,0.949,0,0.00916,2,0.217,-4.397,1,40,0.194,189.894,0.377,5
0.413,0.391,258467,0.7559999999999999,0,0.0418,7,0.879,-11.317,1,60,0.0648,131.648,0.8390000000000001,6
0.979,0.584,89267,0.175,0,0.0,2,0.746,-19.122,1,8,0.752,117.984,0.393,8
0.129,0.605,395333,0.908,0,0.0148,9,0.0464,-7.484,0,49,0.0466,148.96200000000005,0.507,4
0.618,0.713,98700,0.311,1,0.0,0,0.153,-17.09,1,0,0.898,83.8,0.386,7
0.935,0.747,159493,0.166,0,4.49e-05,7,0.126,-13.576,0,10,0.0426,115.685,0.601,7
0.263,0.537,231724,0.5579999999999999,0,0.91,11,0.102,-8.677999999999999,1,74,0.0929,131.037,0.505,1
0.328,0.625,200227,0.47,0,4.95e-06,0,0.18,-10.98,1,23,0.0292,105.386,0.701,6
0.335,0.3670000000000001,247973,0.353,0,0.0,11,0.1,-11.786,1,60,0.0288,74.10300000000002,0.282,3
0.0552,0.83,289760,0.655,0,1.09e-06,7,0.0567,-7.072,1,42,0.0544,134.869,0.653,3
0.16699999999999998,0.6920000000000001,190041,0.374,0,0.238,0,0.0602,-15.754,1,0,0.0326,94.896,0.76,8
0.713,0.517,147577,0.361,0,0.0,3,0.254,-9.737,1,15,0.0547,122.846,0.515,7
0.922,0.565,181000,0.448,0,0.0434,7,0.107,-11.397,0,2,0.0554,85.618,0.753,10
0.12,0.586,243173,0.6409999999999999,0,0.0,1,0.168,-8.342,0,46,0.0634,120.015,0.402,1
0.225,0.6990000000000001,231507,0.627,0,0.344,7,0.0466,-10.027,1,40,0.0269,134.906,0.847,6
0.00169,0.68,310667,0.83,1,0.0,5,0.382,-3.922,0,59,0.0897,102.91,0.638,1
0.727,0.47,275387,0.281,0,8.57e-05,7,0.209,-12.412,1,0,0.0464,133.674,0.679,9
0.6890000000000001,0.665,156160,0.579,0,0.0,4,0.116,-13.691,1,34,0.0956,121.869,0.537,6
0.523,0.777,143640,0.362,0,0.0,7,0.0674,-10.101,1,40,0.0536,140.27,0.95,3
0.00155,0.654,299333,0.866,0,5.38e-06,6,0.0928,-4.332,0,44,0.28600000000000003,87.525,0.669,1
0.0204,0.802,166760,0.981,0,3.55e-06,7,0.256,-2.708,1,51,0.0658,127.974,0.804,1
0.0142,0.508,166987,0.715,0,0.00704,3,0.349,-6.7,1,15,0.0345,112.8,0.779,6
0.989,0.136,234680,0.4270000000000001,0,0.862,11,0.0887,-9.117,1,0,0.0434,168.24599999999995,0.111,7
0.0144,0.718,291600,0.654,0,0.324,7,0.18,-12.515999999999998,1,39,0.0605,120.059,0.696,4
0.614,0.478,581067,0.32299999999999995,0,0.00898,7,0.7959999999999999,-9.159,1,54,0.0341,115.804,0.293,2
0.373,0.654,194827,0.378,1,1.07e-05,5,0.0971,-8.107999999999999,0,65,0.0322,72.976,0.4370000000000001,1
0.0043,0.623,173798,0.58,1,0.0,8,0.394,-7.0760000000000005,1,61,0.332,163.159,0.301,1
0.545,0.7170000000000001,288556,0.179,0,1.18e-05,5,0.0446,-23.029,0,37,0.0736,163.02200000000005,0.959,5
0.297,0.375,173160,0.443,0,0.0,9,0.247,-10.707,1,37,0.0409,164.929,0.389,5
0.302,0.71,250640,0.695,0,3.76e-05,11,0.209,-5.796,0,32,0.0351,95.081,0.873,5
0.115,0.522,207427,0.725,0,0.0306,9,0.109,-5.86,1,34,0.0283,125.317,0.7140000000000001,4
0.882,0.429,293973,0.093,0,0.00703,3,0.111,-15.944,1,61,0.0433,129.661,0.208,1
0.0548,0.4,128147,0.603,0,0.911,5,0.0681,-10.393,0,26,0.0354,112.363,0.901,5
0.449,0.475,198667,0.314,0,0.00061,5,0.108,-14.053,1,41,0.0279,148.55100000000004,0.404,4
0.605,0.338,383587,0.62,0,1.04e-06,6,0.983,-7.925,0,44,0.0428,64.763,0.264,2
0.0225,0.277,329147,0.882,0,0.134,11,0.0861,-7.105,0,36,0.0556,141.766,0.08900000000000001,3
0.967,0.242,242493,0.0946,0,0.954,3,0.116,-23.422,0,35,0.0331,94.848,0.0527,5
0.855,0.583,179107,0.44,0,0.265,10,0.0921,-9.57,1,11,0.0346,144.15200000000004,0.392,6
0.0107,0.716,325813,0.465,0,0.000667,2,0.099,-15.205,0,52,0.0307,112.087,0.877,5
0.386,0.278,242013,0.662,0,1.14e-05,9,0.134,-6.075,1,53,0.0295,181.683,0.274,1
0.847,0.438,208920,0.172,0,0.213,9,0.309,-21.575,1,46,0.0389,114.476,0.581,2
0.341,0.7559999999999999,159813,0.517,0,2.68e-05,0,0.103,-8.122,1,69,0.0996,110.064,0.267,1
0.5720000000000001,0.334,188040,0.312,0,2.7600000000000014e-05,7,0.0749,-16.304000000000002,1,29,0.0454,205.687,0.29600000000000004,6
0.0787,0.5489999999999999,248867,0.7440000000000001,0,0.04,0,0.0892,-11.395,1,34,0.0758,202.461,0.823,4
0.328,0.6459999999999999,169738,0.679,0,0.0,11,0.0715,-5.625,0,48,0.0337,105.611,0.6859999999999999,1
0.192,0.595,240053,0.8190000000000001,1,0.0,0,0.0588,-6.186,0,55,0.14300000000000002,179.9,0.498,2
0.988,0.649,158013,0.345,0,0.0713,3,0.133,-8.686,1,0,0.0492,123.689,0.62,9
0.327,0.465,236573,0.84,0,0.00113,2,0.222,-6.608,1,33,0.0489,129.436,0.579,5
0.17600000000000002,0.503,249995,0.438,0,0.00278,1,0.12,-11.448,1,35,0.026,166.204,0.561,4
2.46e-05,0.259,233587,0.924,0,0.00563,8,0.272,-5.689,0,32,0.0771,154.016,0.501,4
0.865,0.253,497280,0.302,0,0.6859999999999999,1,0.0837,-17.192999999999998,1,41,0.0395,109.125,0.0879,4
0.00476,0.57,239711,0.797,0,0.008329999999999999,6,0.11,-2.954,1,63,0.0608,149.925,0.212,1
0.062,0.627,247867,0.897,1,0.0,0,0.389,-6.234,1,38,0.217,89.961,0.525,2
0.991,0.652,170043,0.268,0,0.00798,4,0.5529999999999999,-8.012,1,0,0.647,147.975,0.685,8
0.5379999999999999,0.6759999999999999,186733,0.511,0,0.0,0,0.0574,-8.522,1,33,0.0396,148.565,0.964,6
0.795,0.7440000000000001,182627,0.524,0,0.0,4,0.521,-12.009,0,47,0.103,137.566,0.7709999999999999,2
0.101,0.6779999999999999,241867,0.575,0,9.38e-06,1,0.116,-7.086,1,63,0.123,100.007,0.3670000000000001,1
0.875,0.669,272067,0.35200000000000004,0,0.0,9,0.331,-14.453,1,9,0.451,124.253,0.593,7
0.7659999999999999,0.241,528000,0.311,0,0.845,4,0.627,-15.515999999999998,0,0,0.0518,86.404,0.217,7
0.982,0.47,286160,0.0653,0,0.0516,0,0.0804,-17.430999999999994,1,16,0.0611,72.54,0.267,9
0.916,0.477,171625,0.35100000000000003,0,0.105,2,0.146,-10.954,1,0,0.0375,98.682,0.628,9
0.752,0.542,159773,0.574,0,0.0,0,0.415,-8.431000000000001,1,21,0.0539,119.95,0.594,6
0.229,0.599,276387,0.6729999999999999,1,3.77e-05,1,0.066,-8.363,1,53,0.5660000000000001,148.04399999999995,0.262,1
0.387,0.468,249747,0.628,0,0.951,5,0.117,-7.972,1,0,0.0299,134.018,0.632,9
0.967,0.438,222453,0.269,0,0.00027,1,0.17,-10.045,1,10,0.0292,105.893,0.414,7
0.937,0.34600000000000003,202014,0.263,0,0.0014,8,0.24,-12.42,0,0,0.0495,139.464,0.7020000000000001,7
0.0306,0.521,190440,0.525,0,2.2e-05,10,0.145,-9.581,1,58,0.0463,150.392,0.495,5
0.599,0.35100000000000003,355160,0.523,0,0.0,3,0.545,-10.71,1,46,0.0718,82.116,0.338,3
0.262,0.809,224043,0.638,1,0.0,8,0.453,-5.646,0,54,0.28,94.893,0.608,1
0.185,0.584,309987,0.204,0,0.644,7,0.545,-18.617,1,27,0.0345,94.778,0.329,5
0.133,0.93,256600,0.464,0,8.23e-06,9,0.0571,-8.67,1,46,0.293,123.942,0.736,4
0.00852,0.5,229093,0.825,0,0.0,7,0.13,-4.759,1,44,0.0774,161.925,0.598,2
0.99,0.624,175027,0.0735,0,0.935,11,0.124,-23.154,0,4,0.0338,113.713,0.333,7
0.039,0.485,184920,0.701,0,0.0,8,0.0977,-3.807,1,65,0.0288,151.94799999999995,0.613,1
0.0495,0.535,343867,0.503,0,0.267,2,0.341,-8.595,0,55,0.0354,112.97,0.333,4
0.0774,0.493,232661,0.542,1,0.0,9,0.239,-8.016,1,55,0.076,109.399,0.172,1
0.422,0.506,170853,0.562,0,0.000122,7,0.218,-8.181000000000001,1,29,0.0299,113.464,0.565,5
0.937,0.511,220093,0.93,1,3.02e-06,2,0.949,-9.501,1,41,0.95,132.05,0.209,2
0.918,0.622,196400,0.421,0,0.0,6,0.6459999999999999,-11.637,1,0,0.923,79.983,0.546,10
0.399,0.715,127578,0.6659999999999999,0,0.0,7,0.0844,-6.914,1,65,0.322,137.906,0.384,1
0.917,0.778,209133,0.101,0,0.00199,0,0.147,-20.193,1,37,0.0548,115.347,0.67,10
0.893,0.4970000000000001,207827,0.518,0,0.0,1,0.713,-21.175,0,9,0.95,94.198,0.145,6
0.00426,0.564,301093,0.7859999999999999,0,3.54e-05,2,0.0782,-4.823,1,36,0.0374,105.323,0.299,2
0.472,0.5579999999999999,195419,0.831,0,0.0236,11,0.123,-11.177,1,26,0.0434,178.37599999999995,0.961,5
0.8029999999999999,0.584,75240,0.174,0,0.000597,1,0.241,-18.744,0,24,0.0555,126.32,0.314,5
0.8009999999999999,0.607,158960,0.163,0,0.0,2,0.292,-12.389,1,35,0.0522,127.365,0.606,3
0.00116,0.359,230427,0.955,0,0.0,4,0.349,-2.323,0,66,0.12,170.033,0.446,2
0.0566,0.6459999999999999,204160,0.479,0,0.0,8,0.0517,-9.823,1,55,0.0265,137.703,0.674,3
0.845,0.634,303267,0.501,0,0.000904,7,0.158,-10.038,1,33,0.0682,171.063,0.6659999999999999,4
0.6829999999999999,0.552,239533,0.26,0,1.52e-06,0,0.0911,-13.123,1,21,0.0654,92.151,0.518,6
0.0123,0.523,137840,0.51,0,8.379999999999999e-05,7,0.108,-9.827,0,54,0.0514,120.432,0.789,6
0.0683,0.453,363307,0.401,0,0.0381,9,0.209,-11.533,0,28,0.0405,104.831,0.477,6
0.498,0.5589999999999999,136293,0.433,0,5.15e-05,9,0.332,-11.435,1,13,0.0279,135.484,0.595,7
0.995,0.659,187538,0.172,0,0.0191,9,0.112,-9.528,1,0,0.26,86.943,0.774,8
0.00469,0.284,646640,0.833,0,0.0695,6,0.138,-8.699,0,36,0.08199999999999999,106.648,0.317,3
0.00125,0.519,241240,0.919,0,1.26e-05,7,0.318,-8.243,1,34,0.0586,146.286,0.59,4
0.149,0.773,227648,0.625,1,0.0,1,0.0619,-7.029,0,58,0.17600000000000002,82.00399999999998,0.6759999999999999,1
0.993,0.36,181080,0.339,0,0.905,7,0.229,-16.633,0,0,0.0822,70.919,0.644,9
0.568,0.342,257147,0.455,0,1.58e-06,9,0.0984,-6.7429999999999986,1,46,0.0457,171.96900000000005,0.117,3
0.295,0.782,183573,0.66,0,0.0,7,0.199,-5.629,1,55,0.0267,107.484,0.765,1
0.939,0.418,194400,0.225,0,0.0,8,0.138,-11.651,1,10,0.0587,168.34900000000005,0.326,8
0.989,0.23,275973,0.217,0,0.892,10,0.0844,-13.464,1,54,0.0386,157.084,0.156,1
0.954,0.457,275600,0.0854,0,9.32e-05,1,0.115,-17.41,1,16,0.0339,66.314,0.149,7
0.768,0.618,99600,0.126,1,0.0,0,0.394,-22.195,1,0,0.968,184.759,0.484,8
0.00997,0.7070000000000001,195347,0.848,0,0.0,2,0.0994,-4.489,1,36,0.0481,111.984,0.8640000000000001,3
0.8390000000000001,0.535,435947,0.318,0,0.006409999999999999,0,0.103,-20.284,1,42,0.0401,105.038,0.381,3
0.913,0.435,197693,0.2,0,7.76e-06,5,0.201,-11.838,1,42,0.0257,82.88799999999998,0.172,2
0.0195,0.426,218893,0.94,0,0.00012,2,0.317,-8.998,1,39,0.106,166.06099999999995,0.336,4
0.3670000000000001,0.362,266933,0.505,0,6.46e-06,4,0.154,-7.207999999999997,1,43,0.0287,174.06599999999997,0.192,3
0.517,0.748,159053,0.451,0,0.00315,4,0.0766,-10.601,1,31,0.0574,109.672,0.7,5
0.00702,0.889,207333,0.8370000000000001,1,0.0,7,0.0774,-5.04,1,48,0.173,75.188,0.944,2
0.0542,0.464,159227,0.287,0,0.0,9,0.0599,-12.879,1,32,0.0238,88.365,0.316,3
0.94,0.35700000000000004,197320,0.201,0,3.73e-05,2,0.229,-12.628,1,0,0.0527,87.726,0.316,9
0.000185,0.906,274947,0.624,0,6.21e-06,4,0.0608,-5.556,1,51,0.179,84.009,0.775,2
0.848,0.528,173867,0.153,0,4.09e-05,10,0.135,-16.398,1,47,0.0497,119.674,0.35700000000000004,6
0.986,0.325,281960,0.227,0,0.448,11,0.116,-15.443,0,2,0.0352,131.702,0.459,9
0.92,0.713,142267,0.184,0,0.0,9,0.27,-12.304,1,17,0.0376,126.544,0.6629999999999999,7
0.411,0.826,215960,0.522,0,0.00475,0,0.0843,-6.721,1,39,0.0413,113.28,0.763,2
0.701,0.672,125500,0.158,0,0.0,7,0.376,-24.475,1,0,0.879,85.59,0.401,7
0.989,0.648,177147,0.045,0,0.8959999999999999,6,0.115,-24.04300000000001,0,4,0.0468,116.102,0.536,7
0.551,0.74,175853,0.322,0,0.000763,0,0.17,-9.26,1,62,0.0399,102.889,0.629,6
0.809,0.695,164960,0.28300000000000003,0,3.12e-06,1,0.0822,-9.514,1,18,0.0368,109.58,0.5720000000000001,7
0.157,0.235,304027,0.621,0,0.000188,2,0.1,-9.493,0,32,0.0377,80.234,0.362,4
0.763,0.5,195000,0.173,0,0.0,8,0.135,-11.366,1,17,0.0789,180.423,0.563,6
0.0561,0.594,205413,0.546,0,0.0,3,0.083,-8.352,1,46,0.0285,145.07399999999996,0.458,2
0.992,0.364,173907,0.4,0,0.0699,5,0.39,-10.565,1,0,0.0367,113.115,0.58,9
0.989,0.41,308400,0.12,0,0.925,2,0.121,-22.071,1,40,0.0399,128.436,0.34700000000000003,6
0.0159,0.6759999999999999,253333,0.336,0,0.0,2,0.069,-15.134,1,24,0.031,117.707,0.657,4
0.00012,0.6559999999999999,187606,0.799,1,0.0,1,0.638,-4.37,1,14,0.0312,141.995,0.171,7
0.599,0.398,199400,0.423,0,0.00144,11,0.594,-13.025,1,22,0.0959,161.619,0.508,5
0.906,0.529,244627,0.134,0,0.121,7,0.6940000000000001,-26.821,1,26,0.0869,133.614,0.474,6
0.488,0.7340000000000001,264560,0.626,0,0.0,7,0.109,-7.6720000000000015,0,32,0.0357,95.328,0.875,4
0.215,0.7140000000000001,117000,0.261,1,0.0,1,0.34600000000000003,-16.258,1,0,0.95,111.181,0.42,10
0.0423,0.757,202813,0.652,0,1.53e-06,9,0.155,-7.822999999999999,1,42,0.0333,128.375,0.7120000000000001,4
0.8140000000000001,0.219,121560,0.199,0,0.0,10,0.354,-12.59,1,0,0.0345,94.494,0.34700000000000003,9
0.971,0.608,200707,0.636,0,1.39e-05,9,0.157,-1.922,1,2,0.221,185.96400000000003,0.961,9
0.7040000000000001,0.731,181123,0.812,0,0.0,2,0.0604,-7.876,1,0,0.0913,111.152,0.964,8
0.000184,0.649,283960,0.8059999999999999,0,0.556,1,0.084,-8.111,0,32,0.0398,119.4,0.457,5
0.278,0.5,167507,0.6759999999999999,0,0.00168,11,0.204,-8.324,0,54,0.0336,121.947,0.529,2
0.0253,0.7190000000000001,126900,0.349,1,0.0,10,0.17600000000000002,-18.701,0,0,0.945,70.634,0.626,10
0.972,0.204,167467,0.161,0,8.99e-05,8,0.121,-15.191,1,38,0.0336,82.009,0.316,3
0.0558,0.758,214246,0.932,1,0.0,3,0.097,-2.809,1,70,0.0372,125.993,0.5920000000000001,1
0.0528,0.82,260613,0.653,0,3.5000000000000016e-06,0,0.0997,-8.251,1,62,0.0287,129.03,0.892,2
0.0469,0.294,289627,0.7909999999999999,0,0.0,2,0.13,-8.713,1,36,0.0317,105.704,0.406,3
0.961,0.398,241640,0.151,0,0.0443,4,0.0923,-14.402,1,60,0.0342,107.068,0.0749,1
0.917,0.53,137733,0.276,0,0.0,10,0.107,-11.669,1,7,0.0475,72.843,0.753,7
0.461,0.473,184853,0.442,0,2.74e-06,7,0.12,-9.339,1,0,0.0559,200.436,0.606,8
0.989,0.552,99593,0.0277,0,0.119,7,0.0648,-23.995,1,0,0.0919,88.741,0.253,9
0.828,0.141,245240,0.299,0,0.879,2,0.339,-12.623,0,15,0.04,74.916,0.131,8
0.773,0.377,173227,0.325,0,0.0,0,0.217,-8.543,1,44,0.0317,82.057,0.635,7
0.695,0.244,203267,0.233,0,0.00059,9,0.282,-16.583,0,52,0.0413,78.08800000000002,0.262,7
0.986,0.355,98103,0.253,0,0.0108,10,0.6679999999999999,-15.288,1,0,0.0349,93.938,0.451,8
0.34600000000000003,0.336,271893,0.444,0,0.0,2,0.158,-11.534,1,35,0.0279,164.84599999999998,0.598,5
0.00995,0.387,621200,0.35700000000000004,0,0.0213,0,0.129,-11.076,0,40,0.028,130.732,0.262,5
0.097,0.5720000000000001,322456,0.354,0,5.97e-06,2,0.173,-16.249000000000002,0,48,0.0309,120.005,0.514,3
0.203,0.726,269360,0.542,0,0.0046700000000000005,11,0.0717,-14.204,1,29,0.0289,109.086,0.755,4
0.7659999999999999,0.56,191573,0.21600000000000005,0,7.879999999999999e-05,2,0.181,-17.987000000000005,1,30,0.0326,85.773,0.281,5
0.87,0.0736,230653,0.0992,0,0.917,5,0.206,-17.863,0,54,0.0456,80.369,0.0291,2
0.00176,0.465,215840,0.9,0,0.0108,8,0.111,-5.721,1,38,0.0489,148.109,0.509,2
0.72,0.774,210467,0.244,0,0.915,9,0.379,-9.748,0,62,0.0299,103.464,0.421,2
0.00203,0.604,249760,0.804,0,0.0102,9,0.8320000000000001,-9.001,1,26,0.0395,129.893,0.425,4
0.327,0.8190000000000001,304453,0.55,1,0.0,1,0.0949,-4.793,0,39,0.228,87.50399999999998,0.345,2
0.698,0.569,282173,0.622,0,0.0956,9,0.16,-7.556,0,27,0.0334,107.54,0.75,5
0.995,0.0911,292600,0.0157,0,0.78,7,0.322,-24.144,1,41,0.043,69.39399999999999,0.0676,3
0.6729999999999999,0.506,229040,0.485,0,0.0,2,0.152,-12.083,1,62,0.04,207.081,0.957,4
0.647,0.336,447492,0.521,0,0.0,6,0.7090000000000001,-7.182,1,61,0.0353,134.82399999999998,0.139,2
0.988,0.473,185747,0.0887,0,0.0,0,0.118,-13.93,1,27,0.0418,78.675,0.28800000000000003,10
0.237,0.703,180675,0.653,0,0.0,11,0.199,-6.226,0,70,0.079,140.04399999999998,0.414,0
0.00495,0.368,274053,0.972,1,4.06e-05,2,0.131,-6.023,1,48,0.24,152.082,0.27,3
0.991,0.406,189907,0.226,0,0.882,8,0.245,-22.866,1,44,0.0477,116.267,0.937,2
0.0691,0.74,164935,0.7609999999999999,1,0.0,0,0.142,-4.753,0,64,0.0851,146.144,0.453,1
0.89,0.654,149960,0.0852,0,0.892,9,0.247,-20.452,1,38,0.0456,80.085,0.386,6
0.36,0.48,158960,0.269,0,0.108,0,0.243,-19.7,1,21,0.0306,84.44,0.289,5
0.233,0.342,104507,0.687,0,0.861,2,0.147,-12.607,1,28,0.0525,117.581,0.336,6
0.0608,0.401,293373,0.956,0,0.000712,7,0.122,-6.009,1,34,0.0635,125.829,0.5329999999999999,3
0.96,0.3670000000000001,149187,0.042,0,0.843,0,0.106,-26.443,1,13,0.0638,159.453,0.117,6
0.901,0.258,700840,0.161,0,0.914,4,0.101,-16.587,1,0,0.0395,142.02200000000005,0.0824,8
0.774,0.7859999999999999,126227,0.419,0,0.0,8,0.0808,-8.443,1,26,0.0313,80.515,0.921,6
0.991,0.4,395960,0.241,0,0.901,1,0.0923,-15.06,1,0,0.0367,104.474,0.131,10
0.0166,0.293,439693,0.762,0,0.0563,11,0.978,-8.34,1,39,0.0918,166.16400000000004,0.459,2
0.555,0.472,193560,0.877,0,0.0,2,0.194,-4.9289999999999985,1,35,0.0625,157.523,0.654,3
0.768,0.271,480213,0.301,0,0.0046700000000000005,7,0.157,-14.246,1,0,0.0394,115.792,0.302,7
0.00336,0.893,212230,0.649,0,0.000241,10,0.255,-10.202,1,36,0.0684,135.204,0.904,3
0.866,0.25,165400,0.264,0,0.017,10,0.443,-12.494000000000002,1,0,0.0311,93.661,0.261,7
0.879,0.287,201973,0.187,0,0.772,3,0.141,-15.913,1,35,0.0401,78.471,0.147,3
0.917,0.457,201067,0.478,0,0.0257,7,0.344,-8.151,1,0,0.0366,111.147,0.604,8
0.00872,0.8320000000000001,217907,0.7559999999999999,0,0.195,1,0.0693,-6.3320000000000025,1,42,0.0533,120.168,0.799,2
0.00172,0.5710000000000001,461307,0.601,0,0.7659999999999999,5,0.247,-11.773,0,33,0.0345,129.075,0.142,4
0.935,0.7120000000000001,132293,0.27,0,0.0,7,0.0582,-4.382,0,54,0.0541,120.416,0.728,1
0.0785,0.612,350862,0.696,0,9.4e-06,11,0.14,-11.34,1,57,0.0353,159.829,0.8490000000000001,4
0.606,0.532,225160,0.501,0,0.0,5,0.0497,-9.326,0,13,0.045,121.37,0.511,6
0.101,0.669,302333,0.777,0,0.000655,9,0.0916,-7.354,1,39,0.0315,119.455,0.887,4
0.777,0.45,133027,0.49,0,3.09e-06,10,0.0466,-8.554,1,18,0.0545,198.564,0.649,6
0.996,0.466,188056,0.205,0,0.5710000000000001,9,0.199,-12.193,1,0,0.0503,128.62,0.456,9
0.232,0.524,269373,0.542,0,3.13e-05,8,0.327,-7.516,1,56,0.0513,119.979,0.362,1
0.835,0.662,294400,0.313,0,0.0,1,0.189,-13.743,1,22,0.333,116.428,0.443,6
0.9,0.512,171625,0.672,0,0.0,1,0.484,-9.664,1,0,0.116,98.887,0.93,8
0.0287,0.736,265093,0.75,0,0.19,11,0.0518,-11.273,0,50,0.106,90.751,0.883,5
0.899,0.401,323267,0.234,0,0.000166,4,0.128,-16.772000000000002,1,2,0.0413,89.476,0.516,8
0.935,0.461,160000,0.157,0,0.622,4,0.138,-20.962,0,57,0.0373,131.987,0.142,1
0.0276,0.8690000000000001,225333,0.738,0,0.00102,6,0.262,-4.566,0,44,0.11,138.329,0.988,4
0.867,0.685,34933,0.301,0,0.0,9,0.213,-19.432,0,0,0.682,73.628,0.82,8
0.515,0.723,96700,0.334,0,0.0,9,0.16699999999999998,-19.909,0,0,0.924,128.937,0.499,9
0.991,0.6,200507,0.198,0,0.902,0,0.108,-13.062,1,0,0.0645,131.55200000000002,0.341,7
0.98,0.242,189240,0.269,0,0.542,4,0.102,-12.234000000000002,1,0,0.034,139.45,0.284,8
0.996,0.601,199667,0.177,0,0.941,8,0.265,-17.316,0,0,0.0701,72.738,0.397,10
0.0816,0.843,205933,0.836,0,0.0013800000000000002,11,0.0532,-2.474,0,86,0.0695,94.018,0.65,0
0.371,0.645,295853,0.545,0,0.0,3,0.463,-10.342,1,19,0.402,127.919,0.5479999999999999,6
0.833,0.429,150747,0.306,0,0.00593,3,0.256,-12.018,1,30,0.0282,99.919,0.411,6
0.008879999999999999,0.858,216520,0.398,1,0.0,1,0.112,-11.306,1,62,0.0598,97.476,0.258,1
0.986,0.5379999999999999,194926,0.157,0,0.0,0,0.317,-14.899,1,0,0.0407,107.77,0.459,9
0.957,0.35600000000000004,342373,0.0937,0,0.096,8,0.209,-16.64,0,59,0.0353,86.669,0.278,7
0.154,0.7390000000000001,197240,0.956,0,0.157,5,0.0246,-5.831,0,41,0.0603,100.018,0.894,6
0.945,0.336,427480,0.247,0,0.264,1,0.273,-21.54,1,28,0.0532,74.793,0.429,6
0.107,0.604,209537,0.647,0,0.000169,7,0.187,-7.006,1,36,0.0285,110.026,0.482,3
0.384,0.505,179267,0.8809999999999999,0,0.0,2,0.32299999999999995,-4.245,1,22,0.0542,166.135,0.821,5
0.007090000000000002,0.477,221000,0.85,0,0.00958,11,0.076,-8.41,0,29,0.127,153.623,0.269,4
0.163,0.231,441605,0.966,0,0.237,4,0.753,-9.212,0,23,0.133,157.45600000000005,0.35600000000000004,4
0.932,0.465,213360,0.0697,0,1.16e-05,1,0.124,-21.555,1,12,0.0363,82.321,0.235,6
0.455,0.568,265067,0.54,0,0.23,1,0.101,-10.679,1,35,0.0371,139.75799999999998,0.716,3
0.0388,0.535,253653,0.8420000000000001,0,2.2e-05,11,0.386,-5.624,1,52,0.0508,117.966,0.414,2
0.835,0.457,510893,0.195,0,0.0633,1,0.132,-12.237,1,22,0.0346,94.571,0.206,6
7.48e-06,0.292,135600,0.83,1,0.149,11,0.0398,-9.498,1,29,0.0734,124.618,0.247,4
0.805,0.199,125600,0.498,0,0.992,6,0.133,-20.289,0,23,0.0849,143.57299999999995,0.13,5
0.0442,0.495,281033,0.762,0,0.251,9,0.308,-6.289,1,37,0.0271,93.626,0.405,3
0.18,0.454,322373,0.57,0,0.0,2,0.522,-10.379,1,58,0.14800000000000002,84.745,0.899,6
0.0989,0.6970000000000001,180027,0.813,0,0.0232,11,0.583,-8.89,0,70,0.0315,95.301,0.85,5
0.193,0.528,302563,0.362,0,0.0,9,0.794,-10.352,1,53,0.0322,78.801,0.305,3
0.00403,0.637,115467,0.7070000000000001,0,0.0274,7,0.366,-8.453,1,25,0.0277,123.344,0.6779999999999999,6
0.99,0.251,315400,0.119,0,0.847,10,0.248,-19.212,1,0,0.0332,74.567,0.129,10
0.971,0.414,97293,0.0878,0,0.0,9,0.512,-18.782,0,0,0.0543,87.9,0.335,9
0.982,0.45,219141,0.0935,0,0.246,0,0.231,-15.248,0,0,0.0383,64.072,0.289,8
0.8809999999999999,0.413,154866,0.271,0,0.331,5,0.591,-18.603,1,0,0.0505,151.334,0.762,7
0.708,0.8290000000000001,157080,0.453,0,0.0951,7,0.153,-11.572,1,24,0.107,173.26,0.757,4
0.884,0.746,162360,0.204,0,0.0,0,0.083,-10.35,0,9,0.0367,93.295,0.6940000000000001,8
0.855,0.294,574427,0.5870000000000001,0,0.645,8,0.127,-10.097,1,24,0.0458,98.024,0.277,5
0.978,0.608,144747,0.293,0,0.0014,2,0.101,-12.296,1,4,0.373,72.822,0.621,9
0.982,0.644,198577,0.0456,0,0.0,4,0.313,-15.884,1,0,0.5870000000000001,87.227,0.414,8
0.922,0.378,174667,0.0875,0,0.764,3,0.141,-25.021,0,28,0.0469,103.096,0.368,4
0.602,0.8270000000000001,172600,0.439,0,0.00239,5,0.0559,-14.28,1,33,0.0786,118.118,0.968,3
0.995,0.5589999999999999,162507,0.138,0,0.907,2,0.238,-22.274,1,0,0.117,111.322,0.494,10
0.993,0.3670000000000001,206367,0.274,0,0.612,1,0.123,-9.88,1,0,0.0408,64.671,0.628,9
0.994,0.35,249867,0.14300000000000002,0,0.871,4,0.105,-17.487000000000002,1,0,0.0384,111.163,0.103,10
0.866,0.5329999999999999,244053,0.146,0,9.96e-06,2,0.752,-11.752,1,23,0.0456,69.189,0.4,6
0.914,0.284,201107,0.325,0,0.861,9,0.118,-8.896,0,22,0.0569,109.139,0.125,6
0.988,0.621,201680,0.256,0,0.8190000000000001,8,0.0447,-14.484000000000002,1,0,0.0435,111.232,0.6629999999999999,10
0.361,0.657,178533,0.423,0,0.0,0,0.31,-10.465,1,61,0.0308,133.612,0.8420000000000001,3
0.249,0.741,251797,0.868,0,2.19e-06,1,0.0945,-8.589,1,47,0.0527,103.201,0.947,3
0.0703,0.565,256707,0.547,0,0.861,11,0.114,-11.107,0,38,0.0302,132.937,0.298,3
0.0573,0.469,168307,0.7609999999999999,0,0.00439,7,0.114,-4.791,1,40,0.0731,136.83100000000002,0.466,2
0.85,0.718,149413,0.201,0,0.0,2,0.183,-18.551,1,0,0.937,126.388,0.531,7
0.6579999999999999,0.456,140667,0.378,0,0.0,7,0.327,-10.287,1,10,0.0375,149.106,0.79,6
0.000463,0.57,217027,0.922,0,0.000188,0,0.363,-5.433,1,58,0.0424,135.01,0.32,1
0.00149,0.491,165832,0.7709999999999999,0,0.000262,9,0.232,-5.037,1,64,0.041,103.005,0.242,1
0.919,0.293,370360,0.203,0,0.8440000000000001,0,0.0735,-15.206,0,0,0.0316,139.161,0.293,8
0.231,0.7190000000000001,303200,0.8190000000000001,0,0.0222,7,0.0808,-10.579,0,35,0.0448,103.078,0.794,4
0.0344,0.606,196867,0.929,0,0.00824,7,0.32299999999999995,-9.059,1,36,0.0386,116.909,0.789,5
0.8009999999999999,0.196,154054,0.103,0,0.88,0,0.111,-19.66,1,61,0.0399,68.584,0.0388,1
0.0038,0.509,156360,0.858,0,0.0025800000000000003,9,0.0762,-10.257,1,30,0.0508,158.627,0.382,4
0.972,0.6920000000000001,179493,0.121,0,0.00155,8,0.13,-14.419,1,48,0.0493,119.569,0.6459999999999999,7
0.934,0.388,201000,0.113,0,0.0182,3,0.0529,-18.723,1,0,0.0393,108.958,0.384,9
0.933,0.706,122613,0.511,0,0.905,0,0.11,-13.519,1,10,0.0438,103.823,0.622,6
0.117,0.467,284263,0.723,0,3.49e-06,0,0.18600000000000005,-7.101,0,47,0.0536,139.995,0.207,1
0.8540000000000001,0.248,152000,0.425,0,0.00151,2,0.564,-8.441,1,20,0.034,70.824,0.463,6
0.959,0.54,168387,0.762,0,0.0719,3,0.139,-5.3610000000000015,0,0,0.0365,105.178,0.8029999999999999,8
0.00307,0.672,197000,0.34700000000000003,0,0.198,5,0.281,-15.645,0,30,0.0489,151.12,0.85,3
0.892,0.257,136333,0.307,0,0.667,3,0.134,-9.949,1,6,0.0309,144.054,0.418,7
0.989,0.438,358787,0.331,0,0.931,7,0.341,-11.655,1,5,0.037000000000000005,113.58,0.6990000000000001,7
0.28800000000000003,0.38,178307,0.388,0,0.0175,4,0.322,-16.123,0,52,0.0413,139.20600000000002,0.265,6
0.0548,0.5920000000000001,289627,0.852,0,1.4300000000000005e-05,4,0.456,-5.516,0,39,0.0278,102.14,0.43,2
0.565,0.409,115280,0.331,0,0.00199,1,0.0896,-15.47,1,41,0.219,56.048,0.198,6
0.98,0.267,254000,0.0154,0,0.636,1,0.0662,-22.922,1,64,0.0445,141.012,0.108,1
0.995,0.502,157227,0.104,0,0.8029999999999999,9,0.112,-21.865,0,0,0.0856,118.97,0.428,10
0.17800000000000002,0.74,193133,0.337,0,0.0,8,0.0944,-6.039,1,64,0.0282,103.002,0.56,1
0.119,0.6509999999999999,315373,0.568,0,3.48e-06,0,0.316,-7.8820000000000014,0,61,0.0399,134.828,0.188,3
0.0929,0.635,219533,0.395,0,0.0,4,0.27,-13.005,1,56,0.0266,117.096,0.334,4
0.445,0.5539999999999999,62400,0.631,0,0.0,4,0.133,-9.56,1,37,0.0645,174.805,0.902,2
0.974,0.541,187573,0.398,0,2.47e-05,4,0.14,-8.291,0,0,0.029,77.857,0.682,7
0.0328,0.502,241400,0.54,0,4.17e-05,7,0.277,-10.624,1,44,0.0405,113.171,0.531,5
0.123,0.672,221920,0.62,1,0.0,8,0.362,-4.865,1,62,0.0422,78.005,0.627,2
3.77e-05,0.28300000000000003,198627,0.7090000000000001,0,0.6759999999999999,0,0.385,-7.558,1,32,0.0282,129.59,0.321,5
0.918,0.6559999999999999,171410,0.226,0,7.54e-06,10,0.107,-15.17,0,41,0.0399,98.292,0.6940000000000001,4
0.716,0.621,331691,0.194,0,3.9e-06,7,0.391,-19.314,1,0,0.964,80.133,0.393,9
0.00111,0.317,194907,0.8340000000000001,0,2.24e-06,10,0.14,-4.2189999999999985,1,43,0.0754,89.804,0.231,2
0.982,0.6970000000000001,154733,0.168,0,0.0263,2,0.109,-13.181,1,24,0.0552,102.005,0.609,9
0.961,0.115,849760,0.0492,0,0.6579999999999999,5,0.118,-24.034,1,0,0.0459,83.28200000000002,0.0559,9
0.0338,0.6679999999999999,229507,0.758,0,0.0,7,0.204,-3.589,1,43,0.158,135.958,0.531,1
0.349,0.742,184107,0.8370000000000001,0,2.56e-06,0,0.675,-7.473,0,41,0.0389,124.173,0.932,5
0.637,0.465,245133,0.599,0,0.0406,8,0.0939,-8.363,1,0,0.0497,133.664,0.61,7
0.0277,0.405,215280,0.249,0,0.936,4,0.0888,-13.814,0,35,0.0401,129.466,0.0344,3
0.7140000000000001,0.716,136947,0.581,0,0.0,10,0.13,-5.346,1,33,0.0574,133.923,0.978,3
0.518,0.6609999999999999,299133,0.8079999999999999,0,0.000203,10,0.0688,-5.8,0,26,0.0412,101.453,0.961,5
0.8190000000000001,0.243,55787,0.57,0,0.659,7,0.297,-16.492,1,26,0.042,83.105,0.184,6
0.259,0.399,184773,0.654,0,0.0,5,0.35700000000000004,-6.11,0,25,0.11,168.63099999999997,0.59,6
0.995,0.591,156848,0.155,0,0.0975,5,0.424,-8.238,0,0,0.117,116.365,0.588,8
0.784,0.463,88413,0.476,0,0.792,0,0.156,-17.352,1,0,0.0611,139.745,0.5770000000000001,7
0.0646,0.541,256467,0.939,0,0.0139,9,0.29600000000000004,-7.21,1,23,0.0982,128.656,0.552,5
0.273,0.732,176933,0.675,1,0.0,9,0.679,-9.906,1,40,0.381,86.162,0.768,3
0.0423,0.508,244720,0.907,0,6.829999999999999e-05,6,0.221,-3.443,0,60,0.0565,104.997,0.5870000000000001,1
0.981,0.785,167000,0.34,0,0.718,1,0.152,-7.035,1,0,0.0543,117.017,0.7959999999999999,9
0.8009999999999999,0.496,232520,0.158,0,0.0,4,0.268,-8.981,1,64,0.0289,107.932,0.305,1
0.674,0.745,136586,0.601,0,0.121,10,0.235,-8.044,1,42,0.0392,100.227,0.969,3
0.833,0.467,170800,0.111,0,0.0203,5,0.107,-19.621,1,34,0.0427,116.083,0.149,6
0.987,0.28600000000000003,980227,0.244,0,0.8809999999999999,10,0.159,-15.894,1,0,0.0341,98.918,0.104,7
0.0994,0.539,346360,0.48,0,0.000162,7,0.132,-13.366,1,52,0.0355,81.225,0.645,5
0.35700000000000004,0.6940000000000001,403040,0.649,0,0.0025800000000000003,3,0.0868,-7.176,1,49,0.0281,111.98,0.603,5
0.994,0.614,132320,0.321,0,0.932,9,0.112,-20.135,1,0,0.0634,69.791,0.956,10
0.985,0.37,153533,0.3720000000000001,0,0.000681,2,0.929,-17.137999999999998,1,0,0.0865,159.66899999999995,0.753,10
0.16399999999999998,0.511,160667,0.89,0,0.157,9,0.674,-13.203,1,30,0.0524,127.716,0.106,3
0.984,0.711,165200,0.256,0,0.007559999999999998,11,0.084,-11.731,1,2,0.0789,114.151,0.603,9
0.0429,0.489,236133,0.8959999999999999,0,0.472,2,0.221,-8.065,1,21,0.109,145.776,0.6759999999999999,4
0.436,0.69,200133,0.525,0,3.04e-06,2,0.125,-8.055,0,42,0.0294,104.753,0.583,5
0.8959999999999999,0.35600000000000004,74067,0.454,0,0.784,9,0.162,-14.318,0,0,0.0369,82.773,0.479,8
0.486,0.715,195067,0.6509999999999999,1,0.0,5,0.228,-9.241,1,67,0.12,134.914,0.733,1
0.00843,0.621,157710,0.578,1,0.00418,8,0.35100000000000003,-6.69,1,52,0.162,127.912,0.3670000000000001,1
0.5579999999999999,0.471,345773,0.438,0,0.000271,9,0.146,-12.776,0,32,0.0293,104.438,0.299,4
0.021,0.585,273027,0.7809999999999999,0,0.000187,2,0.627,-3.808,1,68,0.0457,115.946,0.336,0
0.057,0.589,220640,0.655,0,0.000353,8,0.3720000000000001,-8.138,1,60,0.0488,105.272,0.675,2
0.565,0.6859999999999999,253933,0.652,0,1.08e-06,2,0.127,-10.88,1,8,0.0517,125.288,0.475,6
0.977,0.494,419507,0.743,0,0.39,5,0.643,-6.595,1,22,0.0906,113.276,0.606,5
0.19,0.407,295320,0.6779999999999999,0,0.0,2,0.342,-6.135,1,37,0.104,117.555,0.297,2
0.916,0.5710000000000001,216373,0.3670000000000001,0,2.35e-05,6,0.34,-7.407999999999999,1,28,0.0463,128.72899999999998,0.7859999999999999,7
0.995,0.536,190547,0.0431,0,0.885,2,0.0976,-26.217,1,0,0.0578,61.619,0.495,10
0.994,0.384,152869,0.151,0,0.648,10,0.12,-18.218,0,0,0.0435,73.683,0.745,8
0.964,0.598,164521,0.28300000000000003,0,0.8029999999999999,3,0.262,-18.75,1,0,0.0543,76.171,0.547,8
0.932,0.501,231800,0.311,0,0.0884,11,0.115,-15.861,1,37,0.0323,98.232,0.5579999999999999,6
0.447,0.853,152792,0.68,1,3.62e-06,3,0.136,-7.194,0,55,0.293,144.748,0.823,0
0.843,0.6609999999999999,205420,0.474,0,3.98e-05,10,0.111,-6.67,1,65,0.0353,145.924,0.7979999999999999,1
0.251,0.727,392827,0.696,1,0.0,5,0.0726,-4.472,0,49,0.0706,132.077,0.467,2
0.00103,0.307,289693,0.968,0,0.000129,0,0.436,-7.257999999999999,1,33,0.125,127.112,0.42,5
0.121,0.772,186988,0.594,1,0.0,8,0.0598,-6.22,1,59,0.121,152.952,0.498,1
0.8170000000000001,0.217,147333,0.306,0,0.0,4,0.109,-16.323,1,28,0.0335,209.484,0.409,5
0.0656,0.602,243800,0.638,0,0.02,7,0.11,-10.734000000000002,1,28,0.0309,129.656,0.926,5
0.00377,0.429,155133,0.993,0,0.00677,0,0.479,-6.162000000000001,1,40,0.0556,157.594,0.569,4
0.991,0.434,520733,0.101,0,0.8909999999999999,0,0.172,-19.72,1,0,0.0658,83.226,0.8590000000000001,8
0.991,0.643,197406,0.16699999999999998,0,0.0138,11,0.52,-10.13,1,0,0.0994,81.196,0.5379999999999999,8
0.773,0.374,125467,0.345,0,1.76e-05,5,0.155,-12.882,1,13,0.0323,150.058,0.662,6
0.838,0.377,214147,0.48,0,3.63e-06,9,0.0789,-9.386,0,0,0.0465,185.83900000000003,0.705,7
0.988,0.653,190173,0.271,0,0.0048,0,0.16399999999999998,-13.062,1,0,0.0327,106.949,0.7170000000000001,7
3.52e-05,0.514,217400,0.8759999999999999,1,2.56e-05,7,0.17,-4.828,1,41,0.0625,144.035,0.365,2
0.977,0.428,154920,0.13699999999999998,0,0.121,9,0.093,-13.495,1,0,0.0646,79.684,0.464,8
0.0598,0.457,216867,0.846,0,0.0,4,0.34,-8.547,1,45,0.0477,177.35299999999995,0.851,1
0.0583,0.35,387440,0.545,0,0.117,7,0.128,-8.459,1,52,0.0261,77.08,0.383,6
0.00175,0.335,148120,0.936,0,4.81e-06,2,0.14,-2.056,1,50,0.0797,177.422,0.436,1
0.989,0.319,266253,0.28,0,0.857,0,0.106,-17.125999999999998,1,0,0.0384,89.18299999999998,0.399,8
0.6779999999999999,0.326,264960,0.312,0,1.16e-06,10,0.11,-10.307,1,42,0.0284,137.115,0.13,4
0.22,0.568,258627,0.327,0,0.00317,3,0.127,-13.076,1,32,0.0282,129.469,0.425,4
0.983,0.199,669267,0.118,0,0.887,10,0.174,-16.102999999999998,1,3,0.0459,77.803,0.151,7
0.134,0.716,272440,0.772,0,2.15e-06,10,0.35,-6.816,0,48,0.037000000000000005,107.823,0.6709999999999999,3
0.00376,0.158,209467,0.928,0,0.0,8,0.161,-6.37,1,39,0.13,169.942,0.253,2
0.107,0.612,238760,0.961,0,4.17e-05,10,0.0413,-3.0780000000000003,0,60,0.333,129.873,0.867,2
0.994,0.501,214320,0.214,0,0.624,6,0.0959,-13.887,0,0,0.134,172.87599999999995,0.62,10
0.955,0.0744,301667,0.0121,0,0.081,2,0.163,-35.836,0,13,0.0402,68.916,0.0335,7
0.8859999999999999,0.624,118480,0.161,0,0.0017,0,0.114,-20.01,1,27,0.0427,115.343,0.851,5
0.0581,0.6859999999999999,200240,0.7140000000000001,0,2.17e-06,5,0.0842,-9.104,1,41,0.0321,92.453,0.7290000000000001,3
0.894,0.154,164987,0.202,0,0.847,1,0.198,-15.832,1,13,0.035,90.725,0.105,7
0.174,0.412,184827,0.33,0,0.00101,5,0.0852,-14.107,1,0,0.0284,71.86,0.838,7
0.0305,0.7020000000000001,252333,0.975,0,0.000134,6,0.165,-7.968,0,50,0.0396,115.185,0.6459999999999999,4
0.0207,0.784,274120,0.589,0,0.00206,6,0.151,-10.483,1,39,0.16699999999999998,91.997,0.469,2
0.972,0.624,182507,0.177,0,0.913,2,0.068,-16.314,1,0,0.13699999999999998,187.849,0.4920000000000001,9
0.56,0.555,186987,0.66,0,1.16e-06,9,0.337,-7.017,1,52,0.29600000000000004,199.124,0.856,2
0.986,0.23,287415,0.5379999999999999,0,0.816,5,0.605,-9.225,1,0,0.0408,111.181,0.246,9
0.5579999999999999,0.6579999999999999,186339,0.14400000000000002,0,0.0,7,0.22,-25.887,1,0,0.6809999999999999,93.945,0.361,7
0.6679999999999999,0.6729999999999999,161667,0.27,0,4.02e-06,2,0.267,-12.706,1,40,0.0479,119.151,0.964,3
0.0547,0.537,194867,0.867,0,0.0,7,0.158,-4.836,1,38,0.0399,124.402,0.5489999999999999,3
0.083,0.269,299507,0.895,0,0.00266,9,0.153,-6.3820000000000014,1,61,0.118,168.479,0.16,3
0.978,0.6829999999999999,245488,0.301,0,0.8370000000000001,0,0.0912,-12.853,1,11,0.0514,111.796,0.633,6
0.657,0.48,202919,0.49,0,3.32e-06,10,0.0992,-6.586,1,47,0.0475,201.883,0.899,3
0.0159,0.706,217693,0.8140000000000001,0,0.0,1,0.262,-5.405,1,51,0.0569,125.472,0.778,3
0.535,0.69,196120,0.5920000000000001,0,0.0,9,0.107,-8.552999999999999,1,21,0.0677,100.483,0.875,6
0.0288,0.305,421107,0.95,0,0.00442,11,0.369,-6.527,0,44,0.192,142.454,0.633,2
0.99,0.65,169987,0.358,0,0.0021100000000000003,0,0.101,-7.706,1,0,0.0459,113.474,0.584,9
0.996,0.379,314307,0.08,0,0.932,8,0.0997,-21.279,1,0,0.0443,139.626,0.122,10
0.664,0.758,294267,0.424,0,0.0,2,0.095,-8.935,0,51,0.0468,110.087,0.455,3
0.5760000000000001,0.52,266613,0.329,0,0.0418,0,0.12,-14.224,1,62,0.0266,86.85700000000001,0.118,3
0.994,0.5529999999999999,187899,0.327,0,2.99e-05,4,0.269,-11.234000000000002,0,0,0.052000000000000005,110.31,0.593,9
0.0846,0.6829999999999999,143267,0.847,0,0.0275,2,0.335,-12.466,1,25,0.0347,114.553,0.96,5
0.958,0.7609999999999999,173667,0.42,0,0.0375,10,0.139,-10.011,1,16,0.122,95.492,0.945,9
0.00565,0.601,96600,0.208,1,0.0,0,0.215,-22.148000000000003,1,0,0.962,169.468,0.46,10
0.969,0.362,177240,0.0418,0,0.0,9,0.11,-18.209,1,7,0.0383,129.213,0.511,7
0.682,0.616,227360,0.395,0,1.01e-05,4,0.0689,-12.574000000000002,1,49,0.0231,99.607,0.384,3
0.000173,0.561,232520,0.958,0,0.18,1,0.0479,-5.612,0,42,0.0941,100.01,0.163,2
0.0117,0.674,232173,0.955,0,0.000124,7,0.416,-3.926,1,36,0.0822,118.401,0.8270000000000001,3
0.008140000000000001,0.5820000000000001,256053,0.632,0,5.15e-05,2,0.0755,-8.954,1,35,0.0368,134.875,0.928,4
0.00962,0.339,287667,0.94,0,0.525,0,0.377,-8.033999999999999,1,44,0.0956,190.613,0.465,4
0.00302,0.394,223533,0.821,0,0.019,6,0.18600000000000005,-4.3039999999999985,0,68,0.0404,82.764,0.509,1
0.0756,0.332,287907,0.787,0,3.85e-05,2,0.29100000000000004,-9.72,1,32,0.0569,134.911,0.172,5
0.0201,0.45,233800,0.815,0,4.61e-05,2,0.355,-5.619,1,40,0.0362,84.95,0.617,2
0.5529999999999999,0.546,207726,0.28,0,0.0,5,0.106,-11.552,0,35,0.0295,79.327,0.614,5
0.0617,0.71,219133,0.691,0,0.0,2,0.0429,-6.983,1,32,0.0465,82.25200000000002,0.847,5
0.578,0.37,345627,0.389,0,0.956,2,0.165,-10.341,1,34,0.0289,101.009,0.0905,3
0.366,0.713,221103,0.7979999999999999,0,4.3e-06,1,0.246,-3.147,1,79,0.219,176.07299999999995,0.721,1
0.00433,0.581,213227,0.813,0,0.00105,7,0.199,-6.159,1,37,0.0301,118.982,0.789,3
0.647,0.4320000000000001,476773,0.339,0,0.0,9,0.3670000000000001,-12.269,1,24,0.0383,93.618,0.374,6
0.924,0.488,189196,0.301,0,0.123,9,0.773,-15.046,0,0,0.0334,58.654,0.537,8
0.0005809999999999999,0.297,287765,0.987,1,0.892,0,0.473,-5.533,1,45,0.0495,168.139,0.653,4
0.000372,0.7559999999999999,259600,0.419,0,0.0193,11,0.039,-15.37,0,40,0.172,129.215,0.841,5
0.0227,0.493,140733,0.8170000000000001,0,8.97e-06,9,0.126,-8.585,1,24,0.0296,158.727,0.8390000000000001,4
0.485,0.446,182413,0.6629999999999999,0,0.398,0,0.0804,-13.03,1,40,0.0388,169.75400000000005,0.464,5
0.147,0.601,300733,0.412,0,0.00585,5,0.263,-11.963,1,32,0.0361,204.064,0.464,3
0.983,0.413,201307,0.108,0,0.947,7,0.0948,-14.276,1,8,0.0643,178.567,0.331,8
0.995,0.6779999999999999,172413,0.202,0,0.8140000000000001,9,0.153,-11.79,1,0,0.0502,117.695,0.769,10
0.6629999999999999,0.644,234507,0.518,0,0.000264,0,0.109,-6.5760000000000005,1,42,0.0267,146.007,0.456,2
0.00175,0.495,238933,0.97,0,0.0,0,0.21,-3.677,1,33,0.0522,153.465,0.745,4
0.708,0.703,134707,0.5489999999999999,0,5.57e-06,2,0.361,-10.952,1,48,0.0493,90.382,0.919,2
0.943,0.439,331213,0.0695,0,6.35e-06,5,0.133,-17.333,1,19,0.0396,121.575,0.196,7
0.472,0.588,256493,0.487,0,1.05e-05,0,0.112,-6.88,0,47,0.0505,178.666,0.688,2
0.0276,0.506,179427,0.942,0,0.0,1,0.179,-4.353,0,15,0.076,112.349,0.539,6
0.523,0.29600000000000004,264293,0.552,0,0.943,0,0.0946,-8.312999999999999,1,48,0.0418,88.68299999999998,0.244,2
0.995,0.604,197230,0.215,0,0.922,6,0.151,-13.558,1,0,0.0793,68.415,0.6679999999999999,8
0.294,0.6409999999999999,300800,0.397,0,0.000717,7,0.0496,-12.285,1,61,0.0454,81.962,0.57,5
0.961,0.403,271013,0.469,0,0.607,10,0.562,-15.247,1,1,0.0884,114.734,0.397,8
0.942,0.35100000000000003,187093,0.251,0,0.00328,8,0.0355,-11.901,1,0,0.0375,74.268,0.4920000000000001,8
0.00843,0.321,261573,0.7979999999999999,0,0.0,2,0.243,-11.429,1,26,0.0693,170.206,0.516,4
1.62e-05,0.348,211893,0.987,0,0.0365,2,0.28600000000000003,-3.172,0,55,0.232,159.995,0.135,2
0.0772,0.873,432360,0.565,0,0.8290000000000001,10,0.025,-9.676,1,35,0.0588,126.642,0.785,4
0.953,0.534,176573,0.155,0,2.03e-05,5,0.108,-11.957,1,17,0.0427,155.453,0.855,7
0.972,0.3670000000000001,140373,0.0463,0,0.8809999999999999,2,0.12,-26.497,0,11,0.0359,132.505,0.246,6
0.00361,0.49,119360,0.978,0,0.0103,9,0.261,-6.3279999999999985,1,35,0.0452,120.069,0.4920000000000001,3
0.93,0.182,186467,0.123,0,0.0492,5,0.106,-16.237000000000002,0,26,0.0427,73.389,0.238,7
0.79,0.711,256275,0.252,0,0.0,11,0.387,-20.362,1,0,0.947,128.77200000000002,0.539,9
0.867,0.616,90791,0.313,0,0.956,0,0.317,-12.544,1,8,0.052000000000000005,124.245,0.909,6
0.979,0.403,341280,0.0387,0,0.594,2,0.0928,-19.152,1,0,0.0425,136.124,0.182,8
0.9,0.616,289600,0.0952,0,0.0,2,0.348,-22.502,1,0,0.949,74.71,0.366,7
0.753,0.55,153160,0.414,0,0.0,3,0.114,-5.46,1,22,0.0423,136.985,0.7,7
0.121,0.623,269232,0.7809999999999999,0,2.77e-05,8,0.101,-9.651,1,54,0.0373,167.87400000000005,0.34600000000000003,2
0.938,0.63,338613,0.14300000000000002,0,0.87,8,0.109,-19.097,1,5,0.0679,135.608,0.395,7
0.991,0.263,183333,0.127,0,1.12e-05,5,0.229,-16.828,1,8,0.039,90.528,0.316,10
0.362,0.942,295427,0.747,0,0.0986,7,0.057,-7.8439999999999985,1,37,0.0349,114.611,0.961,4
0.006540000000000001,0.58,219093,0.607,0,1.17e-05,8,0.39,-9.909,1,40,0.0346,139.446,0.375,2
0.607,0.672,145000,0.244,0,0.0,0,0.362,-11.357,1,43,0.0352,121.83,0.659,3
0.892,0.417,324000,0.0449,0,0.8270000000000001,1,0.107,-23.874,1,20,0.0348,62.70399999999999,0.121,6
0.213,0.636,135792,0.6779999999999999,0,0.00027400000000000005,10,0.12,-10.278,1,23,0.0937,100.616,0.79,6
0.988,0.56,193093,0.161,0,0.113,0,0.35,-18.792,0,0,0.0761,157.852,0.7879999999999999,9
0.171,0.605,258166,0.887,1,0.0,8,0.151,-3.108,0,60,0.385,158.274,0.542,1
0.00746,0.412,256227,0.625,0,0.000938,2,0.152,-8.891,0,53,0.0386,128.134,0.265,1
0.000523,0.841,214040,0.383,0,0.247,11,0.118,-10.437,0,44,0.0675,99.77,0.858,1
0.654,0.5770000000000001,150907,0.461,0,2.69e-06,1,0.0947,-9.27,0,20,0.0306,129.42700000000002,0.609,5
0.8170000000000001,0.177,315307,0.222,0,0.942,11,0.209,-15.465,0,6,0.0401,127.517,0.0366,8
0.306,0.85,243867,0.522,0,9.31e-06,8,0.0506,-8.597999999999999,1,43,0.0482,110.012,0.643,2
0.925,0.501,589267,0.208,0,6.2e-06,5,0.119,-13.994000000000002,1,28,0.0398,83.676,0.209,6
0.888,0.292,114200,0.31,0,0.0437,10,0.393,-12.29,1,0,0.0477,70.166,0.272,8
0.35600000000000004,0.531,200200,0.542,0,0.0,8,0.119,-7.721,1,63,0.0432,171.878,0.726,1
0.8759999999999999,0.459,186784,0.479,0,0.742,8,0.131,-11.013,1,0,0.0459,127.015,0.8170000000000001,9
0.968,0.407,175147,0.34600000000000003,0,0.784,7,0.151,-13.027,1,2,0.0325,92.083,0.6,7
0.877,0.591,145600,0.239,0,5.26e-06,5,0.115,-14.085,1,5,0.0281,125.724,0.494,6
0.986,0.25,482027,0.213,0,0.933,5,0.369,-16.405,1,0,0.0416,86.55799999999998,0.115,9
0.00875,0.866,165624,0.645,1,0.0,8,0.124,-6.351,1,64,0.14400000000000002,100.037,0.542,0
0.976,0.608,178493,0.156,0,5.55e-06,1,0.4370000000000001,-13.251,1,2,0.0771,96.963,0.518,9
0.0795,0.249,233880,0.448,0,0.0723,7,0.0688,-10.567,1,34,0.0281,185.968,0.142,4
0.0303,0.446,373267,0.978,0,0.161,5,0.0376,-5.275,0,52,0.0443,111.797,0.4,4
0.414,0.821,444133,0.611,0,0.000152,10,0.0943,-9.795,1,22,0.0555,97.264,0.96,5
0.99,0.6409999999999999,174533,0.194,0,0.0069,10,0.0698,-14.502,1,0,0.0868,182.598,0.8059999999999999,8
0.991,0.0623,196000,0.0726,0,0.762,2,0.0964,-21.46,1,0,0.041,46.73,0.0384,7
0.0536,0.305,330573,0.727,0,0.000179,0,0.139,-5.1160000000000005,0,44,0.0394,177.227,0.716,2
0.506,0.5710000000000001,216693,0.546,0,0.0,11,0.611,-12.151,0,28,0.0499,114.127,0.682,4
0.000662,0.487,114187,0.929,0,0.688,4,0.0939,-10.398,0,37,0.114,93.021,0.379,3
0.00333,0.565,114194,0.574,0,0.0,8,0.29100000000000004,-7.737999999999999,1,47,0.0789,186.061,0.8290000000000001,1
0.281,0.472,283920,0.438,0,0.0503,7,0.141,-13.898,1,24,0.0378,127.215,0.722,5
0.447,0.71,205040,0.4,0,0.00387,7,0.0686,-11.61,1,28,0.0313,86.677,0.855,6
0.229,0.468,234773,0.799,0,0.081,9,0.113,-7.782,1,41,0.0297,123.298,0.324,3
0.93,0.35700000000000004,197747,0.225,0,0.00406,11,0.188,-10.055,0,3,0.0432,180.081,0.453,8
0.7120000000000001,0.629,157333,0.644,0,0.000273,7,0.136,-9.383,1,46,0.0401,77.824,0.961,3
1.8100000000000006e-05,0.242,267627,0.914,0,0.0934,11,0.0745,-7.292000000000002,1,37,0.0476,96.879,0.602,4
0.271,0.51,116360,0.657,0,0.526,0,0.278,-9.116,1,37,0.05,141.115,0.499,6
0.993,0.5329999999999999,206498,0.459,0,0.329,9,0.706,-12.851,1,0,0.0363,72.167,0.867,7
0.947,0.238,250827,0.0583,0,0.922,9,0.109,-18.879,1,12,0.0401,130.444,0.0354,7
0.0143,0.321,190200,0.877,0,0.00281,1,0.122,-3.105,0,34,0.0551,179.733,0.735,5
0.981,0.564,166707,0.0837,0,0.0,2,0.248,-14.093,1,3,0.043,97.535,0.451,9
0.208,0.464,236427,0.405,0,1.1e-05,7,0.0611,-12.538,1,22,0.033,95.852,0.514,4
0.235,0.777,188613,0.7,0,8.02e-06,1,0.836,-11.045,1,60,0.0869,122.94,0.802,1
0.995,0.393,198200,0.507,0,0.0553,11,0.422,-3.927,1,0,0.031,119.976,0.648,8
0.8109999999999999,0.6,240907,0.139,1,9.5e-06,7,0.0918,-8.975,1,69,0.0464,171.041,0.256,1
0.513,0.542,388027,0.8029999999999999,0,3.28e-06,6,0.419,-9.61,0,35,0.2,88.352,0.5870000000000001,5
0.231,0.451,227080,0.6629999999999999,0,4.1e-06,4,0.249,-7.03,1,27,0.0348,126.03,0.613,4
0.82,0.535,137600,0.494,0,0.000288,10,0.218,-9.329,0,16,0.0425,95.511,0.71,7
0.000962,0.471,198374,0.789,0,0.0,10,0.0649,-3.62,1,56,0.0602,166.99,0.684,1
0.995,0.383,54987,0.00479,0,0.954,11,0.155,-33.853,0,18,0.0319,82.116,0.685,6
0.995,0.629,214096,0.17,0,0.72,1,0.431,-9.847,1,0,0.124,62.99100000000001,0.81,9
0.102,0.521,233160,0.578,0,4.56e-05,4,0.223,-6.158,0,44,0.0305,155.90200000000004,0.726,2
0.0785,0.682,471827,0.726,0,0.000336,0,0.386,-8.754,1,48,0.261,77.865,0.515,3
0.0297,0.965,247547,0.51,0,0.0016300000000000002,4,0.079,-7.371,0,44,0.123,114.639,0.78,2
0.531,0.606,166827,0.632,0,0.0,2,0.149,-5.746,1,29,0.0349,128.22899999999998,0.5589999999999999,6
0.974,0.669,188160,0.192,0,0.938,10,0.205,-16.079,1,0,0.0384,112.635,0.484,8
0.621,0.623,251307,0.279,0,0.0,8,0.0713,-14.406,1,30,0.0314,141.30100000000004,0.417,4
0.475,0.393,299373,0.405,0,3.12e-05,6,0.105,-9.653,0,42,0.0376,73.415,0.218,2
0.0626,0.458,260333,0.743,0,3.48e-05,9,0.132,-13.122,1,24,0.0697,120.741,0.36,5
0.843,0.22,136347,0.441,0,0.000105,10,0.389,-9.002,1,21,0.0315,79.668,0.364,6
0.5770000000000001,0.443,476440,0.35100000000000003,0,0.00024,10,0.197,-11.234000000000002,1,25,0.0379,111.866,0.165,4
0.0131,0.594,278499,0.6859999999999999,1,0.0,10,0.206,-4.436,0,61,0.0606,174.345,0.444,1
0.625,0.7040000000000001,157667,0.241,0,2.8000000000000013e-05,1,0.0868,-13.258,1,64,0.0476,140.411,0.6609999999999999,6
0.0047,0.447,294680,0.7809999999999999,0,3.4e-05,11,0.0976,-4.801,0,57,0.0314,96.004,0.102,1
0.00852,0.364,272170,0.568,0,8.98e-05,4,0.0879,-7.643,1,37,0.029,80.008,0.404,3
0.845,0.499,344493,0.466,0,0.000698,7,0.343,-11.226,1,13,0.257,105.484,0.555,6
0.99,0.453,177800,0.203,0,0.0121,7,0.267,-10.556,1,1,0.0344,125.818,0.544,8
0.292,0.7070000000000001,176627,0.459,0,1.04e-06,5,0.0999,-16.067,1,40,0.0383,119.499,0.885,5
0.00131,0.509,201231,0.919,0,0.0,8,0.54,-3.587,0,58,0.0792,130.072,0.311,1
0.314,0.6890000000000001,151579,0.701,1,0.0,6,0.123,-9.477,0,74,0.237,94.982,0.37,1
0.0452,0.264,280467,0.78,0,0.0222,0,0.376,-2.741,1,66,0.0517,155.376,0.456,2
0.955,0.302,59707,0.287,0,0.97,9,0.287,-14.697,1,0,0.0308,66.913,0.518,7
0.813,0.59,232267,0.335,0,2.0600000000000006e-05,11,0.0886,-10.66,1,34,0.0396,123.94,0.129,3
0.0187,0.419,233240,0.959,0,0.0,1,0.18,-3.974,0,48,0.146,140.02200000000002,0.365,2
0.201,0.403,203160,0.107,0,0.0007160000000000001,2,0.121,-21.423,0,28,0.0301,132.509,0.166,5
0.00279,0.735,398667,0.6579999999999999,0,0.0842,0,0.269,-8.325,1,24,0.0356,111.122,0.961,5
0.995,0.631,118133,0.201,0,0.733,2,0.191,-20.177,1,0,0.0817,142.666,0.823,10
0.815,0.398,223547,0.16,0,0.000363,9,0.115,-19.732,0,47,0.0287,106.618,0.314,5
0.8959999999999999,0.242,126639,0.0915,0,0.38,6,0.199,-25.061,1,5,0.0397,92.591,0.106,8
0.918,0.0753,365147,0.07,0,0.947,2,0.146,-27.272,1,61,0.044,79.801,0.0625,4
0.0842,0.8490000000000001,306667,0.5,0,0.0,11,0.107,-16.705,1,55,0.0915,117.217,0.88,4
0.188,0.845,279907,0.631,1,0.0,7,0.0806,-8.206,0,74,0.21600000000000005,111.983,0.545,1
0.275,0.378,521627,0.359,0,1.77e-06,0,0.12,-16.016,1,33,0.114,78.627,0.173,5
0.123,0.35700000000000004,331360,0.531,0,0.0,1,0.114,-6.939,1,36,0.0466,85.928,0.236,2
0.195,0.56,175160,0.648,0,0.00158,5,0.196,-12.29,1,45,0.0282,132.40200000000002,0.961,5
0.37,0.557,168027,0.5770000000000001,0,0.00016,1,0.327,-11.415,1,31,0.0325,103.203,0.7490000000000001,6
0.19,0.784,230493,0.539,0,3.61e-06,0,0.127,-9.148,0,55,0.0465,96.412,0.816,3
0.0142,0.599,248307,0.754,0,0.303,0,0.0703,-6.4979999999999976,0,42,0.0295,176.60299999999995,0.732,3
0.29100000000000004,0.341,250723,0.516,0,0.917,7,0.303,-10.283,1,0,0.0319,95.46,0.4,8
0.00439,0.489,171500,0.595,0,0.878,4,0.0855,-8.106,0,53,0.0374,170.05,0.56,1
0.87,0.14400000000000002,104573,0.16399999999999998,0,0.0675,2,0.106,-22.481,1,33,0.0375,57.008,0.0377,4
0.995,0.6,213647,0.234,0,0.66,0,0.117,-13.329,1,0,0.0803,130.123,0.6609999999999999,8
0.000515,0.519,273081,0.845,0,1.61e-06,6,0.376,-5.6670000000000025,0,31,0.0374,124.624,0.609,4
0.0323,0.731,220454,0.794,1,2.59e-05,0,0.112,-5.126,0,76,0.0522,139.994,0.35600000000000004,1
0.0561,0.659,200027,0.687,0,0.00168,0,0.212,-11.976,1,36,0.0396,112.947,0.887,5
0.797,0.28,179933,0.146,0,3.58e-05,4,0.117,-15.65,0,11,0.0347,116.412,0.14400000000000002,6
0.8809999999999999,0.398,395027,0.7170000000000001,0,0.000256,5,0.962,-10.243,1,31,0.414,122.407,0.314,5
0.194,0.488,236307,0.33,0,1.4800000000000002e-05,4,0.165,-15.581,0,30,0.0332,102.693,0.56,4
0.182,0.575,111573,0.815,0,0.21600000000000005,7,0.0547,-12.015,1,24,0.107,156.336,0.464,4
0.0292,0.635,271533,0.75,0,0.00625,9,0.0763,-6.063,0,45,0.0315,121.401,0.799,5
0.595,0.397,263000,0.517,0,0.0,2,0.115,-5.21,1,45,0.0332,128.085,0.429,2
0.246,0.675,132500,0.243,1,0.0,11,0.14,-13.907,0,0,0.94,147.668,0.617,10
0.0311,0.422,377000,0.47,0,0.000388,7,0.361,-9.837,1,31,0.0338,81.948,0.3,3
0.00434,0.7829999999999999,237173,0.825,1,0.0,1,0.35,-5.705,1,37,0.108,110.959,0.479,2
0.281,0.62,188442,0.505,0,5.35e-06,8,0.116,-7.734,1,45,0.0246,105.946,0.679,3
0.841,0.404,195093,0.411,0,0.0059,5,0.0948,-11.508,1,43,0.0283,110.333,0.36,6
0.0721,0.764,229573,0.5870000000000001,0,6.45e-06,5,0.094,-7.002000000000002,0,67,0.0298,89.98,0.494,1
0.99,0.7709999999999999,172997,0.101,0,7.39e-06,4,0.211,-7.015,1,0,0.108,100.642,0.6,8
0.995,0.27,104227,0.0781,0,0.884,1,0.12,-26.488000000000003,1,3,0.0448,147.407,0.487,8
0.515,0.503,267307,0.637,0,0.0333,11,0.193,-10.811,0,34,0.0387,113.871,0.366,3
0.00108,0.575,198107,0.882,0,0.0,11,0.0452,-4.295,0,49,0.109,120.994,0.581,1
0.0134,0.633,295947,0.652,0,0.000131,0,0.21600000000000005,-12.012,1,30,0.0329,125.465,0.585,4
0.934,0.4920000000000001,266315,0.104,0,0.000612,8,0.0941,-23.323,1,0,0.0325,79.62,0.177,9
0.0753,0.359,203840,0.883,0,0.0,1,0.112,-3.535,1,62,0.0907,171.725,0.481,1
0.991,0.149,206000,0.134,0,0.914,5,0.108,-18.803,1,4,0.0358,83.304,0.0366,8
0.111,0.471,201960,0.836,0,0.000213,9,0.36,-10.398,0,23,0.0475,129.775,0.79,4
0.815,0.613,130442,0.489,0,0.0,10,0.154,-7.706,1,19,0.104,173.09599999999998,0.866,7
0.0015,0.544,210093,0.87,0,2.8e-06,8,0.246,-6.103,1,60,0.26,129.984,0.502,2
0.0457,0.6859999999999999,351867,0.647,0,0.0,8,0.491,-6.0429999999999975,0,36,0.0502,109.732,0.478,3
0.904,0.502,192067,0.494,0,0.933,9,0.0844,-7.685,0,0,0.0388,112.033,0.931,8
0.422,0.648,64510,0.944,0,0.939,9,0.0991,-8.59,0,30,0.0344,129.991,0.547,4
0.413,0.6990000000000001,179340,0.645,1,0.0,9,0.355,-5.307,1,71,0.078,104.939,0.6759999999999999,0
0.041,0.239,537333,0.5,0,0.737,2,0.128,-11.718,1,28,0.0358,131.436,0.238,5
0.197,0.713,192836,0.537,0,0.0,5,0.12,-8.629,1,1,0.0328,129.004,0.8540000000000001,7
0.97,0.634,126800,0.188,0,0.0,7,0.145,-15.884,0,0,0.479,173.771,0.904,7
0.606,0.698,260493,0.261,0,2.37e-05,2,0.0838,-13.079,1,34,0.042,103.909,0.383,3
0.8029999999999999,0.61,175560,0.3,0,1.27e-06,0,0.124,-9.041,1,37,0.0386,117.573,0.5429999999999999,3
0.256,0.763,320560,0.369,0,0.0,6,0.212,-14.550999999999998,0,39,0.0616,93.221,0.6990000000000001,4
0.0971,0.546,180346,0.918,1,1.11e-06,5,0.25,-9.237,1,41,0.0762,140.409,0.355,4
0.000147,0.361,149000,0.873,1,0.261,1,0.308,-10.335,1,25,0.0429,177.327,0.403,4
0.957,0.6609999999999999,99560,0.446,0,0.000519,5,0.72,-7.0429999999999975,1,0,0.055,88.928,0.961,8
0.00377,0.382,276093,0.812,1,0.00466,6,0.6859999999999999,-8.625,1,49,0.119,95.875,0.624,3
2.4e-05,0.361,276573,0.885,1,0.101,11,0.0789,-10.515999999999998,0,50,0.059,92.524,0.331,3
0.992,0.715,201793,0.262,0,0.0159,10,0.14300000000000002,-8.121,1,0,0.206,64.758,0.6779999999999999,8
0.14800000000000002,0.5920000000000001,329600,0.387,0,4.39e-05,9,0.122,-14.407,1,40,0.0289,147.869,0.422,3
0.209,0.3,413293,0.605,0,2.53e-05,0,0.125,-6.362,1,31,0.0348,145.673,0.272,5
0.952,0.386,244387,0.0916,0,0.0576,2,0.14,-19.326,1,30,0.0277,77.375,0.185,6
0.92,0.313,456560,0.289,0,0.944,9,0.124,-14.723,1,4,0.0385,137.658,0.29,7
0.078,0.873,301200,0.593,0,0.0069700000000000005,7,0.104,-8.942,1,67,0.103,123.091,0.495,3
0.0627,0.805,201293,0.479,0,0.000143,4,0.104,-14.734000000000002,1,67,0.0436,128.411,0.962,4
0.994,0.491,206813,0.422,0,0.00957,6,0.17800000000000002,-9.086,1,0,0.0581,73.385,0.8320000000000001,8
0.317,0.444,152680,0.359,0,0.21600000000000005,4,0.105,-16.8,0,31,0.0371,80.605,0.755,4
0.978,0.5579999999999999,208933,0.0753,0,0.67,5,0.0964,-18.594,1,16,0.0365,75.988,0.358,6
0.986,0.534,165471,0.3720000000000001,0,0.483,9,0.444,-8.673,1,0,0.0948,98.716,0.961,8
0.97,0.556,129880,0.454,0,0.0,3,0.177,-5.922999999999999,1,0,0.0558,147.273,0.6459999999999999,8
0.318,0.72,338734,0.718,0,2.82e-05,1,0.0818,-8.91,1,33,0.0721,107.968,0.936,4
0.4270000000000001,0.8079999999999999,161747,0.7609999999999999,0,0.0114,1,0.0913,-6.928,1,47,0.0539,95.003,0.943,2
0.00562,0.706,403000,0.524,0,2.13e-05,4,0.0297,-12.357,1,48,0.0681,121.979,0.894,5
0.966,0.579,184493,0.401,0,0.436,9,0.299,-7.954,0,0,0.159,161.17600000000004,0.948,9
0.47,0.731,147093,0.5489999999999999,0,0.0,5,0.388,-9.063,1,15,0.0349,113.091,0.892,6
0.7120000000000001,0.867,160760,0.667,0,9.65e-06,8,0.0504,-7.769,1,28,0.0821,107.6,0.97,4
0.6709999999999999,0.542,239893,0.287,0,0.000449,9,0.0868,-12.024,1,42,0.0376,129.976,0.15,5
0.0005200000000000001,0.338,238173,0.685,0,0.000512,1,0.109,-5.178,1,54,0.0322,102.192,0.221,2
0.000306,0.7190000000000001,221973,0.698,0,0.58,11,0.318,-6.7189999999999985,1,38,0.0366,100.927,0.7809999999999999,3
0.0907,0.6509999999999999,285800,0.861,0,0.000206,2,0.329,-7.87,1,39,0.0611,110.292,0.7090000000000001,4
0.0641,0.7140000000000001,140210,0.15,1,2.15e-05,1,0.308,-22.081,1,0,0.8690000000000001,124.543,0.841,8
0.975,0.241,197560,0.172,0,0.0239,8,0.162,-13.922,1,40,0.034,78.244,0.204,3
0.463,0.551,252800,0.447,0,3.73e-06,9,0.189,-12.293,1,40,0.0401,84.175,0.5579999999999999,3
0.204,0.48,185853,0.826,0,0.0,7,0.107,-5.6,1,51,0.058,139.876,0.462,1
0.624,0.474,385493,0.275,0,0.269,8,0.14300000000000002,-15.224,1,9,0.0387,149.789,0.618,6
0.0523,0.785,205418,0.62,0,0.0,9,0.146,-5.892,0,58,0.0733,180.00799999999995,0.467,1
0.845,0.391,104427,0.529,0,0.0858,6,0.065,-11.095,1,34,0.0329,161.304,0.902,3
0.991,0.322,169200,0.156,0,0.0251,3,0.151,-15.774,1,0,0.0378,127.418,0.163,7
0.8290000000000001,0.6779999999999999,145907,0.447,0,0.0,1,0.0842,-9.71,1,33,0.262,92.644,0.847,5
0.13,0.596,351613,0.503,0,0.0,4,0.0754,-7.606,1,47,0.0272,134.032,0.262,1
0.242,0.39,207840,0.406,0,0.000145,5,0.251,-7.967,1,36,0.0331,113.691,0.463,5
0.0504,0.5760000000000001,311413,0.792,0,0.0856,0,0.0677,-4.488,0,0,0.0377,131.92600000000002,0.847,7
0.29,0.757,312440,0.581,0,0.00041900000000000016,8,0.102,-11.08,1,36,0.0342,89.729,0.917,3
0.995,0.774,192987,0.114,0,0.547,6,0.112,-19.595,1,0,0.138,120.897,0.529,9
0.125,0.6,312533,0.409,0,0.00483,11,0.161,-10.353,1,54,0.0411,131.39700000000002,0.47,2
0.899,0.64,95861,0.368,0,0.042,4,0.11,-7.501,1,0,0.073,127.656,0.918,8
0.743,0.8240000000000001,214800,0.434,0,0.596,5,0.106,-15.084,0,24,0.0335,127.504,0.948,5
0.00299,0.507,308933,0.642,0,0.606,2,0.141,-12.923,1,60,0.0323,146.154,0.631,4
0.894,0.509,229493,0.192,0,0.69,0,0.149,-18.553,0,9,0.047,108.04,0.598,6
0.971,0.334,162400,0.0359,0,0.000201,10,0.183,-19.489,1,39,0.0355,82.535,0.206,4
0.0008900000000000002,0.369,218440,0.86,0,0.0,4,0.321,-4.167,0,50,0.136,177.851,0.512,1
0.0595,0.366,260067,0.363,0,0.0,7,0.124,-14.64,0,31,0.0286,83.807,0.496,6
0.006679999999999999,0.716,300067,0.5770000000000001,1,0.0,6,0.314,-6.835,1,44,0.4370000000000001,148.023,0.5720000000000001,2
0.932,0.514,132359,0.485,0,0.5379999999999999,5,0.598,-9.032,1,32,0.0275,103.356,0.625,6
0.667,0.573,306067,0.59,0,0.000397,3,0.691,-8.43,1,68,0.0557,108.789,0.364,3
0.423,0.389,162707,0.421,0,0.0,10,0.16,-10.013,0,16,0.0361,89.06299999999996,0.407,6
0.0203,0.465,276160,0.473,0,2.95e-05,7,0.117,-10.772,1,20,0.0277,144.155,0.477,6
0.945,0.649,178213,0.499,0,0.177,4,0.841,-13.106,0,0,0.267,108.125,0.8540000000000001,7
0.725,0.424,567973,0.44,0,0.0213,9,0.251,-11.835,0,36,0.166,114.958,0.321,6
0.0914,0.741,223760,0.8079999999999999,0,0.0147,11,0.0488,-4.367,0,55,0.026,107.234,0.908,4
0.00209,0.489,217787,0.887,0,0.0,1,0.0531,-5.388,0,60,0.081,175.96900000000005,0.626,1
0.647,0.481,152053,0.453,0,0.0,3,0.17600000000000002,-6.5710000000000015,1,14,0.0355,123.928,0.499,7
0.846,0.708,352173,0.272,0,0.902,5,0.239,-15.371,0,5,0.0443,92.658,0.551,6
0.0175,0.6759999999999999,192613,0.8390000000000001,0,0.0,4,0.0885,-3.922,0,61,0.033,94.013,0.8909999999999999,2
0.584,0.172,139667,0.0949,0,0.626,5,0.156,-22.061,1,32,0.0409,87.65899999999998,0.0357,5
0.995,0.289,183160,0.181,0,0.754,8,0.276,-16.214000000000002,1,0,0.0396,69.266,0.214,9
0.235,0.7290000000000001,302720,0.731,0,1.35e-06,4,0.391,-4.823,1,59,0.0682,138.204,0.838,2
0.078,0.722,307386,0.586,0,0.0008029999999999999,2,0.13699999999999998,-15.372,1,24,0.0506,133.358,0.777,4
0.0467,0.635,361832,0.647,1,0.0,4,0.213,-8.957,0,50,0.315,75.923,0.745,1
0.471,0.414,329013,0.487,0,6.14e-05,11,0.121,-6.233,0,55,0.0285,129.881,0.146,1
0.264,0.815,180693,0.35200000000000004,1,0.0,8,0.177,-6.563,0,68,0.044,104.984,0.474,1
0.922,0.162,264000,0.123,0,0.797,2,0.0878,-25.743,1,62,0.0458,130.583,0.0434,0
0.992,0.412,222373,0.261,0,0.797,1,0.285,-17.889,0,0,0.172,74.753,0.758,8
0.406,0.604,236384,0.551,1,0.0,10,0.395,-5.768,0,62,0.0478,76.067,0.423,1
0.993,0.448,334760,0.0146,0,0.885,3,0.0862,-28.024,1,34,0.0691,76.4,0.142,6
0.0987,0.7609999999999999,227467,0.7440000000000001,0,0.0,5,0.239,-12.936,1,48,0.101,108.254,0.9,4
0.00598,0.743,175082,0.8009999999999999,0,2.46e-05,5,0.17800000000000002,-4.097,0,72,0.0343,121.965,0.381,0
0.988,0.5710000000000001,195253,0.409,0,0.068,6,0.18,-9.649,0,0,0.0316,105.842,0.8290000000000001,9
0.000356,0.516,244040,0.907,0,0.028,6,0.0903,-6.1370000000000005,1,34,0.0496,131.91299999999998,0.457,3
0.0299,0.393,492067,0.604,0,0.0265,9,0.08,-8.368,0,50,0.0395,137.997,0.304,2
0.011,0.518,144173,0.919,0,0.181,4,0.196,-4.721,0,52,0.0285,154.097,0.752,5
0.00195,0.7659999999999999,121010,0.498,1,0.0,7,0.306,-10.147,0,73,0.0519,104.006,0.496,1
0.973,0.642,171120,0.104,0,0.741,7,0.175,-14.055,1,8,0.0505,77.2,0.334,10
0.0268,0.516,212467,0.794,0,0.157,9,0.111,-13.504,1,29,0.126,155.148,0.589,4
0.917,0.59,174680,0.193,0,9.82e-06,3,0.272,-12.182,1,10,0.0348,100.26,0.539,6
0.8959999999999999,0.55,165600,0.27,0,0.0,0,0.457,-16.892,0,1,0.0414,93.466,0.765,7
0.109,0.67,350307,0.7609999999999999,0,0.00761,11,0.102,-10.879,0,34,0.104,95.846,0.0936,3
0.994,0.39,124627,0.00468,0,0.956,4,0.0864,-27.84800000000001,0,0,0.045,87.969,0.213,8
0.174,0.449,262000,0.524,0,3.44e-05,7,0.0866,-6.151,1,36,0.0381,106.388,0.483,5
0.0863,0.6920000000000001,186800,0.797,0,0.0,5,0.18600000000000005,-6.2479999999999976,1,58,0.0439,125.022,0.763,1
0.0701,0.789,365440,0.524,0,0.262,5,0.193,-9.542,0,46,0.0368,125.023,0.5379999999999999,2
0.317,0.7909999999999999,264653,0.863,1,1.13e-06,3,0.27,-6.1179999999999986,0,54,0.151,97.035,0.742,2
0.253,0.612,380227,0.365,0,0.0,10,0.441,-17.132,0,13,0.952,68.186,0.727,9
0.989,0.198,127507,0.0807,0,0.883,8,0.0947,-27.095,1,5,0.038,64.703,0.425,9
0.963,0.266,168760,0.311,0,1.83e-05,10,0.282,-9.465,1,0,0.0353,108.243,0.161,7
0.805,0.565,220827,0.51,0,0.4320000000000001,10,0.106,-16.969,0,8,0.0802,107.687,0.747,7
0.958,0.496,198200,0.238,0,0.0109,1,0.0875,-11.026,1,64,0.0301,175.96,0.349,2
0.00024900000000000004,0.3,364400,0.945,0,0.523,10,0.0789,-4.47,1,32,0.0753,79.532,0.312,3
0.8640000000000001,0.628,69080,0.28800000000000003,0,0.0,11,0.7190000000000001,-13.890999999999998,1,0,0.41,109.126,0.7290000000000001,7
0.588,0.81,208293,0.353,1,0.0,6,0.102,-9.931,0,78,0.31,88.031,0.0727,1
0.294,0.512,212690,0.787,0,0.0,1,0.107,-7.377999999999999,1,56,0.0608,139.937,0.317,1
0.000314,0.393,250240,0.951,0,0.00505,7,0.0801,-3.595,0,54,0.0866,152.075,0.306,1
0.726,0.481,250800,0.31,0,0.787,10,0.139,-11.343,0,10,0.0393,153.14,0.415,7
0.203,0.422,260093,0.736,0,0.0,5,0.102,-4.426,0,53,0.049,129.278,0.303,2
0.994,0.902,163000,0.187,0,0.741,0,0.155,-11.83,0,0,0.086,119.881,0.833,10
0.00306,0.521,478493,0.82,0,0.7070000000000001,1,0.102,-7.497000000000001,1,40,0.032,144.011,0.429,2
0.00122,0.787,240880,0.6679999999999999,1,0.0,1,0.0914,-5.335,0,34,0.0737,81.907,0.601,3
0.982,0.277,1005933,0.146,0,0.884,10,0.0969,-20.513,1,0,0.035,84.884,0.0785,10
0.109,0.7390000000000001,482720,0.882,0,0.684,11,0.0185,-11.946,0,56,0.0539,98.424,0.941,5
0.7020000000000001,0.632,147373,0.465,0,1.1e-06,5,0.11,-10.817,0,37,0.0366,119.097,0.904,6
0.0417,0.573,253747,0.857,0,0.0,7,0.179,-2.85,1,59,0.0432,83.07,0.406,1
0.6829999999999999,0.4370000000000001,158773,0.284,0,1.42e-06,10,0.115,-13.116,1,51,0.0316,91.719,0.322,6
0.653,0.449,205667,0.3720000000000001,0,1.41e-05,11,0.153,-13.066,1,48,0.031,93.154,0.462,5
0.973,0.72,509680,0.0663,0,2.62e-06,0,0.173,-22.771,1,16,0.913,101.445,0.242,7
0.0515,0.431,296080,0.44,0,0.868,7,0.234,-10.288,1,53,0.033,76.883,0.0384,4
0.994,0.565,208255,0.116,0,0.000936,4,0.105,-10.252,0,0,0.0878,127.193,0.504,8
0.95,0.423,286293,0.111,0,1.7199999999999998e-05,7,0.136,-13.218,0,32,0.0328,131.692,0.131,5
0.725,0.0899,198107,0.491,0,0.7829999999999999,7,0.165,-9.502,0,4,0.039,83.20700000000002,0.0398,7
0.149,0.76,181093,0.68,0,0.000171,11,0.247,-5.484,1,42,0.0286,116.562,0.8590000000000001,3
0.981,0.794,188475,0.392,0,0.000127,2,0.107,-10.377,1,0,0.0528,113.139,0.922,8
0.336,0.58,236507,0.5870000000000001,0,0.0,6,0.355,-6.965,1,65,0.029,139.929,0.246,1
0.85,0.362,486853,0.943,1,0.0,1,0.419,-12.919,1,21,0.853,83.906,0.0374,4
0.0145,0.536,235466,0.949,0,0.109,11,0.115,-7.584,0,34,0.108,78.3,0.529,4
0.983,0.644,152416,0.441,0,0.00105,8,0.504,-12.686,1,0,0.0389,105.208,0.927,8
0.0378,0.419,330360,0.6940000000000001,0,0.00177,5,0.0898,-9.995,1,39,0.0382,99.298,0.716,5
0.0334,0.772,189613,0.655,0,0.000699,7,0.116,-6.212999999999999,1,61,0.0453,90.00299999999999,0.353,0
0.97,0.36,200747,0.5589999999999999,0,0.185,8,0.247,-7.0539999999999985,1,0,0.0335,100.411,0.73,8
0.914,0.66,62173,0.264,0,0.0153,10,0.101,-13.345999999999998,1,0,0.0474,77.22800000000002,0.845,9
0.981,0.41,190240,0.28,0,0.7509999999999999,0,0.308,-16.236,1,11,0.0301,142.22,0.326,7
0.364,0.733,283012,0.399,0,0.0,1,0.0777,-17.359,1,25,0.0321,96.538,0.946,4
0.393,0.768,197840,0.547,0,8.65e-05,9,0.116,-13.055,1,32,0.0497,121.97,0.605,4
0.000493,0.5760000000000001,248267,0.3720000000000001,0,0.0237,9,0.277,-12.605,1,53,0.0523,178.00400000000005,0.0603,3
0.519,0.579,125400,0.847,0,0.0,6,0.0483,-7.267,0,21,0.063,91.747,0.966,6
0.0497,0.491,239760,0.8009999999999999,0,0.152,0,0.149,-9.234,1,25,0.0635,104.068,0.645,5
0.992,0.36,209280,0.0815,0,0.00103,1,0.107,-15.152,1,36,0.0385,75.859,0.205,7
0.644,0.428,118133,0.293,0,0.0,7,0.473,-10.303,1,20,0.0332,116.335,0.483,5
0.922,0.527,189627,0.142,0,0.0,8,0.102,-14.726,1,5,0.0561,155.773,0.545,7
0.943,0.354,203600,0.387,0,0.00817,1,0.0674,-9.324,1,0,0.0293,99.883,0.442,9
0.0318,0.659,354636,0.846,0,0.0144,7,0.203,-5.507999999999999,1,68,0.0274,107.01,0.659,4
0.989,0.718,197370,0.254,0,2.01e-05,1,0.13,-6.95,1,0,0.306,109.585,0.713,8
0.105,0.591,73893,0.625,0,0.8640000000000001,11,0.0568,-11.876,0,3,0.0533,153.377,0.892,7
0.91,0.48,140267,0.114,0,0.966,4,0.0911,-22.504,0,38,0.0339,132.365,0.6990000000000001,6
4.15e-05,0.343,222653,0.947,0,0.0,10,0.134,-4.098,1,47,0.0557,84.95299999999997,0.462,1
0.8190000000000001,0.599,152800,0.261,0,2.43e-06,2,0.158,-11.967,1,17,0.0385,119.499,0.5670000000000001,6
0.00362,0.531,179067,0.95,0,0.0,5,0.378,-3.926,1,46,0.0486,96.925,0.525,2
0.038,0.738,235760,0.983,0,5.93e-06,5,0.183,-4.374,0,65,0.0855,92.998,0.957,2
0.634,0.515,340067,0.0318,0,0.0448,11,0.101,-29.088,0,31,0.0427,170.11700000000005,0.109,3
0.535,0.575,120000,0.226,0,0.0,5,0.34700000000000003,-12.545,1,57,0.08800000000000001,119.984,0.395,1
0.936,0.191,92640,0.11,0,0.971,5,0.304,-17.857,0,18,0.0369,119.084,0.204,6
0.996,0.428,136267,0.0188,0,0.944,9,0.0695,-28.288,1,0,0.0494,161.838,0.562,10
0.647,0.434,619000,0.478,0,3.92e-06,11,0.086,-15.478,0,49,0.0912,147.06,0.6940000000000001,3
0.733,0.769,147467,0.407,0,0.0,7,0.244,-13.556,1,47,0.031,115.65,0.921,6
0.0478,0.547,243040,0.898,0,1.18e-06,8,0.112,-8.485,0,36,0.0477,141.567,0.855,4
0.974,0.753,190467,0.0737,0,0.000946,7,0.101,-21.213,1,0,0.108,114.798,0.537,9
0.617,0.524,257760,0.498,0,5.75e-06,7,0.0918,-11.882,1,38,0.0371,138.89700000000002,0.917,3
0.268,0.669,201072,0.8009999999999999,0,0.0,8,0.0594,-5.445,1,78,0.136,109.919,0.541,1
0.99,0.43,167240,0.0923,0,0.00119,5,0.206,-19.708,1,11,0.0301,91.656,0.279,7
0.82,0.46,221665,0.552,0,0.00124,6,0.112,-7.917000000000002,0,13,0.0865,98.843,0.606,7
0.0518,0.679,307188,0.645,1,0.0,6,0.145,-7.777,0,72,0.222,125.795,0.203,1
0.233,0.6779999999999999,305067,0.591,1,0.0,4,0.325,-11.65,1,33,0.396,89.986,0.711,3
0.101,0.598,258933,0.8,0,0.000143,5,0.263,-10.574000000000002,0,60,0.0269,96.069,0.77,3
0.8420000000000001,0.502,491573,0.237,0,0.54,7,0.123,-15.253,1,9,0.0411,133.43200000000002,0.269,7
0.0866,0.565,248427,0.949,0,2.12e-05,3,0.303,-7.383999999999999,1,34,0.044,118.187,0.601,3
0.989,0.204,594600,0.027000000000000003,0,0.893,10,0.0817,-26.797,1,21,0.0333,78.898,0.115,4
0.66,0.753,223573,0.26,0,0.0,7,0.0929,-15.042,1,51,0.0505,131.702,0.76,4
0.782,0.5670000000000001,249191,0.388,1,0.000309,9,0.248,-9.579,0,77,0.0384,116.362,0.452,1
1.05e-05,0.436,240133,0.934,0,0.136,2,0.321,-2.685,1,73,0.0507,91.488,0.383,1
0.519,0.67,209323,0.542,0,0.0011,2,0.12,-12.625,1,25,0.0909,102.682,0.407,5
0.105,0.525,148533,0.654,0,0.0,10,0.106,-8.013,1,30,0.0935,131.94899999999998,0.6559999999999999,6
0.67,0.6509999999999999,129600,0.478,0,0.0,10,0.189,-12.038,1,34,0.0494,161.01,0.965,7
0.973,0.423,234240,0.0948,0,0.858,2,0.187,-22.659,1,33,0.0464,70.596,0.687,4
0.83,0.12,240000,0.998,0,0.897,9,0.505,-21.701,1,51,0.0755,147.787,1e-05,1
0.764,0.39,652840,0.363,0,0.000162,8,0.918,-16.156,1,0,0.0506,110.328,0.542,9
0.177,0.591,227747,0.967,1,0.0,11,0.359,-3.068,1,58,0.21600000000000005,92.605,0.858,1
0.00114,0.277,160373,0.486,0,0.271,2,0.141,-10.526,1,20,0.0316,68.817,0.229,6
0.967,0.29,258293,0.253,0,0.0782,0,0.119,-15.686,1,0,0.0531,115.412,0.125,7
0.00219,0.493,290000,0.8059999999999999,0,0.101,6,0.261,-6.937,1,50,0.076,142.972,0.355,1
0.0224,0.6579999999999999,323107,0.912,0,0.00928,7,0.067,-4.51,1,40,0.195,200.105,0.718,2
0.419,0.443,221427,0.4320000000000001,0,6.23e-05,5,0.217,-10.23,1,39,0.0239,78.862,0.39,5
0.482,0.599,163200,0.511,0,2.03e-05,10,0.306,-10.072,1,44,0.0294,88.229,0.779,4
0.499,0.7609999999999999,141733,0.425,0,2.02e-06,8,0.0596,-12.941,1,51,0.211,88.275,0.879,1
0.981,0.82,101960,0.35100000000000003,0,8.56e-05,11,0.12,-12.375,1,47,0.29,159.955,0.778,3
0.715,0.606,243213,0.226,0,0.0001,2,0.35,-10.617,0,63,0.0347,122.711,0.142,2
0.000334,0.526,130347,0.972,1,4.91e-05,2,0.207,-4.093,1,43,0.044,154.63,0.946,3
0.0249,0.784,200187,0.517,1,1.44e-06,4,0.155,-8.981,0,77,0.209,97.991,0.206,1
0.0242,0.484,266333,0.64,0,0.0,6,0.235,-8.592,1,50,0.0283,82.015,0.29600000000000004,1
0.705,0.45,185867,0.39,0,0.00236,7,0.115,-13.094,1,24,0.0291,99.324,0.737,6
0.917,0.269,49600,0.0548,0,0.93,7,0.24,-20.865,1,11,0.0319,99.195,0.573,7
0.941,0.439,137574,0.128,0,0.00153,8,0.141,-11.482,0,2,0.0317,73.72800000000002,0.29600000000000004,7
0.993,0.4920000000000001,57718,0.0465,0,0.961,2,0.118,-25.636,1,66,0.0424,64.271,0.5710000000000001,0
0.0263,0.784,216961,0.44,1,1.9e-06,10,0.122,-6.566,1,60,0.0401,118.089,0.22,1
0.6459999999999999,0.5529999999999999,370840,0.818,0,0.0,4,0.122,-6.16,0,7,0.102,93.755,0.654,0
0.679,0.7340000000000001,66947,0.7240000000000001,0,0.8420000000000001,7,0.258,-11.339,0,53,0.0398,116.982,0.85,1
0.171,0.958,144427,0.376,0,0.0,8,0.127,-7.063,1,76,0.0523,107.964,0.331,1
0.00309,0.474,296307,0.978,0,0.0,11,0.421,-5.454,1,47,0.16399999999999998,111.217,0.0722,3
0.995,0.616,190200,0.191,0,0.945,4,0.121,-20.357,1,0,0.0482,132.45,0.951,8
0.028,0.501,225200,0.648,0,1.26e-05,9,0.153,-7.172999999999999,1,60,0.0696,163.834,0.191,1
3.78e-05,0.475,219893,0.912,0,2.25e-05,2,0.0806,-7.023,1,25,0.058,137.805,0.5920000000000001,5
0.0998,0.6940000000000001,189493,0.63,0,0.0006349999999999999,7,0.12,-6.84,0,69,0.162,90.045,0.341,1
0.0144,0.884,206187,0.53,1,0.0,5,0.095,-5.776,0,61,0.0379,99.021,0.262,1
0.981,0.616,92415,0.406,0,0.000363,7,0.187,-9.996,0,0,0.0455,130.878,0.83,7
0.0643,0.643,174320,0.716,0,0.0,2,0.14,-6.733,1,68,0.0915,81.027,0.8540000000000001,1
0.525,0.921,197079,0.607,1,1.12e-06,1,0.123,-7.397,1,71,0.209,140.071,0.753,1
0.841,0.509,232400,0.462,0,9.11e-06,10,0.18,-11.871,1,2,0.204,140.1,0.769,7
0.257,0.51,432587,0.506,0,0.00409,5,0.117,-13.327,1,41,0.0576,143.016,0.7090000000000001,5
0.989,0.406,490587,0.217,0,0.893,3,0.13,-19.393,1,0,0.0313,109.475,0.4270000000000001,10
0.141,0.8290000000000001,261173,0.821,1,0.0,9,0.585,-6.184,1,50,0.3670000000000001,104.966,0.602,1
0.374,0.83,237013,0.71,1,0.0,11,0.0877,-5.523,0,72,0.326,93.977,0.703,1
0.98,0.417,103333,0.0587,0,0.0,6,0.13,-15.71,0,6,0.0707,162.362,0.111,7
0.727,0.7070000000000001,163693,0.6629999999999999,0,0.74,2,0.192,-9.26,0,33,0.046,94.949,0.962,6
0.983,0.645,175693,0.218,0,0.3,1,0.269,-19.229,1,0,0.208,107.023,0.544,9
0.953,0.411,228213,0.267,0,0.0,0,0.16699999999999998,-8.484,1,55,0.031,137.80100000000002,0.303,1
0.995,0.459,42640,0.213,0,0.885,7,0.138,-25.094,1,8,0.0671,143.16299999999995,0.97,7
0.0763,0.563,202347,0.688,0,0.0,7,0.0863,-4.474,1,73,0.0262,108.008,0.622,1
0.0814,0.82,223173,0.6809999999999999,0,0.0,10,0.0432,-7.935,0,24,0.0495,150.754,0.966,4
0.792,0.424,209537,0.35600000000000004,0,0.0,6,0.14800000000000002,-8.374,1,63,0.0777,125.41,0.0738,1
0.509,0.523,843747,0.775,0,0.0408,7,0.244,-9.806,1,8,0.194,72.29,0.6579999999999999,7
0.818,0.13,195947,0.319,0,0.00198,8,0.184,-9.934,1,6,0.0353,172.997,0.1,7
0.825,0.7390000000000001,155533,0.304,0,1.15e-06,0,0.18,-9.039,1,49,0.0454,161.86700000000005,0.95,3
0.00107,0.765,195973,0.8370000000000001,0,1.06e-05,1,0.0801,-3.113,0,74,0.032,122.028,0.721,1
0.634,0.618,130027,0.879,0,0.000315,10,0.373,-3.675,1,15,0.0421,89.762,0.958,6
0.1,0.826,228640,0.595,0,0.0027,9,0.0392,-5.439,0,44,0.0433,149.35,0.711,2
0.993,0.273,192947,0.121,0,0.0425,9,0.316,-16.847,1,11,0.0377,78.759,0.217,7
0.0966,0.667,286220,0.755,0,6.94e-05,9,0.0523,-7.246,1,36,0.069,109.535,0.883,5
0.91,0.48,243027,0.0965,0,0.0481,0,0.0954,-21.75800000000001,1,23,0.0443,139.718,0.324,5
0.0769,0.7070000000000001,229107,0.759,0,2.84e-05,11,0.0775,-12.328,0,65,0.046,115.142,0.955,4
0.983,0.381,548067,0.102,0,0.757,8,0.122,-17.741,1,0,0.0492,109.326,0.118,8
0.996,0.725,167120,0.284,0,0.961,0,0.223,-14.01,0,0,0.0691,119.168,0.8029999999999999,10
0.371,0.396,254200,0.333,0,1.0800000000000003e-05,7,0.166,-13.099,1,41,0.0372,166.895,0.227,3
0.00701,0.578,199080,0.866,0,0.0,1,0.257,-3.804,1,69,0.0619,128.03799999999998,0.619,1
0.7020000000000001,0.565,110173,0.5529999999999999,0,0.0,2,0.338,-14.272,0,36,0.08800000000000001,108.959,0.476,3
2.7e-05,0.328,176573,0.83,0,0.491,7,0.315,-9.831,1,46,0.0372,85.725,0.636,5
0.995,0.49,166493,0.272,0,0.924,9,0.246,-8.696,0,0,0.0697,84.30799999999998,0.654,8
0.993,0.8009999999999999,198493,0.172,0,0.51,8,0.243,-10.946,0,0,0.086,116.128,0.732,9
0.667,0.458,227040,0.472,0,7.290000000000001e-05,7,0.203,-11.87,0,35,0.0455,138.65200000000002,0.597,6
0.0997,0.7120000000000001,144507,0.387,0,0.8490000000000001,7,0.0653,-16.05,1,29,0.033,106.903,0.69,6
0.0215,0.674,466053,0.693,0,0.521,9,0.0788,-7.705,1,25,0.0408,94.013,0.747,3
0.000123,0.535,294627,0.964,0,0.659,1,0.622,-5.488,1,41,0.201,139.73,0.0668,3
0.903,0.433,79840,0.29100000000000004,0,0.907,2,0.3670000000000001,-17.56,1,48,0.0501,106.65,0.631,3
0.507,0.701,255227,0.361,0,0.0,0,0.127,-15.142,1,28,0.0585,92.81,0.695,5
0.396,0.4370000000000001,295387,0.8640000000000001,0,0.0314,4,0.242,-7.842,0,73,0.0904,81.39399999999998,0.7490000000000001,5
0.394,0.7170000000000001,139254,0.608,1,0.0,0,0.35100000000000003,-7.826,1,60,0.31,139.783,0.8270000000000001,1
0.78,0.202,211160,0.298,0,0.843,5,0.5429999999999999,-14.908,0,0,0.0488,87.189,0.13,7
0.14800000000000002,0.527,166400,0.593,0,0.0,8,0.0921,-9.455,1,39,0.0715,173.145,0.7290000000000001,2
0.224,0.537,266320,0.337,1,0.0,4,0.107,-8.117,1,39,0.0728,105.367,0.605,2
0.7859999999999999,0.782,166307,0.599,0,0.0,5,0.275,-8.6,1,12,0.0998,123.766,0.964,6
0.342,0.643,285773,0.471,0,0.000202,10,0.0845,-13.05,0,37,0.0336,73.482,0.623,4
0.741,0.6,291947,0.633,0,0.0736,4,0.0478,-7.5070000000000014,0,61,0.0667,120.627,0.966,5
0.337,0.918,241587,0.6809999999999999,1,0.0,1,0.644,-7.399,1,51,0.309,117.994,0.843,2
0.662,0.488,740533,0.429,0,0.000297,3,0.978,-14.845999999999998,1,18,0.0454,130.21200000000002,0.349,7
0.799,0.679,111000,0.105,1,0.0,8,0.591,-20.298,1,0,0.959,67.157,0.628,8
0.481,0.502,145653,0.445,0,0.0,1,0.0823,-9.562,1,44,0.0688,140.988,0.939,2
0.338,0.7509999999999999,290360,0.989,1,0.0,7,0.32299999999999995,-4.628,0,42,0.198,134.965,0.509,2
0.913,0.7040000000000001,1325093,0.223,0,0.0,2,0.326,-24.48,0,0,0.935,112.485,0.403,8
0.22,0.473,425827,0.215,0,0.112,4,0.32,-16.925,0,22,0.036000000000000004,76.23100000000002,0.481,5
0.225,0.447,177520,0.484,0,2.17e-05,9,0.17600000000000002,-10.401,1,30,0.0444,97.397,0.628,6
0.491,0.619,117933,0.573,0,0.8029999999999999,7,0.158,-16.235,1,22,0.0376,156.753,0.977,6
0.407,0.542,325493,0.499,0,0.0005,5,0.0771,-10.423,0,50,0.0671,178.28099999999995,0.655,5
0.131,0.46,278267,0.772,0,0.0412,0,0.0527,-9.233,1,49,0.0444,138.002,0.531,3
0.989,0.659,149693,0.29600000000000004,0,0.312,10,0.115,-19.019,0,0,0.193,123.684,0.851,10
0.981,0.395,198627,0.0279,0,0.902,7,0.0858,-27.607,1,9,0.0515,133.099,0.256,8
0.274,0.703,204280,0.5710000000000001,0,0.0,0,0.0578,-7.723,1,29,0.0406,131.091,0.925,6
0.933,0.503,163987,0.225,0,0.000868,5,0.14300000000000002,-11.991,1,5,0.0425,119.615,0.532,8
0.14800000000000002,0.604,204957,0.418,1,0.0382,4,0.102,-11.566,0,0,0.0417,80.07300000000002,0.0778,10
0.000773,0.509,213867,0.8859999999999999,0,0.142,7,0.0995,-5.192,1,48,0.0512,144.92600000000004,0.659,2
0.915,0.555,167267,0.361,0,0.0,0,0.387,-12.223,1,45,0.0686,150.616,0.83,5
0.0385,0.596,372107,0.937,1,0.00131,8,0.16899999999999998,-5.313,1,38,0.392,163.349,0.858,3
0.7040000000000001,0.5770000000000001,443693,0.501,0,0.584,10,0.643,-12.834,0,14,0.045,111.818,0.648,6
0.0704,0.66,1111600,0.953,0,0.665,7,0.0842,-9.006,1,18,0.0382,92.048,0.6409999999999999,5
0.934,0.362,242860,0.622,0,0.000589,10,0.121,-7.239,0,3,0.056,170.84900000000005,0.787,8
0.354,0.326,193093,0.66,0,1.01e-05,4,0.106,-8.533999999999999,1,35,0.0316,85.176,0.381,4
0.14,0.679,249093,0.728,0,5.67e-06,8,0.069,-10.126,1,38,0.0277,103.99,0.547,3
0.992,0.468,193053,0.371,0,0.0126,9,0.743,-11.156,1,0,0.0564,106.352,0.742,9
0.244,0.473,184813,0.722,0,0.0,2,0.478,-5.398,1,58,0.04,77.11,0.813,5
0.8809999999999999,0.8640000000000001,222600,0.345,0,0.805,11,0.111,-11.264,1,35,0.0549,94.674,0.542,3
0.133,0.613,218933,0.8009999999999999,0,0.0,7,0.545,-5.165,1,51,0.0352,149.25799999999995,0.691,4
0.713,0.5820000000000001,206307,0.211,0,0.0,11,0.141,-15.67,1,45,0.0273,80.601,0.316,3
0.928,0.682,165880,0.154,0,0.868,2,0.159,-21.214,0,8,0.0377,84.037,0.7190000000000001,7
0.000883,0.564,260093,0.873,1,0.00505,2,0.111,-6.102,1,46,0.0997,178.1,0.616,2
0.993,0.362,165333,0.108,0,0.916,9,0.111,-25.842,1,1,0.048,102.002,0.7240000000000001,9
0.4370000000000001,0.7859999999999999,149933,0.882,0,0.0,4,0.0603,-5.675,1,33,0.084,86.915,0.899,4
0.0114,0.612,239027,0.605,0,0.00011,5,0.31,-6.49,1,48,0.0311,94.964,0.201,1
0.995,0.498,203639,0.0269,0,0.856,6,0.14400000000000002,-19.445,1,0,0.101,69.35,0.5379999999999999,8
0.989,0.414,197067,0.405,0,0.429,9,0.458,-14.265,1,0,0.0443,117.653,0.573,7
0.00678,0.78,281867,0.422,1,0.0,11,0.499,-9.745,0,52,0.32,91.482,0.5870000000000001,3
0.471,0.484,161120,0.5529999999999999,1,0.0,10,0.276,-7.914,0,72,0.353,103.772,0.598,0
0.00389,0.574,156133,0.885,0,0.0232,9,0.278,-8.482000000000001,1,44,0.0311,123.872,0.858,5
0.546,0.506,239627,0.482,0,0.897,8,0.0895,-18.145,1,27,0.0621,104.216,0.675,6
0.902,0.473,99133,0.0574,0,0.872,4,0.309,-31.57,0,18,0.0318,129.733,0.104,6
0.723,0.43,151040,0.45,0,0.0033,2,0.355,-9.172,1,42,0.0523,166.21099999999996,0.764,3
0.52,0.617,240467,0.828,0,0.117,7,0.455,-12.459,1,33,0.0607,132.933,0.713,4
0.154,0.532,256987,0.899,0,0.0,6,0.332,-4.0139999999999985,1,39,0.0428,135.755,0.626,3
0.953,0.389,211600,0.122,0,0.489,2,0.0538,-22.312,1,45,0.0448,153.201,0.586,2
0.005520000000000001,0.757,371267,0.505,0,0.0182,4,0.13,-10.934,0,50,0.0358,128.97899999999998,0.693,4
0.17,0.299,226000,0.835,0,0.00343,6,0.106,-6.42,1,28,0.0506,162.7,0.66,4
0.299,0.383,385533,0.174,0,0.736,10,0.0879,-16.852,1,12,0.0389,151.67600000000004,0.359,7
0.366,0.519,353600,0.414,0,0.0,2,0.29,-8.852,1,53,0.0284,122.797,0.147,2
0.936,0.0891,284000,0.0894,0,0.748,2,0.416,-25.653,1,54,0.042,80.828,0.0728,3
0.109,0.53,154240,0.685,0,0.000277,9,0.123,-6.69,1,57,0.0658,113.618,0.7090000000000001,5
0.00265,0.674,336560,0.7070000000000001,0,0.00214,10,0.35200000000000004,-10.799,0,48,0.0343,104.854,0.7120000000000001,3
0.4970000000000001,0.41,118627,0.775,0,0.0,2,0.199,-5.206,1,30,0.0485,131.412,0.715,6
0.132,0.775,246027,0.7190000000000001,0,1.79e-06,7,0.0662,-6.2120000000000015,0,68,0.0435,117.513,0.7120000000000001,1
0.7240000000000001,0.433,173960,0.318,0,2.5e-05,2,0.34700000000000003,-9.149,1,45,0.0271,109.32,0.4320000000000001,2
0.0387,0.547,396773,0.56,0,3.46e-06,0,0.0632,-6.319,1,43,0.0241,83.32,0.472,3
0.915,0.477,362946,0.445,0,0.925,6,0.226,-13.384,1,34,0.0374,77.877,0.314,4
0.191,0.454,384133,0.518,0,0.0,0,0.936,-8.396,0,50,0.0936,120.103,0.329,2
0.991,0.33,201493,0.0669,0,0.953,4,0.14,-19.147,1,0,0.0426,73.457,0.256,8
0.006790000000000001,0.486,185533,0.87,0,3.15e-06,2,0.312,-4.947,1,54,0.0903,97.013,0.336,2
0.7979999999999999,0.508,188360,0.149,0,0.0,4,0.123,-18.458,1,34,0.0371,128.30700000000002,0.456,3
0.452,0.292,393853,0.418,0,0.17,0,0.14400000000000002,-14.295,1,23,0.0352,103.624,0.182,6
0.303,0.579,366707,0.539,0,4.82e-06,5,0.189,-13.084,1,52,0.0568,134.22299999999998,0.381,4
0.952,0.7440000000000001,296333,0.47,0,0.0681,10,0.11,-10.738,0,50,0.0332,124.388,0.813,2
0.57,0.556,206427,0.809,0,0.0166,0,0.196,-13.108,0,21,0.0682,124.319,0.87,4
0.7090000000000001,0.802,236667,0.5329999999999999,0,2.67e-06,0,0.219,-9.355,1,38,0.0311,126.045,0.833,2
0.008870000000000001,0.7809999999999999,214600,0.574,1,0.0,2,0.755,-5.97,1,50,0.0376,115.026,0.802,1
0.996,0.599,201347,0.313,0,0.794,11,0.134,-11.834,1,0,0.0497,77.111,0.807,8
0.787,0.4270000000000001,181187,0.212,0,0.0,8,0.325,-15.847,1,16,0.0312,92.772,0.333,6
0.512,0.581,460506,0.8059999999999999,0,0.106,9,0.941,-9.757,1,31,0.0524,120.294,0.716,5
0.835,0.635,160907,0.101,0,0.000365,5,0.13,-17.323,1,12,0.0376,94.988,0.364,7
0.98,0.359,215493,0.401,0,0.77,3,0.578,-11.368,1,0,0.115,201.99400000000003,0.589,8
0.0264,0.464,177453,0.901,0,0.0,7,0.233,-3.4210000000000003,1,56,0.0462,97.978,0.636,2
0.00109,0.322,308667,0.8959999999999999,0,0.00124,6,0.197,-5.299,1,48,0.0721,177.727,0.221,2
0.0135,0.71,207960,0.909,0,0.00123,2,0.303,-2.777,1,67,0.0639,115.001,0.648,1
0.097,0.894,269813,0.59,1,9.06e-06,9,0.329,-5.716,1,65,0.221,147.009,0.575,1
0.679,0.452,164223,0.608,0,0.007640000000000002,10,0.0663,-8.363999999999999,1,31,0.0867,190.361,0.889,3
0.828,0.6729999999999999,139627,0.224,0,0.0,2,0.0792,-12.043,1,27,0.0542,115.757,0.464,7
0.8320000000000001,0.454,186480,0.182,0,0.0097,7,0.2,-20.81,1,32,0.0464,142.858,0.0764,7
0.027000000000000003,0.527,317627,0.898,0,0.0,0,0.0686,-3.624,0,62,0.0367,162.058,0.462,2
0.0321,0.8540000000000001,244000,0.487,1,0.0,11,0.103,-8.599,0,33,0.417,153.389,0.8440000000000001,3
0.023,0.804,360705,0.406,0,0.8370000000000001,7,0.106,-11.154000000000002,0,60,0.0472,120.012,0.124,1
0.972,0.596,142307,0.35200000000000004,0,0.0,9,0.319,-12.199000000000002,1,25,0.213,100.216,0.66,6
0.958,0.754,97085,0.197,0,0.944,2,0.0966,-11.627,1,61,0.105,140.178,0.326,1
0.8320000000000001,0.301,215733,0.132,0,7.36e-06,0,0.211,-14.95,1,13,0.0342,167.237,0.369,7
0.987,0.521,274782,0.279,0,0.00404,9,0.122,-13.74,1,0,0.0659,117.919,0.93,9
0.6559999999999999,0.785,462000,0.4370000000000001,0,0.00413,4,0.132,-14.317,0,45,0.0403,132.44799999999998,0.92,4
0.995,0.6,209682,0.0435,0,0.416,7,0.0817,-13.722,1,0,0.209,68.44800000000001,0.515,7
0.489,0.155,464280,0.304,0,0.206,4,0.11,-11.896,0,29,0.0353,46.86600000000001,0.159,6
0.483,0.6890000000000001,327373,0.836,0,0.0,2,0.266,-5.734,1,35,0.267,164.123,0.6990000000000001,2
0.95,0.635,185213,0.254,0,0.00304,9,0.304,-12.311,0,9,0.126,169.252,0.691,9
0.636,0.7290000000000001,273333,0.412,0,2.75e-06,1,0.0429,-13.962,1,52,0.0248,95.912,0.6709999999999999,4
0.873,0.465,183520,0.443,0,0.04,9,0.284,-10.273,1,0,0.0327,91.194,0.557,8
0.933,0.332,127933,0.281,0,0.000451,11,0.35700000000000004,-13.508,1,19,0.028,81.084,0.426,6
0.6409999999999999,0.263,461093,0.22,0,0.29600000000000004,2,0.129,-12.755999999999998,1,27,0.0335,123.617,0.122,6
0.4970000000000001,0.8320000000000001,264427,0.621,0,1.56e-05,11,0.08900000000000001,-6.581,1,45,0.0658,111.604,0.943,3
0.0138,0.812,145625,0.71,1,0.0,10,0.132,-6.3210000000000015,0,63,0.327,84.963,0.805,1
0.000252,0.276,266027,0.883,0,0.462,9,0.0973,-5.625,1,57,0.0446,164.05200000000005,0.16399999999999998,4
0.5770000000000001,0.302,140947,0.116,0,0.00575,9,0.184,-23.34800000000001,1,3,0.0455,147.168,0.139,7
0.911,0.55,146293,0.483,0,0.917,8,0.309,-13.429,1,1,0.0562,146.334,0.7859999999999999,9
0.0161,0.526,241440,0.7120000000000001,0,0.0,11,0.179,-6.525,0,73,0.0356,105.009,0.32,1
0.0133,0.468,244493,0.961,0,0.0,11,0.331,-1.4340000000000002,1,65,0.0727,94.646,0.354,1
0.464,0.28600000000000003,379241,0.499,0,0.000682,0,0.102,-11.095999999999998,1,56,0.044,176.437,0.145,3
0.0217,0.4320000000000001,310493,0.85,0,0.000268,2,0.955,-7.896,1,42,0.118,177.93200000000004,0.4320000000000001,3
0.199,0.503,347267,0.693,1,0.0,10,0.077,-6.026,0,47,0.219,80.542,0.743,2
0.0169,0.319,205893,0.662,0,0.919,9,0.11,-15.468,0,32,0.0459,95.283,0.295,5
0.674,0.424,152027,0.274,0,0.00734,11,0.121,-9.795,1,49,0.0372,170.139,0.25,1
0.575,0.49,124067,0.334,0,7.09e-06,0,0.805,-11.514,1,15,0.0282,155.844,0.823,7
0.0286,0.465,192783,0.708,0,1.34e-05,11,0.108,-6.299,0,47,0.0327,97.532,0.388,3
0.0135,0.8109999999999999,215133,0.851,0,8.13e-06,6,0.0731,-7.174,1,49,0.17,96.761,0.6990000000000001,4
0.996,0.583,166387,0.338,0,0.957,5,0.127,-14.555,1,0,0.0527,126.456,0.5539999999999999,10
0.855,0.59,168360,0.402,0,0.000424,3,0.0856,-8.476,1,39,0.0321,111.114,0.8490000000000001,3
0.6459999999999999,0.387,314307,0.539,0,0.0,8,0.272,-6.77,1,25,0.0424,151.761,0.498,6
0.41,0.511,242680,0.629,0,0.0,0,0.162,-7.755,1,67,0.151,129.924,0.0442,1
0.989,0.392,127253,0.237,0,0.898,1,0.13,-20.754,0,0,0.0433,110.866,0.932,7
0.562,0.332,331507,0.31,0,0.000118,9,0.111,-13.095999999999998,0,52,0.0362,129.764,0.338,5
0.045,0.605,305893,0.907,0,0.166,11,0.122,-6.0379999999999985,0,30,0.0673,97.283,0.6920000000000001,4
0.969,0.485,183373,0.316,0,0.00154,3,0.145,-10.26,1,0,0.0328,73.80199999999998,0.608,8
0.996,0.472,160507,0.191,0,0.8740000000000001,3,0.17600000000000002,-21.682,0,0,0.0459,125.562,0.547,10
0.001,0.395,163760,0.902,1,0.0,8,0.327,-5.808,0,61,0.17600000000000002,184.737,0.632,1
0.116,0.7140000000000001,204973,0.394,0,0.0,9,0.126,-14.748,1,47,0.0406,121.671,0.667,5
0.5379999999999999,0.667,200467,0.386,0,0.0,7,0.0734,-10.024,1,35,0.0285,95.039,0.326,4
0.988,0.465,417454,0.0834,0,0.456,9,0.104,-17.414,1,2,0.0836,74.607,0.337,9
0.3720000000000001,0.3720000000000001,392333,0.277,1,0.937,0,0.0944,-16.034000000000002,1,0,0.076,180.707,0.206,7
0.0729,0.264,947427,0.816,0,0.0171,2,0.972,-8.55,1,25,0.0942,135.642,0.271,5
0.992,0.276,222413,0.0402,0,0.856,1,0.0782,-31.472,0,12,0.0426,76.02199999999998,0.175,8
0.0118,0.513,210580,0.768,0,1.94e-05,4,0.294,-4.868,0,75,0.0587,84.264,0.235,1
0.932,0.398,146400,0.246,0,0.0165,7,0.118,-17.273,1,0,0.0795,116.254,0.35100000000000003,8
0.179,0.29100000000000004,145587,0.638,0,0.0,9,0.101,-7.854,0,52,0.0554,185.235,0.525,5
0.589,0.629,229027,0.7070000000000001,0,0.625,4,0.0894,-13.523,1,40,0.0449,103.849,0.679,6
0.978,0.19,226601,0.269,0,0.000212,10,0.133,-11.844,1,1,0.0302,90.164,0.14400000000000002,7
0.151,0.7090000000000001,105715,0.165,1,0.000292,0,0.35200000000000004,-21.219,1,0,0.944,110.25,0.522,8
0.0212,0.412,154773,0.924,0,0.0,9,0.0427,-6.2170000000000005,1,32,0.0506,129.998,0.6890000000000001,3
0.95,0.442,181023,0.193,0,1.35e-05,0,0.139,-12.218,1,20,0.03,110.317,0.374,6
0.966,0.53,195760,0.112,0,0.0419,10,0.0844,-20.504,1,0,0.0403,116.529,0.313,9
0.963,0.514,248467,0.401,0,0.877,7,0.0404,-12.275,1,3,0.0368,107.644,0.38,7
0.102,0.826,224916,0.635,1,0.0,5,0.245,-5.181,0,69,0.212,119.954,0.8079999999999999,1
0.0291,0.888,285707,0.457,1,0.0,8,0.159,-7.956,0,46,0.297,94.047,0.644,3
0.917,0.454,165827,0.244,0,1.19e-05,8,0.139,-13.47,1,12,0.0331,95.952,0.267,7
0.603,0.4970000000000001,176973,0.33,0,0.0,0,0.281,-10.872,1,28,0.0279,91.873,0.402,5
0.000225,0.556,193200,0.9,0,0.327,9,0.482,-5.955,1,48,0.0423,130.384,0.6659999999999999,3
0.219,0.448,198853,0.855,0,0.000455,0,0.34,-6.197,1,32,0.184,110.792,0.342,6
0.29100000000000004,0.28800000000000003,204867,0.41,0,0.000725,9,0.14400000000000002,-10.712,1,46,0.0392,208.62,0.416,4
0.954,0.502,136048,0.17,0,0.0,0,0.115,-14.62,1,62,0.0322,100.051,0.381,1
0.784,0.6709999999999999,400427,0.439,0,0.145,8,0.13,-11.181,1,47,0.0408,112.208,0.7,6
0.0776,0.393,464667,0.132,0,0.108,4,0.0956,-18.825,0,48,0.0321,87.16799999999998,0.293,5
0.217,0.6809999999999999,201253,0.471,0,5.5399999999999985e-05,11,0.142,-9.269,0,36,0.0353,94.44,0.524,4
0.135,0.727,212827,0.939,0,4.35e-05,8,0.151,-11.855,1,68,0.0369,113.33,0.916,4
