0.914,0.629,224341,0.16899999999999998,1,4.120000000000001e-05,7,0.103,-13.052,1,0,0.0552,118.217,0.234,9
0.0226,0.542,198667,0.903,0,0.000731,9,0.0385,-8.277000000000001,1,39,0.059,151.21200000000005,0.498,4
0.0357,0.685,95000,0.0656,1,0.0,7,0.248,-25.398000000000003,1,0,0.957,82.116,0.5760000000000001,8
0.00525,0.758,244000,0.851,0,0.00957,9,0.135,-5.7079999999999975,1,42,0.0274,126.914,0.836,3
0.329,0.332,288600,0.584,0,0.161,0,0.181,-11.369000000000002,1,39,0.0364,105.797,0.0963,2
0.991,0.5670000000000001,168480,0.331,0,0.00171,3,0.0735,-7.899,1,4,0.0718,129.975,0.7070000000000001,9
0.000808,0.309,184627,0.879,0,0.115,11,0.0719,-5.296,0,49,0.0594,79.171,0.735,1
0.0136,0.8029999999999999,153627,0.927,0,0.0108,6,0.0768,-5.408,1,46,0.185,168.002,0.385,2
0.784,0.541,210267,0.363,0,2.39e-05,3,0.209,-12.731,1,4,0.0376,100.612,0.7879999999999999,8
0.429,0.73,215973,0.394,0,0.000447,4,0.118,-8.811,1,41,0.0287,91.839,0.433,3
0.0268,0.5820000000000001,275960,0.765,0,1.95e-06,7,0.103,-3.648,1,46,0.0324,131.982,0.5589999999999999,1
0.583,0.71,86040,0.536,0,0.0,1,0.085,-9.247,1,14,0.035,127.507,0.96,6
0.534,0.483,142360,0.53,0,0.0,11,0.084,-8.806000000000003,1,17,0.0311,117.599,0.745,6
0.894,0.552,212040,0.18,0,0.000393,10,0.105,-10.583,1,73,0.0293,76.995,0.0896,2
0.6459999999999999,0.384,252231,0.765,1,0.00352,6,0.522,-4.463,1,79,0.0579,129.903,0.5670000000000001,1
2.12e-05,0.415,204600,0.91,0,0.0,6,0.225,-2.567,1,42,0.0607,163.079,0.5670000000000001,2
0.929,0.569,172827,0.22,0,9.03e-05,4,0.134,-16.185,1,0,0.217,82.20100000000002,0.455,8
0.932,0.562,194574,0.171,0,0.0,9,0.129,-10.374,1,2,0.0489,115.194,0.34700000000000003,9
0.872,0.395,302013,0.28,0,0.0153,5,0.265,-16.539,0,52,0.0347,92.333,0.17600000000000002,5
0.024,0.56,277400,0.8690000000000001,0,2.94e-06,3,0.136,-3.804,1,48,0.0387,136.001,0.519,1
0.006959999999999999,0.79,310133,0.595,0,0.0,7,0.14300000000000002,-12.699000000000002,1,40,0.232,100.946,0.465,3
0.927,0.476,199533,0.0974,0,1.7e-06,2,0.121,-20.29,0,33,0.0605,73.01100000000002,0.542,7
0.0222,0.318,202230,0.877,0,0.000559,4,0.156,-3.542,1,31,0.0581,124.402,0.35,5
0.104,0.8420000000000001,193627,0.893,0,0.0,9,0.289,-4.277,1,55,0.0462,121.035,0.713,1
0.63,0.602,312600,0.611,0,0.00992,0,0.871,-13.175999999999998,1,19,0.0362,81.585,0.8809999999999999,5
0.114,0.5529999999999999,150107,0.594,0,0.0,7,0.743,-9.03,1,52,0.0279,113.506,0.841,6
0.908,0.309,195280,0.523,0,0.431,6,0.327,-9.912,1,0,0.0459,81.619,0.679,8
0.0123,0.602,292267,0.916,0,0.00134,4,0.133,-5.4179999999999975,0,65,0.0399,101.212,0.5489999999999999,2
0.899,0.179,227187,0.231,0,0.00719,8,0.245,-13.077,1,0,0.0487,68.00399999999999,0.104,9
0.0106,0.595,174187,0.451,0,0.929,9,0.0962,-12.987,0,40,0.0288,133.673,0.779,6
0.669,0.563,172560,0.293,0,4.41e-05,0,0.302,-9.323,1,52,0.0331,102.961,0.63,2
0.0266,0.608,212393,0.7879999999999999,0,0.0,0,0.116,-5.272,0,49,0.077,97.391,0.309,1
0.486,0.5,181400,0.537,0,0.0,7,0.955,-12.637,1,29,0.0648,140.224,0.828,5
0.888,0.234,328040,0.108,0,4.29e-06,9,0.204,-18.925,1,26,0.0364,138.577,0.0762,7
0.338,0.399,206187,0.971,0,1.9e-05,2,0.359,-5.0760000000000005,1,41,0.0515,118.015,0.772,4
0.628,0.731,175507,0.379,0,0.0,7,0.107,-11.724,1,23,0.0387,127.513,0.7929999999999999,6
0.589,0.59,116762,0.325,0,0.927,2,0.2,-20.327,0,51,0.0348,94.622,0.404,1
0.214,0.504,180280,0.6729999999999999,0,2.29e-06,0,0.171,-11.834,0,62,0.0336,120.418,0.581,5
0.0199,0.754,225000,0.933,0,0.0,0,0.297,-5.7860000000000005,1,63,0.0448,103.992,0.75,1
0.00947,0.316,157093,0.268,0,0.913,0,0.455,-15.889,1,39,0.0301,91.198,0.204,5
0.105,0.5770000000000001,257120,0.6679999999999999,0,0.0,6,0.0924,-4.884,1,54,0.514,60.709,0.7020000000000001,2
0.992,0.423,173760,0.172,0,0.884,4,0.107,-17.762,0,0,0.0374,134.994,0.603,9
0.987,0.474,21746,0.132,0,0.00015800000000000002,2,0.131,-12.831,0,0,0.0346,80.436,0.527,7
0.361,0.644,167307,0.6509999999999999,0,0.0,10,0.192,-10.871,1,26,0.0294,125.844,0.871,5
0.945,0.6,153413,0.0378,0,0.863,5,0.105,-24.576,1,3,0.0466,111.679,0.3720000000000001,7
0.629,0.552,130220,0.389,0,0.0,8,0.3670000000000001,-10.111,1,6,0.0364,51.83600000000001,0.716,8
0.505,0.8590000000000001,141867,0.514,0,7.68e-06,10,0.132,-14.034,1,21,0.0361,112.275,0.953,6
0.00406,0.375,126000,0.6709999999999999,0,4.64e-06,2,0.434,-8.134,1,12,0.0384,153.887,0.743,6
0.797,0.447,180920,0.306,0,0.0006929999999999999,9,0.0851,-10.638,0,46,0.0618,166.96400000000003,0.7859999999999999,5
0.968,0.47,231085,0.0506,0,0.895,5,0.0968,-14.161,1,60,0.0681,117.077,0.203,1
0.995,0.282,192947,0.278,0,0.8690000000000001,0,0.35700000000000004,-16.836,0,0,0.0468,73.195,0.534,9
0.899,0.632,2845675,0.181,0,0.438,4,0.8540000000000001,-17.225,1,0,0.597,83.242,0.438,7
0.989,0.38,179133,0.444,0,0.5579999999999999,4,0.373,-11.25,1,0,0.0481,119.663,0.322,7
0.905,0.701,223613,0.202,0,0.000157,1,0.107,-12.48,1,49,0.0609,85.389,0.477,2
0.0392,0.725,415840,0.8270000000000001,0,0.00182,5,0.0589,-8.183,0,29,0.0427,115.353,0.897,4
0.987,0.342,403053,0.0395,0,0.000331,9,0.0787,-20.049,0,35,0.0395,101.335,0.0958,7
0.00435,0.805,264693,0.5529999999999999,1,0.14400000000000002,1,0.138,-12.49,1,43,0.0332,124.095,0.959,5
0.0448,0.696,224563,0.5579999999999999,0,0.0,11,0.241,-7.497999999999997,0,53,0.115,78.532,0.588,1
0.00993,0.954,255307,0.639,1,0.0,2,0.0754,-5.02,1,45,0.0956,112.08,0.653,3
0.321,0.6890000000000001,170880,0.5329999999999999,0,7.37e-05,6,0.0958,-14.205,1,70,0.0544,98.801,0.898,3
0.919,0.517,193467,0.188,0,0.902,5,0.605,-24.634,0,0,0.033,109.899,0.4320000000000001,8
0.093,0.634,110900,0.177,1,4.29e-05,11,0.0399,-22.024,0,0,0.926,162.219,0.523,8
0.91,0.444,209093,0.408,0,0.0362,10,0.6609999999999999,-15.215,0,2,0.1,106.919,0.536,8
0.605,0.487,232000,0.78,0,1.7199999999999998e-05,5,0.141,-9.667,1,28,0.202,174.998,0.708,5
0.0624,0.502,173973,0.336,0,0.0756,10,0.292,-14.373,1,34,0.0322,119.174,0.0381,3
0.362,0.448,291640,0.511,0,0.823,6,0.129,-9.084,1,55,0.0274,96.321,0.112,1
0.0554,0.647,264400,0.588,0,0.000225,11,0.277,-7.519,0,51,0.0401,125.992,0.604,2
0.0561,0.6629999999999999,235747,0.696,0,3.77e-05,9,0.0778,-4.957,0,71,0.103,180.113,0.738,1
0.5770000000000001,0.504,419000,0.128,0,0.000606,8,0.0808,-16.868,1,9,0.0649,179.78799999999995,0.481,7
0.000157,0.589,266791,0.906,0,0.0174,9,0.321,-5.19,1,42,0.0479,130.918,0.514,4
0.893,0.417,126467,0.263,0,0.0,5,0.21,-12.276,0,41,0.05,204.049,0.6679999999999999,6
0.879,0.337,174800,0.32299999999999995,0,0.0555,4,0.506,-14.491,0,25,0.0571,110.472,0.0606,7
0.99,0.565,186173,0.118,0,0.915,5,0.7190000000000001,-21.577,1,2,0.0938,71.42699999999998,0.6990000000000001,9
0.765,0.426,172320,0.366,0,0.0,10,0.117,-6.5139999999999985,1,70,0.0312,179.736,0.386,1
0.753,0.5760000000000001,245507,0.327,0,9.78e-06,2,0.12,-11.93,1,43,0.03,137.812,0.37,2
0.995,0.33,26853,0.435,0,0.96,3,0.154,-20.149,0,0,0.035,146.299,0.7120000000000001,9
0.981,0.111,238307,0.136,0,0.894,2,0.0836,-19.348,0,0,0.036000000000000004,90.82,0.0387,8
0.161,0.675,247053,0.635,0,0.0,5,0.48,-5.356,0,44,0.0632,82.21,0.562,2
0.73,0.61,190773,0.444,0,9.05e-05,8,0.0923,-7.1679999999999975,1,24,0.0446,168.301,0.8440000000000001,5
0.961,0.359,394580,0.251,0,2.93e-05,4,0.294,-11.143,1,12,0.0345,115.552,0.157,6
0.0124,0.762,324160,0.633,0,0.0377,0,0.229,-12.496,1,33,0.0319,112.774,0.879,4
0.98,0.377,296133,0.185,0,0.92,6,0.926,-21.808000000000003,1,23,0.0334,101.696,0.0387,7
0.985,0.421,310413,0.371,0,0.0153,0,0.35100000000000003,-9.701,1,34,0.039,103.574,0.652,4
0.242,0.354,244179,0.528,0,1.3e-05,4,0.204,-9.378,1,56,0.0418,142.506,0.72,5
0.759,0.498,197000,0.0874,0,5.89e-06,2,0.105,-14.948,1,42,0.0661,133.092,0.141,2
0.8059999999999999,0.35,280867,0.332,0,1.86e-06,3,0.11,-9.533,1,45,0.0279,99.215,0.151,2
0.953,0.429,485827,0.366,0,0.916,10,0.115,-16.006,1,40,0.0365,92.073,0.258,4
0.36,0.563,240597,0.366,0,0.00243,11,0.0955,-6.896,0,71,0.121,85.352,0.768,1
0.152,0.5429999999999999,196267,0.6990000000000001,0,1.42e-05,9,0.0902,-6.437,0,46,0.0262,86.35,0.7609999999999999,3
0.119,0.632,290493,0.92,0,0.508,2,0.114,-4.976,1,65,0.0531,127.001,0.363,3
0.984,0.65,170162,0.327,0,0.6729999999999999,1,0.131,-11.934,1,0,0.0661,107.112,0.7879999999999999,8
0.377,0.429,228267,0.326,0,0.0,5,0.101,-12.703,1,43,0.03,77.84899999999998,0.185,4
0.921,0.28300000000000003,263933,0.174,0,0.6759999999999999,4,0.0582,-21.064,0,45,0.0331,154.72,0.117,3
0.838,0.502,247333,0.389,0,0.0,4,0.16399999999999998,-11.08,1,37,0.0387,136.93,0.655,5
0.984,0.696,50274,0.3,0,0.624,8,0.17,-12.647,1,59,0.0321,154.918,0.8490000000000001,1
0.623,0.324,249173,0.139,0,0.000901,2,0.316,-15.343,0,13,0.0321,118.395,0.154,7
0.981,0.585,73654,0.16899999999999998,0,0.413,4,0.106,-14.4,1,7,0.0658,91.69,0.8540000000000001,9
0.13699999999999998,0.597,171442,0.477,1,0.0,1,0.113,-9.638,0,77,0.642,80.382,0.512,0
0.289,0.4270000000000001,149240,0.458,0,0.00107,9,0.239,-12.863,1,54,0.0407,129.303,0.423,6
0.6809999999999999,0.334,184360,0.131,0,2.78e-06,5,0.119,-22.155,1,26,0.0368,93.727,0.0656,4
0.867,0.647,88320,0.37,0,0.257,6,0.105,-14.091,0,0,0.107,130.28,0.599,8
0.602,0.6859999999999999,219373,0.49,0,0.0,8,0.29600000000000004,-5.341,1,61,0.0333,137.084,0.878,2
0.6970000000000001,0.53,241347,0.34600000000000003,0,1.07e-05,8,0.105,-10.497,1,55,0.0376,121.876,0.359,1
0.895,0.301,156627,0.175,0,6.61e-05,5,0.253,-16.869,1,12,0.0414,84.04,0.308,7
0.5920000000000001,0.109,209955,0.354,0,0.0152,6,0.156,-10.701,1,27,0.0329,74.01899999999998,0.116,6
0.917,0.54,199158,0.0781,0,0.607,9,0.116,-22.824,1,0,0.209,181.899,0.391,8
0.958,0.135,208746,0.158,0,0.000719,5,0.337,-18.037,1,13,0.0387,69.407,0.151,6
0.0791,0.5770000000000001,248933,0.61,0,0.0,10,0.377,-10.559,1,42,0.0424,207.143,0.932,5
0.6509999999999999,0.6,333947,0.589,0,0.695,5,0.8009999999999999,-9.197,1,50,0.0275,81.485,0.348,2
0.996,0.653,207000,0.332,0,0.872,6,0.114,-13.067,0,0,0.0661,123.052,0.967,7
0.426,0.511,180080,0.172,0,7.38e-05,9,0.464,-21.79300000000001,1,30,0.0569,116.665,0.202,6
9.22e-05,0.422,194587,0.901,0,6.78e-06,7,0.56,-6.655,0,64,0.0631,112.445,0.6729999999999999,4
0.7929999999999999,0.275,219400,0.338,0,0.00352,4,0.114,-10.46,1,32,0.0356,74.543,0.158,3
0.0106,0.463,251867,0.925,0,0.027000000000000003,11,0.189,-5.74,1,61,0.0747,158.33700000000005,0.59,2
0.426,0.575,272432,0.446,0,0.0175,3,0.0656,-13.839,1,56,0.105,75.501,0.532,5
0.213,0.466,224067,0.909,0,0.000606,1,0.522,-7.204,1,31,0.0503,172.683,0.613,4
0.0378,0.526,158653,0.919,0,1.11e-06,7,0.171,-2.749,1,48,0.0496,84.95,0.609,1
0.809,0.398,224601,0.266,0,0.00041500000000000017,10,0.205,-14.182,1,0,0.0808,84.15799999999999,0.4970000000000001,8
0.198,0.336,210400,0.682,0,0.0021100000000000003,0,0.353,-4.667,1,59,0.0332,139.442,0.314,2
0.0321,0.602,266667,0.6409999999999999,0,2.28e-05,4,0.0625,-11.047,1,26,0.0304,136.281,0.794,4
0.99,0.195,494427,0.121,0,0.925,5,0.11,-21.713,1,0,0.0364,89.13,0.0615,7
0.0428,0.667,230693,0.581,1,0.0,0,0.183,-5.164,0,65,0.32299999999999995,110.953,0.368,1
0.197,0.698,282840,0.664,0,0.0,3,0.136,-10.923,1,46,0.0314,111.863,0.8009999999999999,2
0.395,0.7490000000000001,282800,0.513,0,0.807,9,0.0793,-16.438,1,29,0.0359,114.732,0.962,4
0.953,0.236,306480,0.21600000000000005,0,5.93e-05,3,0.142,-15.132,1,22,0.0456,183.314,0.0751,5
0.146,0.454,319560,0.404,0,0.8190000000000001,3,0.141,-10.26,1,58,0.027000000000000003,94.113,0.313,1
0.528,0.7859999999999999,215240,0.306,0,0.000965,2,0.0865,-18.223,1,41,0.398,115.791,0.82,5
0.475,0.474,160947,0.728,0,5.98e-05,3,0.0445,-6.09,1,14,0.218,152.651,0.782,7
0.6679999999999999,0.648,177240,0.318,0,0.00015900000000000002,11,0.362,-15.517,1,37,0.0378,100.36,0.7,4
0.995,0.722,145293,0.132,0,0.602,2,0.112,-18.859,0,0,0.104,124.283,0.7490000000000001,10
0.995,0.662,180094,0.303,0,0.8440000000000001,7,0.209,-12.723,0,0,0.319,127.038,0.608,8
0.264,0.799,198160,0.5720000000000001,0,0.0,10,0.06,-7.237999999999999,0,52,0.35700000000000004,77.751,0.828,2
0.99,0.624,190187,0.19,0,0.0,3,0.21600000000000005,-9.351,0,0,0.0542,82.868,0.6509999999999999,7
0.084,0.945,256227,0.725,1,3.26e-05,5,0.302,-5.612,0,36,0.0669,136.033,0.117,2
0.00182,0.3720000000000001,215160,0.752,0,0.0,3,0.111,-3.389,0,47,0.0353,149.786,0.308,2
0.833,0.378,508427,0.256,0,0.584,10,0.101,-14.403,1,0,0.0456,128.214,0.307,7
0.7959999999999999,0.621,132040,0.86,0,0.0,10,0.0595,-5.977,1,29,0.0965,94.943,0.969,7
0.00191,0.298,355533,0.61,0,3.55e-06,4,0.317,-10.826,1,35,0.0433,137.856,0.601,5
0.193,0.5379999999999999,169979,0.444,0,0.219,0,0.289,-16.074,1,0,0.0405,124.856,0.823,8
0.918,0.438,113893,0.196,0,7.29e-06,8,0.0918,-15.118,1,12,0.0354,73.65100000000002,0.513,7
0.871,0.487,183507,0.28800000000000003,0,9.16e-06,2,0.449,-11.78,1,39,0.0368,118.178,0.525,4
0.993,0.468,227000,0.241,0,0.8590000000000001,8,0.265,-14.839,1,0,0.153,174.835,0.47,9
0.0364,0.439,414720,0.963,0,0.00896,9,0.0784,-5.507999999999999,1,59,0.277,140.805,0.435,4
0.374,0.517,173547,0.309,0,2.36e-06,3,0.102,-16.463,1,61,0.0356,136.209,0.539,5
0.147,0.7909999999999999,209760,0.445,1,2.57e-06,11,0.126,-9.994,1,39,0.423,93.059,0.522,3
0.76,0.234,447520,0.112,0,0.0195,2,0.107,-24.366,1,0,0.0378,101.595,0.0754,7
0.563,0.513,182040,0.537,0,1.43e-06,0,0.212,-9.563,1,49,0.042,108.475,0.831,5
0.745,0.759,145160,0.245,0,0.0,6,0.149,-12.52,0,29,0.0709,76.14699999999998,0.583,7
0.984,0.625,192933,0.35,0,0.0,10,0.0988,-15.916,1,0,0.312,81.567,0.8079999999999999,10
0.92,0.285,278532,0.421,0,0.435,3,0.0826,-11.053,1,0,0.121,77.17399999999998,0.6709999999999999,8
0.565,0.32299999999999995,184800,0.28600000000000003,0,0.0,7,0.956,-12.884,1,44,0.0427,112.418,0.29,4
0.0128,0.285,111307,0.977,0,1.18e-06,8,0.7120000000000001,-3.69,1,40,0.109,172.213,0.599,4
0.0466,0.579,254893,0.535,0,0.006529999999999999,7,0.141,-10.483,1,33,0.101,77.482,0.5710000000000001,6
0.888,0.305,207693,0.0294,0,5.28e-05,7,0.121,-27.182,0,25,0.0353,85.244,0.18600000000000005,6
0.991,0.5660000000000001,171893,0.0689,0,0.919,2,0.12,-18.94,0,16,0.0509,73.206,0.206,7
0.98,0.574,162493,0.335,0,0.289,7,0.123,-16.213,1,0,0.0615,131.556,0.967,8
0.147,0.542,231360,0.72,1,0.0,1,0.348,-5.136,0,70,0.0628,149.828,0.623,1
0.0491,0.491,182667,0.907,0,0.0,7,0.242,-3.594,1,72,0.0481,199.943,0.631,1
0.245,0.381,217130,0.615,0,0.0,4,0.183,-4.078,0,53,0.0288,80.343,0.358,5
0.455,0.71,140608,0.108,1,0.0,11,0.45,-19.738,0,0,0.965,79.54899999999998,0.422,8
0.7859999999999999,0.696,180573,0.613,0,7.879999999999999e-05,5,0.104,-8.887,0,50,0.042,157.876,0.5920000000000001,3
0.984,0.266,186573,0.462,0,9.22e-06,0,0.214,-9.543,1,0,0.0341,61.886,0.17800000000000002,9
0.917,0.363,207360,0.259,0,0.00608,4,0.08800000000000001,-9.818,1,0,0.109,78.132,0.136,8
0.987,0.591,193933,0.765,0,0.139,7,0.28600000000000003,-5.6229999999999976,1,0,0.0317,92.659,0.961,7
0.56,0.664,100400,0.428,0,6.23e-06,5,0.147,-7.756,1,42,0.0379,87.98100000000002,0.812,2
0.861,0.473,182107,0.14400000000000002,0,1.14e-05,2,0.378,-19.628,1,32,0.0297,78.133,0.322,5
0.00348,0.649,300160,0.912,0,0.000343,9,0.495,-4.012,1,46,0.0618,115.408,0.402,1
0.947,0.0928,543812,0.29,0,0.252,2,0.136,-15.024,1,0,0.0406,80.458,0.109,7
0.00213,0.261,306423,0.7879999999999999,0,2.35e-05,7,0.0995,-7.9529999999999985,1,24,0.0439,85.92399999999998,0.266,4
0.981,0.34700000000000003,207173,0.0407,0,0.919,4,0.105,-24.403,1,19,0.0431,85.556,0.121,6
0.0362,0.672,201240,0.655,0,0.0,10,0.117,-5.021,0,80,0.0311,134.945,0.556,1
0.8009999999999999,0.841,233187,0.6940000000000001,0,0.7290000000000001,10,0.0386,-9.603,1,3,0.0988,106.237,0.882,10
0.863,0.462,131600,0.399,0,7.96e-05,7,0.14800000000000002,-9.066,1,14,0.0409,108.37,0.301,6
0.7140000000000001,0.17,187280,0.0234,0,0.8909999999999999,3,0.118,-28.042,1,56,0.0452,127.138,0.0326,1
0.968,0.63,143067,0.214,0,0.05,10,0.12,-18.317,1,0,0.0428,111.8,0.434,8
0.7979999999999999,0.491,111698,0.35600000000000004,0,1.25e-05,2,0.588,-11.979,1,0,0.0394,183.867,0.905,8
0.441,0.516,155560,0.197,0,3.53e-06,0,0.0556,-16.355999999999998,1,30,0.0289,98.821,0.337,3
0.955,0.6890000000000001,155000,0.366,0,0.114,2,0.21,-6.438,0,0,0.0702,127.626,0.8320000000000001,9
0.0732,0.76,263600,0.486,0,1.73e-05,5,0.117,-11.826,1,33,0.0279,113.264,0.3,3
0.117,0.578,255342,0.321,0,5.06e-06,11,0.138,-10.872,1,23,0.0332,98.092,0.179,6
0.358,0.7040000000000001,145773,0.257,0,0.0,1,0.0487,-16.119,1,40,0.0812,86.046,0.617,3
0.989,0.547,182166,0.132,0,0.846,5,0.114,-22.612,1,0,0.0393,87.061,0.463,8
0.29600000000000004,0.537,231240,0.586,0,0.0,0,0.138,-7.765,1,26,0.0389,202.231,0.52,4
0.966,0.45,184787,0.242,0,0.0673,7,0.229,-11.483,0,10,0.0418,120.255,0.473,10
0.501,0.491,163067,0.43,0,0.0,8,0.27,-10.553,0,31,0.0247,82.488,0.568,6
0.262,0.655,193800,0.833,0,4.1e-05,5,0.163,-6.8660000000000005,1,48,0.16699999999999998,164.197,0.8170000000000001,4
0.16699999999999998,0.632,244686,0.8490000000000001,0,0.0389,9,0.5710000000000001,-8.282,1,40,0.0351,123.092,0.939,5
0.924,0.586,338907,0.124,0,0.00429,2,0.12,-16.335,1,0,0.0539,132.078,0.5660000000000001,7
0.979,0.512,165200,0.235,0,0.928,5,0.209,-16.972,0,3,0.0401,116.898,0.405,8
0.529,0.329,453021,0.407,0,0.000125,4,0.13,-10.557,0,33,0.0588,171.828,0.115,3
0.0935,0.813,246947,0.687,0,0.0,4,0.146,-5.62,0,41,0.184,120.023,0.911,2
0.197,0.463,283133,0.325,0,0.0,11,0.0641,-14.762,1,67,0.0301,135.72799999999998,0.386,3
0.275,0.648,277467,0.815,0,0.000193,1,0.076,-5.391,0,44,0.0232,102.259,0.759,4
0.89,0.246,178680,0.524,0,0.0972,5,0.203,-13.406,1,0,0.0313,84.319,0.14800000000000002,8
0.986,0.272,178960,0.299,0,0.00716,6,0.618,-13.475,0,0,0.075,166.179,0.594,9
0.7020000000000001,0.446,239187,0.439,0,0.000205,7,0.103,-13.209,1,38,0.045,89.89200000000002,0.425,5
0.214,0.389,275093,0.909,0,0.00376,2,0.415,-3.705,1,34,0.0397,112.498,0.7809999999999999,5
0.4370000000000001,0.541,234773,0.721,0,0.0,4,0.114,-2.497,1,41,0.0329,97.083,0.387,2
0.735,0.574,172160,0.378,0,0.00353,5,0.43,-13.679,0,8,0.0801,106.349,0.82,7
0.25,0.537,122747,0.36,0,0.0,1,0.0703,-11.118,1,26,0.0266,100.436,0.5589999999999999,6
0.995,0.605,189010,0.151,0,0.325,7,0.217,-14.983,1,0,0.0466,106.554,0.728,7
0.0633,0.807,294667,0.7140000000000001,0,0.0126,0,0.132,-9.975,1,34,0.0312,116.882,0.961,4
0.229,0.7190000000000001,110000,0.103,1,1.34e-05,0,0.123,-22.31900000000001,1,0,0.917,123.232,0.45,8
0.961,0.199,181547,0.384,0,0.00243,2,0.151,-10.759,0,0,0.035,80.37,0.327,7
0.203,0.34,165160,0.57,0,0.000609,9,0.85,-9.32,0,33,0.0424,107.248,0.565,5
0.98,0.457,270093,0.0632,0,0.879,1,0.111,-19.403,1,46,0.0303,83.973,0.0572,2
0.976,0.7879999999999999,133293,0.145,0,0.925,9,0.101,-19.252,1,11,0.0532,132.382,0.5329999999999999,6
0.488,0.251,128200,0.868,0,7.34e-06,1,0.8140000000000001,-2.685,1,62,0.128,177.13,0.599,2
0.000591,0.411,367107,0.8809999999999999,0,0.00246,2,0.468,-4.885,1,30,0.0344,84.52799999999998,0.345,3
0.0847,0.502,289227,0.785,0,0.0337,5,0.111,-6.64,0,48,0.0275,96.994,0.59,2
0.136,0.493,295960,0.584,0,0.0,8,0.114,-11.008,1,52,0.0573,110.101,0.361,4
0.958,0.425,186040,0.418,0,0.0104,8,0.382,-8.62,1,0,0.0595,113.287,0.885,8
0.0837,0.94,157524,0.654,0,5.42e-05,6,0.0409,-7.476,0,72,0.156,134.976,0.799,1
0.984,0.49,202613,0.128,0,0.918,5,0.0986,-21.964,1,0,0.0613,90.356,0.5820000000000001,7
0.949,0.629,442840,0.0684,0,1.23e-05,9,0.172,-23.606,0,9,0.912,83.89,0.307,7
0.0811,0.5710000000000001,229467,0.873,0,0.0,0,0.361,-3.382,0,69,0.1,139.691,0.613,1
0.983,0.667,149507,0.488,0,0.0111,1,0.285,-8.892000000000003,0,2,0.116,118.17,0.7709999999999999,9
0.11,0.812,311160,0.586,1,0.0,11,0.358,-2.879,0,41,0.303,156.029,0.777,2
0.657,0.631,205453,0.591,0,0.0,7,0.11,-5.785,1,81,0.0277,97.074,0.489,1
0.166,0.546,295387,0.937,0,4.89e-06,8,0.312,-6.025,1,42,0.0408,134.065,0.82,5
0.374,0.328,151573,0.816,0,0.0418,2,0.454,-8.883,1,25,0.0894,158.083,0.809,5
0.725,0.34,116333,0.659,0,0.0203,7,0.258,-12.714,1,38,0.0382,171.628,0.387,4
0.989,0.516,184529,0.499,0,0.828,5,0.443,-8.947000000000003,1,0,0.0428,81.00399999999998,0.915,8
0.995,0.428,187987,0.0536,0,0.62,6,0.306,-12.835,1,0,0.0476,74.44800000000002,0.289,9
0.233,0.465,232093,0.507,0,0.0,9,0.228,-11.979,1,38,0.032,113.91,0.334,4
0.093,0.728,276893,0.613,0,0.00419,7,0.0448,-12.704,1,30,0.0369,114.926,0.521,3
0.316,0.944,183133,0.8740000000000001,0,0.0,2,0.374,-3.814,0,63,0.175,120.056,0.836,1
0.00275,0.219,220693,0.433,0,0.000232,11,0.08900000000000001,-11.21,0,26,0.0288,91.625,0.187,5
0.0748,0.425,132800,0.329,0,0.0,7,0.068,-13.399,1,36,0.0365,122.418,0.398,6
0.151,0.6709999999999999,151667,0.883,0,0.0,4,0.132,-4.387,0,55,0.0479,89.977,0.945,3
0.986,0.4320000000000001,547067,0.157,0,0.838,8,0.156,-22.56900000000001,1,1,0.0337,114.439,0.378,7
0.99,0.28,292800,0.0344,0,0.0307,0,0.297,-24.385,1,0,0.0414,132.659,0.0382,7
0.91,0.5379999999999999,153987,0.219,0,0.919,9,0.114,-11.777,0,25,0.0524,150.061,0.25,5
0.99,0.421,175093,0.102,0,0.904,7,0.0868,-25.999,0,55,0.0361,110.995,0.3,1
0.872,0.615,344067,0.204,0,0.382,7,0.071,-16.075,1,46,0.0439,96.47,0.496,7
0.396,0.454,359800,0.69,1,0.0,2,0.101,-4.1080000000000005,0,65,0.157,171.989,0.37,1
0.79,0.12,192793,0.0436,0,0.889,4,0.112,-22.044,1,66,0.0383,72.339,0.0361,1
0.495,0.57,290200,0.35100000000000003,0,0.000515,9,0.174,-12.855,0,26,0.0293,83.331,0.503,5
0.932,0.238,175493,0.103,0,0.000898,3,0.109,-19.696,0,31,0.0336,88.458,0.13,8
0.85,0.716,202960,0.581,0,0.000603,11,0.124,-6.72,1,45,0.0314,117.6,0.466,5
0.705,0.77,169636,0.65,0,0.0,7,0.7509999999999999,-8.845,1,0,0.0954,131.916,0.823,7
0.629,0.539,268248,0.331,0,0.00171,4,0.102,-9.851,1,27,0.0354,118.822,0.0884,4
0.129,0.745,235360,0.525,1,0.0,7,0.0811,-7.532,1,48,0.239,100.99,0.376,2
0.329,0.626,144200,0.852,0,0.0109,4,0.0971,-4.767,1,47,0.0337,119.816,0.393,1
0.442,0.637,169267,0.401,0,0.0,1,0.105,-11.621,1,43,0.0439,82.62799999999999,0.865,4
0.525,0.662,275733,0.227,0,0.0,4,0.112,-11.978,1,56,0.0274,85.915,0.318,2
0.319,0.65,193133,0.379,0,0.0,9,0.0669,-13.578,1,45,0.0337,94.102,0.846,3
0.703,0.575,64547,0.0919,0,0.0,0,0.277,-20.206,0,2,0.255,149.77,0.828,7
0.485,0.589,272920,0.479,0,0.0,2,0.077,-8.146,1,63,0.0278,136.567,0.736,1
0.0495,0.602,283800,0.226,0,3.47e-06,4,0.0846,-17.864,1,44,0.0354,93.458,0.6779999999999999,4
0.235,0.852,316027,0.31,0,0.897,8,0.0476,-15.514,0,25,0.0585,98.38,0.6559999999999999,4
0.353,0.6759999999999999,148260,0.67,1,0.0,8,0.103,-6.584,1,76,0.0374,113.01,0.54,1
0.991,0.252,209093,0.228,0,0.843,6,0.106,-19.522,1,0,0.0325,108.7,0.0378,8
0.00755,0.624,214373,0.813,0,0.0,4,0.168,-2.5580000000000003,1,44,0.0339,115.843,0.833,1
0.471,0.613,151493,0.5379999999999999,0,1.35e-06,6,0.138,-6.3329999999999975,1,36,0.0304,122.652,0.484,5
0.6759999999999999,0.672,530933,0.206,0,0.0,8,0.0454,-15.155,1,49,0.393,105.366,0.424,2
0.152,0.511,212027,0.892,0,0.262,0,0.638,-4.7010000000000005,1,39,0.0588,108.959,0.8690000000000001,4
0.994,0.14400000000000002,211399,0.331,0,0.88,4,0.145,-13.406,0,0,0.0428,71.956,0.16399999999999998,7
0.992,0.426,33373,0.274,0,0.95,0,0.139,-22.595,1,0,0.0482,133.671,0.514,8
0.0702,0.7440000000000001,241307,0.368,1,0.0,1,0.192,-6.349,1,52,0.0524,84.01799999999999,0.391,2
0.889,0.838,140027,0.527,0,2.01e-05,5,0.0337,-13.163,1,19,0.032,96.541,0.972,7
0.679,0.516,641440,0.378,0,0.00186,7,0.215,-14.974,1,14,0.0402,81.26,0.605,8
0.995,0.877,195341,0.139,0,0.06,1,0.104,-8.493,0,0,0.34,115.004,0.7040000000000001,8
0.77,0.228,194533,0.156,0,0.00013700000000000002,11,0.947,-17.532,1,13,0.0376,92.057,0.134,7
0.308,0.716,297960,0.6920000000000001,0,0.493,10,0.116,-7.146,1,38,0.0258,130.32,0.961,4
0.5870000000000001,0.653,146493,0.395,0,3.85e-06,2,0.0861,-11.392,1,39,0.179,167.271,0.947,3
0.993,0.675,181147,0.0738,0,0.8909999999999999,0,0.0961,-17.951,1,19,0.0411,89.309,0.368,8
0.888,0.244,271577,0.339,0,0.0103,6,0.15,-11.562,0,0,0.0371,110.137,0.271,7
0.434,0.63,328760,0.855,0,0.000607,10,0.109,-5.544,0,58,0.0345,90.638,0.57,2
0.339,0.539,151413,0.588,0,0.0,8,0.34,-9.901,1,15,0.0537,115.581,0.703,6
0.218,0.662,476387,0.332,0,0.0,10,0.35600000000000004,-18.642,0,13,0.944,80.98899999999998,0.691,9
0.99,0.604,140427,0.29600000000000004,0,0.0,7,0.3670000000000001,-17.305999999999994,1,0,0.118,64.33800000000001,0.8170000000000001,10
0.593,0.5539999999999999,104227,0.5710000000000001,0,5.93e-06,9,0.116,-7.237999999999999,1,7,0.0359,154.559,0.958,6
0.815,0.551,225400,0.18600000000000005,0,9.35e-06,9,0.307,-16.765,1,32,0.0319,86.45700000000002,0.322,5
0.972,0.539,199624,0.35,0,0.305,4,0.387,-8.724,1,0,0.0563,130.921,0.8809999999999999,8
0.855,0.276,167000,0.231,0,2.8000000000000013e-05,7,0.37,-14.181,1,13,0.0306,88.522,0.405,6
0.256,0.743,164027,0.428,0,0.0,0,0.103,-14.668,1,30,0.107,125.117,0.789,5
0.0771,0.498,166213,0.522,0,0.000126,0,0.17600000000000002,-13.629,0,28,0.0316,93.426,0.8270000000000001,6
0.981,0.189,254093,0.202,0,0.8029999999999999,7,0.628,-16.295,1,0,0.0457,71.748,0.14800000000000002,8
0.23,0.618,263227,0.741,0,0.0,7,0.184,-4.769,0,36,0.027000000000000003,114.597,0.423,4
0.977,0.12,191000,0.018000000000000002,0,0.863,2,0.119,-30.88300000000001,0,69,0.0357,68.249,0.0924,1
0.977,0.258,158067,0.0549,0,0.561,0,0.416,-22.279,1,1,0.0795,66.358,0.1,8
0.546,0.7440000000000001,296227,0.7909999999999999,0,8.04e-05,4,0.117,-3.926,0,42,0.0438,97.709,0.727,4
0.0511,0.8290000000000001,325000,0.482,0,0.0,6,0.0507,-8.568999999999999,0,54,0.256,75.2,0.805,3
0.963,0.248,210507,0.4270000000000001,0,3.86e-05,3,0.189,-8.32,1,5,0.0339,131.701,0.338,8
0.219,0.946,246988,0.6459999999999999,1,0.0,5,0.0643,-6.604,1,73,0.21,127.978,0.961,1
0.949,0.465,261933,0.285,0,0.0189,0,0.486,-16.848,1,0,0.0885,85.383,0.546,7
0.127,0.785,183853,0.86,0,0.0,4,0.408,-5.309,0,48,0.0512,89.978,0.547,1
0.0658,0.828,240853,0.752,0,0.000407,9,0.212,-3.831,0,24,0.0426,120.824,0.959,4
0.14800000000000002,0.841,238133,0.6779999999999999,1,0.0,5,0.327,-6.962999999999999,0,64,0.227,137.02,0.493,1
0.7609999999999999,0.469,334333,0.32299999999999995,0,0.328,10,0.0593,-13.328,1,36,0.0391,147.619,0.35700000000000004,3
0.8959999999999999,0.4370000000000001,221518,0.193,0,0.000464,2,0.104,-14.848,0,31,0.0425,114.009,0.307,6
0.933,0.5710000000000001,165107,0.258,0,0.0,9,0.241,-10.885,1,6,0.0469,163.685,0.638,9
0.459,0.5820000000000001,127167,0.473,0,0.0,9,0.0839,-13.323,1,32,0.0445,93.802,0.9,6
0.856,0.171,269973,0.308,0,2.410000000000001e-05,0,0.106,-11.217,1,15,0.0298,89.023,0.11,7
0.0007480000000000001,0.504,347440,0.856,1,0.359,7,0.114,-6.271,1,61,0.0423,95.402,0.585,3
0.13699999999999998,0.638,172756,0.6609999999999999,0,0.0,9,0.245,-10.134,1,61,0.0341,109.268,0.464,3
0.513,0.405,161227,0.222,0,0.0,0,0.293,-11.735,1,0,0.0305,136.66,0.535,9
0.00472,0.474,72640,0.939,0,0.674,11,0.19,-8.884,0,55,0.199,166.829,0.499,6
0.607,0.763,145093,0.177,0,0.0,1,0.0776,-13.848,1,16,0.0823,124.543,0.636,6
3.31e-06,0.0752,39920,0.637,0,0.8170000000000001,9,0.233,-7.4689999999999985,1,48,0.0352,80.06,0.237,4
0.0992,0.733,216440,0.634,0,0.000262,10,0.128,-8.122,0,41,0.0536,98.596,0.6920000000000001,3
0.00124,0.564,208547,0.6559999999999999,0,3.57e-06,7,0.107,-6.0139999999999985,1,47,0.0306,83.995,0.547,1
0.485,0.847,313600,0.7829999999999999,0,0.000977,2,0.125,-10.498,0,41,0.0558,110.523,0.8909999999999999,3
0.96,0.581,162534,0.294,0,0.0,9,0.532,-12.2,1,0,0.0714,128.28799999999998,0.618,9
0.482,0.578,81920,0.84,1,0.0,10,0.48,-7.435,0,44,0.345,95.565,0.529,2
0.6920000000000001,0.594,183613,0.188,0,0.0,0,0.0989,-17.093,1,28,0.0329,92.525,0.5770000000000001,6
0.992,0.237,94000,0.0233,0,0.133,7,0.108,-26.729,1,22,0.0431,124.34,0.0961,6
0.428,0.674,198360,0.87,0,5.08e-06,3,0.127,-5.158,0,53,0.0912,120.027,0.5589999999999999,2
0.629,0.4,209760,0.5329999999999999,0,0.0,9,0.12,-7.391,1,44,0.0443,171.483,0.228,4
0.89,0.703,186173,0.392,0,0.0296,11,0.0959,-6.166,0,0,0.261,137.19899999999998,0.8809999999999999,8
0.604,0.552,203973,0.69,0,0.0976,2,0.24,-9.203,0,21,0.045,128.789,0.948,7
0.123,0.7090000000000001,240627,0.727,0,1.31e-05,11,0.0733,-5.534,1,34,0.0295,124.892,0.961,3
0.955,0.59,186040,0.544,0,0.5579999999999999,10,0.112,-5.038,1,12,0.0336,90.458,0.614,6
0.98,0.198,240400,0.126,0,0.902,7,0.0765,-17.617,1,34,0.0326,79.65,0.0381,4
0.025,0.623,190213,0.634,0,0.00239,2,0.121,-9.052,1,49,0.0283,76.61,0.8640000000000001,2
0.299,0.7090000000000001,211347,0.88,0,0.0,10,0.0499,-3.443,1,42,0.0512,119.028,0.7759999999999999,2
0.871,0.602,153707,0.669,0,0.0182,3,0.277,-11.17,1,25,0.159,166.822,0.971,6
0.0527,0.601,231920,0.8059999999999999,0,0.0,7,0.185,-4.579,1,68,0.0345,89.87,0.711,2
0.731,0.522,508733,0.305,0,0.0437,0,0.0777,-16.38,1,8,0.0513,142.556,0.638,8
0.87,0.373,191760,0.0672,0,3.11e-05,2,0.127,-19.646,1,20,0.038,80.225,0.153,5
0.0556,0.555,212000,0.8759999999999999,0,0.00503,11,0.121,-5.627999999999999,0,49,0.0369,130.703,0.961,2
0.0285,0.616,143213,0.629,0,1.32e-06,8,0.208,-6.9,1,48,0.0263,94.004,0.606,5
2.3e-05,0.193,339000,0.988,0,8.89e-06,7,0.219,-2.681,1,31,0.263,161.496,0.18,4
0.958,0.246,281427,0.205,0,0.00028700000000000004,5,0.198,-13.951,1,0,0.0511,81.306,0.0962,7
0.303,0.399,445187,0.467,0,0.0186,5,0.124,-11.763,1,67,0.0284,75.601,0.525,5
0.0346,0.879,198913,0.448,1,0.0,7,0.224,-8.57,0,73,0.222,136.985,0.278,0
0.8059999999999999,0.71,209359,0.212,0,0.0,0,0.158,-17.189,1,0,0.954,128.23,0.341,9
0.0857,0.7490000000000001,217533,0.774,0,1.14e-05,9,0.11,-6.221,1,71,0.12,99.019,0.35,1
0.848,0.388,168640,0.157,0,2.410000000000001e-05,9,0.309,-15.955,1,43,0.0291,95.965,0.227,3
0.014,0.541,116947,0.961,0,0.00282,2,0.241,-5.53,1,46,0.101,136.03,0.821,3
0.857,0.338,223067,0.289,0,0.000177,0,0.128,-8.781,1,48,0.0263,104.802,0.181,3
0.985,0.544,195000,0.181,0,0.0256,5,0.401,-11.729,1,15,0.0387,129.803,0.411,10
0.0187,0.7140000000000001,255667,0.428,0,6.19e-05,11,0.0638,-14.156,1,32,0.0415,141.08,0.504,4
0.203,0.846,161963,0.631,0,0.0,5,0.455,-5.5470000000000015,1,74,0.1,115.999,0.602,1
0.903,0.7959999999999999,161087,0.309,0,0.0169,7,0.182,-9.522,1,14,0.0483,96.171,0.675,7
0.8109999999999999,0.6709999999999999,174573,0.455,0,1.23e-05,2,0.226,-7.104,0,28,0.0356,113.571,0.695,6
0.00201,0.388,295440,0.955,0,0.0366,9,0.146,-6.184,1,53,0.0411,150.352,0.693,4
0.7609999999999999,0.225,469107,0.273,0,0.7190000000000001,9,0.11,-18.815,0,23,0.056,103.011,0.065,6
0.201,0.579,322600,0.529,0,0.0,2,0.231,-11.548,1,58,0.025,88.156,0.38,4
0.989,0.269,54547,0.428,0,0.918,10,0.113,-22.335,1,17,0.0505,107.608,0.947,6
0.994,0.34,193867,0.0992,0,0.8690000000000001,1,0.13,-24.113000000000003,0,0,0.0364,110.637,0.16,8
0.0729,0.867,309627,0.531,0,0.000367,6,0.117,-13.791,1,33,0.108,120.024,0.647,6
0.4370000000000001,0.473,527427,0.7709999999999999,0,0.0,1,0.113,-8.652999999999999,1,34,0.0457,118.942,0.474,6
0.201,0.378,250413,0.7929999999999999,0,0.00014199999999999998,4,0.094,-6.636,0,34,0.0459,105.254,0.271,4
0.00462,0.688,208493,0.733,0,0.0,9,0.0756,-4.569,1,69,0.0274,140.004,0.459,2
0.954,0.363,147247,0.458,0,0.909,7,0.258,-9.454,1,1,0.0462,148.183,0.34600000000000003,9
0.653,0.519,169267,0.177,0,0.0,6,0.0964,-14.675,1,54,0.0425,140.628,0.309,5
0.967,0.58,187133,0.225,0,0.0,0,0.118,-16.784000000000002,1,2,0.319,96.869,0.502,10
0.943,0.302,155040,0.101,0,0.8859999999999999,2,0.107,-19.705,1,66,0.0378,106.904,0.213,1
0.7879999999999999,0.6579999999999999,129853,0.209,0,0.0,4,0.223,-19.202,1,6,0.0362,129.929,0.944,6
0.7490000000000001,0.467,190320,0.536,0,0.0,10,0.14,-7.928,1,21,0.0377,114.053,0.606,6
0.887,0.722,172000,0.213,0,0.0,8,0.0936,-13.452,1,29,0.0376,117.492,0.679,5
0.00187,0.552,299733,0.645,0,1.38e-06,7,0.0424,-6.595,1,65,0.0268,89.51799999999999,0.588,3
0.91,0.405,568093,0.7709999999999999,0,0.7979999999999999,7,0.119,-7.772,1,33,0.0348,116.601,0.448,3
0.995,0.472,263907,0.0841,0,0.777,5,0.0934,-22.627,1,36,0.0603,183.721,0.189,5
0.12,0.875,197093,0.825,0,0.0,6,0.261,-8.671,0,30,0.218,107.663,0.652,3
0.163,0.66,153169,0.596,1,0.86,0,0.109,-8.207,1,65,0.0358,77.02600000000002,0.0757,1
0.00288,0.34,226040,0.67,0,0.0534,9,0.851,-13.47,1,25,0.0798,124.012,0.721,5
0.000403,0.551,187613,0.7040000000000001,0,0.000104,1,0.0993,-4.798,1,47,0.0344,122.85,0.677,6
0.153,0.529,320867,0.662,0,0.00542,5,0.099,-11.745,1,54,0.0273,93.93,0.302,3
0.262,0.68,146147,0.536,0,0.0020800000000000003,2,0.141,-8.943,0,48,0.0357,137.502,0.914,2
0.243,0.7340000000000001,215385,0.765,1,0.0,5,0.101,-6.0470000000000015,1,72,0.0571,156.04,0.512,1
0.774,0.609,299040,0.366,0,0.951,1,0.219,-14.752,1,41,0.0532,75.008,0.49,2
0.0944,0.915,118547,0.612,1,0.0,1,0.115,-4.535,1,80,0.407,129.93,0.758,0
0.7240000000000001,0.379,453480,0.466,0,0.0,0,0.443,-12.995,1,1,0.0562,102.833,0.563,9
0.92,0.436,564107,0.3720000000000001,0,0.381,2,0.205,-12.542,1,5,0.0426,152.157,0.434,7
0.0567,0.8490000000000001,241898,0.823,1,0.0,4,0.0855,-4.563,1,66,0.0441,135.929,0.846,1
0.82,0.617,188395,0.46,0,0.0,10,0.378,-8.586,1,62,0.0518,125.011,0.959,4
2.410000000000001e-05,0.442,203640,0.952,0,0.0,3,0.205,-2.214,1,50,0.0541,130.68200000000002,0.505,2
0.889,0.446,77267,0.105,0,0.0,7,0.171,-15.442,1,0,0.0459,89.318,0.657,8
0.0108,0.737,261968,0.927,0,2.9e-05,11,0.384,-4.191,0,51,0.0414,88.014,0.745,2
0.00394,0.57,260027,0.7290000000000001,0,0.0238,7,0.933,-9.859,0,31,0.0342,102.313,0.6779999999999999,5
0.989,0.539,170292,0.461,0,0.00294,1,0.813,-6.709,0,0,0.158,120.735,0.5379999999999999,9
0.133,0.34,162307,0.973,0,4.14e-05,9,0.0552,-3.77,1,34,0.0817,150.69799999999995,0.6940000000000001,4
0.0325,0.536,236733,0.696,0,3.510000000000001e-05,3,0.12,-4.888,0,48,0.0492,141.043,0.325,1
0.313,0.762,287695,0.423,0,0.503,11,0.1,-11.193,1,29,0.0271,90.306,0.536,5
0.104,0.652,197187,0.966,0,0.0,9,0.35700000000000004,-6.5539999999999985,0,48,0.044,122.214,0.921,4
0.12,0.7909999999999999,311800,0.665,1,0.000161,8,0.0961,-9.496,0,47,0.35200000000000004,177.097,0.792,3
0.00665,0.578,251600,0.6759999999999999,0,0.00271,9,0.0751,-11.882,0,25,0.0349,105.414,0.649,5
0.0555,0.6729999999999999,180571,0.795,0,0.0111,2,0.117,-6.21,1,53,0.0309,105.025,0.4370000000000001,1
0.0153,0.591,141467,0.731,0,0.206,7,0.203,-13.379,1,21,0.0618,147.678,0.903,4
0.404,0.569,314830,0.266,0,0.0248,0,0.081,-19.769,1,6,0.0522,121.591,0.585,6
0.00504,0.515,186427,0.984,0,1.38e-06,11,0.4970000000000001,-4.218,0,47,0.219,150.00799999999995,0.376,2
0.966,0.115,168857,0.0197,0,0.928,4,0.195,-25.263,0,63,0.0375,78.449,0.0651,1
0.7070000000000001,0.45,191660,0.6459999999999999,0,0.00432,2,0.184,-6.776,0,0,0.052000000000000005,102.049,0.883,7
0.264,0.6,326321,0.792,0,0.00225,9,0.0403,-9.076,0,34,0.0376,111.612,0.882,5
0.018000000000000002,0.871,239160,0.789,0,1.95e-05,1,0.103,-4.384,1,42,0.0952,92.459,0.561,3
0.308,0.183,104093,0.171,0,0.0133,7,0.153,-22.064,1,38,0.0439,86.529,0.0273,5
0.825,0.5539999999999999,193400,0.196,0,0.0,8,0.104,-15.925,1,15,0.104,82.719,0.5670000000000001,7
0.993,0.426,165172,0.289,0,0.00019,0,0.126,-9.036,1,0,0.0573,100.439,0.528,9
0.843,0.317,215053,0.443,0,2.82e-05,9,0.219,-10.462,1,33,0.048,87.91,0.301,6
0.56,0.649,181467,0.28600000000000003,0,0.0,5,0.184,-13.143,1,35,0.0311,97.134,0.583,6
0.0287,0.42,161893,0.583,0,0.0,7,0.18600000000000005,-10.208,0,25,0.0337,147.87,0.8320000000000001,6
0.614,0.523,208733,0.654,0,0.00897,2,0.139,-6.876,1,52,0.12,83.764,0.544,2
0.116,0.499,181213,0.701,0,0.000194,5,0.112,-7.2189999999999985,1,30,0.0319,140.017,0.467,3
0.56,0.456,154227,0.478,0,0.0,2,0.14,-2.27,1,40,0.0291,81.867,0.514,2
0.3720000000000001,0.403,155267,0.199,0,0.904,1,0.0738,-18.706,1,29,0.0303,97.11,0.484,6
0.0433,0.516,172240,0.344,0,0.0,4,0.0634,-14.353,1,52,0.0296,112.224,0.605,5
0.000101,0.476,250200,0.992,0,0.000219,11,0.103,-2.75,0,43,0.139,104.972,0.23,2
0.8740000000000001,0.495,197067,0.498,0,0.0682,9,0.0815,-5.4860000000000015,0,15,0.0426,122.84,0.501,7
0.929,0.703,148867,0.0945,0,0.00222,1,0.101,-18.392,0,44,0.0346,110.858,0.377,4
0.574,0.209,225720,0.4320000000000001,0,1.63e-05,7,0.125,-10.428,1,23,0.0343,86.323,0.355,5
0.0164,0.484,274973,0.769,0,1.52e-06,2,0.0983,-7.1110000000000015,1,35,0.0388,87.579,0.5379999999999999,3
0.883,0.564,232000,0.38,0,0.0139,6,0.208,-14.337,0,25,0.0364,117.706,0.765,6
0.0299,0.498,215307,0.858,0,0.0,8,0.106,-9.48,1,44,0.0564,151.69799999999995,0.4370000000000001,4
0.225,0.309,218973,0.905,0,7.32e-06,0,0.945,-10.815,1,25,0.0528,176.705,0.5870000000000001,5
0.0073599999999999985,0.226,335621,0.667,0,0.00417,9,0.118,-9.571,1,52,0.0533,75.639,0.24,3
0.905,0.7140000000000001,849000,0.133,0,0.0,0,0.206,-15.762,1,9,0.5539999999999999,126.071,0.4270000000000001,7
0.37,0.721,99600,0.152,1,0.0,1,0.0597,-19.698,1,0,0.904,123.117,0.731,8
0.518,0.757,213540,0.769,1,0.0,5,0.334,-6.291,0,60,0.0992,124.129,0.774,1
0.163,0.733,211880,0.7120000000000001,0,0.0,6,0.128,-6.914,1,55,0.132,151.569,0.8140000000000001,1
0.0026,0.5489999999999999,199440,0.913,1,0.0,8,0.26,-3.49,0,44,0.146,154.957,0.669,2
0.974,0.158,436453,0.0424,0,0.0433,4,0.0972,-17.160999999999998,1,35,0.0391,73.788,0.0729,5
0.0908,0.374,275467,0.484,0,0.00369,0,0.122,-10.21,1,24,0.0271,69.279,0.41,5
0.995,0.526,201200,0.0411,0,0.745,9,0.262,-18.584,0,0,0.0987,169.862,0.747,9
0.552,0.812,161876,0.447,0,0.0,11,0.32299999999999995,-7.629,0,65,0.0765,125.075,0.703,1
0.0331,0.589,279000,0.713,0,0.000411,10,0.17800000000000002,-3.756,0,53,0.0976,92.018,0.547,1
0.0854,0.782,229800,0.379,0,0.0147,11,0.14300000000000002,-11.219,0,39,0.14800000000000002,80.436,0.345,3
0.129,0.682,315800,0.769,0,0.196,5,0.036000000000000004,-12.274,1,32,0.0501,121.577,0.743,5
0.53,0.29,179027,0.229,0,0.935,5,0.123,-20.367,1,9,0.0445,119.538,0.5,6
0.605,0.664,180040,0.498,0,0.0,0,0.08900000000000001,-4.555,1,63,0.0661,156.799,0.966,2
0.038,0.691,247040,0.4970000000000001,0,5.94e-06,11,0.0859,-13.248,1,51,0.0473,103.893,0.701,4
0.588,0.6890000000000001,134427,0.368,0,0.0,0,0.101,-7.34,1,59,0.0263,104.057,0.738,1
0.00285,0.7090000000000001,279040,0.841,0,0.583,0,0.0731,-8.078,1,25,0.0346,120.805,0.847,6
0.0286,0.386,110373,0.493,0,0.0,2,0.14,-7.287000000000001,1,44,0.0343,183.87,0.6509999999999999,5
0.985,0.263,520133,0.187,0,0.911,10,0.11,-19.351,0,0,0.0361,69.497,0.05,8
0.971,0.334,193507,0.219,0,0.0,0,0.344,-10.845999999999998,1,7,0.0498,103.901,0.13699999999999998,7
0.0529,0.67,118973,0.3,0,0.929,10,0.112,-11.361,0,26,0.0481,111.72,0.556,5
0.8029999999999999,0.599,138107,0.241,0,4.4299999999999986e-05,6,0.0902,-13.738,1,22,0.068,141.827,0.384,6
0.966,0.201,468600,0.226,0,0.913,5,0.102,-16.354,0,0,0.0337,84.729,0.0419,8
0.982,0.287,192133,0.245,0,0.923,0,0.0876,-17.241,1,53,0.0381,150.269,0.0626,1
0.483,0.679,347560,0.7190000000000001,0,0.0837,10,0.174,-5.687,0,39,0.0429,78.46600000000002,0.568,3
0.159,0.612,295987,0.924,0,4.34e-05,9,0.103,-3.877,1,55,0.0316,115.953,0.96,2
4.78e-05,0.373,155200,0.981,0,0.254,8,0.037000000000000005,-3.632,1,31,0.107,103.421,0.154,4
0.495,0.511,302293,0.7070000000000001,0,0.903,4,0.179,-8.475,0,42,0.0304,142.033,0.6,3
0.852,0.196,201627,0.365,0,0.856,0,0.228,-10.977,1,3,0.034,88.296,0.102,7
0.0989,0.54,261678,0.889,0,0.0,8,0.961,-5.575,0,56,0.0567,131.955,0.363,1
0.000311,0.456,365397,0.912,0,0.00175,2,0.477,-4.924,0,53,0.219,180.06799999999996,0.181,1
0.000508,0.606,295027,0.9,0,0.901,6,0.112,-5.167999999999998,1,54,0.0547,140.035,0.115,2
0.7979999999999999,0.301,62400,0.6990000000000001,0,0.139,4,0.249,-11.915,0,40,0.0844,109.643,0.0501,3
0.37,0.461,280120,0.472,0,2.37e-06,1,0.0612,-10.443,1,42,0.0344,129.127,0.254,3
0.098,0.451,107307,0.92,0,0.0,11,0.35100000000000003,-10.497,0,30,0.0338,133.89600000000002,0.426,4
0.684,0.474,176520,0.343,0,0.0,10,0.59,-11.856,1,55,0.0375,134.697,0.8909999999999999,6
0.992,0.489,178253,0.062,0,0.911,5,0.127,-19.877,1,15,0.0419,73.12899999999998,0.163,8
0.957,0.223,253253,0.189,0,0.728,9,0.109,-17.331,1,11,0.0347,74.061,0.0378,7
0.429,0.518,229480,0.825,0,6.49e-05,9,0.127,-8.767999999999999,1,49,0.033,130.342,0.6729999999999999,4
0.971,0.142,271027,0.0603,0,0.82,2,0.107,-25.089,1,34,0.045,97.955,0.107,4
0.00293,0.74,232307,0.552,1,0.0,6,0.11,-10.193,1,38,0.31,89.988,0.713,3
0.708,0.376,423600,0.385,0,0.000231,0,0.3670000000000001,-12.509,1,22,0.0647,116.602,0.337,5
0.0288,0.6759999999999999,108200,0.76,1,6.61e-06,7,0.364,-13.835,1,25,0.0496,109.378,0.706,4
0.0728,0.5589999999999999,294347,0.636,0,0.0,7,0.14400000000000002,-4.4,1,48,0.0263,95.485,0.214,2
0.898,0.585,163053,0.208,0,0.495,5,0.28,-14.386,1,0,0.159,94.592,0.6779999999999999,9
0.171,0.855,214347,0.6729999999999999,1,0.0,10,0.109,-4.311,0,46,0.295,94.91,0.949,2
0.985,0.364,204867,0.252,0,0.565,2,0.136,-15.194,0,1,0.0555,74.795,0.342,10
0.985,0.294,145547,0.0722,0,0.939,4,0.114,-27.532,0,17,0.0485,91.135,0.7290000000000001,7
0.407,0.622,121300,0.273,0,0.0,5,0.14300000000000002,-17.801,0,2,0.967,79.41199999999998,0.271,7
0.987,0.188,164000,0.012,0,0.33,1,0.26,-31.728,0,32,0.0591,81.381,0.17600000000000002,4
0.99,0.594,185525,0.0819,0,0.0040100000000000005,11,0.649,-11.005999999999998,0,0,0.31,130.357,0.752,7
0.821,0.26,150893,0.205,0,0.00102,5,0.07400000000000001,-16.618,0,49,0.0312,99.912,0.313,7
0.243,0.815,233533,0.4970000000000001,0,0.000245,5,0.0682,-13.633,0,46,0.0345,107.024,0.611,4
0.52,0.518,550773,0.312,0,0.000207,9,0.261,-14.849,0,3,0.0538,132.181,0.511,7
0.926,0.7140000000000001,175267,0.258,0,0.0,9,0.0907,-13.311,1,0,0.307,129.845,0.8420000000000001,9
0.335,0.565,199068,0.598,0,0.0,6,0.124,-5.894,1,63,0.0276,155.814,0.449,1
0.637,0.5589999999999999,247093,0.575,0,0.0,2,0.6409999999999999,-8.0,1,27,0.114,77.00399999999998,0.514,4
0.0742,0.602,169893,0.635,0,0.0,4,0.0589,-10.333,0,24,0.0341,141.891,0.753,4
0.774,0.243,176680,0.281,0,0.0,6,0.249,-16.865,1,32,0.0336,111.473,0.33,3
0.6759999999999999,0.267,155333,0.369,0,0.0,10,0.925,-12.416,1,46,0.0501,182.343,0.527,5
0.115,0.701,222093,0.895,0,1.34e-06,10,0.257,-8.488999999999999,1,42,0.0616,139.915,0.415,5
0.0298,0.446,237000,0.701,0,8.89e-06,9,0.0931,-4.1789999999999985,0,64,0.0295,159.958,0.394,2
0.264,0.799,168453,0.649,0,1.22e-05,4,0.17,-10.817,1,35,0.0591,123.548,0.813,4
0.417,0.199,254000,0.277,0,0.877,2,0.293,-12.633,0,0,0.0302,95.73,0.253,9
0.47,0.659,185120,0.271,0,0.0005809999999999999,0,0.0655,-13.323,0,31,0.0451,101.585,0.906,5
0.188,0.519,192827,0.494,0,0.0,6,0.159,-5.399,1,45,0.0263,99.909,0.243,1
0.7659999999999999,0.5660000000000001,247555,0.407,0,0.000185,0,0.111,-10.293,1,58,0.0914,119.781,0.156,1
0.7170000000000001,0.463,230933,0.134,0,0.542,1,0.0854,-12.943,1,0,0.0451,110.238,0.536,8
0.00285,0.494,169000,0.934,0,1.78e-06,2,0.35200000000000004,-4.785,1,46,0.0655,89.945,0.8109999999999999,2
0.0277,0.394,301600,0.873,0,0.0,0,0.448,-6.0120000000000005,1,35,0.0693,115.674,0.524,3
0.0841,0.471,168600,0.306,0,0.000479,9,0.264,-13.635,0,28,0.0476,137.901,0.314,6
0.0421,0.6559999999999999,244467,0.88,1,0.0,11,0.294,-5.425,0,53,0.14300000000000002,85.565,0.758,2
0.708,0.685,202827,0.364,0,0.0278,0,0.114,-12.232,1,41,0.0373,116.324,0.298,2
0.506,0.431,213173,0.484,1,0.0,4,0.117,-7.27,1,49,0.0583,150.739,0.517,1
0.015,0.505,264467,0.954,1,0.287,5,0.188,-6.37,0,34,0.149,187.968,0.769,3
0.831,0.753,144036,0.29100000000000004,0,1.56e-05,6,0.128,-10.389,1,13,0.0405,92.719,0.545,6
0.35700000000000004,0.733,386173,0.833,0,0.0179,10,0.0517,-11.118,0,37,0.0456,108.782,0.962,4
0.833,0.5379999999999999,487307,0.516,0,0.336,10,0.118,-6.935,0,21,0.043,125.334,0.556,6
0.153,0.835,207800,0.6509999999999999,0,0.0,3,0.0531,-6.414,1,41,0.0766,142.382,0.97,2
0.362,0.501,205480,0.938,0,0.00937,4,0.4370000000000001,-4.023,1,24,0.0371,157.197,0.777,5
0.7040000000000001,0.643,318760,0.625,0,0.000339,7,0.126,-7.089,0,53,0.0386,101.19,0.529,2
0.0165,0.66,203160,0.685,0,0.0,2,0.442,-6.658,1,56,0.0477,119.991,0.32,1
0.88,0.581,214293,0.197,0,0.0,3,0.107,-7.697,1,73,0.0329,130.36700000000002,0.349,1
4.82e-06,0.387,136973,0.7170000000000001,0,0.0496,7,0.29100000000000004,-11.262,0,35,0.0525,105.461,0.636,3
0.00224,0.426,237365,0.912,0,0.0,1,0.317,-3.1830000000000003,0,46,0.457,180.282,0.61,1
0.0804,0.5429999999999999,199307,0.736,0,2.81e-06,0,0.133,-5.181,0,62,0.0309,123.353,0.385,2
0.0178,0.329,245067,0.383,0,2.410000000000001e-05,3,0.0446,-13.55,1,34,0.0341,202.001,0.521,5
0.969,0.406,205293,0.269,0,0.946,5,0.17,-11.058,1,0,0.0372,120.4,0.4920000000000001,8
0.102,0.763,207080,0.564,0,0.0,8,0.0415,-7.63,1,39,0.0293,110.906,0.525,4
0.118,0.818,220714,0.675,0,1.65e-05,11,0.262,-4.176,1,46,0.0655,139.977,0.47,1
0.362,0.797,256200,0.415,0,0.000996,3,0.0357,-12.309,0,46,0.0325,108.57,0.736,4
0.028,0.506,217107,0.606,0,0.129,9,0.188,-7.914,1,49,0.0289,110.072,0.843,6
0.7559999999999999,0.573,141907,0.204,0,0.0,2,0.28600000000000003,-15.958,0,14,0.0475,135.86700000000002,0.6579999999999999,6
0.94,0.4370000000000001,191773,0.0463,0,6.75e-06,6,0.111,-20.049,1,25,0.0392,116.537,0.16699999999999998,7
0.988,0.31,180733,0.055,0,0.727,1,0.106,-19.343,0,0,0.0445,127.891,0.122,8
0.979,0.359,209293,0.16,0,0.816,11,0.449,-16.887,0,0,0.0406,128.91899999999998,0.182,8
0.252,0.501,209427,0.407,0,0.000342,9,0.128,-13.142,0,35,0.305,77.152,0.722,5
0.97,0.228,242267,0.196,0,1.12e-05,9,0.114,-16.569000000000006,0,0,0.0428,88.911,0.134,7
0.419,0.491,228733,0.605,0,8.290000000000001e-05,8,0.223,-9.102,1,22,0.0334,135.421,0.551,5
0.0132,0.423,321747,0.9,0,0.00125,0,0.436,-4.703,1,51,0.0418,102.039,0.471,1
0.0346,0.542,274467,0.946,1,0.0,6,0.32299999999999995,-4.279,1,48,0.378,146.7,0.509,2
0.68,0.755,120693,0.672,0,0.154,5,0.045,-11.844,0,20,0.457,124.063,0.949,6
0.00128,0.25,486600,0.91,0,0.0985,7,0.334,-8.02,1,39,0.0519,166.886,0.536,3
0.993,0.478,180133,0.0812,0,3.92e-05,5,0.0556,-17.761,0,1,0.0616,113.853,0.196,8
0.461,0.66,211533,0.927,0,5.73e-05,5,0.6990000000000001,-5.867000000000001,0,58,0.156,136.247,0.458,2
0.0767,0.478,286533,0.809,0,0.00111,7,0.209,-9.158,1,50,0.0458,102.108,0.297,4
0.344,0.527,191040,0.902,0,4.63e-05,6,0.0669,-5.352,1,65,0.0601,181.96400000000003,0.7090000000000001,1
0.942,0.617,52773,0.13699999999999998,0,0.871,7,0.104,-14.06,0,0,0.059,105.712,0.153,8
0.96,0.361,155933,0.302,0,0.0217,8,0.0912,-11.005,1,0,0.0354,82.244,0.361,8
0.905,0.17,503067,0.116,0,0.862,7,0.111,-20.118,0,0,0.0401,137.885,0.0427,8
0.982,0.71,194520,0.0311,0,0.00103,3,0.101,-23.874,1,0,0.0778,99.286,0.506,9
0.974,0.248,167013,0.237,0,0.00043,5,0.111,-14.186,1,49,0.0331,85.141,0.208,2
0.226,0.722,226500,0.762,0,7.1e-06,5,0.117,-4.76,0,59,0.053,120.038,0.591,1
0.984,0.51,215467,0.0963,0,0.00313,10,0.118,-15.905,0,34,0.0441,123.484,0.18,7
0.994,0.285,207387,0.302,0,0.139,5,0.378,-12.249,1,0,0.0358,81.844,0.238,7
0.72,0.675,454573,0.318,0,0.685,10,0.105,-15.800999999999998,0,0,0.0343,126.452,0.5589999999999999,10
0.969,0.508,182573,0.339,0,0.000339,7,0.5820000000000001,-7.81,1,3,0.0365,96.516,0.657,9
0.342,0.6,243760,0.414,0,0.0,9,0.0814,-10.43,0,21,0.0505,105.247,0.586,7
0.00353,0.448,216827,0.825,1,0.0,4,0.108,-5.307,0,61,0.0621,144.17,0.226,1
0.792,0.524,254947,0.231,0,0.544,0,0.0748,-13.593,0,3,0.0653,69.625,0.44,7
0.0728,0.667,269133,0.715,0,0.279,0,0.126,-10.303,0,31,0.068,99.491,0.318,4
0.0542,0.466,204800,0.763,0,0.0,11,0.119,-7.747999999999997,0,65,0.0391,123.539,0.473,5
0.311,0.778,241083,0.4970000000000001,0,1.04e-05,7,0.0874,-7.846,1,48,0.0398,94.766,0.8740000000000001,2
0.718,0.428,132213,0.8,0,0.00202,1,0.0821,-9.701,1,35,0.107,96.482,0.961,7
0.0228,0.603,222893,0.86,0,4.27e-06,4,0.463,-6.82,1,38,0.0332,140.768,0.947,3
0.982,0.255,194693,0.408,0,0.6,3,0.123,-11.754,1,0,0.0433,100.494,0.195,7
0.995,0.569,209258,0.249,0,0.0441,7,0.181,-8.767000000000001,1,0,0.0536,61.485,0.56,8
0.58,0.5379999999999999,201333,0.234,0,0.0,7,0.255,-15.498,1,35,0.0275,80.567,0.471,4
0.0362,0.452,412533,0.875,0,0.000421,9,0.21,-7.547999999999999,1,40,0.06,101.081,0.597,5
0.993,0.302,226560,0.501,0,0.937,7,0.101,-17.508,0,0,0.036000000000000004,169.732,0.7090000000000001,10
0.99,0.292,374560,0.3670000000000001,0,0.934,7,0.115,-15.319,1,3,0.0336,81.538,0.31,7
0.5920000000000001,0.89,142933,0.494,0,0.0011,3,0.0615,-5.35,1,43,0.0823,106.696,0.97,2
0.914,0.238,173480,0.244,0,0.0968,7,0.122,-13.992,1,38,0.0326,84.64200000000002,0.32299999999999995,6
0.972,0.545,155547,0.0478,0,5.23e-05,0,0.15,-21.179,0,20,0.0512,123.103,0.313,7
0.957,0.138,708307,0.35700000000000004,0,0.875,4,0.101,-11.562,0,0,0.0372,79.905,0.0814,8
0.93,0.509,118427,0.973,0,0.0,6,0.841,-9.552,0,27,0.914,77.81,0.0389,4
0.00628,0.319,712373,0.903,0,0.401,1,0.622,-10.962,0,25,0.0674,138.246,0.446,4
0.846,0.221,141133,0.305,0,9.14e-05,10,0.348,-15.491,1,51,0.029,96.592,0.109,2
0.983,0.7390000000000001,170387,0.509,0,0.67,2,0.34700000000000003,-9.184,1,0,0.0504,110.903,0.72,9
0.659,0.625,300840,0.5329999999999999,0,0.00266,10,0.0546,-11.903,0,54,0.0596,108.296,0.139,4
0.448,0.62,98800,0.124,1,0.0,11,0.21,-17.514,0,0,0.943,63.504,0.703,9
0.309,0.6990000000000001,225133,0.33,0,0.00475,7,0.0838,-13.906,1,33,0.034,122.402,0.8420000000000001,5
0.287,0.461,241176,0.307,0,0.0371,2,0.108,-14.34,1,35,0.0266,134.965,0.225,5
0.0944,0.523,345080,0.34700000000000003,0,0.42,5,0.104,-16.13,1,23,0.0357,107.856,0.555,5
0.0568,0.856,288053,0.8390000000000001,1,1.2e-06,9,0.114,-3.764,0,50,0.271,140.03,0.6990000000000001,2
0.941,0.251,208907,0.14,0,0.736,2,0.155,-17.037,0,15,0.0343,81.797,0.119,6
0.21,0.448,208907,0.838,0,0.000131,4,0.131,-5.2570000000000014,0,80,0.0557,139.863,0.254,1
0.348,0.5489999999999999,248467,0.17800000000000002,0,0.047,4,0.119,-20.044,0,35,0.0305,147.132,0.104,4
0.983,0.525,96363,0.278,0,0.000344,10,0.0975,-14.597,1,0,0.0942,63.547,0.0757,7
0.964,0.513,163787,0.461,0,0.0022,5,0.201,-9.153,1,0,0.0356,98.662,0.669,9
0.995,0.293,109373,0.0643,0,0.8809999999999999,5,0.115,-27.993,0,0,0.0358,59.594,0.0967,8
0.855,0.274,147907,0.377,0,1.01e-06,3,0.139,-11.386,1,34,0.0387,183.342,0.424,6
0.626,0.703,152160,0.478,0,0.0,7,0.113,-8.062000000000001,1,57,0.0441,117.562,0.7340000000000001,2
0.00371,0.328,45960,0.933,0,0.0,11,0.0803,-4.463,1,43,0.175,137.523,0.213,3
0.126,0.7290000000000001,213600,0.691,0,1.26e-05,8,0.259,-7.5310000000000015,1,43,0.0268,123.889,0.6829999999999999,2
0.00101,0.735,212280,0.826,0,0.129,1,0.197,-4.902,1,65,0.0349,132.964,0.74,2
0.99,0.378,205357,0.13,0,0.000573,4,0.0965,-10.359000000000002,0,0,0.15,69.095,0.502,9
0.664,0.449,148840,0.274,0,0.0,0,0.109,-19.201,0,18,0.0643,185.833,0.843,7
0.635,0.517,313920,0.649,0,0.004,10,0.315,-7.695,1,18,0.0421,122.634,0.654,7
0.848,0.321,237187,0.378,0,0.847,9,0.122,-10.336,0,43,0.0365,96.344,0.106,2
0.142,0.517,216307,0.687,0,0.0117,2,0.114,-10.115,1,46,0.0288,99.937,0.522,5
0.0628,0.463,207333,0.802,0,1.94e-05,1,0.487,-2.184,1,47,0.078,156.205,0.733,2
0.934,0.639,184867,0.122,0,0.00144,2,0.161,-20.57,0,17,0.0379,113.942,0.534,6
0.718,0.185,154707,0.232,0,2.08e-05,7,0.0864,-13.854,0,24,0.0344,181.636,0.168,7
0.0241,0.617,216240,0.8759999999999999,0,2.72e-06,7,0.224,-5.806,1,38,0.0268,104.228,0.735,3
0.594,0.34,142249,0.448,0,2.36e-06,0,0.293,-11.452,1,38,0.0363,169.52200000000005,0.657,6
0.00468,0.389,126880,0.675,0,0.687,5,0.448,-7.881,1,26,0.047,166.75599999999997,0.539,6
0.179,0.21600000000000005,228067,0.405,0,0.00765,9,0.114,-15.233,1,32,0.05,71.288,0.253,4
0.295,0.327,135773,0.35600000000000004,0,1.95e-05,11,0.0986,-9.671,1,15,0.0326,115.707,0.513,6
0.458,0.517,1133227,0.441,0,0.243,1,0.0966,-18.111,1,0,0.0833,105.798,0.231,8
0.211,0.6409999999999999,169707,0.525,0,3.86e-06,9,0.079,-10.003,0,19,0.0297,125.775,0.899,5
0.7809999999999999,0.763,191360,0.262,0,4.98e-06,9,0.229,-9.726,1,34,0.0297,117.043,0.623,7
0.00198,0.7490000000000001,197217,0.659,0,0.000755,9,0.181,-6.746,0,66,0.0343,114.964,0.407,1
0.916,0.231,140227,0.0411,0,3.65e-05,2,0.34600000000000003,-26.905,0,0,0.0503,68.164,0.039,8
0.0717,0.598,186600,0.746,0,0.000226,10,0.5329999999999999,-10.537,1,31,0.0358,132.372,0.716,3
0.787,0.389,170213,0.501,0,0.366,1,0.0936,-11.662,1,21,0.0411,174.524,0.84,7
0.74,0.698,124720,0.652,0,0.0087,2,0.117,-14.582,1,37,0.139,164.31900000000005,0.623,6
0.7240000000000001,0.564,214667,0.209,0,3.99e-05,3,0.107,-8.922,1,59,0.0317,109.024,0.402,1
0.585,0.875,271307,0.597,0,1.76e-05,9,0.0706,-11.916,0,33,0.0335,111.047,0.89,4
0.0027,0.677,196827,0.655,1,0.276,7,0.162,-5.541,1,67,0.0433,100.119,0.146,1
0.565,0.519,209187,0.19,0,0.0,0,0.217,-11.028,1,49,0.0328,84.22399999999998,0.493,5
0.8809999999999999,0.5539999999999999,308467,0.197,0,0.679,2,0.0797,-16.679000000000002,0,16,0.0406,81.194,0.434,6
0.631,0.65,136867,0.32299999999999995,0,1.7e-06,4,0.4970000000000001,-10.114,1,8,0.0306,129.131,0.595,7
0.993,0.5660000000000001,66640,0.00164,0,0.983,11,0.0861,-34.264,1,0,0.056,82.699,0.166,10
0.000627,0.701,312240,0.547,0,0.00536,2,0.0585,-8.977,1,31,0.0276,107.529,0.7390000000000001,3
0.992,0.618,73427,0.0339,0,0.469,8,0.16,-24.909,0,1,0.0878,93.332,0.438,8
0.968,0.28300000000000003,198000,0.121,0,3.26e-05,9,0.114,-16.737000000000002,1,9,0.0389,169.067,0.395,7
0.0506,0.693,162067,0.8079999999999999,0,1.18e-06,4,0.578,-6.231,0,64,0.093,127.945,0.547,1
0.255,0.407,293587,0.6629999999999999,0,0.000166,2,0.0913,-7.591,1,64,0.0305,75.98899999999998,0.211,3
0.00148,0.429,204333,0.936,0,0.0,4,0.177,-6.162000000000001,0,55,0.055,151.287,0.6890000000000001,4
0.0902,0.5579999999999999,227040,0.867,0,0.0,7,0.378,-6.439,1,49,0.0449,163.213,0.942,1
0.545,0.181,274814,0.4320000000000001,0,0.0,11,0.965,-8.922,1,48,0.0387,68.32600000000001,0.159,1
0.907,0.5579999999999999,234787,0.29600000000000004,0,0.0,10,0.108,-9.18,1,62,0.0427,76.04,0.463,1
0.0617,0.7290000000000001,281827,0.792,1,0.0,6,0.223,-3.137,1,59,0.142,157.993,0.698,2
0.914,0.247,192973,0.233,0,2.49e-05,10,0.379,-13.611,1,54,0.0366,123.097,0.102,2
0.995,0.193,402493,0.0656,0,0.8290000000000001,10,0.119,-19.239,1,55,0.0471,128.975,0.0359,3
0.359,0.777,393387,0.521,0,0.11,0,0.0594,-8.443,1,32,0.0277,97.623,0.335,4
0.234,0.748,105400,0.103,1,0.0,9,0.26,-16.192,1,0,0.913,62.472,0.599,9
0.000563,0.721,199969,0.4970000000000001,0,0.004220000000000001,8,0.109,-9.246,1,26,0.0301,123.577,0.511,5
0.47,0.338,585173,0.16699999999999998,0,0.00137,7,0.0547,-16.498,1,48,0.0311,134.143,0.264,6
0.687,0.385,236400,0.456,0,0.0,0,0.958,-11.795,1,22,0.0917,71.809,0.523,6
0.0045,0.611,213360,0.8270000000000001,1,0.0132,0,0.0283,-4.665,0,54,0.0876,190.058,0.355,2
0.983,0.6970000000000001,139883,0.104,0,0.00445,2,0.129,-18.708,1,0,0.189,116.646,0.622,7
0.586,0.662,147280,0.769,0,0.0,9,0.0687,-8.805,0,21,0.129,85.93,0.923,6
0.995,0.185,355293,0.0104,0,0.469,9,0.0851,-27.585,1,36,0.0443,72.107,0.077,4
0.429,0.782,219673,0.953,1,0.000792,4,0.13699999999999998,-6.689,0,40,0.131,105.592,0.597,3
0.879,0.503,164200,0.29600000000000004,0,0.924,2,0.308,-10.793,1,33,0.0334,122.145,0.38,6
0.451,0.513,225267,0.557,0,0.0,8,0.927,-9.136,1,37,0.361,152.41899999999995,0.831,6
0.895,0.5479999999999999,222000,0.281,0,0.0,0,0.172,-10.5,1,33,0.0361,77.215,0.493,5
0.994,0.211,184707,0.007559999999999998,0,0.89,7,0.0734,-33.123000000000005,1,12,0.0455,118.247,0.0391,6
0.916,0.698,76533,0.605,0,0.0,5,0.897,-10.259,1,18,0.253,89.60799999999998,0.828,8
0.084,0.5710000000000001,231800,0.737,0,0.0,8,0.15,-7.36,1,26,0.0572,148.441,0.855,5
0.97,0.4970000000000001,167440,0.2,0,1.35e-06,7,0.157,-15.014,0,40,0.0493,135.484,0.26,6
0.782,0.596,227600,0.447,0,0.00116,7,0.0862,-17.035,1,28,0.0411,121.056,0.47,3
0.000515,0.499,282200,0.882,0,0.0,1,0.0925,-4.092,1,48,0.043,138.711,0.335,1
0.211,0.762,211587,0.5,0,0.0,5,0.07400000000000001,-10.749,1,55,0.0486,91.437,0.8109999999999999,3
0.706,0.459,233027,0.279,0,0.0,4,0.173,-12.339,1,19,0.0292,94.93,0.297,6
0.973,0.249,256762,0.365,0,0.944,5,0.142,-10.568,0,0,0.0377,91.335,0.0359,9
0.16899999999999998,0.5379999999999999,225360,0.7170000000000001,0,6.86e-06,10,0.0828,-4.6080000000000005,1,30,0.0392,88.508,0.63,4
0.984,0.335,270120,0.146,0,0.0533,5,0.13,-17.19,0,28,0.0384,130.58,0.139,7
0.767,0.594,170533,0.424,0,0.0142,9,0.174,-12.538,0,30,0.127,178.40099999999995,0.7120000000000001,4
0.952,0.134,395160,0.122,0,0.529,8,0.0919,-19.315,1,7,0.0401,85.48100000000002,0.0851,7
0.00912,0.12,441093,0.672,0,0.0117,0,0.311,-7.872999999999997,1,39,0.0406,84.523,0.087,2
0.098,0.649,156507,0.585,0,0.0,2,0.293,-13.494000000000002,1,26,0.043,78.218,0.977,5
0.5820000000000001,0.404,213067,0.622,0,3.58e-05,4,0.219,-10.154,0,21,0.0444,118.017,0.721,5
0.139,0.909,247960,0.544,0,0.00614,9,0.457,-11.692,1,37,0.0529,125.918,0.962,4
0.638,0.414,162413,0.329,0,0.0,4,0.114,-8.193,1,45,0.0396,132.571,0.426,4
0.993,0.17,93360,0.0219,0,0.917,4,0.0873,-26.439,1,46,0.0414,69.827,0.0346,1
0.99,0.8140000000000001,93948,0.182,0,0.00314,1,0.13699999999999998,-10.118,0,0,0.0499,117.0,0.67,7
0.973,0.224,212787,0.244,0,0.629,5,0.107,-13.886,1,5,0.0344,140.083,0.0795,8
0.926,0.274,476907,0.061,0,0.000257,6,0.0943,-16.426,1,2,0.0336,85.36399999999998,0.0398,8
0.992,0.324,182853,0.222,0,0.34700000000000003,9,0.13,-11.951,0,0,0.0342,144.566,0.68,8
0.805,0.752,154560,0.54,0,0.0208,9,0.677,-9.8,1,44,0.0716,84.92200000000003,0.746,3
0.0158,0.29600000000000004,221227,0.93,0,5.44e-06,6,0.224,-10.422,0,30,0.0914,135.989,0.0964,4
0.00329,0.408,143267,0.89,0,2.87e-06,4,0.6990000000000001,-7.393,1,20,0.052000000000000005,93.127,0.782,4
0.0311,0.821,211000,0.453,0,9.33e-06,1,0.349,-9.844,1,31,0.0528,121.562,0.508,3
0.18600000000000005,0.57,287827,0.555,0,1.6e-06,5,0.314,-8.706,1,25,0.0257,80.066,0.662,4
0.473,0.56,258333,0.239,0,1.3699999999999998e-05,4,0.0565,-16.732,1,31,0.0347,201.672,0.601,3
0.992,0.672,188362,0.062,0,0.116,7,0.179,-9.637,0,0,0.397,71.435,0.597,8
0.413,0.706,227533,0.522,0,3.44e-06,5,0.345,-12.456,1,33,0.134,91.62,0.696,3
0.982,0.412,205000,0.475,0,0.871,5,0.418,-8.464,1,0,0.0497,75.07300000000002,0.522,7
0.136,0.721,301560,0.631,0,3.16e-06,9,0.124,-10.235,1,21,0.0286,113.961,0.915,4
0.6559999999999999,0.5870000000000001,224093,0.464,0,0.000106,10,0.214,-7.879,1,52,0.028,137.145,0.6679999999999999,4
0.7879999999999999,0.696,52547,0.504,1,0.0,0,0.104,-8.472999999999999,1,45,0.905,99.883,0.642,3
0.755,0.643,146400,0.266,0,3.55e-06,7,0.162,-11.685,1,3,0.236,114.112,0.518,7
0.00164,0.645,187040,0.792,0,0.000126,9,0.0799,-8.671,1,50,0.0304,131.393,0.705,3
0.944,0.233,177000,0.0295,0,0.568,2,0.341,-24.164,0,31,0.0445,165.685,0.145,7
0.845,0.569,221787,0.303,0,0.0,7,0.122,-8.854,1,0,0.0623,104.644,0.475,7
0.516,0.613,217947,0.426,0,0.0,2,0.131,-6.4179999999999975,1,44,0.0289,129.644,0.129,2
0.0108,0.466,221093,0.922,0,0.000279,10,0.366,-4.62,1,39,0.0462,176.919,0.926,3
0.925,0.471,270947,0.484,0,0.499,9,0.0987,-9.414,0,47,0.0317,74.982,0.236,2
0.505,0.285,104000,0.901,0,0.000262,0,0.565,-7.3210000000000015,1,20,0.16,175.28900000000004,0.76,6
0.952,0.41,217427,0.0321,0,0.0,0,0.105,-15.439,1,0,0.0359,95.734,0.348,7
0.99,0.502,197693,0.255,0,0.287,5,0.17800000000000002,-9.387,1,0,0.0561,99.433,0.468,8
0.7170000000000001,0.578,175747,0.189,0,0.0,2,0.111,-13.12,1,22,0.0248,83.633,0.423,6
0.0007480000000000001,0.495,244286,0.743,0,0.393,7,0.322,-4.021,1,56,0.0341,140.047,0.151,1
0.568,0.33,87207,0.28300000000000003,0,0.0933,0,0.235,-15.973,1,52,0.061,157.963,0.287,5
0.381,0.642,58533,0.785,0,0.0,10,0.124,-13.728,1,23,0.0921,135.79,0.131,5
0.8740000000000001,0.183,241773,0.298,0,4.25e-05,5,0.23,-11.711,1,27,0.0318,83.654,0.207,7
0.993,0.5920000000000001,206183,0.123,0,0.562,8,0.364,-11.886,1,0,0.21,71.881,0.5529999999999999,8
0.214,0.684,160227,0.892,0,0.0449,1,0.234,-10.132,1,23,0.0743,117.663,0.698,6
0.58,0.6809999999999999,168733,0.7709999999999999,0,0.0,4,0.0679,-10.439,1,30,0.0502,139.209,0.872,5
0.0577,0.821,180560,0.785,0,0.0,2,0.0227,-7.6389999999999985,1,53,0.0664,174.21599999999995,0.971,2
0.0359,0.66,92843,0.00471,0,0.0,1,0.0727,-29.92,1,0,0.518,84.725,0.569,8
0.985,0.479,26093,0.39,0,0.889,2,0.193,-17.512999999999998,1,0,0.0409,123.428,0.8909999999999999,8
0.0178,0.28600000000000003,156733,0.665,0,0.00405,5,0.153,-15.82,1,42,0.0475,113.721,0.695,4
0.5760000000000001,0.3670000000000001,187360,0.243,0,0.0,0,0.265,-11.549,1,1,0.053,135.04399999999998,0.349,8
0.579,0.6629999999999999,325373,0.606,0,0.0,5,0.217,-7.552,1,43,0.203,79.721,0.613,3
0.0532,0.6659999999999999,249907,0.7859999999999999,0,0.0,0,0.0476,-5.715,1,52,0.0394,117.126,0.6,1
0.331,0.777,178369,0.7440000000000001,0,0.0073,9,0.08800000000000001,-7.42,1,75,0.204,94.019,0.654,1
0.054000000000000006,0.7140000000000001,204267,0.747,0,0.0,11,0.0845,-4.134,0,56,0.111,119.899,0.765,2
0.0209,0.5920000000000001,271707,0.826,0,0.261,0,0.13,-7.223,1,38,0.0262,116.953,0.75,4
0.926,0.275,164040,0.202,0,0.0112,4,0.34,-14.948,1,13,0.0312,86.006,0.193,6
0.227,0.556,248627,0.611,0,0.0,10,0.5760000000000001,-6.9460000000000015,1,54,0.041,149.93200000000004,0.271,3
0.00145,0.652,241920,0.621,0,0.0,1,0.0636,-5.586,1,51,0.0348,129.99200000000002,0.0478,1
0.981,0.573,207893,0.171,0,0.0641,2,0.0752,-11.474,1,4,0.0442,147.841,0.785,10
0.653,0.17,193826,0.163,0,0.0114,5,0.476,-23.916,1,23,0.051,81.322,0.314,6
0.657,0.28800000000000003,135347,0.207,0,0.0,5,0.363,-11.731,1,42,0.0306,172.632,0.32,2
0.507,0.802,199893,0.6679999999999999,0,1.3e-06,2,0.0391,-2.734,1,44,0.0378,101.098,0.972,2
0.114,0.529,143640,0.713,0,0.0,4,0.303,-9.668,1,18,0.0484,145.28,0.882,6
0.57,0.438,195080,0.687,0,0.0,0,0.14,-5.968,0,45,0.0448,123.178,0.46,6
0.159,0.35700000000000004,819627,0.682,0,0.00609,1,0.35700000000000004,-9.207,1,45,0.106,138.25799999999998,0.229,6
0.0551,0.715,320947,0.823,1,0.0,1,0.171,-6.37,1,40,0.322,82.897,0.711,2
0.945,0.331,265693,0.15,0,0.0125,4,0.271,-15.745,1,0,0.0373,83.037,0.438,9
0.138,0.708,259453,0.305,1,3.08e-06,9,0.139,-14.003,1,52,0.8170000000000001,174.15400000000002,0.691,3
0.872,0.502,232412,0.212,1,0.000349,0,0.12,-12.732,0,68,0.0653,118.543,0.185,1
0.00154,0.358,189000,0.705,0,0.606,2,0.168,-8.283999999999999,1,52,0.0517,101.429,0.419,3
0.341,0.487,175729,0.479,0,0.0,7,0.8,-9.305,1,21,0.0334,92.054,0.831,6
0.5539999999999999,0.787,364160,0.561,0,0.0,9,0.115,-8.575,1,46,0.0455,132.748,0.932,4
0.895,0.159,166600,0.138,0,1.28e-05,7,0.153,-18.296,1,20,0.0347,85.7,0.0753,6
0.2,0.5479999999999999,137867,0.659,0,0.0,7,0.0487,-9.648,1,29,0.0331,123.204,0.845,6
0.957,0.401,196587,0.338,0,7.32e-06,7,0.365,-5.791,0,0,0.0301,114.044,0.35600000000000004,7
0.302,0.565,180533,0.404,0,0.0,9,0.125,-10.969,0,50,0.0448,123.804,0.675,5
3.41e-05,0.383,280333,0.79,1,0.000551,4,0.0471,-9.937,1,46,0.106,140.194,0.321,3
0.85,0.725,187333,0.446,0,0.243,4,0.107,-8.958,0,55,0.0287,90.024,0.311,1
0.119,0.745,237573,0.8859999999999999,0,0.0,7,0.6629999999999999,-7.832999999999997,1,46,0.0315,143.076,0.961,3
0.00747,0.35200000000000004,174773,0.985,0,0.00102,2,0.3670000000000001,-2.555,1,40,0.22,129.97299999999998,0.241,2
0.775,0.151,252613,0.397,0,8.96e-05,5,0.145,-9.753,1,7,0.0328,87.97200000000002,0.188,7
0.624,0.195,155893,0.33,0,0.0,4,0.208,-11.291,1,41,0.029,95.601,0.473,6
0.126,0.863,117800,0.588,1,0.0,1,0.394,-8.186,0,71,0.462,123.924,0.54,0
0.715,0.5920000000000001,167107,0.24,0,0.0,0,0.225,-15.013,1,26,0.0468,79.135,0.53,6
0.00285,0.609,168520,0.8140000000000001,0,1.67e-05,0,0.267,-8.141,1,38,0.0298,106.88,0.8809999999999999,5
0.1,0.7879999999999999,268933,0.522,1,1.19e-05,6,0.479,-13.345999999999998,1,54,0.447,82.92200000000003,0.8009999999999999,3
0.0032600000000000003,0.7959999999999999,265373,0.73,1,0.0,1,0.0816,-5.809,0,49,0.316,95.857,0.336,3
0.000532,0.454,187067,0.948,0,0.0287,2,0.113,-7.511,1,31,0.149,146.99,0.19,4
0.000566,0.423,155000,0.618,0,0.775,5,0.0633,-10.865,1,32,0.0383,138.155,0.389,5
0.936,0.246,189227,0.0838,0,0.0111,4,0.54,-26.386,1,22,0.0524,69.001,0.624,6
0.995,0.382,194787,0.27,0,0.958,0,0.118,-12.189,1,0,0.0418,94.041,0.625,7
0.8190000000000001,0.607,321493,0.398,0,4.98e-06,3,0.6409999999999999,-11.473,1,16,0.211,113.49,0.8390000000000001,6
0.988,0.35100000000000003,301653,0.173,0,0.955,5,0.151,-23.48,0,26,0.0409,168.342,0.214,5
0.119,0.3720000000000001,233280,0.512,0,0.0,7,0.126,-8.135,1,42,0.028,160.859,0.5539999999999999,2
0.0808,0.894,161320,0.618,1,0.0,7,0.5579999999999999,-4.356,0,73,0.129,119.1,0.379,0
0.936,0.165,196413,0.304,0,1.59e-06,7,0.103,-12.539,1,27,0.0329,68.882,0.368,6
0.57,0.51,139307,0.348,0,1.1e-05,7,0.243,-11.136,1,30,0.0235,81.96799999999998,0.232,3
0.928,0.472,183720,0.128,0,1.66e-05,0,0.0902,-15.136,1,9,0.0734,109.196,0.199,7
0.643,0.4970000000000001,173467,0.285,0,1.66e-05,2,0.389,-14.537,1,65,0.0264,154.7,0.667,5
0.297,0.759,242588,0.882,1,0.0,9,0.727,-5.397,0,64,0.251,98.012,0.51,1
0.604,0.426,368960,0.513,0,0.11,10,0.626,-20.104,1,21,0.0675,108.834,0.524,6
0.732,0.535,279600,0.435,0,0.253,4,0.119,-9.021,0,0,0.0303,106.124,0.205,9
0.987,0.419,162227,0.237,0,0.868,3,0.209,-16.799,1,3,0.0495,184.3,0.924,9
0.8190000000000001,0.54,78360,0.14,0,0.0,11,0.0796,-22.692,0,0,0.156,124.111,0.575,7
0.162,0.617,242600,0.68,0,0.348,11,0.113,-11.605,0,45,0.0467,138.75,0.561,5
0.981,0.172,746600,0.0701,0,0.0747,2,0.0818,-24.149,0,30,0.0552,75.92,0.0366,5
0.977,0.226,215293,0.166,0,0.875,7,0.09,-13.014,0,48,0.0415,115.057,0.115,3
0.308,0.782,208573,0.799,0,1.39e-05,11,0.0382,-6.981,1,36,0.0715,124.445,0.787,4
0.0295,0.882,243000,0.597,0,0.0,10,0.068,-9.636,0,48,0.128,95.25,0.79,3
0.43,0.6859999999999999,321000,0.454,0,0.00021,10,0.28600000000000003,-10.928,0,47,0.0328,131.977,0.645,3
0.0319,0.7440000000000001,202667,0.422,1,0.00011,1,0.11,-8.946,1,81,0.294,180.00599999999997,0.493,0
0.62,0.67,217613,0.591,0,0.0,7,0.373,-6.0120000000000005,1,65,0.0646,91.439,0.8,4
0.336,0.574,233133,0.293,0,0.0,4,0.262,-14.171,1,30,0.0488,126.142,0.8109999999999999,6
0.779,0.6940000000000001,195100,0.26,0,0.0,7,0.151,-17.807000000000006,1,0,0.929,103.806,0.584,8
0.985,0.224,235760,0.122,0,0.0206,2,0.111,-16.766,1,30,0.036000000000000004,82.277,0.0952,6
0.000391,0.338,172600,0.895,0,0.0,1,0.304,-4.901,0,43,0.0466,104.492,0.625,3
3.86e-06,0.412,176533,0.957,1,0.5760000000000001,1,0.109,-7.447,0,40,0.0432,144.938,0.355,3
0.114,0.8420000000000001,242267,0.63,0,0.00285,11,0.129,-7.331,0,46,0.0273,108.986,0.774,2
0.0664,0.6890000000000001,248067,0.8859999999999999,0,0.0,10,0.278,-7.066,0,66,0.0382,122.07,0.906,3
0.755,0.479,213612,0.154,0,0.0261,2,0.11,-15.050999999999998,1,68,0.0369,92.457,0.232,1
0.0111,0.5539999999999999,295333,0.815,0,0.0486,1,0.0511,-12.481,1,48,0.0409,90.889,0.6,5
0.992,0.506,81733,0.0151,0,0.868,1,0.104,-19.422,0,0,0.117,136.22899999999998,0.584,10
0.962,0.484,196680,0.313,0,0.0,5,0.181,-10.207,0,0,0.07,70.525,0.25,9
0.973,0.621,216733,0.513,0,9.54e-05,5,0.223,-12.470999999999998,1,35,0.922,91.205,0.309,3
0.6809999999999999,0.491,217133,0.242,0,0.000124,7,0.141,-12.877,1,24,0.0277,81.602,0.302,5
0.77,0.409,168053,0.603,0,1.65e-06,0,0.8440000000000001,-11.957,1,26,0.201,172.975,0.482,6
0.835,0.43,157467,0.585,1,0.0159,9,0.112,-9.495,1,0,0.0458,87.05799999999998,0.635,9
0.00322,0.358,253893,0.809,0,1.35e-05,1,0.138,-12.653,1,37,0.0322,145.381,0.8420000000000001,4
0.995,0.126,483120,0.17600000000000002,0,0.871,11,0.127,-16.137999999999998,1,0,0.0442,73.528,0.06,9
0.0484,0.5589999999999999,297267,0.39,0,0.153,0,0.0662,-13.555,1,32,0.0394,143.923,0.544,4
0.947,0.35,200560,0.115,0,0.000119,5,0.136,-16.509,1,29,0.0399,113.955,0.173,4
0.0137,0.565,260574,0.7709999999999999,0,0.106,4,0.324,-11.412,0,30,0.0318,126.182,0.574,4
0.28600000000000003,0.639,79787,0.359,0,4.66e-06,2,0.32299999999999995,-13.996,1,44,0.0285,109.064,0.924,4
0.35700000000000004,0.755,174827,0.8759999999999999,0,5.17e-06,0,0.22,-8.867,1,74,0.0362,102.762,0.954,5
0.0248,0.7709999999999999,428453,0.8859999999999999,0,0.0043,1,0.0319,-6.121,1,31,0.0628,107.389,0.939,4
0.726,0.449,138987,0.7070000000000001,0,1.74e-06,10,0.0951,-2.015,1,10,0.0455,93.457,0.57,6
0.976,0.532,191152,0.163,0,0.0,9,0.393,-11.578,1,0,0.0606,130.563,0.5760000000000001,8
3.2200000000000003e-05,0.47,215120,0.885,0,0.196,3,0.16899999999999998,-7.224,1,58,0.0354,138.153,0.79,2
0.26,0.429,243267,0.696,0,0.894,7,0.0906,-13.957,0,37,0.0501,126.855,0.6729999999999999,6
0.00715,0.613,142000,0.754,0,0.0,0,0.0568,-9.961,1,35,0.0392,127.888,0.688,4
0.951,0.653,117800,0.105,0,0.0,10,0.114,-16.511,0,55,0.0454,52.94600000000001,0.231,2
0.865,0.421,166067,0.564,0,5.32e-06,9,0.11,-6.834,1,6,0.0518,64.03399999999999,0.687,7
0.7859999999999999,0.499,136267,0.412,0,0.0,5,0.107,-13.106,0,21,0.0549,131.75799999999998,0.667,6
0.541,0.187,160773,0.256,0,0.0,10,0.273,-13.072,1,0,0.0361,88.39,0.193,9
0.448,0.799,220613,0.634,0,0.0,1,0.0706,-7.136,0,47,0.371,94.884,0.723,2
0.981,0.474,197021,0.259,0,0.901,5,0.381,-15.038,1,0,0.0543,81.715,0.885,7
0.031,0.674,355173,0.711,0,0.691,0,0.0925,-15.581,1,49,0.0423,126.696,0.961,5
0.383,0.62,162533,0.508,0,0.0,6,0.362,-14.035,0,20,0.126,128.17700000000002,0.8,6
0.883,0.565,354267,0.419,0,0.0,4,0.123,-14.002,0,3,0.198,119.868,0.4970000000000001,8
0.996,0.562,186933,0.0228,0,0.198,4,0.112,-22.006,1,1,0.0996,164.554,0.5479999999999999,7
0.993,0.562,174453,0.117,0,0.73,10,0.116,-13.452,0,0,0.0631,125.042,0.624,9
0.155,0.523,214867,0.626,0,0.0,0,0.0869,-9.425,1,65,0.0523,134.127,0.917,5
0.278,0.8340000000000001,237800,0.8740000000000001,1,0.0,8,0.324,-9.615,1,39,0.29100000000000004,90.912,0.828,3
0.96,0.171,93160,0.18600000000000005,0,0.684,9,0.0887,-23.218000000000004,0,3,0.0414,90.472,0.0396,7
0.107,0.682,197929,0.934,1,0.0,4,0.7490000000000001,-2.526,0,57,0.129,109.032,0.487,1
0.00614,0.525,218880,0.804,0,0.0,1,0.0551,-5.235,0,45,0.0407,118.472,0.227,2
0.0285,0.307,201800,0.7909999999999999,0,0.0008039999999999999,7,0.395,-5.408,1,57,0.119,193.356,0.141,2
0.004370000000000001,0.667,217573,0.818,0,0.7609999999999999,8,0.28800000000000003,-9.149,0,73,0.0594,136.957,0.7609999999999999,2
0.0127,0.665,239907,0.8270000000000001,0,0.000762,5,0.0815,-4.4289999999999985,0,53,0.0348,100.657,0.705,1
0.0425,0.77,216720,0.615,0,0.0,6,0.16899999999999998,-7.165,1,53,0.0294,120.891,0.961,2
0.257,0.368,258920,0.6920000000000001,0,0.0327,4,0.0916,-8.766,0,35,0.047,150.92,0.5489999999999999,5
0.584,0.637,351173,0.434,0,0.00041900000000000016,3,0.0806,-15.845999999999998,1,37,0.154,78.056,0.672,5
0.616,0.482,164680,0.285,0,0.0,2,0.67,-12.0,0,52,0.0325,176.62599999999995,0.485,4
0.989,0.384,95227,0.435,0,0.8640000000000001,1,0.23,-13.047,0,0,0.0533,93.96,0.156,8
0.273,0.7340000000000001,242133,0.5760000000000001,0,3.32e-06,11,0.076,-9.174,0,42,0.0331,124.712,0.718,2
0.994,0.534,138333,0.154,0,0.7979999999999999,3,0.111,-22.099,1,0,0.07400000000000001,127.852,0.825,10
0.00103,0.638,192640,0.713,0,0.000241,5,0.0466,-6.475,1,59,0.0388,115.967,0.703,1
0.476,0.621,291240,0.39,0,0.408,2,0.134,-16.109,1,25,0.0315,98.292,0.273,4
0.698,0.63,213267,0.6659999999999999,0,0.8440000000000001,4,0.502,-12.046,0,30,0.0409,153.416,0.919,4
0.006520000000000001,0.613,230773,0.6609999999999999,0,0.0,9,0.0976,-4.984,1,66,0.0263,110.978,0.509,1
0.311,0.606,398537,0.528,0,6.42e-05,5,0.0299,-15.091,1,38,0.0473,177.662,0.942,4
0.938,0.49,240560,0.363,0,0.0301,2,0.113,-14.589,1,37,0.0735,154.952,0.523,5
0.481,0.502,206120,0.58,1,0.0,6,0.0815,-7.5070000000000014,0,62,0.452,158.736,0.348,1
0.00412,0.556,250267,0.6779999999999999,0,0.272,6,0.34600000000000003,-11.5,1,31,0.029,128.901,0.63,4
0.0049700000000000005,0.483,350360,0.978,0,0.125,10,0.0782,-3.063,0,43,0.0882,161.764,0.563,2
0.518,0.768,266307,0.449,1,0.000463,7,0.136,-7.569,0,53,0.029,79.12,0.614,2
0.0954,0.6459999999999999,203573,0.541,1,0.0,9,0.132,-7.855,1,34,0.0435,84.915,0.715,3
0.988,0.508,190080,0.156,0,1.67e-05,8,0.14300000000000002,-9.956,1,17,0.0331,134.275,0.302,7
0.00661,0.8390000000000001,318600,0.823,0,0.0,11,0.318,-10.605,1,33,0.0682,101.591,0.5539999999999999,3
0.963,0.6579999999999999,195027,0.127,0,0.8390000000000001,10,0.105,-14.908,1,13,0.0584,63.426,0.3670000000000001,7
0.00405,0.446,264187,0.782,0,4.69e-05,11,0.121,-4.88,1,36,0.0352,131.401,0.534,5
0.319,0.522,390067,0.551,0,0.19,5,0.0202,-10.449000000000002,1,25,0.0407,160.543,0.728,5
0.394,0.6779999999999999,169760,0.436,0,0.0,4,0.0662,-11.991,1,35,0.0384,142.58100000000005,0.691,4
0.901,0.207,172907,0.456,0,1.4e-05,11,0.0981,-7.121,0,3,0.032,91.386,0.209,8
0.99,0.464,208947,0.29100000000000004,0,0.8009999999999999,1,0.42,-10.238,1,0,0.037000000000000005,112.816,0.812,8
0.99,0.337,119053,0.00963,0,0.946,8,0.118,-35.695,0,6,0.0418,98.236,0.0722,7
0.61,0.625,127027,0.274,0,0.0,1,0.238,-13.398,1,16,0.0471,123.197,0.642,6
0.0004940000000000001,0.635,425200,0.843,0,0.0494,8,0.0903,-6.968,1,36,0.0446,99.416,0.487,3
0.968,0.168,696880,0.14800000000000002,0,0.89,1,0.0904,-16.834,0,0,0.0483,73.786,0.0991,8
0.748,0.7959999999999999,164373,0.486,0,0.0,3,0.13,-9.48,1,33,0.0385,90.824,0.914,8
0.158,0.522,267200,0.259,0,0.0,7,0.204,-15.339,1,33,0.0297,81.072,0.6509999999999999,6
0.976,0.465,268067,0.238,0,0.0352,9,0.14800000000000002,-13.308,1,0,0.0618,82.295,0.442,8
0.00719,0.8059999999999999,249800,0.5329999999999999,0,0.442,9,0.099,-8.241,1,26,0.0366,122.677,0.93,5
0.964,0.368,189307,0.0188,0,0.0,5,0.119,-26.727,1,1,0.0519,79.047,0.112,8
0.995,0.599,135507,0.13699999999999998,0,0.305,5,0.132,-22.342,0,0,0.161,137.384,0.687,10
0.00992,0.659,178880,0.88,0,0.0,5,0.391,-4.69,0,36,0.036000000000000004,122.193,0.8640000000000001,2
0.655,0.508,129960,0.7240000000000001,0,0.0,3,0.371,-8.003,1,7,0.11,126.41,0.735,6
0.959,0.364,160573,0.15,0,0.00136,10,0.133,-15.556,1,14,0.0423,177.239,0.313,6
0.279,0.581,290493,0.8859999999999999,0,0.0281,0,0.691,-6.505,1,52,0.0324,106.067,0.586,4
0.944,0.387,196613,0.463,0,0.233,4,0.22,-10.956,1,0,0.038,109.984,0.411,8
0.095,0.345,844693,0.848,0,0.711,7,0.598,-8.758,0,31,0.0625,125.877,0.608,3
0.556,0.675,283147,0.731,0,0.0,10,0.13699999999999998,-5.718,1,43,0.0558,144.035,0.58,2
0.2,0.682,169800,0.443,0,0.0,5,0.334,-11.347,1,44,0.0267,120.974,0.5429999999999999,2
0.0643,0.7120000000000001,214280,0.899,0,5.36e-06,4,0.117,-5.078,0,60,0.0648,123.987,0.58,1
0.992,0.573,178097,0.157,0,6.900000000000003e-06,1,0.153,-7.102,0,0,0.0679,131.186,0.723,8
0.977,0.541,102354,0.174,0,0.0666,4,0.203,-15.229,1,0,0.0509,122.264,0.535,7
0.00162,0.5429999999999999,256733,0.912,0,2.1e-06,7,0.0565,-10.71,1,71,0.0601,103.731,0.836,3
0.988,0.459,134733,0.131,0,0.00372,6,0.132,-15.644,1,0,0.0621,83.931,0.189,8
0.953,0.3720000000000001,189467,0.43,0,0.888,9,0.244,-11.735,0,18,0.0488,106.305,0.249,9
0.00316,0.483,323000,0.7859999999999999,0,8.859999999999999e-05,7,0.446,-5.735,1,75,0.0319,126.748,0.7929999999999999,5
0.669,0.6709999999999999,272813,0.433,0,2.85e-05,11,0.257,-10.715,1,36,0.024,99.018,0.436,3
0.101,0.813,304933,0.655,0,6.65e-05,1,0.146,-7.883999999999999,1,52,0.0262,99.982,0.46,3
0.000216,0.348,336827,0.8959999999999999,1,0.0173,4,0.168,-7.63,0,45,0.0397,132.577,0.5720000000000001,2
0.988,0.199,276840,0.32299999999999995,0,0.27,4,0.156,-14.688,0,0,0.0705,79.904,0.141,7
0.28600000000000003,0.5720000000000001,201293,0.339,0,4.28e-05,8,0.117,-12.095999999999998,1,37,0.0259,106.491,0.121,2
0.00106,0.6559999999999999,120533,0.348,0,0.619,0,0.112,-13.630999999999998,1,26,0.127,140.687,0.971,4
0.669,0.462,195640,0.8220000000000001,0,1.39e-05,5,0.691,-10.575,1,14,0.0399,171.808,0.892,6
0.505,0.589,169093,0.889,0,2.15e-05,7,0.151,-7.277,1,37,0.0415,112.816,0.722,6
0.374,0.541,268933,0.81,0,0.0016699999999999998,5,0.596,-8.279,1,32,0.052000000000000005,154.122,0.745,5
8.170000000000001e-05,0.55,138400,0.992,0,0.0249,1,0.374,-2.434,1,40,0.146,125.939,0.204,2
0.804,0.5379999999999999,144480,0.226,0,5.99e-06,10,0.6779999999999999,-13.720999999999998,1,25,0.095,126.555,0.547,6
0.391,0.366,247333,0.413,0,0.0,7,0.0625,-11.768,1,16,0.0391,96.259,0.339,6
0.00354,0.667,456600,0.37,0,0.141,9,0.0862,-10.337,0,30,0.0304,114.528,0.665,5
0.87,0.436,247013,0.244,0,0.000371,0,0.102,-19.096,1,44,0.0339,145.42,0.359,1
0.94,0.591,137373,0.298,0,0.252,8,0.181,-15.614,1,7,0.0555,94.886,0.513,8
0.035,0.586,381760,0.8859999999999999,0,0.00178,0,0.103,-8.779,1,26,0.0496,106.536,0.8340000000000001,5
0.109,0.451,216600,0.921,0,0.0,8,0.0743,-7.006,1,44,0.1,77.98,0.93,2
0.923,0.289,205773,0.256,0,0.0,5,0.292,-12.374,1,0,0.0315,96.397,0.129,7
0.8109999999999999,0.319,83613,0.0654,0,0.0,7,0.327,-21.441,1,26,0.0379,171.06,0.674,6
0.6920000000000001,0.7140000000000001,254040,0.5379999999999999,0,0.0,7,0.117,-10.427,0,36,0.0326,137.838,0.457,4
0.0915,0.589,442867,0.585,0,0.0,11,0.234,-9.958,1,61,0.0747,99.298,0.456,5
0.789,0.28800000000000003,39773,0.501,0,0.991,0,0.337,-15.144,0,9,0.0328,99.648,0.272,7
0.867,0.304,190827,0.239,0,0.354,10,0.113,-16.971,0,27,0.0273,152.97,0.0603,5
0.985,0.32299999999999995,198733,0.0872,0,0.00992,2,0.113,-18.891,1,19,0.0325,85.325,0.155,7
0.0163,0.541,242027,0.895,0,0.0,2,0.5710000000000001,-4.884,1,60,0.0367,102.078,0.657,2
0.619,0.585,163019,0.7559999999999999,1,0.0,8,0.132,-4.19,1,58,0.425,158.317,0.838,1
0.246,0.605,229113,0.473,0,3.26e-05,9,0.0646,-10.119,1,42,0.0619,162.976,0.629,5
0.962,0.435,321294,0.0499,0,0.000124,4,0.0944,-22.2,1,0,0.0837,84.695,0.28300000000000003,10
0.519,0.8320000000000001,167903,0.711,0,5.24e-06,3,0.0658,-6.108,1,32,0.0552,93.104,0.895,3
0.867,0.419,156147,0.276,0,0.0346,3,0.159,-12.688,1,0,0.0292,94.587,0.379,9
0.033,0.477,313098,0.836,0,3.43e-05,0,0.248,-5.662000000000001,1,60,0.0506,131.812,0.213,2
0.909,0.355,295358,0.126,0,0.000337,11,0.131,-13.800999999999998,1,63,0.0301,109.769,0.102,3
0.9,0.628,125040,0.389,0,0.81,9,0.253,-11.185,1,0,0.0457,113.441,0.816,8
0.2,0.514,319227,0.536,0,8.45e-05,1,0.727,-7.13,0,56,0.0288,133.84799999999998,0.451,2
0.524,0.768,328229,0.674,1,0.0,6,0.109,-7.747000000000001,0,42,0.324,179.82,0.71,2
0.8170000000000001,0.606,132067,0.752,0,8.86e-06,0,0.0382,-5.757999999999999,0,32,0.0787,161.97799999999995,0.973,7
0.674,0.645,126903,0.445,0,0.7440000000000001,0,0.151,-13.338,1,10,0.451,104.851,0.127,10
0.0532,0.679,279280,0.956,0,0.000521,5,0.184,-4.024,1,45,0.0675,117.199,0.574,4
0.995,0.331,280267,0.0159,0,0.913,4,0.118,-30.09,1,22,0.0488,75.164,0.0644,6
0.8740000000000001,0.56,194160,0.2,0,0.802,10,0.106,-17.666,1,0,0.0327,123.983,0.28600000000000003,8
0.0104,0.4920000000000001,211600,0.873,0,0.0,0,0.0895,-3.193,1,55,0.0392,91.078,0.229,1
0.0106,0.579,280600,0.975,0,0.0,8,0.223,-2.641,1,35,0.0458,114.067,0.5710000000000001,3
0.14300000000000002,0.377,320107,0.8059999999999999,0,0.825,9,0.106,-10.813,0,26,0.0751,141.16899999999995,0.612,5
0.475,0.36,171333,0.451,0,0.156,3,0.579,-12.985,1,22,0.0809,205.442,0.596,6
0.17600000000000002,0.515,226307,0.809,0,0.0124,2,0.0953,-4.864,1,25,0.0323,128.533,0.537,4
0.79,0.928,231040,0.45,0,8.6e-05,4,0.13,-19.682,0,31,0.319,99.838,0.908,4
0.292,0.314,219093,0.924,0,0.0,11,0.401,-4.397,1,30,0.0711,74.79899999999998,0.6829999999999999,6
0.153,0.639,242413,0.745,0,4.33e-06,2,0.914,-5.455,1,64,0.0291,117.454,0.5820000000000001,2
0.194,0.551,210960,0.725,1,0.0,1,0.0956,-7.619,0,64,0.189,99.919,0.6920000000000001,1
0.988,0.624,169535,0.222,0,1.7100000000000002e-05,6,0.103,-15.861,0,0,0.159,158.121,0.5820000000000001,8
0.0221,0.588,231427,0.757,0,4.8e-06,3,0.0739,-4.614,1,49,0.0403,122.975,0.469,1
0.474,0.662,235427,0.452,0,0.0,4,0.467,-13.050999999999998,1,55,0.0261,97.115,0.618,4
0.865,0.6990000000000001,174533,0.458,0,0.78,7,0.118,-15.305,0,43,0.05,94.418,0.461,2
0.785,0.5720000000000001,200227,0.517,0,1.51e-05,3,0.17600000000000002,-11.217,0,32,0.0299,76.81,0.503,3
0.905,0.653,167000,0.83,0,0.00316,5,0.241,-7.665,1,35,0.0358,146.355,0.967,7
0.5379999999999999,0.471,327533,0.363,0,0.784,11,0.108,-18.672,0,43,0.0359,157.834,0.172,3
0.648,0.579,142427,0.691,0,0.0,3,0.535,-7.742000000000001,1,0,0.0634,78.807,0.8590000000000001,7
0.985,0.381,397851,0.121,0,4.18e-05,2,0.343,-15.212,0,11,0.057,107.039,0.116,7
0.289,0.49,191173,0.6659999999999999,0,0.000418,9,0.355,-12.496,0,40,0.043,144.59,0.7070000000000001,4
0.00395,0.311,272493,0.615,0,0.0176,9,0.13,-7.0420000000000025,1,28,0.0328,152.365,0.393,6
0.0959,0.6459999999999999,264680,0.81,0,2.68e-05,2,0.266,-6.482,1,52,0.141,95.985,0.361,2
0.0632,0.8320000000000001,203147,0.354,0,1.21e-06,7,0.132,-13.319,0,49,0.0367,116.477,0.762,2
0.978,0.293,235253,0.0336,0,0.000129,2,0.15,-24.732,1,22,0.0486,74.389,0.329,6
0.0506,0.274,193587,0.513,0,6.86e-06,2,0.294,-7.1610000000000005,1,56,0.026,93.896,0.436,2
0.0295,0.38,280867,0.908,0,0.0,2,0.101,-6.425,0,55,0.193,97.613,0.0974,2
0.1,0.691,152826,0.6829999999999999,0,0.8490000000000001,2,0.034,-10.467,1,39,0.158,174.45,0.5529999999999999,3
0.0615,0.638,223640,0.738,0,0.00106,8,0.0429,-4.287,1,57,0.0456,134.954,0.513,2
0.926,0.438,244693,0.29100000000000004,0,4.48e-06,0,0.389,-15.323,0,0,0.0555,103.581,0.589,9
0.00955,0.602,280147,0.612,1,0.0,1,0.0621,-5.93,1,43,0.332,96.926,0.57,2
0.984,0.24,201236,0.299,0,2.62e-05,10,0.188,-11.485,1,0,0.0326,83.316,0.112,8
0.7340000000000001,0.521,530493,0.263,0,0.8290000000000001,8,0.333,-16.674,0,28,0.0333,118.523,0.22,4
0.13699999999999998,0.632,202667,0.638,1,0.0,7,0.125,-6.731,1,68,0.0505,121.868,0.574,1
0.495,0.8290000000000001,158600,0.7509999999999999,0,0.0,3,0.0441,-9.273,1,29,0.037000000000000005,109.61,0.8590000000000001,5
0.795,0.406,137400,0.362,0,2.04e-06,4,0.141,-10.503,1,10,0.0253,96.39,0.465,6
5.320000000000001e-05,0.3,181507,0.956,1,0.0161,10,0.532,-5.016,1,55,0.185,134.083,0.271,2
0.551,0.569,183320,0.7759999999999999,1,8.900000000000001e-06,4,0.7959999999999999,-8.539,0,50,0.179,81.30199999999998,0.391,1
0.019,0.456,301613,0.855,0,0.7170000000000001,7,0.055,-7.419,1,34,0.0652,131.363,0.512,6
0.0641,0.487,311147,0.6890000000000001,0,1.5399999999999998e-05,8,0.349,-5.624,0,47,0.0854,144.955,0.493,2
0.018000000000000002,0.629,194089,0.695,1,0.0,6,0.097,-5.131,0,58,0.0328,93.993,0.638,1
0.67,0.202,203400,0.37,0,0.416,10,0.115,-12.394,1,3,0.0405,116.306,0.126,7
0.382,0.5670000000000001,176707,0.893,0,1.07e-06,10,0.38,-6.4929999999999986,0,42,0.21,93.668,0.964,5
0.0713,0.7609999999999999,333360,0.6409999999999999,0,0.0269,8,0.483,-13.466,0,54,0.0445,119.61,0.8220000000000001,4
0.00595,0.57,203240,0.89,0,0.0112,5,0.226,-4.447,1,57,0.0559,137.04,0.885,1
0.855,0.589,201200,0.369,0,0.0,5,0.35200000000000004,-8.677999999999999,0,58,0.0321,132.954,0.529,1
0.0034,0.675,247800,0.602,0,1.28e-05,1,0.199,-4.688,1,47,0.0596,159.994,0.092,2
0.487,0.424,192307,0.398,0,0.0,0,0.57,-11.191,1,24,0.0329,89.584,0.54,6
0.986,0.417,571493,0.185,0,0.847,9,0.375,-16.971,1,0,0.0332,108.498,0.248,10
0.929,0.395,423840,0.235,0,0.949,8,0.0767,-15.640999999999998,0,29,0.0514,138.27100000000002,0.0374,5
0.994,0.63,174107,0.478,0,0.0109,6,0.121,-11.773,0,1,0.154,103.815,0.858,8
0.439,0.8170000000000001,218440,0.585,1,0.0,5,0.147,-4.688,1,73,0.0301,105.014,0.916,2
0.145,0.715,102400,0.202,1,0.0001,5,0.309,-20.126,0,0,0.8,118.008,0.35600000000000004,8
0.691,0.488,146227,0.369,0,3.49e-06,2,0.121,-8.96,1,31,0.0256,105.073,0.652,6
0.752,0.392,128800,0.453,0,0.0,2,0.115,-13.297,1,54,0.171,183.92,0.574,6
0.898,0.7070000000000001,194835,0.113,0,0.002,7,0.0989,-18.045,0,17,0.0636,121.439,0.417,7
0.977,0.813,170480,0.266,0,0.205,10,0.0866,-12.964,1,0,0.0515,111.349,0.882,10
0.987,0.563,230160,0.4320000000000001,0,0.341,7,0.292,-12.658,0,18,0.0325,113.614,0.735,7
0.262,0.446,192747,0.902,1,0.0,5,0.0875,-6.9110000000000005,1,47,0.677,152.1,0.354,1
0.212,0.8390000000000001,183640,0.8009999999999999,0,0.00217,8,0.122,-5.7010000000000005,1,58,0.116,110.263,0.784,1
0.715,0.502,163573,0.435,0,5.25e-06,9,0.133,-10.055,0,25,0.0304,90.225,0.512,6
0.989,0.511,233686,0.723,0,0.00218,6,0.7440000000000001,-9.3,1,0,0.34,125.077,0.753,8
0.996,0.189,195773,0.0414,0,0.955,4,0.0892,-24.963,0,34,0.0437,70.913,0.279,4
0.02,0.787,323120,0.89,0,5.16e-05,10,0.307,-4.511,0,28,0.119,104.049,0.505,4
0.0257,0.396,140160,0.7070000000000001,0,0.0,0,0.11,-7.989,1,48,0.0708,148.814,0.843,6
0.723,0.5770000000000001,226600,0.815,0,0.000169,0,0.547,-9.603,1,33,0.0569,121.915,0.461,6
0.096,0.8590000000000001,214093,0.642,1,0.00927,6,0.21,-3.068,1,56,0.13,92.055,0.353,3
0.4970000000000001,0.392,192227,0.389,0,0.7020000000000001,10,0.297,-17.604,0,39,0.0422,103.659,0.251,5
0.0108,0.626,259493,0.775,0,0.0013,2,0.195,-6.5360000000000005,1,25,0.0285,119.151,0.7290000000000001,5
0.17600000000000002,0.725,222094,0.7240000000000001,0,0.0,1,0.136,-6.195,1,66,0.126,130.045,0.741,1
0.462,0.478,199653,0.588,0,0.00109,8,0.069,-8.032,1,59,0.0304,110.918,0.341,1
0.975,0.376,165960,0.129,0,9.8e-05,4,0.109,-15.154000000000002,1,32,0.035,139.455,0.358,5
0.929,0.425,170600,0.097,0,0.0,6,0.129,-15.218,0,8,0.0309,99.755,0.14800000000000002,7
0.679,0.725,134836,0.392,0,1.5399999999999998e-05,6,0.113,-10.549,1,32,0.0869,134.283,0.623,7
0.642,0.503,241467,0.536,0,0.00143,4,0.111,-7.229,1,62,0.0259,90.966,0.21,1
0.0943,0.454,170773,0.883,0,7e-05,0,0.18,-11.109000000000002,1,31,0.0774,162.662,0.904,4
0.986,0.5760000000000001,198173,0.481,0,0.88,2,0.16699999999999998,-8.048,1,0,0.054000000000000006,102.069,0.67,7
0.925,0.217,198426,0.38,0,0.00299,9,0.37,-9.007,1,23,0.0338,107.313,0.125,8
0.991,0.269,148133,0.0298,0,0.0481,1,0.114,-21.884,1,1,0.0355,88.08200000000002,0.467,8
0.993,0.392,370667,0.14400000000000002,0,0.92,3,0.12,-19.631,1,36,0.0386,58.57100000000001,0.146,6
0.746,0.304,158533,0.424,0,0.84,10,0.409,-17.109,1,2,0.0609,81.286,0.197,8
0.965,0.394,173773,0.18,0,0.00826,9,0.118,-15.943,1,34,0.0355,107.516,0.475,6
0.995,0.6509999999999999,186394,0.106,0,0.183,3,0.141,-12.987,0,0,0.184,135.859,0.581,8
0.984,0.55,39840,0.256,0,0.0,9,0.4920000000000001,-12.220999999999998,1,0,0.194,115.544,0.483,7
0.00231,0.619,200827,0.726,0,0.7659999999999999,7,0.652,-6.4220000000000015,1,52,0.125,116.966,0.424,2
0.355,0.815,212227,0.61,0,0.0,7,0.0764,-13.603,1,68,0.0279,100.027,0.8640000000000001,2
0.00746,0.433,205067,0.5529999999999999,0,0.0161,9,0.343,-14.0,1,28,0.0393,90.093,0.664,5
0.992,0.662,189507,0.239,0,0.0432,0,0.0869,-15.725,1,0,0.402,154.732,0.966,9
0.787,0.754,170107,0.34,0,0.257,0,0.238,-16.584,1,38,0.0557,125.605,0.524,5
0.8420000000000001,0.541,145733,0.355,0,2.14e-06,10,0.201,-13.167,1,19,0.0334,94.432,0.677,6
0.0957,0.679,198000,0.609,0,0.00113,0,0.0474,-9.482,0,50,0.0347,132.467,0.695,4
0.994,0.456,186493,0.446,0,0.85,3,0.8220000000000001,-10.198,0,0,0.115,189.672,0.779,9
0.223,0.5329999999999999,779160,0.436,0,0.000107,8,0.0981,-8.861,1,35,0.0369,109.778,0.3720000000000001,7
0.268,0.4370000000000001,200387,0.522,0,0.0,0,0.126,-7.047999999999999,1,67,0.031,169.366,0.72,2
0.0499,0.557,238200,0.458,0,5.67e-05,7,0.17600000000000002,-5.127000000000002,1,57,0.0306,128.126,0.262,1
0.000284,0.5670000000000001,198261,0.894,0,0.0,5,0.155,-2.901,1,54,0.0361,115.041,0.349,1
0.383,0.848,277454,0.528,0,0.00036,1,0.102,-7.947,1,44,0.0433,132.787,0.769,3
0.0362,0.83,233373,0.672,1,0.0,11,0.106,-4.199,1,52,0.333,140.08100000000002,0.406,1
0.625,0.7120000000000001,288133,0.555,0,0.0,6,0.236,-8.982999999999997,1,21,0.589,165.291,0.459,5
0.77,0.419,199227,0.622,0,0.017,3,0.0715,-7.686,1,2,0.0897,149.351,0.688,9
0.918,0.514,193173,0.256,0,0.00102,4,0.125,-13.069,1,26,0.032,98.082,0.477,5
0.966,0.263,164653,0.0144,0,0.967,2,0.1,-27.016,0,22,0.0391,124.45,0.147,6
0.934,0.172,210723,0.15,0,0.0154,8,0.0978,-12.214,1,13,0.0349,85.439,0.0978,7
0.993,0.319,189587,0.0242,0,0.898,11,0.0964,-25.945,1,0,0.0387,67.97800000000001,0.0444,10
0.398,0.442,193120,0.736,0,0.000314,11,0.0876,-12.517,0,18,0.0387,183.293,0.606,6
0.959,0.315,181293,0.114,0,0.000123,5,0.0953,-15.718,0,10,0.0338,37.745,0.0709,8
0.635,0.41,331933,0.557,0,0.0363,5,0.146,-14.267,1,29,0.0672,128.767,0.523,5
0.0048,0.5579999999999999,173000,0.855,0,1.98e-06,2,0.123,-3.374,1,53,0.0386,150.039,0.768,2
0.989,0.8740000000000001,166013,0.321,0,0.256,9,0.18,-6.353,1,0,0.0846,118.367,0.862,10
0.505,0.7190000000000001,169067,0.46,0,0.00074,11,0.336,-16.885,0,0,0.0347,119.562,0.797,7
0.0986,0.6609999999999999,221227,0.925,0,0.000398,7,0.0672,-6.898,1,40,0.0453,100.961,0.929,4
0.17600000000000002,0.88,149067,0.523,0,2.43e-05,9,0.073,-13.4,1,49,0.172,107.381,0.95,2
0.146,0.541,213507,0.903,0,0.0394,11,0.0516,-3.329,1,4,0.0436,107.906,0.925,7
0.0286,0.249,233507,0.943,0,0.0040100000000000005,0,0.162,-5.188,1,60,0.0669,173.671,0.458,4
0.993,0.355,107400,0.204,0,0.0563,11,0.165,-13.71,1,0,0.0464,97.006,0.0705,7
0.17600000000000002,0.404,225960,0.513,0,0.0,11,0.0583,-11.904000000000002,1,51,0.0485,78.801,0.344,4
0.978,0.22,184227,0.3,0,0.904,7,0.134,-5.283,1,39,0.0261,85.555,0.0774,6
0.993,0.79,204147,0.0932,0,0.309,3,0.117,-16.352999999999998,1,0,0.0722,127.642,0.58,10
0.965,0.172,473867,0.189,0,0.0318,10,0.318,-15.174,1,38,0.0426,91.619,0.0386,5
0.131,0.525,258200,0.958,0,3.65e-05,2,0.449,-1.851,1,43,0.0542,124.568,0.52,4
0.986,0.0,38600,0.0732,0,0.0827,9,0.16,-21.423,1,0,0.0,0.0,0.0,8
0.000917,0.722,338187,0.639,1,2.79e-05,2,0.35200000000000004,-6.959,1,63,0.373,90.972,0.324,3
0.961,0.405,200413,0.298,0,0.295,2,0.503,-13.69,1,0,0.0558,72.934,0.792,8
0.993,0.63,201000,0.109,0,0.0476,2,0.155,-16.945,1,0,0.1,123.504,0.611,9
0.00826,0.504,180373,0.624,0,0.0455,4,0.0742,-13.945,1,27,0.0524,117.314,0.628,5
0.51,0.731,143373,0.204,0,2.02e-05,11,0.0894,-18.934,1,56,0.0727,121.817,0.6990000000000001,3
0.1,0.575,200591,0.63,1,0.0,6,0.0956,-5.516,0,58,0.0603,119.983,0.5579999999999999,1
