0.0135,0.603,241733,0.8390000000000001,1,0.0,10,0.338,-8.94,0,43,0.289,95.829,0.763,3
0.249,0.6970000000000001,180640,0.618,1,0.0,3,0.147,-5.355,0,66,0.0317,114.065,0.38,1
0.8009999999999999,0.635,202573,0.289,0,0.000505,7,0.0624,-13.196,1,25,0.0435,128.17,0.441,5
0.0162,0.545,283547,0.966,1,0.0,7,0.228,-3.84,1,50,0.264,87.867,0.626,3
0.942,0.627,44613,0.45,0,0.0,3,0.951,-16.872,0,22,0.8959999999999999,97.945,0.68,5
8.54e-06,0.234,148040,0.958,1,3.62e-06,11,0.206,-4.64,1,45,0.0816,101.935,0.532,3
0.00511,0.459,203507,0.8909999999999999,0,0.0,10,0.106,-5.057,0,52,0.0623,154.83700000000005,0.588,2
0.00529,0.495,309693,0.677,1,0.000265,11,0.396,-5.646,1,56,0.25,81.47800000000002,0.375,1
0.862,0.328,421333,0.425,0,0.648,9,0.17,-9.755,1,0,0.0454,123.663,0.25,8
0.125,0.505,173760,0.343,0,0.716,7,0.191,-19.146,1,41,0.0615,167.037,0.81,5
0.6970000000000001,0.53,241347,0.34600000000000003,0,1.07e-05,8,0.105,-10.497,1,70,0.0376,121.876,0.359,1
0.0124,0.5870000000000001,294400,0.7879999999999999,0,0.0553,11,0.0643,-5.875,0,44,0.0279,150.002,0.643,2
0.0116,0.535,193053,0.924,0,1.7e-05,8,0.117,-5.092,0,55,0.0931,159.98,0.7929999999999999,1
0.000344,0.591,180600,0.713,0,5.95e-06,6,0.0679,-6.186,1,47,0.0342,117.882,0.449,2
0.016,0.652,247627,0.932,0,8.32e-06,11,0.235,-4.885,0,54,0.0543,178.05700000000004,0.8909999999999999,3
0.872,0.447,233267,0.158,0,1.58e-06,2,0.0816,-7.5710000000000015,1,59,0.036000000000000004,140.942,0.142,1
0.611,0.6629999999999999,127200,0.267,0,0.0,1,0.381,-16.619,0,1,0.964,77.855,0.529,7
0.98,0.855,185467,0.442,0,0.815,7,0.0831,-10.042,1,0,0.0494,125.003,0.9,8
0.454,0.385,130333,0.7909999999999999,0,0.0,7,0.0755,-2.647,1,47,0.0949,194.638,0.764,2
0.7120000000000001,0.596,168267,0.55,0,0.0,11,0.35,-7.403,1,14,0.03,115.883,0.877,7
0.0854,0.524,124080,0.659,0,0.0,11,0.336,-11.374,0,18,0.0332,122.407,0.767,6
0.7190000000000001,0.575,320000,0.631,0,3.5000000000000016e-06,2,0.407,-6.981,1,63,0.0407,126.201,0.327,2
0.948,0.261,185480,0.2,0,0.00547,9,0.122,-14.591,1,19,0.0342,93.277,0.268,7
0.268,0.7829999999999999,264000,0.764,1,1.13e-06,8,0.114,-5.146,1,61,0.289,145.884,0.419,1
0.6729999999999999,0.617,135893,0.383,0,0.0159,7,0.21,-12.582,1,30,0.0373,156.709,0.7390000000000001,5
0.63,0.307,214227,0.388,0,0.0775,2,0.149,-12.587,1,50,0.0292,146.179,0.255,2
0.743,0.334,163933,0.24,0,0.103,5,0.106,-10.828,1,15,0.0301,80.748,0.418,7
0.003,0.917,313640,0.607,1,0.0,4,0.116,-15.522,0,41,0.325,94.063,0.652,3
0.0016600000000000002,0.8759999999999999,198867,0.463,1,0.000492,1,0.109,-6.607,1,66,0.289,162.951,0.32,0
0.324,0.7020000000000001,151054,0.775,1,0.0,1,0.114,-3.462,1,71,0.248,178.199,0.784,1
0.958,0.72,149133,0.513,0,8.240000000000001e-05,1,0.153,-7.224,1,1,0.0318,102.822,0.838,8
0.42,0.459,405893,0.325,0,7.140000000000001e-05,2,0.0529,-16.326,1,24,0.0441,148.56799999999996,0.354,5
0.0335,0.62,243080,0.812,0,0.0,0,0.132,-5.843,1,56,0.0436,92.024,0.573,1
0.993,0.552,103400,0.0208,0,0.922,8,0.0995,-26.619,0,1,0.0465,96.723,0.466,8
0.00867,0.795,240667,0.56,0,0.0,2,0.226,-8.908,1,59,0.0659,99.922,0.635,1
0.976,0.489,143747,0.14800000000000002,0,0.906,0,0.0771,-20.35,1,0,0.037000000000000005,83.334,0.27,8
0.301,0.7709999999999999,245107,0.898,0,0.0902,11,0.0889,-6.432,0,42,0.0404,116.204,0.961,4
0.605,0.4270000000000001,295133,0.32,0,0.000198,9,0.0926,-11.861,1,25,0.0264,147.107,0.327,4
0.0395,0.596,179124,0.481,0,0.000248,5,0.0755,-13.091,1,33,0.0272,134.796,0.64,5
0.727,0.7759999999999999,187947,0.504,0,0.000474,8,0.16699999999999998,-7.193,1,44,0.0385,115.803,0.963,2
0.277,0.8540000000000001,431507,0.6890000000000001,1,0.00811,4,0.0527,-7.974,1,35,0.222,111.109,0.542,4
0.416,0.703,124891,0.39,1,0.0,2,0.17800000000000002,-16.090999999999998,1,63,0.454,79.884,0.624,1
0.0036,0.489,236693,0.833,1,1.33e-06,9,0.111,-5.348,1,61,0.054000000000000006,135.431,0.307,1
0.00995,0.421,264067,0.835,0,0.00024,0,0.4370000000000001,-9.415,1,36,0.0447,93.837,0.7390000000000001,5
0.0805,0.897,158147,0.594,0,0.0,1,0.438,-7.407999999999999,1,48,0.264,106.0,0.557,2
0.966,0.234,221627,0.114,0,0.877,10,0.301,-19.993,0,0,0.037000000000000005,104.73,0.0868,7
0.0452,0.736,130467,0.841,0,0.0105,9,0.03,-5.352,1,56,0.0928,163.912,0.836,1
0.0104,0.845,202085,0.479,1,1.79e-06,1,0.157,-6.065,1,57,0.298,170.919,0.35,1
0.585,0.78,401533,0.7979999999999999,0,2.9600000000000005e-05,0,0.258,-13.147,1,24,0.0537,111.093,0.672,4
0.219,0.647,232720,0.8220000000000001,0,0.0,5,0.0908,-4.662,0,80,0.183,160.019,0.962,1
0.17600000000000002,0.545,293360,0.846,0,4.66e-05,9,0.228,-5.81,1,43,0.0814,122.825,0.5660000000000001,3
0.8740000000000001,0.526,149400,0.26,0,0.00139,9,0.0855,-11.765999999999998,1,0,0.0344,189.918,0.923,7
0.741,0.593,166333,0.54,0,0.0178,2,0.58,-12.143,1,38,0.0405,125.705,0.679,3
0.0595,0.565,228333,0.78,0,0.0,8,0.0733,-4.688,1,37,0.0435,144.203,0.365,3
0.34600000000000003,0.7290000000000001,222747,0.569,0,0.0497,6,0.266,-11.452,0,45,0.0367,126.68,0.715,5
0.0122,0.493,135573,0.5529999999999999,0,0.0558,1,0.303,-14.06,1,24,0.0302,97.169,0.925,7
0.255,0.8079999999999999,131055,0.736,0,0.000273,9,0.105,-4.084,0,67,0.114,89.98299999999998,0.8059999999999999,0
0.0225,0.54,244867,0.913,0,0.00157,2,0.344,-6.8870000000000005,1,49,0.0483,136.265,0.452,2
0.242,0.501,141773,0.494,0,0.0,1,0.139,-10.177,1,21,0.0401,78.031,0.769,6
0.0205,0.615,211225,0.675,0,0.0,2,0.111,-4.717,1,58,0.0263,135.966,0.512,1
0.29600000000000004,0.443,256227,0.282,0,0.000231,7,0.308,-14.339,1,51,0.0299,179.71400000000003,0.262,4
0.101,0.782,268867,0.821,1,0.0,6,0.16699999999999998,-7.112,0,39,0.142,150.06799999999996,0.961,2
0.862,0.18,226000,0.103,0,0.779,5,0.0903,-26.94,1,68,0.04,145.274,0.0386,1
0.304,0.726,214072,0.5710000000000001,1,1.34e-05,10,0.101,-5.5829999999999975,0,48,0.258,78.005,0.884,1
0.605,0.575,289067,0.237,0,1.33e-05,4,0.405,-15.778,1,25,0.0256,78.33,0.624,5
0.445,0.309,218360,0.28800000000000003,0,0.0,5,0.293,-12.685,0,35,0.034,136.233,0.375,4
0.726,0.486,166827,0.312,0,1.59e-06,2,0.0601,-13.522,1,56,0.0533,205.917,0.598,3
0.6970000000000001,0.725,204293,0.491,0,0.373,7,0.0846,-9.713,1,22,0.0336,111.415,0.928,5
0.995,0.573,187344,0.106,0,0.35700000000000004,8,0.223,-13.058,1,0,0.12,69.986,0.675,8
0.193,0.398,166867,0.7090000000000001,0,2.69e-06,3,0.146,-13.047,1,29,0.034,156.868,0.919,6
0.936,0.7040000000000001,159747,0.251,0,0.0,0,0.16399999999999998,-11.688,1,18,0.0456,80.935,0.488,6
0.00722,0.336,77173,0.949,1,7.23e-06,2,0.269,-10.529000000000002,1,23,0.06,96.056,0.136,4
0.938,0.6709999999999999,102332,0.255,0,0.0,0,0.0896,-14.495,1,0,0.29100000000000004,77.212,0.794,8
0.66,0.5660000000000001,159067,0.495,0,0.0,5,0.0687,-7.392,0,21,0.0239,96.172,0.802,6
0.985,0.462,130280,0.0435,0,0.0,8,0.182,-16.884,1,43,0.0442,95.762,0.259,2
0.433,0.8240000000000001,166370,0.425,0,0.0,7,0.17,-10.115,0,19,0.0829,128.868,0.8109999999999999,6
0.64,0.532,186018,0.522,0,4.33e-05,7,0.468,-8.892000000000003,1,0,0.133,141.615,0.857,9
0.106,0.747,104373,0.8420000000000001,0,2.42e-05,9,0.639,-5.266,0,26,0.102,128.339,0.807,4
0.993,0.735,167933,0.0737,0,0.015,5,0.087,-19.076,1,2,0.0593,86.581,0.434,8
0.114,0.564,203293,0.71,0,0.0,0,0.068,-5.295,1,51,0.132,178.525,0.88,2
0.732,0.358,151160,0.246,0,1.18e-06,9,0.13,-14.651,1,31,0.093,182.229,0.226,5
0.857,0.0784,263227,0.0649,0,0.951,5,0.0712,-18.985,1,45,0.0425,73.13,0.0308,5
0.487,0.665,295453,0.612,0,0.000194,2,0.183,-4.664,0,56,0.0314,120.989,0.25,1
5.51e-05,0.24,259200,0.7859999999999999,0,6.01e-06,9,0.206,-7.084,1,42,0.0847,83.229,0.381,2
0.0066,0.363,268013,0.879,0,0.158,7,0.18600000000000005,-8.955,1,43,0.0439,131.73,0.647,4
0.542,0.526,191293,0.589,0,0.894,2,0.068,-11.109000000000002,1,37,0.0377,86.63600000000002,0.95,5
0.589,0.644,179680,0.27,0,0.00136,0,0.122,-11.37,1,46,0.0288,131.94899999999998,0.157,1
0.784,0.487,209711,0.412,0,0.0,3,0.315,-9.251,1,0,0.0363,117.932,0.8859999999999999,8
0.561,0.61,355200,0.423,0,0.00331,4,0.99,-10.842,0,25,0.0331,108.966,0.443,4
0.353,0.841,170173,0.623,0,0.000148,8,0.108,-7.249,1,56,0.0502,101.561,0.8140000000000001,2
0.0445,0.5589999999999999,248267,0.703,0,6.22e-06,4,0.149,-10.226,0,34,0.268,142.026,0.239,4
0.0143,0.633,226693,0.598,0,0.00028900000000000003,9,0.029,-13.326,1,24,0.0591,95.899,0.828,5
0.193,0.464,195840,0.775,1,0.0,10,0.155,-5.374,0,54,0.263,148.442,0.438,1
0.000176,0.254,381173,0.884,0,0.7509999999999999,4,0.75,-8.945,0,32,0.0728,128.906,0.402,4
0.113,0.537,180605,0.511,0,0.0,3,0.301,-7.848,1,44,0.125,160.546,0.931,3
0.741,0.579,103293,0.845,0,0.00351,2,0.826,-9.954,1,30,0.0507,91.439,0.852,5
0.88,0.687,590920,0.184,0,0.0,0,0.129,-15.167,1,0,0.954,100.408,0.467,8
0.623,0.384,198667,0.16699999999999998,0,0.0,2,0.153,-13.858,1,28,0.0289,80.972,0.297,6
0.414,0.688,164587,0.72,0,0.0,5,0.325,-5.106,1,57,0.0368,124.175,0.943,1
0.8009999999999999,0.478,297307,0.3670000000000001,0,0.000784,4,0.196,-15.837,0,37,0.0392,113.021,0.389,5
0.0752,0.5579999999999999,207600,0.868,0,0.0,4,0.466,-5.135,0,32,0.0361,101.801,0.46,4
0.95,0.184,686520,0.0665,0,0.593,4,0.184,-22.789,0,0,0.0431,81.45100000000002,0.0928,9
0.00571,0.309,201947,0.82,0,0.000368,1,0.159,-4.8439999999999985,1,44,0.0636,174.762,0.399,4
0.000173,0.529,334187,0.688,0,0.0239,8,0.141,-5.722,0,49,0.0313,113.289,0.223,2
0.177,0.705,270173,0.722,0,1.6800000000000002e-05,9,0.172,-8.638,1,24,0.0504,120.81,0.753,5
0.0278,0.684,235733,0.84,0,0.0,9,0.329,-5.752999999999999,1,55,0.0433,125.801,0.682,2
0.957,0.65,183933,0.16399999999999998,0,0.0372,0,0.22,-19.651,1,6,0.16399999999999998,205.193,0.828,9
0.0107,0.258,568627,0.621,0,0.194,9,0.18,-13.69,1,38,0.0443,94.941,0.108,4
0.00182,0.421,312027,0.952,0,0.531,6,0.214,-6.322,1,30,0.0609,126.16,0.648,5
0.00238,0.484,162040,0.8959999999999999,0,0.0,9,0.107,-7.326,1,30,0.0429,149.751,0.807,5
0.99,0.4970000000000001,154480,0.652,0,0.039,7,0.0662,-8.976,1,0,0.35100000000000003,186.892,0.919,9
0.94,0.4270000000000001,187267,0.15,0,0.00784,5,0.101,-16.863,1,42,0.0321,84.63,0.441,7
0.986,0.7140000000000001,196325,0.431,0,0.00772,7,0.0907,-7.532,0,0,0.111,80.904,0.8859999999999999,7
0.0198,0.815,314667,0.635,1,6.46e-06,11,0.0633,-5.5920000000000005,0,38,0.113,150.035,0.8270000000000001,2
0.0536,0.552,248613,0.731,1,0.0,7,0.258,-6.8729999999999976,1,65,0.615,174.516,0.632,1
0.987,0.299,132933,0.119,0,0.7829999999999999,3,0.073,-18.631,1,0,0.0341,113.823,0.0528,8
5.69e-05,0.509,199916,0.978,0,5.14e-06,2,0.0872,-4.017,1,49,0.147,102.866,0.201,2
0.494,0.4370000000000001,213600,0.407,0,0.0,9,0.708,-10.541,1,30,0.0406,178.1,0.489,5
0.162,0.737,213539,0.502,0,3.71e-06,9,0.181,-7.871,1,42,0.0355,96.067,0.5820000000000001,2
0.262,0.34600000000000003,260867,0.429,0,0.0008269999999999999,8,0.138,-12.187,1,59,0.0832,158.931,0.0885,1
0.000387,0.5760000000000001,238400,0.738,1,0.00131,11,0.13,-8.122,1,61,0.0353,168.132,0.675,3
0.985,0.659,164507,0.0454,0,0.00566,2,0.0794,-22.441,1,0,0.0975,120.748,0.7559999999999999,9
0.0542,0.245,206960,0.65,0,0.00213,2,0.129,-8.347999999999999,0,31,0.0499,110.881,0.25,5
0.000164,0.375,237003,0.965,1,0.0008349999999999999,8,0.28,-2.436,0,62,0.123,175.014,0.292,1
0.995,0.293,184853,0.0318,0,0.853,11,0.117,-25.271,1,37,0.0399,69.928,0.1,3
0.7609999999999999,0.563,111667,0.454,0,0.0,1,0.151,-9.125,0,28,0.0327,124.521,0.6579999999999999,6
0.0194,0.7170000000000001,327427,0.642,0,0.00024900000000000004,1,0.043,-10.727,1,61,0.0287,105.894,0.732,3
0.16899999999999998,0.608,324347,0.604,0,0.000133,5,0.106,-12.285,1,59,0.0433,164.25400000000005,0.6729999999999999,4
0.37,0.645,277600,0.585,0,0.742,4,0.0744,-9.493,0,39,0.0339,143.93200000000004,0.495,3
0.0351,0.644,236200,0.85,1,0.0,11,0.378,-4.682,0,49,0.204,130.142,0.308,1
0.995,0.41,195800,0.239,0,0.909,10,0.564,-16.66,1,0,0.0512,129.455,0.487,9
0.0141,0.7190000000000001,177300,0.233,1,0.0,11,0.172,-17.839000000000006,0,0,0.946,126.618,0.65,10
0.965,0.62,169093,0.151,0,0.000175,4,0.573,-11.452,0,0,0.0468,60.039,0.653,8
0.8540000000000001,0.653,124000,0.18600000000000005,0,0.00892,0,0.131,-21.463,1,24,0.0329,120.397,0.5920000000000001,6
0.000172,0.436,228013,0.936,0,0.0,5,0.343,-4.279,0,52,0.0637,160.097,0.556,2
0.0217,0.618,254773,0.929,1,0.0,2,0.326,-3.238,0,54,0.273,79.86399999999998,0.672,2
0.731,0.586,164075,0.555,0,0.000107,4,0.112,-7.419,1,1,0.0501,95.287,0.899,8
0.897,0.102,304067,0.0693,0,0.939,10,0.107,-22.506,1,36,0.0506,67.03399999999999,0.035,3
0.26,0.765,157040,0.4,0,0.071,9,0.141,-11.815,0,52,0.0516,103.941,0.596,5
0.208,0.815,188027,0.336,0,0.0,10,0.5820000000000001,-9.219,1,57,0.478,123.166,0.774,5
0.8809999999999999,0.482,327453,0.22,0,0.823,7,0.0893,-15.758,1,0,0.0586,82.13,0.207,7
0.434,0.723,214013,0.628,0,0.0312,2,0.0742,-9.194,1,44,0.0315,92.741,0.909,3
0.6559999999999999,0.682,182693,0.25,0,0.0,8,0.0971,-12.534,1,23,0.0475,111.264,0.472,7
0.224,0.439,272867,0.417,0,5.22e-05,1,0.0767,-10.226,1,45,0.0275,173.727,0.3,2
0.979,0.515,229068,0.293,0,0.0281,1,0.0852,-16.518,1,0,0.0334,110.815,0.529,8
0.0097,0.7959999999999999,230227,0.502,1,0.0,1,0.353,-5.167000000000002,1,40,0.0898,76.479,0.285,2
0.121,0.728,214440,0.621,0,1.5e-05,0,0.399,-12.012,1,32,0.0649,76.089,0.863,3
0.654,0.5820000000000001,152400,0.245,0,0.0,5,0.138,-16.955,1,35,0.0444,97.286,0.672,5
0.984,0.439,400707,0.0438,0,0.8909999999999999,0,0.0893,-18.623,1,34,0.0526,135.695,0.0708,7
0.974,0.664,142333,0.5660000000000001,0,0.068,3,0.12,-10.277,1,0,0.233,130.51,0.914,7
0.0281,0.68,239133,0.5529999999999999,0,8.87e-06,7,0.125,-5.744,1,40,0.0285,116.123,0.5710000000000001,3
0.434,0.6,148280,0.536,0,0.224,7,0.0875,-12.693,1,28,0.0573,198.159,0.913,6
0.263,0.4970000000000001,349600,0.5820000000000001,0,0.000446,11,0.17,-8.446,0,37,0.0276,139.734,0.35100000000000003,4
0.0177,0.504,164533,0.879,0,0.00866,9,0.34700000000000003,-7.442,1,49,0.0636,140.017,0.354,1
0.228,0.5489999999999999,169422,0.955,0,0.0,1,0.0374,-8.181000000000001,1,27,0.0544,94.177,0.757,6
0.8440000000000001,0.799,152195,0.35200000000000004,0,0.903,6,0.115,-9.943,1,56,0.159,83.564,0.435,1
0.0117,0.6579999999999999,172973,0.762,0,0.0,5,0.635,-4.049,1,44,0.0376,125.954,0.7,2
0.0226,0.362,196160,0.708,0,0.0,10,0.0873,-4.046,1,69,0.0672,166.31,0.513,1
0.994,0.556,200036,0.193,0,0.0097,0,0.468,-8.646,1,0,0.0596,136.44299999999998,0.74,9
0.995,0.7659999999999999,83627,0.17,0,0.97,7,0.105,-22.482,1,20,0.0668,116.059,0.322,8
0.868,0.66,117453,0.203,0,0.0036,8,0.155,-15.873,1,22,0.0328,80.23899999999998,0.4970000000000001,6
0.262,0.496,177133,0.531,0,0.557,9,0.0889,-10.37,1,34,0.029,125.231,0.396,5
0.923,0.32299999999999995,163749,0.263,0,0.903,0,0.205,-10.992,1,0,0.0418,71.58,0.24,8
0.219,0.799,145147,0.644,0,2.55e-06,9,0.438,-7.431,1,47,0.0861,88.322,0.82,2
0.968,0.28300000000000003,189040,0.0682,0,0.006840000000000001,7,0.594,-26.015,0,0,0.0403,108.163,0.142,8
0.183,0.628,169173,0.7140000000000001,0,0.0,9,0.161,-10.107,1,28,0.0384,137.73,0.802,4
0.989,0.589,111067,0.268,0,0.816,3,0.243,-21.383000000000006,0,0,0.502,114.854,0.7120000000000001,7
0.987,0.261,381507,0.204,0,0.000971,11,0.175,-17.429000000000002,1,0,0.0459,82.39299999999999,0.198,7
0.941,0.112,536573,0.0289,0,0.498,8,0.067,-22.892,1,0,0.0383,83.34100000000002,0.0705,9
0.425,0.48,251907,0.569,0,0.000162,1,0.278,-13.103,1,39,0.027000000000000003,73.339,0.612,6
0.038,0.45,370533,0.846,0,0.266,11,0.222,-9.996,0,49,0.102,124.239,0.414,2
0.00282,0.4,383627,0.7559999999999999,0,0.753,11,0.0695,-8.423,0,56,0.0492,123.828,0.0924,1
0.994,0.35200000000000004,74840,0.273,0,0.8759999999999999,7,0.102,-23.277,0,0,0.0819,66.851,0.373,7
0.129,0.77,100744,0.157,1,0.0,7,0.377,-19.24,1,0,0.912,110.431,0.684,9
0.242,0.529,140107,0.5579999999999999,0,0.393,10,0.266,-9.713,1,42,0.0367,132.664,0.784,3
0.059,0.471,222000,0.953,0,5.19e-05,0,0.421,-2.145,1,30,0.0628,96.19,0.262,4
0.865,0.518,218933,0.266,0,0.775,5,0.89,-18.479,0,5,0.113,91.699,0.597,8
0.0275,0.6509999999999999,296613,0.8590000000000001,0,0.267,2,0.126,-9.959,1,41,0.0439,113.51,0.63,4
0.396,0.5820000000000001,235427,0.542,0,0.00114,10,0.123,-10.041,1,50,0.0294,90.918,0.45,2
0.132,0.78,178093,0.635,1,0.0,1,0.1,-7.917000000000002,1,72,0.17,140.997,0.371,0
0.6609999999999999,0.7190000000000001,340013,0.377,0,0.0,9,0.0902,-12.585,0,60,0.0974,83.919,0.575,4
0.956,0.185,247493,0.0599,0,0.872,8,0.125,-27.514,1,38,0.0428,77.707,0.0393,5
0.767,0.308,253240,0.28600000000000003,0,0.000746,5,0.127,-10.893,1,29,0.0301,68.04899999999999,0.322,4
0.258,0.6709999999999999,233400,0.8140000000000001,1,0.0,7,0.16399999999999998,-3.768,1,56,0.27,96.985,0.38,2
0.7759999999999999,0.377,153467,0.325,0,0.0,0,0.299,-14.329,1,15,0.045,175.88,0.8109999999999999,7
0.00289,0.398,232267,0.902,0,0.0,3,0.066,-3.518,1,55,0.0861,166.82299999999995,0.491,2
0.000637,0.674,185280,0.74,0,0.0,11,0.111,-4.517,0,46,0.0419,143.998,0.431,1
0.731,0.579,399387,0.728,0,0.7170000000000001,10,0.0782,-9.536,0,10,0.0473,103.357,0.6940000000000001,6
0.468,0.6859999999999999,159707,0.593,0,2.19e-05,0,0.35200000000000004,-10.078,1,50,0.0597,92.82,0.946,6
0.698,0.545,296040,0.674,0,0.0261,8,0.293,-5.374,1,5,0.0569,107.447,0.8079999999999999,7
0.619,0.602,292600,0.355,0,0.036000000000000004,6,0.205,-13.880999999999998,1,45,0.0255,99.271,0.281,3
0.000185,0.279,231013,0.742,0,0.0,4,0.593,-6.46,0,48,0.0898,189.868,0.328,1
0.473,0.34600000000000003,66440,0.0938,0,0.0034,0,0.244,-23.342,1,23,0.0702,71.294,0.327,4
0.101,0.667,150827,0.643,0,0.000433,9,0.0496,-8.152999999999999,1,25,0.0365,120.274,0.855,6
0.8320000000000001,0.675,559813,0.294,0,0.835,7,0.0784,-15.845,1,45,0.0348,100.004,0.468,2
0.924,0.404,181693,0.534,0,0.0,5,0.349,-16.951,0,33,0.878,62.168,0.079,4
0.99,0.5479999999999999,26240,0.308,0,0.693,2,0.401,-15.2,1,0,0.0403,101.977,0.768,8
0.976,0.322,210476,0.087,0,0.00139,11,0.0983,-14.483,0,49,0.0455,82.199,0.187,4
0.994,0.493,184088,0.23,0,0.0112,3,0.228,-9.079,1,0,0.241,165.36700000000005,0.626,7
0.86,0.379,148200,0.396,0,1.21e-05,2,0.118,-11.247,0,52,0.0292,138.36,0.407,1
0.989,0.411,192093,0.28800000000000003,0,0.904,6,0.354,-12.03,1,0,0.0627,182.522,0.735,7
1.14e-05,0.35,186000,0.901,0,0.0485,0,0.677,-6.6229999999999976,1,42,0.0912,91.212,0.207,4
0.42,0.716,246507,0.677,0,0.0,8,0.0945,-7.0360000000000005,0,60,0.368,139.33,0.7070000000000001,2
0.984,0.645,72960,0.471,0,0.0162,10,0.24,-14.445,1,0,0.0443,113.9,0.969,9
0.479,0.516,172200,0.348,0,0.000538,9,0.152,-14.499,1,41,0.0394,135.11700000000002,0.446,5
0.991,0.482,154000,0.348,0,0.0168,1,0.17800000000000002,-9.933,1,0,0.0469,125.281,0.865,8
0.985,0.696,159000,0.321,0,0.821,0,0.114,-7.065,0,0,0.08900000000000001,118.423,0.8190000000000001,10
0.996,0.268,382213,0.155,0,0.961,1,0.416,-18.249,0,1,0.05,72.503,0.134,8
0.6659999999999999,0.51,252600,0.226,0,2.3e-06,10,0.318,-14.307,1,51,0.0292,71.40100000000002,0.174,4
0.0678,0.518,186040,0.657,0,0.0,2,0.16899999999999998,-7.78,1,38,0.0371,89.081,0.516,3
0.643,0.4370000000000001,319959,0.526,0,0.0,11,0.325,-5.876,0,56,0.174,76.16199999999998,0.394,1
0.955,0.412,164444,0.126,0,0.0,5,0.101,-14.666,1,0,0.0838,79.617,0.447,9
0.516,0.489,181907,0.257,0,0.0,9,0.0578,-11.115,1,53,0.0363,127.012,0.593,3
0.523,0.215,244075,0.108,0,0.855,6,0.104,-23.299,1,62,0.036000000000000004,105.621,0.0365,1
0.616,0.5660000000000001,1111827,0.271,0,0.0,2,0.14300000000000002,-21.981,1,2,0.932,71.027,0.215,9
0.077,0.583,293213,0.645,0,0.0226,7,0.096,-12.249,0,35,0.0388,182.779,0.8490000000000001,4
0.93,0.181,225600,0.0981,0,0.266,5,0.275,-17.199,1,5,0.04,175.393,0.139,7
0.0576,0.509,245267,0.706,0,1.69e-06,6,0.516,-9.427,1,38,0.0843,122.015,0.446,6
2.87e-05,0.413,200147,0.969,0,0.000753,4,0.371,-2.599,0,59,0.119,164.99900000000005,0.374,1
0.979,0.157,123587,0.257,0,0.000133,1,0.0452,-12.166,1,0,0.0408,172.155,0.14,8
0.82,0.343,245507,0.224,0,0.887,8,0.226,-15.448,1,0,0.0528,98.388,0.275,7
0.0859,0.645,251427,0.402,0,1.25e-06,10,0.0532,-14.973,0,54,0.0471,101.214,0.5589999999999999,4
0.8370000000000001,0.289,100173,0.292,0,0.8640000000000001,0,0.493,-12.433,1,4,0.0335,117.515,0.531,7
0.68,0.643,315760,0.275,0,0.0,5,0.111,-15.151,0,14,0.0433,90.956,0.617,7
0.967,0.368,87200,0.0757,0,0.0,8,0.196,-24.624,1,0,0.0852,103.588,0.242,7
0.0065,0.423,167413,0.852,0,0.895,8,0.331,-9.269,1,43,0.0327,114.691,0.667,5
0.0349,0.621,283973,0.619,0,6.879999999999999e-05,6,0.168,-9.047,1,57,0.0264,128.967,0.325,3
0.34700000000000003,0.767,203333,0.45,0,0.0,0,0.113,-12.352,1,52,0.0824,106.847,0.809,2
0.1,0.245,180227,0.892,0,0.00783,5,0.0938,-4.223,1,44,0.0374,146.756,0.7140000000000001,5
0.0421,0.62,251387,0.974,0,0.003,7,0.365,-5.018,1,27,0.056,73.982,0.688,4
0.354,0.7909999999999999,188560,0.745,0,2.93e-05,11,0.104,-3.695,0,76,0.0464,94.014,0.82,1
0.716,0.447,173040,0.49,0,0.000308,7,0.515,-7.449,0,26,0.0331,126.947,0.6990000000000001,6
0.262,0.606,228147,0.775,1,0.0,5,0.1,-4.269,0,71,0.0671,164.02,0.307,1
0.974,0.561,140627,0.321,0,0.0,2,0.179,-10.522,1,11,0.0472,97.263,0.684,7
0.37,0.664,108644,0.147,1,7.400000000000001e-06,0,0.343,-19.129,1,0,0.932,81.21600000000002,0.589,8
0.985,0.471,102840,0.177,0,0.8909999999999999,0,0.0736,-13.055,1,26,0.0393,125.27,0.627,5
0.387,0.426,155440,0.362,0,0.0,9,0.171,-9.244,1,35,0.0349,136.382,0.171,5
0.585,0.46,175000,0.8740000000000001,0,0.065,2,0.0881,-10.818,1,21,0.0604,123.123,0.5539999999999999,6
0.898,0.498,157707,0.442,0,0.00337,10,0.0974,-9.481,1,24,0.0337,109.621,0.35700000000000004,6
0.00288,0.568,208040,0.877,0,0.00044,10,0.33,-5.651,1,27,0.0408,122.747,0.805,4
0.00279,0.721,456240,0.873,0,0.0799,10,0.198,-10.368,0,31,0.0482,119.672,0.8109999999999999,4
0.28,0.747,225173,0.7829999999999999,0,0.00116,2,0.131,-8.722000000000001,1,40,0.0501,95.004,0.716,2
0.207,0.563,242774,0.8079999999999999,0,1.32e-06,5,0.282,-4.728,0,62,0.0944,110.023,0.3720000000000001,1
0.4320000000000001,0.6970000000000001,119311,0.121,1,0.0,11,0.639,-22.435,0,0,0.941,129.013,0.52,8
0.966,0.524,140840,0.269,0,0.825,8,0.123,-14.617,1,0,0.11,183.752,0.563,10
0.0761,0.459,189973,0.7959999999999999,0,0.00908,4,0.0633,-5.226,0,66,0.132,139.91299999999998,0.218,1
0.995,0.225,404600,0.15,0,0.914,6,0.116,-18.142,0,1,0.0445,81.104,0.0767,8
0.121,0.853,332120,0.7040000000000001,1,0.0,11,0.8109999999999999,-5.795,1,45,0.154,113.817,0.657,2
0.8170000000000001,0.648,104072,0.218,1,0.005,10,0.108,-13.603,0,59,0.384,88.57700000000001,0.596,1
2.28e-05,0.14800000000000002,181107,0.8809999999999999,0,0.948,9,0.0755,-4.487,0,31,0.0617,161.731,0.51,3
0.542,0.631,142773,0.54,0,0.0,2,0.115,-8.982999999999997,1,53,0.0322,138.8,0.934,5
0.949,0.703,199131,0.179,0,0.0,4,0.102,-10.906,1,75,0.0366,97.427,0.34600000000000003,1
0.575,0.742,306933,0.358,0,0.0,2,0.132,-8.959,1,49,0.0456,127.843,0.58,3
0.53,0.589,101160,0.522,0,0.000243,2,0.0993,-8.718,1,51,0.0521,187.688,0.957,6
0.105,0.843,250653,0.43,0,4.91e-06,2,0.035,-9.734,1,32,0.231,102.898,0.867,4
0.648,0.767,260173,0.58,0,0.0254,2,0.111,-8.449,1,32,0.0296,109.124,0.606,5
0.258,0.738,266267,0.5760000000000001,0,0.000425,11,0.103,-8.76,0,23,0.0489,91.673,0.6859999999999999,5
0.7929999999999999,0.4270000000000001,234200,0.264,0,3.56e-06,11,0.122,-13.896,1,38,0.0444,123.695,0.209,3
0.599,0.647,273293,0.3670000000000001,0,0.0,0,0.15,-10.005,1,18,0.0746,125.855,0.433,7
0.0443,0.8,150001,0.736,0,0.904,2,0.139,-9.588,0,42,0.0681,128.024,0.69,2
0.653,0.902,172880,0.353,0,0.0,5,0.155,-14.01,1,38,0.052000000000000005,107.062,0.8190000000000001,4
0.446,0.841,240200,0.898,1,5.61e-06,1,0.267,-3.439,1,54,0.236,96.059,0.862,2
0.518,0.505,214960,0.463,0,1.57e-05,7,0.715,-10.652,1,41,0.125,105.661,0.66,6
0.0133,0.8240000000000001,198533,0.393,0,1.94e-06,6,0.0679,-16.713,0,30,0.0425,122.53,0.935,5
0.166,0.92,219833,0.472,1,0.0,1,0.068,-7.941,1,57,0.333,97.463,0.308,1
0.765,0.34,234053,0.336,0,0.000114,8,0.126,-7.2879999999999985,1,53,0.0289,142.631,0.0932,4
0.313,0.825,339933,0.97,1,0.247,0,0.105,-5.8660000000000005,1,38,0.0675,104.357,0.628,3
0.979,0.581,192160,0.196,0,0.0103,8,0.221,-17.281,0,51,0.0452,114.399,0.362,3
0.14300000000000002,0.677,183693,0.703,0,6.96e-05,9,0.514,-9.344,1,59,0.0344,99.419,0.962,3
0.989,0.439,132787,0.158,0,0.862,6,0.109,-20.976,0,0,0.0732,168.59599999999998,0.746,10
0.14800000000000002,0.6409999999999999,185333,0.644,0,0.0,1,0.0791,-5.853,1,65,0.034,105.941,0.471,0
0.861,0.524,235693,0.108,0,2.19e-05,1,0.118,-18.875,1,25,0.0296,99.981,0.16899999999999998,4
0.00114,0.448,284133,0.935,0,0.0,0,0.298,-4.7,1,44,0.068,159.999,0.226,1
0.6809999999999999,0.634,188227,0.56,0,0.0,0,0.3670000000000001,-10.883,1,41,0.037000000000000005,131.641,0.88,3
0.8490000000000001,0.716,145737,0.222,0,0.035,2,0.119,-9.492,1,1,0.0666,124.55,0.867,8
0.0111,0.452,196664,0.794,0,0.00182,0,0.416,-5.151,1,59,0.0483,137.825,0.282,1
0.0269,0.884,278147,0.469,0,0.00111,1,0.073,-9.852,0,50,0.0372,94.345,0.897,2
0.987,0.343,530827,0.182,0,0.883,7,0.745,-19.708,0,27,0.0417,67.339,0.0844,6
9.77e-05,0.313,235507,0.778,0,0.0,2,0.114,-4.322,1,39,0.0344,87.891,0.266,2
0.8759999999999999,0.429,193867,0.446,0,0.7809999999999999,10,0.0823,-21.325,0,7,0.062,197.969,0.8370000000000001,7
0.509,0.617,188480,0.34,0,7.070000000000001e-05,4,0.28600000000000003,-12.412,0,30,0.0277,114.394,0.542,3
0.444,0.56,214653,0.725,0,0.0,11,0.237,-8.578,1,22,0.051,124.098,0.584,6
0.995,0.459,169840,0.16,0,0.463,2,0.511,-16.332,1,1,0.0265,84.17200000000003,0.545,8
9.47e-06,0.225,364627,0.939,0,0.762,4,0.384,-11.81,0,41,0.0596,113.533,0.225,3
0.00515,0.725,167787,0.675,0,0.0006219999999999999,2,0.0786,-15.441,1,34,0.0709,119.669,0.481,4
0.0316,0.525,163480,0.629,1,0.0,1,0.0768,-4.707,1,65,0.106,84.699,0.284,1
0.95,0.349,165960,0.265,0,0.000118,7,0.165,-11.380999999999998,1,49,0.0324,204.656,0.48,7
0.365,0.705,164107,0.515,0,0.0,4,0.389,-9.343,1,66,0.0337,112.035,0.8029999999999999,6
0.8079999999999999,0.505,791467,0.303,0,0.0282,2,0.11,-18.119,1,9,0.0481,87.546,0.617,7
0.277,0.7090000000000001,325213,0.515,0,0.000193,7,0.14,-9.493,1,27,0.0306,121.201,0.569,4
0.993,0.45,184347,0.433,0,0.932,9,0.157,-9.555,0,0,0.0649,117.068,0.919,8
0.573,0.6659999999999999,141000,0.55,0,1.84e-06,10,0.122,-8.672,1,26,0.0612,95.552,0.961,6
0.75,0.4370000000000001,179840,0.371,0,0.121,2,0.0964,-10.648,0,27,0.0291,136.411,0.507,6
0.8290000000000001,0.903,159280,0.0697,0,0.0,10,0.131,-17.784000000000006,1,25,0.0724,110.773,0.511,6
0.7,0.569,257906,0.118,0,6.21e-05,0,0.118,-18.932,0,54,0.106,171.208,0.463,2
0.000762,0.209,318321,0.841,0,3.6e-05,7,0.0998,-4.579,1,51,0.0621,163.71200000000005,0.396,3
0.954,0.555,191227,0.23,0,0.0008300000000000001,6,0.449,-13.513,1,0,0.35700000000000004,93.379,0.404,8
0.0484,0.14,236093,0.399,0,0.389,7,0.0722,-13.694,0,51,0.04,143.661,0.0387,2
0.989,0.56,157280,0.201,0,0.957,0,0.109,-16.049,1,0,0.131,70.108,0.769,8
0.764,0.171,272147,0.269,0,0.687,4,0.522,-13.815,0,0,0.0341,95.209,0.136,7
0.106,0.5760000000000001,199667,0.494,0,0.174,10,0.13,-12.242,0,54,0.0605,96.478,0.5870000000000001,3
0.991,0.255,231653,0.13,0,0.00114,5,0.594,-13.763,1,2,0.0358,80.426,0.327,10
0.163,0.7929999999999999,285571,0.698,0,0.145,11,0.0745,-3.626,1,68,0.104,130.017,0.339,2
0.195,0.443,349160,0.669,0,0.073,2,0.0949,-7.631,1,41,0.0275,180.195,0.341,3
0.119,0.536,229040,0.612,0,0.0,4,0.209,-5.847,1,73,0.272,86.76799999999999,0.57,2
0.938,0.406,219040,0.177,0,7.8e-05,5,0.121,-11.218,1,56,0.035,112.853,0.447,1
0.885,0.647,159733,0.271,0,5.71e-06,0,0.158,-16.334,1,14,0.0361,111.563,0.39,6
0.799,0.377,210827,0.115,0,0.000407,7,0.107,-20.196,0,35,0.0366,71.837,0.112,4
0.948,0.424,85000,0.0421,0,0.782,2,0.113,-24.15,0,41,0.0329,92.404,0.379,4
0.258,0.328,231667,0.6559999999999999,0,0.0,6,0.0804,-11.574000000000002,0,35,0.0578,154.05,0.35200000000000004,4
0.0277,0.711,235067,0.924,1,0.267,4,0.194,-8.857000000000003,0,38,0.12,95.033,0.7509999999999999,3
0.941,0.583,179267,0.0621,0,0.00119,7,0.123,-18.466,1,5,0.0388,105.144,0.369,7
0.14800000000000002,0.624,141360,0.6829999999999999,0,2.05e-05,2,0.192,-13.309,1,21,0.0282,135.921,0.971,4
0.122,0.485,228013,0.799,0,0.0054,5,0.33,-5.886,1,53,0.029,111.012,0.468,2
0.317,0.5670000000000001,169467,0.765,0,0.0,1,0.14,-4.107,0,74,0.108,121.924,0.541,1
0.0194,0.477,279413,0.711,0,0.000955,4,0.081,-13.03,0,40,0.0492,167.085,0.682,4
0.88,0.615,223227,0.292,0,0.000789,11,0.173,-13.552,1,0,0.0451,113.813,0.843,8
0.000731,0.585,313027,0.888,0,0.303,11,0.0897,-9.801,1,31,0.0288,121.251,0.732,3
0.98,0.275,213229,0.0527,0,0.959,3,0.131,-23.881,1,0,0.046,80.28,0.505,7
0.966,0.366,186907,0.205,0,0.0,5,0.229,-11.507,1,0,0.0292,94.52,0.5,8
5.79e-05,0.502,278480,0.68,0,0.33,2,0.507,-10.438,1,55,0.029,102.252,0.573,3
0.409,0.722,587347,0.385,0,1.32e-06,1,0.112,-13.436,1,15,0.904,119.136,0.498,9
0.988,0.234,253893,0.0138,0,0.83,8,0.106,-30.699,0,43,0.0487,91.085,0.0344,4
0.0813,0.5329999999999999,223200,0.665,0,1.86e-05,5,0.332,-5.6320000000000014,1,47,0.0317,80.975,0.212,2
0.00139,0.634,202293,0.947,0,0.905,10,0.0693,-7.7429999999999986,0,22,0.0315,129.322,0.955,5
0.812,0.626,313387,0.267,0,0.882,9,0.111,-13.962,1,45,0.0301,109.191,0.142,2
0.172,0.691,259000,0.5770000000000001,0,0.0,1,0.0732,-6.992000000000001,1,38,0.0512,123.056,0.466,2
0.0297,0.476,177307,0.949,0,2.7e-05,2,0.287,-4.916,1,26,0.0425,155.72,0.835,4
0.624,0.464,436427,0.353,0,0.0,1,0.915,-13.201,1,23,0.128,206.11900000000003,0.794,6
0.899,0.422,188733,0.203,0,0.0003,8,0.147,-14.473,1,8,0.0578,90.238,0.625,9
0.0865,0.755,96200,0.225,1,0.0,9,0.254,-14.97,0,0,0.961,79.425,0.393,10
0.8640000000000001,0.0644,643267,0.0287,0,0.948,8,0.118,-29.808000000000003,1,61,0.0398,71.859,0.0378,3
0.0578,0.31,402933,0.393,0,0.31,0,0.1,-14.392,1,31,0.0409,172.97799999999995,0.0671,5
0.905,0.594,141760,0.35100000000000003,0,0.0,2,0.192,-10.185,1,6,0.0466,119.376,0.728,7
0.979,0.5770000000000001,170490,0.27,0,2.22e-06,10,0.168,-10.53,0,0,0.219,89.70299999999996,0.9,8
0.395,0.632,208160,0.591,0,0.0,10,0.0797,-13.322,1,42,0.0502,141.702,0.536,4
0.995,0.583,164645,0.0407,0,0.13699999999999998,2,0.0893,-14.936,0,0,0.171,73.33,0.73,7
0.0238,0.8740000000000001,214460,0.713,0,0.000692,6,0.11,-8.732000000000001,0,41,0.289,143.189,0.917,2
0.319,0.542,175400,0.915,0,5.34e-05,9,0.171,-9.637,1,67,0.0549,159.81,0.92,3
0.348,0.72,177040,0.5379999999999999,0,0.0,10,0.0654,-8.874,1,70,0.0455,80.096,0.805,3
0.6709999999999999,0.378,212453,0.518,0,0.0714,11,0.343,-11.251,0,28,0.0573,117.81,0.29600000000000004,6
0.952,0.455,195240,0.179,0,0.00056,1,0.106,-12.938,1,55,0.0389,73.69800000000002,0.12,1
0.00014099999999999998,0.185,241227,0.969,0,0.0321,8,0.3670000000000001,-7.4129999999999985,1,44,0.0612,191.822,0.4370000000000001,3
0.919,0.35600000000000004,80240,0.386,0,0.000271,8,0.097,-5.083,1,0,0.0299,136.44799999999998,0.338,7
0.945,0.726,152200,0.142,0,0.0,7,0.166,-14.832,0,12,0.0488,100.465,0.6679999999999999,7
0.18,0.8,245827,0.721,0,0.0,7,0.194,-8.935,1,54,0.103,123.293,0.684,2
0.991,0.578,195027,0.4,0,0.938,3,0.329,-13.133,0,0,0.0447,123.735,0.887,8
0.0392,0.8140000000000001,226413,0.73,0,0.00333,6,0.343,-8.876,0,48,0.149,123.494,0.6459999999999999,2
0.116,0.274,549107,0.399,0,0.0,1,0.0792,-8.652000000000001,1,44,0.0424,80.877,0.267,1
0.00128,0.436,195480,0.942,0,0.0013800000000000002,10,0.406,-3.447,1,44,0.0516,134.98,0.444,1
0.945,0.453,548000,0.245,0,0.7879999999999999,2,0.217,-16.317,1,16,0.051,87.728,0.297,7
0.0828,0.732,177670,0.856,0,0.0,11,0.32299999999999995,-2.2,0,77,0.0929,145.034,0.7709999999999999,1
0.946,0.561,247133,0.262,0,0.0,8,0.443,-10.198,1,0,0.127,115.155,0.503,7
0.000787,0.368,72840,0.878,0,0.617,6,0.215,-7.417000000000002,0,30,0.0373,160.314,0.963,5
0.8640000000000001,0.299,189907,0.305,0,0.0485,8,0.0968,-11.368,1,25,0.0307,49.92,0.142,7
0.848,0.612,173653,0.166,0,0.00139,4,0.125,-13.974,0,44,0.041,124.433,0.35600000000000004,3
0.7090000000000001,0.591,301400,0.752,0,0.000219,5,0.128,-11.405,0,47,0.0445,179.81099999999995,0.967,3
0.37,0.536,157307,0.378,0,0.0,7,0.134,-12.085,1,30,0.029,113.266,0.63,4
0.0325,0.596,297467,0.81,0,0.125,0,0.0937,-9.09,1,37,0.0367,126.317,0.57,4
0.0621,0.5820000000000001,254867,0.54,0,0.0,1,0.17800000000000002,-11.021,1,55,0.0321,94.955,0.433,3
0.378,0.642,223200,0.75,0,1.33e-05,0,0.139,-7.318,1,40,0.0313,123.813,0.795,2
0.995,0.45,152612,0.191,0,0.182,0,0.196,-18.875,1,0,0.0406,82.62299999999998,0.6809999999999999,8
0.988,0.422,190267,0.647,0,0.974,4,0.172,-8.647,1,0,0.0496,70.479,0.6809999999999999,8
0.0606,0.939,157645,0.632,1,0.00136,1,0.101,-2.978,1,65,0.13699999999999998,133.97899999999998,0.364,1
0.333,0.816,203827,0.892,0,0.000298,1,0.305,-4.999,1,43,0.264,126.165,0.8540000000000001,1
0.142,0.589,226480,0.6809999999999999,0,5.44e-05,0,0.794,-8.833,1,46,0.0454,90.373,0.823,5
1.3699999999999998e-05,0.0993,164200,0.942,0,0.000573,7,0.255,-9.186,1,26,0.0819,161.874,0.154,4
0.691,0.635,151760,0.189,0,0.155,4,0.0817,-15.914,1,8,0.0301,142.485,0.612,6
0.564,0.366,146053,0.35,0,0.0,4,0.281,-17.313,1,64,0.0629,175.864,0.851,3
0.892,0.7609999999999999,182933,0.371,0,0.853,4,0.0791,-10.908,0,52,0.0403,98.989,0.8640000000000001,1
0.53,0.665,561453,0.615,1,5.75e-06,6,0.5529999999999999,-7.292000000000002,0,42,0.317,144.89700000000005,0.341,2
0.0113,0.58,246533,0.718,0,0.00102,2,0.0815,-9.035,1,51,0.0266,102.734,0.462,3
0.957,0.391,282067,0.228,0,0.961,0,0.0793,-12.348,1,0,0.0371,74.40100000000002,0.25,8
0.277,0.635,211413,0.496,1,0.00634,9,0.081,-8.857999999999997,1,62,0.0338,141.863,0.733,1
0.98,0.414,123667,0.252,0,0.8959999999999999,6,0.109,-19.248,0,0,0.0273,84.838,0.516,10
0.000968,0.34700000000000003,185133,0.911,0,0.0165,2,0.0775,-7.0360000000000005,1,47,0.0603,159.41,0.425,5
0.00811,0.785,260560,0.5720000000000001,1,0.0,11,0.111,-9.383,1,59,0.0859,140.032,0.477,1
0.128,0.182,130773,0.913,0,0.0223,11,0.476,-7.06,1,26,0.0448,192.032,0.482,5
0.199,0.6459999999999999,200787,0.606,0,0.0,5,0.162,-13.854,1,29,0.0297,97.487,0.947,4
0.4920000000000001,0.672,176091,0.457,1,0.0,9,0.184,-10.647,1,64,0.205,86.71700000000001,0.596,1
0.158,0.459,219933,0.97,0,0.00483,8,0.476,-6.16,1,39,0.0583,103.505,0.282,4
0.971,0.547,68053,0.257,0,0.823,0,0.0974,-14.952,1,0,0.0622,209.055,0.505,8
0.992,0.388,182137,0.112,0,0.00028700000000000004,9,0.303,-14.733,1,0,0.111,56.076,0.316,8
0.913,0.542,46387,0.28800000000000003,0,0.00176,0,0.132,-19.379,1,1,0.134,114.151,0.617,7
0.21600000000000005,0.575,205000,0.596,0,0.0,4,0.107,-9.704,1,37,0.0251,93.828,0.614,3
0.7879999999999999,0.5489999999999999,163640,0.7509999999999999,0,0.000302,4,0.22,-7.213999999999999,0,21,0.031,125.838,0.616,6
0.0305,0.616,309638,0.684,1,0.0,7,0.376,-6.032,1,65,0.311,179.503,0.312,1
0.67,0.718,129533,0.5579999999999999,0,7.35e-06,1,0.425,-7.724,1,8,0.0394,104.445,0.687,7
0.00908,0.8640000000000001,124033,0.7290000000000001,1,0.0,2,0.105,-4.621,1,68,0.275,101.991,0.285,1
0.019,0.342,236267,0.873,0,2.2e-05,5,0.16399999999999998,-3.152,0,42,0.0414,168.74,0.85,2
0.187,0.75,195213,0.76,0,0.0,1,0.0548,-4.836,1,69,0.198,183.817,0.893,1
0.0924,0.841,294870,0.927,0,0.884,11,0.14,-5.891,0,47,0.0369,134.409,0.935,4
0.135,0.71,307533,0.901,0,0.0022,2,0.218,-7.317,0,46,0.0342,126.602,0.913,2
0.281,0.376,374733,0.26,0,0.0,2,0.13,-13.368,1,26,0.0306,152.0,0.234,5
0.772,0.568,321373,0.0985,0,1.18e-06,11,0.0917,-15.643,1,50,0.0322,132.77,0.194,3
0.992,0.327,228667,0.309,0,0.915,7,0.0873,-17.764,1,0,0.0318,135.10399999999998,0.31,8
0.98,0.116,133667,0.0825,0,0.96,4,0.068,-22.917,1,26,0.0402,93.785,0.0373,4
0.2,0.892,293227,0.593,0,0.000339,0,0.0996,-9.429,0,53,0.0405,120.979,0.867,4
0.677,0.583,175227,0.464,0,0.0,0,0.0678,-7.2429999999999986,1,60,0.0267,103.106,0.604,2
0.987,0.501,134627,0.177,0,0.9,7,0.0816,-13.708,0,9,0.0273,95.882,0.085,7
0.5329999999999999,0.51,161138,0.537,1,0.0,4,0.185,-11.297,0,52,0.0823,67.9,0.67,1
0.774,0.596,225254,0.191,1,2.9e-06,2,0.0622,-12.623,0,53,0.0326,75.786,0.374,1
0.463,0.61,238413,0.69,0,0.0409,11,0.0842,-7.157,1,51,0.0378,118.038,0.462,1
0.0505,0.6609999999999999,478707,0.838,0,6.47e-05,8,0.119,-8.787,0,34,0.0466,128.93,0.362,3
0.344,0.6659999999999999,195400,0.475,0,7.82e-05,2,0.0555,-15.644,1,23,0.0349,102.634,0.68,4
0.887,0.318,217254,0.304,0,5e-05,0,0.102,-6.674,1,51,0.0267,91.9,0.426,2
0.321,0.313,255387,0.491,0,1.82e-06,9,0.0863,-7.939,1,46,0.0387,178.262,0.243,2
0.00118,0.26,241293,0.921,0,0.4920000000000001,1,0.292,-8.648,0,47,0.103,99.465,0.285,5
0.0831,0.7440000000000001,249840,0.67,0,0.0,5,0.184,-5.305,1,38,0.0298,119.706,0.856,4
0.00366,0.274,184467,0.535,0,5.15e-05,2,0.0553,-10.354,1,23,0.0545,205.61,0.472,5
0.00655,0.321,207573,0.7040000000000001,0,0.0,0,0.205,-5.105,1,30,0.04,90.06200000000004,0.638,4
0.918,0.609,169173,0.632,0,4.09e-05,3,0.258,-6.171,0,34,0.0428,74.839,0.597,7
0.48,0.35,203787,0.59,0,0.395,10,0.259,-11.337,1,34,0.0682,134.72899999999998,0.799,8
0.978,0.401,672520,0.0236,0,0.579,6,0.102,-18.749,0,60,0.035,110.519,0.163,2
0.993,0.754,178557,0.14,0,0.00113,1,0.163,-10.197,0,0,0.436,128.109,0.688,8
0.00181,0.748,284267,0.523,0,0.00123,1,0.0567,-11.793,1,46,0.0977,80.84100000000002,0.7929999999999999,5
0.0117,0.586,187880,0.27,0,0.757,11,0.0943,-13.168,0,45,0.0363,134.819,0.227,5
0.0574,0.613,259067,0.447,0,0.521,5,0.185,-12.246,0,37,0.0276,109.528,0.6779999999999999,3
0.975,0.237,193027,0.22,0,0.8,0,0.108,-10.24,1,43,0.0307,126.061,0.0663,3
0.205,0.633,106600,0.343,1,0.0,5,0.395,-16.215999999999998,0,0,0.948,168.16299999999995,0.608,7
0.202,0.742,256250,0.7090000000000001,0,0.0,0,0.318,-5.8679999999999986,1,55,0.0354,119.918,0.906,1
0.7,0.772,112000,0.228,0,0.0,9,0.224,-21.362,0,0,0.953,70.773,0.66,10
0.58,0.682,295733,0.5720000000000001,0,0.0,0,0.997,-7.345,1,36,0.136,134.519,0.892,5
0.0588,0.753,194413,0.499,0,0.0,11,0.119,-7.8,1,55,0.0775,145.219,0.5579999999999999,1
0.743,0.285,283529,0.297,0,0.0,9,0.138,-9.259,0,60,0.0339,103.653,0.156,1
0.34,0.823,189867,0.556,1,0.00121,5,0.084,-5.882999999999999,0,67,0.118,142.0,0.879,0
0.72,0.62,128040,0.443,0,0.0,2,0.049,-6.771,1,46,0.0359,127.02,0.419,2
0.0217,0.755,202887,0.617,0,0.0,9,0.0625,-5.144,1,89,0.182,193.896,0.745,0
0.613,0.08,96173,0.0569,0,0.836,10,0.206,-35.066,0,0,0.0392,81.465,0.0363,8
0.025,0.7959999999999999,245640,0.82,0,1.44e-05,8,0.0788,-3.096,1,58,0.0357,126.03,0.885,1
0.16899999999999998,0.759,240187,0.599,0,0.000946,8,0.0369,-9.504,1,47,0.0395,97.29,0.895,4
0.867,0.529,193093,0.226,0,0.0,10,0.32,-12.832,1,5,0.0733,93.472,0.5,7
0.000976,0.435,108867,0.977,0,0.33,4,0.329,-6.021,0,26,0.0746,147.996,0.464,4
0.934,0.192,145320,0.218,0,0.0535,0,0.16899999999999998,-15.603,0,24,0.0368,183.065,0.32,6
0.98,0.275,178067,0.0476,0,5.25e-06,7,0.127,-24.606,0,0,0.0477,92.984,0.0399,7
0.0126,0.401,370312,0.544,0,0.0448,6,0.145,-13.893,1,51,0.0392,77.17,0.513,5
0.604,0.77,34867,0.308,0,0.0,9,0.0839,-12.181,1,40,0.0827,95.925,0.732,4
0.585,0.738,193422,0.687,0,0.0277,0,0.118,-10.037,1,10,0.0525,125.897,0.502,6
0.142,0.525,165347,0.61,0,2.75e-06,2,0.593,-13.056,1,33,0.0798,138.27,0.674,4
0.0041,0.377,262453,0.7759999999999999,0,0.267,3,0.109,-8.707,0,31,0.0355,141.168,0.419,4
0.992,0.4270000000000001,209640,0.0736,0,0.81,1,0.52,-21.81,0,0,0.0799,97.64,0.383,7
0.0148,0.5479999999999999,280333,0.68,0,0.000949,9,0.0877,-8.675,0,50,0.0474,148.494,0.851,4
0.35,0.6629999999999999,157880,0.815,0,0.0,5,0.128,-8.059,1,46,0.0332,132.186,0.952,2
0.273,0.6679999999999999,177400,0.77,0,2e-06,10,0.07,-6.822,1,41,0.0407,93.274,0.897,3
0.616,0.36,290787,0.505,0,0.0,11,0.326,-5.485,1,54,0.0314,69.126,0.382,2
0.21600000000000005,0.565,299547,0.631,0,0.00144,9,0.986,-12.62,0,28,0.245,77.363,0.713,5
0.906,0.397,157000,0.12,0,0.0,0,0.0694,-11.783,1,9,0.0336,109.354,0.145,7
0.79,0.737,217827,0.2,0,0.00614,5,0.0573,-14.259,0,5,0.0359,108.732,0.277,7
0.0138,0.499,206480,0.843,1,0.0,6,0.124,-2.224,1,52,0.113,127.932,0.5329999999999999,1
0.586,0.708,381960,0.24,0,4.04e-05,9,0.111,-18.458,1,27,0.256,111.133,0.35600000000000004,5
0.0006190000000000001,0.31,241227,0.991,1,0.0,1,0.11,-2.927,0,42,0.488,76.372,0.187,1
0.0343,0.5760000000000001,194173,0.865,0,5.320000000000001e-05,0,0.252,-3.2880000000000003,1,57,0.0407,119.913,0.535,1
0.191,0.345,223427,0.575,0,0.0126,7,0.0984,-7.572,1,40,0.0293,170.095,0.517,3
0.337,0.397,279467,0.557,0,0.0,8,0.124,-7.484,1,41,0.0893,83.654,0.386,2
0.988,0.6970000000000001,175078,0.233,0,0.0008210000000000001,1,0.277,-13.129,1,0,0.0535,128.907,0.8220000000000001,9
0.397,0.411,376467,0.407,0,0.000938,0,0.696,-11.41,1,24,0.037000000000000005,114.373,0.34,5
0.358,0.5710000000000001,327000,0.682,0,0.0,2,0.8540000000000001,-8.061,1,39,0.132,158.123,0.82,3
0.85,0.31,170692,0.312,0,4.51e-05,0,0.325,-9.321,1,31,0.0269,90.169,0.256,6
0.995,0.21600000000000005,107973,0.028,0,0.901,7,0.685,-27.208,1,0,0.037000000000000005,70.043,0.321,8
0.127,0.431,255640,0.895,0,0.00691,9,0.975,-14.512,1,35,0.398,74.86399999999998,0.47,4
0.7290000000000001,0.675,169933,0.213,0,0.000122,7,0.0887,-13.595,1,16,0.0793,153.835,0.59,9
0.594,0.614,179067,0.809,0,0.0,4,0.246,-4.771,1,52,0.0488,149.97,0.79,2
0.107,0.722,172813,0.757,0,2.0600000000000006e-05,9,0.217,-7.917999999999997,0,46,0.0636,113.991,0.483,4
0.607,0.578,193933,0.598,0,0.0,0,0.101,-11.071,1,5,0.0417,125.047,0.764,6
0.401,0.6990000000000001,392960,0.77,0,0.00993,2,0.242,-13.584,1,35,0.07400000000000001,118.432,0.769,4
0.917,0.66,154107,0.259,0,0.000155,5,0.0582,-11.539,1,9,0.0592,77.095,0.6709999999999999,9
0.995,0.625,170478,0.073,0,0.0114,7,0.355,-9.824,1,0,0.311,76.808,0.804,8
0.995,0.4320000000000001,167602,0.419,0,0.833,7,0.386,-11.865,1,2,0.0845,106.275,0.596,9
0.132,0.684,195440,0.77,0,0.00103,7,0.16899999999999998,-4.734,1,47,0.0283,123.221,0.797,3
0.76,0.455,177600,0.526,0,0.00275,8,0.0929,-14.078,1,43,0.0328,170.9,0.924,5
0.345,0.7140000000000001,227867,0.528,0,0.851,6,0.109,-10.223,1,49,0.0365,151.499,0.721,2
0.041,0.474,290533,0.862,0,0.0,0,0.42,-10.511,1,36,0.106,143.856,0.627,4
0.8540000000000001,0.482,241827,0.153,0,2.05e-05,0,0.0934,-16.535999999999998,1,35,0.0459,138.719,0.331,3
0.000148,0.509,209427,0.929,0,0.107,7,0.0461,-4.997,1,45,0.0474,91.043,0.556,2
0.21,0.487,180293,0.89,0,0.0026,0,0.6990000000000001,-9.656,1,21,0.059,88.596,0.66,5
0.954,0.482,229107,0.166,0,0.903,0,0.16699999999999998,-18.126,1,15,0.0879,97.355,0.313,6
0.568,0.6890000000000001,288667,0.545,0,0.0,9,0.051,-19.024,1,43,0.0427,101.324,0.92,5
0.99,0.29,187237,0.131,0,0.893,11,0.113,-15.607,1,0,0.0456,72.008,0.134,9
0.994,0.392,206707,0.299,0,0.126,8,0.139,-11.175999999999998,0,0,0.0409,102.409,0.424,9
0.0376,0.595,238267,0.715,1,0.00203,6,0.12,-8.315,1,48,0.031,95.701,0.8490000000000001,3
0.995,0.159,424667,0.0896,0,0.92,4,0.058,-21.128,0,42,0.0446,88.906,0.0538,3
0.48,0.495,286187,0.851,1,0.0,0,0.14800000000000002,-5.322,1,46,0.259,82.48299999999998,0.418,1
0.00363,0.263,323827,0.977,0,0.7190000000000001,2,0.254,-4.059,1,28,0.17,163.458,0.426,5
0.747,0.674,144760,0.419,0,0.0,7,0.0797,-12.413,0,53,0.268,150.131,0.87,5
0.996,0.624,96133,0.265,0,0.6,7,0.263,-14.901,1,0,0.109,63.776,0.899,7
0.395,0.49,194107,0.631,0,0.0,7,0.0645,-4.386,1,55,0.0335,85.898,0.7959999999999999,1
0.5479999999999999,0.569,415040,0.444,0,3.2899999999999987e-05,10,0.119,-10.097,1,63,0.0373,71.426,0.515,1
0.959,0.518,191493,0.0137,0,0.0387,2,0.0974,-20.773000000000003,0,5,0.101,112.849,0.197,7
0.215,0.613,225707,0.162,0,0.00202,2,0.119,-16.929000000000002,1,29,0.0307,66.006,0.314,5
0.419,0.583,201344,0.769,0,0.0,8,0.0988,-4.859,0,71,0.159,179.86900000000003,0.785,0
0.986,0.109,327573,0.0693,0,0.931,8,0.13,-21.196,1,47,0.0388,58.869,0.0411,3
0.624,0.17600000000000002,116905,0.416,0,0.664,5,0.48,-12.686,1,29,0.0517,88.117,0.41,5
0.472,0.444,185600,0.644,0,0.00102,11,0.13699999999999998,-6.819,1,47,0.136,187.438,0.8690000000000001,2
0.17800000000000002,0.7190000000000001,235347,0.693,0,1.57e-06,0,0.24,-5.783,0,45,0.0318,145.06,0.7659999999999999,2
0.000374,0.421,311560,0.795,0,0.00044,10,0.354,-5.035,1,42,0.0331,74.815,0.342,3
0.924,0.314,180773,0.156,0,1.17e-06,2,0.273,-15.2,0,13,0.0409,153.24200000000005,0.22,6
0.973,0.284,194093,0.242,0,0.894,0,0.325,-13.078,1,0,0.0453,75.455,0.645,9
0.8370000000000001,0.489,268440,0.327,0,6.61e-06,2,0.105,-12.414,1,32,0.0367,110.969,0.29,4
0.106,0.63,257093,0.9,0,0.0,2,0.331,-5.547999999999999,1,47,0.232,165.923,0.769,1
0.18600000000000005,0.552,302253,0.608,0,0.0,1,0.125,-5.29,0,47,0.0259,134.05,0.17,1
0.732,0.409,238133,0.799,0,0.765,2,0.644,-4.333,0,47,0.0483,124.334,0.624,5
0.0655,0.66,209800,0.922,0,1.58e-05,4,0.0986,-3.464,1,39,0.0534,149.045,0.972,3
0.985,0.385,184707,0.159,0,0.726,5,0.195,-11.428,0,0,0.0531,81.057,0.161,9
0.000431,0.688,158693,0.725,1,0.000393,2,0.416,-8.032,1,43,0.29100000000000004,95.018,0.56,3
0.69,0.64,1386188,0.273,0,0.0,10,0.0943,-14.283,0,0,0.5489999999999999,105.149,0.281,7
0.0534,0.512,249500,0.812,0,0.0,1,0.092,-4.809,1,61,0.0617,100.02,0.521,1
0.0201,0.588,390787,0.748,0,0.0563,1,0.8959999999999999,-8.082,1,32,0.0383,136.697,0.503,4
0.85,0.7070000000000001,152227,0.502,0,0.0,0,0.14300000000000002,-12.836,1,34,0.0392,124.904,0.953,6
0.217,0.687,281027,0.695,0,0.00806,7,0.0569,-8.95,1,50,0.032,133.134,0.884,5
0.757,0.285,171507,0.304,0,0.0,0,0.332,-9.74,0,5,0.0448,207.591,0.5760000000000001,7
0.4970000000000001,0.711,262493,0.8270000000000001,0,0.000254,11,0.0822,-10.809,1,55,0.0331,133.157,0.964,1
0.742,0.672,168733,0.688,0,0.00122,2,0.045,-10.419,0,5,0.0679,173.953,0.97,7
0.882,0.3720000000000001,163733,0.486,0,0.0016600000000000002,3,0.17,-9.526,1,45,0.0417,145.0,0.385,6
0.0273,0.8640000000000001,225333,0.596,0,0.0,9,0.181,-5.603,0,55,0.251,122.139,0.72,1
0.959,0.455,138587,0.455,0,0.0103,5,0.165,-9.131,1,0,0.0363,123.478,0.54,9
0.175,0.629,263933,0.5710000000000001,0,0.00515,2,0.0903,-10.764,1,57,0.0267,133.708,0.535,3
0.5820000000000001,0.425,270840,0.242,0,1.62e-05,6,0.0994,-14.082,1,36,0.0293,98.84,0.29100000000000004,6
0.7759999999999999,0.488,206947,0.168,0,5.59e-06,7,0.36,-11.669,1,7,0.0441,111.532,0.457,7
0.946,0.622,159573,0.182,0,0.0,9,0.0843,-13.887,0,30,0.0633,91.879,0.302,9
0.000437,0.341,381400,0.862,0,0.563,2,0.218,-4.256,1,31,0.032,84.42,0.29,3
0.909,0.604,180373,0.202,0,0.0,10,0.258,-14.777,1,8,0.29600000000000004,202.128,0.8220000000000001,7
0.939,0.667,179227,0.102,0,0.7140000000000001,5,0.182,-20.013,1,4,0.0536,85.01700000000002,0.447,9
0.00398,0.342,180813,0.782,0,0.0,9,0.263,-10.095,1,20,0.0599,103.205,0.353,6
0.7240000000000001,0.8009999999999999,153800,0.298,0,0.0,10,0.051,-11.248,1,15,0.0336,111.852,0.4970000000000001,7
0.915,0.639,240200,0.295,0,0.937,5,0.113,-13.137,1,5,0.0504,117.717,0.551,7
0.804,0.531,300560,0.392,0,5.12e-05,3,0.27,-12.606,0,27,0.0641,143.27700000000004,0.455,5
0.6659999999999999,0.659,240610,0.364,0,1.52e-05,7,0.139,-13.356,1,36,0.0405,102.946,0.544,7
0.315,0.4320000000000001,198627,0.247,0,0.0,4,0.246,-13.58,1,35,0.0324,130.535,0.0934,5
0.00393,0.529,204773,0.923,0,0.0,2,0.333,-4.166,1,49,0.0764,143.034,0.64,2
0.21,0.762,214903,0.8390000000000001,1,0.0,9,0.275,-4.676,1,57,0.307,122.047,0.197,1
0.455,0.768,150973,0.64,0,7.03e-06,9,0.0461,-10.073,1,46,0.0653,117.031,0.906,2
0.271,0.745,293067,0.468,0,0.00224,0,0.114,-13.994000000000002,1,41,0.0527,81.905,0.8909999999999999,5
0.976,0.526,210120,0.0708,0,0.00127,4,0.108,-25.78,0,20,0.0309,95.389,0.395,6
0.6779999999999999,0.691,225840,0.439,0,0.000335,0,0.127,-10.378,1,36,0.0284,114.991,0.425,4
0.992,0.541,196171,0.466,0,0.8859999999999999,10,0.336,-14.914,0,0,0.0471,102.07,0.608,8
0.89,0.309,112627,0.141,0,0.0,3,0.151,-13.17,1,5,0.0511,83.55,0.33,8
0.0452,0.851,181509,0.6729999999999999,1,0.0,1,0.314,-5.405,1,65,0.257,120.973,0.7759999999999999,1
0.746,0.426,134960,0.6729999999999999,0,2.4e-05,10,0.6779999999999999,-9.143,0,31,0.0441,146.173,0.595,6
0.809,0.601,160173,0.294,0,0.499,5,0.129,-20.909,1,41,0.0313,87.03399999999998,0.779,6
0.98,0.63,194293,0.333,0,1.07e-05,5,0.499,-7.1679999999999975,1,0,0.192,80.089,0.89,8
0.852,0.397,159027,0.289,0,1.86e-06,2,0.152,-8.535,0,23,0.0395,95.611,0.344,7
0.33,0.515,191086,0.541,0,0.0,7,0.0708,-5.914,1,44,0.0634,150.28,0.57,2
0.00914,0.935,229360,0.745,0,0.0,7,0.116,-6.391,1,51,0.0431,103.691,0.518,2
0.873,0.603,30000,0.7759999999999999,0,0.00232,6,0.28800000000000003,-8.949,1,0,0.0339,117.028,0.6509999999999999,9
0.28,0.843,180493,0.48,0,0.000782,11,0.108,-11.574000000000002,0,64,0.0492,101.993,0.762,5
0.007390000000000002,0.847,137595,0.573,1,0.0149,0,0.0845,-6.032,1,72,0.253,99.919,0.332,1
0.000629,0.846,273880,0.6509999999999999,1,0.0,7,0.058,-10.007,1,41,0.334,83.02,0.721,2
0.954,0.442,76107,0.309,0,0.0273,1,0.109,-12.23,1,5,0.0491,91.364,0.173,7
0.000868,0.775,324413,0.743,0,0.0721,0,0.177,-8.794,1,51,0.0306,125.612,0.649,2
0.00923,0.5379999999999999,214733,0.721,0,5.600000000000001e-05,4,0.051,-9.177,1,38,0.0793,106.329,0.563,4
0.991,0.469,173413,0.285,0,0.000265,7,0.136,-11.355,0,0,0.194,177.733,0.84,10
0.000311,0.306,225067,0.926,1,0.000644,1,0.0776,-2.754,0,61,0.0912,158.47,0.483,1
0.993,0.504,220560,0.129,0,0.8959999999999999,9,0.127,-20.853,1,8,0.0539,122.597,0.5760000000000001,8
0.378,0.588,212933,0.6559999999999999,0,0.00227,3,0.042,-6.3729999999999976,1,60,0.0224,79.70100000000002,0.746,4
0.227,0.595,164000,0.47,0,0.0,7,0.334,-12.938,1,44,0.03,157.207,0.935,3
0.969,0.613,99840,0.146,0,0.0,5,0.175,-23.586,1,8,0.415,97.712,0.6,7
0.35,0.926,199853,0.916,1,6.17e-06,10,0.0234,-2.221,0,68,0.0929,110.007,0.904,2
0.0916,0.775,196827,0.621,0,0.0,0,0.147,-10.265,1,29,0.035,110.602,0.939,4
0.0224,0.466,332105,0.882,0,0.0264,4,0.342,-8.962,0,52,0.0442,132.086,0.502,2
0.379,0.643,223400,0.8370000000000001,0,8.76e-06,0,0.18,-4.535,1,45,0.0316,123.777,0.787,1
0.977,0.52,196394,0.15,0,0.248,5,0.128,-13.23,1,0,0.0435,127.434,0.27,9
0.948,0.328,85827,0.525,0,0.941,5,0.198,-14.025,1,0,0.0458,79.851,0.266,8
0.97,0.464,194480,0.321,0,0.87,7,0.153,-13.651,1,0,0.0462,128.069,0.58,8
0.278,0.619,125900,0.368,0,0.0,11,0.449,-14.067,0,1,0.959,172.324,0.4970000000000001,7
0.501,0.525,309333,0.31,0,0.00114,5,0.203,-15.582,0,25,0.0331,91.213,0.706,6
0.0469,0.376,181333,0.6679999999999999,0,0.884,0,0.14400000000000002,-5.0360000000000005,1,21,0.0334,114.048,0.4970000000000001,7
0.6729999999999999,0.537,194960,0.285,0,0.000108,0,0.0882,-13.398,1,15,0.039,148.255,0.617,6
0.972,0.325,171800,0.0725,0,0.0034200000000000003,7,0.152,-19.037,1,11,0.0328,76.887,0.192,7
0.0623,0.403,312440,0.458,0,2.68e-05,4,0.0815,-10.765999999999998,1,35,0.0269,76.487,0.223,3
0.00853,0.459,315587,0.935,0,0.000176,6,0.171,-10.083,0,42,0.0423,119.111,0.778,3
0.726,0.679,282067,0.513,0,0.0455,4,0.0627,-8.024,0,32,0.0396,100.891,0.885,5
0.769,0.7709999999999999,136907,0.552,0,7.07e-06,1,0.16899999999999998,-4.727,1,0,0.185,82.89200000000002,0.962,8
0.977,0.607,173733,0.4970000000000001,0,2.15e-05,7,0.447,-13.207,1,0,0.0675,93.834,0.8640000000000001,7
0.42,0.8490000000000001,218413,0.6,0,8.72e-06,6,0.108,-5.682,0,56,0.0319,110.02,0.965,1
0.486,0.551,150640,0.293,0,0.000273,2,0.0864,-12.503,1,69,0.0272,106.798,0.322,6
0.0286,0.49,81827,0.726,0,0.6679999999999999,6,0.131,-7.977,0,48,0.0962,129.983,0.157,1
0.955,0.239,373840,0.193,0,0.000718,6,0.277,-14.728,1,0,0.0396,84.94200000000002,0.0449,7
0.977,0.126,493129,0.0886,0,5.91e-05,5,0.173,-25.431,0,19,0.0481,78.01899999999998,0.0369,6
0.191,0.343,167893,0.984,1,0.0,10,0.35100000000000003,-3.341,0,48,0.14800000000000002,166.105,0.5329999999999999,3
0.693,0.669,360093,0.471,0,0.00248,2,0.151,-12.83,1,38,0.0288,106.68,0.608,4
0.61,0.561,282693,0.754,0,0.0194,9,0.328,-12.769,0,70,0.112,100.08,0.642,5
0.104,0.643,225667,0.624,0,0.0,0,0.0923,-10.93,1,26,0.0464,132.062,0.735,5
0.142,0.7,142969,0.46,1,4.81e-05,4,0.111,-8.111,0,74,0.0661,151.901,0.28600000000000003,1
0.927,0.758,102200,0.187,0,0.1,2,0.122,-18.963,1,34,0.0437,115.75,0.78,5
0.767,0.713,123126,0.244,1,0.00435,6,0.101,-15.639,0,66,0.101,119.993,0.199,1
0.758,0.325,223893,0.201,0,0.0,6,0.0977,-11.595,0,66,0.0282,81.869,0.172,1
0.852,0.579,192200,0.237,0,3.43e-06,0,0.135,-9.776,1,34,0.028,125.287,0.354,3
0.309,0.604,289800,0.905,0,0.0632,4,0.0837,-7.059,0,65,0.0578,147.44799999999995,0.723,5
0.0507,0.963,274440,0.643,1,4.94e-05,1,0.157,-5.785,0,72,0.117,107.005,0.534,2
0.092,0.54,311800,0.981,0,0.00353,4,0.991,-3.463,1,35,0.0461,123.275,0.934,4
0.993,0.385,147213,0.11,0,0.934,4,0.127,-17.834,0,0,0.0362,82.98200000000001,0.111,8
0.988,0.442,205473,0.0884,0,0.00105,3,0.393,-10.925,1,0,0.0663,67.935,0.399,9
0.0228,0.6920000000000001,333380,0.6609999999999999,1,0.000168,0,0.101,-9.611,1,50,0.381,155.94299999999996,0.135,1
0.0534,0.512,249500,0.812,0,0.0,1,0.092,-4.809,1,70,0.0617,100.02,0.521,1
0.7340000000000001,0.72,137867,0.34600000000000003,0,3.87e-06,9,0.156,-11.584,1,14,0.0442,106.624,0.815,7
0.255,0.6709999999999999,144267,0.773,0,0.0,7,0.341,-2.005,1,46,0.0515,116.518,0.691,2
0.784,0.247,184907,0.526,0,8.66e-06,9,0.0778,-9.657,0,43,0.0322,101.1,0.259,5
0.924,0.304,261627,0.122,0,0.922,2,0.128,-19.912,1,38,0.0402,139.709,0.245,3
0.994,0.321,122027,0.0394,0,0.914,8,0.106,-23.356,0,49,0.0349,62.229,0.0384,2
0.932,0.5710000000000001,321200,0.149,0,0.0423,7,0.1,-18.943,1,23,0.0398,106.538,0.369,6
0.983,0.615,192693,0.0881,0,0.0206,7,0.0791,-13.44,0,0,0.0541,87.084,0.513,10
0.6970000000000001,0.757,180107,0.28600000000000003,0,0.00277,1,0.0718,-14.962,0,24,0.032,97.194,0.715,5
0.00358,0.7390000000000001,232893,0.8140000000000001,0,0.264,3,0.0476,-10.442,0,38,0.0435,121.51,0.868,4
0.958,0.104,210640,0.245,0,0.87,10,0.416,-12.152,1,20,0.035,57.93899999999999,0.129,7
0.354,0.645,147520,0.39,0,0.0,7,0.0532,-9.95,1,20,0.0325,113.896,0.498,4
0.0323,0.606,319133,0.636,0,0.0297,3,0.2,-8.347000000000001,0,38,0.0261,119.571,0.513,4
0.727,0.732,223133,0.314,0,0.00528,0,0.268,-11.633,0,55,0.0532,116.968,0.636,2
0.948,0.682,197240,0.188,0,0.93,0,0.0916,-15.076,1,37,0.0418,144.623,0.452,6
0.0353,0.805,86333,0.626,1,3.64e-06,11,0.0597,-7.742000000000001,1,34,0.0694,106.991,0.965,3
0.578,0.523,268000,0.483,0,0.0,2,0.812,-10.509,1,40,0.038,135.173,0.667,5
0.996,0.523,141787,0.00743,0,0.901,11,0.105,-37.501,1,46,0.0517,66.46,0.268,2
0.962,0.784,176000,0.386,0,0.909,7,0.395,-5.619,1,0,0.0505,116.328,0.8170000000000001,9
0.83,0.389,193547,0.262,0,0.00393,5,0.218,-13.983,0,41,0.0476,176.00099999999995,0.687,7
0.146,0.775,208960,0.578,0,0.0,7,0.17600000000000002,-9.069,1,41,0.0745,110.644,0.7929999999999999,4
0.327,0.662,252373,0.941,0,0.0,6,0.218,-4.05,0,49,0.0883,131.045,0.7979999999999999,5
0.955,0.691,61893,0.0722,0,0.0,10,0.0899,-18.96,1,0,0.539,116.53,0.644,8
0.00096,0.83,288053,0.8170000000000001,0,0.000677,4,0.112,-6.539,0,44,0.077,107.908,0.622,4
0.206,0.63,417853,0.596,0,0.7709999999999999,5,0.125,-11.2,0,51,0.0379,139.991,0.882,3
0.122,0.416,132707,0.316,0,0.0,6,0.295,-9.973,0,13,0.0311,116.041,0.687,6
0.657,0.452,213333,0.4970000000000001,0,0.0,4,0.688,-9.064,0,25,0.0356,98.814,0.456,7
0.634,0.633,189253,0.306,0,0.0,7,0.517,-11.699000000000002,1,37,0.0593,120.588,0.85,6
0.196,0.7140000000000001,196427,0.8740000000000001,0,0.03,0,0.326,-3.802,1,46,0.0353,90.287,0.868,2
5.97e-06,0.438,234293,0.799,0,0.0387,9,0.0789,-11.437,1,39,0.0361,183.893,0.701,4
0.657,0.415,162120,0.463,0,1.57e-06,9,0.159,-9.339,1,48,0.0355,171.608,0.665,5
0.385,0.6709999999999999,172747,0.551,1,2.75e-05,7,0.471,-10.809,0,59,0.0499,79.459,0.8320000000000001,1
0.16399999999999998,0.691,182533,0.561,0,0.154,7,0.133,-10.204,1,30,0.0284,127.355,0.865,6
0.968,0.205,170000,0.129,0,0.946,7,0.101,-18.197,1,35,0.0595,136.871,0.29600000000000004,6
0.741,0.343,227267,0.602,0,2.58e-06,2,0.15,-7.557,1,42,0.054000000000000006,146.127,0.528,5
0.428,0.163,228533,0.14,0,0.955,4,0.0999,-19.712,0,51,0.0373,169.38099999999997,0.18,4
0.0141,0.542,160941,0.585,0,0.213,3,0.0929,-9.3,1,49,0.0474,170.046,0.337,1
0.239,0.561,336836,0.8420000000000001,0,0.412,2,0.0768,-7.518,0,22,0.0566,111.209,0.843,5
0.0857,0.6990000000000001,300427,0.841,0,3.53e-05,2,0.294,-7.911,1,47,0.0431,137.38,0.815,2
0.00196,0.326,114587,0.884,0,1.51e-06,7,0.332,-4.449,1,23,0.0997,136.815,0.487,5
0.941,0.633,188056,0.348,0,0.000406,4,0.0742,-12.168,0,0,0.0618,133.644,0.8009999999999999,8
0.722,0.584,118240,0.762,0,0.0,0,0.32299999999999995,-8.65,1,23,0.0544,146.371,0.861,6
0.0008119999999999999,0.691,227333,0.795,0,1.02e-06,1,0.156,-4.021,0,64,0.0355,133.971,0.8759999999999999,1
0.857,0.209,706787,0.211,0,0.8170000000000001,5,0.0947,-11.285,1,0,0.0354,67.333,0.21,9
0.939,0.252,17533,0.12,0,0.0,7,0.15,-28.822,1,0,0.0495,171.199,0.477,7
0.107,0.848,283053,0.698,1,0.0,10,0.174,-5.73,0,54,0.338,94.066,0.6970000000000001,3
0.994,0.452,336693,0.0523,0,0.922,9,0.1,-27.557,1,1,0.0547,79.161,0.18,8
0.898,0.224,159920,0.0146,0,7.77e-06,10,0.174,-31.031,1,43,0.0342,90.886,0.0384,2
0.989,0.246,171933,0.123,0,0.0152,10,0.075,-13.937,1,19,0.0323,84.15799999999999,0.231,9
0.282,0.603,402667,0.343,0,0.0,10,0.207,-13.727,1,3,0.0423,117.506,0.8109999999999999,7
0.0366,0.421,291147,0.82,0,0.000291,7,0.0714,-6.416,0,26,0.0324,161.957,0.802,4
0.94,0.29100000000000004,351627,0.0648,0,0.93,10,0.345,-22.707,1,40,0.0342,111.826,0.34700000000000003,4
0.816,0.591,127160,0.508,0,0.0,10,0.179,-6.5870000000000015,1,15,0.0343,76.517,0.589,6
0.0531,0.639,249427,0.938,0,0.0,2,0.617,-2.729,1,54,0.0433,112.012,0.8859999999999999,1
0.42,0.589,95709,0.484,0,0.0385,7,0.109,-11.613,1,70,0.0742,139.998,0.0726,1
0.0287,0.398,248427,0.843,0,0.281,0,0.441,-4.849,1,27,0.0393,80.294,0.5539999999999999,5
0.0256,0.416,216400,0.721,0,6.11e-05,4,0.141,-6.222,1,55,0.0366,103.96,0.354,2
0.371,0.684,237440,0.7140000000000001,0,4.25e-06,7,0.187,-3.708,1,42,0.0371,136.225,0.981,3
0.995,0.638,208579,0.173,0,0.124,9,0.163,-10.872,1,0,0.448,87.631,0.748,8
0.474,0.602,155667,0.487,0,0.0,9,0.0879,-10.086,1,30,0.0941,104.781,0.809,6
0.00945,0.7120000000000001,291587,0.908,0,1.49e-06,9,0.0778,-7.557,1,32,0.116,113.371,0.32299999999999995,4
0.274,0.64,220200,0.446,0,0.000154,8,0.0598,-11.348,1,24,0.0265,133.338,0.547,5
0.989,0.466,199520,0.208,0,0.8140000000000001,8,0.232,-12.615,1,0,0.0537,78.317,0.768,9
0.504,0.701,46533,0.535,0,1.04e-06,9,0.182,-14.798,0,39,0.8809999999999999,70.74600000000002,0.398,3
0.000219,0.334,263067,0.8959999999999999,0,0.234,2,0.109,-5.369,1,58,0.0509,159.996,0.231,1
0.665,0.6459999999999999,234893,0.385,0,0.0,2,0.09,-12.626,1,20,0.0266,81.435,0.362,4
0.245,0.669,224027,0.52,0,0.00535,8,0.126,-10.136,1,60,0.0345,104.812,0.634,5
0.949,0.364,134133,0.00491,0,0.04,5,0.149,-21.887,1,12,0.0439,121.347,0.219,7
0.83,0.479,150573,0.16399999999999998,0,7.879999999999999e-05,2,0.174,-17.705,1,27,0.0351,135.80200000000002,0.353,4
0.936,0.336,203000,0.0879,0,0.0,9,0.104,-15.059,0,15,0.0453,70.585,0.15,8
0.957,0.6559999999999999,193053,0.112,0,3.6e-05,0,0.151,-19.134,0,42,0.0465,92.438,0.503,7
0.838,0.581,239800,0.157,0,3.54e-05,2,0.103,-16.908,1,50,0.0692,80.074,0.473,5
0.99,0.309,216453,0.0506,0,0.171,1,0.804,-21.062,0,0,0.0349,77.222,0.14,8
0.0371,0.764,196520,0.705,0,1.94e-05,3,0.0943,-5.279,0,83,0.0278,101.003,0.672,1
0.983,0.127,253067,0.0222,0,0.843,2,0.13,-34.86,1,0,0.0349,79.214,0.0392,8
0.168,0.4270000000000001,269560,0.616,0,0.0,8,0.0638,-9.937,0,42,0.5379999999999999,191.335,0.69,5
0.731,0.711,95578,0.258,1,0.0,0,0.258,-18.459,1,0,0.6990000000000001,111.648,0.484,7
0.0468,0.735,244400,0.6509999999999999,0,0.0,2,0.16699999999999998,-5.4689999999999985,1,50,0.0353,97.388,0.8029999999999999,1
0.16699999999999998,0.6,169042,0.421,0,0.0,0,0.102,-9.676,0,39,0.0335,78.469,0.183,6
0.775,0.425,587520,0.399,0,0.00108,11,0.155,-12.447,0,15,0.0675,79.442,0.142,6
0.7959999999999999,0.121,274800,0.173,0,0.983,10,0.158,-21.308000000000003,1,9,0.0455,56.203,0.267,7
0.389,0.573,189213,0.62,0,0.0,9,0.155,-10.866,1,25,0.0289,150.944,0.816,4
0.00404,0.53,293800,0.7929999999999999,0,0.0,4,0.274,-9.097,0,31,0.0442,95.346,0.459,3
0.185,0.602,267600,0.885,0,0.000125,0,0.253,-6.849,1,46,0.0374,104.004,0.316,1
0.000799,0.358,244573,0.5489999999999999,0,0.00503,11,0.22,-7.843,0,66,0.0693,130.733,0.5329999999999999,1
0.225,0.5870000000000001,201707,0.767,0,0.0,0,0.112,-5.712999999999999,1,68,0.0449,100.38,0.664,2
0.961,0.256,233040,0.24,0,0.535,9,0.342,-17.484,0,33,0.0336,141.07299999999995,0.1,5
0.669,0.462,136173,0.272,0,5.06e-06,9,0.0954,-12.809,1,25,0.031,94.246,0.218,6
0.989,0.56,282840,0.0464,0,0.7190000000000001,9,0.0995,-23.44,1,27,0.0539,118.413,0.334,6
0.344,0.5870000000000001,275955,0.664,0,2.47e-05,0,0.324,-8.63,1,67,0.0645,99.8,0.453,1
0.00913,0.47,266800,0.8490000000000001,0,0.0163,1,0.106,-5.558,0,36,0.0352,130.588,0.206,3
0.339,0.457,246238,0.488,0,1.88e-05,9,0.156,-7.727,1,57,0.0302,157.94299999999996,0.493,2
0.195,0.7,251067,0.63,0,0.0,6,0.034,-3.344,1,52,0.0444,131.95,0.399,2
0.00179,0.38,186467,0.952,0,0.0,2,0.218,-4.49,1,41,0.21,151.122,0.465,2
0.000495,0.426,278213,0.792,0,5.1e-06,9,0.142,-4.709,1,62,0.0374,161.994,0.557,2
0.0136,0.772,242587,0.665,0,0.012,8,0.0905,-3.947,1,49,0.0349,115.138,0.838,2
0.431,0.748,174960,0.696,0,0.158,5,0.103,-10.806,0,25,0.0402,97.942,0.967,5
0.936,0.403,140480,0.222,0,2.29e-05,1,0.112,-9.339,1,3,0.0474,166.732,0.324,7
0.975,0.25,124867,0.102,0,0.8959999999999999,9,0.0969,-21.45,0,20,0.0348,87.809,0.158,6
0.446,0.6970000000000001,333280,0.91,0,0.281,7,0.233,-7.636,1,43,0.0704,154.855,0.866,3
0.904,0.503,160661,0.446,0,0.0,5,0.303,-6.279,1,69,0.0547,174.062,0.476,1
0.6990000000000001,0.494,284000,0.194,0,2.98e-05,0,0.0803,-8.965,1,67,0.0352,135.753,0.161,1
0.6940000000000001,0.653,140957,0.452,0,0.0,4,0.0481,-5.938,1,44,0.0593,102.736,0.962,2
0.49,0.7509999999999999,454560,0.545,0,0.000342,0,0.131,-13.429,1,30,0.0394,115.848,0.599,4
0.691,0.537,279227,0.373,0,0.000915,6,0.083,-10.081,0,71,0.0331,83.936,0.244,3
0.502,0.455,136707,0.77,0,0.0,0,0.574,-12.376,0,31,0.08900000000000001,182.748,0.471,4
0.688,0.649,188893,0.495,0,0.0,7,0.256,-11.089,1,6,0.147,106.457,0.794,6
0.0135,0.564,277477,0.774,0,0.00191,1,0.0861,-9.424,1,76,0.0368,100.894,0.657,4
0.0764,0.611,255320,0.677,0,0.0698,10,0.241,-6.745,0,58,0.034,166.04,0.233,1
0.000763,0.584,283973,0.983,1,0.302,1,0.33,-5.856,1,36,0.126,87.501,0.328,3
0.848,0.127,344467,0.0832,0,0.928,9,0.0883,-21.154,1,37,0.0382,90.955,0.0394,3
0.83,0.208,195200,0.181,0,0.904,10,0.108,-11.94,0,0,0.0307,168.22099999999998,0.11,7
0.201,0.595,239120,0.35200000000000004,0,3.08e-06,7,0.14300000000000002,-10.345,1,49,0.0293,120.006,0.139,3
0.816,0.517,170160,0.261,0,0.00016299999999999998,7,0.0863,-17.195999999999998,1,52,0.0263,89.221,0.4920000000000001,3
0.0025800000000000003,0.29600000000000004,184667,0.965,0,7.94e-05,5,0.857,-6.303,1,33,0.16699999999999998,192.754,0.593,5
0.86,0.557,123787,0.506,0,0.0,7,0.413,-11.542,1,45,0.411,95.842,0.473,3
0.946,0.556,273693,0.269,0,0.00492,5,0.0834,-12.234000000000002,1,44,0.0502,99.902,0.173,1
0.0892,0.78,274933,0.648,0,2.56e-05,0,0.368,-12.753,1,27,0.0683,118.922,0.7509999999999999,4
0.0384,0.6990000000000001,100200,0.187,1,0.0,7,0.308,-18.027,1,0,0.954,103.595,0.481,10
0.879,0.615,137760,0.265,0,8.07e-06,9,0.313,-10.037,0,4,0.0678,142.964,0.578,7
0.56,0.725,166373,0.35700000000000004,0,0.0,5,0.214,-15.591,1,30,0.0447,93.347,0.8009999999999999,3
0.0367,0.626,190218,0.738,0,0.0,9,0.263,-7.789,1,44,0.0451,148.004,0.746,1
1.17e-05,0.617,225400,0.926,1,0.0971,10,0.14300000000000002,-4.4910000000000005,1,50,0.0509,125.018,0.61,3
0.12,0.713,121200,0.29600000000000004,0,0.0,1,0.35100000000000003,-17.11,0,2,0.941,128.211,0.396,7
0.6609999999999999,0.471,186707,0.313,0,4.68e-06,2,0.0841,-13.201,1,46,0.0406,108.703,0.364,6
0.4320000000000001,0.614,167288,0.7929999999999999,0,0.0,3,0.377,-3.788,1,67,0.0721,105.228,0.748,1
0.14300000000000002,0.476,164560,0.887,0,0.861,0,0.448,-6.523,1,51,0.0794,178.08900000000003,0.365,1
0.13699999999999998,0.486,224133,0.892,0,0.48,7,0.21600000000000005,-6.251,0,45,0.0457,135.005,0.496,2
0.967,0.484,203500,0.115,0,4.48e-05,7,0.237,-19.739,1,3,0.0837,87.956,0.579,9
0.00958,0.616,234613,0.5760000000000001,0,1.97e-05,4,0.114,-4.548,0,39,0.0325,145.07299999999995,0.315,2
0.133,0.469,209583,0.785,0,1.63e-06,5,0.0931,-4.015,0,77,0.0664,89.71600000000002,0.79,0
0.976,0.54,162160,0.127,0,0.955,5,0.0913,-20.177,1,9,0.067,120.787,0.331,6
0.0279,0.458,211333,0.958,1,0.0,6,0.108,-2.331,1,66,0.0854,142.70600000000005,0.589,2
0.192,0.7140000000000001,196107,0.614,0,0.005229999999999999,0,0.35,-8.605,1,28,0.0386,107.529,0.7709999999999999,5
0.0439,0.596,249173,0.93,0,0.0773,9,0.28800000000000003,-12.126,0,54,0.0393,121.819,0.8220000000000001,3
0.235,0.522,182103,0.747,0,1.06e-05,1,0.0964,-4.789,1,59,0.0297,82.85,0.645,3
0.991,0.818,142080,0.292,0,0.622,4,0.15,-12.155,0,0,0.0629,127.994,0.7809999999999999,9
0.166,0.481,178801,0.519,0,0.0,2,0.104,-12.769,1,26,0.0503,79.878,0.7609999999999999,5
0.0115,0.457,545733,0.599,0,3.41e-06,8,0.7090000000000001,-5.693,1,47,0.0273,136.102,0.31,3
0.0862,0.609,242453,0.778,0,1.16e-05,4,0.278,-7.547999999999999,1,59,0.0485,122.614,0.853,5
0.399,0.5489999999999999,230960,0.42,0,0.0,10,0.107,-9.297,1,50,0.0309,135.487,0.234,2
0.0797,0.638,432627,0.585,0,0.229,10,0.0293,-10.594,0,32,0.0594,100.428,0.809,5
0.129,0.555,137533,0.61,0,6.27e-06,9,0.0774,-13.008,1,25,0.103,91.533,0.369,5
0.831,0.525,255427,0.483,0,0.84,5,0.89,-12.436,0,10,0.0553,112.377,0.363,7
0.015,0.312,255133,0.762,0,7.829999999999999e-05,9,0.0482,-10.209,1,24,0.0463,130.048,0.349,5
0.748,0.5,181760,0.636,0,0.084,8,0.126,-8.092,1,9,0.0415,110.106,0.8,7
0.28,0.635,132333,0.487,0,0.0,10,0.151,-10.25,1,45,0.0282,88.89299999999999,0.638,2
0.787,0.679,99591,0.391,0,0.0,7,0.0547,-13.235,1,3,0.0508,107.984,0.8690000000000001,7
0.916,0.19,370600,0.196,0,0.234,9,0.146,-14.758,1,41,0.0383,120.557,0.0443,4
0.00705,0.266,196480,0.962,0,0.0344,4,0.191,-6.126,1,39,0.117,82.265,0.508,4
0.933,0.42,239000,0.166,0,2.31e-06,5,0.179,-15.890999999999998,0,9,0.0365,128.02,0.277,7
0.415,0.693,118267,0.659,0,0.0,7,0.331,-9.439,1,23,0.0425,90.841,0.748,6
0.121,0.605,296507,0.612,0,0.00236,3,0.22,-13.399,1,52,0.0439,125.37,0.5,5
0.0305,0.436,262107,0.826,0,0.00572,11,0.128,-9.457,0,37,0.0532,99.106,0.56,5
0.613,0.644,117107,0.66,0,0.0,7,0.269,-8.513,1,39,0.0309,136.125,0.966,4
0.952,0.634,119587,0.203,0,5.4299999999999985e-05,1,0.0767,-18.258,1,11,0.0408,110.808,0.856,7
0.631,0.565,323040,0.7490000000000001,0,0.0137,7,0.532,-6.7,1,36,0.0683,111.922,0.8590000000000001,5
0.992,0.375,228736,0.099,0,0.395,0,0.195,-16.953,1,0,0.0789,75.97,0.34600000000000003,10
0.354,0.428,111525,0.685,0,3.43e-06,6,0.175,-7.678,1,29,0.113,204.357,0.8809999999999999,7
0.0393,0.647,258000,0.31,0,5.54e-06,10,0.0446,-8.979,1,39,0.0299,134.10399999999998,0.255,3
0.992,0.307,373000,0.02,0,0.935,1,0.108,-25.747,1,24,0.0397,79.57,0.0579,6
0.194,0.732,230920,0.772,1,1.54e-06,2,0.242,-6.142,0,62,0.267,123.009,0.493,1
0.154,0.59,154627,0.7979999999999999,0,0.0,0,0.0805,-6.91,1,40,0.0394,138.453,0.762,5
0.0426,0.853,246667,0.8759999999999999,1,0.00202,1,0.0548,-3.415,1,60,0.131,99.236,0.845,3
0.711,0.208,204307,0.368,0,0.0,10,0.196,-7.819,1,41,0.0341,83.897,0.415,6
0.0034,0.602,198107,0.915,0,0.0,9,0.0967,-3.62,1,61,0.0541,111.512,0.581,1
0.986,0.32299999999999995,389360,0.285,0,0.785,10,0.25,-18.26,1,3,0.035,138.813,0.398,8
0.562,0.67,149627,0.443,0,0.0,2,0.299,-8.003,1,22,0.0322,129.861,0.6990000000000001,6
0.922,0.557,218000,0.16,0,0.0007559999999999999,5,0.0996,-16.302,0,50,0.0315,136.014,0.133,3
0.934,0.727,167373,0.205,0,3.89e-05,7,0.11,-13.293,1,45,0.0508,135.539,0.72,3
0.993,0.308,208704,0.317,0,0.934,2,0.109,-12.646,0,0,0.0451,87.10799999999998,0.915,9
0.596,0.877,132240,0.365,0,3e-05,10,0.0913,-10.199,1,16,0.095,128.072,0.792,7
0.565,0.736,117333,0.75,0,3.39e-06,10,0.104,-7.592,1,11,0.0762,117.39,0.736,6
0.983,0.435,159133,0.0378,0,0.000211,8,0.103,-19.558,1,0,0.0406,137.049,0.412,8
0.516,0.145,175400,0.174,0,0.633,7,0.0784,-19.155,1,59,0.0396,100.089,0.132,3
0.002,0.609,281360,0.754,0,0.0154,1,0.0936,-7.438,1,47,0.0322,126.002,0.461,1
0.115,0.373,171960,0.809,0,2.13e-06,2,0.653,-9.189,1,59,0.0744,145.042,0.5379999999999999,5
0.0463,0.701,173267,0.371,0,0.0835,7,0.14800000000000002,-10.303,1,51,0.0907,99.537,0.86,5
0.994,0.419,142040,0.038,0,0.866,4,0.0755,-25.97,0,0,0.0353,77.8,0.121,8
0.209,0.18,286253,0.636,0,0.000133,4,0.217,-6.591,0,49,0.0438,75.632,0.39,1
0.0287,0.56,249400,0.933,0,0.438,6,0.171,-4.154,0,36,0.0658,101.683,0.8059999999999999,4
0.6609999999999999,0.471,207387,0.29600000000000004,0,0.0,1,0.0986,-11.117,1,41,0.0296,146.97299999999996,0.513,5
0.7240000000000001,0.445,199520,0.5579999999999999,0,0.00387,1,0.0815,-9.065,1,0,0.0714,147.936,0.706,7
0.129,0.555,214693,0.5529999999999999,0,0.0,0,0.0687,-6.658,1,38,0.0244,61.99800000000001,0.446,6
0.461,0.433,142400,0.134,0,1.62e-06,5,0.108,-13.925999999999998,1,30,0.0432,87.30799999999998,0.305,3
0.867,0.6559999999999999,201533,0.411,0,1.32e-06,8,0.0936,-9.043,1,31,0.033,99.024,0.241,6
0.982,0.37,172000,0.254,0,0.0,2,0.276,-19.336,0,0,0.0736,83.72,0.488,7
0.5670000000000001,0.407,291173,0.473,0,0.00155,0,0.103,-12.127,0,25,0.0565,149.17,0.685,6
0.974,0.389,206693,0.0834,0,0.0,6,0.126,-20.118,1,0,0.0631,86.665,0.4370000000000001,7
0.3670000000000001,0.612,154893,0.7879999999999999,0,0.0,0,0.382,-6.251,1,48,0.0335,129.161,0.961,6
0.34600000000000003,0.456,139500,0.816,0,0.0265,7,0.677,-6.561,1,56,0.128,89.05799999999998,0.634,1
0.978,0.153,156813,0.0581,0,0.000939,10,0.155,-23.697,1,23,0.0472,174.06,0.0904,6
3.85e-05,0.348,271133,0.939,0,1.48e-06,9,0.426,-4.659,1,48,0.0726,175.843,0.585,2
0.994,0.78,178000,0.18,0,0.00796,10,0.104,-12.35,1,0,0.0651,105.151,0.866,10
0.715,0.614,262440,0.489,0,0.279,10,0.197,-15.053,0,29,0.0421,87.064,0.8390000000000001,6
0.0127,0.6509999999999999,253693,0.522,1,0.00269,0,0.385,-10.217,1,48,0.034,104.785,0.232,3
0.994,0.73,185107,0.139,0,0.779,0,0.6829999999999999,-13.786,0,5,0.14400000000000002,107.883,0.584,10
0.276,0.6609999999999999,264933,0.828,0,1.4e-06,11,0.287,-12.673,0,37,0.039,115.078,0.902,4
0.501,0.85,135307,0.528,0,0.00114,10,0.149,-7.937,0,45,0.0324,105.396,0.924,6
0.684,0.406,223667,0.201,0,1.41e-06,2,0.105,-16.055,1,0,0.0321,73.329,0.306,9
0.233,0.272,178613,0.12,0,0.004529999999999999,6,0.0861,-15.078,1,30,0.0355,62.015,0.0624,6
0.000721,0.895,214227,0.6970000000000001,0,1.2e-06,2,0.0477,-7.675,1,40,0.25,149.931,0.5770000000000001,3
0.925,0.222,226133,0.112,0,0.00101,5,0.152,-17.122,1,23,0.0388,176.91099999999997,0.17800000000000002,6
0.34700000000000003,0.381,372813,0.589,0,0.0152,0,0.127,-11.967,0,52,0.032,112.969,0.225,3
0.562,0.389,205722,0.435,0,0.00328,10,0.133,-9.839,1,34,0.0299,117.665,0.365,5
0.937,0.8340000000000001,166394,0.242,0,0.0,6,0.139,-12.418,1,0,0.129,92.524,0.693,9
0.241,0.523,219173,0.797,0,0.278,5,0.182,-9.907,1,32,0.071,132.542,0.5670000000000001,5
0.234,0.473,231147,0.5379999999999999,0,1.12e-06,2,0.247,-13.962,1,32,0.0474,176.878,0.82,4
0.22,0.905,305413,0.6920000000000001,0,0.0,2,0.128,-14.143,1,38,0.199,111.292,0.943,4
0.258,0.6859999999999999,320528,0.609,0,0.00015,10,0.113,-11.469,0,60,0.0444,127.736,0.7190000000000001,3
0.939,0.6829999999999999,140467,0.295,0,0.805,1,0.234,-16.537,1,21,0.0377,105.546,0.748,7
0.59,0.461,242427,0.778,0,0.444,2,0.46,-10.95,0,37,0.0695,143.312,0.858,4
8.53e-06,0.493,223547,0.936,0,9.73e-05,1,0.358,-4.525,1,55,0.0331,93.501,0.6829999999999999,1
0.923,0.37,228547,0.205,0,4.05e-06,10,0.6990000000000001,-9.628,1,43,0.0315,152.859,0.462,1
0.8009999999999999,0.441,145693,0.488,0,0.0,7,0.505,-5.598,1,9,0.0309,112.05,0.633,6
0.00197,0.581,259840,0.8540000000000001,0,0.0013,1,0.111,-8.485,0,67,0.0428,131.18,0.7879999999999999,4
0.117,0.383,353027,0.659,0,0.0,4,0.0778,-5.558,1,75,0.0312,140.795,0.327,3
0.995,0.184,315427,0.00527,0,0.887,1,0.173,-37.264,0,67,0.0432,170.612,0.151,2
0.155,0.556,194827,0.7909999999999999,0,0.00018,0,0.0979,-6.069,1,35,0.0262,113.096,0.578,4
0.0769,0.8740000000000001,257067,0.767,0,0.0,6,0.0371,-4.046,1,62,0.317,106.061,0.6459999999999999,2
0.966,0.516,165027,0.26,0,0.654,0,0.382,-9.554,0,2,0.0482,86.337,0.386,9
0.387,0.693,164049,0.7959999999999999,0,0.000642,5,0.0661,-4.508,1,10,0.0398,126.657,0.969,7
0.321,0.476,273013,0.916,0,0.0,11,0.0638,-5.698,1,31,0.0619,160.28,0.632,4
0.894,0.423,275347,0.523,0,1.58e-06,0,0.105,-8.895,0,0,0.0365,163.687,0.46,7
0.625,0.599,239387,0.27,0,1.46e-06,4,0.274,-11.332,1,34,0.0281,131.743,0.35100000000000003,3
0.929,0.27,141000,0.295,0,0.625,5,0.35200000000000004,-13.545,1,18,0.0385,79.471,0.318,8
0.0299,0.682,120076,0.245,1,0.0,6,0.0765,-19.933,1,0,0.931,86.2,0.767,10
0.015,0.461,260797,0.696,0,0.000491,9,0.21,-5.752000000000002,0,59,0.0486,180.00599999999997,0.311,1
0.611,0.7859999999999999,184467,0.362,0,0.278,8,0.132,-11.517,1,16,0.0441,94.821,0.774,9
0.00162,0.467,225893,0.67,0,0.0001,7,0.195,-4.063,1,62,0.0663,146.22299999999996,0.457,2
0.937,0.254,898107,0.237,0,0.868,5,0.332,-14.233,1,0,0.0422,84.088,0.131,9
0.386,0.483,198773,0.255,0,0.0,7,0.275,-14.573,1,39,0.032,74.958,0.297,4
0.00451,0.361,317347,0.428,0,0.66,0,0.0879,-9.282,1,44,0.0306,86.884,0.125,4
0.171,0.631,126787,0.888,0,0.0433,5,0.146,-8.491,1,51,0.0375,147.82399999999996,0.925,4
0.0478,0.721,261000,0.812,0,0.000268,9,0.159,-7.601,1,48,0.0263,112.097,0.951,3
0.918,0.6629999999999999,155400,0.327,0,3.13e-06,6,0.317,-9.627,0,4,0.0717,156.131,0.755,9
0.981,0.654,96177,0.207,0,1.25e-06,5,0.65,-13.444,1,0,0.491,131.19899999999998,0.8140000000000001,9
0.8420000000000001,0.521,277600,0.0767,0,0.00253,4,0.108,-16.250999999999998,1,33,0.0366,120.823,0.281,6
0.991,0.628,174507,0.0248,0,2.94e-05,0,0.227,-21.3,0,0,0.0762,126.121,0.64,9
0.00158,0.537,219907,0.913,1,0.0,8,0.163,-4.3439999999999985,1,52,0.0374,99.969,0.578,2
0.974,0.6829999999999999,154213,0.134,0,0.0,1,0.0842,-17.694000000000006,0,0,0.0688,131.251,0.705,9
0.996,0.667,176627,0.103,0,0.885,0,0.142,-17.482,1,0,0.0626,145.958,0.657,8
0.911,0.469,81227,0.321,0,0.0,8,0.265,-7.8210000000000015,1,0,0.0649,82.85600000000002,0.51,7
0.118,0.542,292787,0.53,0,0.0,4,0.0826,-8.014,1,46,0.0255,153.814,0.466,4
0.994,0.409,185880,0.265,0,0.105,11,0.28300000000000003,-12.055,1,0,0.0677,174.38,0.638,9
0.0064,0.5660000000000001,153627,0.6679999999999999,0,0.0,9,0.228,-10.345,1,47,0.0299,117.724,0.639,2
0.963,0.157,226133,0.194,0,0.00747,2,0.316,-21.124,1,0,0.0412,95.475,0.14,8
0.994,0.29100000000000004,371093,0.0217,0,0.908,10,0.117,-26.476,0,0,0.0396,66.259,0.0491,8
0.926,0.328,256160,0.159,0,0.0,1,0.698,-14.45,1,7,0.0418,126.159,0.0594,7
0.0029,0.333,308120,0.927,0,0.000211,9,0.297,-8.55,0,76,0.0733,141.47,0.382,5
0.994,0.609,196200,0.475,0,0.247,5,0.219,-9.7,1,0,0.252,169.877,0.76,9
0.7559999999999999,0.5429999999999999,234133,0.436,0,2.26e-05,7,0.146,-8.198,1,45,0.029,143.389,0.525,2
0.257,0.62,192360,0.103,0,0.807,0,0.16699999999999998,-24.071,1,25,0.0569,109.301,0.7909999999999999,6
0.34600000000000003,0.545,232867,0.873,1,0.0,6,0.552,-8.075,1,50,0.436,170.035,0.74,3
0.00563,0.408,223013,0.848,0,0.922,1,0.128,-9.797,1,45,0.0328,165.93,0.258,2
0.58,0.737,193093,0.41,0,0.0,9,0.25,-11.088,1,44,0.0353,104.647,0.397,3
0.484,0.579,204320,0.536,0,5.400000000000001e-05,9,0.0937,-10.035,0,56,0.0388,81.868,0.67,5
0.355,0.856,270893,0.755,0,0.000621,10,0.145,-5.691,1,63,0.0331,123.883,0.8420000000000001,2
0.0467,0.5760000000000001,220013,0.593,0,0.000767,9,0.237,-6.024,0,69,0.0306,157.993,0.373,1
0.482,0.912,282907,0.596,1,0.000369,6,0.107,-9.959,1,46,0.451,90.463,0.816,3
0.743,0.561,135893,0.181,0,6.41e-06,7,0.103,-15.705,1,26,0.128,82.035,0.248,5
0.8490000000000001,0.496,185573,0.336,0,0.0,10,0.0962,-9.552,1,17,0.0546,134.276,0.46,7
0.994,0.547,78333,0.132,0,0.865,5,0.069,-19.848,1,20,0.04,61.542,0.191,7
0.007909999999999999,0.62,176507,0.85,1,0.0,9,0.0769,-4.096,1,48,0.0327,107.982,0.715,2
0.928,0.415,260040,0.129,0,0.575,1,0.241,-16.8,0,11,0.0336,87.055,0.13,7
0.989,0.319,307074,0.268,0,0.835,9,0.119,-18.733,1,35,0.0385,137.518,0.17800000000000002,3
0.973,0.25,643773,0.23,0,4.54e-06,4,0.408,-19.486,0,0,0.0641,76.172,0.115,7
0.992,0.228,175867,0.0735,0,0.937,10,0.138,-22.13300000000001,0,0,0.0463,63.476000000000006,0.21600000000000005,7
0.682,0.398,196413,0.202,0,0.0,2,0.172,-9.888,1,32,0.0522,77.00399999999998,0.301,5
0.995,0.6940000000000001,186688,0.278,0,0.383,0,0.14,-10.102,0,0,0.146,68.922,0.63,7
0.482,0.308,417800,0.514,0,0.0515,9,0.12,-12.571,1,29,0.0522,101.914,0.21,4
0.88,0.276,175719,0.258,0,3.24e-05,0,0.155,-9.135,1,7,0.0278,88.781,0.305,8
0.00301,0.471,177280,0.924,0,0.0,8,0.313,-3.906,1,77,0.0586,154.961,0.725,1
0.6859999999999999,0.743,75973,0.463,0,0.0,6,0.263,-8.987,1,47,0.0272,113.132,0.8109999999999999,2
0.974,0.546,213760,0.0821,0,0.00217,3,0.104,-19.952,0,16,0.0423,120.005,0.37,7
0.146,0.189,272427,0.5660000000000001,0,4.19e-05,4,0.16899999999999998,-13.255,1,20,0.0526,167.023,0.362,5
0.193,0.792,336526,0.568,0,0.0006349999999999999,4,0.14300000000000002,-9.373,0,29,0.105,111.729,0.545,5
0.988,0.16899999999999998,514440,0.0976,0,0.976,0,0.102,-18.291,1,51,0.0443,75.664,0.0249,2
0.6920000000000001,0.375,443933,0.332,0,0.00227,0,0.101,-18.095,0,13,0.0743,178.862,0.621,6
0.758,0.637,178907,0.383,0,2.71e-06,0,0.0641,-10.436,1,18,0.042,101.412,0.962,6
0.992,0.613,173306,0.172,0,0.615,6,0.202,-16.015,0,0,0.446,174.013,0.8759999999999999,8
0.76,0.211,301800,0.29,0,0.322,0,0.171,-11.869000000000002,0,43,0.033,175.42700000000005,0.17800000000000002,5
0.959,0.308,905560,0.149,0,0.7809999999999999,2,0.0963,-18.146,0,0,0.0422,91.907,0.244,8
0.0568,0.7190000000000001,267067,0.79,0,0.0,2,0.0573,-8.002,1,38,0.0521,103.751,0.846,5
0.985,0.782,181000,0.171,0,0.00904,8,0.162,-15.233,1,0,0.223,124.942,0.723,9
0.0157,0.525,158187,0.858,0,0.000517,0,0.0696,-5.291,1,26,0.182,145.987,0.833,5
0.114,0.614,204693,0.525,0,4.07e-06,5,0.158,-9.446,1,25,0.0286,89.596,0.606,6
0.0225,0.222,363293,0.971,0,0.6890000000000001,2,0.97,-6.987,1,25,0.0915,92.487,0.494,4
0.213,0.726,222133,0.506,0,3.32e-05,10,0.332,-12.77,1,52,0.0239,96.5,0.72,3
0.303,0.35,156333,0.173,0,0.02,1,0.198,-20.266,0,28,0.123,156.929,0.429,5
0.977,0.397,160840,0.141,0,1.75e-06,0,0.138,-14.56,0,0,0.0476,35.734,0.4,8
0.421,0.733,141747,0.397,0,0.0,0,0.124,-8.652000000000001,1,25,0.0496,130.159,0.855,7
0.00328,0.426,284495,0.917,0,0.0119,8,0.4920000000000001,-7.675,0,39,0.0344,139.437,0.43,4
0.852,0.743,203987,0.431,0,0.0073700000000000015,2,0.14300000000000002,-8.624,1,48,0.0437,88.572,0.585,5
0.254,0.626,186347,0.6709999999999999,0,0.0,5,0.0718,-9.551,1,42,0.0289,95.546,0.889,5
0.8640000000000001,0.229,532947,0.208,0,0.8490000000000001,8,0.102,-17.883,1,4,0.0416,132.885,0.158,8
0.0025800000000000003,0.586,262388,0.887,0,0.0,7,0.993,-5.709,0,54,0.0868,128.016,0.401,2
0.981,0.6,172267,0.246,0,0.7979999999999999,5,0.396,-15.538,0,31,0.0514,98.211,0.7440000000000001,9
0.011,0.411,196240,0.877,0,0.0020800000000000003,7,0.175,-6.9529999999999985,1,24,0.046,175.634,0.768,5
0.948,0.406,1015173,0.179,0,0.198,2,0.138,-16.384,1,2,0.0451,104.166,0.215,9
0.31,0.703,202435,0.669,1,0.0,11,0.115,-7.002000000000002,0,58,0.0648,115.139,0.546,1
0.324,0.733,169600,0.622,1,0.0,6,0.165,-7.689,0,64,0.14,143.934,0.7290000000000001,1
0.908,0.488,198481,0.72,0,7.329999999999999e-05,3,0.628,-7.62,1,0,0.266,75.82300000000002,0.757,7
0.0627,0.7040000000000001,196013,0.7559999999999999,0,0.0,9,0.114,-3.922,0,60,0.14,136.024,0.447,1
0.773,0.755,148733,0.523,0,0.00113,7,0.191,-12.045,1,34,0.165,126.734,0.883,3
0.972,0.449,192027,0.308,0,0.5770000000000001,2,0.335,-10.559,0,0,0.09,119.026,0.669,9
0.972,0.7140000000000001,1613429,0.212,0,0.0005200000000000001,11,0.115,-15.359000000000002,1,0,0.85,129.089,0.433,9
0.996,0.7490000000000001,182600,0.196,0,0.696,8,0.118,-14.67,1,1,0.146,99.218,0.778,7
0.861,0.569,140120,0.477,0,0.000485,9,0.0644,-6.577000000000001,1,54,0.0277,132.423,0.552,1
0.92,0.0702,162680,0.0341,0,0.0672,7,0.0728,-19.27,1,42,0.0433,77.768,0.0333,2
0.218,0.457,224638,0.621,1,0.0,10,0.0944,-5.922999999999999,1,78,0.138,85.359,0.634,0
0.324,0.7340000000000001,187440,0.7290000000000001,0,9.24e-05,2,0.447,-11.913,1,29,0.0366,97.594,0.978,4
0.928,0.421,354493,0.0846,0,7.17e-06,1,0.114,-16.625999999999998,1,34,0.0392,96.744,0.154,7
0.989,0.54,193747,0.175,0,0.00267,4,0.222,-7.26,0,0,0.0519,79.55199999999998,0.478,8
0.419,0.433,175923,0.7609999999999999,0,0.72,11,0.326,-9.229,0,38,0.0383,130.755,0.7290000000000001,4
0.237,0.754,208653,0.51,0,0.0,4,0.3,-12.671,1,0,0.0566,125.961,0.757,7
0.0921,0.723,214587,0.653,1,0.25,0,0.0881,-6.319,1,56,0.0347,125.444,0.193,1
0.0842,0.429,192267,0.949,0,0.0,0,0.154,-5.295,1,50,0.0458,184.286,0.967,4
0.249,0.28,1967400,0.78,0,6.06e-05,3,0.254,-9.031,1,25,0.0732,107.655,0.655,6
0.987,0.469,92173,0.0338,0,0.621,6,0.17600000000000002,-27.559,1,5,0.0542,88.64200000000002,0.184,7
0.955,0.466,170280,0.214,0,5.58e-05,1,0.138,-16.377,0,0,0.0606,167.521,0.491,9
0.92,0.605,181253,0.416,0,0.0486,7,0.459,-10.903,0,0,0.134,164.497,0.8140000000000001,8
0.117,0.456,148973,0.8079999999999999,0,0.966,2,0.7390000000000001,-12.707,1,9,0.0374,131.063,0.961,6
0.000825,0.6409999999999999,235240,0.696,0,0.000336,4,0.116,-12.697,0,27,0.03,117.058,0.6709999999999999,5
0.7040000000000001,0.506,187320,0.58,0,0.0399,6,0.105,-7.069,0,9,0.0445,127.852,0.812,7
0.00662,0.34600000000000003,159893,0.897,0,0.0,4,0.11,-3.478,1,41,0.0646,160.756,0.92,2
0.996,0.501,64920,0.0159,0,0.957,0,0.0968,-37.048,1,15,0.0601,115.078,0.294,8
0.98,0.266,145573,0.0389,0,0.922,2,0.142,-26.999,1,28,0.0364,64.018,0.215,4
0.63,0.447,154000,0.674,0,0.947,4,0.219,-8.762,1,23,0.0349,137.129,0.97,5
0.7190000000000001,0.691,129867,0.767,0,0.0,4,0.0735,-10.178,1,14,0.0492,87.633,0.9,7
0.00543,0.476,251267,0.667,0,0.654,9,0.0491,-11.164,1,28,0.0589,130.143,0.24,4
0.622,0.591,265307,0.672,0,0.0,5,0.112,-3.515,1,73,0.0375,139.939,0.267,1
0.563,0.632,196120,0.495,0,0.0,6,0.0801,-7.934,1,58,0.0293,85.944,0.522,1
0.66,0.509,662027,0.703,0,0.000376,5,0.867,-9.907,0,17,0.16399999999999998,99.457,0.736,6
0.962,0.298,143200,0.21600000000000005,0,0.665,2,0.21,-24.465,1,0,0.0429,173.926,0.238,8
0.82,0.618,237333,0.262,0,0.866,9,0.107,-24.976,0,44,0.141,180.913,0.0382,4
0.168,0.522,277667,0.711,0,6.01e-05,0,0.0541,-11.59,1,28,0.0582,102.378,0.767,4
0.745,0.7829999999999999,233405,0.545,0,0.0,0,0.139,-5.346,0,44,0.0283,96.725,0.8220000000000001,4
0.00863,0.329,123973,0.949,1,1.19e-06,0,0.179,-2.92,1,21,0.0866,114.153,0.225,4
0.884,0.281,585717,0.263,0,0.624,0,0.221,-12.815,1,21,0.0351,79.80199999999998,0.103,6
0.0548,0.57,300147,0.5539999999999999,0,0.0,9,0.139,-9.732,0,59,0.0288,122.135,0.3720000000000001,4
0.8809999999999999,0.535,157333,0.16,0,0.0,7,0.0961,-13.225,1,37,0.152,112.477,0.403,6
0.698,0.7290000000000001,181987,0.507,0,0.0,0,0.26,-4.94,1,67,0.0486,154.92600000000004,0.961,1
0.0512,0.478,310933,0.812,0,0.000104,2,0.0902,-8.368,1,34,0.0754,125.652,0.387,5
0.105,0.675,213598,0.414,0,0.0,5,0.192,-6.507999999999999,1,69,0.0569,128.92700000000002,0.439,1
0.8109999999999999,0.547,182867,0.445,0,0.000154,2,0.13699999999999998,-13.672,1,28,0.0277,76.9,0.541,3
0.00202,0.563,207373,0.8320000000000001,0,0.0,9,0.684,-5.672999999999999,1,36,0.0384,123.529,0.546,2
0.696,0.294,202200,0.449,0,0.0,1,0.0699,-9.336,1,52,0.0343,164.77900000000002,0.273,3
0.415,0.578,215671,0.588,1,0.0,0,0.114,-4.92,0,63,0.255,79.17399999999998,0.3,1
0.4970000000000001,0.431,467800,0.586,0,0.00201,10,0.16,-8.077,1,55,0.0773,126.134,0.262,2
0.989,0.5589999999999999,185973,0.266,0,0.847,0,0.448,-9.804,1,4,0.0512,101.279,0.5760000000000001,10
0.941,0.275,163067,0.0701,0,0.000101,10,0.193,-18.327,1,18,0.0361,72.751,0.128,8
0.0995,0.616,173827,0.899,0,2.86e-06,8,0.108,-10.276,1,24,0.0654,104.193,0.8390000000000001,5
0.977,0.37,138213,0.218,0,0.872,5,0.0898,-19.16,1,0,0.0321,87.932,0.411,10
0.157,0.563,466507,0.528,0,0.00212,8,0.5770000000000001,-12.589,1,37,0.0273,104.013,0.391,3
0.22,0.503,199800,0.62,0,2.29e-06,0,0.0778,-7.265,0,38,0.0364,156.243,0.736,2
0.982,0.322,58133,0.113,0,0.944,0,0.179,-23.538,1,0,0.0367,68.086,0.575,7
0.139,0.664,172733,0.547,0,1.79e-06,9,0.239,-11.594,1,63,0.0281,132.94299999999998,0.964,5
0.0742,0.317,182520,0.361,0,0.0,8,0.102,-7.627999999999999,1,63,0.0483,77.589,0.209,2
0.505,0.659,173200,0.41,0,0.0,0,0.368,-19.0,1,0,0.919,94.159,0.523,7
0.174,0.836,224133,0.547,1,4.760000000000001e-05,6,0.125,-8.245,0,43,0.205,139.732,0.422,1
0.0961,0.552,220000,0.581,0,6.31e-06,9,0.0978,-6.521,1,61,0.0315,81.98700000000002,0.0703,1
0.992,0.18,79840,0.177,0,0.877,2,0.114,-27.237,0,22,0.0494,174.113,0.586,6
0.0229,0.53,180067,0.968,1,0.0,11,0.419,-3.582,0,44,0.0744,139.24200000000002,0.396,2
0.995,0.634,175573,0.435,0,0.8809999999999999,7,0.204,-12.422,0,7,0.0474,121.516,0.84,10
0.114,0.74,221400,0.5760000000000001,1,0.0,8,0.0963,-7.4860000000000015,0,56,0.3670000000000001,96.355,0.763,2
0.953,0.4320000000000001,265667,0.132,0,0.792,9,0.0597,-17.343,0,0,0.0748,142.746,0.47,9
0.772,0.713,140813,0.507,0,0.0,10,0.213,-9.829,1,17,0.0353,125.895,0.8690000000000001,7
0.282,0.69,186253,0.5760000000000001,0,0.0,10,0.109,-8.577,1,49,0.0368,126.914,0.988,3
0.255,0.901,196076,0.3720000000000001,1,0.000277,5,0.301,-10.378,0,42,0.124,122.067,0.532,3
0.00466,0.431,204787,0.908,0,0.0,11,0.0693,-3.732,0,50,0.0388,172.16400000000004,0.317,2
0.989,0.381,167627,0.0229,0,0.989,8,0.101,-20.827,1,2,0.0397,117.444,0.253,7
0.674,0.293,378960,0.275,0,3.81e-05,2,0.0862,-15.639,1,30,0.0358,95.092,0.127,6
0.993,0.645,138133,0.0864,0,0.0,3,0.121,-18.553,1,0,0.0451,70.645,0.504,10
0.7,0.468,187413,0.561,0,0.0371,9,0.13699999999999998,-9.468,0,24,0.0336,105.516,0.581,6
0.654,0.561,615360,0.241,0,0.0249,5,0.688,-20.703000000000007,0,10,0.0431,99.975,0.705,7
0.28600000000000003,0.561,197299,0.597,0,0.0,11,0.0979,-6.0,0,78,0.0405,76.82600000000002,0.355,1
0.0516,0.491,426240,0.8190000000000001,0,0.000153,6,0.522,-6.622000000000001,0,41,0.0324,117.548,0.599,3
0.99,0.397,186224,0.133,0,0.0437,8,0.649,-16.085,1,0,0.141,81.032,0.439,8
0.96,0.484,194000,0.0474,0,0.67,7,0.104,-16.235,1,46,0.0336,69.416,0.139,7
0.898,0.274,163293,0.313,0,0.0,5,0.146,-11.828,1,12,0.0307,75.919,0.335,6
0.669,0.501,171867,0.389,0,0.0165,8,0.0975,-10.113,1,4,0.029,136.8,0.491,7
0.00103,0.451,173000,0.794,0,0.0,8,0.204,-4.303,1,37,0.115,169.785,0.557,2
0.251,0.63,101700,0.17600000000000002,1,0.0,0,0.1,-18.319000000000006,1,0,0.955,168.801,0.584,8
0.992,0.6679999999999999,204840,0.493,0,0.861,0,0.275,-6.937,1,1,0.0622,149.46,0.8220000000000001,10
0.0382,0.6970000000000001,216440,0.807,1,0.0,6,0.471,-3.049,0,63,0.0587,127.01,0.732,1
0.023,0.741,190613,0.937,1,0.0,7,0.111,-3.906,1,39,0.274,140.07,0.604,2
0.261,0.6609999999999999,248858,0.562,0,2.41e-06,10,0.16399999999999998,-9.011,0,51,0.0399,92.014,0.929,3
0.255,0.833,219000,0.613,0,0.0,9,0.0537,-7.0429999999999975,1,45,0.0457,81.044,0.67,3
0.969,0.339,310867,0.386,0,0.0004730000000000001,1,0.7490000000000001,-12.009,1,2,0.0625,78.27,0.368,9
0.975,0.46,193853,0.54,0,0.000152,3,0.159,-6.186,1,0,0.0369,127.071,0.6459999999999999,7
0.94,0.647,148467,0.0958,0,0.0,0,0.257,-13.022,0,0,0.0304,97.717,0.5,8
0.612,0.626,268945,0.215,0,0.0,2,0.366,-18.825,1,0,0.963,80.055,0.438,9
0.00374,0.333,233267,0.7040000000000001,0,0.0,6,0.0848,-5.528,1,46,0.0378,166.155,0.203,1
0.00658,0.472,393480,0.772,0,5.65e-05,5,0.132,-5.928,1,40,0.0316,139.993,0.6,2
0.34600000000000003,0.715,524133,0.337,0,0.0,1,0.202,-16.555,1,15,0.943,124.168,0.519,8
0.173,0.8220000000000001,206987,0.7440000000000001,0,7.08e-05,9,0.0692,-6.096,1,51,0.0938,94.039,0.748,2
0.843,0.473,234773,0.332,0,0.0,10,0.0853,-12.51,1,48,0.0426,121.326,0.435,4
0.99,0.304,219760,0.195,0,0.0051,5,0.14300000000000002,-14.944,1,0,0.0367,63.853,0.108,7
0.8909999999999999,0.209,195973,0.334,0,0.893,10,0.13699999999999998,-7.9860000000000015,1,2,0.0299,78.232,0.0586,7
0.0149,0.547,286493,0.868,0,0.149,1,0.0666,-6.375,1,49,0.0408,130.102,0.8,4
0.197,0.277,206429,0.672,0,0.935,0,0.423,-12.582,1,62,0.0901,150.588,0.505,5
0.978,0.16399999999999998,575587,0.106,0,0.908,1,0.086,-18.921,1,0,0.0399,76.441,0.0389,8
0.914,0.5820000000000001,224560,0.121,0,0.0,7,0.109,-14.469,1,41,0.0289,85.337,0.168,4
0.0923,0.7809999999999999,271493,0.628,1,0.00146,6,0.227,-5.765,0,52,0.0689,122.024,0.362,1
0.168,0.746,259240,0.585,0,0.0,4,0.264,-5.937,0,68,0.0491,182.018,0.948,1
0.948,0.0721,163067,0.00792,0,0.405,9,0.0861,-39.438,1,11,0.0511,78.193,0.0356,6
