6.709999999999999e-05,0.447,169013,0.979,0,0.0,5,0.316,-3.742,1,59,0.0565,133.685,0.633,3
0.0038,0.754,355093,0.78,0,0.0022600000000000003,1,0.0595,-5.801,0,40,0.0299,120.143,0.923,3
0.969,0.509,332493,0.129,0,0.25,10,0.0872,-17.685,0,0,0.0587,135.72299999999998,0.653,8
0.971,0.203,173533,0.0895,0,0.0213,2,0.108,-19.755,0,52,0.0404,173.451,0.115,3
0.274,0.248,238040,0.324,0,0.00946,9,0.113,-10.878,1,53,0.03,135.786,0.122,4
0.86,0.523,196056,0.394,1,0.0,3,0.105,-10.184,1,59,0.366,141.606,0.264,1
0.157,0.342,161533,0.237,0,0.00013700000000000002,9,0.102,-14.972,0,47,0.0284,168.759,0.0425,3
0.0433,0.621,215946,0.8809999999999999,0,0.0,0,0.401,-3.872,1,48,0.0295,104.975,0.622,1
0.98,0.443,191360,0.0349,0,0.00248,6,0.131,-15.628,1,30,0.0555,83.167,0.123,7
0.0827,0.546,245733,0.711,0,0.0,1,0.315,-9.969,1,26,0.062,99.441,0.637,4
0.00257,0.65,331427,0.972,0,0.016,0,0.428,-5.882999999999999,1,40,0.0793,115.747,0.631,3
0.7659999999999999,0.629,340493,0.311,0,0.012,10,0.303,-14.813,1,19,0.0443,95.942,0.682,6
0.343,0.5,182431,0.63,0,0.0008150000000000001,9,0.3,-11.878,0,43,0.0327,120.216,0.499,5
0.289,0.505,197200,0.403,0,0.000683,5,0.103,-14.720999999999998,1,42,0.0321,182.199,0.634,4
0.847,0.145,133000,0.141,0,0.611,0,0.111,-24.509,1,0,0.0423,151.79,0.231,8
0.055,0.765,264040,0.7020000000000001,1,0.0,1,0.119,-4.477,1,43,0.153,80.014,0.269,2
0.596,0.6659999999999999,157707,0.647,0,0.0,9,0.0532,-5.2360000000000015,1,54,0.0316,115.186,0.8220000000000001,1
0.443,0.585,279267,0.343,0,0.0,11,0.221,-15.595,1,42,0.0727,77.605,0.443,4
0.5720000000000001,0.67,188333,0.271,0,0.0,2,0.156,-15.75,1,47,0.0455,110.637,0.6459999999999999,4
0.000742,0.597,133293,0.887,0,0.0345,7,0.188,-6.584,1,48,0.0406,93.031,0.88,3
0.135,0.789,225093,0.6779999999999999,1,0.0,1,0.0738,-8.045,1,54,0.303,145.961,0.5539999999999999,1
0.534,0.41,401213,0.336,0,0.0299,0,0.622,-10.436,1,29,0.0285,135.158,0.341,5
0.991,0.343,485854,0.214,0,0.825,2,0.1,-17.539,0,0,0.0429,92.31,0.0568,7
0.0228,0.481,166040,0.882,0,0.00022,2,0.152,-5.0680000000000005,1,48,0.0407,141.721,0.718,3
0.6940000000000001,0.487,289200,0.5579999999999999,0,0.0,5,0.131,-5.604,1,48,0.0275,81.93799999999997,0.321,2
0.25,0.693,178360,0.6409999999999999,0,0.000528,0,0.0826,-9.99,1,20,0.0517,121.823,0.8859999999999999,5
0.72,0.232,224107,0.076,0,0.957,2,0.0604,-18.417,1,41,0.0526,76.373,0.0346,2
0.85,0.315,409053,0.506,0,0.0405,0,0.131,-7.282999999999999,0,46,0.0347,122.913,0.29100000000000004,5
0.993,0.732,199000,0.428,0,0.0101,8,0.361,-12.349,1,0,0.0896,117.097,0.969,9
0.458,0.677,226333,0.616,0,0.0132,10,0.349,-13.826,1,65,0.032,114.223,0.851,4
0.526,0.5,154840,0.384,0,1.68e-06,7,0.126,-9.384,1,14,0.0299,96.701,0.326,6
0.976,0.217,172867,0.113,0,0.392,8,0.58,-23.596,1,43,0.0407,99.873,0.0912,2
0.69,0.685,117347,0.287,0,0.0,7,0.279,-11.161,1,15,0.104,75.658,0.495,7
0.5379999999999999,0.555,174893,0.166,0,0.0,0,0.0565,-13.725,1,6,0.0337,130.38299999999998,0.6559999999999999,7
0.247,0.6890000000000001,234587,0.856,0,1.7e-05,0,0.0622,-5.849,1,37,0.0361,105.935,0.795,2
0.238,0.498,324040,0.723,0,0.0,10,0.353,-8.052999999999999,1,66,0.05,153.227,0.882,4
0.986,0.5589999999999999,197040,0.476,0,0.947,3,0.123,-18.577,0,0,0.5,76.977,0.7709999999999999,7
0.105,0.718,294787,0.595,0,1.03e-05,10,0.0745,-5.6320000000000014,0,59,0.263,185.025,0.634,2
0.984,0.335,222482,0.244,0,0.000382,10,0.338,-11.249,1,0,0.0366,90.308,0.14,9
0.0176,0.238,191200,0.6809999999999999,0,0.000234,2,0.108,-7.9289999999999985,0,39,0.0846,163.227,0.313,3
0.8140000000000001,0.362,128733,0.0454,0,0.0,3,0.122,-17.984,0,12,0.0366,93.877,0.0501,7
0.75,0.731,115667,0.5670000000000001,0,0.0,0,0.746,-5.238,1,0,0.0767,120.479,0.6829999999999999,7
0.423,0.609,198320,0.6779999999999999,0,0.0,5,0.13,-6.425,1,41,0.495,182.042,0.8909999999999999,2
0.607,0.474,350693,0.154,0,0.3720000000000001,7,0.193,-23.403,1,0,0.197,181.328,0.211,8
9.81e-06,0.496,223291,0.995,1,0.0005269999999999999,3,0.413,-4.958,1,51,0.14400000000000002,130.007,0.223,1
0.6759999999999999,0.555,157234,0.417,0,2.99e-06,0,0.135,-5.954,1,34,0.0392,111.456,0.892,3
0.885,0.852,180240,0.316,0,8.15e-06,7,0.06,-13.263,1,0,0.241,114.256,0.883,8
0.102,0.302,244827,0.8540000000000001,0,1.45e-06,2,0.0835,-6.619,1,60,0.0757,156.278,0.589,3
0.258,0.525,314027,0.62,0,0.894,4,0.117,-15.054,0,35,0.0681,158.058,0.841,5
0.669,0.705,308733,0.175,0,0.0,9,0.08900000000000001,-16.862000000000002,1,0,0.782,113.582,0.556,9
0.00355,0.325,460760,0.669,0,0.0902,11,0.6990000000000001,-14.276,0,62,0.0366,83.338,0.7170000000000001,5
0.00159,0.35700000000000004,354000,0.934,1,0.0012,7,0.058,-11.95,1,35,0.0483,154.30700000000004,0.314,4
0.00102,0.469,118227,0.995,0,0.667,11,0.35100000000000003,-1.852,0,39,0.13,101.104,0.458,4
0.0309,0.331,159773,0.946,1,5.62e-06,7,0.254,-4.599,1,51,0.0775,139.965,0.534,3
0.451,0.468,187667,0.541,0,2.47e-05,0,0.0993,-10.154,1,32,0.173,177.78400000000005,0.89,5
0.8140000000000001,0.444,133133,0.39,0,0.0,0,0.14,-12.88,0,13,0.0408,115.474,0.5660000000000001,9
0.899,0.529,206707,0.268,0,0.00381,5,0.198,-14.495,1,32,0.0345,81.46,0.688,5
0.314,0.833,162187,0.325,0,0.00192,5,0.0966,-12.453,0,27,0.0705,108.028,0.921,6
0.721,0.595,389013,0.306,0,0.0,7,0.7909999999999999,-16.554000000000002,1,13,0.943,87.236,0.534,7
0.379,0.75,266600,0.8220000000000001,0,0.7559999999999999,0,0.324,-7.021,1,0,0.0267,105.185,0.877,8
0.596,0.239,129613,0.564,0,0.0,6,0.7040000000000001,-6.544,0,49,0.035,77.58,0.642,4
0.979,0.677,169520,0.138,0,0.912,0,0.108,-20.167,1,13,0.0453,113.033,0.6890000000000001,7
0.292,0.69,235733,0.363,0,0.422,2,0.0796,-15.782,1,43,0.066,167.979,0.71,1
0.625,0.506,218253,0.212,0,0.918,8,0.117,-21.046,0,41,0.0325,146.355,0.265,3
0.014,0.643,192840,0.72,0,0.0,2,0.0834,-7.146,1,69,0.0527,96.028,0.491,1
0.936,0.5589999999999999,235311,0.5329999999999999,0,3.38e-06,2,0.374,-7.627999999999999,1,0,0.0881,174.81099999999995,0.907,7
0.322,0.7290000000000001,197933,0.28,0,0.000202,2,0.0783,-13.452,0,38,0.0366,102.869,0.25,3
0.0484,0.395,225027,0.951,0,0.00333,2,0.315,-5.4689999999999985,1,44,0.107,157.613,0.514,4
0.5429999999999999,0.494,604493,0.461,0,8.82e-05,7,0.339,-8.957,0,26,0.0367,78.77,0.523,7
0.165,0.402,281627,0.857,1,1.09e-06,4,0.113,-6.311,0,45,0.155,169.813,0.0987,1
0.662,0.318,231560,0.211,0,0.0,2,0.209,-14.91,1,40,0.0315,80.275,0.0586,4
0.000512,0.655,147427,0.711,0,0.00103,11,0.322,-7.3279999999999985,1,32,0.158,116.916,0.936,5
0.951,0.251,285080,0.108,0,0.0352,5,0.16,-17.979,1,0,0.0405,96.242,0.204,9
0.989,0.5429999999999999,162240,0.108,0,0.00201,2,0.0939,-15.125,0,5,0.0795,78.93,0.387,7
0.975,0.197,39013,0.234,0,0.903,0,0.129,-17.123,1,0,0.0392,83.38799999999998,0.259,10
1.49e-05,0.459,221500,0.6729999999999999,0,0.0017399999999999998,1,0.0505,-8.846,1,49,0.028,101.159,0.5489999999999999,1
0.706,0.667,239305,0.287,0,0.000197,0,0.129,-11.281,1,37,0.0272,111.857,0.241,3
0.915,0.469,182571,0.569,0,0.381,8,0.116,-11.84,0,0,0.0778,139.069,0.767,9
0.191,0.606,212227,0.72,0,0.0,1,0.108,-5.8420000000000005,1,61,0.0374,90.01700000000002,0.381,1
0.831,0.665,143573,0.248,0,0.0,7,0.152,-10.851,1,29,0.0595,120.46,0.718,7
0.439,0.477,155267,0.531,0,0.00323,0,0.0781,-13.429,1,24,0.0358,115.797,0.667,6
0.328,0.631,212745,0.44,0,0.0,1,0.239,-5.948,1,70,0.028,136.033,0.418,1
0.267,0.7390000000000001,113580,0.6409999999999999,0,0.8029999999999999,0,0.103,-12.376,1,70,0.0538,93.007,0.713,0
0.94,0.531,209147,0.108,0,0.895,0,0.12,-18.584,1,45,0.059,96.46,0.0935,2
0.992,0.568,75938,0.3,0,0.8079999999999999,9,0.14,-13.147,1,0,0.0305,113.899,0.964,9
0.987,0.7859999999999999,164413,0.345,0,0.473,3,0.0655,-7.872000000000001,1,0,0.0984,120.117,0.843,9
0.000436,0.5760000000000001,147333,0.96,0,3.2299999999999986e-05,4,0.0659,-2.605,1,53,0.0759,120.95,0.532,2
0.0568,0.773,174733,0.605,1,0.0469,6,0.232,-6.9510000000000005,0,52,0.136,168.025,0.266,1
0.951,0.4,219533,0.486,0,0.696,5,0.214,-10.363,1,0,0.119,140.762,0.485,10
0.878,0.383,193773,0.34,0,0.0,2,0.083,-15.423,1,23,0.0368,143.482,0.472,4
0.0269,0.752,246507,0.7559999999999999,0,0.0,7,0.638,-7.244,1,32,0.285,163.285,0.883,4
0.843,0.606,162000,0.202,0,0.0,3,0.115,-11.85,1,10,0.0554,103.026,0.445,7
0.131,0.81,257680,0.534,0,0.00375,10,0.0671,-7.791,0,57,0.0599,97.87,0.863,3
0.706,0.563,181000,0.542,0,3.59e-05,9,0.355,-10.862,1,51,0.0962,133.285,0.785,4
0.637,0.496,170313,0.5479999999999999,0,0.0,0,0.0925,-8.613,0,33,0.0462,137.754,0.5539999999999999,6
0.473,0.628,283933,0.759,0,1.33e-05,0,0.115,-7.794,0,24,0.0422,104.932,0.743,5
0.237,0.615,213867,0.918,0,1.75e-05,5,0.317,-4.982,0,36,0.0601,111.833,0.6629999999999999,3
0.317,0.221,249200,0.23,0,2.79e-05,0,0.424,-10.75,1,37,0.0427,74.73,0.256,3
0.008709999999999999,0.629,194973,0.901,0,0.0,4,0.0573,-3.357,1,45,0.0311,133.034,0.581,2
0.007120000000000001,0.378,141427,0.935,0,0.000187,7,0.396,-6.581,1,48,0.0867,79.965,0.778,2
0.965,0.722,200445,0.285,0,6.36e-05,10,0.298,-9.815,1,0,0.32,88.211,0.81,8
0.00053,0.409,268133,0.904,1,0.438,9,0.303,-6.977,1,41,0.109,171.5,0.33,3
0.616,0.531,219240,0.332,0,0.0,3,0.159,-11.394,1,64,0.0263,96.011,0.184,3
0.00554,0.518,219813,0.936,0,0.0,2,0.258,-3.685,1,68,0.0447,75.002,0.667,0
0.446,0.422,288067,0.361,0,0.00955,10,0.0886,-11.358,0,41,0.0313,91.498,0.38,5
0.941,0.0622,234640,0.034,0,0.923,5,0.152,-24.722,1,38,0.0414,68.173,0.0356,3
0.419,0.413,187933,0.662,0,0.0,7,0.081,-3.56,0,35,0.0489,160.184,0.371,3
0.7709999999999999,0.494,239667,0.365,0,0.000978,11,0.139,-8.92,1,62,0.0279,165.766,0.191,1
0.513,0.456,149467,0.47,0,3.76e-05,2,0.444,-9.564,1,64,0.0294,120.336,0.639,6
0.00244,0.8420000000000001,169412,0.5670000000000001,1,1.89e-05,4,0.168,-6.504,0,64,0.0525,135.991,0.256,1
0.0773,0.7090000000000001,264707,0.758,0,0.0,8,0.539,-6.88,1,55,0.0264,110.003,0.595,3
0.0655,0.464,286773,0.6779999999999999,0,1.23e-05,5,0.333,-8.104,0,39,0.14400000000000002,148.70600000000005,0.682,2
0.972,0.401,244067,0.35100000000000003,0,0.821,3,0.224,-12.563,1,0,0.0355,75.953,0.228,8
0.95,0.264,134773,0.112,0,0.000312,8,0.212,-18.034,1,13,0.0319,87.0,0.0954,7
6.52e-05,0.242,195333,0.956,0,0.0073700000000000015,1,0.534,-5.407,1,40,0.119,189.116,0.69,3
0.0116,0.528,208067,0.888,0,0.762,2,0.154,-6.039,1,53,0.0326,145.971,0.897,2
0.517,0.6629999999999999,222613,0.792,0,0.000139,0,0.111,-5.476,1,50,0.0311,103.009,0.847,2
0.991,0.501,197293,0.5429999999999999,0,0.0473,1,0.458,-7.1629999999999985,0,0,0.115,74.449,0.968,8
0.221,0.442,250893,0.469,0,0.111,6,0.138,-15.041,1,36,0.0645,181.08,0.81,6
0.237,0.75,103700,0.155,1,0.0,2,0.316,-19.937,1,0,0.924,70.168,0.591,8
0.675,0.7070000000000001,121700,0.322,0,0.0,5,0.345,-19.144,1,0,0.938,96.51,0.7859999999999999,7
0.13699999999999998,0.642,410320,0.521,0,0.375,9,0.151,-11.771,1,35,0.0417,121.938,0.925,5
0.7070000000000001,0.693,91227,0.524,0,0.0,5,0.206,-13.165,1,33,0.0984,113.784,0.935,4
0.44,0.584,294373,0.511,0,0.0,0,0.0929,-13.838,1,24,0.0263,103.35,0.708,5
0.472,0.425,294733,0.361,0,0.00078,2,0.102,-13.482,1,35,0.0382,79.91199999999998,0.192,3
0.222,0.486,207400,0.29100000000000004,0,0.000484,10,0.337,-13.307,1,41,0.078,200.941,0.245,6
0.968,0.329,152373,0.0413,0,5.58e-05,2,0.281,-20.32,0,24,0.0377,84.34700000000002,0.189,7
0.979,0.494,107933,0.0546,0,0.0,7,0.15,-20.515,1,0,0.0734,119.036,0.11,7
0.851,0.652,159067,0.303,0,0.0,7,0.324,-8.573,1,46,0.0297,114.665,0.706,3
0.444,0.794,120227,0.569,0,0.0,10,0.0627,-9.17,1,11,0.0462,147.159,0.85,6
0.7959999999999999,0.574,98756,0.122,0,0.0,10,0.118,-10.353,1,52,0.0286,89.9,0.35200000000000004,1
0.898,0.487,134520,0.336,0,0.00043,5,0.34,-14.692,1,0,0.0555,120.277,0.614,7
0.989,0.4970000000000001,192689,0.213,0,0.877,11,0.183,-7.532999999999999,0,0,0.0323,64.173,0.376,8
0.0565,0.6920000000000001,222013,0.797,0,0.000113,2,0.12,-11.34,1,56,0.0266,139.498,0.973,3
0.0121,0.605,338653,0.7020000000000001,0,0.0132,5,0.103,-8.057,0,38,0.0348,183.001,0.8640000000000001,4
0.136,0.83,185680,0.698,0,3.06e-06,9,0.0389,-12.09,1,33,0.0813,104.663,0.483,3
0.15,0.36,169907,0.8009999999999999,0,0.00618,11,0.0551,-9.499,0,33,0.0729,187.859,0.8290000000000001,4
0.379,0.721,172827,0.62,0,4.31e-05,9,0.344,-9.775,1,42,0.0326,118.696,0.644,6
0.604,0.564,125253,0.672,0,8.54e-06,9,0.182,-10.127,1,25,0.0313,134.241,0.927,5
0.255,0.718,209347,0.603,0,0.0146,7,0.47,-8.455,1,56,0.0317,117.928,0.701,2
0.28300000000000003,0.561,182613,0.539,0,0.0,10,0.34,-9.125,1,46,0.0397,162.41899999999995,0.967,3
0.238,0.524,219960,0.639,0,0.0,10,0.0598,-7.18,1,70,0.103,87.99799999999998,0.5820000000000001,1
0.227,0.4,219133,0.35,0,0.0397,8,0.103,-11.401,1,51,0.0345,83.389,0.328,6
0.777,0.873,132707,0.8079999999999999,0,0.0,0,0.35700000000000004,-6.729,0,59,0.0466,139.67600000000002,0.933,4
0.818,0.8809999999999999,85840,0.853,0,9.92e-06,7,0.0666,-0.333,1,26,0.057,91.493,0.8170000000000001,6
0.21,0.892,263359,0.619,1,0.0,10,0.0818,-5.728,1,54,0.0968,130.983,0.92,1
0.851,0.508,150413,0.124,0,0.000238,9,0.14,-18.749,1,23,0.0292,96.351,0.235,6
0.8640000000000001,0.677,181093,0.508,0,8.36e-06,4,0.5329999999999999,-7.997999999999997,1,22,0.0476,132.92700000000002,0.933,6
0.11,0.376,249533,0.851,0,0.000124,0,0.277,-3.535,1,56,0.0459,173.11900000000003,0.487,3
0.943,0.396,150733,0.192,0,0.0,10,0.276,-17.000999999999998,1,0,0.0487,110.798,0.415,8
0.433,0.469,260800,0.5529999999999999,0,0.0,2,0.0662,-10.099,0,42,0.0545,124.714,0.682,5
0.984,0.349,578000,0.105,0,0.795,9,0.0612,-19.46,1,46,0.0352,114.187,0.305,4
0.953,0.217,193427,0.384,0,0.0197,3,0.7,-12.345999999999998,1,0,0.0431,173.46099999999996,0.359,7
0.973,0.245,192000,0.138,0,0.00038,8,0.13699999999999998,-16.295,1,22,0.0349,172.37099999999995,0.273,6
0.7390000000000001,0.531,279173,0.7240000000000001,0,1.7e-06,11,0.315,-5.303,0,52,0.0387,159.186,0.8140000000000001,3
0.000939,0.0,596259,2.02e-05,0,0.6890000000000001,3,0.12,-18.305,1,51,0.0,0.0,0.0,1
0.275,0.544,138293,0.933,0,0.000802,7,0.967,-6.835,1,41,0.255,94.499,0.633,5
0.16699999999999998,0.6709999999999999,206486,0.16899999999999998,1,0.0,1,0.14800000000000002,-19.181,1,0,0.953,92.225,0.515,8
0.893,0.72,42333,0.106,0,0.0,10,0.119,-21.81,0,29,0.941,82.12799999999999,0.782,5
0.6709999999999999,0.612,264040,0.47,0,0.00915,9,0.0905,-9.074,1,29,0.0265,144.197,0.341,4
0.0186,0.386,214333,0.542,0,0.000546,2,0.064,-12.452,1,38,0.0346,206.389,0.8029999999999999,4
0.28300000000000003,0.501,173280,0.873,0,0.000129,9,0.975,-7.487999999999999,1,18,0.0406,161.488,0.674,6
0.953,0.514,138716,0.14,0,0.0,8,0.159,-13.572,1,0,0.0425,74.679,0.578,9
0.415,0.443,262453,0.507,0,0.0,1,0.127,-7.005,1,52,0.0294,156.19,0.205,1
0.774,0.6579999999999999,169453,0.281,0,0.107,0,0.35600000000000004,-13.85,0,24,0.0359,153.705,0.672,4
0.129,0.616,139893,0.191,0,0.0,7,0.105,-16.502,1,22,0.0349,80.604,0.324,5
0.909,0.441,30000,0.517,0,0.165,1,0.361,-9.258,1,0,0.033,130.97,0.716,9
0.7240000000000001,0.4970000000000001,412253,0.649,0,1.11e-05,9,0.287,-10.091,1,39,0.0702,129.845,0.527,6
0.212,0.7979999999999999,216360,0.528,0,8.809999999999999e-05,7,0.0884,-11.311,0,25,0.0703,180.366,0.939,4
0.608,0.14800000000000002,143360,0.187,0,0.8759999999999999,5,0.374,-22.355,1,9,0.044,70.828,0.0968,7
0.317,0.682,197560,0.449,0,0.0,10,0.0967,-6.857,1,48,0.0337,143.972,0.743,2
0.118,0.565,238400,0.745,0,7.11e-05,0,0.0851,-3.612,1,48,0.033,151.989,0.449,1
0.279,0.159,381613,0.914,0,0.479,7,0.116,-6.509,1,33,0.0658,161.048,0.0833,3
0.942,0.634,148707,0.297,0,0.0766,7,0.0891,-11.507,1,0,0.0813,100.38,0.585,8
0.00938,0.705,372427,0.7709999999999999,0,0.7879999999999999,2,0.102,-11.908,1,36,0.0436,121.994,0.6809999999999999,4
0.117,0.741,282360,0.608,0,0.000186,6,0.0858,-10.147,0,40,0.0304,117.112,0.79,5
0.546,0.185,202613,0.551,0,0.000282,5,0.354,-6.43,1,25,0.0338,80.564,0.235,5
0.13,0.8240000000000001,209493,0.688,0,0.225,8,0.0672,-8.573,1,46,0.0331,102.108,0.745,3
0.701,0.7809999999999999,226440,0.609,0,0.000218,2,0.315,-5.0680000000000005,1,48,0.039,83.835,0.754,3
0.984,0.171,716173,0.0964,0,0.877,2,0.106,-20.718000000000004,0,0,0.0391,77.40899999999998,0.0382,8
0.0488,0.7040000000000001,199680,0.7929999999999999,0,0.0,8,0.575,-2.266,1,56,0.0591,127.96,0.412,1
0.31,0.708,226267,0.726,0,0.0,0,0.166,-8.424,0,28,0.0512,113.284,0.8270000000000001,5
0.981,0.217,62333,0.4,0,0.00201,0,0.946,-9.996,1,1,0.0374,170.91,0.387,7
0.000466,0.655,272240,0.539,1,0.000118,6,0.0626,-11.014,1,47,0.236,169.399,0.726,4
0.0563,0.6629999999999999,197880,0.696,0,6.25e-06,11,0.226,-5.994,1,64,0.0349,139.98,0.449,1
0.353,0.5329999999999999,285693,0.5379999999999999,0,1.97e-06,11,0.127,-10.536,0,38,0.0598,179.72400000000005,0.221,3
0.0117,0.244,252067,0.7040000000000001,0,0.0,8,0.0839,-5.225,1,36,0.0341,141.25799999999995,0.252,6
0.992,0.595,211151,0.436,0,0.0057,11,0.537,-7.437,1,0,0.44,77.301,0.895,7
0.506,0.619,182600,0.579,0,0.0,5,0.173,-5.063,0,37,0.0276,81.485,0.7879999999999999,4
0.207,0.405,219587,0.946,0,1.46e-06,2,0.0889,-7.831,1,38,0.416,176.45,0.468,2
0.136,0.629,190080,0.795,0,5.44e-06,6,0.132,-6.02,1,21,0.0278,110.583,0.6,6
0.608,0.43,171640,0.42,0,5.54e-06,11,0.278,-9.662,1,15,0.0488,148.797,0.38,6
0.7,0.614,196467,0.589,0,0.0,1,0.069,-8.667,1,56,0.0573,111.879,0.894,2
0.0359,0.72,188293,0.562,0,0.0,2,0.126,-7.642,1,60,0.0367,98.943,0.393,1
0.996,0.624,180764,0.0856,0,0.902,11,0.128,-13.42,1,0,0.208,68.32300000000001,0.898,8
0.0293,0.45,257253,0.895,0,0.0,11,0.116,-4.739,1,61,0.0386,77.577,0.463,2
0.0022600000000000003,0.584,226351,0.7020000000000001,0,0.0,9,0.15,-10.58,1,3,0.0394,149.963,0.883,9
0.94,0.672,150480,0.28600000000000003,0,0.0973,10,0.118,-14.71,1,49,0.0283,102.743,0.556,6
0.688,0.693,500000,0.301,0,0.361,1,0.079,-17.453,1,9,0.127,109.337,0.589,7
0.0714,0.669,342200,0.519,0,2.05e-05,11,0.108,-9.932,0,54,0.278,159.877,0.825,3
0.983,0.706,138590,0.6779999999999999,0,0.7859999999999999,8,0.8809999999999999,-7.0829999999999975,0,0,0.177,124.328,0.961,8
0.928,0.518,148800,0.309,0,0.000262,7,0.629,-12.103,1,0,0.0416,72.399,0.385,8
0.981,0.389,239282,0.281,0,0.000279,0,0.46,-11.152,1,0,0.0454,126.017,0.392,9
0.5489999999999999,0.7040000000000001,228554,0.884,0,0.000364,8,0.0492,-6.275,1,67,0.0527,93.058,0.964,3
0.0336,0.867,243200,0.679,0,1.59e-06,10,0.0742,-12.028,0,60,0.207,101.293,0.68,3
0.723,0.465,147573,0.4920000000000001,0,1.69e-06,0,0.295,-8.83,1,16,0.0308,130.939,0.69,6
0.209,0.597,167320,0.856,1,0.0159,10,0.278,-7.089,0,63,0.0431,131.95,0.7709999999999999,1
0.897,0.191,203800,0.16399999999999998,0,0.00184,2,0.241,-15.388,1,14,0.0342,82.521,0.132,6
0.0292,0.901,333960,0.59,0,0.000152,11,0.264,-7.497999999999997,0,43,0.0695,123.208,0.7829999999999999,4
0.946,0.201,176248,0.327,0,0.0,7,0.473,-13.316,1,0,0.0607,76.00399999999998,0.221,9
0.0721,0.711,96500,0.218,1,0.0,11,0.525,-18.294,0,0,0.929,130.17700000000002,0.402,10
0.43,0.8170000000000001,152640,0.246,0,0.00154,0,0.335,-16.874000000000002,0,36,0.125,120.492,0.3670000000000001,4
0.92,0.636,151760,0.478,0,4.12e-06,0,0.0891,-9.492,1,28,0.0315,127.241,0.7120000000000001,5
0.00606,0.853,285048,0.718,1,0.0,1,0.0373,-8.885,0,33,0.188,94.841,0.8490000000000001,3
0.986,0.234,1186747,0.23,0,0.688,2,0.0849,-13.976,0,0,0.035,173.153,0.0682,8
0.0586,0.684,282733,0.711,0,7.99e-05,10,0.16399999999999998,-8.524,0,30,0.0477,98.502,0.41,3
0.00192,0.7090000000000001,264760,0.8490000000000001,1,0.0,11,0.336,-2.3480000000000003,0,44,0.0725,142.014,0.649,1
0.5660000000000001,0.458,198360,0.55,0,1.39e-05,2,0.108,-7.0920000000000005,1,63,0.0262,90.56,0.56,2
0.207,0.71,182267,0.384,0,0.0,9,0.0719,-8.81,0,45,0.0365,127.644,0.939,3
0.0602,0.789,217365,0.753,0,0.0,5,0.16399999999999998,-7.866,0,52,0.0554,136.024,0.923,2
0.981,0.277,204600,0.0882,0,0.0829,0,0.129,-20.982,0,0,0.0372,67.743,0.215,8
0.981,0.424,175357,0.274,0,0.0335,5,0.662,-14.018,0,0,0.0324,99.059,0.523,8
0.985,0.529,168107,0.104,0,0.29100000000000004,9,0.109,-19.669,1,53,0.0392,135.235,0.183,5
0.382,0.593,282813,0.392,0,0.000114,10,0.131,-6.872000000000001,0,67,0.0257,75.065,0.25,1
0.019,0.573,114239,0.679,0,0.0,1,0.327,-11.864,0,24,0.058,121.464,0.753,4
0.93,0.379,193893,0.203,0,3.07e-06,5,0.222,-11.663,1,46,0.0373,67.135,0.329,5
0.125,0.345,243667,0.525,0,0.0226,4,0.146,-8.859,1,33,0.0431,125.662,0.481,4
0.307,0.639,207813,0.568,0,0.000175,1,0.679,-11.571,1,46,0.212,125.725,0.8340000000000001,6
0.825,0.682,232773,0.344,0,0.00113,5,0.0872,-13.032,1,44,0.0372,143.909,0.474,2
0.752,0.444,139253,0.459,0,0.885,9,0.13,-16.485,0,45,0.0388,152.111,0.735,6
0.345,0.29100000000000004,181667,0.8590000000000001,0,0.142,5,0.39,-9.426,1,29,0.0416,176.55700000000004,0.5820000000000001,4
0.00921,0.7090000000000001,167800,0.601,1,0.0,11,0.0736,-3.877,0,43,0.0374,113.044,0.7170000000000001,2
0.6809999999999999,0.57,250078,0.459,0,0.0,3,0.108,-7.494,1,48,0.11,78.803,0.691,1
0.33,0.431,206880,0.93,0,0.0014199999999999998,9,0.337,-8.045,1,26,0.0648,128.828,0.453,5
0.000237,0.25,146933,0.888,0,2.66e-06,0,0.109,-9.914,1,41,0.0784,188.477,0.518,3
0.0178,0.8420000000000001,311293,0.562,0,0.0263,4,0.0798,-10.911,0,34,0.0995,131.28799999999998,0.725,4
0.0556,0.517,230640,0.922,0,4.15e-06,9,0.358,-2.341,0,49,0.078,126.028,0.448,4
0.204,0.7120000000000001,210521,0.797,0,1.75e-06,9,0.111,-6.496,1,58,0.0373,129.131,0.612,3
0.443,0.475,439200,0.684,0,0.00134,3,0.17800000000000002,-8.165,1,9,0.0723,131.36,0.785,6
0.916,0.453,159987,0.0807,0,0.0,2,0.36,-12.473,1,4,0.0525,130.97,0.349,9
0.986,0.575,151307,0.152,0,0.8909999999999999,9,0.135,-15.802,1,13,0.0644,81.07300000000002,0.308,7
0.985,0.429,158120,0.238,0,4.7e-05,0,0.142,-8.38,1,45,0.0467,102.647,0.354,3
0.304,0.818,235382,0.67,0,1.22e-06,8,0.0601,-4.4510000000000005,0,69,0.0472,119.988,0.939,1
0.485,0.862,236107,0.5820000000000001,0,0.0,4,0.111,-6.0920000000000005,0,60,0.0403,118.078,0.927,1
0.272,0.546,278800,0.6970000000000001,0,0.00558,0,0.649,-9.667,1,50,0.0631,96.752,0.755,5
0.906,0.6409999999999999,143351,0.245,0,0.0,7,0.0682,-10.916,1,23,0.0288,83.82700000000001,0.445,5
0.968,0.454,184533,0.233,0,0.0333,7,0.218,-11.394,0,5,0.0433,119.956,0.496,10
0.968,0.565,182213,0.282,0,0.0441,7,0.101,-11.385,1,0,0.031,106.173,0.573,9
0.121,0.848,222467,0.6629999999999999,1,0.000923,1,0.113,-6.7029999999999985,1,47,0.173,101.072,0.743,2
0.345,0.625,217427,0.855,0,1.35e-05,1,0.43,-5.157,1,51,0.113,176.179,0.904,2
0.138,0.722,152413,0.754,0,0.006529999999999999,4,0.0623,-11.133,1,35,0.0416,107.779,0.9,5
0.602,0.807,258800,0.8029999999999999,0,0.00853,11,0.136,-4.1560000000000015,1,77,0.126,91.987,0.706,1
0.95,0.311,211133,0.251,0,0.000232,8,0.194,-13.245,1,12,0.0319,133.619,0.211,7
0.0508,0.601,280333,0.774,0,3.21e-05,7,0.136,-6.059,1,29,0.0299,112.238,0.586,5
0.41,0.647,146480,0.5820000000000001,0,1.93e-06,10,0.0715,-9.538,0,73,0.0755,167.396,0.915,7
0.899,0.747,186240,0.413,0,0.0156,4,0.06,-5.7010000000000005,1,31,0.0323,102.057,0.6609999999999999,6
0.119,0.606,302827,0.794,0,7.16e-06,0,0.125,-7.1679999999999975,1,68,0.0291,105.813,0.584,4
0.0283,0.616,234560,0.8690000000000001,0,0.0,0,0.064,-3.911,1,73,0.0327,127.966,0.473,1
0.0889,0.736,211573,0.903,1,0.0,10,0.129,-3.235,0,59,0.127,95.047,0.457,1
0.498,0.612,360587,0.35,0,0.102,10,0.405,-12.911,1,3,0.113,144.68,0.588,7
0.00924,0.4370000000000001,191160,0.605,0,0.118,8,0.264,-5.5,0,37,0.0329,125.114,0.581,6
0.984,0.147,182467,0.155,0,0.6409999999999999,7,0.168,-17.746,1,0,0.0445,73.18,0.157,9
0.994,0.401,49293,0.0584,0,0.7440000000000001,7,0.168,-20.998,1,2,0.0369,99.771,0.265,8
0.00687,0.6629999999999999,293787,0.831,0,0.733,2,0.0271,-6.5420000000000025,1,56,0.0326,96.666,0.743,2
0.0273,0.705,150867,0.413,0,0.0,6,0.31,-16.458,0,30,0.387,94.932,0.318,3
5.1e-05,0.219,176307,0.952,0,0.0989,2,0.157,-3.621,1,60,0.17600000000000002,112.886,0.172,2
0.103,0.575,232467,0.555,0,1.3e-06,4,0.111,-7.495,1,29,0.0453,95.361,0.504,4
0.00993,0.457,379960,0.931,0,0.13,1,0.063,-8.902999999999997,1,30,0.0494,102.049,0.499,3
0.179,0.546,240800,0.396,0,2.65e-05,6,0.13699999999999998,-10.299,0,35,0.0284,81.683,0.374,4
0.0486,0.7190000000000001,248893,0.7909999999999999,1,0.0,1,0.0721,-3.011,1,44,0.245,85.603,0.713,2
0.0436,0.759,213040,0.513,0,2.39e-05,11,0.0524,-13.187,0,41,0.0288,115.753,0.732,5
0.0608,0.5379999999999999,205107,0.752,0,5.39e-06,10,0.118,-5.106,1,75,0.0396,139.984,0.217,1
0.507,0.527,187339,0.644,0,1.51e-05,11,0.223,-7.927,0,36,0.0381,121.256,0.608,6
0.935,0.578,207173,0.334,0,0.867,2,0.107,-12.838,0,8,0.0482,121.044,0.415,7
0.0164,0.912,238614,0.412,1,0.013,7,0.104,-8.074,1,81,0.124,154.983,0.422,1
0.968,0.272,124440,0.122,0,0.0,3,0.105,-15.803,1,20,0.0316,87.085,0.205,7
0.006490000000000001,0.6940000000000001,264814,0.813,1,0.000467,1,0.249,-4.129,1,51,0.335,127.834,0.741,1
0.0249,0.868,180667,0.623,1,0.0,2,0.125,-8.595,1,62,0.101,105.446,0.498,1
0.992,0.521,201653,0.38,0,0.0677,4,0.146,-9.795,0,0,0.0412,125.662,0.92,9
0.987,0.596,92648,0.313,0,0.000132,3,0.171,-13.892,1,0,0.0483,137.306,0.961,7
0.0227,0.263,345333,0.949,0,0.0441,11,0.0726,-11.3,1,37,0.06,99.132,0.197,4
0.989,0.645,265681,0.211,0,0.000199,5,0.263,-13.296,1,6,0.0875,114.021,0.598,9
6.39e-06,0.461,234880,0.961,0,0.14,8,0.308,-3.011,1,59,0.0479,96.009,0.416,2
0.969,0.194,517360,0.079,0,0.498,4,0.126,-21.389,1,58,0.0425,100.309,0.08199999999999999,4
0.381,0.7909999999999999,170720,0.401,0,0.0,1,0.1,-11.132,1,39,0.0343,123.033,0.853,4
0.539,0.596,136080,0.32,0,0.0,7,0.233,-9.904,0,4,0.0527,134.989,0.659,7
0.409,0.523,469000,0.348,0,1.43e-06,0,0.112,-10.548,0,25,0.0357,136.28799999999998,0.396,6
1.3800000000000007e-05,0.35,241107,0.974,0,0.0,8,0.192,-3.247,1,47,0.0716,174.025,0.359,2
0.816,0.5710000000000001,156147,0.341,0,0.0,9,0.155,-11.683,0,15,0.048,114.685,0.615,7
0.0265,0.7290000000000001,171333,0.672,1,0.0,7,0.244,-6.749,1,61,0.282,159.903,0.595,1
0.953,0.573,180840,0.127,0,0.685,0,0.268,-21.945,1,20,0.0475,96.243,0.45,7
0.782,0.785,248172,0.285,0,0.5479999999999999,4,0.0995,-14.635,1,54,0.0312,89.875,0.634,1
0.987,0.675,175440,0.114,0,0.00162,0,0.128,-16.581,1,0,0.0445,120.35,0.434,8
0.0432,0.413,359507,0.895,0,0.000223,0,0.926,-5.5379999999999985,0,32,0.0616,129.579,0.399,4
0.991,0.402,136907,0.0785,0,0.872,6,0.139,-21.699,1,16,0.0485,74.561,0.394,6
0.27,0.5539999999999999,256027,0.408,0,6.53e-06,0,0.26,-10.609000000000002,1,53,0.0317,111.821,0.17,3
0.274,0.797,190067,0.632,1,0.0,10,0.111,-3.325,1,58,0.165,92.011,0.961,1
0.601,0.546,250893,0.315,0,3.43e-06,2,0.0795,-11.208,1,57,0.0324,82.95100000000002,0.0756,3
0.0807,0.8740000000000001,210413,0.91,0,0.000146,9,0.0743,-11.604,1,32,0.0336,124.774,0.965,4
0.0242,0.55,268533,0.877,1,0.0778,2,0.112,-6.942,1,48,0.11,106.23,0.443,3
0.989,0.498,192677,0.13,0,0.938,0,0.119,-18.927,0,2,0.0416,140.111,0.158,7
0.988,0.266,462147,0.114,0,0.89,0,0.0919,-16.768,1,0,0.0339,84.29700000000003,0.17,7
0.496,0.6990000000000001,233187,0.446,0,0.0054,9,0.177,-12.719,0,49,0.0284,104.243,0.7879999999999999,1
0.125,0.589,123813,0.5670000000000001,0,0.0,0,0.21600000000000005,-8.126,1,22,0.0292,139.852,0.25,6
0.979,0.353,193800,0.4270000000000001,0,2.64e-05,2,0.871,-11.196,0,0,0.0829,77.124,0.32299999999999995,7
0.593,0.455,224995,0.677,0,0.0,0,0.0899,-7.7189999999999985,1,77,0.0751,169.919,0.248,0
0.333,0.737,234829,0.7090000000000001,0,0.0,8,0.289,-6.8889999999999985,0,72,0.045,125.997,0.556,1
0.239,0.6759999999999999,281987,0.441,0,0.34700000000000003,7,0.0515,-12.684,1,31,0.0244,81.525,0.789,5
0.000371,0.4370000000000001,255427,0.648,0,0.00172,2,0.205,-10.163,1,27,0.0545,140.38299999999998,0.677,5
0.963,0.617,192280,0.161,0,0.0,3,0.12,-10.283,1,14,0.0356,114.815,0.607,6
0.35,0.632,310000,0.388,0,0.0,9,0.165,-14.571,1,29,0.0376,91.613,0.445,4
0.277,0.463,282133,0.365,0,5.68e-05,0,0.084,-14.326,1,15,0.0507,113.504,0.547,6
0.011,0.698,163423,0.96,0,1.41e-06,8,0.435,-3.595,1,57,0.142,147.999,0.738,1
0.0326,0.725,122400,0.3,1,0.0,9,0.0924,-17.819000000000006,1,0,0.935,121.389,0.652,10
0.725,0.7909999999999999,107800,0.234,0,0.0,8,0.152,-17.951,1,0,0.947,37.596,0.705,10
0.976,0.65,207773,0.8,0,0.79,2,0.293,-7.0070000000000014,1,0,0.0324,114.636,0.8959999999999999,9
0.294,0.28800000000000003,365240,0.579,0,0.0893,0,0.5589999999999999,-8.064,1,40,0.0274,168.334,0.5479999999999999,5
0.268,0.787,119160,0.762,0,8.09e-05,0,0.0707,-10.758,1,26,0.0818,119.302,0.679,6
0.8759999999999999,0.304,125533,0.107,0,0.00241,5,0.138,-18.833,0,21,0.0357,75.741,0.235,6
0.948,0.496,199440,0.404,0,0.000241,7,0.389,-13.265999999999998,1,21,0.0419,111.519,0.53,6
0.5329999999999999,0.78,130733,0.46,0,0.862,2,0.0623,-11.163,0,27,0.0666,117.333,0.892,6
0.391,0.748,243093,0.7959999999999999,1,0.0,1,0.234,-5.9510000000000005,1,52,0.422,94.987,0.836,3
0.344,0.35600000000000004,178693,0.274,0,0.321,9,0.266,-16.3,0,35,0.0367,81.535,0.354,5
0.908,0.561,199080,0.162,0,0.0,0,0.154,-11.529000000000002,0,24,0.0436,85.117,0.172,7
0.0523,0.745,100600,0.27,1,0.0,6,0.4370000000000001,-13.487,0,0,0.944,108.467,0.483,10
0.8740000000000001,0.209,177326,0.451,0,0.8370000000000001,6,0.338,-10.411,1,0,0.0389,79.813,0.0998,8
0.198,0.769,233573,0.396,0,0.0,7,0.124,-7.507999999999999,0,37,0.0395,128.185,0.406,2
0.0536,0.561,233967,0.984,0,0.0,2,0.17600000000000002,-2.6260000000000003,0,61,0.0636,146.036,0.584,1
0.994,0.433,207882,0.18,0,0.267,11,0.26,-11.08,0,0,0.184,78.212,0.431,9
0.00129,0.37,386560,0.589,0,0.0105,4,0.868,-9.423,0,39,0.133,86.006,0.31,3
0.396,0.8109999999999999,174600,0.6459999999999999,0,0.391,4,0.16,-9.22,1,51,0.029,113.833,0.768,5
0.966,0.5670000000000001,164537,0.077,0,5.21e-05,3,0.35,-17.213,1,45,0.0469,99.49,0.55,3
0.18,0.605,155160,0.474,0,0.6809999999999999,0,0.268,-12.459,1,12,0.0303,118.635,0.7340000000000001,6
0.88,0.182,134893,0.261,0,1.03e-05,10,0.442,-13.707,1,49,0.033,175.77900000000002,0.206,6
0.0489,0.779,166818,0.726,1,0.0,8,0.6559999999999999,-6.94,1,52,0.0317,98.016,0.451,1
0.754,0.494,214347,0.29100000000000004,0,3.11e-06,7,0.0774,-14.048,1,16,0.0532,175.206,0.778,6
0.077,0.482,34573,0.99,0,0.0,9,0.6729999999999999,-5.2429999999999986,1,37,0.125,102.864,0.449,3
0.0338,0.799,253347,0.843,0,3.33e-05,11,0.199,-4.424,0,56,0.053,110.726,0.96,2
0.769,0.5660000000000001,303347,0.447,0,6.19e-05,3,0.208,-11.403,1,34,0.0349,108.268,0.5529999999999999,4
0.211,0.71,252173,0.297,0,0.6709999999999999,9,0.13,-16.915,1,30,0.0412,121.751,0.7190000000000001,5
0.588,0.277,238333,0.797,0,0.341,0,0.221,-5.66,1,57,0.0385,177.009,0.259,2
0.0159,0.792,237267,0.856,0,2.88e-06,11,0.0981,-5.2360000000000015,0,66,0.067,127.988,0.7140000000000001,1
0.923,0.507,211373,0.644,0,0.556,11,0.0988,-11.781,1,0,0.0418,88.666,0.8109999999999999,8
0.246,0.334,227800,0.452,0,1.62e-05,7,0.954,-13.456,1,42,0.0478,169.043,0.504,5
0.875,0.565,200733,0.147,0,0.0,10,0.101,-16.984,1,8,0.281,91.96,0.602,6
0.956,0.316,448560,0.151,0,5.75e-06,7,0.688,-18.464,1,0,0.0689,175.47400000000005,0.0489,8
0.992,0.395,733253,0.103,0,0.94,2,0.0809,-22.519,1,2,0.0566,62.838,0.362,8
0.118,0.5760000000000001,240093,0.687,0,0.0,11,0.0979,-4.147,0,54,0.0379,115.015,0.195,1
0.949,0.536,230693,0.35,0,0.00449,2,0.5529999999999999,-15.197,0,20,0.0606,93.415,0.883,6
0.325,0.34700000000000003,246560,0.26,0,0.0,11,0.335,-12.735,0,30,0.0304,145.023,0.225,4
0.983,0.505,187559,0.258,0,2.59e-05,0,0.159,-14.695,1,0,0.119,82.74,0.8759999999999999,8
0.924,0.305,208000,0.327,0,1.95e-06,2,0.119,-6.5070000000000014,1,1,0.0347,125.202,0.5429999999999999,8
0.4320000000000001,0.713,333667,0.523,0,0.071,9,0.495,-11.489,1,25,0.0409,94.176,0.585,4
0.816,0.379,98534,0.31,0,0.0422,7,0.0949,-11.595,1,0,0.051,72.532,0.925,8
0.975,0.613,196806,0.314,0,8.41e-06,1,0.0946,-9.575,1,57,0.031,132.776,0.421,1
0.742,0.526,159653,0.4920000000000001,0,0.0209,1,0.248,-9.982,1,11,0.0312,99.906,0.962,7
0.981,0.68,181293,0.241,0,0.0,2,0.165,-9.866,1,24,0.0634,84.91,0.647,10
0.56,0.503,128040,0.609,0,0.904,10,0.0953,-17.602999999999994,1,13,0.0537,181.411,0.764,7
0.21,0.6990000000000001,112800,0.247,1,0.0,7,0.778,-18.205,1,0,0.895,74.192,0.605,10
0.948,0.479,344120,0.67,0,2.98e-05,1,0.742,-12.73,1,6,0.942,82.10700000000001,0.536,6
0.00017,0.57,280956,0.945,0,0.8270000000000001,1,0.0543,-5.665,0,51,0.0567,114.987,0.53,1
0.363,0.643,173173,0.232,0,0.0342,0,0.0987,-15.895,1,29,0.0279,95.053,0.461,5
0.00066,0.462,302360,0.905,0,0.0402,0,0.0839,-3.825,0,53,0.0438,122.925,0.253,2
0.7929999999999999,0.472,198880,0.306,0,0.00662,5,0.0824,-14.282,0,0,0.057,91.194,0.6890000000000001,9
0.359,0.759,193227,0.475,0,3.85e-06,9,0.105,-8.201,0,54,0.271,140.153,0.644,5
0.136,0.757,144512,0.621,0,0.000418,0,0.0474,-4.288,1,65,0.0716,110.815,0.727,1
0.649,0.773,152627,0.598,0,0.0059,5,0.0898,-9.391,1,18,0.0638,113.904,0.8740000000000001,6
0.561,0.445,235600,0.743,0,2.59e-06,6,0.524,-3.692,0,44,0.0294,80.19,0.677,5
0.467,0.501,225893,0.482,0,0.0016600000000000002,0,0.128,-12.774,1,28,0.0496,171.808,0.727,5
0.972,0.268,450240,0.0869,0,0.8959999999999999,3,0.13699999999999998,-21.092,1,24,0.042,80.692,0.0804,4
0.992,0.304,207867,0.166,0,0.00223,0,0.303,-12.753,1,0,0.0572,62.192,0.17,8
0.7879999999999999,0.6459999999999999,78467,0.414,0,0.0,7,0.166,-10.646,1,12,0.0991,117.892,0.782,9
0.008329999999999999,0.466,567093,0.612,0,0.0,5,0.963,-7.731,1,62,0.0299,94.974,0.0986,1
0.8640000000000001,0.622,158718,0.503,0,0.0026100000000000003,3,0.0995,-7.0829999999999975,1,19,0.0313,82.056,0.8109999999999999,7
0.191,0.5760000000000001,480800,0.591,0,0.0,0,0.0678,-9.959,1,40,0.027000000000000003,108.444,0.479,6
0.965,0.7040000000000001,188467,0.18600000000000005,0,4.89e-06,5,0.198,-12.897,0,2,0.0434,106.941,0.541,9
0.8079999999999999,0.481,119521,0.465,0,0.619,9,0.238,-11.957,1,15,0.0689,170.08599999999996,0.831,9
0.0337,0.501,324920,0.496,0,0.0,4,0.0655,-9.469,1,49,0.0317,148.06,0.364,2
0.99,0.206,379053,0.058,0,0.000573,10,0.09,-20.467,1,45,0.0441,176.377,0.0479,3
0.99,0.7120000000000001,165413,0.316,0,5.45e-05,5,0.355,-8.054,1,0,0.059,118.182,0.863,9
0.158,0.787,207870,0.588,1,0.0,5,0.112,-6.3279999999999985,1,51,0.343,96.998,0.131,1
0.416,0.575,346080,0.594,0,0.784,10,0.6990000000000001,-15.316,1,9,0.0458,139.736,0.825,7
0.0829,0.6,195693,0.632,0,0.00118,11,0.0854,-8.472000000000001,0,30,0.0565,169.47299999999996,0.483,5
0.513,0.245,297027,0.727,0,0.292,4,0.106,-5.952000000000001,0,49,0.0531,159.996,0.162,1
0.025,0.498,204307,0.945,0,0.0,5,0.278,-3.555,1,47,0.0372,81.508,0.5589999999999999,2
0.0002,0.597,235827,0.976,0,0.000164,11,0.114,-3.998,0,41,0.0646,97.597,0.584,2
0.000256,0.534,222933,0.892,0,0.0137,5,0.232,-4.877,1,54,0.0537,137.941,0.28,2
0.995,0.364,157160,0.0408,0,0.888,1,0.112,-24.679,1,0,0.0461,55.532,0.0678,7
4.29e-06,0.336,69333,0.997,1,0.463,6,0.141,-3.596,1,40,0.0914,116.498,0.71,3
0.181,0.6409999999999999,260747,0.902,0,0.0,1,0.654,-7.068,1,40,0.18,133.273,0.524,2
0.613,0.645,250880,0.735,0,1.64e-05,7,0.0844,-4.789,1,29,0.035,102.954,0.649,3
0.754,0.237,208133,0.313,0,1.85e-05,11,0.21,-10.423,0,24,0.0299,201.045,0.484,5
0.83,0.285,178333,0.235,0,0.0,5,0.13699999999999998,-9.973,1,26,0.032,98.714,0.21600000000000005,7
0.000395,0.6609999999999999,244067,0.87,0,0.00315,11,0.332,-10.826,1,51,0.0365,131.013,0.973,3
0.565,0.361,252560,0.47,0,0.000396,0,0.0728,-9.765,1,47,0.0324,200.273,0.431,2
0.627,0.579,280187,0.406,0,0.000125,7,0.172,-13.592,1,17,0.29600000000000004,102.909,0.652,6
0.252,0.563,310520,0.402,0,2.07e-06,9,0.0886,-10.496,1,58,0.0668,115.561,0.2,2
0.745,0.499,214533,0.181,0,0.00123,9,0.106,-15.359000000000002,0,71,0.0429,111.956,0.0747,1
0.847,0.5529999999999999,163707,0.273,0,0.0,4,0.135,-15.544,1,28,0.0266,102.129,0.55,6
0.83,0.152,778067,0.125,0,0.911,4,0.277,-18.128,0,0,0.0444,76.053,0.0675,7
0.912,0.562,992027,0.128,0,0.7390000000000001,0,0.0829,-17.825,1,20,0.0445,115.141,0.17600000000000002,6
0.0277,0.405,209893,0.885,1,0.0767,11,0.156,-8.635,1,47,0.12,170.192,0.314,3
0.194,0.215,189133,0.954,0,8.93e-06,2,0.984,-11.74,1,33,0.295,149.164,0.146,4
0.823,0.313,184280,0.396,0,0.0,10,0.14300000000000002,-9.071,1,48,0.0455,85.66,0.493,3
0.256,0.386,235107,0.569,0,0.000386,0,0.355,-14.019,1,33,0.0317,135.511,0.578,5
0.906,0.475,240827,0.269,0,0.000936,0,0.1,-15.305,0,32,0.0676,146.262,0.272,5
0.12,0.805,269533,0.7879999999999999,1,0.0,2,0.145,-7.205,1,48,0.292,103.53,0.631,3
0.932,0.165,132027,0.0058,0,0.0285,2,0.2,-37.076,1,37,0.0392,131.681,0.0954,3
0.8009999999999999,0.629,192373,0.182,0,0.0,9,0.104,-15.804,0,0,0.084,116.502,0.292,8
0.295,0.455,236225,0.496,1,0.0,1,0.473,-8.482999999999999,0,60,0.11,131.88,0.317,1
0.989,0.254,203373,0.343,0,0.82,4,0.261,-10.154,0,0,0.0331,95.272,0.202,8
0.0302,0.6709999999999999,214093,0.805,0,2.34e-06,2,0.0193,-7.121,1,31,0.29,190.196,0.7290000000000001,3
0.395,0.503,164987,0.927,0,0.000472,0,0.222,-5.5820000000000025,1,42,0.0557,129.27200000000002,0.573,6
0.397,0.612,173960,0.947,0,0.015,1,0.0592,-8.402999999999999,0,20,0.0433,128.503,0.501,6
0.912,0.435,341693,0.196,0,0.652,1,0.0972,-17.705,0,21,0.0474,123.088,0.198,6
0.7659999999999999,0.608,168000,0.498,0,0.17800000000000002,0,0.0939,-9.447,1,27,0.0523,149.29399999999995,0.901,6
0.73,0.269,393400,0.386,0,0.763,3,0.0969,-18.731,0,35,0.0362,79.661,0.598,5
0.435,0.48,199827,0.5329999999999999,0,0.0,5,0.295,-10.788,1,47,0.0264,93.182,0.519,3
0.88,0.63,236707,0.252,0,0.0,10,0.117,-11.693,1,40,0.0322,152.32299999999995,0.245,2
0.0524,0.354,262510,0.523,0,0.02,3,0.37,-16.164,1,22,0.039,127.125,0.594,5
0.0207,0.479,226427,0.979,0,0.0,10,0.722,-5.077,0,42,0.107,124.765,0.292,4
0.0617,0.7040000000000001,363933,0.428,0,0.0,1,0.126,-12.807,1,33,0.0388,124.018,0.199,3
0.575,0.591,219933,0.614,0,4.68e-05,9,0.35,-9.735,1,32,0.0392,84.396,0.847,5
0.986,0.393,138293,0.108,0,0.000272,2,0.6829999999999999,-21.799,1,0,0.068,99.908,0.19,8
0.0121,0.833,278760,0.498,0,1.04e-05,11,0.0822,-12.859000000000002,0,36,0.0942,110.28,0.8370000000000001,3
0.00805,0.546,343000,0.466,1,0.0,0,0.349,-7.62,1,44,0.278,129.953,0.41,3
0.736,0.522,87307,0.954,0,0.0,5,0.6629999999999999,-11.962,0,41,0.908,60.597,0.0732,2
0.993,0.32299999999999995,189000,0.407,0,2.59e-06,0,0.398,-10.192,1,0,0.0348,100.686,0.655,9
0.00304,0.211,241213,0.637,0,0.00185,8,0.107,-7.817,1,52,0.0515,119.224,0.14800000000000002,2
0.208,0.264,305760,0.828,0,7.4e-05,2,0.133,-6.195,0,30,0.0479,142.589,0.21,4
0.985,0.451,381400,0.199,0,0.907,8,0.16399999999999998,-17.279,1,11,0.0339,110.891,0.217,7
0.936,0.337,157760,0.247,0,8.77e-05,3,0.545,-11.02,1,45,0.0299,112.527,0.278,3
0.303,0.679,180267,0.6940000000000001,1,1.86e-06,9,0.132,-7.511,1,38,0.0854,116.589,0.853,2
0.993,0.51,215053,0.277,0,0.7829999999999999,6,0.117,-12.841,0,0,0.174,174.46599999999995,0.779,10
0.632,0.597,189503,0.363,0,0.0,10,0.134,-8.834,1,47,0.0258,106.994,0.188,1
0.34700000000000003,0.5820000000000001,242867,0.505,0,0.0173,2,0.133,-14.587,1,33,0.0384,96.981,0.7,5
0.995,0.45,197303,0.108,0,0.275,1,0.109,-17.665,0,0,0.054000000000000006,144.97299999999996,0.444,9
0.0118,0.5760000000000001,202093,0.9,0,0.0,5,0.628,-2.879,0,53,0.124,75.046,0.75,1
0.995,0.598,155453,0.643,0,0.932,10,0.122,-9.375,1,0,0.0452,88.479,0.963,8
0.25,0.518,269907,0.635,0,4.04e-06,0,0.532,-7.331,1,43,0.0557,111.368,0.369,3
0.0506,0.899,188107,0.735,1,0.0,4,0.15,-7.7189999999999985,1,74,0.4,143.001,0.884,0
0.0961,0.8270000000000001,374933,0.84,0,0.0174,1,0.107,-8.47,1,32,0.101,127.24,0.855,3
0.0374,0.7979999999999999,479998,0.58,0,0.879,0,0.109,-7.507999999999999,1,44,0.0595,128.00799999999998,0.6890000000000001,2
0.975,0.198,495640,0.0149,0,0.328,8,0.0837,-21.776,1,0,0.0445,83.104,0.0652,8
0.703,0.501,262867,0.409,0,0.0183,7,0.708,-10.958,1,49,0.0298,110.057,0.0986,2
0.675,0.493,42893,0.0249,0,0.993,3,0.57,-32.122,1,31,0.0446,114.786,0.111,3
0.0324,0.49,152200,0.6609999999999999,0,0.279,11,0.47,-11.987,1,39,0.0324,114.73,0.8240000000000001,3
0.106,0.912,194040,0.317,0,0.000208,6,0.0723,-12.719,0,36,0.0378,99.346,0.945,3
0.0356,0.657,135373,0.8009999999999999,0,7.3e-05,8,0.189,-5.853,1,16,0.0719,86.085,0.922,6
0.995,0.51,183253,0.103,0,0.965,4,0.151,-20.883000000000006,0,0,0.147,69.749,0.609,9
0.938,0.485,190280,0.174,0,0.0,9,0.0502,-12.848,1,5,0.0307,116.16,0.365,7
0.612,0.191,170240,0.328,0,0.004079999999999999,7,0.227,-10.54,0,0,0.0346,72.805,0.604,7
0.0073799999999999985,0.271,397960,0.449,0,0.0126,1,0.111,-10.873,1,22,0.041,176.845,0.0392,6
0.593,0.424,479467,0.4320000000000001,0,0.344,8,0.0764,-13.014,1,36,0.0422,174.03,0.8320000000000001,5
0.252,0.386,379880,0.591,0,4.46e-05,9,0.0592,-9.301,1,28,0.0377,166.362,0.65,5
0.221,0.763,189213,0.421,0,0.0,7,0.0754,-13.736,1,42,0.0861,162.333,0.917,3
0.917,0.232,756000,0.0313,0,0.464,2,0.16399999999999998,-29.28,1,0,0.0406,138.416,0.039,8
0.309,0.71,258120,0.6,0,0.000112,7,0.123,-9.098,0,52,0.0467,82.439,0.7070000000000001,2
0.027000000000000003,0.562,144733,0.97,0,0.00449,0,0.0636,-5.974,1,40,0.207,122.922,0.494,5
0.000118,0.544,228973,0.825,1,0.00106,1,0.295,-8.16,0,41,0.0405,159.053,0.782,3
0.928,0.813,164813,0.585,0,0.00191,2,0.0717,-4.367,1,0,0.0809,125.335,0.912,9
0.0268,0.86,378240,0.763,0,0.0108,7,0.19,-9.482,1,37,0.132,127.738,0.937,3
0.5660000000000001,0.5660000000000001,151213,0.287,0,2.99e-06,5,0.166,-11.475,0,14,0.0616,131.075,0.55,7
0.88,0.7,159099,0.423,0,0.377,9,0.0656,-9.704,1,0,0.105,96.741,0.962,8
0.725,0.575,380107,0.5529999999999999,0,0.0,7,0.135,-11.954,0,37,0.0427,104.575,0.747,4
0.74,0.484,200120,0.326,0,0.0,7,0.101,-8.704,1,59,0.0384,139.776,0.398,1
0.964,0.382,130863,0.258,0,0.173,8,0.35200000000000004,-9.785,1,1,0.0867,77.732,0.0784,8
0.0522,0.738,284600,0.547,1,1.23e-06,8,0.109,-6.54,1,51,0.133,142.05200000000005,0.306,1
0.425,0.611,211320,0.5660000000000001,0,0.000954,9,0.878,-11.715,1,53,0.0295,125.24,0.639,3
3.04e-06,0.249,212760,0.828,1,0.951,3,0.112,-10.821,0,42,0.0685,120.23,0.279,3
0.995,0.7090000000000001,181173,0.062,0,0.0034100000000000003,5,0.12,-12.207,1,27,0.048,85.854,0.5529999999999999,10
0.00377,0.8740000000000001,354907,0.479,0,0.0,1,0.754,-9.736,1,34,0.362,95.011,0.287,3
0.995,0.269,333933,0.008879999999999999,0,0.919,8,0.102,-30.658,1,35,0.0452,66.892,0.0945,2
0.954,0.183,156667,0.113,0,3.88e-05,1,0.104,-15.745,1,31,0.0287,85.134,0.182,8
0.755,0.498,333933,0.302,0,0.000271,10,0.0888,-12.529000000000002,1,55,0.0329,77.999,0.386,5
0.688,0.5579999999999999,250627,0.211,0,0.000496,10,0.114,-17.965,1,31,0.0314,89.34299999999998,0.431,4
0.303,0.435,161960,0.335,0,0.0,1,0.253,-14.132,1,22,0.114,96.01,0.493,4
0.0197,0.462,243267,0.434,0,0.0604,11,0.508,-12.799,1,50,0.0502,105.112,0.537,5
0.0221,0.301,533493,0.935,0,0.8540000000000001,9,0.215,-7.584,0,43,0.1,139.239,0.145,4
0.07,0.76,209440,0.644,0,1.91e-05,1,0.155,-8.971,1,45,0.0431,99.954,0.779,2
0.996,0.667,35173,0.158,0,0.901,7,0.114,-22.558000000000003,1,4,0.0925,107.152,0.95,8
0.128,0.701,278872,0.784,0,0.0,0,0.0713,-7.2120000000000015,1,54,0.204,145.249,0.7120000000000001,5
0.0157,0.606,221160,0.816,0,0.6629999999999999,6,0.242,-10.015,0,30,0.0941,118.245,0.61,5
0.5720000000000001,0.638,199600,0.377,0,0.0,2,0.102,-15.64,1,52,0.0341,81.911,0.778,2
0.612,0.593,201427,0.368,0,0.0,9,0.0905,-12.257,1,53,0.0337,128.8,0.484,5
0.634,0.608,168027,0.17800000000000002,0,0.35200000000000004,2,0.166,-17.109,1,54,0.0264,84.78,0.401,6
0.994,0.584,199400,0.265,0,0.00123,7,0.18,-10.175,0,0,0.0987,172.34799999999996,0.855,8
0.31,0.33,292067,0.469,0,2.3e-06,10,0.0402,-9.286,0,70,0.0335,201.327,0.433,4
0.979,0.17600000000000002,203500,0.0244,0,0.8640000000000001,2,0.0881,-32.609,1,66,0.0391,64.747,0.0932,0
0.387,0.613,215827,0.307,0,4.52e-06,2,0.087,-17.385,1,58,0.0414,117.305,0.789,6
0.631,0.447,246132,0.284,0,0.49,10,0.7509999999999999,-21.063,1,18,0.0924,170.456,0.35600000000000004,6
0.6659999999999999,0.28,258853,0.207,0,0.000106,7,0.562,-16.352,1,29,0.0294,88.988,0.203,6
0.984,0.35,176933,0.114,0,0.0101,2,0.285,-15.725,0,56,0.0332,113.382,0.265,3
0.0214,0.863,205280,0.584,0,3.76e-06,2,0.0526,-4.203,1,44,0.257,91.968,0.7859999999999999,2
0.6,0.29,282360,0.574,0,0.0,6,0.149,-5.3870000000000005,1,48,0.112,197.431,0.48,2
0.994,0.669,161004,0.275,0,6.88e-06,0,0.165,-12.431,1,0,0.0937,104.545,0.591,9
0.000306,0.537,249667,0.887,0,0.0508,11,0.0621,-6.697,0,41,0.0575,93.924,0.281,2
0.961,0.594,190493,0.453,0,0.0334,0,0.084,-10.92,1,0,0.0333,161.468,0.721,7
0.98,0.7020000000000001,198453,0.0623,0,9.08e-05,0,0.0991,-20.926,1,2,0.0582,123.43,0.586,9
0.156,0.448,311200,0.43,0,1.36e-06,2,0.154,-10.034,1,23,0.0306,104.286,0.327,5
0.321,0.364,154893,0.6559999999999999,0,3.04e-06,7,0.105,-6.006,1,39,0.0479,175.43099999999995,0.906,5
0.377,0.784,214467,0.5429999999999999,0,1.81e-06,9,0.0507,-8.079,1,41,0.0529,99.514,0.8690000000000001,3
0.135,0.552,171280,0.633,0,0.0,7,0.302,-7.352,1,44,0.034,99.566,0.787,2
0.14300000000000002,0.636,155747,0.83,0,0.0,2,0.0584,-4.152,1,53,0.0391,152.172,0.887,2
0.067,0.59,346960,0.743,0,0.00093,0,0.0847,-7.0779999999999985,0,48,0.0347,129.79,0.412,4
0.219,0.633,228667,0.934,0,0.00021,0,0.0592,-3.594,1,23,0.0344,128.606,0.963,5
0.758,0.325,263372,0.362,0,0.0,5,0.118,-10.011,1,55,0.061,85.885,0.158,1
0.242,0.8290000000000001,275931,0.665,0,1.75e-05,2,0.123,-8.128,1,57,0.0868,122.043,0.861,2
0.629,0.199,93587,0.207,0,0.7929999999999999,5,0.0634,-13.703,1,12,0.0332,132.457,0.0839,7
0.25,0.7390000000000001,248382,0.453,0,0.0148,5,0.289,-8.363,0,60,0.0449,139.91899999999998,0.636,1
0.991,0.828,168013,0.227,0,0.41,9,0.109,-12.137,1,0,0.103,115.997,0.863,10
0.401,0.584,302413,0.6709999999999999,0,0.0,0,0.0406,-5.697,0,44,0.0378,95.158,0.919,5
0.111,0.5539999999999999,245467,0.532,0,0.00042,5,0.156,-7.18,1,32,0.0241,76.04899999999998,0.173,3
0.8109999999999999,0.349,141781,0.158,0,1.74e-06,5,0.102,-14.878,1,6,0.0314,137.316,0.344,8
0.981,0.603,151413,0.154,0,0.8859999999999999,0,0.113,-21.759,1,3,0.0367,112.459,0.578,7
0.8959999999999999,0.601,140133,0.424,0,0.0,10,0.139,-11.01,1,17,0.0369,102.858,0.546,7
0.964,0.264,131560,0.126,0,0.935,8,0.14,-24.278,1,0,0.0296,89.06299999999996,0.0544,9
0.485,0.297,258206,0.168,0,0.000412,11,0.0998,-14.368,1,23,0.0309,136.7,0.431,5
0.418,0.6729999999999999,175640,0.508,0,0.0,5,0.0888,-9.906,1,37,0.0289,118.959,0.889,5
0.934,0.371,240480,0.245,0,0.00571,8,0.116,-8.97,1,6,0.0377,79.387,0.5710000000000001,6
0.0748,0.725,203267,0.524,0,0.764,11,0.0819,-11.121,1,60,0.116,185.134,0.961,4
0.989,0.161,225800,0.0853,0,0.918,0,0.172,-24.158,1,0,0.0482,173.00599999999997,0.493,8
0.994,0.38,335547,0.0331,0,0.915,4,0.0972,-25.81,1,0,0.0351,70.75399999999998,0.0951,10
0.00543,0.614,129478,0.598,0,0.0,10,0.1,-6.335,0,66,0.0561,105.803,0.565,1
0.415,0.529,221427,0.509,0,0.0,0,0.171,-8.926,1,48,0.0253,142.311,0.27,3
0.000109,0.3720000000000001,215693,0.953,0,0.0,11,0.188,-4.189,1,46,0.266,174.042,0.61,2
0.8390000000000001,0.736,132160,0.504,0,2.67e-06,11,0.0773,-7.824,1,17,0.0327,126.697,0.737,7
0.765,0.568,202733,0.253,0,0.0,2,0.0696,-13.607,1,35,0.0261,99.082,0.366,2
0.5529999999999999,0.425,245693,0.596,0,0.755,7,0.141,-9.289,1,36,0.0316,94.157,0.589,5
0.987,0.6609999999999999,140533,0.0889,0,0.0029100000000000003,3,0.0813,-12.231,1,19,0.0814,89.65799999999999,0.594,9
0.995,0.7090000000000001,189213,0.14300000000000002,0,0.408,4,0.125,-18.044,1,0,0.174,81.435,0.7659999999999999,8
0.000866,0.434,229373,0.8109999999999999,0,0.00411,11,0.0917,-3.051,1,43,0.0867,84.852,0.531,1
0.975,0.29,238293,0.0326,0,3.5700000000000014e-05,0,0.309,-20.213,1,0,0.0561,165.10299999999995,0.153,8
0.927,0.204,207267,0.0331,0,0.825,2,0.0954,-24.044,0,66,0.0487,116.2,0.0547,2
0.899,0.575,205733,0.152,0,0.84,3,0.116,-13.837,1,0,0.0472,92.441,0.46,7
0.341,0.718,97500,0.29,1,0.0,1,0.615,-16.548,1,0,0.958,99.451,0.407,10
0.986,0.279,196600,0.254,0,0.0007700000000000001,7,0.405,-12.409,0,0,0.0513,75.942,0.173,7
0.385,0.472,129920,0.406,0,9.65e-06,0,0.316,-7.559,1,42,0.032,111.607,0.6679999999999999,3
0.98,0.12,59587,0.126,0,0.88,9,0.112,-19.269,1,0,0.0474,177.822,0.116,8
0.00703,0.41,197240,0.542,0,0.177,5,0.142,-11.967,1,32,0.0389,121.748,0.489,6
0.977,0.386,205113,0.199,0,0.000608,8,0.35600000000000004,-17.322,1,0,0.0469,118.414,0.489,8
0.97,0.484,421813,0.173,0,0.6759999999999999,4,0.146,-15.808,0,1,0.0431,86.905,0.423,9
0.76,0.555,300307,0.614,0,0.0,0,0.203,-10.067,1,31,0.0337,128.761,0.508,5
0.0107,0.6859999999999999,220905,0.403,0,4.25e-05,2,0.113,-10.961,1,4,0.0586,139.965,0.772,9
0.232,0.528,201600,0.421,0,0.0,2,0.159,-16.302,1,43,0.0858,85.449,0.763,5
0.118,0.7140000000000001,226747,0.916,0,3.34e-05,9,0.265,-5.062,1,43,0.0378,123.057,0.939,4
0.395,0.597,229760,0.417,0,8.35e-06,2,0.128,-7.952000000000001,1,65,0.0502,143.839,0.263,1
0.609,0.8079999999999999,229507,0.267,0,0.00343,4,0.119,-10.415,1,51,0.0426,129.266,0.32,1
0.47,0.768,192427,0.422,0,0.000308,6,0.217,-9.564,1,41,0.0937,112.972,0.952,3
0.0105,0.516,215693,0.747,0,9.29e-06,0,0.106,-8.673,0,24,0.0789,130.871,0.502,4
0.255,0.813,187707,0.622,0,1.57e-06,7,0.339,-7.222,1,55,0.0376,106.1,0.955,3
0.7190000000000001,0.19,165400,0.381,0,1.63e-05,9,0.289,-10.475,1,12,0.0294,176.722,0.324,6
0.871,0.6609999999999999,214333,0.233,0,0.0,3,0.112,-6.8679999999999986,1,21,0.0353,105.121,0.383,7
0.6809999999999999,0.664,170640,0.472,0,0.0,2,0.0864,-13.575,1,45,0.175,122.142,0.59,4
0.638,0.815,273493,0.515,0,0.0008619999999999999,6,0.655,-10.966,0,39,0.0397,131.22899999999998,0.96,4
0.249,0.634,235027,0.649,0,0.0443,9,0.14400000000000002,-8.818,0,35,0.0322,119.434,0.443,4
0.0309,0.331,159773,0.946,1,5.62e-06,7,0.254,-4.599,1,64,0.0775,139.965,0.534,2
0.928,0.6759999999999999,178680,0.174,0,0.637,0,0.0998,-17.531,0,5,0.0376,136.864,0.657,7
0.0063100000000000005,0.6409999999999999,181253,0.7240000000000001,0,7.08e-05,8,0.0724,-3.843,1,48,0.0483,89.971,0.748,2
0.8859999999999999,0.421,131227,0.0794,0,0.0,3,0.128,-16.983,1,30,0.0273,91.442,0.338,6
0.988,0.637,160627,0.184,0,0.804,7,0.139,-13.972,1,0,0.044,92.332,0.611,8
0.0361,0.631,99300,0.223,1,0.0,5,0.532,-18.667,0,0,0.963,166.75799999999995,0.401,10
2.02e-05,0.368,260787,0.981,0,0.00549,2,0.129,-4.084,0,58,0.12,165.018,0.277,2
0.0987,0.91,463733,0.5760000000000001,0,0.0023,11,0.195,-13.255999999999998,0,42,0.109,112.877,0.907,4
0.0183,0.508,216053,0.8340000000000001,0,0.0,2,0.0732,-6.205,1,37,0.0386,139.134,0.774,4
0.938,0.56,566427,0.322,0,0.573,8,0.102,-14.73,1,28,0.0428,80.122,0.586,7
0.29,0.5579999999999999,187431,0.419,0,0.0,8,0.102,-9.832,1,44,0.0373,175.62599999999995,0.66,3
0.24,0.603,158474,0.743,0,0.00392,7,0.147,-6.569,1,65,0.0395,162.265,0.5329999999999999,1
0.0386,0.556,279800,0.565,0,0.0,0,0.102,-10.818,1,37,0.0332,165.69299999999996,0.416,3
0.0658,0.8,218600,0.665,0,7.219999999999999e-05,8,0.1,-7.015,1,60,0.212,116.023,0.118,1
0.971,0.348,85213,0.0712,0,4.86e-06,1,0.555,-28.545,1,0,0.0602,86.835,0.128,8
0.00109,0.465,223733,0.8440000000000001,0,0.399,1,0.0865,-4.352,0,60,0.0379,170.358,0.155,2
0.313,0.388,221453,0.648,0,0.0,1,0.195,-10.409,1,34,0.0863,148.738,0.622,5
0.44,0.695,221773,0.8420000000000001,0,0.000168,2,0.0632,-7.957000000000002,0,30,0.0404,129.83700000000002,0.752,5
0.000665,0.407,278933,0.735,0,0.578,2,0.231,-8.592,1,50,0.0409,124.612,0.458,6
0.624,0.644,176973,0.189,0,0.585,0,0.214,-19.707,1,0,0.1,123.313,0.7070000000000001,7
0.0408,0.509,476067,0.8140000000000001,0,2.730000000000001e-05,7,0.0668,-10.11,0,37,0.0611,86.786,0.921,5
0.736,0.479,161680,0.619,0,0.0,0,0.474,-8.095,0,13,0.0332,125.183,0.875,6
0.985,0.361,208920,0.107,0,0.0,0,0.106,-18.552,1,0,0.0752,164.705,0.231,8
0.952,0.643,94411,0.482,0,0.0445,4,0.17600000000000002,-8.741,0,0,0.0773,109.616,0.964,8
0.758,0.69,409173,0.431,0,0.5589999999999999,0,0.0651,-14.485,0,23,0.029,110.207,0.7929999999999999,6
0.00107,0.8009999999999999,177400,0.909,0,0.000542,2,0.0565,-7.535,1,29,0.0935,106.073,0.708,3
0.855,0.598,339960,0.632,0,0.485,7,0.17,-15.084,0,30,0.0443,147.8,0.826,7
0.289,0.792,245409,0.516,0,0.000151,7,0.0862,-10.438,1,29,0.0462,134.434,0.648,5
0.584,0.151,359840,0.14,0,0.578,5,0.187,-24.202,1,17,0.0445,98.925,0.132,7
0.0758,0.7959999999999999,169760,0.519,0,0.0,11,0.444,-8.09,0,27,0.0511,149.929,0.4920000000000001,0
0.7809999999999999,0.8640000000000001,199933,0.5489999999999999,0,0.0143,7,0.0996,-9.741,1,49,0.0555,105.045,0.718,5
0.841,0.529,535067,0.16699999999999998,0,0.111,11,0.154,-20.658,0,30,0.0459,105.452,0.471,4
0.996,0.373,168800,0.0148,0,0.959,5,0.0938,-28.532,1,14,0.0615,72.42,0.33,8
0.826,0.315,729333,0.11,0,0.645,5,0.145,-15.014,1,0,0.0403,138.921,0.129,7
0.521,0.387,1619373,0.514,0,0.28,10,0.1,-9.092,0,40,0.034,98.57,0.16899999999999998,5
0.741,0.523,217200,0.539,0,0.0,11,0.21,-7.1679999999999975,1,32,0.0372,114.772,0.755,5
0.0977,0.662,274573,0.482,0,0.00234,1,0.209,-9.251,0,35,0.091,80.098,0.404,3
0.726,0.763,138160,0.378,0,0.0,7,0.263,-12.268,1,14,0.0395,121.005,0.909,7
0.602,0.64,404800,0.401,0,0.76,7,0.0962,-17.807000000000006,1,39,0.0377,100.435,0.4320000000000001,5
0.135,0.5479999999999999,218296,0.8390000000000001,0,0.0,6,0.102,-2.371,1,68,0.0644,98.932,0.314,1
0.0947,0.463,288800,0.695,0,2.84e-06,2,0.0793,-5.709,1,33,0.0654,171.032,0.399,4
0.145,0.664,284040,0.61,1,0.0,7,0.097,-6.432,0,65,0.339,76.024,0.472,1
0.154,0.7,98900,0.33,1,0.0,5,0.205,-16.942,0,0,0.912,134.707,0.236,10
0.0132,0.556,160183,0.45,0,0.00194,5,0.442,-9.895,1,0,0.0363,117.523,0.7190000000000001,8
0.281,0.632,267520,0.924,1,0.0,1,0.263,-1.802,1,70,0.29,86.844,0.441,2
0.943,0.231,189067,0.245,0,6.01e-05,4,0.14300000000000002,-13.564,0,33,0.0362,90.148,0.191,3
0.0193,0.622,179908,0.738,0,0.000232,2,0.224,-9.545,1,0,0.0327,104.976,0.5429999999999999,8
0.936,0.52,192813,0.173,0,0.018000000000000002,2,0.0728,-12.781,1,1,0.0569,85.618,0.5720000000000001,8
0.0184,0.804,195853,0.79,0,0.0498,10,0.0783,-5.977,0,27,0.0793,115.051,0.748,4
0.0578,0.672,197933,0.706,0,7.43e-05,9,0.0595,-5.551,1,41,0.0779,124.782,0.6579999999999999,3
0.898,0.498,251356,0.263,0,0.0,8,0.138,-12.46,1,56,0.0299,76.967,0.246,2
0.394,0.332,320867,0.37,0,0.0,5,0.14300000000000002,-10.081,1,33,0.033,174.642,0.366,3
0.994,0.14400000000000002,189867,0.395,0,0.898,1,0.123,-15.121,1,0,0.0677,76.765,0.0819,9
5.17e-05,0.467,206227,0.986,0,9.21e-05,9,0.29100000000000004,-2.69,1,53,0.0634,159.935,0.4,1
0.00745,0.621,222040,0.802,0,2.67e-05,10,0.597,-3.285,0,58,0.04,97.012,0.887,1
0.28300000000000003,0.563,210520,0.383,0,2.59e-06,2,0.127,-7.544,0,58,0.0322,173.984,0.35700000000000004,1
0.0143,0.539,173920,0.39,0,0.000125,4,0.174,-8.341000000000001,0,65,0.0293,119.791,0.361,1
0.948,0.453,111533,0.527,0,0.947,3,0.103,-13.148,1,0,0.181,136.493,0.106,8
0.848,0.746,186200,0.292,0,0.266,0,0.183,-15.295,1,30,0.0492,76.059,0.524,6
0.992,0.241,167867,0.109,0,0.853,1,0.0771,-19.286,1,0,0.0377,79.97399999999998,0.0379,10
0.421,0.875,145005,0.616,0,0.0,5,0.0739,-7.541,1,48,0.0346,105.634,0.971,3
0.947,0.433,168707,0.0565,0,2.02e-06,1,0.795,-20.857,1,0,0.0687,121.233,0.0817,7
0.246,0.503,419000,0.591,0,2.39e-05,5,0.508,-11.378,1,27,0.181,85.01,0.648,5
0.736,0.593,186507,0.363,0,2.15e-05,10,0.0829,-11.687,0,18,0.247,149.417,0.439,7
0.398,0.637,659960,0.317,0,0.0,10,0.738,-17.0,0,14,0.956,85.75299999999999,0.44,8
0.877,0.29,402600,0.0809,0,0.00285,3,0.239,-19.507,1,52,0.0488,99.003,0.0968,3
0.63,0.665,150920,0.435,0,0.0,10,0.158,-10.537,1,13,0.145,110.176,0.748,6
0.127,0.585,288771,0.98,0,0.0,5,0.6920000000000001,-0.826,1,56,0.37,141.945,0.8370000000000001,1
0.887,0.637,227619,0.129,0,0.0,11,0.0719,-17.082,1,66,0.0346,125.802,0.298,1
0.106,0.478,166240,0.725,0,0.166,6,0.633,-12.419,0,33,0.0581,152.1,0.6920000000000001,5
0.979,0.241,145714,0.0628,0,0.936,2,0.0865,-26.156,0,60,0.0488,70.024,0.039,1
0.225,0.526,261543,0.575,0,0.0,9,0.108,-5.215,0,77,0.0309,84.04700000000003,0.19,0
0.98,0.397,171827,0.114,0,0.0199,2,0.16,-19.741,0,0,0.0399,103.839,0.381,9
0.93,0.679,171227,0.287,0,0.212,10,0.0627,-10.867,0,3,0.0427,111.344,0.7759999999999999,10
0.879,0.17800000000000002,229733,0.168,0,0.847,8,0.746,-14.774,1,31,0.037000000000000005,65.65,0.0366,4
0.00454,0.622,217973,0.469,0,2.25e-06,3,0.0398,-6.797999999999999,0,66,0.0363,77.01899999999998,0.679,1
0.5539999999999999,0.431,149867,0.229,0,0.0,9,0.236,-11.198,1,43,0.0627,166.22400000000005,0.631,4
0.68,0.545,170240,0.21600000000000005,0,0.0,0,0.07400000000000001,-11.501,1,34,0.0387,131.131,0.531,7
0.65,0.542,278200,0.7609999999999999,0,0.815,0,0.603,-10.572,1,22,0.064,110.018,0.561,5
0.7759999999999999,0.635,169013,0.506,0,1.46e-06,9,0.118,-12.642,1,13,0.0395,89.154,0.8240000000000001,7
0.902,0.264,350933,0.191,0,0.0398,1,0.103,-16.879,1,40,0.03,170.208,0.16,3
0.98,0.4920000000000001,837813,0.232,0,0.902,1,0.129,-11.977,1,37,0.0342,105.689,0.16899999999999998,6
0.00632,0.736,231847,0.7559999999999999,0,0.00577,11,0.106,-7.099,1,72,0.047,117.016,0.7120000000000001,1
0.42,0.722,207813,0.903,0,0.000371,4,0.118,-1.261,0,69,0.0331,132.006,0.445,1
0.993,0.409,175440,0.00218,0,0.901,5,0.0632,-42.236,1,40,0.052000000000000005,129.924,0.325,4
0.158,0.496,249013,0.82,0,0.246,5,0.13,-5.155,1,61,0.112,110.977,0.5489999999999999,2
0.865,0.517,137387,0.151,0,0.000701,10,0.099,-14.102,1,17,0.0275,95.502,0.462,6
0.00356,0.251,378040,0.977,0,0.000138,8,0.17800000000000002,-5.48,0,40,0.415,156.36,0.0662,4
0.971,0.696,189022,0.38,0,7.23e-05,6,0.0731,-10.099,1,3,0.223,91.944,0.8320000000000001,8
0.994,0.657,251093,0.166,0,0.394,7,0.165,-20.667,1,0,0.863,77.238,0.526,7
0.308,0.616,267680,0.525,0,3.58e-06,2,0.161,-10.636,1,55,0.0269,155.889,0.456,2
0.342,0.77,244933,0.8740000000000001,0,0.0262,6,0.112,-7.941,0,41,0.0493,119.296,0.967,4
0.614,0.591,139533,0.6970000000000001,0,0.073,4,0.349,-5.455,1,9,0.0568,104.539,0.748,6
0.0618,0.71,239613,0.659,0,0.0235,5,0.0945,-8.39,1,48,0.0334,128.034,0.922,2
0.000251,0.279,192853,0.984,0,0.135,7,0.135,-3.688,1,45,0.102,105.223,0.363,3
0.0348,0.637,222987,0.596,0,1.99e-05,10,0.117,-7.485,1,60,0.028,145.183,0.377,1
0.0275,0.438,341520,0.932,0,0.8740000000000001,9,0.0809,-6.947,1,30,0.0283,105.256,0.962,4
0.0414,0.5710000000000001,233960,0.935,0,0.0165,7,0.0932,-8.511000000000001,1,31,0.0367,151.467,0.583,3
0.266,0.413,123400,0.925,0,2e-05,7,0.16399999999999998,-8.202,1,17,0.101,168.054,0.8059999999999999,6
0.578,0.5589999999999999,170640,0.6609999999999999,0,0.0,7,0.376,-8.769,1,38,0.0323,162.935,0.862,6
0.389,0.7190000000000001,166173,0.534,0,7.92e-06,3,0.363,-9.804,1,38,0.0274,129.986,0.8320000000000001,3
0.168,0.394,275333,0.274,0,8.55e-06,5,0.105,-14.314,1,53,0.031,116.801,0.166,3
0.758,0.43,295107,0.13699999999999998,0,0.000152,0,0.127,-16.523,1,31,0.0317,132.958,0.371,6
0.6559999999999999,0.762,115733,0.381,0,0.8290000000000001,10,0.101,-15.57,1,24,0.066,149.839,0.6509999999999999,6
0.941,0.498,382160,0.26,0,0.7040000000000001,5,0.141,-10.571,1,21,0.0404,66.48899999999999,0.36,7
0.0043,0.46,297880,0.653,0,0.0068200000000000005,7,0.0695,-5.1560000000000015,1,46,0.0264,76.07300000000002,0.375,2
0.442,0.718,412107,0.28,0,0.0,6,0.405,-16.815,1,12,0.948,126.979,0.562,8
0.0656,0.76,281573,0.696,0,0.0,5,0.0945,-9.46,1,38,0.253,97.008,0.5429999999999999,2
0.917,0.695,167133,0.413,0,6.61e-05,5,0.366,-9.819,1,4,0.187,126.281,0.8440000000000001,9
0.0742,0.5379999999999999,265307,0.763,0,3.54e-06,5,0.116,-5.238,1,48,0.0264,100.837,0.384,3
0.991,0.345,256613,0.0828,0,0.0,3,0.0954,-16.187,0,0,0.0647,168.827,0.202,9
0.598,0.394,281880,0.262,0,7.62e-06,7,0.141,-14.039,1,33,0.0314,114.241,0.334,5
0.85,0.302,153280,0.28800000000000003,0,0.8540000000000001,5,0.11,-10.936,0,17,0.0294,90.01299999999998,0.187,7
0.928,0.458,170489,0.0256,0,6.68e-06,5,0.117,-16.635,0,4,0.037000000000000005,88.475,0.298,7
0.0613,0.5660000000000001,216773,0.898,0,0.0,9,0.126,-3.659,1,60,0.0634,115.954,0.7909999999999999,2
0.0407,0.599,258600,0.706,0,1.23e-05,0,0.114,-9.827,1,27,0.0411,154.29,0.56,4
0.748,0.313,240800,0.0666,0,0.0,7,0.277,-20.801,1,20,0.0357,102.314,0.123,7
0.6809999999999999,0.731,153000,0.718,0,0.156,10,0.0977,-8.775,1,21,0.175,97.106,0.615,7
0.00346,0.501,200838,0.674,0,3.5600000000000005e-05,5,0.282,-6.363,1,86,0.0408,155.05100000000004,0.152,0
0.239,0.6759999999999999,281987,0.441,0,0.34700000000000003,7,0.0515,-12.684,1,21,0.0244,81.525,0.789,5
0.636,0.637,208120,0.6559999999999999,0,0.00692,11,0.0941,-9.486,1,50,0.0431,80.438,0.6659999999999999,2
0.498,0.821,257440,0.64,0,2.99e-05,5,0.158,-9.326,0,47,0.0349,117.51,0.7909999999999999,1
0.975,0.275,176013,0.16899999999999998,0,2.32e-05,10,0.443,-11.264,1,7,0.0325,104.401,0.0969,7
0.00241,0.555,172613,0.909,0,0.000114,6,0.229,-7.484,0,63,0.0773,128.97,0.653,2
0.402,0.94,280680,0.621,1,0.079,4,0.245,-4.615,0,48,0.199,106.001,0.6940000000000001,2
0.954,0.394,319533,0.24,0,1.13e-06,9,0.378,-9.846,1,3,0.0407,87.50200000000002,0.28600000000000003,7
0.0743,0.631,254053,0.795,0,0.0178,4,0.128,-4.713,1,34,0.0305,132.274,0.7490000000000001,5
5.41e-05,0.509,176373,0.951,1,0.0,1,0.305,-3.856,0,52,0.0827,120.03,0.435,2
0.847,0.386,263213,0.218,0,1.13e-06,0,0.0553,-14.287,1,30,0.0508,137.911,0.174,6
0.593,0.51,237760,0.515,0,1.24e-06,5,0.654,-7.247000000000001,1,67,0.0253,93.212,0.331,5
0.745,0.71,124533,0.649,0,0.0,0,0.341,-8.461,1,38,0.0344,125.371,0.949,6
0.809,0.412,184854,0.293,0,2.77e-05,7,0.0967,-11.206,1,52,0.0537,183.241,0.672,3
0.917,0.201,202227,0.439,0,0.8240000000000001,3,0.292,-7.53,1,2,0.0352,121.052,0.27,7
0.0636,0.774,130403,0.507,1,0.0,1,0.138,-6.952000000000001,0,68,0.065,140.067,0.508,1
0.987,0.439,321920,0.562,0,0.000573,9,0.315,-5.315,1,0,0.0995,97.676,0.907,8
0.402,0.5760000000000001,323640,0.443,0,0.000183,0,0.141,-6.52,0,47,0.0255,67.048,0.258,1
0.903,0.206,165881,0.339,0,0.7859999999999999,8,0.154,-12.422,1,8,0.0363,117.69,0.399,6
0.0218,0.636,258333,0.851,0,0.0012,7,0.106,-9.328,1,25,0.0283,103.948,0.8270000000000001,4
0.329,0.261,320579,0.6779999999999999,0,0.498,4,0.109,-9.121,0,21,0.0514,191.582,0.748,6
0.308,0.723,261360,0.452,1,0.0064,11,0.0923,-9.42,0,53,0.0328,125.015,0.375,2
0.92,0.486,151307,0.322,0,0.0,3,0.725,-19.529,1,16,0.773,94.174,0.8340000000000001,6
0.234,0.294,390800,0.613,0,0.0004980000000000001,1,0.139,-10.527,1,52,0.0374,112.767,0.231,3
0.149,0.483,325400,0.79,0,0.00222,0,0.235,-7.932,1,41,0.0311,103.609,0.848,5
0.5529999999999999,0.55,158640,0.426,0,0.16899999999999998,3,0.107,-11.168,1,16,0.0339,169.97,0.42,6
0.561,0.728,216843,0.385,0,2.22e-06,10,0.0571,-6.52,1,66,0.0364,139.922,0.922,1
0.995,0.407,106507,0.0126,0,0.96,6,0.0785,-30.101,1,6,0.051,137.524,0.229,7
0.189,0.63,231933,0.6970000000000001,0,0.000258,6,0.116,-10.654000000000002,1,46,0.0311,124.956,0.7959999999999999,4
0.000655,0.325,227800,0.986,0,4.33e-06,7,0.0224,-2.757,1,44,0.225,135.637,0.142,2
0.278,0.5720000000000001,233093,0.597,0,0.0,4,0.318,-8.976,1,35,0.0273,151.852,0.532,2
0.979,0.652,165933,0.142,0,0.000327,5,0.13699999999999998,-11.550999999999998,0,0,0.0442,100.299,0.525,9
0.506,0.62,364000,0.34700000000000003,0,0.473,10,0.0672,-15.882,1,26,0.0274,95.507,0.374,4
0.438,0.7959999999999999,198907,0.491,0,7.86e-06,5,0.0635,-10.276,1,28,0.0578,112.69,0.936,5
0.0317,0.627,96789,0.32,1,0.0,1,0.404,-14.132,1,0,0.952,173.833,0.415,10
0.725,0.645,226604,0.446,0,3.4e-05,0,0.175,-8.584,1,50,0.0335,97.122,0.672,3
0.0625,0.48,247547,0.7170000000000001,1,0.000685,0,0.0814,-6.6629999999999985,1,52,0.23,109.756,0.335,1
0.977,0.41,179632,0.16399999999999998,0,0.328,6,0.27,-10.009,1,0,0.0344,69.969,0.0676,8
0.193,0.443,126747,0.847,0,0.0,2,0.29,-6.144,1,19,0.0757,177.44,0.703,6
3.53e-05,0.5479999999999999,221507,0.918,0,0.0286,4,0.0797,-5.73,0,54,0.0545,107.977,0.28,1
0.995,0.527,161027,0.08900000000000001,0,0.916,2,0.11,-24.81,1,0,0.0399,72.64,0.35600000000000004,10
0.629,0.3670000000000001,152627,0.208,0,0.0584,4,0.106,-16.734,1,66,0.0363,172.358,0.6629999999999999,2
0.0186,0.639,159844,0.978,0,0.0818,2,0.371,-2.4090000000000003,1,55,0.0463,128.056,0.244,1
0.174,0.789,231573,0.55,1,0.0,11,0.0614,-7.422999999999999,0,60,0.0473,172.049,0.696,2
0.7929999999999999,0.422,154213,0.768,0,0.977,5,0.289,-9.701,1,28,0.0546,180.112,0.211,4
0.111,0.578,187813,0.772,0,0.8240000000000001,2,0.555,-10.388,1,34,0.0456,126.926,0.741,5
0.986,0.519,177867,0.35600000000000004,0,0.326,10,0.163,-7.022,1,0,0.154,128.237,0.493,8
0.393,0.6579999999999999,128920,0.527,0,0.0,1,0.122,-7.569,1,31,0.0345,123.45,0.821,6
0.944,0.417,499525,0.0213,0,0.0,7,0.236,-16.656,1,0,0.0465,135.60399999999998,0.0483,7
0.000496,0.569,300440,0.932,0,0.0342,11,0.259,-5.659,0,50,0.0388,120.858,0.944,3
0.894,0.244,817467,0.201,0,0.34,10,0.0971,-19.12,1,22,0.044,102.201,0.0724,6
0.521,0.691,170467,0.584,0,0.0,0,0.114,-8.988,1,25,0.0455,124.696,0.92,6
0.6579999999999999,0.257,240933,0.293,0,0.000145,4,0.109,-9.398,1,44,0.0297,171.967,0.229,2
0.00129,0.366,459267,0.902,0,0.175,7,0.981,-5.766,1,29,0.042,113.495,0.5479999999999999,5
0.89,0.313,225400,0.14400000000000002,0,0.0,5,0.136,-18.778,1,15,0.0527,148.285,0.16899999999999998,7
7.36e-05,0.556,330360,0.929,0,0.38,1,0.237,-5.055,1,48,0.0637,121.48,0.44,3
0.976,0.385,199933,0.677,0,0.926,4,0.294,-7.148,1,0,0.0525,111.406,0.7929999999999999,8
0.848,0.392,264960,0.334,0,0.006490000000000001,5,0.222,-21.256,0,9,0.035,119.758,0.594,6
0.8859999999999999,0.81,159707,0.22,0,0.000791,5,0.0681,-17.658,1,0,0.117,131.164,0.918,9
0.0355,0.7020000000000001,346300,0.555,0,0.0,1,0.0741,-8.738999999999999,0,43,0.0401,111.714,0.484,1
0.001,0.51,274615,0.862,1,4.28e-06,7,0.0893,-5.105,1,60,0.028,156.126,0.461,1
0.105,0.7659999999999999,250616,0.7390000000000001,0,0.0,6,0.084,-3.011,0,62,0.0835,110.018,0.7509999999999999,1
0.00932,0.28,389480,0.329,0,0.000184,4,0.102,-18.789,1,25,0.0363,109.521,0.331,5
0.000412,0.565,218933,0.927,1,4.53e-06,6,0.0269,-3.689,1,51,0.114,131.905,0.481,2
0.0101,0.779,238773,0.818,0,0.000381,11,0.0993,-7.7,1,35,0.14300000000000002,91.997,0.75,3
0.183,0.7070000000000001,185307,0.787,0,0.0,4,0.136,-12.579,1,50,0.196,180.857,0.956,3
0.29600000000000004,0.7190000000000001,316293,0.847,1,0.0,9,0.13,-6.7010000000000005,1,36,0.474,91.068,0.467,3
0.889,0.611,164933,0.344,0,0.00645,8,0.0829,-10.449000000000002,1,6,0.0347,102.111,0.406,7
0.129,0.515,196784,0.8320000000000001,0,0.000109,7,0.433,-6.193,0,35,0.058,112.45,0.623,5
0.0378,0.8270000000000001,170387,0.8320000000000001,0,2.57e-05,0,0.157,-5.3729999999999976,1,62,0.121,133.01,0.737,1
0.971,0.588,202920,0.265,0,0.0,1,0.287,-14.384,1,0,0.115,72.342,0.603,8
0.5870000000000001,0.6,212293,0.569,0,0.0,8,0.102,-5.729,1,53,0.0269,101.942,0.11,1
0.0424,0.435,274286,0.727,0,4.6e-06,1,0.105,-6.9689999999999985,1,59,0.0611,174.99200000000005,0.399,1
0.895,0.476,263867,0.494,0,0.541,9,0.316,-11.157,1,0,0.0325,128.503,0.449,7
0.163,0.31,175507,0.54,0,0.000129,9,0.0713,-9.629,1,69,0.34600000000000003,180.99400000000003,0.14800000000000002,1
0.993,0.7240000000000001,163640,0.335,0,0.71,0,0.0691,-10.4,1,4,0.0411,106.338,0.867,10
0.00806,0.531,290867,0.8320000000000001,0,0.00935,2,0.845,-6.893,1,40,0.14300000000000002,101.446,0.376,3
0.821,0.509,185533,0.336,0,0.0,7,0.204,-7.777,1,39,0.0264,111.023,0.18,4
0.875,0.211,204520,0.257,0,5.34e-05,10,0.34700000000000003,-15.27,1,19,0.0319,85.929,0.13,6
0.988,0.35600000000000004,217893,0.0644,0,0.593,3,0.172,-18.673,1,0,0.0323,139.621,0.274,10
0.4970000000000001,0.479,383827,0.379,0,0.0,4,0.142,-11.986,0,32,0.0261,78.093,0.524,5
0.988,0.5820000000000001,186267,0.53,0,0.8240000000000001,7,0.165,-15.947,1,0,0.048,127.151,0.787,7
0.995,0.586,196592,0.246,0,0.8079999999999999,1,0.14,-14.405,0,0,0.066,78.836,0.8540000000000001,9
0.6729999999999999,0.517,193600,0.336,0,0.00118,9,0.0811,-10.968,1,48,0.0296,102.46,0.318,3
0.0947,0.498,283360,0.889,0,1.62e-06,0,0.733,-5.4129999999999985,1,72,0.0546,134.88,0.696,5
0.31,0.32299999999999995,146293,0.6659999999999999,0,0.0,4,0.163,-5.925,1,45,0.0335,176.455,0.7340000000000001,5
0.00688,0.374,326267,0.8029999999999999,0,0.617,11,0.0778,-6.056,0,53,0.0465,180.024,0.222,1
0.0609,0.644,295427,0.657,0,7.55e-05,11,0.0498,-11.167,0,45,0.0307,109.785,0.945,4
0.0554,0.7170000000000001,242507,0.386,1,5.16e-06,9,0.0353,-7.0520000000000005,0,58,0.13,205.006,0.863,3
0.00153,0.205,798573,0.956,0,0.000119,4,0.099,-6.37,0,46,0.142,149.091,0.18600000000000005,4
0.0619,0.7809999999999999,235613,0.526,1,0.0,6,0.0457,-6.985,0,72,0.293,94.992,0.662,1
0.122,0.392,337954,0.607,0,0.0,3,0.11,-7.79,1,55,0.0318,160.10299999999995,0.175,1
0.0106,0.519,271027,0.882,0,8.18e-06,5,0.0776,-6.602,1,34,0.0714,128.019,0.362,4
0.81,0.443,400840,0.54,0,0.0125,5,0.0762,-12.906,1,19,0.0588,87.304,0.743,7
0.703,0.335,174907,0.17,0,0.0,5,0.0963,-18.475,1,24,0.0309,82.073,0.545,6
0.898,0.514,200867,0.233,0,0.036000000000000004,7,0.105,-15.038,1,7,0.0497,173.90400000000002,0.564,7
0.923,0.624,162633,0.441,0,0.353,10,0.234,-4.81,1,0,0.0357,125.944,0.928,9
0.00898,0.629,179293,0.8079999999999999,0,9.06e-06,9,0.0751,-4.125,1,63,0.0269,110.001,0.773,1
0.617,0.639,193827,0.544,0,0.0,4,0.479,-12.843,1,48,0.141,80.844,0.7929999999999999,5
0.059,0.838,251333,0.757,0,0.0119,2,0.0271,-5.399,1,61,0.0927,124.65,0.602,5
0.989,0.665,176307,0.267,0,0.258,4,0.0927,-11.622,0,9,0.269,173.669,0.726,9
0.628,0.4,136516,0.6559999999999999,0,0.0,0,0.228,-7.612,1,0,0.0489,149.8,0.685,8
0.258,0.544,257293,0.6990000000000001,0,0.0,9,0.14400000000000002,-4.148,1,47,0.0341,141.844,0.293,3
0.342,0.649,295747,0.476,0,0.000362,6,0.181,-12.188,1,26,0.0284,99.027,0.542,5
0.607,0.524,123027,0.609,0,0.0,7,0.126,-13.03,0,57,0.401,80.232,0.948,3
0.632,0.578,225627,0.371,0,1.75e-05,2,0.165,-10.537,1,44,0.0283,60.503,0.188,3
0.551,0.457,174227,0.237,0,0.0,10,0.29100000000000004,-15.505,0,15,0.0286,99.931,0.41,6
0.0112,0.617,252760,0.8859999999999999,0,9.63e-05,9,0.0523,-5.9529999999999985,1,67,0.055,96.328,0.629,3
0.986,0.402,413253,0.255,0,0.858,1,0.0819,-18.193,1,9,0.0439,114.921,0.14400000000000002,9
3.83e-06,0.363,110067,0.862,1,0.000458,4,0.419,-8.452,0,23,0.0631,91.0,0.14800000000000002,5
0.488,0.453,311107,0.31,0,3.42e-06,9,0.281,-15.705,0,29,0.0517,118.034,0.303,5
0.476,0.485,158014,0.433,0,0.0,7,0.0861,-10.503,1,49,0.0342,120.471,0.825,1
0.349,0.552,248555,0.275,1,0.00441,10,0.112,-11.691,0,55,0.0311,85.009,0.14800000000000002,1
0.5760000000000001,0.6629999999999999,182520,0.404,0,0.0,7,0.107,-10.677,1,38,0.03,138.32399999999998,0.7140000000000001,4
0.232,0.613,134360,0.8859999999999999,0,0.0,10,0.0956,-6.1160000000000005,1,27,0.307,175.894,0.782,7
0.254,0.743,140657,0.411,1,0.0,2,0.292,-7.343,1,59,0.376,119.693,0.339,1
0.742,0.74,163400,0.516,0,0.00035800000000000003,0,0.0962,-11.348,1,21,0.0599,108.195,0.932,5
0.005529999999999999,0.562,71840,0.995,0,0.000223,7,0.136,-12.704,1,42,0.159,152.108,0.0392,3
0.0792,0.598,238440,0.5870000000000001,0,0.000146,5,0.13,-10.927,1,55,0.0263,105.144,0.622,4
0.0192,0.677,253867,0.6920000000000001,0,0.128,0,0.132,-13.033,1,40,0.0465,123.381,0.956,5
0.967,0.682,145827,0.16699999999999998,0,0.0,2,0.107,-23.801,1,1,0.0729,133.547,0.85,8
0.6609999999999999,0.471,374467,0.476,0,6.34e-06,0,0.415,-13.915,1,37,0.13,72.452,0.5820000000000001,5
0.754,0.529,187093,0.322,0,8.46e-05,3,0.908,-14.880999999999998,1,25,0.142,111.216,0.35700000000000004,6
0.706,0.753,142533,0.516,0,0.00128,2,0.203,-8.293,1,23,0.0376,109.61,0.8079999999999999,5
0.5,0.6609999999999999,313733,0.79,0,0.000206,7,0.221,-4.6,1,38,0.0269,118.617,0.644,3
0.6779999999999999,0.496,267187,0.338,0,2.95e-05,7,0.877,-13.274,1,32,0.0421,62.408,0.418,4
0.036000000000000004,0.489,232573,0.841,0,9.12e-05,6,0.0995,-6.981,1,32,0.0723,122.93,0.926,5
0.726,0.44,277960,0.5429999999999999,0,0.0,6,0.965,-10.169,1,45,0.045,143.417,0.44,2
0.28800000000000003,0.451,163507,0.91,0,2.05e-05,7,0.471,-11.751,1,26,0.0521,184.718,0.73,4
0.915,0.55,64533,0.11,0,0.000127,10,0.234,-18.849,0,0,0.434,85.92299999999999,0.254,8
0.795,0.584,228987,0.5,0,0.000281,4,0.227,-7.447,0,31,0.0867,98.109,0.711,5
0.936,0.331,50979,0.254,0,4.88e-06,0,0.838,-15.544,1,0,0.0303,48.619,0.649,8
0.992,0.316,205107,0.21600000000000005,0,0.369,10,0.13699999999999998,-12.831,0,0,0.0363,86.17,0.525,8
0.893,0.639,196533,0.316,0,0.0,2,0.11,-8.588,1,0,0.0677,122.13,0.693,8
0.995,0.447,257760,0.146,0,0.804,5,0.122,-22.641,0,2,0.0495,150.116,0.568,7
0.116,0.62,182827,0.629,0,0.0,9,0.158,-8.692,1,23,0.053,119.835,0.706,6
8.840000000000001e-05,0.215,298400,0.8009999999999999,0,0.00725,7,0.0808,-5.46,1,57,0.0379,180.09,0.401,3
0.995,0.333,193413,0.102,0,0.858,8,0.115,-17.94,1,48,0.0437,67.07300000000001,0.126,6
0.378,0.515,157387,0.562,0,0.000101,2,0.0966,-14.204,1,43,0.0403,167.709,0.934,5
0.696,0.118,77040,0.201,0,0.207,2,0.192,-15.642,1,28,0.0332,178.584,0.151,6
0.66,0.918,171493,0.422,0,0.000992,7,0.033,-4.506,1,52,0.0712,96.225,0.962,2
0.87,0.339,160253,0.235,0,0.928,7,0.104,-16.917,1,50,0.0343,139.118,0.157,2
0.8540000000000001,0.334,230067,0.453,0,2.410000000000001e-05,5,0.317,-8.531,0,0,0.0361,156.067,0.677,7
0.025,0.825,325227,0.77,0,0.00456,6,0.305,-11.833,1,25,0.0441,116.292,0.909,4
0.268,0.496,514507,0.256,0,0.0023,11,0.104,-16.898,0,33,0.0336,126.52,0.14,3
0.0185,0.293,223800,0.99,0,0.0,9,0.482,-3.042,0,46,0.18,164.577,0.377,2
0.95,0.279,78813,0.0973,0,0.0119,2,0.0878,-23.05,1,10,0.0361,132.433,0.0739,7
0.972,0.77,174421,0.38,0,1.82e-06,0,0.248,-10.422,1,0,0.0404,98.758,0.782,8
0.007859999999999999,0.6829999999999999,228867,0.748,1,0.0,7,0.334,-6.283,1,41,0.196,91.573,0.431,2
0.149,0.627,238240,0.6920000000000001,0,0.000122,4,0.26,-8.822000000000003,1,32,0.0243,98.997,0.654,5
0.0271,0.5720000000000001,273467,0.754,0,0.00093,11,0.0823,-5.127999999999999,1,50,0.0245,95.994,0.638,3
0.168,0.537,214987,0.647,0,0.0,2,0.108,-7.37,1,72,0.0519,79.77,0.531,1
0.000779,0.484,451827,0.6409999999999999,0,0.278,5,0.0738,-12.612,1,52,0.0377,119.981,0.181,3
0.967,0.4,268333,0.312,0,0.894,7,0.25,-14.7,0,0,0.0366,142.005,0.487,8
0.925,0.307,176067,0.17800000000000002,0,1.92e-06,7,0.155,-17.042,0,36,0.0474,67.07600000000001,0.688,7
0.000916,0.29,200560,0.965,0,0.0409,11,0.762,-6.146,0,35,0.147,70.711,0.531,4
0.000109,0.331,188267,0.845,0,0.000212,8,0.0758,-4.876,1,49,0.0551,153.484,0.468,1
0.0101,0.672,237147,0.893,0,0.0,0,0.0934,-3.984,1,57,0.0337,102.98,0.5429999999999999,1
0.059,0.223,180240,0.8079999999999999,0,0.000122,2,0.339,-5.335,1,17,0.0364,171.763,0.904,6
0.444,0.547,186133,0.425,0,0.000157,0,0.17800000000000002,-15.296,1,32,0.0345,108.716,0.602,5
0.0736,0.608,185360,0.7979999999999999,0,0.0,6,0.156,-5.092,0,68,0.0432,92.943,0.501,1
0.753,0.688,241053,0.6970000000000001,0,6.21e-05,9,0.109,-7.955,1,58,0.0485,114.03,0.46,1
0.953,0.319,404707,0.0582,0,0.378,8,0.145,-23.252,1,0,0.0429,129.174,0.0871,8
0.0404,0.8740000000000001,243853,0.6759999999999999,1,0.0,7,0.11,-6.706,1,31,0.235,92.465,0.447,3
0.994,0.805,157000,0.319,0,0.865,2,0.117,-13.425,1,0,0.0809,118.472,0.727,10
0.273,0.833,179067,0.6629999999999999,0,0.016,9,0.0327,-7.859,0,55,0.058,141.55100000000004,0.8590000000000001,4
0.435,0.611,213760,0.568,0,1.19e-05,9,0.235,-11.848,1,24,0.0306,84.77,0.885,5
0.256,0.624,317310,0.7909999999999999,0,0.0,5,0.14300000000000002,-5.072,1,36,0.0361,101.711,0.894,4
0.184,0.855,264760,0.52,1,0.0,7,0.114,-12.07,1,58,0.268,92.451,0.402,3
0.953,0.306,196733,0.28800000000000003,0,5.1e-05,8,0.0842,-11.278,1,21,0.0277,88.47,0.24,7
0.7509999999999999,0.743,153533,0.705,0,0.0,11,0.0686,-5.422999999999999,1,22,0.0464,135.965,0.9,7
0.795,0.685,314667,0.483,0,0.878,2,0.113,-10.202,0,1,0.0337,97.694,0.8540000000000001,7
0.964,0.16699999999999998,197027,0.0789,0,0.000103,2,0.0931,-23.02,1,22,0.0436,79.694,0.187,6
0.331,0.725,176403,0.451,0,0.0,8,0.0914,-7.862999999999999,0,64,0.0334,129.987,0.613,1
0.95,0.244,168920,0.152,0,0.7609999999999999,8,0.208,-17.649,0,10,0.04,85.34100000000002,0.066,7
0.000102,0.442,243213,0.971,0,0.0087,8,0.439,-2.28,1,43,0.0592,182.11900000000003,0.525,2
0.263,0.6709999999999999,227827,0.894,0,0.0,7,0.0845,-4.215,1,53,0.0277,119.833,0.939,5
0.512,0.504,209570,0.48,0,0.0,9,0.101,-8.756,1,57,0.0435,186.762,0.526,1
0.125,0.705,229773,0.511,0,1.72e-06,6,0.153,-7.4220000000000015,0,59,0.202,82.01100000000002,0.581,3
0.993,0.581,180566,0.177,0,0.87,11,0.212,-14.031,1,0,0.0472,73.165,0.573,8
0.992,0.727,199627,0.265,0,0.0678,3,0.4,-12.097,0,0,0.305,117.499,0.747,10
0.221,0.609,308627,0.695,0,4.71e-06,0,0.501,-11.009,1,42,0.354,91.894,0.417,3
0.0111,0.464,161640,0.972,0,1.47e-06,4,0.818,-6.8870000000000005,1,26,0.0553,95.407,0.91,5
0.0628,0.66,204293,0.847,0,0.0,1,0.112,-3.25,1,53,0.191,180.01,0.925,2
0.134,0.145,65200,0.321,0,0.8590000000000001,4,0.345,-7.707999999999997,1,30,0.0332,175.641,0.5820000000000001,6
0.987,0.412,52895,0.224,0,0.904,5,0.107,-24.522,1,39,0.0422,124.466,0.965,4
0.858,0.6779999999999999,189507,0.272,0,0.0236,4,0.109,-10.415,1,51,0.0525,149.128,0.378,2
0.35,0.687,173133,0.361,0,1.11e-05,10,0.11,-11.589,1,64,0.0792,165.747,0.526,2
0.0294,0.604,154747,0.525,0,7.400000000000001e-06,10,0.334,-9.661,0,53,0.134,117.144,0.5,1
0.5670000000000001,0.63,238000,0.6,0,0.0,11,0.0988,-7.433,1,50,0.383,136.0,0.731,2
0.00674,0.235,165400,0.993,0,0.355,0,0.312,-7.622999999999997,1,41,0.0779,174.708,0.252,3
0.2,0.629,307000,0.578,1,0.0,1,0.151,-4.704,1,65,0.0428,79.94,0.211,1
0.963,0.373,848240,0.251,0,0.438,9,0.0794,-15.499,0,8,0.0483,150.11,0.225,7
0.895,0.405,214133,0.272,0,7.609999999999999e-05,8,0.0851,-15.977,1,31,0.037000000000000005,130.322,0.392,5
0.727,0.643,168480,0.334,0,8.83e-06,9,0.092,-8.164,1,27,0.0297,108.309,0.6920000000000001,6
0.941,0.534,199772,0.306,0,0.0,0,0.273,-8.788,1,0,0.0398,99.498,0.334,9
0.979,0.426,265293,0.0445,0,0.000105,4,0.109,-19.032,1,22,0.0395,93.069,0.177,7
0.126,0.489,227928,0.54,0,0.0,6,0.103,-7.046,1,67,0.0288,81.4,0.27,1
0.6,0.606,168307,0.411,0,0.0006490000000000001,1,0.103,-7.566,1,57,0.0413,84.944,0.412,2
0.282,0.53,252867,0.539,0,0.018000000000000002,0,0.11,-7.728,1,54,0.0293,81.686,0.298,2
0.0239,0.42,262240,0.7659999999999999,0,3.08e-05,4,0.11,-4.231,0,56,0.179,68.393,0.41,2
0.0718,0.49,214733,0.948,0,0.0,9,0.128,-3.889,1,48,0.0966,106.743,0.633,2
0.879,0.518,222280,0.136,0,0.0,10,0.0688,-12.289,0,14,0.0346,75.569,0.23,7
0.995,0.507,130627,0.158,0,0.0207,5,0.185,-22.117,1,0,0.0791,74.348,0.799,10
0.102,0.655,299893,0.447,0,0.0,1,0.337,-16.332,1,35,0.0293,99.444,0.936,4
0.843,0.389,227867,0.179,0,1.12e-05,9,0.0866,-17.016,0,45,0.0331,79.105,0.292,5
0.4370000000000001,0.7090000000000001,154720,0.642,0,0.0,9,0.219,-9.504,1,41,0.0588,93.124,0.764,4
0.995,0.726,139613,0.545,0,0.931,8,0.449,-9.665,1,7,0.153,121.624,0.935,6
0.393,0.639,222507,0.6779999999999999,0,0.0,2,0.0946,-12.273,1,31,0.0602,153.17700000000005,0.914,5
0.994,0.611,160373,0.297,0,0.0,0,0.421,-15.800999999999998,1,0,0.0661,122.476,0.8909999999999999,10
0.152,0.703,254840,0.726,0,1.45e-06,9,0.0319,-12.438,1,58,0.029,126.353,0.949,4
0.0118,0.732,197267,0.7879999999999999,0,0.0,1,0.13699999999999998,-12.640999999999998,0,45,0.213,103.584,0.765,3
0.995,0.6609999999999999,178180,0.253,0,1.77e-06,4,0.224,-12.527,1,0,0.106,107.792,0.74,8
0.981,0.6709999999999999,189533,0.219,0,0.00126,5,0.111,-8.025,1,0,0.509,148.96200000000005,0.789,7
0.971,0.4270000000000001,191240,0.278,0,1.95e-06,6,0.174,-7.1679999999999975,1,0,0.0542,80.92699999999998,0.677,8
0.98,0.34600000000000003,98467,0.134,0,0.952,1,0.147,-23.612,1,0,0.0378,106.622,0.4920000000000001,9
0.516,0.6829999999999999,123800,0.259,0,0.0,7,0.386,-18.909,1,0,0.917,127.178,0.703,7
0.987,0.207,307253,0.0945,0,0.93,1,0.0985,-21.211,0,1,0.0443,109.668,0.111,8
0.47,0.6829999999999999,113880,0.735,0,0.000272,0,0.306,-9.738,1,18,0.0492,160.32,0.952,6
0.0279,0.396,173160,0.912,0,0.0,2,0.0456,-3.134,1,39,0.118,189.716,0.6629999999999999,2
0.96,0.233,134133,0.195,0,0.914,2,0.0793,-17.202,1,58,0.0461,61.21100000000001,0.0675,4
0.0303,0.593,229760,0.691,0,0.0,1,0.0899,-7.731,1,65,0.0303,90.01299999999998,0.32299999999999995,2
6.43e-05,0.414,96067,0.903,0,0.00746,7,0.0776,-10.392,1,29,0.0583,90.969,0.727,4
0.861,0.535,201866,0.177,0,1.97e-06,1,0.11,-11.311,1,49,0.0384,134.764,0.404,7
0.142,0.608,116907,0.768,0,0.928,7,0.0936,-15.33,1,48,0.0614,116.634,0.851,2
0.00782,0.606,234333,0.8109999999999999,1,1.49e-05,7,0.349,-4.667,1,61,0.278,156.347,0.276,1
0.826,0.396,228133,0.5770000000000001,0,0.0,6,0.954,-13.277,1,29,0.823,88.212,0.343,3
0.895,0.115,511680,0.0411,0,0.88,9,0.133,-26.276,1,0,0.0384,89.565,0.0315,8
0.963,0.408,448293,0.274,0,0.334,5,0.157,-12.517,1,0,0.0397,130.674,0.0666,8
0.193,0.428,163920,0.782,0,0.0,9,0.123,-8.04,1,38,0.0394,82.93700000000003,0.731,5
0.89,0.52,118507,0.132,0,0.38,9,0.108,-16.387,1,24,0.0647,143.78799999999995,0.282,6
0.8390000000000001,0.586,109951,0.482,0,1.94e-05,1,0.541,-12.234000000000002,1,9,0.0313,93.803,0.965,8
0.99,0.6970000000000001,173467,0.232,0,0.293,7,0.14300000000000002,-18.189,1,0,0.306,100.051,0.963,9
0.907,0.332,190916,0.174,0,1.02e-06,0,0.0821,-13.890999999999998,1,5,0.0313,81.068,0.5529999999999999,7
0.00283,0.6579999999999999,240867,0.963,0,2.38e-06,1,0.951,-3.283,0,66,0.0326,134.798,0.7929999999999999,2
0.0005059999999999999,0.41,210093,0.888,0,0.0155,2,0.108,-4.966,1,50,0.0744,159.91899999999995,0.238,2
0.758,0.3670000000000001,223867,0.431,0,8.89e-06,5,0.113,-11.191,1,48,0.0576,76.454,0.57,5
0.0353,0.561,185920,0.716,0,0.0,8,0.122,-3.341,1,54,0.0291,152.089,0.667,2
8.51e-05,0.404,245227,0.969,0,0.0114,8,0.268,-2.938,1,71,0.195,173.878,0.29,2
0.1,0.515,204032,0.79,0,0.000266,8,0.192,-4.64,1,44,0.0665,94.992,0.6409999999999999,1
0.857,0.754,144667,0.506,0,0.00132,1,0.168,-13.716,1,8,0.311,96.064,0.448,7
0.828,0.644,151339,0.623,0,1.46e-05,5,0.122,-8.972000000000003,1,10,0.0882,183.758,0.868,7
0.545,0.557,198253,0.586,1,0.0,11,0.0719,-5.902,1,0,0.0374,126.529,0.456,0
0.965,0.311,195084,0.281,0,1.3e-06,5,0.107,-10.595999999999998,1,0,0.0321,70.308,0.327,8
0.257,0.682,163080,0.444,0,0.0,7,0.115,-7.689,1,61,0.0289,130.704,0.91,6
0.65,0.4320000000000001,185267,0.362,0,0.00172,5,0.14,-13.638,1,14,0.0451,172.157,0.541,7
0.0299,0.47,190171,0.657,0,0.0157,9,0.328,-13.45,1,30,0.0359,147.428,0.456,4
0.838,0.591,229973,0.446,0,2.11e-05,2,0.201,-14.987,1,20,0.14300000000000002,112.195,0.833,5
0.208,0.55,200293,0.614,0,1.27e-05,11,0.185,-9.347,1,50,0.0276,103.041,0.596,4
0.263,0.8,258733,0.619,1,0.0,4,0.0624,-5.728,1,47,0.131,152.329,0.75,2
0.957,0.28600000000000003,270160,0.201,0,0.474,2,0.063,-15.121,0,0,0.0451,99.961,0.0504,8
0.6759999999999999,0.652,136840,0.479,0,0.00034500000000000004,7,0.104,-10.667,0,18,0.0287,90.073,0.895,7
0.994,0.396,173093,0.4370000000000001,0,0.901,9,0.363,-10.207,1,0,0.0361,124.35,0.713,7
0.00928,0.8079999999999999,191240,0.7859999999999999,0,0.0701,4,0.0574,-6.897,0,68,0.0447,96.987,0.899,3
0.0887,0.302,306834,0.314,0,0.893,3,0.343,-12.277,1,0,0.0342,96.897,0.237,8
0.54,0.551,209467,0.269,0,0.0,2,0.103,-9.782,1,44,0.028,76.51100000000002,0.476,3
0.265,0.636,163320,0.677,0,0.0,9,0.215,-5.605,1,57,0.0316,138.707,0.8370000000000001,2
0.436,0.8059999999999999,93920,0.708,0,0.0,2,0.124,-8.684,1,49,0.147,92.038,0.8909999999999999,2
0.6609999999999999,0.342,161333,0.8079999999999999,0,0.0234,2,0.104,-7.222,1,28,0.0573,138.657,0.418,6
0.835,0.274,175867,0.442,0,0.0,0,0.268,-8.15,0,23,0.0301,84.772,0.25,7
0.407,0.54,693667,0.464,0,0.0156,4,0.157,-12.53,0,20,0.0545,87.65700000000002,0.404,6
0.0188,0.648,245480,0.593,0,0.0,10,0.16899999999999998,-6.267,1,61,0.0506,160.97899999999996,0.7120000000000001,1
0.174,0.485,247213,0.643,0,0.00294,0,0.966,-8.956,1,27,0.0422,127.759,0.343,5
0.797,0.458,140840,0.473,0,0.0,4,0.341,-11.219,1,14,0.0419,148.438,0.7609999999999999,6
0.0153,0.653,256227,0.826,1,0.00146,6,0.131,-2.93,0,64,0.354,108.52,0.416,2
0.211,0.586,219133,0.818,0,0.0,0,0.0967,-6.2070000000000025,0,44,0.0404,137.77100000000002,0.736,2
0.995,0.454,184853,0.0139,0,0.943,4,0.0736,-29.966,0,63,0.0514,130.253,0.244,4
0.659,0.748,196507,0.273,0,0.0013800000000000002,7,0.0643,-17.225,1,38,0.0385,147.332,0.684,4
0.495,0.767,128693,0.306,0,0.0,11,0.158,-13.069,1,19,0.0544,132.91,0.5329999999999999,6
0.00278,0.204,351933,0.8220000000000001,0,0.00106,0,0.189,-4.8180000000000005,1,36,0.0518,143.1,0.331,3
0.747,0.597,141453,0.41,0,0.5660000000000001,9,0.13,-12.345999999999998,1,9,0.0249,97.708,0.53,6
0.517,0.669,147093,0.664,0,0.0,4,0.345,-9.322,1,38,0.066,100.233,0.951,5
0.0105,0.631,152669,0.373,1,0.0,2,0.115,-18.256,1,0,0.957,82.73200000000001,0.35600000000000004,10
0.981,0.395,186867,0.245,0,0.954,11,0.187,-16.194000000000006,0,0,0.0469,136.606,0.477,9
0.6940000000000001,0.57,246240,0.361,0,0.947,1,0.11,-18.864,1,40,0.0258,104.954,0.521,3
0.444,0.769,224067,0.872,0,0.0,7,0.0888,-8.089,1,41,0.101,119.364,0.879,3
0.0908,0.6729999999999999,308747,0.732,0,0.0,2,0.254,-6.989,1,54,0.0255,118.763,0.778,4
0.19,0.58,314880,0.382,0,0.743,7,0.493,-10.386,1,40,0.0347,94.372,0.312,5
0.4920000000000001,0.7709999999999999,370341,0.818,0,0.81,9,0.348,-6.214,0,0,0.0663,122.202,0.455,10
0.274,0.313,241333,0.0776,0,0.132,7,0.112,-15.344,1,33,0.0445,121.01,0.0366,3
0.991,0.343,146253,0.295,0,0.415,11,0.213,-12.106,1,0,0.0348,207.217,0.589,9
0.0113,0.639,302427,0.763,0,3.34e-05,0,0.401,-5.332999999999998,0,31,0.0248,110.977,0.603,3
0.96,0.424,328800,0.278,0,0.136,2,0.239,-13.566,1,25,0.0423,73.15,0.721,8
0.946,0.488,174427,0.308,0,0.895,8,0.107,-14.119000000000002,1,2,0.0674,185.988,0.7979999999999999,8
0.172,0.481,160613,0.606,0,0.0,1,0.322,-13.395,1,21,0.386,92.847,0.741,6
0.978,0.534,159733,0.12,0,0.00236,7,0.0631,-21.791,1,2,0.321,74.118,0.353,8
0.17600000000000002,0.48,181439,0.8440000000000001,0,0.0,7,0.7240000000000001,-9.684,1,24,0.041,152.03799999999995,0.8540000000000001,4
0.982,0.536,159216,0.482,0,5.320000000000001e-05,1,0.226,-11.14,1,0,0.0535,83.43700000000003,0.743,8
0.996,0.376,204653,0.271,0,0.848,5,0.127,-11.884,0,1,0.0348,102.567,0.522,9
0.179,0.7609999999999999,264413,0.499,0,0.0,4,0.18,-9.13,0,50,0.0642,84.488,0.812,3
0.067,0.711,243880,0.7609999999999999,0,0.0,8,0.041,-3.04,1,46,0.225,95.824,0.718,2
0.0485,0.626,176640,0.526,1,0.00627,7,0.107,-4.112,0,66,0.0452,127.977,0.17,1
0.00306,0.448,224933,0.861,0,0.0,9,0.0987,-6.12,1,48,0.0676,92.777,0.7609999999999999,3
0.171,0.62,253160,0.5579999999999999,0,0.916,7,0.157,-11.422,1,42,0.0407,171.827,0.539,3
0.935,0.7140000000000001,166093,0.292,0,0.929,0,0.312,-13.966,1,0,0.0498,108.037,0.945,8
0.0187,0.38,311300,0.985,0,5.3e-05,1,0.226,-5.074,0,40,0.0548,75.65899999999998,0.871,3
0.6859999999999999,0.5589999999999999,277240,0.365,0,0.0,5,0.0771,-13.654000000000002,1,52,0.0332,74.80199999999998,0.534,4
0.0194,0.8370000000000001,300760,0.459,0,0.128,1,0.0638,-7.675,1,36,0.0406,170.16099999999997,0.6940000000000001,3
0.0414,0.486,190400,0.903,0,2.33e-05,4,0.926,-6.4179999999999975,1,41,0.0712,200.104,0.943,2
0.45,0.628,138387,0.63,0,0.0,2,0.715,-13.674,1,48,0.0389,95.529,0.5589999999999999,4
0.944,0.431,356067,0.11,0,0.0273,0,0.126,-20.589,1,10,0.0455,81.459,0.34,7
0.965,0.7509999999999999,171067,0.371,0,8.599999999999999e-06,5,0.118,-10.087,1,22,0.111,97.344,0.833,7
0.763,0.467,190800,0.619,0,0.00545,5,0.181,-10.079,1,56,0.0359,176.296,0.826,2
0.68,0.736,174920,0.5589999999999999,0,4.03e-05,7,0.099,-8.408,1,38,0.0643,94.295,0.88,4
0.984,0.295,199000,0.0826,0,0.00035800000000000003,1,0.156,-19.569000000000006,1,55,0.0367,128.6,0.16899999999999998,8
0.759,0.657,226893,0.624,0,0.0,10,0.966,-7.789,1,44,0.112,101.898,0.89,2
0.284,0.588,331893,0.5579999999999999,0,0.14800000000000002,7,0.108,-10.493,1,7,0.0763,88.677,0.465,7
0.7609999999999999,0.546,149400,0.185,0,1.1e-06,9,0.218,-18.752,1,44,0.0409,69.028,0.682,6
0.853,0.6509999999999999,205010,0.57,0,0.0492,4,0.212,-12.699000000000002,0,0,0.16699999999999998,164.389,0.6709999999999999,9
0.29100000000000004,0.544,262773,0.738,0,0.000992,7,0.129,-11.598,1,37,0.0358,154.97,0.966,5
0.00214,0.219,294039,0.93,0,0.0,11,0.138,-3.3480000000000003,1,58,0.114,123.511,0.32,1
0.00098,0.251,47227,0.958,0,0.004079999999999999,5,0.313,-6.382999999999999,1,48,0.0685,189.067,0.748,4
0.925,0.211,76400,0.366,0,0.581,0,0.14,-10.465,0,38,0.0357,85.23899999999998,0.15,4
0.8490000000000001,0.295,183570,0.17600000000000002,0,0.659,2,0.105,-13.949000000000002,0,47,0.0397,120.47,0.147,5
0.212,0.589,160707,0.638,0,0.0,1,0.0799,-5.799,1,50,0.196,84.682,0.7959999999999999,1
0.5,0.716,244907,0.8370000000000001,0,0.0008710000000000001,10,0.0872,-9.213,0,27,0.0598,97.484,0.861,5
0.976,0.901,186987,0.48,0,0.14300000000000002,7,0.0597,-6.153,1,0,0.12,114.753,0.934,9
0.914,0.677,245000,0.409,0,2.56e-05,0,0.629,-11.363,1,14,0.168,123.59,0.907,7
0.122,0.55,142680,0.815,0,6.56e-05,9,0.146,-6.34,1,54,0.0426,162.248,0.716,4
0.871,0.252,185053,0.203,0,0.0,5,0.339,-10.389,1,18,0.0313,79.139,0.325,7
0.978,0.7509999999999999,205140,0.269,0,0.000537,9,0.16399999999999998,-11.565,1,0,0.16699999999999998,117.603,0.602,9
0.00466,0.401,225985,0.871,0,0.0,11,0.989,-8.596,1,38,0.046,114.011,0.457,4
0.97,0.4,186280,0.0461,0,0.0148,10,0.293,-19.896,1,1,0.0378,88.271,0.267,9
0.9,0.6809999999999999,38027,0.752,0,0.884,7,0.0763,-14.184,1,23,0.0535,114.181,0.928,9
0.0811,0.521,198733,0.6779999999999999,0,0.0,9,0.118,-6.811,1,49,0.0354,121.848,0.504,4
0.995,0.317,341920,0.139,0,0.908,0,0.102,-21.881,1,34,0.0351,97.494,0.685,5
