0.0343,0.557,266052,0.73,0,0.000395,8,0.0531,-11.257,1,37,0.14,132.924,0.8140000000000001,4
0.992,0.542,130013,0.292,0,0.000513,2,0.203,-16.893,1,0,0.126,134.60399999999998,0.691,10
0.3670000000000001,0.7559999999999999,142675,0.695,1,0.0,0,0.0969,-5.772,1,61,0.333,151.05,0.608,0
0.7440000000000001,0.5920000000000001,180733,0.341,0,0.0,4,0.0905,-11.768,1,39,0.0286,108.79,0.637,6
0.2,0.765,313573,0.412,1,5.03e-06,8,0.0639,-5.422999999999999,0,48,0.227,200.097,0.815,2
0.485,0.501,214560,0.684,0,0.0,2,0.083,-5.3679999999999986,1,56,0.0302,80.039,0.369,2
0.000406,0.8490000000000001,332240,0.385,1,0.376,0,0.0368,-14.398,1,46,0.0638,125.408,0.8859999999999999,4
0.7440000000000001,0.181,141027,0.292,0,0.621,7,0.168,-13.835,1,20,0.0307,168.968,0.263,6
0.447,0.526,192893,0.5870000000000001,0,0.000136,9,0.174,-12.337,1,39,0.0389,179.803,0.968,2
0.493,0.5379999999999999,358040,0.467,0,0.0,6,0.0753,-7.93,0,36,0.0406,80.184,0.434,2
0.5770000000000001,0.496,147093,0.278,0,0.0224,0,0.112,-14.403,0,33,0.0443,73.477,0.589,6
0.0406,0.687,281787,0.528,0,0.0161,9,0.274,-12.354,1,35,0.0331,126.963,0.77,5
0.125,0.393,220093,0.653,0,0.0405,2,0.29,-9.868,1,25,0.0403,97.738,0.7859999999999999,6
0.0334,0.62,174080,0.937,0,0.0,7,0.104,-4.584,1,35,0.0312,97.705,0.75,4
0.153,0.831,239227,0.921,0,0.00213,5,0.305,-2.383,0,69,0.0581,108.002,0.794,3
0.3720000000000001,0.6609999999999999,259693,0.633,0,0.0101,7,0.0701,-13.972,1,19,0.0374,97.139,0.595,5
0.936,0.189,188693,0.162,0,0.865,7,0.108,-15.195,1,13,0.0311,77.377,0.123,6
0.381,0.78,251294,0.669,1,5.48e-06,11,0.0584,-7.484,0,50,0.238,96.035,0.53,1
0.0464,0.916,241765,0.674,1,0.0,10,0.0808,-5.674,0,30,0.284,93.944,0.8029999999999999,3
0.526,0.7090000000000001,221920,0.7509999999999999,0,0.000592,9,0.0443,-8.378,1,42,0.0454,96.097,0.964,2
0.951,0.349,270627,0.204,0,0.013,0,0.111,-13.935,1,40,0.034,123.407,0.0394,3
0.249,0.792,244333,0.79,1,0.0,9,0.0705,-9.033,1,50,0.407,97.517,0.411,3
0.7140000000000001,0.452,189600,0.278,0,0.000132,3,0.396,-15.447,1,5,0.0418,114.802,0.767,7
0.995,0.332,79533,0.228,0,0.925,8,0.19,-19.72,1,0,0.0391,76.27600000000002,0.508,10
0.984,0.416,306467,0.0427,0,0.846,0,0.092,-27.076,1,21,0.0563,95.698,0.15,6
0.463,0.5539999999999999,139227,0.18,0,0.0,5,0.0874,-15.892,0,35,0.0543,107.238,0.53,7
0.994,0.12,256573,0.138,0,0.6859999999999999,10,0.11,-15.538,1,44,0.048,67.891,0.043,2
0.994,0.428,86960,0.0529,0,0.8370000000000001,0,0.0782,-24.851,1,0,0.0306,77.26899999999998,0.208,8
0.214,0.823,315847,0.457,1,0.0,0,0.35200000000000004,-7.0360000000000005,0,65,0.119,115.991,0.268,1
0.865,0.293,125827,0.3720000000000001,0,0.914,0,0.361,-12.056,0,37,0.0292,85.751,0.407,4
0.994,0.8290000000000001,160493,0.274,0,0.927,5,0.112,-15.775,0,0,0.385,109.897,0.609,10
0.188,0.664,138400,0.155,1,0.000124,2,0.374,-20.786,0,0,0.944,148.82,0.541,8
0.199,0.467,230627,0.56,0,0.0,6,0.0942,-5.37,1,54,0.0287,147.905,0.179,2
0.913,0.419,83533,0.0744,0,0.0,9,0.128,-25.608,1,0,0.0918,67.475,0.18600000000000005,8
0.986,0.5710000000000001,117653,0.221,0,0.0656,1,0.6629999999999999,-14.965,0,2,0.0918,114.078,0.995,8
0.000221,0.292,210333,0.933,0,9.86e-06,9,0.473,-4.371,1,54,0.064,202.012,0.29600000000000004,2
0.118,0.314,211227,0.974,0,0.121,3,0.0749,-5.011,0,35,0.0431,155.55100000000004,0.598,5
0.463,0.496,236027,0.397,0,6.54e-06,1,0.128,-10.534,1,44,0.0299,160.02100000000004,0.611,1
0.987,0.539,202547,0.436,0,0.00307,10,0.32299999999999995,-9.809,0,0,0.114,122.773,0.6609999999999999,7
0.952,0.73,92095,0.293,0,0.0,9,0.0978,-15.389,1,0,0.906,96.157,0.521,9
0.112,0.615,318467,0.7829999999999999,0,0.0011,11,0.0428,-11.862,0,36,0.0289,143.783,0.977,4
0.984,0.488,271707,0.18,0,0.000479,0,0.106,-12.145,1,39,0.0306,110.231,0.246,5
0.0629,0.393,201360,0.7190000000000001,0,0.00432,5,0.219,-4.773,1,63,0.0279,124.353,0.4970000000000001,2
0.625,0.556,157400,0.313,0,0.0,8,0.117,-15.25,1,13,0.0311,112.408,0.594,6
0.758,0.647,121000,0.0771,0,0.0,5,0.3720000000000001,-22.492,1,0,0.8059999999999999,84.59100000000002,0.359,7
0.969,0.498,167347,0.228,0,1.42e-05,5,0.175,-14.261,1,9,0.0361,111.281,0.28,7
0.0747,0.5379999999999999,187200,0.4970000000000001,0,1.64e-06,2,0.0713,-12.068,1,44,0.0357,168.065,0.89,4
0.299,0.506,418267,0.527,0,0.00334,7,0.0915,-11.265,0,23,0.0387,115.298,0.513,6
0.942,0.504,208973,0.14300000000000002,0,0.0,7,0.268,-19.112,1,0,0.117,118.238,0.377,8
0.344,0.7,288667,0.5529999999999999,0,0.474,0,0.0654,-11.248,1,37,0.0263,94.008,0.8059999999999999,2
0.0468,0.513,334000,0.841,0,0.0425,11,0.12,-9.272,0,54,0.0364,133.266,0.457,4
0.000611,0.551,172853,0.938,0,4.11e-06,2,0.0273,-1.644,1,50,0.0985,149.92,0.595,1
0.0448,0.733,221693,0.552,0,0.000181,5,0.0663,-11.702,1,39,0.0262,122.337,0.792,3
0.8,0.809,168418,0.483,1,0.0,5,0.221,-6.886,1,72,0.0487,96.974,0.715,1
0.957,0.647,156000,0.7,0,0.818,0,0.5770000000000001,-5.65,1,0,0.17800000000000002,135.491,0.968,7
0.16699999999999998,0.6729999999999999,177507,0.69,0,7.63e-06,9,0.124,-10.111,1,35,0.0328,166.495,0.925,3
0.0278,0.617,208947,0.732,0,0.0,11,0.125,-6.737,0,59,0.0278,84.977,0.723,1
0.189,0.509,213150,0.928,0,1.41e-06,2,0.269,-5.8329999999999975,1,49,0.0329,107.921,0.736,4
0.334,0.495,254160,0.227,0,5e-06,0,0.128,-12.123,0,27,0.0283,74.718,0.0763,5
0.0382,0.8109999999999999,238320,0.779,1,0.0,11,0.0624,-2.994,0,51,0.214,89.18,0.732,2
0.184,0.6829999999999999,206124,0.623,0,0.0,7,0.134,-7.931,1,47,0.0284,119.912,0.6559999999999999,3
0.0631,0.684,286720,0.687,0,1.29e-05,0,0.0601,-6.393,1,55,0.0228,91.201,0.752,2
0.716,0.414,163067,0.65,0,0.0252,2,0.29100000000000004,-9.028,0,12,0.0648,175.245,0.51,6
0.979,0.354,158250,0.321,0,0.00298,6,0.339,-10.419,0,0,0.0493,72.315,0.418,8
0.00385,0.523,215120,0.954,0,1.65e-06,1,0.243,-3.051,1,66,0.0374,141.982,0.901,1
0.29600000000000004,0.433,175667,0.615,0,0.0,8,0.33,-11.130999999999998,1,11,0.108,168.097,0.87,7
0.231,0.632,149867,0.88,0,0.0,2,0.27,-9.836,1,23,0.118,111.416,0.727,5
0.992,0.371,84133,0.118,0,0.000392,8,0.19,-18.826,1,5,0.0957,76.263,0.29,9
0.431,0.5720000000000001,178040,0.385,0,0.00198,7,0.0545,-10.933,1,10,0.063,113.104,0.96,7
0.234,0.79,220933,0.895,0,0.0007059999999999999,5,0.71,-8.797,0,34,0.145,127.182,0.564,4
0.987,0.615,189133,0.182,0,0.000663,10,0.1,-10.231,1,22,0.0368,98.441,0.81,9
0.979,0.217,285000,0.108,0,0.309,5,0.0804,-20.572,0,30,0.0386,121.012,0.12,7
0.123,0.789,183067,0.727,0,9.59e-06,1,0.222,-6.772,1,72,0.126,104.947,0.343,0
0.64,0.763,198827,0.758,0,0.0,6,0.0706,-5.106,1,57,0.0576,92.727,0.515,2
0.918,0.419,151720,0.254,0,0.78,1,0.406,-11.571,1,0,0.0378,67.345,0.473,8
5.8e-05,0.462,215600,0.996,1,0.00377,11,0.139,-2.9730000000000003,0,64,0.231,122.072,0.145,2
0.8909999999999999,0.596,222160,0.305,0,1.94e-06,0,0.192,-13.27,1,54,0.046,134.381,0.782,5
0.905,0.706,192240,0.294,0,0.0629,10,0.517,-12.4,0,1,0.0465,125.081,0.687,9
0.933,0.25,774507,0.192,0,0.0157,4,0.159,-18.889,0,37,0.0425,100.736,0.123,3
0.112,0.892,236067,0.578,0,0.000315,10,0.0897,-5.025,1,57,0.15,108.703,0.621,4
0.774,0.527,153933,0.166,0,0.00159,8,0.107,-14.595999999999998,1,0,0.0351,111.207,0.397,7
0.376,0.348,149667,0.455,0,0.119,9,0.0741,-14.611,1,31,0.0363,203.189,0.718,3
0.8290000000000001,0.18600000000000005,198947,0.398,0,0.000174,5,0.62,-8.452,0,24,0.0341,170.738,0.303,6
0.00215,0.494,220587,0.805,0,8.72e-05,7,0.251,-6.752999999999999,1,36,0.0305,128.998,0.723,3
0.185,0.5920000000000001,193067,0.728,0,0.0,2,0.34,-6.534,1,27,0.0531,119.026,0.6890000000000001,6
0.96,0.805,188430,0.16,0,0.0,11,0.343,-11.299,0,0,0.0604,120.897,0.941,8
0.711,0.8029999999999999,158089,0.494,0,0.0005610000000000001,8,0.0623,-9.033,1,35,0.0326,115.771,0.774,6
0.0259,0.498,110080,0.841,0,0.000753,7,0.173,-6.863,1,45,0.0617,135.759,0.333,2
0.0352,0.792,239827,0.494,0,0.00282,0,0.0513,-12.425,1,47,0.115,97.635,0.647,4
0.0274,0.602,333453,0.853,0,0.00828,2,0.355,-5.362,1,54,0.0438,115.047,0.466,2
0.93,0.721,155667,0.18600000000000005,0,0.000145,3,0.35100000000000003,-13.833,1,15,0.0458,129.452,0.77,9
0.787,0.7090000000000001,128267,0.509,0,0.445,7,0.0744,-10.059,1,9,0.03,106.452,0.764,6
0.7290000000000001,0.74,243163,0.248,0,0.0,4,0.141,-12.659,1,52,0.109,83.786,0.889,1
0.267,0.42,277400,0.399,0,0.0,9,0.127,-10.563,1,50,0.0279,148.034,0.0993,4
0.491,0.7609999999999999,311880,0.482,0,0.31,10,0.0864,-11.849,1,55,0.0572,88.054,0.626,5
0.00689,0.614,201960,0.84,0,0.0,9,0.119,-4.624,1,47,0.041,119.014,0.7909999999999999,1
0.974,0.301,309080,0.0177,0,0.007640000000000002,0,0.106,-27.29300000000001,1,65,0.0422,119.859,0.0892,0
0.145,0.5329999999999999,245733,0.7340000000000001,0,0.0,5,0.6629999999999999,-8.671,0,33,0.0319,97.625,0.466,3
0.0172,0.477,257027,0.0073799999999999985,0,1.84e-06,8,0.0649,-23.923,0,0,0.0875,167.769,0.257,7
0.00909,0.63,217893,0.845,0,0.0,3,0.214,-4.555,1,48,0.0296,115.492,0.648,1
0.000252,0.575,214040,0.8540000000000001,0,0.6759999999999999,1,0.35100000000000003,-5.847,0,59,0.0362,113.075,0.5870000000000001,1
0.982,0.304,152867,0.563,0,0.000661,3,0.182,-4.46,1,1,0.0366,86.573,0.87,8
0.006220000000000001,0.61,164707,0.7609999999999999,0,0.0318,9,0.0706,-9.217,1,36,0.0407,124.48,0.725,6
0.5539999999999999,0.621,364040,0.7040000000000001,0,0.385,11,0.0542,-10.276,0,33,0.038,89.939,0.91,3
0.0323,0.324,552800,0.469,0,0.0,8,0.101,-11.468,1,46,0.0804,107.095,0.158,1
0.992,0.7,193533,0.222,0,2.12e-06,4,0.321,-13.184,1,0,0.0541,129.586,0.6559999999999999,9
0.513,0.8390000000000001,239444,0.5920000000000001,0,0.0,0,0.322,-11.661,1,37,0.0839,116.4,0.8009999999999999,5
0.221,0.565,207227,0.851,0,0.000541,1,0.0926,-6.301,1,38,0.0602,130.782,0.847,5
0.8009999999999999,0.481,158333,0.242,0,0.0,10,0.205,-10.149,1,21,0.0341,113.188,0.404,7
0.979,0.5710000000000001,307698,0.172,0,0.275,7,0.124,-20.7,1,65,0.0318,90.972,0.297,1
0.00872,0.606,244907,0.883,1,0.0,3,0.0698,-3.2430000000000003,1,72,0.0423,128.053,0.608,1
0.0178,0.613,241348,0.634,0,0.0,2,0.0719,-3.472,1,59,0.0339,144.953,0.37,2
0.363,0.802,201333,0.485,0,0.0,10,0.118,-7.825,1,48,0.221,174.16400000000004,0.8,3
0.0114,0.81,214593,0.55,1,5.69e-06,2,0.107,-7.46,0,73,0.17,76.503,0.183,1
0.0456,0.5670000000000001,235213,0.532,0,3.21e-06,11,0.132,-10.345,0,0,0.0267,105.983,0.422,7
0.47,0.838,204243,0.397,0,1.4e-05,0,0.101,-10.438,1,32,0.037000000000000005,120.444,0.669,4
0.00305,0.696,454827,0.826,0,0.8059999999999999,0,0.4,-6.7029999999999985,1,31,0.0535,124.085,0.645,5
0.366,0.65,196200,0.309,0,0.00191,9,0.0798,-13.091,0,25,0.0334,131.345,0.47,6
0.156,0.593,125933,0.885,0,0.0,11,0.337,-7.641,0,41,0.043,139.093,0.907,3
0.981,0.224,93267,0.0245,0,0.013,9,0.126,-28.29,0,4,0.0517,101.407,0.0441,7
0.784,0.508,80640,0.67,0,0.0,6,0.865,-13.764,1,16,0.908,107.684,0.574,6
0.00409,0.373,257920,0.884,0,0.0,4,0.329,-7.707000000000002,1,37,0.0421,130.099,0.28,4
0.0,0.21,250000,0.153,0,0.996,0,0.49,-15.128,0,63,0.0648,64.435,0.0309,1
0.633,0.76,183800,0.5660000000000001,0,0.7240000000000001,7,0.0262,-14.129,1,41,0.0399,132.887,0.97,3
0.0116,0.584,256133,0.82,0,4.04e-05,0,0.0991,-5.228,1,60,0.0271,106.055,0.8690000000000001,2
0.993,0.369,417067,0.114,0,0.916,6,0.102,-18.464,1,1,0.0362,102.388,0.12,10
0.43,0.777,185693,0.635,0,2.51e-05,7,0.262,-8.408,1,24,0.0328,124.513,0.675,6
0.147,0.9,202667,0.365,1,0.185,10,0.179,-6.395,0,59,0.235,135.003,0.136,1
0.446,0.677,203920,0.39,0,0.0,2,0.295,-20.479,0,0,0.6629999999999999,123.49,0.228,7
0.992,0.282,250000,0.29100000000000004,0,0.872,2,0.117,-15.683,1,0,0.04,82.919,0.7390000000000001,7
0.662,0.573,146256,0.341,0,0.0,0,0.122,-10.934,1,11,0.0253,95.915,0.454,6
0.991,0.708,163669,0.21,0,0.206,1,0.183,-15.821,1,0,0.872,76.889,0.63,8
0.948,0.435,369240,0.101,0,0.179,0,0.25,-20.371,1,0,0.0477,116.327,0.12,8
0.512,0.728,241160,0.454,0,1.39e-06,0,0.0831,-9.281,1,61,0.0278,130.368,0.32299999999999995,4
0.0445,0.573,254118,0.735,0,0.865,2,0.187,-4.132,1,62,0.0428,170.007,0.246,1
0.927,0.6459999999999999,30000,0.359,0,0.0,8,0.171,-10.408,0,0,0.0415,131.776,0.6559999999999999,9
0.29,0.64,228760,0.929,0,0.0,7,0.229,-4.379,1,45,0.0808,122.759,0.5720000000000001,2
0.468,0.616,185533,0.518,0,0.7190000000000001,0,0.0658,-15.311,0,25,0.0438,85.304,0.5589999999999999,5
0.6859999999999999,0.298,172656,0.391,0,0.0,0,0.0754,-6.8210000000000015,1,51,0.0327,83.561,0.14,1
0.993,0.531,246800,0.131,0,0.938,9,0.13,-15.175999999999998,1,5,0.0397,68.733,0.241,7
0.6890000000000001,0.493,171773,0.423,0,1.2e-06,0,0.35600000000000004,-9.927,1,24,0.0361,131.614,0.605,6
0.0584,0.326,378840,0.92,0,0.563,2,0.969,-13.094,1,23,0.0707,108.123,0.238,5
0.177,0.672,148533,0.7490000000000001,0,0.00663,11,0.0589,-5.3679999999999986,0,22,0.0458,145.161,0.923,6
0.0174,0.695,245827,0.7959999999999999,0,0.0,4,0.0493,-6.057,0,69,0.0361,114.804,0.652,1
0.0502,0.583,190613,0.831,0,0.272,9,0.04,-3.417,1,57,0.0289,94.009,0.628,1
0.0271,0.503,158907,0.792,1,0.0,0,0.335,-3.462,1,50,0.375,93.063,0.826,2
0.435,0.857,272576,0.561,0,0.0,9,0.0831,-7.2879999999999985,1,66,0.0292,99.989,0.76,1
0.0981,0.861,213000,0.379,0,0.00125,5,0.0817,-10.497,1,38,0.0347,104.569,0.513,5
0.918,0.588,155520,0.119,0,0.0,7,0.116,-21.624,0,20,0.0625,117.907,0.597,6
0.92,0.463,191093,0.277,0,7.95e-06,5,0.175,-11.598,1,30,0.0265,74.048,0.268,7
0.117,0.44,292160,0.927,0,0.0,0,0.111,-5.447,1,41,0.0516,141.105,0.513,3
0.795,0.6679999999999999,167200,0.48,0,0.0,2,0.34,-9.188,1,21,0.028,132.472,0.821,6
0.23,0.481,257667,0.838,0,0.000126,5,0.24,-5.586,1,29,0.14,120.247,0.45,5
0.333,0.6509999999999999,195667,0.602,0,2.48e-06,4,0.273,-9.102,0,36,0.0549,75.83800000000002,0.917,4
0.858,0.307,145560,0.0146,0,2.96e-06,0,0.353,-22.988000000000003,1,6,0.0381,140.38299999999998,0.188,7
0.948,0.33,215275,0.276,0,0.0017,0,0.17600000000000002,-9.922,0,0,0.0302,171.382,0.509,9
0.932,0.596,168280,0.203,0,0.0,0,0.255,-12.515999999999998,1,28,0.0747,91.231,0.196,5
0.362,0.523,175507,0.8140000000000001,0,0.0,2,0.077,-9.377,1,38,0.0735,101.474,0.794,6
0.211,0.8170000000000001,240027,0.655,0,0.0,7,0.312,-6.956,0,58,0.224,92.992,0.32,2
0.0008789999999999999,0.35100000000000003,200213,0.985,0,0.428,5,0.127,-3.865,0,35,0.0871,182.503,0.304,4
0.8420000000000001,0.7559999999999999,157460,0.565,0,2.02e-05,5,0.0672,-8.301,1,12,0.0265,93.817,0.968,6
0.000499,0.264,221547,0.944,0,1.06e-06,11,0.198,-3.298,1,39,0.08800000000000001,177.517,0.536,2
0.207,0.774,162547,0.5539999999999999,1,0.0,0,0.132,-7.909,1,92,0.0383,99.034,0.349,0
0.605,0.652,126851,0.7090000000000001,0,0.0,6,0.103,-8.607999999999999,0,0,0.058,112.998,0.965,7
0.00415,0.7759999999999999,227880,0.413,0,2.68e-05,6,0.0724,-7.438,0,54,0.0952,100.003,0.287,1
0.304,0.556,145519,0.69,0,0.0016,0,0.182,-6.21,1,38,0.0335,90.991,0.774,5
0.0071,0.975,338844,0.57,0,0.28,6,0.07200000000000001,-10.604,0,40,0.0481,126.908,0.968,4
0.000101,0.418,250793,0.907,0,0.000433,0,0.34600000000000003,-3.675,1,64,0.0584,99.17,0.473,1
0.0881,0.547,217307,0.657,0,0.0,7,0.135,-4.482,0,39,0.0491,103.966,0.353,2
0.993,0.35700000000000004,201067,0.0749,0,0.897,11,0.105,-23.245,0,1,0.0458,129.753,0.214,8
0.22,0.655,131187,0.591,0,0.00021,4,0.102,-9.016,0,26,0.0407,129.64700000000002,0.777,5
0.0134,0.35700000000000004,209591,0.6609999999999999,0,0.0,0,0.166,-7.258999999999999,0,59,0.106,101.038,0.541,1
0.8190000000000001,0.61,158040,0.275,0,0.0,5,0.17800000000000002,-11.55,1,27,0.0383,77.673,0.5479999999999999,7
0.505,0.428,291573,0.5,0,0.000108,9,0.13699999999999998,-10.51,0,46,0.0348,159.609,0.383,4
0.00204,0.57,272653,0.915,0,0.7859999999999999,0,0.174,-7.256,1,21,0.08199999999999999,101.398,0.7559999999999999,4
0.0502,0.6679999999999999,303907,0.74,0,3.1e-05,10,0.0563,-10.409,1,51,0.0585,116.963,0.916,3
0.973,0.521,151960,0.388,0,0.0664,2,0.101,-9.261,1,3,0.0275,99.037,0.4320000000000001,7
0.0279,0.387,498267,0.475,1,0.466,11,0.116,-9.574,1,41,0.0285,95.205,0.0881,3
0.00235,0.508,179013,0.557,1,0.0134,8,0.588,-8.967,0,66,0.0478,77.572,0.199,1
0.256,0.7809999999999999,233427,0.441,0,1.74e-05,6,0.0767,-12.46,1,48,0.0341,87.185,0.789,4
0.972,0.614,156653,0.156,0,0.0,10,0.0925,-13.0,0,37,0.0657,119.14,0.34700000000000003,7
0.6629999999999999,0.5710000000000001,305067,0.3,0,2.1600000000000007e-05,8,0.314,-12.462,1,39,0.0365,84.854,0.393,3
2.39e-05,0.443,225653,0.941,0,0.0,0,0.0965,-4.824,1,48,0.0649,162.999,0.644,2
0.959,0.684,145689,0.35200000000000004,0,1.22e-06,9,0.28600000000000003,-13.335,1,0,0.0684,79.65,0.971,8
0.958,0.69,146640,0.257,0,0.0852,5,0.0992,-17.489,0,0,0.261,61.828,0.8370000000000001,10
0.0499,0.633,371480,0.885,0,0.102,9,0.0464,-8.353,1,32,0.309,129.431,0.537,4
0.962,0.564,244933,0.113,0,0.0022600000000000003,2,0.121,-21.253,1,29,0.0294,104.09,0.399,6
0.952,0.412,178000,0.0678,0,4.9e-05,3,0.151,-19.136,0,19,0.0375,113.903,0.125,7
0.0496,0.779,243506,0.66,1,0.0,1,0.0825,-4.854,1,52,0.17,83.914,0.526,2
0.995,0.71,201013,0.22,0,0.711,2,0.113,-13.624,1,0,0.0472,101.329,0.459,10
0.000177,0.644,240307,0.6609999999999999,0,5.23e-06,11,0.108,-6.093,1,61,0.0418,153.99200000000005,0.272,1
0.962,0.486,255693,0.295,0,0.951,6,0.79,-17.215,1,22,0.0363,102.119,0.289,7
0.8390000000000001,0.758,162933,0.5479999999999999,0,0.895,0,0.398,-11.589,0,4,0.0414,90.178,0.964,7
0.928,0.16399999999999998,78240,0.149,0,0.956,2,0.116,-19.957,0,29,0.0391,76.793,0.199,4
0.5429999999999999,0.6609999999999999,227440,0.619,0,0.0,6,0.0883,-11.348,1,52,0.0757,181.967,0.952,3
0.0219,0.502,263267,0.574,0,0.0,6,0.104,-5.7860000000000005,1,59,0.0259,163.025,0.239,2
0.114,0.846,273080,0.8859999999999999,0,0.0,4,0.32299999999999995,-7.29,0,32,0.222,93.577,0.66,3
0.0869,0.618,172907,0.748,0,0.0,0,0.647,-4.131,1,43,0.0373,125.94,0.584,2
0.508,0.35600000000000004,212933,0.272,0,2.02e-05,2,0.263,-13.263,1,51,0.0368,113.345,0.509,6
0.8759999999999999,0.541,274427,0.277,0,0.77,1,0.0675,-15.755999999999998,1,22,0.0397,120.092,0.63,6
0.0506,0.775,182667,0.825,0,1.03e-06,7,0.111,-5.402,1,69,0.0464,139.091,0.95,1
0.7290000000000001,0.841,278960,0.718,0,0.0013,7,0.299,-6.0420000000000025,1,40,0.0327,117.201,0.971,2
0.2,0.5479999999999999,206213,0.901,0,0.0,0,0.1,-2.637,0,60,0.0453,145.953,0.557,1
0.007559999999999998,0.334,492213,0.982,0,0.0135,4,0.753,-10.19,0,33,0.0735,109.414,0.0936,5
0.7709999999999999,0.431,164067,0.404,0,0.0,4,0.172,-7.475,1,16,0.029,94.418,0.409,6
0.486,0.745,125684,0.11,1,0.0,11,0.711,-18.56,0,0,0.955,82.721,0.392,8
0.0477,0.921,171230,0.8370000000000001,0,5.34e-06,10,0.0438,-6.4129999999999985,1,37,0.0407,139.877,0.985,3
0.946,0.482,258093,0.115,0,0.28600000000000003,3,0.256,-14.606,1,32,0.035,66.801,0.237,3
0.7490000000000001,0.474,117093,0.22,0,6.08e-06,4,0.154,-14.031,1,13,0.0262,98.988,0.361,6
0.988,0.499,182147,0.105,0,0.101,3,0.114,-10.347,1,0,0.0507,78.437,0.35700000000000004,8
0.769,0.252,175893,0.37,0,0.0,0,0.273,-9.035,0,4,0.0334,182.709,0.28,6
0.0353,0.8370000000000001,302027,0.5660000000000001,0,1.44e-06,6,0.293,-12.02,0,31,0.102,84.77600000000002,0.882,4
0.8490000000000001,0.479,143440,0.506,0,2.69e-05,11,0.25,-8.175,1,58,0.0272,136.662,0.83,2
0.637,0.519,273045,0.375,0,0.0632,7,0.0991,-9.199,1,26,0.026,129.569,0.344,5
0.455,0.519,140147,0.63,0,0.3670000000000001,4,0.168,-7.518,0,40,0.0647,114.416,0.8390000000000001,6
0.353,0.408,185239,0.294,0,0.742,2,0.109,-20.958,1,24,0.0288,103.897,0.413,6
0.0101,0.362,270533,0.8490000000000001,0,0.124,11,0.426,-10.002,1,35,0.119,179.101,0.687,4
0.91,0.805,175707,0.049,0,0.0248,3,0.0753,-24.071,1,8,0.0515,99.43,0.8390000000000001,9
0.6629999999999999,0.585,276000,0.369,0,1.62e-06,7,0.278,-12.23,0,49,0.0278,134.058,0.182,3
0.598,0.3720000000000001,276627,0.475,0,0.0706,5,0.0865,-8.51,1,39,0.0413,119.758,0.304,3
0.252,0.565,220907,0.722,1,0.107,10,0.245,-7.565,0,54,0.141,194.276,0.34700000000000003,2
0.7659999999999999,0.456,221293,0.285,0,0.0,7,0.0786,-13.675999999999998,1,36,0.0858,83.435,0.516,7
0.96,0.193,194467,0.0782,0,0.6970000000000001,11,0.522,-27.849,0,0,0.0402,61.779,0.0751,8
0.934,0.624,170295,0.133,0,6.459999999999997e-05,4,0.0826,-17.898,1,33,0.036000000000000004,117.153,0.479,5
0.192,0.7759999999999999,129371,0.509,0,1.49e-06,0,0.115,-6.266,0,90,0.467,94.634,0.485,0
0.632,0.409,266307,0.404,0,0.862,2,0.375,-14.283,0,39,0.042,121.509,0.5539999999999999,6
0.741,0.634,171307,0.374,0,0.0,2,0.106,-13.826,1,33,0.0353,138.266,0.8140000000000001,4
0.17600000000000002,0.48,207667,0.966,0,6.44e-06,11,0.27,-2.64,0,49,0.102,172.372,0.7190000000000001,2
0.905,0.75,95013,0.13,0,0.0338,8,0.114,-19.021,1,44,0.0689,118.574,0.857,5
0.08,0.6459999999999999,248360,0.728,0,0.0,0,0.19,-6.1229999999999976,1,59,0.0327,107.976,0.385,1
0.589,0.56,167373,0.652,0,0.00171,10,0.249,-9.809,1,41,0.0538,134.015,0.947,6
0.00755,0.496,368373,0.55,0,0.0122,2,0.0814,-5.4179999999999975,1,59,0.034,90.036,0.14400000000000002,1
1.28e-05,0.277,181320,0.784,0,0.0321,4,0.706,-9.38,1,27,0.0484,155.139,0.611,5
0.0884,0.794,246347,0.8490000000000001,0,0.0,8,0.0938,-4.488,0,45,0.241,75.009,0.784,1
0.633,0.345,189000,0.12,0,0.0,7,0.13,-21.079,1,41,0.0344,130.778,0.29600000000000004,4
0.99,0.244,140320,0.0913,0,0.018000000000000002,9,0.384,-21.607,1,0,0.0676,75.684,0.133,7
0.057,0.835,270280,0.584,1,0.0,4,0.355,-9.02,0,56,0.0655,119.987,0.171,1
0.355,0.508,247973,0.594,0,0.000228,4,0.14300000000000002,-7.067,1,54,0.0282,159.298,0.215,2
0.904,0.236,115867,0.329,0,0.826,4,0.287,-10.827,1,1,0.0345,83.585,0.46,7
0.0948,0.588,254773,0.9,0,0.0404,11,0.127,-11.651,0,44,0.049,142.094,0.748,4
0.000594,0.387,106587,0.992,0,0.0,7,0.0883,-2.9130000000000003,1,43,0.181,169.31,0.477,2
0.763,0.695,357474,0.188,0,0.0,11,0.16,-18.791,0,0,0.959,104.02,0.466,9
0.0162,0.596,141400,0.657,0,2.14e-05,2,0.1,-10.739,1,24,0.0524,167.625,0.953,5
0.0737,0.304,179773,0.8,0,0.7759999999999999,9,0.945,-14.803,1,19,0.042,169.523,0.895,5
0.949,0.24,650533,0.338,0,0.8290000000000001,0,0.364,-13.37,1,41,0.0361,80.051,0.315,3
0.995,0.263,177400,0.0745,0,0.165,6,0.314,-22.533,1,0,0.0446,172.987,0.44,9
0.988,0.406,145946,0.0256,0,0.00462,9,0.0735,-20.393,1,0,0.0598,86.84299999999998,0.211,8
0.385,0.847,873733,0.828,0,0.0,9,0.393,-8.51,1,45,0.29600000000000004,111.045,0.884,3
0.0911,0.754,272893,0.82,0,1.62e-06,1,0.0805,-8.622,1,37,0.062,119.835,0.8959999999999999,3
0.878,0.354,632800,0.4270000000000001,0,0.89,10,0.0795,-13.562,0,7,0.0565,95.821,0.241,7
0.597,0.387,137613,0.103,0,0.0,5,0.244,-16.776,1,11,0.034,143.621,0.22,7
0.0107,0.597,232587,0.882,0,0.0,9,0.0897,-5.922999999999999,0,43,0.0288,130.858,0.65,4
0.647,0.478,201173,0.388,0,2.84e-06,2,0.11,-12.655,0,34,0.0409,89.848,0.337,3
0.166,0.5670000000000001,321080,0.309,1,0.0,8,0.12,-14.254,1,58,0.385,65.041,0.509,1
0.16399999999999998,0.63,178013,0.8079999999999999,0,0.0,10,0.127,-9.838,1,42,0.0301,150.482,0.938,4
0.00158,0.877,261794,0.647,0,0.0618,7,0.126,-9.652,1,41,0.232,98.404,0.334,4
0.0781,0.57,309869,0.81,0,0.16,7,0.631,-10.562,1,38,0.046,111.025,0.7140000000000001,6
0.021,0.518,227800,0.938,0,0.000305,8,0.28800000000000003,-5.964,0,66,0.0416,139.138,0.71,5
0.171,0.5529999999999999,503320,0.6629999999999999,1,1.64e-06,11,0.595,-6.412000000000001,1,51,0.0837,139.97899999999998,0.299,1
0.000734,0.475,270760,0.862,0,0.00825,2,0.121,-5.7810000000000015,1,56,0.0629,127.253,0.41,3
0.237,0.62,207693,0.483,0,0.0147,2,0.3,-10.678,1,18,0.0657,121.864,0.493,6
0.7879999999999999,0.473,434893,0.512,0,0.611,0,0.0788,-14.505999999999998,1,12,0.0522,133.709,0.725,7
0.608,0.635,172227,0.359,0,6.02e-05,11,0.119,-13.232,0,42,0.0398,143.259,0.732,5
0.996,0.336,97427,0.0564,0,0.184,10,0.342,-24.585,0,0,0.0511,136.887,0.5,8
0.7290000000000001,0.675,169933,0.213,0,0.000122,7,0.0887,-13.595,1,13,0.0793,153.835,0.59,9
0.225,0.588,282662,0.365,0,0.79,7,0.0986,-18.72,0,55,0.0333,90.006,0.0457,1
0.0129,0.599,272973,0.5429999999999999,0,0.00193,0,0.29100000000000004,-9.226,1,67,0.0302,91.105,0.624,3
0.612,0.374,247731,0.08199999999999999,0,0.202,1,0.111,-11.402,0,55,0.0412,91.428,0.037000000000000005,1
0.897,0.504,273507,0.322,0,0.0,7,0.146,-13.616,0,0,0.0399,100.938,0.401,8
0.889,0.754,169627,0.14300000000000002,0,0.0,5,0.168,-16.507,1,40,0.0609,134.356,0.805,4
0.131,0.312,231880,0.986,0,0.903,0,0.611,-9.717,1,29,0.0623,95.861,0.152,4
0.948,0.184,244693,0.0953,0,0.0371,2,0.102,-18.573,1,41,0.0405,85.296,0.197,2
0.863,0.452,77613,0.0966,0,0.897,5,0.449,-21.044,1,14,0.036000000000000004,108.5,0.28600000000000003,7
0.000238,0.29,205800,0.937,1,0.0589,8,0.317,-3.557,1,48,0.13699999999999998,148.357,0.408,3
0.8490000000000001,0.3,104371,0.682,0,0.00192,0,0.375,-8.217,1,0,0.132,83.611,0.413,9
0.0846,0.889,177067,0.466,1,7.44e-06,1,0.384,-10.74,1,61,0.36,100.17,0.403,3
0.99,0.324,207640,0.0186,0,0.934,2,0.105,-28.248,1,68,0.0476,85.29700000000003,0.126,0
0.0173,0.667,206067,0.7959999999999999,0,0.000471,1,0.116,-4.6530000000000005,1,51,0.031,88.479,0.6659999999999999,1
0.7,0.454,163187,0.319,0,0.00196,7,0.32,-14.334,1,52,0.0337,132.336,0.308,6
0.99,0.195,45533,0.307,0,0.875,7,0.265,-20.02,1,21,0.039,136.908,0.983,7
0.335,0.6809999999999999,226821,0.664,1,0.0,6,0.0418,-8.019,0,78,0.0353,102.166,0.861,0
0.958,0.59,240001,0.514,0,0.0718,9,0.235,-9.024,1,0,0.038,137.99200000000002,0.655,8
0.902,0.429,268456,0.16699999999999998,0,0.522,7,0.109,-15.725,0,57,0.0298,109.071,0.0913,1
0.344,0.551,308307,0.298,0,0.0655,8,0.332,-16.284000000000002,1,9,0.0656,124.116,0.657,7
0.305,0.6679999999999999,133600,0.34,0,0.0,7,0.14300000000000002,-16.386,1,0,0.621,124.46,0.623,8
0.995,0.526,176919,0.127,0,0.0469,9,0.13,-12.073,0,0,0.227,66.678,0.7809999999999999,8
0.5660000000000001,0.659,181894,0.44,0,0.0,5,0.259,-7.716,1,41,0.0388,123.687,0.968,3
0.8440000000000001,0.433,198267,0.0261,0,0.911,8,0.11,-31.474,1,14,0.044,98.34,0.467,7
0.00551,0.738,211720,0.608,0,0.0,2,0.264,-10.077,1,35,0.0353,131.886,0.951,4
0.00798,0.5529999999999999,322560,0.733,0,4.6e-05,2,0.417,-8.405,1,32,0.0316,135.344,0.8079999999999999,4
0.845,0.5770000000000001,165013,0.478,0,0.816,7,0.14,-15.425999999999998,1,23,0.0348,79.711,0.919,5
0.966,0.161,425467,0.161,0,0.967,8,0.0951,-19.951,1,35,0.0341,77.62899999999998,0.116,3
0.0249,0.731,195560,0.867,0,0.0,11,0.322,-5.003,1,52,0.0382,100.014,0.6629999999999999,1
0.865,0.397,181467,0.409,0,0.88,1,0.174,-14.106,1,8,0.0488,169.149,0.618,7
0.263,0.677,179507,0.556,0,0.0,9,0.105,-6.544,1,78,0.0306,80.009,0.521,1
0.989,0.5329999999999999,179133,0.0783,0,0.603,1,0.34600000000000003,-19.813,0,4,0.0878,104.622,0.464,7
0.000334,0.684,219933,0.752,1,0.00213,11,0.313,-7.191,0,48,0.242,142.814,0.502,2
0.000657,0.267,287267,0.775,0,9.84e-05,9,0.141,-10.654000000000002,1,33,0.0711,174.546,0.341,4
0.937,0.239,329933,0.12,0,0.426,5,0.138,-13.722,1,42,0.032,129.961,0.0383,5
0.616,0.7,382267,0.639,0,0.309,9,0.0617,-11.313,1,28,0.0583,155.748,0.528,5
0.94,0.623,202106,0.0846,0,0.000311,5,0.11,-13.239,0,5,0.045,83.46700000000001,0.343,7
0.722,0.642,158067,0.713,0,0.0,3,0.336,-9.707,1,16,0.0447,75.195,0.928,6
0.00237,0.5760000000000001,283627,0.7809999999999999,0,0.194,4,0.468,-8.6,1,42,0.0479,121.197,0.723,5
0.214,0.345,320027,0.784,0,0.838,2,0.721,-9.815,1,23,0.0537,109.486,0.361,5
0.459,0.721,95700,0.138,1,0.0,0,0.449,-20.845,1,0,0.933,118.668,0.552,8
0.665,0.835,184773,0.3720000000000001,0,5.920000000000001e-05,1,0.0415,-13.861,1,29,0.0402,110.558,0.925,5
0.973,0.204,346547,0.17,0,0.952,3,0.103,-20.733,1,0,0.055,89.84899999999998,0.251,9
0.135,0.527,232240,0.938,0,1.69e-06,4,0.161,-5.3660000000000005,1,41,0.112,147.079,0.68,2
0.551,0.596,156293,0.589,0,0.0,0,0.0897,-8.747,1,54,0.037000000000000005,75.288,0.5870000000000001,5
0.742,0.45,299853,0.6509999999999999,0,0.964,2,0.287,-3.509,0,0,0.0361,116.394,0.219,9
0.13699999999999998,0.664,113800,0.377,1,0.0,0,0.145,-16.48,1,0,0.945,94.104,0.442,7
0.883,0.4370000000000001,201907,0.375,0,0.00959,10,0.14300000000000002,-10.76,1,0,0.0363,134.181,0.7979999999999999,7
2.57e-05,0.14300000000000002,256333,0.919,0,0.00427,9,0.134,-4.438,1,63,0.11,172.668,0.201,1
0.0608,0.5820000000000001,240240,0.921,0,0.0,4,0.13699999999999998,-3.928,1,0,0.0457,131.004,0.6859999999999999,0
0.0164,0.618,213333,0.7170000000000001,0,0.000339,9,0.0594,-12.107,1,48,0.03,114.802,0.7609999999999999,3
0.162,0.76,216747,0.754,0,0.0,7,0.412,-6.539,1,59,0.0492,105.012,0.768,2
0.35600000000000004,0.534,336413,0.563,0,1.37e-06,2,0.574,-8.975,0,39,0.0601,124.149,0.414,3
0.162,0.7490000000000001,202293,0.529,0,0.000212,9,0.0938,-7.532999999999999,1,42,0.0339,113.749,0.81,3
0.464,0.7340000000000001,123227,0.589,0,0.443,0,0.195,-9.507,1,11,0.0333,135.403,0.941,6
0.737,0.326,59973,0.197,0,0.0,7,0.936,-16.828,1,0,0.0772,169.671,0.703,7
0.979,0.483,158187,0.0589,0,0.956,4,0.0375,-28.255,0,54,0.0394,84.038,0.0783,2
0.411,0.598,156328,0.731,0,0.0656,9,0.0934,-9.826,0,32,0.0292,97.132,0.521,6
0.0806,0.643,239427,0.59,0,0.00578,11,0.174,-10.843,0,55,0.0284,126.651,0.818,4
0.982,0.348,907440,0.272,0,0.892,1,0.154,-15.343,1,0,0.0345,102.402,0.0678,8
0.797,0.6779999999999999,182893,0.312,0,0.0,7,0.115,-14.695,1,44,0.0392,119.889,0.953,2
0.0986,0.541,291480,0.57,0,6.579999999999999e-05,7,0.0845,-10.343,1,31,0.0528,86.95200000000001,0.493,5
0.8220000000000001,0.613,179160,0.25,0,0.848,11,0.418,-13.392,1,0,0.189,127.422,0.649,7
0.0876,0.647,242240,0.868,0,0.124,0,0.129,-6.4270000000000005,0,65,0.105,121.822,0.8029999999999999,5
0.0702,0.7240000000000001,235133,0.6940000000000001,0,0.000407,7,0.153,-12.889,1,56,0.0454,132.79,0.946,4
0.987,0.5760000000000001,215107,0.308,0,0.000113,1,0.24,-13.554,1,0,0.0346,127.201,0.905,7
0.0572,0.5379999999999999,293000,0.285,0,0.0605,9,0.066,-19.716,1,44,0.0427,117.441,0.443,5
0.0189,0.198,328480,0.789,0,0.000454,4,0.166,-5.8370000000000015,0,31,0.0456,93.141,0.0387,5
0.265,0.409,213520,0.652,0,0.0,1,0.524,-10.263,0,51,0.0598,91.686,0.455,5
0.181,0.7490000000000001,351493,0.6990000000000001,0,0.0949,4,0.0594,-8.683,1,42,0.138,169.52200000000005,0.8740000000000001,4
0.0855,0.773,357267,0.8590000000000001,0,0.00018,11,0.914,-4.913,1,64,0.0747,118.458,0.813,4
0.00304,0.541,321267,0.742,0,0.0,9,0.124,-7.79,1,47,0.0284,99.032,0.342,3
0.14800000000000002,0.696,222400,0.532,0,0.00246,5,0.0842,-9.705,1,51,0.0237,103.359,0.624,4
0.784,0.6659999999999999,153507,0.537,0,0.0,5,0.632,-8.596,1,18,0.0452,122.512,0.784,6
0.8390000000000001,0.619,217960,0.2,0,0.564,10,0.113,-15.864,1,32,0.0551,109.262,0.456,7
0.405,0.324,304693,0.8340000000000001,0,0.0,8,0.7390000000000001,-4.923,1,41,0.121,97.807,0.355,2
0.197,0.813,270560,0.8270000000000001,0,7e-05,6,0.0697,-2.769,1,43,0.253,93.458,0.51,3
0.393,0.502,300733,0.66,0,0.000138,10,0.608,-11.852,1,62,0.0394,85.209,0.722,4
0.481,0.65,353400,0.74,0,9.28e-06,5,0.297,-6.848,0,27,0.046,105.84,0.586,3
0.83,0.244,273200,0.297,0,3.16e-05,9,0.133,-12.435,0,27,0.0358,152.769,0.16699999999999998,5
0.55,0.5660000000000001,291240,0.353,0,0.0,10,0.227,-11.868,1,26,0.0333,117.623,0.35600000000000004,6
0.852,0.507,515827,0.449,0,0.105,8,0.206,-10.011,1,14,0.0336,133.585,0.71,7
0.251,0.397,169173,0.387,0,0.00235,5,0.6829999999999999,-12.11,1,26,0.0605,164.107,0.695,6
0.00164,0.6609999999999999,165067,0.407,0,0.0241,4,0.0987,-14.111,1,56,0.0334,125.644,0.4970000000000001,4
0.119,0.769,217271,0.536,0,0.0,8,0.0439,-6.6789999999999985,1,59,0.0341,118.116,0.916,1
0.979,0.101,138627,0.124,0,0.953,7,0.0729,-17.875999999999994,1,46,0.0398,75.2,0.0357,2
0.0122,0.441,208253,0.921,0,0.0,11,0.107,-2.835,0,54,0.0431,164.063,0.443,1
0.994,0.414,180720,0.14,0,0.0131,9,0.135,-15.55,1,0,0.0364,68.423,0.332,9
0.00215,0.883,282667,0.785,1,0.0,6,0.209,-7.5539999999999985,0,43,0.258,96.21,0.7490000000000001,4
0.134,0.8029999999999999,282547,0.769,0,0.00114,4,0.443,-4.806,0,28,0.0321,98.341,0.8809999999999999,4
0.0893,0.655,290987,0.677,0,0.000123,7,0.127,-7.254,1,56,0.0256,116.825,0.7859999999999999,3
0.929,0.453,197040,0.195,0,0.0,2,0.094,-14.627,1,19,0.0712,58.07899999999999,0.313,7
0.86,0.5670000000000001,145573,0.332,0,0.929,3,0.0972,-14.595999999999998,1,44,0.0289,130.459,0.626,3
0.954,0.726,192907,0.198,0,0.0,4,0.329,-12.493,1,14,0.13699999999999998,108.976,0.552,7
0.966,0.49,176707,0.319,0,0.00448,7,0.193,-10.275,0,35,0.0306,103.036,0.6809999999999999,6
0.000485,0.239,171560,0.7979999999999999,0,0.376,5,0.141,-13.952,1,50,0.0671,141.22799999999995,0.292,5
0.948,0.601,174933,0.284,0,0.0,9,0.16699999999999998,-10.552,1,61,0.0352,99.644,0.536,3
0.31,0.66,151600,0.439,0,0.0,5,0.302,-14.79,1,38,0.0344,125.066,0.901,5
0.0903,0.759,303493,0.7559999999999999,0,2.36e-06,4,0.265,-8.145,0,67,0.266,87.059,0.613,3
0.16,0.644,267920,0.736,1,0.000156,9,0.6,-6.862,0,59,0.0514,115.032,0.34700000000000003,1
0.14300000000000002,0.355,157547,0.5479999999999999,0,0.0228,11,0.053,-12.685,1,16,0.0274,107.776,0.428,6
0.983,0.6409999999999999,185427,0.114,0,0.058,8,0.241,-15.19,1,3,0.0346,104.329,0.441,9
0.963,0.36,364240,0.273,0,3.43e-05,3,0.0922,-9.874,1,3,0.0513,101.667,0.173,7
0.359,0.5710000000000001,131867,0.7170000000000001,1,3.12e-06,6,0.7979999999999999,-8.333,1,55,0.337,87.538,0.879,2
0.968,0.5579999999999999,442533,0.179,0,0.862,0,0.114,-13.896,1,19,0.0481,108.761,0.247,7
0.331,0.349,176453,0.6559999999999999,0,0.0331,9,0.237,-8.595,1,27,0.0511,169.918,0.7390000000000001,5
0.963,0.653,95520,0.0177,0,0.0,10,0.117,-23.031,1,0,0.0498,98.68,0.615,7
0.0957,0.523,179293,0.82,0,0.0216,5,0.0517,-6.9110000000000005,0,20,0.04,137.798,0.716,5
0.202,0.708,265039,0.748,1,0.0,1,0.0994,-6.483,1,55,0.0518,139.915,0.525,1
0.535,0.462,168640,0.32,0,0.18600000000000005,3,0.158,-18.103,1,0,0.0314,151.148,0.73,9
0.181,0.523,195187,0.7,0,0.00102,6,0.29100000000000004,-10.918,1,29,0.0481,139.775,0.815,4
0.000831,0.938,160038,0.5489999999999999,1,0.000243,1,0.08199999999999999,-8.368,1,62,0.098,144.005,0.412,1
0.6940000000000001,0.6920000000000001,358000,0.6559999999999999,0,0.0232,7,0.104,-8.027000000000001,0,23,0.0747,183.168,0.7190000000000001,4
2.18e-05,0.338,299800,0.983,0,0.000254,0,0.14800000000000002,-3.06,1,30,0.141,102.615,0.395,4
0.71,0.5329999999999999,160133,0.29100000000000004,0,0.0,9,0.173,-11.732,0,15,0.0428,88.09700000000002,0.685,7
0.383,0.453,360000,0.266,0,1.66e-05,9,0.104,-11.12,1,56,0.0276,71.611,0.165,1
0.0259,0.7070000000000001,177853,0.635,0,0.0,1,0.0714,-6.4860000000000015,1,62,0.0251,107.33,0.929,3
0.8540000000000001,0.211,716233,0.0146,0,0.4270000000000001,4,0.212,-25.925,1,32,0.0421,79.476,0.118,5
0.8170000000000001,0.607,144533,0.303,0,0.0,10,0.183,-10.065,1,36,0.0244,97.383,0.555,6
0.996,0.203,73667,0.00156,0,0.8909999999999999,2,0.0854,-36.514,1,26,0.0427,172.476,0.0589,4
0.166,0.436,159200,0.233,0,0.0,4,0.101,-15.448,1,34,0.0359,81.8,0.215,4
0.0159,0.495,236600,0.695,0,0.00176,2,0.0679,-11.581,1,44,0.0351,113.139,0.716,4
0.0995,0.6579999999999999,109500,0.262,1,0.0,0,0.227,-17.5,1,0,0.954,86.02600000000002,0.826,10
0.595,0.7040000000000001,210267,0.5529999999999999,0,0.0,6,0.0684,-5.962999999999999,1,56,0.0478,127.861,0.415,1
0.0673,0.595,227200,0.939,1,0.000134,4,0.232,-3.4930000000000003,1,39,0.0611,106.732,0.773,3
0.731,0.534,220507,0.255,0,0.243,0,0.0994,-19.324,1,28,0.0391,86.963,0.787,6
0.718,0.387,223160,0.336,0,6.32e-06,2,0.185,-14.031,1,44,0.0287,76.03699999999998,0.416,5
2.13e-05,0.55,175403,0.981,1,0.000179,5,0.0936,-3.544,1,51,0.0419,109.985,0.448,1
0.984,0.18,211600,0.272,0,0.00111,8,0.618,-12.752,0,0,0.0541,64.82,0.175,8
0.331,0.62,439533,0.368,0,0.0,10,0.149,-13.623,0,18,0.959,76.561,0.507,9
0.17600000000000002,0.502,205200,0.53,0,0.00675,2,0.0947,-12.861,1,29,0.0539,100.306,0.86,5
0.551,0.373,306933,0.541,0,0.0,0,0.107,-6.751,1,50,0.0287,128.619,0.247,1
0.963,0.231,942000,0.133,0,0.659,2,0.135,-20.274,1,48,0.0437,122.239,0.0564,3
0.748,0.593,103720,0.395,0,1.79e-06,1,0.122,-9.783,1,24,0.0283,78.134,0.639,6
0.18600000000000005,0.669,201503,0.989,0,3.12e-05,7,0.123,-5.448,1,38,0.0464,115.158,0.895,4
0.0814,0.757,341963,0.708,0,0.206,1,0.224,-15.232,1,52,0.0455,108.928,0.5539999999999999,3
0.0691,0.424,220507,0.83,0,0.0008960000000000002,6,0.22,-8.96,1,32,0.103,98.919,0.753,6
0.0373,0.452,203058,0.945,0,4e-05,5,0.22,-4.515,1,60,0.103,167.95,0.504,1
0.16699999999999998,0.632,244686,0.8490000000000001,0,0.0389,9,0.5710000000000001,-8.282,1,23,0.0351,123.092,0.939,5
0.831,0.319,159773,0.29100000000000004,0,2.6e-06,0,0.321,-12.538,1,30,0.0303,75.969,0.241,7
0.629,0.564,260000,0.344,0,0.8029999999999999,0,0.0991,-14.14,1,55,0.0295,119.934,0.28800000000000003,1
0.0524,0.422,113880,0.875,0,0.0,2,0.324,-5.9979999999999976,1,26,0.249,84.256,0.33,4
0.0387,0.388,305741,0.941,0,0.276,2,0.0239,-8.871,1,23,0.0478,98.094,0.369,4
0.00617,0.29,281293,0.911,0,0.0108,5,0.331,-5.6670000000000025,0,37,0.0975,178.636,0.6579999999999999,4
0.434,0.298,186680,0.458,0,0.0019,4,0.155,-10.115,1,30,0.0355,164.887,0.685,6
0.0147,0.328,344027,0.985,0,0.00027400000000000005,11,0.14300000000000002,-5.04,0,33,0.0926,144.41299999999995,0.276,4
0.0392,0.34700000000000003,252360,0.449,0,0.0674,2,0.125,-13.345,1,22,0.0503,83.704,0.51,6
0.608,0.65,154000,0.0741,0,0.0,5,0.64,-23.994,1,26,0.0463,98.085,0.773,5
0.541,0.53,185933,0.455,0,6.83e-06,7,0.755,-7.447999999999999,1,57,0.0284,117.883,0.161,1
0.188,0.507,285547,0.534,0,1.22e-06,10,0.102,-11.655,1,46,0.0347,120.167,0.812,2
0.7440000000000001,0.565,182560,0.687,0,0.0,0,0.19,-4.6530000000000005,0,12,0.071,104.432,0.7509999999999999,7
0.895,0.81,64600,0.247,0,1.99e-06,9,0.15,-13.833,0,0,0.0533,124.985,0.966,8
0.0327,0.422,56637,0.867,0,0.503,6,0.6729999999999999,-10.723,0,31,0.108,119.561,0.255,4
0.8440000000000001,0.597,321947,0.237,0,2.6e-05,9,0.0853,-18.625,1,35,0.0462,129.599,0.41,4
0.959,0.442,201227,0.579,0,0.0004940000000000001,3,0.138,-7.641,0,0,0.0386,107.165,0.743,8
0.363,0.607,188291,0.514,0,0.0,4,0.258,-6.631,1,73,0.0323,75.97800000000002,0.414,1
0.7609999999999999,0.7809999999999999,194827,0.193,0,0.00119,8,0.087,-11.748,1,23,0.0341,109.312,0.529,9
0.921,0.5,175893,0.145,0,0.0,9,0.0857,-14.169,0,50,0.03,104.706,0.197,6
0.517,0.6629999999999999,181667,0.407,0,5.82e-06,7,0.151,-12.064,1,35,0.0253,103.291,0.62,3
0.7,0.6679999999999999,220533,0.65,0,0.0,1,0.125,-6.2920000000000025,1,55,0.0583,103.512,0.848,3
0.188,0.83,215220,0.727,0,0.0,1,0.228,-5.3660000000000005,1,49,0.304,89.855,0.863,1
0.275,0.802,211654,0.737,1,0.0,6,0.113,-4.862,0,79,0.0757,127.014,0.7120000000000001,0
0.0195,0.63,268453,0.359,0,0.908,9,0.0931,-11.022,0,46,0.0376,119.98,0.168,1
0.0258,0.517,282640,0.779,0,0.0,9,0.0622,-5.005,0,63,0.0477,115.206,0.197,1
0.0801,0.416,216813,0.459,0,0.006529999999999999,9,0.0551,-6.814,0,56,0.0317,164.929,0.28600000000000003,1
0.946,0.421,203307,0.0533,0,0.000437,0,0.131,-22.052,1,61,0.0405,111.996,0.111,1
0.569,0.629,177960,0.322,0,0.0,5,0.0768,-13.85,0,3,0.0667,109.115,0.765,8
0.99,0.475,113307,0.0931,0,0.951,2,0.0899,-20.771,0,54,0.0532,134.217,0.188,2
0.5820000000000001,0.617,117960,0.755,0,0.0,8,0.977,-13.363,1,34,0.942,61.069,0.581,3
0.523,0.7240000000000001,123200,0.119,1,0.0,11,0.35200000000000004,-19.568,0,0,0.962,82.13600000000002,0.644,8
0.983,0.563,179173,0.0166,0,0.117,6,0.127,-27.709,0,3,0.0406,79.79899999999998,0.378,9
0.3,0.6940000000000001,169872,0.389,0,0.0,8,0.158,-5.41,1,65,0.0706,90.984,0.409,1
0.967,0.477,223533,0.0781,0,2.33e-06,7,0.12,-15.735,0,4,0.0363,103.266,0.257,7
0.236,0.34700000000000003,150627,0.638,0,0.0,2,0.0894,-10.258,1,51,0.0409,94.506,0.61,2
0.722,0.118,175960,0.309,0,0.00199,0,0.413,-13.232,1,31,0.0357,65.40899999999999,0.114,6
0.031,0.868,284267,0.61,0,4.64e-05,1,0.0251,-11.189,1,26,0.177,100.713,0.703,4
1.53e-06,0.31,228053,0.83,0,0.146,1,0.13699999999999998,-8.527000000000001,1,50,0.0482,170.56799999999996,0.617,3
0.0221,0.284,131533,0.335,0,0.0,5,0.134,-10.943,1,14,0.0295,101.565,0.32,6
1.33e-05,0.489,242040,0.8909999999999999,0,3.16e-06,6,0.0722,-4.507,0,44,0.0574,145.016,0.5579999999999999,2
0.00188,0.6579999999999999,121880,0.7090000000000001,0,0.00447,8,0.0657,-6.7360000000000015,1,65,0.0904,129.69899999999998,0.855,2
0.423,0.517,149253,0.469,0,2.33e-06,2,0.114,-7.1110000000000015,1,30,0.0306,115.088,0.425,5
0.623,0.403,147307,0.271,0,0.0,11,0.436,-17.016,0,22,0.0456,173.546,0.43,6
0.213,0.545,224827,0.682,0,0.0,6,0.147,-5.931,1,64,0.0289,102.703,0.713,4
0.98,0.258,429533,0.336,0,0.124,10,0.212,-14.23,1,12,0.0541,86.53,0.369,6
4.56e-05,0.332,217027,0.875,0,5.5e-05,2,0.153,-4.832,1,48,0.0536,164.36900000000003,0.55,2
0.265,0.753,188347,0.426,0,0.0,2,0.0561,-9.953,1,33,0.04,105.053,0.922,4
0.913,0.522,194893,0.175,0,0.0184,10,0.116,-15.133,1,0,0.0526,125.93,0.642,8
0.989,0.404,171427,0.467,0,0.000134,9,0.201,-12.8,0,0,0.0752,68.586,0.72,10
0.00648,0.418,150600,0.726,0,0.0,9,0.0913,-15.339,0,27,0.0444,94.413,0.426,4
0.0585,0.586,178266,0.494,0,0.0,9,0.117,-11.021,1,24,0.0303,119.947,0.442,4
0.629,0.359,205402,0.324,0,0.0,7,0.0649,-8.687000000000001,1,69,0.0381,98.024,0.326,0
0.8440000000000001,0.341,253973,0.359,0,6.73e-05,0,0.103,-9.471,1,42,0.0356,185.064,0.301,2
0.974,0.564,205520,0.28,0,0.000275,4,0.253,-10.505999999999998,0,0,0.0434,118.124,0.809,9
0.000296,0.547,255413,0.8270000000000001,0,0.101,7,0.0858,-6.0360000000000005,1,65,0.0468,119.089,0.451,1
0.591,0.8640000000000001,244973,0.495,0,0.000133,0,0.0992,-7.0360000000000005,1,76,0.037000000000000005,129.062,0.72,1
0.888,0.5589999999999999,60067,0.121,0,0.0,2,0.6509999999999999,-19.291,0,23,0.443,82.34299999999998,0.443,6
0.996,0.317,194667,0.0979,0,0.938,7,0.172,-20.973000000000006,1,0,0.0657,186.043,0.35,8
0.988,0.27,48373,0.429,0,0.868,7,0.142,-13.534,1,18,0.0383,87.08,0.961,7
0.649,0.301,328067,0.157,0,0.8270000000000001,2,0.401,-18.676,1,0,0.037000000000000005,78.65899999999998,0.226,9
0.28600000000000003,0.625,319320,0.29,0,0.254,2,0.396,-13.494000000000002,1,30,0.0298,83.096,0.2,6
0.354,0.341,169173,0.708,0,0.7490000000000001,10,0.355,-10.464,1,22,0.101,86.64,0.736,6
0.256,0.6940000000000001,263133,0.374,0,0.05,2,0.149,-14.588,0,30,0.0433,125.548,0.459,4
0.000799,0.536,185435,0.655,0,0.8320000000000001,1,0.229,-3.713,1,56,0.0336,136.006,0.552,2
0.955,0.72,161681,0.386,0,0.00214,3,0.596,-14.632,1,0,0.0844,157.531,0.865,8
0.0076900000000000015,0.35700000000000004,375440,0.413,0,0.394,5,0.13,-12.826,1,41,0.0273,172.72799999999995,0.0649,4
0.0111,0.597,186681,0.7709999999999999,0,4.68e-06,5,0.0987,-10.717,1,65,0.0394,104.008,0.8109999999999999,1
0.995,0.419,50013,0.118,0,0.873,10,0.122,-29.062,1,0,0.0616,82.161,0.534,8
0.898,0.648,158267,0.508,0,0.18600000000000005,0,0.0441,-10.484000000000002,0,9,0.0367,123.674,0.957,8
0.979,0.5479999999999999,194707,0.0909,0,0.0014,3,0.337,-17.183,1,0,0.0418,124.086,0.274,8
0.153,0.555,134067,0.909,0,2.87e-06,5,0.129,-2.738,1,42,0.0356,138.983,0.785,2
0.00105,0.383,221760,0.913,0,7.15e-06,2,0.312,-4.041,0,46,0.0473,131.42700000000002,0.625,2
0.8170000000000001,0.476,177507,0.24,0,4.54e-05,7,0.269,-13.953,1,23,0.03,115.766,0.71,6
0.103,0.622,96600,0.0928,1,0.0,0,0.358,-20.935,0,0,0.942,176.36900000000003,0.609,8
0.408,0.652,225307,0.597,0,6.34e-05,7,0.14300000000000002,-11.585,1,49,0.0278,119.97,0.578,3
0.14800000000000002,0.565,279173,0.8640000000000001,0,0.0,4,0.319,-5.441,1,55,0.0443,126.572,0.675,3
0.0583,0.419,311040,0.454,0,3.78e-06,5,0.0974,-6.809,1,46,0.0335,200.017,0.28800000000000003,2
0.297,0.468,215960,0.494,0,0.0,7,0.0779,-11.531,1,27,0.0443,127.134,0.506,5
0.722,0.653,159440,0.659,0,0.633,7,0.7979999999999999,-8.101,1,12,0.0409,153.82399999999996,0.848,8
0.99,0.277,166933,0.0775,0,0.8740000000000001,11,0.188,-22.679,0,0,0.048,133.151,0.395,8
0.11,0.194,151827,0.376,0,0.386,4,0.593,-11.356,1,65,0.0463,48.637,0.0723,1
0.0731,0.615,274520,0.921,0,0.000179,9,0.443,-4.676,0,56,0.041,126.947,0.7440000000000001,4
0.884,0.201,102227,0.0379,0,0.4370000000000001,2,0.337,-23.707,1,30,0.0331,77.03,0.0606,4
0.92,0.141,168040,0.26,0,0.745,10,0.119,-11.976,1,5,0.0303,82.975,0.203,7
0.486,0.441,147040,0.569,0,1.3e-06,7,0.108,-7.996,1,14,0.0353,128.194,0.71,6
0.985,0.723,206000,0.38,0,0.13,7,0.311,-13.89,0,2,0.5429999999999999,80.91199999999998,0.5329999999999999,7
0.5710000000000001,0.531,173733,0.512,0,3.34e-05,11,0.336,-13.207,0,5,0.166,144.55700000000004,0.6990000000000001,7
0.917,0.63,153507,0.138,0,0.0,10,0.0907,-14.608,1,13,0.0679,117.245,0.513,7
0.282,0.536,301987,0.65,0,1.16e-06,2,0.0876,-5.603,1,63,0.0337,147.93,0.28800000000000003,1
0.509,0.7509999999999999,235013,0.726,0,0.0,2,0.238,-1.381,1,39,0.0365,125.192,0.6559999999999999,2
0.5379999999999999,0.667,130347,0.472,0,0.0,9,0.146,-10.905,1,16,0.125,105.596,0.764,6
0.0427,0.634,274333,0.7959999999999999,0,0.0309,10,0.155,-6.374,1,59,0.031,113.475,0.565,3
0.00486,0.552,267120,0.804,0,2.75e-05,11,0.414,-7.233,0,56,0.0968,127.039,0.5429999999999999,1
0.322,0.597,147280,0.611,0,0.0,9,0.129,-12.045,1,35,0.0357,148.67700000000005,0.966,5
0.655,0.652,196267,0.731,0,0.0,10,0.417,-7.081,0,25,0.052000000000000005,135.27700000000002,0.895,6
0.185,0.6859999999999999,116240,0.561,1,0.0,10,0.114,-9.929,0,79,0.191,148.775,0.18600000000000005,1
0.0104,0.44,247293,0.815,0,0.0,7,0.0998,-6.505,1,40,0.0365,139.10399999999998,0.815,4
0.976,0.551,166827,0.507,0,0.949,5,0.127,-7.801,1,42,0.0542,188.702,0.961,5
0.000323,0.284,215333,0.856,0,1.13e-05,7,0.0532,-9.118,1,24,0.0675,191.147,0.8170000000000001,4
0.98,0.662,168182,0.189,0,6.47e-06,0,0.0592,-13.515999999999998,1,5,0.105,101.553,0.857,9
0.581,0.591,166200,0.594,0,2.17e-05,11,0.27,-13.06,1,14,0.0492,91.643,0.8540000000000001,6
0.146,0.773,234693,0.608,0,0.00313,7,0.13,-8.606,1,59,0.0492,97.82,0.335,4
0.154,0.672,152373,0.63,0,0.0,2,0.0776,-5.495,1,49,0.0615,198.406,0.936,2
0.00796,0.353,209827,0.8690000000000001,0,0.0073799999999999985,7,0.407,-11.784,1,22,0.0743,145.006,0.491,4
0.18600000000000005,0.5670000000000001,195317,0.477,0,4.86e-05,8,0.111,-8.781,0,58,0.0331,85.01899999999998,0.321,1
0.136,0.544,129429,0.524,1,0.0,8,0.106,-7.914,1,70,0.0621,81.98200000000001,0.117,1
0.272,0.375,147133,0.654,0,0.885,0,0.34600000000000003,-9.42,0,5,0.132,149.577,0.332,7
0.99,0.539,183147,0.227,0,0.000164,4,0.155,-11.768,0,0,0.0396,106.696,0.664,7
0.4370000000000001,0.578,228440,0.7140000000000001,1,0.0,7,0.277,-4.853,1,61,0.19,75.064,0.524,1
0.96,0.508,188360,0.14800000000000002,0,0.142,0,0.37,-16.823,0,0,0.0555,102.144,0.112,8
0.00904,0.488,207787,0.897,0,5.91e-05,8,0.311,-6.502999999999999,1,67,0.114,172.054,0.8140000000000001,2
0.747,0.417,306867,0.448,0,4.08e-06,0,0.0471,-9.5,1,31,0.0395,140.554,0.306,5
0.995,0.506,62027,0.0189,0,0.851,3,0.0947,-33.705,1,0,0.0597,67.66199999999999,0.508,8
0.0556,0.633,235311,0.6890000000000001,0,0.0,8,0.5329999999999999,-7.105,0,57,0.126,183.999,0.784,2
0.97,0.29100000000000004,176614,0.124,0,0.000478,2,0.125,-19.359,1,11,0.029,76.97399999999998,0.235,7
0.000146,0.18,102333,0.905,0,0.831,11,0.327,-2.767,1,30,0.0453,138.02,0.552,4
0.131,0.441,556427,0.542,0,2.380000000000001e-05,7,0.103,-12.444,1,33,0.0439,111.545,0.37,6
0.0198,0.516,280867,0.469,0,0.521,1,0.0771,-13.728,1,27,0.0241,88.78399999999998,0.447,5
0.975,0.502,190333,0.188,0,0.0386,3,0.173,-19.898,1,0,0.0413,110.596,0.374,10
0.0186,0.363,226667,0.949,0,0.342,11,0.377,-5.843,0,26,0.138,152.48,0.647,4
0.153,0.454,422000,0.725,0,0.0043100000000000005,5,0.461,-8.157,1,26,0.045,149.472,0.336,3
0.612,0.379,164133,0.659,0,0.00241,11,0.307,-8.732999999999999,0,15,0.0318,78.232,0.574,6
0.905,0.298,176467,0.109,0,0.0,9,0.0763,-15.307,0,28,0.0321,72.809,0.15,6
0.516,0.501,193400,0.595,0,0.0,0,0.287,-6.261,1,22,0.0412,100.941,0.733,6
0.314,0.7020000000000001,208227,0.624,0,0.0152,5,0.0669,-9.927,1,67,0.0285,114.542,0.947,2
0.982,0.4270000000000001,176493,0.0784,0,0.73,5,0.116,-20.836,1,0,0.0534,125.216,0.408,8
0.214,0.612,96900,0.124,1,9.8e-06,0,0.11,-20.715,1,0,0.928,74.234,0.448,8
0.6759999999999999,0.61,373747,0.515,0,0.000242,2,0.142,-11.044,0,11,0.0385,105.309,0.55,6
0.992,0.487,80680,0.16399999999999998,0,0.892,0,0.0772,-18.395,0,0,0.057,105.956,0.403,8
0.922,0.225,176920,0.25,0,1.5e-06,5,0.56,-12.145,1,0,0.0374,98.509,0.157,8
0.823,0.434,182240,0.104,1,4.47e-05,7,0.113,-14.518,1,53,0.0341,181.019,0.139,1
0.66,0.659,120467,0.426,0,0.0,8,0.236,-9.779,1,18,0.0539,94.462,0.74,6
0.99,0.584,156093,0.21,0,0.627,11,0.152,-15.074000000000002,0,12,0.0427,80.531,0.562,8
0.0369,0.71,234400,0.8759999999999999,0,0.8079999999999999,6,0.128,-9.219,1,42,0.0346,102.799,0.623,2
0.00317,0.5820000000000001,254360,0.8140000000000001,1,2.21e-05,4,0.209,-6.153,0,51,0.0684,170.02,0.331,1
0.83,0.324,209782,0.355,0,7.120000000000001e-05,11,0.0805,-8.404,1,57,0.0318,170.168,0.33,1
0.984,0.336,29680,0.214,0,0.939,2,0.54,-19.604,0,0,0.043,81.485,0.769,7
0.395,0.51,339493,0.393,0,0.0,5,0.138,-9.526,1,56,0.0364,143.739,0.269,1
0.43,0.227,144200,0.257,0,0.551,3,0.0575,-11.082,0,19,0.0303,179.419,0.0589,6
0.0996,0.721,272562,0.48,1,0.0,9,0.39,-9.282,0,57,0.219,120.148,0.508,1
0.993,0.31,195107,0.4,0,0.038,1,0.6920000000000001,-12.497,1,0,0.0458,69.018,0.373,8
0.295,0.741,220467,0.544,0,0.00135,3,0.313,-15.034,1,23,0.0377,138.971,0.968,5
0.0167,0.165,297587,0.7090000000000001,0,0.000257,1,0.28600000000000003,-7.409,0,51,0.0564,57.02,0.338,4
0.0698,0.35700000000000004,281400,0.5760000000000001,0,0.145,1,0.177,-10.49,0,23,0.0348,165.972,0.652,6
0.6779999999999999,0.621,232960,0.446,0,0.000117,4,0.114,-8.857999999999997,1,35,0.0264,97.55,0.795,3
0.196,0.596,204867,0.6859999999999999,0,0.0,9,0.121,-6.371,0,64,0.0345,172.835,0.815,2
0.000367,0.328,336893,0.982,1,0.0,11,0.38,-2.722,0,45,0.126,155.355,0.67,2
0.28,0.556,561520,0.7609999999999999,0,0.0007019999999999999,10,0.0821,-7.197,0,11,0.0564,130.328,0.74,7
0.758,0.264,122040,0.3670000000000001,0,0.0,11,0.363,-11.356,0,19,0.0309,78.935,0.29,6
0.856,0.616,171200,0.3,0,0.0,4,0.14300000000000002,-10.585,1,0,0.228,64.987,0.495,10
0.986,0.527,217093,0.208,0,0.413,3,0.111,-10.06,0,0,0.0509,134.648,0.713,7
0.00114,0.165,32173,0.664,0,0.9,6,0.381,-26.748,0,7,0.153,78.645,0.0144,9
0.14400000000000002,0.601,237958,0.6779999999999999,0,0.00201,0,0.0725,-11.463,1,32,0.0295,124.563,0.546,4
0.6890000000000001,0.491,274613,0.269,0,0.0,6,0.7140000000000001,-16.453,1,40,0.0438,78.64699999999998,0.459,5
0.238,0.524,195333,0.481,0,0.0,2,0.0879,-12.973,1,27,0.0283,114.522,0.493,6
0.991,0.441,242533,0.0804,0,0.914,4,0.19,-21.345,1,0,0.0421,132.466,0.0696,8
0.003,0.468,235650,0.924,1,0.0,2,0.139,-4.485,1,39,0.067,155.994,0.583,2
0.934,0.524,164867,0.274,0,5.99e-05,4,0.126,-14.095999999999998,0,34,0.0393,142.554,0.92,4
0.381,0.535,351806,0.7559999999999999,0,2.39e-06,7,0.13,-8.214,0,48,0.0359,107.789,0.894,3
0.014,0.32299999999999995,168360,0.634,0,0.0652,2,0.112,-7.534,1,33,0.0346,133.524,0.4920000000000001,5
0.924,0.059,300000,0.0321,0,0.944,7,0.097,-24.34,1,29,0.0449,62.838,0.0345,3
0.0559,0.629,377813,0.847,0,0.213,9,0.32299999999999995,-7.691,1,32,0.0321,139.30100000000002,0.505,4
0.7140000000000001,0.763,182640,0.473,0,0.006659999999999999,4,0.21,-10.759,1,38,0.0263,106.08,0.522,3
0.0259,0.242,225133,0.5920000000000001,0,0.0,9,0.0792,-10.181,1,51,0.0387,167.567,0.317,2
0.23,0.626,227083,0.762,0,0.0,0,0.147,-3.627,0,54,0.0458,99.968,0.637,1
0.0131,0.454,218733,0.778,0,0.0,7,0.293,-5.689,1,33,0.0487,137.41899999999998,0.657,3
0.883,0.454,333627,0.247,0,0.000195,2,0.257,-13.797,1,52,0.0402,149.60299999999995,0.654,3
0.0165,0.747,158800,0.74,0,9.940000000000003e-05,4,0.101,-4.325,0,73,0.191,176.05900000000003,0.552,1
0.948,0.46,151613,0.441,0,0.00152,5,0.228,-12.444,0,1,0.0467,136.263,0.354,8
0.269,0.601,190295,0.775,0,0.0,0,0.0883,-4.612,1,74,0.0473,119.964,0.483,1
0.7040000000000001,0.6859999999999999,227640,0.624,0,0.000135,2,0.233,-2.797,1,43,0.0302,129.484,0.613,6
0.568,0.594,122700,0.255,0,0.0,7,0.711,-22.986,1,0,0.944,79.738,0.266,7
0.51,0.774,337680,0.784,0,0.000302,2,0.0721,-6.28,0,39,0.0388,106.923,0.862,6
0.879,0.409,173267,0.0806,0,0.00104,0,0.107,-24.327,0,32,0.028,105.915,0.13699999999999998,6
0.993,0.171,190800,0.0275,0,0.8190000000000001,7,0.108,-28.092,1,11,0.0405,85.014,0.0397,6
0.00253,0.638,156160,0.8640000000000001,0,0.0,2,0.17800000000000002,-4.255,0,54,0.0358,102.289,0.8109999999999999,3
0.00292,0.573,456693,0.802,0,0.603,1,0.188,-9.236,1,47,0.0464,161.222,0.745,2
0.3670000000000001,0.515,151053,0.626,0,0.0,7,0.494,-7.119,1,34,0.0296,109.048,0.66,5
0.42,0.375,329800,0.5579999999999999,0,0.059,7,0.106,-9.385,0,31,0.0315,160.86700000000005,0.6659999999999999,5
0.000303,0.612,191867,0.972,1,0.00277,10,0.0817,-4.328,0,47,0.0919,109.989,0.5760000000000001,2
0.0026100000000000003,0.386,182693,0.988,0,0.0,5,0.132,-4.923,1,35,0.108,104.907,0.386,3
0.994,0.4370000000000001,186973,0.0879,0,0.0623,2,0.105,-17.805999999999994,1,0,0.0309,77.753,0.299,8
0.0155,0.55,217160,0.7909999999999999,0,0.0,5,0.0548,-4.953,1,51,0.038,173.93200000000004,0.784,1
0.304,0.657,279107,0.855,0,0.000301,9,0.0566,-2.4930000000000003,1,38,0.0602,93.512,0.921,3
0.877,0.151,198170,0.223,0,0.000492,10,0.872,-10.595,1,15,0.0335,165.705,0.0873,7
0.0424,0.667,316987,0.856,0,0.742,2,0.0883,-6.987,0,29,0.0853,115.409,0.481,4
0.388,0.311,146240,0.494,0,0.0,8,0.118,-11.105,1,34,0.0553,157.115,0.4370000000000001,6
0.715,0.7909999999999999,195837,0.5429999999999999,0,0.0,10,0.114,-8.501,1,5,0.035,122.104,0.816,7
0.86,0.535,216133,0.369,0,0.000242,9,0.233,-7.284,1,48,0.0293,91.56,0.536,5
0.14300000000000002,0.375,196800,0.574,0,0.0,7,0.11,-5.305,1,72,0.0315,132.025,0.406,1
0.145,0.44,313867,0.774,0,0.36,7,0.0595,-9.523,1,35,0.0514,106.879,0.245,5
0.747,0.501,172000,0.359,0,0.0,5,0.131,-11.931,0,34,0.0337,102.159,0.586,5
0.461,0.674,272360,0.6729999999999999,0,6.75e-06,10,0.344,-6.468,1,35,0.0281,129.393,0.386,4
0.994,0.364,73907,0.0741,0,4.44e-06,8,0.119,-16.724,1,0,0.0499,85.431,0.149,7
0.855,0.62,154853,0.208,0,0.0,7,0.12,-11.68,0,29,0.0751,113.472,0.733,7
0.97,0.5589999999999999,280480,0.174,0,0.107,0,0.0971,-16.383,1,37,0.0353,101.441,0.275,5
0.000326,0.295,535360,0.914,0,0.8809999999999999,7,0.399,-3.411,1,42,0.0526,137.44,0.654,3
0.00297,0.4270000000000001,193987,0.907,0,0.0,10,0.6709999999999999,-2.267,0,46,0.197,150.134,0.412,1
0.51,0.419,198333,0.21600000000000005,0,0.0959,4,0.121,-18.034,0,39,0.0301,106.217,0.237,6
0.000772,0.754,57360,0.7929999999999999,1,0.486,6,0.109,-7.207999999999997,1,38,0.146,133.28,0.971,3
0.94,0.569,170867,0.117,0,0.008740000000000001,0,0.151,-22.011,1,0,0.0383,114.602,0.637,9
0.8959999999999999,0.0783,583293,0.0523,0,0.945,5,0.0806,-23.247,1,57,0.0471,82.015,0.0327,3
0.8959999999999999,0.231,151240,0.234,0,3.46e-06,0,0.253,-12.769,1,12,0.0541,171.688,0.285,6
0.994,0.398,119853,0.231,0,0.898,4,0.14300000000000002,-18.84,0,1,0.0369,98.578,0.927,8
0.151,0.722,228867,0.6609999999999999,0,0.0,2,0.233,-8.236,1,47,0.0844,126.007,0.643,2
0.913,0.662,159533,0.17,0,0.0,3,0.0774,-16.087,1,0,0.199,155.398,0.715,7
0.72,0.687,235760,0.605,0,2.85e-06,8,0.114,-11.708,1,37,0.116,115.091,0.8540000000000001,5
0.959,0.398,167336,0.0336,0,0.0159,4,0.13,-27.154,1,33,0.0505,140.616,0.28300000000000003,5
0.872,0.617,317253,0.5870000000000001,0,0.0,5,0.441,-9.716,1,39,0.5529999999999999,144.325,0.482,4
0.695,0.682,170867,0.687,0,0.0362,8,0.0654,-5.285,1,5,0.0398,97.853,0.747,9
0.0905,0.672,289493,0.474,0,2.36e-05,2,0.201,-8.182,1,45,0.0445,118.642,0.224,2
0.000201,0.506,212307,0.903,0,0.00254,0,0.337,-4.213,1,45,0.043,98.622,0.7509999999999999,2
0.721,0.551,138773,0.428,0,0.0,3,0.132,-6.874,0,15,0.036000000000000004,123.871,0.557,6
0.023,0.547,213307,0.893,0,0.0189,6,0.0404,-5.118,1,39,0.0332,141.45,0.7979999999999999,4
0.705,0.588,249573,0.404,0,0.155,0,0.7190000000000001,-17.547,0,29,0.132,76.488,0.3,7
0.979,0.496,165000,0.125,0,1.5e-05,7,0.221,-20.155,0,22,0.0523,133.81,0.327,6
0.5660000000000001,0.545,173173,0.454,0,0.0,3,0.0541,-6.706,1,27,0.0302,96.784,0.393,5
0.0924,0.501,285387,0.8859999999999999,0,1.07e-05,5,0.599,-5.85,0,40,0.0885,121.053,0.797,3
0.0124,0.534,375656,0.62,0,0.000736,0,0.29600000000000004,-6.775,1,66,0.0504,106.986,0.547,1
0.919,0.6890000000000001,149583,0.3,0,0.954,6,0.23,-13.843,1,19,0.0371,128.065,0.522,4
0.0217,0.758,265213,0.843,1,2.44e-05,6,0.412,-3.564,1,51,0.266,98.037,0.378,2
0.893,0.453,194307,0.586,0,0.361,7,0.314,-9.975,1,0,0.0438,112.874,0.72,8
0.949,0.669,273187,0.252,0,0.000477,1,0.0868,-11.707,1,0,0.0463,118.707,0.201,9
0.25,0.648,228413,0.664,0,1.18e-06,4,0.33,-6.617000000000001,0,47,0.16399999999999998,127.917,0.484,2
0.994,0.38,233973,0.0213,0,0.894,2,0.115,-35.042,1,0,0.0381,138.43,0.38,8
0.0224,0.664,226907,0.68,0,0.0163,7,0.0915,-7.923999999999999,1,46,0.0487,79.305,0.764,1
0.273,0.579,203693,0.816,0,0.00253,9,0.311,-8.235,1,34,0.159,79.72399999999998,0.954,5
0.269,0.759,170040,0.684,0,0.0,0,0.13,-5.751,1,43,0.0315,107.948,0.759,2
0.675,0.7120000000000001,225646,0.362,0,0.0,2,0.0924,-9.697,1,3,0.3720000000000001,131.09799999999998,0.962,7
0.964,0.6970000000000001,166973,0.14,0,4.57e-06,10,0.093,-14.259,1,1,0.0626,97.704,0.521,9
0.0417,0.779,227160,0.486,0,0.00227,0,0.0947,-11.719,0,27,0.0382,112.377,0.6920000000000001,4
0.994,0.632,201173,0.306,0,0.939,11,0.113,-13.931,1,0,0.0578,105.164,0.306,8
0.353,0.594,169533,0.754,0,2.71e-06,2,0.202,-6.869,1,26,0.112,204.58900000000003,0.818,4
0.187,0.66,113000,0.528,0,0.943,11,0.174,-8.139,1,64,0.109,84.93799999999997,0.532,1
0.228,0.469,165733,0.523,0,0.0,5,0.3,-12.979,1,32,0.0828,138.861,0.7809999999999999,6
0.161,0.287,295800,0.8859999999999999,0,0.0175,11,0.34700000000000003,-10.937,0,42,0.0691,163.245,0.279,4
0.008620000000000001,0.6559999999999999,260433,0.7979999999999999,0,0.0,0,0.321,-6.608,1,62,0.103,92.03,0.5720000000000001,1
0.14400000000000002,0.7709999999999999,291067,0.769,0,2.63e-05,10,0.0544,-6.021,1,49,0.0977,96.952,0.877,2
0.00012,0.123,299627,0.7440000000000001,0,0.271,4,0.293,-8.616,0,30,0.056,88.12299999999998,0.17,4
0.0542,0.512,211920,0.826,0,0.0,9,0.104,-8.171,1,28,0.0336,131.77100000000002,0.966,5
0.657,0.379,295600,0.14800000000000002,0,2.41e-06,2,0.0933,-14.541,1,35,0.0306,144.303,0.395,5
0.972,0.7340000000000001,169587,0.472,0,0.0073700000000000015,0,0.212,-6.5310000000000015,1,0,0.114,80.125,0.866,9
0.8590000000000001,0.16,201973,0.336,0,1.0800000000000003e-05,0,0.17,-9.258,1,22,0.0329,86.39299999999999,0.0845,6
0.773,0.4,136547,0.348,0,0.78,7,0.0889,-15.4,0,51,0.037000000000000005,157.808,0.331,2
0.348,0.3720000000000001,257960,0.532,0,0.0564,9,0.59,-13.493,0,21,0.03,112.633,0.43,5
0.77,0.384,291693,0.18,0,0.0,0,0.3670000000000001,-17.279,1,62,0.101,73.60300000000002,0.368,2
0.00987,0.501,277613,0.721,0,4.04e-05,0,0.101,-7.252000000000002,1,56,0.0372,174.02,0.81,1
0.0712,0.563,337667,0.77,0,0.125,2,0.205,-8.672,1,46,0.0388,114.229,0.43,4
0.893,0.499,80893,0.443,1,0.0,1,0.22,-12.535,1,33,0.0472,104.638,0.556,3
0.507,0.508,325760,0.337,0,0.0,0,0.123,-9.788,1,26,0.0266,104.667,0.189,4
0.746,0.7070000000000001,240393,0.284,0,0.0,6,0.114,-17.116,0,0,0.963,81.977,0.329,9
0.272,0.638,226973,0.731,0,0.0,9,0.303,-5.877000000000002,1,60,0.0281,140.511,0.647,2
0.0345,0.887,188867,0.313,0,1.21e-05,0,0.1,-15.706,1,25,0.434,140.656,0.8029999999999999,4
0.982,0.305,227500,0.285,0,0.644,0,0.0568,-14.379,1,0,0.036000000000000004,106.653,0.22,8
0.0469,0.4970000000000001,289960,0.219,0,0.0,2,0.141,-13.356,1,30,0.0286,67.815,0.35600000000000004,5
0.82,0.5489999999999999,151267,0.495,0,2.18e-06,8,0.14300000000000002,-8.599,1,14,0.0357,127.009,0.823,6
0.154,0.411,220400,0.464,0,0.721,0,0.117,-10.568,0,45,0.076,84.125,0.377,3
0.653,0.49,172826,0.332,0,1.02e-06,2,0.114,-7.5539999999999985,1,42,0.119,185.176,0.916,2
0.967,0.742,163227,0.371,0,0.0,3,0.204,-15.67,1,0,0.0464,117.289,0.8270000000000001,10
0.978,0.353,186800,0.115,0,0.196,11,0.371,-19.434,0,4,0.0507,88.882,0.374,9
0.073,0.848,293867,0.687,1,2.89e-05,5,0.4370000000000001,-4.214,0,55,0.208,85.07700000000001,0.605,2
4.03e-05,0.387,226667,0.983,0,0.0811,5,0.207,-4.063,0,41,0.16,184.006,0.316,2
0.653,0.408,194493,0.544,0,0.0,3,0.512,-8.277000000000001,1,56,0.0333,119.112,0.446,6
0.108,0.789,236600,0.8809999999999999,1,0.0,11,0.355,-5.757999999999999,1,60,0.0331,133.30100000000002,0.647,2
0.8079999999999999,0.537,150720,0.669,0,0.93,9,0.265,-12.196,0,12,0.0494,140.04399999999998,0.863,6
0.755,0.439,340267,0.498,0,0.0,0,0.4270000000000001,-10.550999999999998,1,15,0.0648,126.754,0.6809999999999999,6
0.952,0.314,146707,0.108,0,0.00184,10,0.235,-18.177,1,23,0.0474,177.46599999999995,0.462,6
0.971,0.4370000000000001,534867,0.206,0,0.703,9,0.118,-16.217,0,0,0.059,108.932,0.197,8
0.0814,0.642,271667,0.5720000000000001,0,0.0154,1,0.0725,-8.383,0,51,0.063,72.493,0.607,1
0.146,0.602,318027,0.792,0,0.887,2,0.118,-8.463,1,47,0.0331,93.743,0.345,2
0.758,0.546,268280,0.4320000000000001,0,0.4,0,0.0976,-10.637,1,53,0.0321,141.09,0.277,1
0.0169,0.626,187813,0.7070000000000001,0,0.0,5,0.0772,-5.755,0,65,0.0425,88.54299999999998,0.653,1
0.425,0.588,201947,0.5329999999999999,0,0.0,7,0.236,-6.136,0,60,0.0314,137.076,0.534,1
0.000355,0.4,215333,0.8690000000000001,0,0.0229,0,0.35200000000000004,-9.548,0,30,0.0419,161.184,0.54,4
0.5539999999999999,0.539,281105,0.21,0,0.00918,7,0.129,-17.495,1,36,0.033,127.005,0.49,5
0.0145,0.523,267227,0.8420000000000001,0,0.0015,11,0.112,-7.474,0,48,0.0473,132.091,0.343,4
0.0375,0.672,240426,0.29100000000000004,1,3.89e-06,8,0.0925,-7.843,1,61,0.0897,100.961,0.417,1
0.162,0.542,261840,0.69,0,0.34600000000000003,7,0.0809,-14.889,1,54,0.0311,156.641,0.908,4
0.995,0.328,228613,0.123,0,0.944,4,0.133,-19.451,1,0,0.0463,75.282,0.122,8
0.982,0.402,154333,0.0155,0,0.153,5,0.106,-30.334,0,31,0.0461,118.257,0.261,4
0.0864,0.7909999999999999,229227,0.541,0,3.72e-05,10,0.36,-6.751,0,52,0.354,93.67,0.841,3
0.909,0.39,164867,0.05,0,0.000608,4,0.0832,-14.448,0,41,0.0544,174.40099999999995,0.16,6
0.989,0.591,182493,0.129,0,0.903,10,0.123,-17.209,1,0,0.0573,120.858,0.404,7
0.7390000000000001,0.619,187867,0.223,0,0.0,0,0.564,-19.438,1,32,0.0399,123.898,0.431,3
0.966,0.263,224387,0.23,0,0.0244,5,0.119,-13.546,1,1,0.0399,93.946,0.0398,7
0.7559999999999999,0.732,208158,0.236,0,0.0,5,0.328,-17.18,0,0,0.962,63.133,0.436,9
0.935,0.3,52187,0.0462,0,0.0838,11,0.19,-21.856,1,29,0.043,83.215,0.34600000000000003,4
0.298,0.655,186224,0.454,0,0.0,5,0.337,-8.03,1,35,0.066,121.977,0.725,4
0.8959999999999999,0.575,243867,0.202,0,0.00528,9,0.139,-11.925999999999998,0,45,0.0317,149.509,0.284,3
0.7290000000000001,0.271,139227,0.165,0,1.6e-06,5,0.118,-20.652,1,67,0.0351,77.082,0.203,6
0.994,0.494,114773,0.111,0,0.0008380000000000001,4,0.171,-17.509,1,0,0.0633,116.438,0.181,8
0.994,0.35200000000000004,302473,0.0185,0,0.904,1,0.0895,-27.574,1,32,0.0491,67.61,0.0536,3
0.215,0.647,172973,0.5529999999999999,1,0.0,11,0.0728,-6.35,1,69,0.0421,110.949,0.272,0
0.772,0.53,236480,0.292,0,0.0,9,0.31,-7.452000000000001,1,58,0.0342,82.586,0.393,4
0.958,0.378,250053,0.0652,0,5.37e-05,5,0.136,-26.429,1,0,0.0633,104.566,0.173,8
0.0877,0.263,535933,0.479,0,0.097,11,0.835,-14.386,1,24,0.0656,79.115,0.278,5
0.00576,0.6759999999999999,493990,0.861,0,0.00916,4,0.02,-8.991,0,43,0.0537,92.361,0.706,4
0.282,0.593,205027,0.486,0,0.0296,0,0.0844,-11.095,1,22,0.0305,118.724,0.589,5
0.14400000000000002,0.831,260907,0.79,1,3.01e-06,10,0.65,-7.608,0,46,0.277,90.139,0.7390000000000001,3
0.991,0.618,161948,0.248,0,3.07e-05,2,0.369,-8.002,1,0,0.101,116.336,0.8440000000000001,8
0.331,0.626,204707,0.44,0,0.0,10,0.146,-6.942,1,60,0.0232,99.962,0.259,2
0.0206,0.5870000000000001,185267,0.614,1,0.0,9,0.101,-8.186,1,27,0.0844,169.593,0.948,5
0.932,0.812,236133,0.486,0,1.32e-05,6,0.131,-9.374,0,0,0.0602,104.253,0.918,7
0.996,0.6829999999999999,176067,0.0534,0,0.000335,0,0.141,-16.704,1,25,0.0356,79.488,0.44,10
0.755,0.518,338107,0.341,0,0.14,3,0.0576,-7.647,1,47,0.0333,173.66299999999995,0.34600000000000003,2
0.8190000000000001,0.608,144840,0.5670000000000001,0,0.0,7,0.344,-11.297,1,59,0.0445,144.034,0.861,6
0.991,0.747,192000,0.116,0,0.913,6,0.111,-17.871,1,8,0.048,96.057,0.35200000000000004,7
0.00661,0.5529999999999999,224400,0.727,0,1.58e-06,6,0.0818,-6.282,1,42,0.0237,94.852,0.272,2
0.979,0.7979999999999999,151907,0.257,0,0.0847,9,0.209,-16.294,1,0,0.0351,116.185,0.696,9
0.731,0.764,245827,0.326,0,0.0013,7,0.24,-9.883,1,74,0.0342,123.98,0.237,2
0.687,0.735,198868,0.389,0,3.25e-06,1,0.125,-12.291,1,60,0.354,73.831,0.7290000000000001,1
0.992,0.515,138307,0.41,0,0.882,3,0.27,-13.553,1,31,0.0351,62.014,0.7609999999999999,9
0.0006219999999999999,0.523,248560,0.94,0,0.00043,9,0.332,-4.71,1,45,0.0895,134.113,0.591,3
0.988,0.6970000000000001,178107,0.29,0,0.0969,4,0.136,-9.224,0,0,0.0653,124.381,0.631,9
0.0032,0.871,193160,0.455,1,0.0,6,0.075,-12.414,1,37,0.179,91.926,0.7090000000000001,3
0.0282,0.8079999999999999,323467,0.8270000000000001,0,0.000113,10,0.311,-7.08,0,27,0.126,104.084,0.55,4
0.894,0.18,426907,0.0573,0,0.894,8,0.122,-25.767,1,0,0.0448,80.346,0.208,8
0.0166,0.5920000000000001,221600,0.928,0,1.5e-05,11,0.123,-5.402,1,71,0.0558,121.996,0.393,1
0.114,0.757,233173,0.862,0,0.000192,2,0.285,-3.519,1,74,0.0695,99.021,0.823,2
0.238,0.695,209848,0.642,1,0.0,1,0.359,-6.13,0,71,0.195,128.029,0.316,0
0.00959,0.6779999999999999,155993,0.672,1,0.0,0,0.0868,-5.688,1,70,0.0302,136.933,0.625,1
0.00016,0.5,218920,0.8240000000000001,0,0.00161,4,0.0916,-5.846,0,33,0.0388,120.125,0.539,3
0.914,0.56,190747,0.293,0,0.0,7,0.539,-10.268,1,31,0.0527,180.095,0.8859999999999999,9
0.635,0.629,175600,0.5589999999999999,0,0.0226,0,0.0819,-10.124,0,28,0.0374,140.501,0.951,6
0.8270000000000001,0.246,57467,0.92,0,0.966,11,0.852,-11.134,1,23,0.0691,61.81399999999999,0.0321,6
0.925,0.268,200240,0.211,0,0.000129,3,0.119,-13.897,1,31,0.033,96.461,0.155,5
0.941,0.679,176053,0.16899999999999998,0,0.000147,3,0.0814,-16.611,1,19,0.0376,107.149,0.563,6
0.644,0.725,308947,0.204,0,0.159,1,0.0952,-15.661,1,23,0.049,106.649,0.413,6
0.0853,0.688,247893,0.865,0,0.0144,2,0.127,-11.114,1,33,0.046,163.87599999999995,0.638,4
0.374,0.595,262187,0.5770000000000001,0,0.000254,9,0.106,-6.205,1,0,0.0495,88.275,0.7140000000000001,9
0.964,0.482,204173,0.228,0,7.219999999999999e-05,11,0.44,-14.408,0,0,0.0542,85.348,0.462,7
0.986,0.262,195947,0.369,0,0.833,7,0.117,-13.406,1,0,0.0596,76.815,0.503,7
0.499,0.589,479107,0.384,0,0.0283,10,0.0705,-12.794,1,23,0.0804,149.987,0.524,7
0.917,0.523,405200,0.26,0,0.153,2,0.257,-11.646,1,0,0.0424,111.025,0.474,8
0.008759999999999999,0.5820000000000001,243853,0.928,0,5.03e-06,10,0.297,-4.659,0,63,0.0635,113.043,0.565,1
0.8340000000000001,0.398,300533,0.473,0,0.0,2,0.231,-8.753,0,7,0.0323,169.18099999999995,0.677,7
0.645,0.585,269173,0.358,0,6.65e-05,4,0.108,-18.396,1,25,0.0401,134.418,0.472,5
0.614,0.8079999999999999,250293,0.7509999999999999,0,0.0158,11,0.0614,-12.246,0,31,0.059,115.754,0.911,4
0.0361,0.7959999999999999,181002,0.907,0,9.19e-06,9,0.0862,-4.6080000000000005,0,46,0.0441,96.019,0.608,2
0.99,0.419,142507,0.0867,0,0.853,7,0.309,-24.027,1,0,0.0875,85.15299999999998,0.975,8
0.122,0.716,112628,0.16699999999999998,1,0.0,0,0.199,-19.442,1,0,0.925,126.517,0.516,8
0.232,0.8270000000000001,158160,0.218,0,6.77e-06,9,0.039,-16.892,1,32,0.644,131.588,0.59,4
0.0229,0.655,294467,0.6709999999999999,0,8.09e-06,0,0.129,-10.919,1,29,0.0288,120.724,0.8640000000000001,4
0.888,0.693,369200,0.767,0,0.0,8,0.473,-14.387,0,16,0.454,175.535,0.696,7
0.412,0.521,174890,0.131,0,0.365,10,0.134,-19.845,1,0,0.0326,123.956,0.198,8
0.00583,0.736,276200,0.606,0,0.207,0,0.0473,-10.866,1,34,0.0366,138.687,0.933,4
0.905,0.5,289120,0.205,0,6.720000000000001e-05,4,0.345,-16.155,0,27,0.0437,76.521,0.171,6
0.0546,0.505,223022,0.758,0,0.00257,8,0.26,-5.37,1,37,0.0315,139.865,0.501,3
0.971,0.54,122000,0.0848,0,0.00196,5,0.0887,-16.055,0,0,0.075,100.296,0.527,10
0.00689,0.675,267520,0.7809999999999999,1,0.0,8,0.319,-6.035,1,44,0.28,78.009,0.536,2
0.5529999999999999,0.52,259853,0.629,0,0.0,9,0.0936,-7.904,1,31,0.0308,88.145,0.414,5
0.6920000000000001,0.38,168493,0.111,0,0.23,6,0.13699999999999998,-18.587,1,32,0.033,126.692,0.35,4
0.983,0.47,288560,0.0358,0,0.912,0,0.15,-19.382,0,15,0.0496,95.336,0.0471,7
0.966,0.477,327194,0.156,0,0.82,3,0.106,-17.500999999999998,0,35,0.0725,98.205,0.17800000000000002,7
0.932,0.103,207907,0.183,0,0.835,3,0.118,-13.58,1,15,0.0396,63.489,0.111,7
0.977,0.22,384173,0.183,0,0.000255,2,0.198,-11.36,1,11,0.0385,81.399,0.0639,7
0.11,0.758,198507,0.927,0,0.0285,9,0.374,-2.768,1,56,0.0509,115.076,0.96,2
0.022,0.8079999999999999,269333,0.773,0,0.0436,11,0.654,-11.4,1,48,0.0365,119.944,0.893,5
0.71,0.52,148120,0.483,0,1.82e-06,2,0.313,-8.339,1,35,0.201,182.706,0.967,3
0.987,0.273,162893,0.127,0,0.895,4,0.112,-17.399,1,0,0.037000000000000005,72.125,0.342,8
0.823,0.586,196867,0.263,0,0.7709999999999999,3,0.0891,-12.487,1,37,0.032,113.975,0.242,6
0.76,0.569,211758,0.198,0,0.0,4,0.132,-12.598,1,11,0.21,83.594,0.5489999999999999,7
0.0454,0.536,249600,0.976,0,0.000312,2,0.358,-3.805,1,39,0.0329,131.737,0.601,4
0.231,0.638,183947,0.733,0,0.0,4,0.103,-4.7,1,58,0.052000000000000005,87.999,0.6509999999999999,1
0.883,0.449,237840,0.177,0,0.701,3,0.413,-16.614,1,21,0.0311,137.469,0.214,6
0.0341,0.8170000000000001,308085,0.562,0,9.98e-06,1,0.0576,-7.329,1,46,0.0523,140.967,0.769,1
0.647,0.6629999999999999,193027,0.371,0,0.855,1,0.133,-14.553,1,36,0.0295,141.92700000000005,0.721,6
0.644,0.493,256507,0.414,0,0.0,0,0.0893,-11.866,1,31,0.0909,97.859,0.526,5
0.8959999999999999,0.569,138067,0.299,0,0.0,0,0.335,-9.499,1,11,0.0571,114.635,0.585,6
0.000149,0.177,226280,0.962,0,0.068,9,0.953,-6.297999999999999,1,39,0.182,165.048,0.448,5
3.12e-06,0.122,287600,0.919,0,0.8240000000000001,0,0.214,-7.782,1,34,0.119,179.263,0.334,4
0.984,0.163,181333,0.18600000000000005,0,0.114,1,0.108,-15.232,1,34,0.038,169.528,0.122,6
0.505,0.498,457187,0.65,0,0.204,1,0.111,-12.708,1,28,0.106,125.523,0.695,6
0.789,0.762,145867,0.4970000000000001,0,0.0,2,0.0577,-12.825,1,18,0.0463,118.647,0.968,6
0.812,0.103,194067,0.112,0,0.934,7,0.107,-17.863,0,47,0.0423,175.84400000000005,0.0628,2
0.821,0.7979999999999999,184427,0.34700000000000003,0,0.917,9,0.0949,-15.333,1,43,0.0577,124.504,0.871,5
0.0595,0.459,214534,0.8109999999999999,0,0.000782,11,0.8390000000000001,-10.741,0,38,0.0371,130.02700000000002,0.8959999999999999,5
0.705,0.853,174907,0.392,0,0.00283,4,0.596,-5.819,0,41,0.175,89.02799999999998,0.7190000000000001,2
0.165,0.856,150060,0.6559999999999999,1,0.0,5,0.0998,-6.483,0,78,0.131,90.041,0.586,0
0.898,0.462,195960,0.0643,0,8.51e-06,5,0.14300000000000002,-18.732,1,11,0.0353,81.355,0.142,8
0.779,0.84,172947,0.197,0,8.79e-05,7,0.154,-12.96,1,42,0.0932,122.769,0.8170000000000001,3
0.674,0.6990000000000001,271400,0.322,0,0.181,11,0.115,-16.448,0,23,0.228,104.218,0.409,5
0.475,0.258,254000,0.493,0,0.000104,9,0.701,-10.294,1,50,0.0567,170.825,0.329,3
0.6829999999999999,0.192,274413,0.334,0,0.0,0,0.0975,-9.337,1,17,0.0328,88.82700000000001,0.0888,7
0.364,0.5589999999999999,179693,0.718,0,0.0182,7,0.0535,-8.533999999999999,1,43,0.0599,120.24,0.965,6
0.652,0.552,154907,0.338,0,0.0,7,0.0794,-12.716,1,43,0.0268,81.87100000000002,0.8109999999999999,2
0.125,0.619,174240,0.444,0,0.281,0,0.128,-11.119000000000002,1,10,0.039,122.917,0.491,7
0.7609999999999999,0.628,119867,0.297,0,6.87e-05,5,0.125,-20.272,1,39,0.0548,122.989,0.738,6
0.0424,0.799,288333,0.8759999999999999,1,1.08e-06,10,0.308,-3.661,0,47,0.242,91.35,0.525,2
0.29100000000000004,0.679,291707,0.758,1,0.0177,1,0.209,-3.012,1,67,0.14,82.08,0.237,1
0.77,0.5329999999999999,347987,0.496,1,0.000164,6,0.0969,-9.363,0,68,0.517,155.158,0.173,1
0.0409,0.659,498800,0.321,0,0.831,0,0.309,-14.293,1,40,0.0436,79.244,0.581,4
0.00304,0.3670000000000001,245200,0.685,0,0.0478,4,0.109,-14.831,1,49,0.0464,154.953,0.8540000000000001,4
0.343,0.621,253093,0.5329999999999999,0,0.0,7,0.0881,-7.222,1,64,0.0265,126.987,0.322,3
0.967,0.457,160784,0.21600000000000005,0,0.29100000000000004,2,0.235,-13.556,1,0,0.0516,118.743,0.617,8
0.885,0.426,221733,0.281,0,0.17800000000000002,3,0.319,-18.247,1,19,0.0384,113.512,0.287,5
0.994,0.165,433160,0.0854,0,0.733,1,0.227,-16.043,0,1,0.044,85.213,0.135,8
0.0132,0.705,256947,0.8059999999999999,0,0.00428,9,0.0701,-3.607,1,68,0.0309,103.383,0.7340000000000001,2
0.976,0.394,108539,0.038,0,0.955,0,0.0821,-21.753,1,58,0.0561,99.32,0.424,1
0.5379999999999999,0.623,131373,0.526,0,0.115,1,0.221,-6.907,1,8,0.0552,104.908,0.6459999999999999,7
0.613,0.476,259867,0.652,0,0.606,1,0.159,-4.604,0,47,0.0258,98.917,0.229,1
0.995,0.337,171413,0.17600000000000002,0,0.809,4,0.116,-16.122,0,0,0.0565,169.94400000000005,0.579,10
0.00356,0.7290000000000001,264333,0.703,1,2.06e-06,7,0.38,-6.671,1,52,0.226,88.038,0.35700000000000004,3
0.662,0.746,157053,0.491,0,5.14e-05,4,0.0756,-12.712,0,49,0.0593,76.857,0.868,5
0.994,0.561,146520,0.4270000000000001,0,0.00368,3,0.389,-19.934,0,20,0.942,112.922,0.438,5
0.992,0.481,163067,0.431,0,0.0343,8,0.21600000000000005,-12.996,0,0,0.0335,109.698,0.496,9
0.57,0.6779999999999999,97200,0.241,0,0.0,0,0.122,-22.007,1,0,0.955,87.318,0.387,9
0.000365,0.573,217107,0.939,0,0.000403,0,0.218,-3.552,1,36,0.0469,107.802,0.395,2
0.0614,0.6890000000000001,120300,0.0963,0,1.22e-06,7,0.29600000000000004,-24.771,1,0,0.531,95.499,0.263,8
0.0619,0.6729999999999999,239067,0.62,0,2.9e-06,1,0.0831,-10.63,1,47,0.051,83.902,0.7829999999999999,3
0.841,0.43,261187,0.231,0,0.000704,4,0.116,-12.172,1,55,0.0295,102.241,0.153,1
0.157,0.429,197333,0.483,0,1.12e-05,8,0.0775,-11.211,1,32,0.0261,77.759,0.254,4
0.986,0.334,382267,0.0432,0,0.00759,6,0.0979,-20.312,1,0,0.0474,128.891,0.0602,8
0.591,0.317,216453,0.39,0,0.0,7,0.139,-8.824,0,41,0.0319,79.54899999999998,0.539,6
0.75,0.35600000000000004,208227,0.252,0,0.0,9,0.0449,-16.104,1,42,0.0392,103.423,0.304,4
0.161,0.565,264467,0.778,0,0.000144,9,0.277,-5.8679999999999986,1,47,0.0814,102.196,0.307,4
0.7929999999999999,0.199,324859,0.377,0,1.96e-06,1,0.112,-8.668,0,0,0.0421,180.181,0.274,10
0.0977,0.747,232773,0.52,1,0.0537,10,0.142,-10.523,0,72,0.0357,92.869,0.601,3
0.105,0.613,316976,0.591,1,0.0,2,0.191,-8.58,1,45,0.391,77.124,0.371,1
0.981,0.311,280533,0.16399999999999998,0,0.898,7,0.481,-19.092,1,0,0.0381,105.526,0.213,8
0.0417,0.67,230360,0.6609999999999999,0,0.0,11,0.33,-5.8260000000000005,1,40,0.045,154.04399999999995,0.96,2
0.00306,0.362,247227,0.8959999999999999,0,0.0,1,0.102,-4.622,1,42,0.0772,137.485,0.327,2
0.954,0.597,152400,0.206,0,0.0,4,0.449,-17.174,1,6,0.0559,116.628,0.633,8
0.252,0.586,232373,0.423,0,5.83e-06,7,0.0976,-7.459,1,51,0.0261,138.13299999999998,0.318,1
0.826,0.397,267467,0.2,0,0.000454,0,0.16399999999999998,-14.119000000000002,0,52,0.0287,90.211,0.228,4
0.993,0.412,386351,0.233,0,0.889,0,0.366,-16.549,1,0,0.029,103.266,0.35700000000000004,9
0.141,0.908,190360,0.675,0,3.28e-05,2,0.0781,-7.305,1,63,0.132,122.913,0.5589999999999999,2
0.00103,0.682,280013,0.483,1,0.0,10,0.159,-7.718,1,65,0.0451,84.012,0.108,2
0.992,0.6,160462,0.202,0,0.0841,0,0.181,-17.232,1,0,0.065,98.411,0.569,8
0.0746,0.496,181133,0.967,1,0.0033,7,0.35100000000000003,-8.599,1,38,0.0555,114.036,0.633,4
0.6459999999999999,0.545,154400,0.197,0,0.0,4,0.29100000000000004,-16.743,1,26,0.0285,102.229,0.338,6
0.778,0.322,241520,0.5660000000000001,0,0.00101,2,0.366,-5.181,1,0,0.0324,97.191,0.282,8
0.929,0.433,200453,0.34600000000000003,0,5.79e-06,8,0.218,-11.377,1,0,0.212,173.887,0.371,9
0.27,0.691,203080,0.706,0,0.0,1,0.272,-5.983,0,45,0.115,169.72400000000005,0.892,5
0.868,0.877,158333,0.29,0,0.0,3,0.267,-18.313,0,52,0.0532,109.316,0.81,3
0.134,0.828,214067,0.605,0,0.000147,0,0.0388,-12.285,1,46,0.0393,128.613,0.921,3
0.7759999999999999,0.364,192880,0.382,0,7.58e-05,2,0.325,-9.847,1,15,0.0331,100.103,0.331,7
0.955,0.35100000000000003,346107,0.285,0,0.113,5,0.454,-15.942,1,0,0.078,68.005,0.403,8
0.892,0.672,178400,0.172,0,0.00502,2,0.28,-13.177,1,6,0.113,123.355,0.53,9
0.923,0.748,182653,0.526,0,0.89,1,0.0966,-10.356,1,8,0.0374,109.655,0.858,9
0.0113,0.652,216271,0.505,0,0.0,2,0.096,-9.204,0,41,0.0539,130.463,0.17800000000000002,2
0.964,0.648,277720,0.131,0,0.8490000000000001,0,0.124,-19.42,1,34,0.0496,91.708,0.494,6
0.987,0.773,207000,0.184,0,0.166,10,0.488,-8.982000000000003,1,0,0.0728,113.104,0.728,9
0.991,0.564,214523,0.0512,0,0.00105,0,0.105,-10.238,0,0,0.122,89.90899999999998,0.438,8
0.0473,0.5720000000000001,279827,0.991,0,3.73e-05,2,0.219,-2.569,1,41,0.0667,123.953,0.295,4
0.272,0.69,228053,0.762,0,0.0,1,0.135,-4.465,1,56,0.0381,87.961,0.7290000000000001,1
0.944,0.0,192130,0.156,0,0.0,9,0.123,-9.651,1,4,0.0,0.0,0.0,8
0.991,0.551,306920,0.132,0,0.546,5,0.14,-13.166,0,0,0.0426,110.168,0.44,8
0.7809999999999999,0.384,254053,0.208,0,0.0,2,0.14,-11.767,1,32,0.0324,127.287,0.275,5
0.993,0.287,106240,0.044,0,0.0133,2,0.12,-22.736,0,0,0.045,100.564,0.0905,10
0.857,0.47,326667,0.327,0,0.000127,7,0.146,-12.451,1,10,0.0822,127.003,0.35,7
0.963,0.682,45627,0.0424,0,0.000228,11,0.28300000000000003,-20.005,1,1,0.348,121.19,0.205,7
0.621,0.6920000000000001,351533,0.0336,0,0.00265,10,0.0922,-25.13300000000001,0,12,0.0601,108.784,0.4270000000000001,7
0.0613,0.7120000000000001,345133,0.466,0,0.00103,7,0.0793,-13.545,0,37,0.035,119.409,0.953,4
0.774,0.531,185960,0.628,0,0.000833,2,0.28,-6.033,1,19,0.0381,82.82600000000002,0.747,6
0.877,0.16699999999999998,150973,0.0221,0,0.923,5,0.101,-29.509,1,16,0.0378,112.609,0.16699999999999998,7
0.17800000000000002,0.52,291067,0.858,0,1.04e-05,7,0.0939,-6.593,1,35,0.0518,89.62200000000001,0.622,4
0.0078,0.581,284067,0.777,0,4.04e-05,8,0.0891,-7.122000000000001,1,58,0.0296,98.963,0.162,2
0.0546,0.4320000000000001,172653,0.812,0,0.171,0,0.63,-7.5470000000000015,1,19,0.0481,86.96799999999998,0.598,6
0.373,0.667,539000,0.307,0,0.838,1,0.35200000000000004,-15.361,0,33,0.03,139.75,0.402,5
0.377,0.578,412720,0.5710000000000001,0,0.29,5,0.831,-7.473,0,18,0.101,127.2,0.552,6
0.067,0.8909999999999999,378533,0.69,0,0.0,1,0.234,-8.649,1,40,0.378,96.561,0.835,4
0.414,0.398,230880,0.547,0,0.00143,0,0.146,-6.846,1,60,0.0261,73.396,0.305,2
0.875,0.145,165729,0.7,0,0.951,0,0.339,-0.873,1,0,0.173,92.099,0.0301,9
0.6859999999999999,0.675,290365,0.215,0,3.4899999999999995e-05,5,0.156,-19.323,0,0,0.965,73.938,0.441,9
0.84,0.594,201893,0.14300000000000002,0,0.0154,1,0.133,-11.505999999999998,1,6,0.0466,112.954,0.506,8
0.75,0.195,150160,0.226,0,0.000341,10,0.102,-14.635,1,10,0.0379,176.47299999999996,0.361,6
0.00262,0.6509999999999999,195333,0.754,0,1.4499999999999993e-05,0,0.271,-11.232,1,9,0.103,106.255,0.693,7
0.857,0.5429999999999999,204213,0.311,0,0.000684,5,0.0983,-10.018,0,49,0.0361,126.86,0.134,1
0.809,0.563,210307,0.594,0,0.0,5,0.161,-13.134,1,47,0.196,73.385,0.557,3
0.986,0.7190000000000001,191560,0.334,0,0.18600000000000005,7,0.218,-12.093,1,0,0.0334,105.083,0.73,10
0.271,0.736,316507,0.454,0,0.752,1,0.073,-12.77,1,31,0.0305,91.617,0.452,4
0.995,0.33,234373,0.0394,0,0.909,0,0.0763,-23.716,1,0,0.0464,76.942,0.254,8
0.348,0.764,307720,0.593,0,0.0,6,0.0848,-7.237,0,44,0.0603,84.941,0.889,2
0.863,0.386,214000,0.188,0,0.0,2,0.0793,-13.211,0,6,0.0391,77.809,0.16399999999999998,7
0.8690000000000001,0.6970000000000001,71760,0.103,0,0.0,5,0.251,-16.702,1,42,0.405,130.317,0.654,5
0.16899999999999998,0.527,300276,0.597,0,5.75e-06,7,0.481,-9.965,1,42,0.0529,72.98,0.168,1
0.21,0.594,191973,0.826,0,2.7000000000000004e-06,7,0.18600000000000005,-5.837999999999999,1,36,0.0315,132.063,0.8220000000000001,3
0.362,0.518,530907,0.613,0,0.126,0,0.945,-11.208,0,46,0.0449,104.847,0.0805,3
0.212,0.6990000000000001,276627,0.769,1,0.0,11,0.161,-5.732,0,47,0.0331,140.004,0.398,1
0.7859999999999999,0.648,507107,0.404,0,0.0,9,0.108,-13.324000000000002,1,7,0.818,120.225,0.43,6
0.000443,0.381,155880,0.754,0,0.5489999999999999,0,0.223,-6.945,1,45,0.0469,170.18200000000004,0.948,5
0.0644,0.617,180693,0.5770000000000001,0,0.00157,9,0.106,-5.71,1,41,0.0388,112.921,0.627,6
0.28,0.8420000000000001,236520,0.632,0,0.14300000000000002,10,0.0357,-12.928,0,33,0.0627,167.782,0.925,5
0.00442,0.44,535800,0.568,0,0.84,7,0.119,-8.54,1,60,0.0293,118.389,0.248,2
0.7490000000000001,0.415,180253,0.32299999999999995,0,3.27e-06,2,0.28600000000000003,-9.813,1,35,0.0494,166.858,0.722,4
0.495,0.395,226733,0.318,0,0.0196,4,0.0922,-12.365,1,32,0.0311,95.422,0.417,4
0.99,0.334,179133,0.444,0,0.535,5,0.28,-12.037,1,0,0.0841,81.693,0.677,8
0.991,0.8079999999999999,194413,0.215,0,0.524,9,0.0906,-12.205,1,0,0.0851,110.894,0.866,10
0.0871,0.5760000000000001,250089,0.545,0,0.000502,5,0.267,-7.212999999999999,1,34,0.0281,84.24,0.649,5
0.7,0.521,404373,0.45,0,8.53e-05,11,0.13699999999999998,-9.663,1,15,0.0514,77.491,0.486,6
0.000795,0.507,335160,0.657,0,0.00246,1,0.632,-10.415,1,39,0.027000000000000003,126.029,0.7929999999999999,4
0.00428,0.88,219107,0.8290000000000001,0,0.0005740000000000001,10,0.0933,-8.083,0,48,0.131,97.033,0.636,2
0.00173,0.635,575675,0.759,0,0.6859999999999999,10,0.0634,-12.032,1,41,0.0326,129.387,0.715,4
0.41,0.495,212907,0.612,0,0.0,2,0.0974,-6.57,1,52,0.0303,148.083,0.366,2
0.00245,0.544,178987,0.8540000000000001,0,1.2e-06,4,0.249,-4.968,0,72,0.0289,91.966,0.436,1
0.29,0.5770000000000001,377107,0.675,0,0.0265,1,0.0488,-9.356,0,49,0.123,156.32,0.914,5
0.687,0.299,244181,0.114,0,0.8590000000000001,10,0.0764,-24.355,1,42,0.042,70.729,0.131,4
0.152,0.746,243227,0.746,0,0.0,5,0.274,-5.046,0,68,0.102,175.965,0.733,1
0.904,0.627,192968,0.471,0,4.76e-06,5,0.244,-8.957,1,1,0.207,125.46,0.899,7
0.916,0.545,235400,0.487,0,0.8109999999999999,8,0.0966,-11.874,0,31,0.034,91.043,0.263,4
0.961,0.62,185720,0.231,0,0.911,11,0.0741,-23.873,1,33,0.0486,104.853,0.053,5
0.00588,0.55,222947,0.6829999999999999,0,0.0,2,0.13,-8.286,1,26,0.0277,126.915,0.835,4
0.937,0.276,166573,0.114,0,0.883,7,0.124,-18.391,1,10,0.0369,73.654,0.117,6
0.00499,0.5329999999999999,228587,0.732,0,2.25e-06,2,0.125,-5.5920000000000005,1,55,0.034,148.261,0.516,2
0.851,0.399,155533,0.303,0,0.00215,3,0.0956,-12.117,1,9,0.0344,88.57,0.544,7
0.444,0.504,242907,0.225,0,0.381,7,0.0535,-19.447,0,27,0.0523,122.893,0.482,6
0.797,0.654,170533,0.397,0,5.84e-05,10,0.125,-12.007,1,22,0.0385,108.527,0.711,6
0.4970000000000001,0.522,392400,0.375,0,0.659,7,0.0655,-14.579,0,12,0.0367,106.819,0.526,6
0.0204,0.742,204733,0.632,0,0.00165,11,0.0853,-12.054,0,46,0.0317,117.137,0.965,3
0.701,0.6609999999999999,279840,0.735,0,0.00017,9,0.0491,-9.071,0,41,0.0781,88.20299999999996,0.628,2
0.929,0.19,175000,0.298,0,0.8,6,0.259,-17.173,1,0,0.0448,90.129,0.046,7
0.158,0.403,259754,0.8809999999999999,0,9.86e-06,2,0.107,-7.224,1,49,0.108,174.835,0.287,2
0.302,0.738,410089,0.532,0,0.0,11,0.0855,-7.967,0,64,0.187,143.991,0.596,1
0.117,0.861,192080,0.316,0,0.0577,9,0.0792,-12.65,1,27,0.0519,127.972,0.758,4
0.799,0.7290000000000001,248893,0.271,0,0.000166,0,0.112,-14.573,1,36,0.0584,118.321,0.375,5
0.993,0.416,925080,0.0552,0,0.898,4,0.0891,-22.521,1,0,0.0476,104.945,0.038,8
0.0475,0.672,232800,0.696,0,1.08e-06,9,0.1,-8.066,0,45,0.0328,125.368,0.777,4
0.995,0.349,540400,0.0105,0,0.879,11,0.128,-32.541,1,4,0.0418,105.755,0.16,8
0.995,0.482,155827,0.302,0,0.8440000000000001,8,0.104,-15.345999999999998,0,0,0.0705,128.343,0.762,8
0.951,0.7290000000000001,155013,0.445,0,0.355,7,0.39,-12.836,1,3,0.0554,122.521,0.8959999999999999,7
0.127,0.5770000000000001,136267,0.45,0,7.28e-05,0,0.138,-10.327,1,48,0.0352,141.703,0.711,7
0.902,0.4920000000000001,284067,0.182,0,1.8e-06,3,0.246,-17.907,1,26,0.133,86.728,0.41,4
0.606,0.256,189533,0.262,0,0.0114,0,0.134,-9.354,1,26,0.0328,80.84899999999998,0.16899999999999998,6
0.012,0.544,276147,0.69,0,0.0095,6,0.0615,-5.723,0,59,0.0425,123.962,0.219,2
0.716,0.332,231667,0.215,0,1.34e-06,3,0.205,-13.3,1,27,0.0323,124.163,0.314,7
0.00873,0.239,251493,0.85,0,0.8859999999999999,11,0.109,-8.514,0,57,0.0601,93.659,0.0734,2
0.419,0.524,229803,0.918,0,0.000655,4,0.455,-5.462999999999999,0,42,0.0529,147.966,0.738,2
0.0922,0.515,251000,0.6459999999999999,0,1.72e-06,9,0.0888,-12.712,1,29,0.109,176.90599999999995,0.908,5
0.953,0.451,196718,0.0441,0,0.851,6,0.0835,-31.786,0,10,0.0406,74.195,0.311,6
0.993,0.757,196923,0.16699999999999998,0,2.380000000000001e-05,1,0.385,-8.955,1,0,0.147,121.914,0.544,8
0.774,0.952,126168,0.478,1,0.0,5,0.112,-8.52,0,74,0.361,118.008,0.568,1
0.118,0.7340000000000001,159171,0.596,1,0.0,6,0.107,-10.023,0,74,0.324,98.024,0.317,0
0.0491,0.583,139707,0.414,1,0.0008810000000000002,0,0.393,-11.211,1,67,0.0411,98.017,0.0515,0
0.032,0.69,219844,0.8029999999999999,0,2.01e-05,4,0.0676,-6.549,1,46,0.0354,95.959,0.602,2
0.0307,0.852,213600,0.867,1,0.0149,7,0.114,-11.005,1,37,0.084,104.535,0.782,3
0.995,0.297,283227,0.0214,0,0.934,5,0.0652,-32.398,1,51,0.0658,212.349,0.132,3
0.0289,0.3,431520,0.974,0,0.0492,11,0.242,-5.341,0,44,0.104,136.138,0.331,4
0.0181,0.395,210560,0.884,0,2.18e-05,9,0.141,-5.6370000000000005,1,26,0.0397,153.196,0.529,4
0.593,0.7559999999999999,163507,0.774,0,5.73e-05,9,0.0711,-8.127,1,25,0.0468,156.733,0.993,4
0.35200000000000004,0.495,275000,0.653,0,0.0114,0,0.0997,-10.167,1,26,0.0284,147.548,0.447,5
0.00292,0.526,223493,0.84,0,0.0,11,0.272,-4.159,1,48,0.0342,93.972,0.433,2
0.0744,0.376,345147,0.404,0,1.6e-06,1,0.133,-9.551,0,27,0.0428,92.12,0.181,5
0.991,0.337,122067,0.0554,0,0.893,6,0.111,-17.206,1,0,0.0585,65.37,0.106,8
0.0854,0.748,212000,0.835,0,1.97e-06,7,0.0365,-5.731,1,66,0.0351,142.942,0.8959999999999999,3
0.882,0.495,148960,0.194,0,4.4299999999999986e-05,7,0.275,-11.94,1,31,0.0303,81.19,0.244,7
0.773,0.409,158133,0.35200000000000004,0,1.02e-06,0,0.0926,-8.379,1,34,0.0293,97.836,0.52,7
0.013,0.631,218160,0.405,1,0.0,7,0.0587,-13.744000000000002,1,41,0.529,119.682,0.7340000000000001,3
0.0127,0.722,219293,0.7020000000000001,1,0.0051,7,0.384,-6.688,1,56,0.34700000000000003,150.056,0.424,1
0.996,0.529,169507,0.0561,0,0.917,8,0.0988,-24.087,0,0,0.044,72.275,0.433,8
0.0046700000000000005,0.317,276893,0.499,0,2.29e-05,4,0.0712,-9.515,1,28,0.0406,164.77900000000002,0.44,4
0.961,0.5670000000000001,214853,0.371,0,0.131,8,0.0942,-9.434,1,0,0.0489,84.2,0.511,10
0.99,0.245,213347,0.104,0,0.867,4,0.0717,-21.913,1,25,0.0377,77.566,0.112,7
0.17,0.383,651733,0.607,0,0.777,7,0.113,-12.103,1,32,0.0358,144.245,0.435,5
0.975,0.5,370360,0.122,0,0.0627,3,0.14,-15.333,1,41,0.0412,66.824,0.384,7
0.295,0.637,301000,0.556,0,2.1e-06,4,0.218,-8.767999999999999,1,49,0.0386,135.10399999999998,0.359,4
0.825,0.474,286267,0.39,0,0.000154,5,0.117,-12.723,0,15,0.275,145.116,0.8109999999999999,6
0.988,0.363,175200,0.188,0,0.974,8,0.154,-23.191,1,0,0.0509,119.978,0.614,10
0.445,0.151,164533,0.129,0,0.8540000000000001,4,0.106,-17.185,0,39,0.037000000000000005,104.986,0.0392,2
0.28800000000000003,0.821,162268,0.636,1,0.0,7,0.104,-6.0379999999999985,0,60,0.0899,142.00799999999995,0.4,1
0.0481,0.35100000000000003,255827,0.465,0,0.0188,2,0.0912,-10.313,1,58,0.0365,123.75,0.224,2
0.408,0.511,235560,0.308,0,2.2e-05,7,0.15,-15.021,1,49,0.0247,83.546,0.377,4
0.52,0.871,261200,0.481,0,5.5399999999999985e-05,7,0.0809,-9.068,1,55,0.0383,103.063,0.664,2
0.246,0.763,228120,0.728,0,0.00162,11,0.0807,-5.6629999999999985,0,48,0.0261,102.093,0.7979999999999999,2
0.228,0.647,181453,0.376,0,0.0,7,0.158,-5.299,1,67,0.0273,137.863,0.7,1
0.912,0.193,238560,0.134,0,6.25e-06,5,0.129,-12.439,1,9,0.0323,174.919,0.0481,7
0.0127,0.627,325800,0.797,0,0.647,6,0.0849,-12.716,0,28,0.0809,108.804,0.7290000000000001,3
0.0508,0.8290000000000001,327907,0.593,0,0.00608,5,0.0713,-10.187,0,34,0.0768,99.885,0.898,3
0.28300000000000003,0.647,275389,0.627,0,0.0,0,0.0451,-7.782999999999999,1,44,0.0855,179.475,0.8059999999999999,3
0.973,0.253,320831,0.404,0,0.917,4,0.101,-14.635,0,32,0.0321,146.898,0.252,4
0.883,0.55,210947,0.449,0,0.0,9,0.32,-7.233,0,3,0.115,180.316,0.691,7
0.0323,0.584,310707,0.921,0,1.43e-06,11,0.93,-4.85,1,24,0.044,111.282,0.435,4
0.932,0.6659999999999999,85834,0.219,0,0.0,7,0.0878,-18.125,1,0,0.163,105.359,0.7879999999999999,8
0.32299999999999995,0.705,217093,0.51,0,0.0,8,0.094,-15.322,1,30,0.0428,125.468,0.894,4
0.084,0.62,201547,0.858,0,8.740000000000001e-05,7,0.691,-9.891,1,45,0.0433,124.938,0.723,1
0.949,0.29100000000000004,181520,0.0696,0,0.0,10,0.217,-21.74,1,22,0.0456,144.216,0.397,6
0.8690000000000001,0.616,168173,0.609,0,1.96e-05,5,0.123,-9.504,0,24,0.0418,114.152,0.399,7
0.962,0.607,188867,0.0728,0,0.515,1,0.154,-15.082,1,3,0.0369,77.488,0.413,9
0.598,0.467,145133,0.95,0,0.00379,1,0.4370000000000001,-6.562,1,30,0.0725,165.817,0.855,5
0.171,0.7559999999999999,161987,0.805,0,0.007490000000000002,0,0.518,-8.586,1,34,0.149,139.44,0.946,4
0.000384,0.457,231280,0.794,0,7.18e-05,1,0.131,-6.624,0,60,0.0298,90.439,0.354,3
0.267,0.637,161240,0.65,0,0.823,2,0.205,-9.973,1,12,0.0275,102.306,0.882,7
0.00494,0.4970000000000001,399453,0.757,0,0.14800000000000002,9,0.107,-7.426,1,39,0.0375,151.02,0.152,2
0.695,0.515,169693,0.721,0,0.000519,7,0.35200000000000004,-8.671,1,32,0.04,155.46200000000005,0.8109999999999999,6
0.458,0.461,212560,0.715,0,1.56e-05,4,0.7190000000000001,-6.246,0,69,0.0281,86.09,0.455,1
0.0025,0.6679999999999999,245467,0.779,0,0.00034700000000000003,9,0.139,-11.089,1,65,0.0325,140.873,0.963,4
0.994,0.383,163691,0.0863,0,0.898,4,0.0787,-20.034,1,0,0.0424,75.472,0.25,7
0.118,0.7390000000000001,281613,0.701,1,0.0,11,0.179,-6.516,0,49,0.0831,144.024,0.594,2
0.134,0.705,223493,0.805,0,0.000152,4,0.3670000000000001,-4.884,0,43,0.0593,120.021,0.8859999999999999,1
0.189,0.664,272227,0.463,0,0.0,8,0.049,-11.229,1,41,0.0388,138.166,0.56,5
0.606,0.252,141333,0.406,0,0.0,5,0.259,-10.179,1,31,0.0345,124.419,0.5820000000000001,6
0.618,0.527,134787,0.439,0,0.0,6,0.345,-11.593,1,44,0.0323,110.195,0.659,3
0.594,0.483,133067,0.321,0,8.13e-06,10,0.105,-13.731,0,49,0.039,100.897,0.674,7
0.0165,0.736,388440,0.642,0,0.03,1,0.0597,-8.892000000000003,1,32,0.0497,89.939,0.884,3
0.35700000000000004,0.478,513000,0.562,0,0.0,7,0.302,-9.325,1,43,0.0597,138.506,0.481,5
0.000109,0.603,303960,0.964,0,0.0801,9,0.119,-7.245,0,23,0.043,112.798,0.564,4
0.333,0.595,219960,0.32,0,7.06e-05,7,0.34,-9.494,1,52,0.0272,143.565,0.239,3
