0.308,0.436,310867,0.532,0,0.00395,0,0.208,-10.765999999999998,1,27,0.0476,190.113,0.845,5
0.000944,0.105,222440,0.885,0,0.942,2,0.281,-8.135,1,40,0.0968,169.112,0.126,4
0.166,0.635,174027,0.852,0,0.0,11,0.309,-6.462999999999999,1,50,0.0516,76.498,0.966,3
0.327,0.443,213307,0.5379999999999999,0,4.61e-05,1,0.0866,-5.477,1,68,0.0309,157.97,0.245,1
0.647,0.366,388467,0.56,0,0.00703,11,0.18,-10.361,0,40,0.0633,155.42,0.361,6
0.000446,0.466,257413,0.929,0,0.0,10,0.0656,-3.9,1,47,0.0575,171.94799999999995,0.408,1
0.972,0.701,177880,0.285,0,0.303,5,0.362,-19.2,1,0,0.0502,116.402,0.754,9
0.00507,0.611,239346,0.557,0,1.42e-06,1,0.119,-6.814,1,48,0.0301,104.963,0.237,1
0.703,0.589,290573,0.453,0,2.54e-05,7,0.134,-8.912,1,54,0.0397,139.148,0.513,5
0.922,0.412,185893,0.192,0,7.11e-05,8,0.285,-15.008,1,13,0.0388,73.983,0.386,7
0.913,0.645,150560,0.223,0,0.0981,0,0.105,-21.647,1,9,0.0451,111.156,0.407,7
0.392,0.718,140973,0.8320000000000001,0,9.84e-06,2,0.0401,-2.772,1,28,0.0407,126.597,0.929,4
0.823,0.7140000000000001,158520,0.446,0,0.0,9,0.184,-8.554,1,0,0.0327,111.715,0.843,7
0.994,0.765,155093,0.398,0,0.207,3,0.122,-8.986,1,0,0.077,124.558,0.915,9
0.629,0.365,168467,0.649,0,0.0,0,0.168,-6.324,1,49,0.131,173.084,0.855,5
0.747,0.605,219080,0.868,0,0.0,5,0.377,-7.476,1,39,0.25,116.437,0.815,2
0.7490000000000001,0.295,268693,0.478,0,0.000208,7,0.436,-7.8439999999999985,1,56,0.0325,169.84599999999998,0.17,1
0.985,0.4920000000000001,364640,0.18600000000000005,0,0.000438,7,0.455,-18.927,1,0,0.166,123.002,0.333,7
0.103,0.321,264067,0.958,0,7.43e-05,8,0.0994,-10.495,1,48,0.0872,117.875,0.106,4
0.6579999999999999,0.619,265400,0.299,0,0.79,11,0.705,-14.886,0,28,0.0609,96.502,0.345,4
0.993,0.404,216301,0.17,0,0.8859999999999999,0,0.105,-21.185,0,0,0.0343,76.131,0.292,9
0.831,0.405,259973,0.147,0,0.0271,1,0.14,-15.871,1,34,0.0459,64.968,0.111,5
0.00727,0.8140000000000001,242013,0.899,0,0.219,1,0.0979,-5.9579999999999975,1,57,0.0637,119.011,0.545,2
0.0403,0.728,205640,0.858,1,4.26e-06,9,0.0241,-3.686,1,63,0.0609,125.054,0.591,1
0.00535,0.843,221733,0.6759999999999999,0,0.0,9,0.0727,-4.746,1,39,0.271,90.968,0.546,2
0.72,0.675,108653,0.7440000000000001,0,0.0,4,0.14800000000000002,-9.053,0,18,0.0893,112.505,0.944,6
0.0311,0.782,229627,0.433,0,0.00244,11,0.111,-12.571,0,44,0.0615,111.705,0.757,3
0.513,0.847,180080,0.6579999999999999,0,0.0,2,0.0892,-8.31,1,28,0.081,112.351,0.96,4
0.215,0.63,220293,0.804,1,0.0,6,0.253,-4.183,1,83,0.0363,123.146,0.4920000000000001,1
0.989,0.659,187893,0.0956,0,0.0821,0,0.31,-19.949,0,0,0.0623,117.341,0.6609999999999999,9
0.484,0.648,362227,0.6729999999999999,0,0.0296,2,0.0643,-5.782,0,33,0.0533,91.632,0.772,5
0.989,0.362,186107,0.0927,0,0.000509,10,0.0843,-22.427,1,0,0.0508,109.002,0.27,8
0.000717,0.508,285613,0.517,0,0.0165,8,0.117,-8.054,0,55,0.0278,103.935,0.0543,1
2.23e-05,0.499,193638,0.991,0,0.0,0,0.17600000000000002,-2.249,1,50,0.158,137.026,0.317,1
0.898,0.337,60307,0.287,0,0.978,0,0.12,-15.050999999999998,1,54,0.0332,107.031,0.393,2
0.443,0.464,272507,0.501,0,0.22,7,0.115,-8.546,1,41,0.0264,130.857,0.306,2
2.9600000000000005e-05,0.527,234107,0.957,1,0.53,1,0.293,-5.459,0,40,0.0826,139.99200000000002,0.34600000000000003,2
0.662,0.276,123720,0.289,0,0.982,4,0.0963,-14.322,0,53,0.0339,39.369,0.0805,1
0.95,0.7070000000000001,182000,0.5870000000000001,0,0.000515,10,0.214,-5.3210000000000015,0,0,0.0513,121.396,0.852,9
0.562,0.674,181243,0.768,1,0.0843,5,0.0894,-5.549,0,65,0.0384,159.981,0.494,1
0.895,0.458,328493,0.0353,0,0.069,0,0.121,-27.007,1,21,0.0355,140.66,0.5479999999999999,6
0.138,0.705,250493,0.7020000000000001,1,0.0,0,0.364,-4.783,0,63,0.108,140.059,0.7709999999999999,1
0.000479,0.343,138200,0.895,0,2.71e-05,7,0.295,-7.022,1,33,0.0468,177.84400000000005,0.894,4
0.0017,0.426,165373,0.972,1,0.0,0,0.171,-5.122000000000001,1,64,0.0954,111.221,0.341,3
0.00588,0.396,280293,0.8440000000000001,0,0.525,8,0.259,-7.435,1,19,0.0814,148.49,0.581,6
0.0372,0.76,245893,0.612,0,0.00207,4,0.0744,-9.104,1,32,0.069,110.36,0.5920000000000001,3
0.631,0.443,243027,0.403,0,0.0,0,0.111,-8.339,1,78,0.0322,143.46200000000005,0.41,5
0.454,0.565,281387,0.231,0,3.91e-06,7,0.177,-11.912,1,27,0.0398,107.814,0.391,5
0.000386,0.493,258066,0.959,0,0.118,8,0.254,-3.613,1,58,0.0414,125.04,0.703,2
0.626,0.7290000000000001,183333,0.6709999999999999,0,0.000157,4,0.14,-9.106,1,31,0.0254,81.031,0.784,3
0.483,0.46,389493,0.358,0,0.0,6,0.0808,-11.451,1,42,0.0385,120.758,0.507,3
0.985,0.657,86944,0.431,0,0.0,7,0.149,-11.147,1,61,0.541,83.509,0.935,1
0.669,0.563,267067,0.511,0,2.48e-05,1,0.0974,-9.544,1,49,0.0336,140.235,0.606,5
0.79,0.194,182773,0.02,0,0.924,1,0.551,-28.032,0,0,0.0356,61.734,0.0841,8
0.0354,0.551,388147,0.5710000000000001,0,0.00324,2,0.105,-9.206,0,35,0.0314,126.549,0.246,5
0.439,0.649,185920,0.5329999999999999,0,0.0,1,0.324,-12.429,0,39,0.0978,177.576,0.951,3
0.337,0.319,237933,0.716,0,0.0,0,0.976,-3.819,1,54,0.034,141.94899999999996,0.34700000000000003,2
0.273,0.612,220200,0.804,0,0.0,7,0.311,-7.275,1,60,0.0543,80.771,0.841,3
0.867,0.473,217893,0.268,0,0.0209,1,0.0572,-15.743,1,8,0.0633,170.467,0.6890000000000001,7
0.789,0.563,188973,0.293,0,0.179,0,0.107,-13.331,1,0,0.0528,173.291,0.605,7
0.313,0.639,224627,0.894,0,4.3e-06,0,0.168,-7.184,1,51,0.142,116.009,0.39,1
0.995,0.524,168720,0.337,0,0.887,7,0.117,-13.841,1,0,0.0684,73.417,0.736,7
0.0113,0.54,230907,0.617,1,0.0,1,0.08800000000000001,-5.534,1,58,0.125,116.635,0.127,1
0.0593,0.172,327173,0.249,0,0.857,2,0.189,-13.595999999999998,1,50,0.0311,99.308,0.0526,2
0.99,0.605,179465,0.204,0,0.0816,10,0.313,-13.439,1,0,0.0662,124.038,0.705,8
0.156,0.645,229067,0.727,0,0.0,1,0.282,-4.1789999999999985,0,61,0.0492,110.723,0.152,1
0.92,0.3720000000000001,207560,0.189,0,1.5399999999999998e-05,7,0.337,-12.307,0,19,0.0374,126.125,0.152,7
0.975,0.406,161187,0.276,0,0.0,0,0.334,-8.058,1,51,0.0426,173.65099999999995,0.5920000000000001,3
0.00505,0.204,278067,0.898,0,0.0107,4,0.31,-5.859,0,58,0.0938,98.943,0.14,2
0.0178,0.4370000000000001,211600,0.647,0,0.0,9,0.106,-5.377999999999999,1,54,0.0373,176.047,0.217,1
0.35600000000000004,0.57,145067,0.199,0,6.15e-06,3,0.222,-13.13,1,29,0.0253,99.517,0.481,5
0.153,0.764,320027,0.507,0,0.0,5,0.0879,-8.199,0,48,0.153,77.256,0.809,2
0.7440000000000001,0.173,140773,0.327,0,0.0183,11,0.199,-12.532,1,44,0.0322,69.209,0.0396,2
0.778,0.606,128067,0.322,0,8.08e-05,3,0.14800000000000002,-9.73,1,19,0.0331,133.782,0.718,6
0.0438,0.6759999999999999,233268,0.731,0,1.26e-05,9,0.624,-5.252999999999999,1,66,0.0368,150.151,0.812,1
0.499,0.578,189693,0.343,0,0.0,1,0.103,-11.187,1,23,0.0638,131.40200000000002,0.377,6
8.14e-05,0.276,328627,0.7140000000000001,0,0.22,9,0.0984,-6.007999999999999,0,32,0.0304,170.018,0.33,3
0.000151,0.417,283427,0.565,0,0.8759999999999999,0,0.0507,-10.300999999999998,1,39,0.0359,112.844,0.368,5
0.00316,0.411,364133,0.823,0,0.0148,7,0.149,-7.5539999999999985,1,50,0.115,170.28099999999995,0.573,3
0.00575,0.397,201373,0.903,0,1.6e-06,2,0.362,-4.577,1,58,0.0457,151.55100000000004,0.556,2
0.696,0.185,176947,0.19,0,0.0,8,0.0588,-12.349,1,21,0.0297,77.969,0.147,6
0.625,0.703,171360,0.428,0,0.00013700000000000002,9,0.0545,-16.338,1,23,0.0455,103.697,0.79,5
0.0549,0.564,204013,0.7140000000000001,0,0.0,7,0.155,-4.987,1,79,0.129,175.924,0.33,1
0.0183,0.619,181907,0.936,1,0.0,2,0.361,-2.205,0,51,0.0739,108.011,0.7390000000000001,1
0.758,0.573,114200,0.7490000000000001,0,9.94e-06,3,0.158,-8.155,1,17,0.032,137.565,0.862,7
0.0207,0.841,211013,0.426,0,0.00144,6,0.0427,-10.24,1,38,0.0347,111.956,0.885,5
0.967,0.444,197233,0.312,0,0.86,9,0.124,-6.525,1,0,0.128,65.985,0.5870000000000001,9
0.0157,0.379,261960,0.901,0,8.39e-05,4,0.0779,-5.777,1,37,0.0522,169.97,0.596,2
0.961,0.753,186292,0.407,0,0.303,10,0.265,-14.629,1,0,0.0495,108.178,0.86,8
0.0934,0.8420000000000001,198824,0.772,1,0.0,1,0.284,-8.277999999999999,1,55,0.0883,101.939,0.831,1
0.992,0.292,494000,0.14,0,0.91,5,0.1,-22.971,1,47,0.036000000000000004,85.169,0.443,2
0.995,0.7879999999999999,186212,0.224,0,0.00847,3,0.445,-9.576,1,0,0.44,62.94300000000001,0.8140000000000001,8
0.000212,0.49,179360,0.8270000000000001,0,0.00406,8,0.112,-9.481,1,61,0.0482,108.577,0.626,4
0.0424,0.5379999999999999,231640,0.841,0,0.00178,9,0.312,-7.5470000000000015,1,55,0.0375,93.077,0.8809999999999999,2
0.908,0.206,251008,0.112,0,1.14e-05,8,0.119,-16.226,1,53,0.0347,70.16,0.212,2
0.00539,0.445,265096,0.773,0,0.153,2,0.131,-7.227,1,59,0.0441,191.966,0.313,1
0.685,0.4920000000000001,163093,0.5670000000000001,0,0.238,2,0.118,-9.951,1,24,0.0576,126.192,0.919,6
0.026,0.8059999999999999,307933,0.6659999999999999,1,0.0,0,0.72,-5.755,1,43,0.117,131.939,0.5710000000000001,3
0.00212,0.6559999999999999,227560,0.6920000000000001,1,0.00305,1,0.128,-6.145,0,63,0.0563,128.016,0.693,1
0.494,0.7120000000000001,209594,0.546,0,9.99e-06,2,0.0919,-12.086,1,51,0.0434,90.023,0.929,5
0.626,0.5,293067,0.361,0,0.0,7,0.922,-9.665,0,16,0.119,124.871,0.512,6
0.8690000000000001,0.184,171573,0.183,0,0.0119,1,0.0992,-15.759,1,12,0.0337,84.90799999999999,0.304,7
0.667,0.411,421267,0.394,0,0.695,9,0.334,-16.244,1,30,0.0424,162.959,0.703,6
0.563,0.487,247573,0.408,0,0.0128,0,0.3,-9.266,1,40,0.0269,132.347,0.552,2
0.000177,0.644,240307,0.6609999999999999,0,5.14e-06,11,0.108,-6.093,1,44,0.0418,154.001,0.272,1
0.0321,0.429,221507,0.914,0,9.26e-05,7,0.436,-9.594,1,53,0.0505,155.588,0.685,5
0.5539999999999999,0.119,333200,0.139,0,0.924,9,0.0963,-13.874,1,0,0.0353,91.303,0.0658,8
0.269,0.853,245667,0.667,1,0.0,11,0.11,-6.513,1,44,0.329,100.976,0.6659999999999999,3
0.0966,0.202,361400,0.406,0,0.334,0,0.0869,-12.429,1,20,0.0362,64.626,0.0398,6
0.29,0.36,317293,0.8190000000000001,0,4.620000000000001e-05,2,0.939,-8.405,1,28,0.0593,95.696,0.306,4
0.418,0.5870000000000001,237627,0.337,0,1.25e-06,2,0.0542,-13.104,1,22,0.0334,162.822,0.29100000000000004,4
0.995,0.36,192120,0.262,0,0.7040000000000001,0,0.111,-15.812,0,0,0.0459,114.732,0.635,8
0.395,0.636,269013,0.954,0,0.000546,9,0.043,-6.125,0,48,0.0365,121.914,0.958,4
0.652,0.7340000000000001,235000,0.5720000000000001,0,0.0,1,0.0731,-12.003,1,36,0.0264,110.526,0.8290000000000001,4
0.993,0.293,223787,0.211,0,0.865,1,0.112,-11.083,0,0,0.0391,89.13,0.56,9
0.542,0.698,394160,0.246,0,0.0,1,0.232,-19.678,1,0,0.928,107.162,0.402,7
0.386,0.66,337733,0.619,0,0.0,2,0.927,-8.672,1,49,0.139,78.67,0.845,3
0.789,0.688,144067,0.301,0,0.838,7,0.118,-16.706,1,5,0.0429,107.964,0.7070000000000001,7
0.258,0.7340000000000001,271023,0.631,0,2.4e-06,5,0.0752,-6.8870000000000005,1,64,0.098,141.47799999999995,0.962,4
0.202,0.621,166467,0.621,0,0.0,2,0.188,-7.477,1,22,0.03,110.457,0.843,4
0.419,0.598,387560,0.759,0,0.0,3,0.0739,-6.6110000000000015,1,24,0.0518,103.82,0.7040000000000001,6
0.000978,0.738,241360,0.602,1,2.2e-06,7,0.0769,-12.144,1,32,0.276,103.498,0.447,3
0.753,0.327,237440,0.377,0,0.0175,9,0.107,-12.099,1,19,0.0399,93.437,0.269,5
0.861,0.581,77093,0.715,0,0.81,2,0.391,-11.645,0,49,0.0366,93.616,0.966,6
0.85,0.713,177427,0.265,0,0.0,5,0.192,-18.008,0,19,0.952,129.093,0.522,5
0.539,0.5329999999999999,210333,0.398,0,0.0,5,0.5429999999999999,-13.241,1,47,0.0278,86.74799999999998,0.242,4
0.973,0.4970000000000001,252427,0.368,0,0.91,1,0.166,-14.727,1,10,0.0358,142.298,0.8370000000000001,7
0.922,0.597,172478,0.4970000000000001,0,0.0646,5,0.6940000000000001,-9.452,0,0,0.0318,108.261,0.6970000000000001,8
0.00215,0.6579999999999999,230133,0.7290000000000001,0,0.0013,7,0.0752,-6.561,1,58,0.0378,104.007,0.6679999999999999,1
0.0557,0.5770000000000001,229160,0.486,0,0.0,9,0.2,-6.966,0,56,0.0548,138.172,0.236,2
0.0902,0.564,150200,0.862,0,0.0,7,0.0829,-7.93,0,39,0.045,89.976,0.721,3
0.996,0.748,195918,0.045,0,0.97,7,0.109,-19.795,1,61,0.0881,98.449,0.244,1
0.073,0.5870000000000001,186782,0.7559999999999999,0,1.33e-05,9,0.221,-5.377000000000002,1,34,0.039,146.111,0.8009999999999999,5
0.134,0.616,98500,0.17600000000000002,1,0.00102,2,0.0591,-22.625,0,0,0.945,173.30900000000003,0.3720000000000001,8
0.189,0.561,279213,0.451,0,0.0,3,0.0987,-9.58,1,39,0.0351,144.08100000000005,0.875,2
0.0406,0.475,212071,0.679,1,0.0,1,0.134,-7.419,1,59,0.389,82.616,0.596,1
0.735,0.467,143933,0.5489999999999999,0,0.0,7,0.328,-9.009,1,9,0.21,140.259,0.76,6
0.303,0.519,193929,0.833,0,1.39e-06,7,0.16899999999999998,-4.47,1,60,0.0344,81.992,0.514,1
0.868,0.594,86061,0.149,0,0.0,11,0.119,-14.983,1,0,0.0689,36.586,0.667,8
0.335,0.7559999999999999,193160,0.629,0,0.000151,0,0.228,-7.744,1,55,0.0409,143.68,0.946,2
0.18,0.586,171600,0.7929999999999999,0,0.0,1,0.5710000000000001,-7.084,1,45,0.435,92.228,0.768,2
0.0716,0.596,202680,0.892,0,0.188,5,0.0797,-4.484,0,50,0.0297,126.068,0.938,3
0.0623,0.7909999999999999,156347,0.565,0,0.0,5,0.156,-3.933,0,81,0.0439,99.961,0.181,1
0.14800000000000002,0.583,216063,0.475,0,0.0,0,0.139,-5.556,0,65,0.0846,136.034,0.332,1
0.236,0.51,211853,0.716,0,0.0027,4,0.425,-10.782,1,21,0.0275,130.753,0.937,5
0.797,0.511,254560,0.476,0,0.491,1,0.307,-11.111,1,18,0.038,96.36,0.601,7
0.61,0.7829999999999999,264000,0.498,0,0.00178,4,0.196,-10.446,1,44,0.0305,123.89,0.609,4
0.0212,0.535,207000,0.637,0,1.33e-06,7,0.245,-5.267,1,38,0.0269,94.983,0.275,2
0.995,0.526,183773,0.107,0,0.00307,2,0.32,-15.194,1,0,0.0564,181.879,0.3670000000000001,9
0.6920000000000001,0.7290000000000001,304813,0.275,0,0.452,7,0.0579,-20.686,1,30,0.0373,90.199,0.635,3
0.443,0.458,234332,0.962,0,4.06e-05,1,0.0817,-5.851,1,28,0.0748,141.19,0.468,4
0.912,0.246,250973,0.258,0,2.07e-05,5,0.105,-11.691,1,56,0.0307,94.946,0.295,1
0.000204,0.454,222853,0.933,0,0.0,2,0.482,-4.143,1,38,0.0455,94.945,0.597,2
0.56,0.679,224533,0.335,0,0.0,7,0.112,-8.21,1,59,0.0293,129.935,0.188,2
0.966,0.379,200972,0.221,0,3.14e-05,2,0.108,-6.924,1,0,0.0587,180.259,0.422,7
0.363,0.606,145200,0.521,0,5.68e-06,10,0.0555,-12.034,1,28,0.069,140.785,0.742,4
0.124,0.8740000000000001,190467,0.613,0,0.0,5,0.0855,-7.051,1,49,0.0574,112.061,0.873,1
0.5920000000000001,0.513,281373,0.625,0,3.94e-05,4,0.12,-4.822,0,48,0.0436,137.863,0.408,2
0.629,0.74,226418,0.6779999999999999,0,2.26e-06,6,0.11,-6.989,1,54,0.0403,88.221,0.899,3
0.00615,0.316,285360,0.797,0,0.0134,3,0.067,-8.283999999999999,0,42,0.0385,105.808,0.0868,4
0.996,0.48,193000,0.125,0,0.47,4,0.256,-19.546,0,0,0.199,183.644,0.636,9
0.7959999999999999,0.757,298000,0.542,0,0.0196,9,0.265,-10.674,1,48,0.0775,107.988,0.466,1
0.201,0.317,105093,0.0158,0,0.941,11,0.0844,-36.25,1,25,0.0878,69.865,0.0389,4
0.0632,0.705,241947,0.75,1,0.0,1,0.146,-4.558,1,56,0.0522,77.817,0.392,1
0.108,0.6629999999999999,183960,0.525,0,0.0,7,0.349,-9.674,1,60,0.0331,134.748,0.731,3
0.104,0.575,361480,0.57,0,2.35e-05,0,0.115,-9.432,1,23,0.0261,96.576,0.64,6
0.938,0.588,157867,0.146,0,1.66e-05,9,0.111,-12.154000000000002,1,32,0.0354,96.094,0.394,9
0.17600000000000002,0.424,264440,0.5479999999999999,0,0.8440000000000001,0,0.0709,-10.761,1,34,0.0292,91.129,0.393,6
0.922,0.388,271493,0.312,0,0.7979999999999999,7,0.0936,-15.158,0,0,0.0509,80.628,0.23,7
0.7659999999999999,0.648,313248,0.207,0,0.0,9,0.435,-19.413,1,0,0.958,90.325,0.5479999999999999,9
0.369,0.643,185480,0.647,0,0.0,0,0.334,-9.061,1,56,0.0795,76.94800000000002,0.632,1
0.000491,0.459,237533,0.883,0,0.0267,9,0.118,-4.1,1,59,0.0476,147.94299999999996,0.338,1
0.0197,0.503,254133,0.735,1,0.0,7,0.102,-4.182,1,56,0.333,175.972,0.6940000000000001,2
0.0007469999999999999,0.435,212040,0.887,0,0.0,9,0.0327,-4.07,1,57,0.0636,199.935,0.408,2
0.0127,0.6829999999999999,206467,0.484,0,0.0,4,0.08199999999999999,-14.164,0,21,0.18,144.866,0.812,5
0.506,0.5820000000000001,155240,0.614,0,0.0,8,0.076,-7.117000000000001,1,26,0.0946,182.788,0.8370000000000001,5
0.00235,0.68,197507,0.84,0,0.00231,6,0.262,-6.886,0,34,0.28,162.017,0.802,3
0.8320000000000001,0.593,194303,0.287,0,0.000128,2,0.104,-11.496,1,67,0.0631,149.761,0.238,1
0.0633,0.358,123507,0.585,0,0.7759999999999999,11,0.515,-12.842,0,23,0.0293,147.064,0.593,6
0.648,0.725,139120,0.732,0,7.62e-05,10,0.177,-6.278,1,14,0.0329,126.368,0.967,6
0.0102,0.65,370387,0.957,1,0.0125,9,0.193,-3.4,0,50,0.0439,128.009,0.877,1
0.948,0.421,154600,0.044,0,0.00036,9,0.1,-21.421,0,29,0.0403,115.884,0.172,5
0.259,0.606,232547,0.915,1,0.107,10,0.105,-3.292,0,58,0.166,100.433,0.551,1
0.5539999999999999,0.5710000000000001,224267,0.499,0,0.0,11,0.0908,-5.515,1,52,0.404,126.434,0.755,1
0.994,0.324,157640,0.227,0,0.0,3,0.0662,-13.41,1,0,0.0591,75.131,0.593,9
0.354,0.7879999999999999,139560,0.8320000000000001,0,0.0,4,0.1,-10.783,1,49,0.0981,101.045,0.91,3
0.991,0.7290000000000001,147772,0.404,0,0.89,2,0.118,-13.583,1,4,0.0462,98.376,0.928,8
0.454,0.317,207813,0.563,0,0.000284,5,0.202,-6.209,1,42,0.0376,83.561,0.225,5
0.18,0.775,193456,0.679,0,7.26e-05,4,0.068,-4.985,0,72,0.135,166.00799999999995,0.619,1
0.0987,0.442,170800,0.7040000000000001,0,0.000241,9,0.138,-10.831,0,40,0.0416,118.12,0.5379999999999999,4
0.16,0.588,232760,0.568,0,0.0,6,0.0792,-9.766,1,71,0.0672,106.938,0.952,5
0.0142,0.884,319493,0.472,0,0.0,11,0.142,-13.776,1,54,0.34600000000000003,98.425,0.826,4
0.778,0.657,249227,0.4920000000000001,0,0.000223,8,0.113,-11.677,0,56,0.0404,166.646,0.966,2
0.0438,0.764,270200,0.889,1,0.0,11,0.377,-4.697,0,37,0.141,122.208,0.59,2
0.0313,0.452,225787,0.909,0,0.0603,9,0.23,-3.977,1,71,0.0366,124.623,0.805,3
0.685,0.64,170040,0.405,0,0.0357,4,0.268,-12.207,0,41,0.0318,118.821,0.754,4
0.872,0.555,185613,0.272,0,0.0158,9,0.122,-16.82,1,26,0.0353,83.131,0.439,4
0.00148,0.482,181467,0.754,0,1.07e-06,5,0.139,-6.754,1,27,0.0513,154.381,0.902,5
0.0896,0.8059999999999999,223493,0.691,1,0.0,5,0.211,-7.997000000000001,0,62,0.244,130.023,0.468,1
7.25e-05,0.422,115640,0.8,0,0.000729,9,0.35700000000000004,-6.617000000000001,1,36,0.0293,181.872,0.937,5
0.94,0.383,187493,0.181,0,0.000339,10,0.498,-14.23,0,23,0.0313,70.041,0.208,7
0.0897,0.6659999999999999,223693,0.916,0,0.0,0,0.371,-2.946,1,41,0.0329,128.516,0.828,2
0.521,0.5529999999999999,470280,0.574,0,6.96e-05,5,0.0866,-7.492000000000001,0,40,0.045,88.988,0.8059999999999999,5
0.916,0.594,137857,0.534,1,0.0,5,0.792,-13.184,1,9,0.957,91.592,0.588,6
0.000657,0.34700000000000003,304133,0.773,0,0.0008619999999999999,7,0.0968,-4.46,1,45,0.0361,108.724,0.3670000000000001,2
0.374,0.789,170440,0.5379999999999999,0,1.51e-05,10,0.34,-4.997,1,55,0.0445,116.034,0.923,2
0.5579999999999999,0.5429999999999999,223840,0.485,0,0.0,8,0.12,-6.85,1,75,0.0305,136.961,0.371,1
0.004229999999999999,0.521,160787,0.753,0,0.0,9,0.115,-7.647,1,28,0.0349,149.341,0.856,5
0.507,0.495,192320,0.8420000000000001,0,0.000105,7,0.254,-10.299,1,35,0.0376,98.094,0.7759999999999999,5
0.0574,0.906,316773,0.397,0,1.11e-05,2,0.128,-8.183,1,37,0.077,122.216,0.184,3
0.434,0.516,244115,0.487,0,0.0,5,0.0903,-7.337999999999999,1,54,0.026,107.547,0.278,1
0.0337,0.5,227293,0.851,0,0.00161,9,0.0583,-9.777,0,37,0.0732,151.785,0.638,4
0.6709999999999999,0.348,483300,0.532,0,0.5489999999999999,9,0.0757,-14.953,0,33,0.0403,93.007,0.574,5
0.848,0.638,154533,0.236,0,0.0,2,0.275,-13.007,1,15,0.0477,133.876,0.785,6
0.955,0.38,188926,0.7290000000000001,0,0.665,9,0.8240000000000001,-8.567,1,0,0.101,113.198,0.74,7
0.953,0.18600000000000005,231333,0.24,0,0.000219,5,0.158,-16.092,1,39,0.0404,79.821,0.203,5
0.369,0.4,469547,0.936,0,1.4300000000000005e-05,4,0.189,-5.34,0,33,0.211,124.427,0.632,5
0.0398,0.7170000000000001,292307,0.733,0,0.0,4,0.136,-4.985,1,60,0.0427,119.996,0.713,2
0.4320000000000001,0.378,161093,0.505,0,0.000226,2,0.27,-10.863,1,51,0.042,95.254,0.415,1
0.13699999999999998,0.613,213867,0.857,0,0.127,10,0.0556,-6.319,1,37,0.0327,127.732,0.97,5
0.619,0.665,122300,0.0505,0,0.0,0,0.324,-28.38,1,0,0.499,100.043,0.293,7
0.995,0.664,179493,0.16399999999999998,0,0.524,4,0.46,-15.394,1,0,0.262,127.287,0.8290000000000001,9
0.87,0.644,167600,0.163,0,0.0,9,0.226,-11.035,1,29,0.0839,147.498,0.57,8
0.457,0.6920000000000001,305293,0.769,0,0.0992,0,0.0413,-7.002000000000002,1,56,0.0499,179.35299999999995,0.603,1
0.0035,0.659,294413,0.899,0,0.0,2,0.0629,-6.2070000000000025,1,49,0.0423,101.802,0.562,4
0.6940000000000001,0.55,283853,0.815,0,0.0,9,0.0695,-5.521,1,51,0.0551,144.737,0.7709999999999999,2
0.7020000000000001,0.514,214173,0.237,0,1.67e-05,8,0.115,-15.064,0,35,0.0354,99.084,0.369,4
0.00114,0.477,153966,0.7190000000000001,0,0.855,0,0.123,-6.648,1,22,0.0704,79.328,0.66,5
0.65,0.7040000000000001,110400,0.32299999999999995,1,0.0,2,0.165,-17.104,0,0,0.847,90.897,0.5479999999999999,7
0.711,0.642,187027,0.425,0,0.0,9,0.162,-8.282,1,13,0.0235,83.802,0.685,6
0.076,0.574,187307,0.58,0,0.0,7,0.12,-6.091,1,72,0.0278,149.974,0.4,1
0.785,0.544,154187,0.34,0,3.89e-06,2,0.7340000000000001,-13.947,1,53,0.0411,97.005,0.556,5
0.522,0.745,181154,0.669,1,0.0,9,0.154,-3.613,1,53,0.129,143.164,0.6990000000000001,1
0.00759,0.409,353533,0.26,0,0.0652,5,0.157,-17.028,1,27,0.0332,127.749,0.171,5
0.0283,0.687,216880,0.71,0,3.71e-06,9,0.0689,-5.84,1,66,0.0522,79.235,0.8859999999999999,2
0.00457,0.379,384813,0.996,0,9.26e-06,2,0.0981,-3.023,0,45,0.285,128.049,0.0386,2
0.0173,0.675,395280,0.616,0,1e-06,5,0.131,-10.291,0,31,0.0769,134.621,0.723,4
0.295,0.72,330617,0.652,0,0.462,6,0.0724,-9.442,0,36,0.0577,138.972,0.625,3
0.0521,0.5539999999999999,227893,0.899,0,0.0,8,0.0568,-4.573,1,59,0.408,171.96599999999995,0.552,1
0.251,0.836,190287,0.731,1,0.0,6,0.0679,-7.396,0,60,0.146,100.861,0.7659999999999999,1
0.0396,0.624,274667,0.938,0,0.0,0,0.338,-4.099,1,43,0.035,138.071,0.6559999999999999,3
0.006640000000000001,0.515,170120,0.8220000000000001,0,0.000386,10,0.147,-8.976,1,28,0.0827,114.49,0.899,6
0.632,0.7559999999999999,214680,0.8140000000000001,0,0.0006799999999999999,0,0.161,-6.11,1,62,0.0437,135.043,0.905,1
0.0184,0.64,168700,0.25,1,0.0,10,0.0654,-19.254,0,0,0.957,165.174,0.6509999999999999,10
0.36,0.508,185200,0.68,0,0.0,5,0.0824,-8.354,1,59,0.0373,99.905,0.792,6
0.7120000000000001,0.5489999999999999,214960,0.53,0,0.0,0,0.122,-4.09,1,45,0.141,103.9,0.6940000000000001,1
0.81,0.705,160960,0.284,0,0.0,10,0.147,-13.785,0,26,0.224,94.232,0.797,6
0.168,0.677,222960,0.731,0,0.0,7,0.103,-5.7079999999999975,1,65,0.12,97.864,0.603,1
0.508,0.836,114573,0.616,0,2.93e-05,11,0.133,-6.614,0,32,0.0524,130.04,0.8909999999999999,5
0.265,0.528,198040,0.454,0,0.188,8,0.192,-15.293,1,9,0.0376,114.166,0.726,7
0.626,0.61,159947,0.316,0,0.285,4,0.297,-9.852,0,11,0.0301,117.314,0.574,7
0.939,0.358,384027,0.202,0,0.936,9,0.134,-16.726,1,50,0.0361,83.07,0.146,3
0.247,0.821,185143,0.759,0,0.0,8,0.321,-8.541,1,66,0.121,140.01,0.962,1
0.0848,0.392,323733,0.8009999999999999,0,0.201,7,0.121,-13.615,1,41,0.0597,106.702,0.442,5
0.149,0.654,97400,0.16,1,0.0,11,0.393,-17.762,0,0,0.938,87.243,0.721,9
0.995,0.443,67933,0.128,0,0.893,2,0.175,-18.556,1,0,0.064,134.196,0.321,10
0.986,0.299,253080,0.305,0,0.036000000000000004,2,0.117,-11.979,1,4,0.0365,162.407,0.403,7
0.0158,0.206,179360,0.733,0,0.00731,4,0.226,-8.589,0,40,0.0478,172.38099999999997,0.299,3
0.269,0.68,160427,0.77,0,0.737,5,0.17,-12.349,0,39,0.0389,114.224,0.962,6
0.992,0.336,270800,0.0709,0,0.858,7,0.0876,-25.69,0,43,0.0494,85.79299999999998,0.17600000000000002,6
0.994,0.436,164973,0.276,0,0.948,0,0.121,-18.447,1,6,0.0354,106.083,0.706,8
0.852,0.406,245533,0.188,0,0.0,7,0.105,-13.039,1,66,0.0324,120.757,0.629,5
8.120000000000001e-05,0.6559999999999999,212067,0.662,0,0.8859999999999999,8,0.104,-9.345,0,55,0.0307,128.02200000000002,0.0712,1
0.00123,0.67,255413,0.867,0,0.00472,1,0.0796,-5.136,1,43,0.0368,96.049,0.67,3
0.03,0.8140000000000001,232550,0.813,0,9.33e-05,2,0.255,-3.023,0,76,0.0561,79.997,0.8390000000000001,1
0.603,0.522,137480,0.428,0,0.00015800000000000002,10,0.111,-12.255999999999998,1,28,0.0315,140.841,0.963,5
0.962,0.3670000000000001,205587,0.0527,0,0.006790000000000001,0,0.109,-17.684,1,55,0.0468,170.12400000000005,0.108,3
0.7809999999999999,0.314,262133,0.37,0,0.139,1,0.122,-9.921,1,55,0.0286,116.044,0.28,3
0.00107,0.419,230586,0.7040000000000001,0,3.04e-05,4,0.161,-7.819,1,58,0.0288,72.044,0.401,1
0.951,0.632,153587,0.29,0,0.000388,5,0.154,-15.671,0,0,0.104,81.578,0.779,9
0.258,0.596,148493,0.452,0,4.41e-06,5,0.129,-9.335,1,36,0.0303,88.291,0.807,3
0.992,0.644,97040,0.254,0,4.33e-05,3,0.112,-12.277,0,8,0.0926,128.623,0.354,7
0.222,0.799,191187,0.43,0,0.0,2,0.125,-12.871,1,21,0.0953,121.922,0.867,4
0.5539999999999999,0.703,340076,0.192,0,4.33e-05,5,0.313,-21.316,0,0,0.952,109.606,0.523,9
0.0358,0.8220000000000001,212013,0.8340000000000001,1,0.0,6,0.0461,-2.879,0,70,0.0663,115.006,0.77,0
0.000522,0.506,231053,0.8390000000000001,0,0.0,0,0.0847,-4.947,0,37,0.0632,166.03900000000004,0.644,2
0.945,0.49,181373,0.0803,0,0.0,7,0.0939,-13.22,1,20,0.0522,76.646,0.376,6
0.000633,0.725,214067,0.737,1,0.00417,4,0.109,-7.4529999999999985,1,63,0.324,77.161,0.219,2
0.866,0.468,186400,0.385,0,0.0,0,0.115,-7.975,1,23,0.0397,86.59700000000002,0.679,7
0.443,0.6559999999999999,222374,0.4320000000000001,1,0.0,6,0.132,-9.481,0,80,0.217,97.022,0.0897,1
0.46,0.535,228533,0.28800000000000003,0,1.72e-06,3,0.12,-13.144,1,29,0.0272,83.867,0.55,3
0.908,0.7240000000000001,91325,0.196,0,0.000997,6,0.0829,-19.223,1,0,0.902,121.259,0.843,8
0.0239,0.546,183373,0.764,0,0.00013000000000000002,4,0.105,-7.27,0,44,0.0796,157.52200000000005,0.7190000000000001,5
0.7490000000000001,0.541,213067,0.469,0,1.49e-05,0,0.0862,-8.005,1,41,0.0257,104.784,0.545,6
0.763,0.487,276627,0.557,0,0.0852,4,0.211,-11.745,0,27,0.071,80.732,0.643,6
2.65e-06,0.0,66860,0.0146,0,0.831,1,0.31,-19.407,1,68,0.0,0.0,0.0,1
0.985,0.479,485111,0.436,0,0.968,10,0.258,-12.515,1,0,0.165,91.1,0.713,8
0.948,0.479,172720,0.21,0,0.383,9,0.201,-9.885,1,0,0.0291,79.485,0.378,8
1.87e-05,0.369,78893,0.935,0,5.59e-05,0,0.174,-6.477,1,37,0.153,113.912,0.133,3
0.457,0.713,194120,0.184,0,0.0,11,0.378,-19.036,1,12,0.932,127.218,0.461,7
0.0675,0.447,239813,0.7440000000000001,0,2.6e-06,7,0.0991,-8.038,1,26,0.0315,76.807,0.568,4
0.374,0.607,221533,0.4920000000000001,0,0.0145,9,0.113,-11.855,1,29,0.0361,126.539,0.613,6
0.92,0.631,324440,0.214,0,0.555,0,0.888,-17.624000000000006,1,0,0.0577,102.835,0.6890000000000001,8
0.537,0.493,188560,0.517,0,0.0,4,0.212,-9.835,0,19,0.0366,127.372,0.316,6
0.555,0.851,261373,0.6509999999999999,1,0.0264,9,0.461,-6.249,1,49,0.233,93.995,0.916,2
0.907,0.228,205467,0.125,0,0.000425,8,0.171,-17.576,1,50,0.0369,85.09100000000002,0.21600000000000005,7
0.5710000000000001,0.36,162827,0.205,0,0.0,10,0.0797,-11.576,1,65,0.0477,148.985,0.232,1
0.188,0.7959999999999999,204631,0.911,0,0.0,1,0.499,-1.998,1,73,0.285,180.128,0.918,1
0.132,0.7120000000000001,238867,0.27,0,0.00657,9,0.0982,-18.52,1,55,0.0663,75.645,0.7559999999999999,4
0.0262,0.472,195169,0.954,1,0.0,1,0.141,-3.524,1,49,0.0878,154.09,0.569,1
0.978,0.364,275467,0.0592,0,0.0,2,0.0823,-21.757,1,49,0.057,123.789,0.185,2
0.0517,0.332,269853,0.899,0,0.0337,9,0.152,-6.756,0,31,0.0659,100.563,0.505,5
0.17,0.235,344933,0.519,0,0.743,7,0.116,-7.644,1,24,0.032,146.795,0.177,5
0.7909999999999999,0.403,178960,0.31,0,0.0,3,0.0596,-10.116,1,0,0.0311,122.085,0.708,8
0.797,0.5429999999999999,211960,0.214,0,0.0,7,0.119,-11.146,1,15,0.031,98.59,0.422,7
0.434,0.376,336933,0.331,0,0.00354,0,0.106,-8.135,1,36,0.038,64.997,0.12,6
0.954,0.68,115227,0.32,0,0.0,10,0.0948,-7.544,0,52,0.0289,108.07,0.769,2
0.004229999999999999,0.7140000000000001,235493,0.375,0,0.4370000000000001,7,0.292,-13.532,0,36,0.0369,127.674,0.669,4
0.504,0.602,598200,0.565,0,0.279,6,0.675,-11.22,0,23,0.0467,102.284,0.479,4
0.536,0.6859999999999999,138653,0.319,0,0.0523,5,0.0945,-16.275,0,35,0.0669,98.549,0.894,5
0.878,0.812,106480,0.285,0,0.0,2,0.0771,-12.067,1,31,0.0393,99.463,0.939,4
0.957,0.313,192693,0.485,0,0.0195,9,0.35600000000000004,-12.396,0,0,0.0402,183.952,0.8590000000000001,7
0.989,0.209,162813,0.365,0,0.244,5,0.147,-12.672,1,0,0.0375,82.91,0.5329999999999999,9
0.688,0.6709999999999999,197653,0.428,1,0.000182,4,0.119,-7.0520000000000005,0,66,0.124,148.04,0.362,1
0.831,0.5770000000000001,138606,0.64,1,0.00015,11,0.8690000000000001,-21.889,0,20,0.8740000000000001,116.357,0.123,4
0.00905,0.8270000000000001,272153,0.642,1,1.5e-06,1,0.0865,-4.29,0,61,0.242,145.004,0.181,1
0.292,0.665,237467,0.354,0,0.0075400000000000016,9,0.339,-9.539,1,39,0.027000000000000003,96.829,0.444,3
0.995,0.6890000000000001,133080,0.156,0,0.0252,7,0.112,-20.494,0,0,0.267,130.40200000000002,0.826,10
0.0113,0.752,331013,0.888,1,0.0,1,0.39,-3.852,1,62,0.0362,135.991,0.958,1
0.102,0.373,135440,0.597,0,0.0,2,0.114,-10.013,1,38,0.0273,106.237,0.742,4
0.8959999999999999,0.495,410827,0.13699999999999998,0,0.121,9,0.0717,-15.985,1,0,0.0486,138.514,0.382,7
0.0365,0.722,103632,0.245,1,0.0,9,0.339,-18.793,1,0,0.911,107.631,0.6940000000000001,10
0.189,0.609,286293,0.397,0,0.0,7,0.131,-17.525,1,46,0.0397,112.15,0.434,4
0.966,0.505,184477,0.0987,0,0.000214,5,0.325,-16.766,1,0,0.0445,80.878,0.219,9
0.993,0.496,195960,0.0742,0,0.871,1,0.121,-14.67,1,18,0.0512,57.31800000000001,0.385,7
0.141,0.563,168800,0.575,0,6.05e-06,1,0.139,-12.948,1,35,0.0234,155.089,0.926,4
0.858,0.188,208533,0.114,0,0.0212,9,0.133,-16.937,1,24,0.0362,137.68200000000002,0.0377,7
0.855,0.422,173960,0.158,0,0.0,8,0.117,-12.79,1,22,0.0277,30.946,0.308,6
0.43,0.69,109300,0.181,1,0.0,11,0.166,-17.992,0,0,0.931,84.07,0.7,9
0.77,0.74,49667,0.393,0,0.326,5,0.0974,-21.38,0,18,0.0554,101.613,0.96,7
0.000389,0.763,327733,0.509,0,0.0118,10,0.0907,-13.175,0,26,0.512,179.261,0.856,4
0.19,0.516,193827,0.404,0,7.41e-06,7,0.0994,-11.746,1,49,0.0372,86.944,0.68,3
0.153,0.502,208493,0.4320000000000001,0,0.00108,1,0.035,-12.366,0,37,0.129,198.662,0.964,4
0.062,0.758,217760,0.927,0,0.0,7,0.343,-2.105,1,71,0.0537,122.999,0.738,0
0.45,0.526,402947,0.509,0,0.00108,1,0.636,-12.08,0,41,0.0611,97.09,0.526,3
0.983,0.5539999999999999,206520,0.395,0,0.8270000000000001,0,0.208,-9.936,0,0,0.0325,123.367,0.643,8
0.91,0.532,218427,0.146,0,0.0005070000000000001,5,0.0955,-16.667,0,44,0.0315,136.19799999999998,0.146,3
0.2,0.5329999999999999,196800,0.906,0,0.0015,5,0.493,-7.5470000000000015,1,34,0.0381,121.669,0.638,5
0.985,0.0839,324227,0.159,0,0.7929999999999999,2,0.097,-20.433,0,43,0.0384,75.99,0.0396,4
0.892,0.565,189640,0.128,0,0.0316,10,0.0994,-18.149,1,0,0.0512,130.68,0.223,8
0.925,0.278,184907,0.17600000000000002,0,7.04e-05,7,0.0941,-15.915,0,3,0.0388,75.107,0.227,9
0.588,0.725,272560,0.278,0,0.0,0,0.0869,-14.345,0,57,0.0704,119.788,0.489,3
0.84,0.373,178653,0.0951,0,7.87e-06,3,0.779,-25.752,1,22,0.245,74.214,0.479,6
0.962,0.181,381667,0.0938,0,0.8290000000000001,5,0.0969,-19.449,0,0,0.0442,76.615,0.0769,8
0.00248,0.7559999999999999,186707,0.6609999999999999,0,0.0131,2,0.0703,-6.072,1,26,0.279,143.357,0.89,5
0.733,0.4370000000000001,488693,0.423,0,0.508,5,0.119,-15.068,0,16,0.0402,103.242,0.463,6
0.546,0.53,176707,0.378,0,0.00187,3,0.222,-11.37,1,21,0.0374,111.262,0.635,6
0.868,0.481,216267,0.241,0,0.0,0,0.115,-12.19,1,22,0.0528,118.877,0.436,6
0.471,0.669,138507,0.447,0,0.00161,0,0.0651,-12.368,1,24,0.35100000000000003,128.571,0.772,7
0.00257,0.495,210840,0.696,0,1.17e-05,9,0.113,-5.8889999999999985,1,51,0.0422,103.327,0.219,3
0.975,0.483,157280,0.401,0,0.00447,4,0.4320000000000001,-10.54,1,0,0.0372,94.022,0.639,9
0.72,0.687,235760,0.605,0,2.85e-06,8,0.114,-11.708,1,26,0.116,115.091,0.8540000000000001,5
0.91,0.638,271600,0.411,0,4.02e-06,9,0.279,-12.779000000000002,1,1,0.0322,108.722,0.93,9
0.95,0.523,180280,0.156,0,0.845,9,0.149,-15.157,0,22,0.0645,84.68700000000003,0.219,7
0.802,0.386,164987,0.511,0,0.0,4,0.2,-4.8210000000000015,0,49,0.0375,162.69299999999996,0.5479999999999999,6
0.579,0.293,255000,0.179,0,0.000317,0,0.115,-13.919,1,49,0.0294,163.819,0.256,1
0.995,0.431,188120,0.329,0,0.716,7,0.151,-12.565,0,0,0.0595,80.866,0.8809999999999999,8
0.95,0.607,125107,0.0683,0,0.0,2,0.132,-15.722,1,6,0.149,170.93400000000003,0.616,7
0.99,0.684,182080,0.122,0,0.00106,6,0.127,-22.58,1,0,0.377,109.913,0.753,10
0.996,0.611,197573,0.142,0,0.7829999999999999,7,0.125,-12.835,1,0,0.0688,127.369,0.8,8
0.68,0.461,234147,0.495,0,8.18e-05,4,0.34700000000000003,-9.337,0,0,0.0686,81.78,0.757,7
0.133,0.63,258760,0.789,0,0.00665,7,0.304,-8.001,1,39,0.0271,128.695,0.8809999999999999,2
0.975,0.5870000000000001,264560,0.103,0,6.52e-06,0,0.145,-22.576,1,8,0.149,121.24,0.294,7
0.8,0.616,171827,0.41,0,5.17e-06,0,0.237,-10.463,1,23,0.105,84.90100000000002,0.544,6
0.993,0.8270000000000001,182120,0.338,0,0.136,7,0.0963,-9.64,1,0,0.161,118.484,0.8,10
0.823,0.175,573573,0.21600000000000005,0,0.000101,10,0.166,-17.325,0,0,0.0435,80.13,0.0398,7
0.3670000000000001,0.521,205560,0.82,0,0.0,6,0.124,-6.028,1,52,0.293,135.88299999999998,0.7609999999999999,1
0.138,0.799,217600,0.91,0,0.0,6,0.0294,-5.699,1,48,0.0374,117.043,0.966,3
0.596,0.6920000000000001,232027,0.378,0,0.11,11,0.134,-12.671,0,53,0.0308,123.658,0.4,3
0.42,0.404,338000,0.485,0,0.000911,0,0.132,-9.208,1,38,0.0355,150.795,0.32,5
0.448,0.484,517120,0.609,0,0.0007,2,0.0415,-8.81,1,51,0.0483,80.483,0.61,2
0.294,0.6409999999999999,300800,0.397,0,0.000717,7,0.0496,-12.285,1,44,0.0454,81.962,0.57,5
0.239,0.491,212893,0.507,0,0.0,2,0.0711,-10.039,1,25,0.201,171.94,0.4320000000000001,5
0.985,0.299,153107,0.0477,0,0.0007440000000000001,2,0.0685,-22.37,1,14,0.0345,88.20200000000001,0.151,8
0.419,0.752,138440,0.461,0,0.000103,7,0.0406,-6.35,1,48,0.0315,109.496,0.96,4
0.4970000000000001,0.794,213973,0.521,0,0.0,11,0.0723,-11.143,1,35,0.0273,105.711,0.7390000000000001,5
0.75,0.35100000000000003,186867,0.0844,0,7.840000000000001e-05,2,0.16,-19.996,1,35,0.0334,86.171,0.219,4
0.941,0.629,184086,0.7140000000000001,0,0.97,7,0.284,-9.104,1,0,0.0361,126.95,0.965,9
0.7490000000000001,0.426,287720,0.619,0,0.00685,5,0.0628,-9.172,0,17,0.0558,162.616,0.7909999999999999,7
0.995,0.501,171880,0.08199999999999999,0,0.807,3,0.108,-17.623,1,0,0.151,72.62,0.6890000000000001,8
0.348,0.674,213747,0.331,0,4.87e-06,0,0.0725,-11.716,0,59,0.0842,99.992,0.212,1
0.254,0.611,254840,0.429,0,0.376,9,0.287,-14.928,0,27,0.0461,140.406,0.6809999999999999,6
0.985,0.388,163120,0.114,0,5.22e-06,5,0.198,-15.796,0,0,0.0655,108.7,0.0863,7
0.711,0.6890000000000001,212992,0.394,0,0.000905,2,0.0859,-10.102,0,70,0.065,117.489,0.382,1
0.733,0.459,170267,0.454,0,0.0,5,0.0889,-8.118,1,32,0.0371,82.37799999999999,0.466,6
0.648,0.179,148627,0.126,0,0.539,2,0.262,-17.491,0,21,0.0365,140.938,0.0725,6
0.992,0.313,181800,0.102,0,0.197,9,0.123,-20.0,1,8,0.0388,98.336,0.197,7
0.56,0.534,181560,0.336,0,0.0,8,0.0956,-10.038,1,57,0.0286,149.671,0.354,1
0.48,0.607,124400,0.282,0,0.0,1,0.284,-17.826,1,2,0.968,198.814,0.435,7
0.253,0.615,168560,0.695,0,0.833,7,0.325,-12.252,1,25,0.0399,122.178,0.932,6
0.142,0.387,301760,0.6859999999999999,0,0.0,4,0.122,-5.3679999999999986,1,60,0.0363,142.091,0.171,2
0.992,0.231,224493,0.0698,0,0.938,5,0.114,-18.51,0,1,0.0385,78.51899999999998,0.207,10
0.00866,0.528,221200,0.6940000000000001,0,0.000189,11,0.141,-12.294,0,45,0.057,131.287,0.716,5
0.906,0.382,156853,0.0196,0,0.0,2,0.121,-22.882,1,11,0.0595,77.684,0.391,7
0.104,0.858,235040,0.419,0,0.25,9,0.113,-14.243,0,41,0.241,102.793,0.482,3
0.85,0.471,162360,0.386,0,0.0,3,0.161,-8.139,1,25,0.0581,157.921,0.861,6
0.995,0.481,115160,0.221,0,1.78e-06,1,0.47,-17.99,0,0,0.163,88.538,0.743,10
0.914,0.5670000000000001,157893,0.159,0,0.0,7,0.111,-13.648,1,66,0.0331,146.91299999999995,0.436,6
0.993,0.3,343000,0.0179,0,0.8759999999999999,1,0.119,-28.318,1,49,0.0602,79.85300000000002,0.0398,4
0.583,0.594,205160,0.519,0,5.85e-05,2,0.109,-11.969,1,26,0.0396,125.445,0.605,6
0.135,0.6659999999999999,282040,0.736,0,0.0,8,0.203,-8.168,0,58,0.193,93.198,0.7659999999999999,3
0.00268,0.622,217226,0.956,0,0.0,6,0.394,-3.658,1,56,0.133,115.963,0.557,2
0.906,0.449,261827,0.112,0,1.62e-06,7,0.0962,-13.557,1,29,0.0408,124.746,0.314,6
0.0786,0.7240000000000001,200813,0.904,0,0.0,8,0.226,-3.354,0,72,0.0966,90.999,0.846,1
0.821,0.17600000000000002,618627,0.159,0,0.5660000000000001,2,0.0699,-18.755,0,38,0.0322,83.37100000000002,0.07200000000000001,5
0.0765,0.471,258573,0.911,0,0.00292,5,0.986,-11.277,1,35,0.0886,119.13,0.368,4
0.00356,0.184,133413,0.472,0,0.8009999999999999,5,0.5329999999999999,-21.516,0,69,0.0681,82.63799999999998,0.0261,1
0.0604,0.488,283840,0.862,0,1.15e-05,2,0.0926,-8.06,1,42,0.0464,109.682,0.302,4
0.911,0.202,241773,0.13,0,0.00114,10,0.11,-14.187,1,28,0.0346,82.402,0.0798,6
0.992,0.253,186707,0.274,0,0.00235,3,0.112,-9.388,1,0,0.0424,62.303,0.467,8
0.261,0.669,200467,0.5329999999999999,0,0.0,0,0.156,-14.095999999999998,1,40,0.0273,92.273,0.847,5
0.0669,0.97,497093,0.499,0,9.72e-06,11,0.18,-8.447000000000001,1,38,0.16399999999999998,109.567,0.74,4
0.99,0.464,220493,0.415,0,0.892,3,0.354,-8.779,1,0,0.134,168.093,0.815,9
0.872,0.721,100600,0.0701,1,0.0,6,0.51,-18.432,0,0,0.94,115.354,0.685,8
0.109,0.438,197852,0.792,1,0.0,5,0.241,-6.884,0,48,0.34600000000000003,175.87900000000005,0.463,1
0.0823,0.213,244333,0.7509999999999999,0,0.011,1,0.0624,-10.623,1,24,0.0614,179.687,0.29,5
0.0305,0.453,335293,0.713,0,0.536,0,0.124,-9.494,1,60,0.0366,116.791,0.399,1
0.0911,0.66,207187,0.654,0,9.55e-05,9,0.11,-13.417,1,57,0.0274,133.55,0.8859999999999999,2
0.992,0.7759999999999999,181467,0.376,0,0.0341,0,0.0892,-10.126,1,3,0.0436,106.555,0.8640000000000001,10
0.0865,0.293,360907,0.624,0,0.0,9,0.0874,-7.13,1,66,0.0613,87.335,0.213,1
0.669,0.386,250773,0.496,0,0.0,5,0.0649,-7.2029999999999985,1,42,0.0643,199.995,0.3,4
0.877,0.224,226600,0.321,0,0.22,4,0.366,-14.135,1,0,0.0352,89.891,0.376,8
0.851,0.384,224573,0.225,0,0.00547,7,0.13,-12.159,1,60,0.0281,153.488,0.154,3
0.672,0.475,150773,0.534,0,0.0,11,0.19,-7.845,0,14,0.16399999999999998,170.43599999999995,0.638,7
0.00028900000000000003,0.524,167200,0.967,0,7.41e-06,8,0.324,-3.322,1,57,0.0392,116.273,0.731,2
0.431,0.485,190547,0.63,0,0.0,9,0.235,-8.841000000000003,1,46,0.0325,137.335,0.39,4
0.0827,0.7020000000000001,249840,0.727,1,0.0,5,0.0831,-3.443,1,52,0.155,155.093,0.5489999999999999,2
0.991,0.416,310267,0.0102,0,0.879,5,0.0962,-33.82,0,15,0.0667,75.003,0.212,7
0.993,0.394,107933,0.162,0,0.922,7,0.118,-19.824,1,0,0.038,67.165,0.659,8
0.992,0.799,188273,0.381,0,0.598,10,0.101,-8.522,1,0,0.229,120.217,0.871,8
0.00115,0.29600000000000004,189387,0.945,1,0.00364,1,0.149,-9.131,1,47,0.0745,131.531,0.17600000000000002,4
0.657,0.478,164933,0.396,0,1.59e-06,7,0.0994,-13.563,1,26,0.0417,76.852,0.585,5
0.785,0.0965,159000,0.183,0,0.752,3,0.117,-18.814,0,14,0.0389,83.711,0.0724,6
0.987,0.34700000000000003,259579,0.235,0,0.000889,0,0.362,-12.837,1,0,0.039,109.716,0.139,7
0.407,0.38,188080,0.0525,0,0.000907,6,0.135,-18.479,0,38,0.0386,116.12,0.18600000000000005,4
0.948,0.631,253213,0.16899999999999998,0,0.266,11,0.114,-15.257,1,0,0.031,108.075,0.445,10
0.00247,0.4320000000000001,217027,0.903,0,0.00539,9,0.135,-4.857,1,35,0.0868,140.80100000000004,0.655,3
0.00433,0.399,457360,0.586,0,0.0837,9,0.112,-13.792,1,27,0.0333,121.222,0.469,5
0.206,0.595,278107,0.855,0,0.000119,2,0.153,-5.5870000000000015,0,44,0.0459,130.047,0.322,1
0.0041,0.5660000000000001,104333,0.772,0,0.0,11,0.312,-10.982,0,29,0.0337,98.373,0.695,4
0.97,0.353,195240,0.506,0,5.3e-05,5,0.292,-9.419,0,0,0.0543,90.04700000000004,0.6629999999999999,8
0.5710000000000001,0.412,182729,0.364,0,0.0,7,0.192,-5.023,1,47,0.0347,171.87,0.665,3
0.735,0.281,166908,0.267,0,6.26e-06,5,0.173,-11.914,1,0,0.0384,165.243,0.365,7
0.0742,0.528,202587,0.733,0,1.29e-05,6,0.159,-4.373,0,44,0.06,78.277,0.728,3
0.0771,0.59,174444,0.642,0,0.0,7,0.105,-3.87,1,81,0.122,107.356,0.6509999999999999,1
0.974,0.224,479067,0.292,0,0.539,3,0.244,-13.97,1,0,0.0417,92.439,0.116,8
0.994,0.35700000000000004,91240,0.126,0,0.905,4,0.207,-20.578000000000007,1,20,0.0744,181.743,0.67,7
0.88,0.517,181867,0.232,0,0.00999,4,0.104,-17.093,1,15,0.0326,63.252,0.39,7
0.888,0.5489999999999999,476893,0.23,0,0.334,8,0.114,-13.848,1,16,0.0593,133.876,0.382,7
0.727,0.498,176880,0.246,0,0.000374,9,0.0781,-13.41,1,36,0.0342,151.255,0.152,6
0.142,0.606,210320,0.6920000000000001,0,0.00273,0,0.0952,-4.532,1,39,0.0253,115.052,0.7070000000000001,5
0.0002,0.371,212547,0.979,1,3.67e-06,1,0.516,-2.701,1,57,0.14400000000000002,196.058,0.473,1
0.97,0.516,193800,0.0724,0,2.11e-05,0,0.0605,-13.921,1,0,0.0411,119.375,0.312,7
0.984,0.29,145253,0.233,0,0.7959999999999999,8,0.19,-16.418,1,2,0.0419,88.51299999999998,0.0384,7
0.818,0.504,112827,0.366,0,0.0,10,0.0555,-10.642,1,11,0.0466,142.437,0.857,7
0.7829999999999999,0.37,394057,0.644,0,2.19e-05,9,0.14400000000000002,-9.326,1,0,0.0383,73.392,0.8390000000000001,8
0.162,0.478,341520,0.62,0,0.02,9,0.366,-9.887,1,47,0.037000000000000005,160.30200000000005,0.573,1
0.0738,0.5870000000000001,168147,0.757,0,5.97e-06,6,0.215,-5.279,0,31,0.0313,118.921,0.302,5
0.984,0.257,35697,0.0251,0,0.726,11,0.0669,-27.693,0,0,0.0529,153.954,0.7,9
0.0076799999999999985,0.518,216733,0.6779999999999999,0,0.00014,7,0.0598,-11.496,1,44,0.0508,109.273,0.655,4
0.669,0.767,160676,0.419,0,0.0,10,0.119,-13.364,1,9,0.0393,106.839,0.8809999999999999,6
0.861,0.5579999999999999,187440,0.545,0,0.0177,11,0.14400000000000002,-6.481,1,38,0.0384,128.755,0.317,3
0.201,0.316,231840,0.866,0,0.0,6,0.109,-1.592,1,51,0.139,189.88,0.541,2
0.334,0.6970000000000001,142973,0.451,0,0.0,7,0.112,-14.491,1,17,0.0501,121.29,0.807,6
4.2e-05,0.28800000000000003,262427,0.907,0,0.579,7,0.277,-5.752999999999999,1,55,0.0576,84.48299999999998,0.349,1
0.579,0.489,213707,0.505,0,0.000333,10,0.104,-8.022,0,76,0.117,163.255,0.337,1
0.785,0.491,164520,0.338,0,0.0,3,0.0836,-9.717,1,14,0.0663,169.112,0.77,7
0.701,0.606,172907,0.438,0,0.364,5,0.103,-10.127,1,8,0.0316,100.05,0.933,8
0.831,0.477,224507,0.342,0,0.0405,7,0.191,-15.321,1,39,0.0725,151.335,0.905,9
0.986,0.406,361960,0.0579,0,0.902,6,0.14300000000000002,-20.724,1,36,0.0416,81.916,0.0586,7
0.448,0.578,264213,0.477,0,0.00031,1,0.124,-8.119,1,62,0.0228,95.892,0.511,2
0.521,0.591,173960,0.23,0,0.0,2,0.126,-17.222,1,19,0.031,110.272,0.4920000000000001,6
0.696,0.6970000000000001,170640,0.472,0,0.0,0,0.214,-8.56,1,20,0.0477,112.091,0.815,7
0.068,0.498,198693,0.8440000000000001,0,0.198,4,0.303,-5.9620000000000015,1,21,0.042,98.29,0.588,6
0.513,0.6829999999999999,213573,0.7090000000000001,0,2.19e-06,9,0.08800000000000001,-11.404000000000002,1,54,0.0299,134.68200000000002,0.84,4
0.961,0.34,509760,0.255,0,0.8540000000000001,0,0.226,-21.021,1,9,0.0313,150.725,0.434,7
0.659,0.506,238427,0.32,0,1.76e-05,10,0.135,-14.447,0,35,0.327,145.274,0.7190000000000001,5
0.984,0.321,289373,0.119,0,0.0433,5,0.11,-14.72,0,1,0.0448,71.952,0.0709,7
0.993,0.303,79267,0.196,0,0.828,7,0.145,-18.8,1,0,0.0381,126.677,0.156,8
0.0132,0.438,178707,0.95,0,0.0,9,0.799,-8.971,1,28,0.321,129.06,0.217,5
0.6459999999999999,0.669,215269,0.406,0,1.27e-05,5,0.112,-12.186,1,60,0.0501,92.964,0.362,1
0.8109999999999999,0.171,205707,0.255,0,0.906,9,0.184,-13.41,1,17,0.0327,186.48,0.292,6
0.00264,0.732,182707,0.75,1,0.0,11,0.109,-6.3660000000000005,0,84,0.231,155.096,0.401,1
9.07e-05,0.468,262440,0.873,0,6.15e-05,6,0.343,-8.661,1,36,0.0499,131.537,0.515,3
0.197,0.833,131053,0.608,0,0.0102,4,0.117,-10.462,1,43,0.0297,99.711,0.947,6
0.0189,0.502,230187,0.569,0,0.0,10,0.402,-10.738,1,29,0.0284,90.304,0.83,5
0.981,0.588,235097,0.261,0,0.927,5,0.12,-17.134,1,6,0.0555,100.992,0.7829999999999999,7
0.0149,0.696,99080,0.284,1,0.0,5,0.189,-18.423,0,0,0.948,72.414,0.542,10
0.951,0.705,152267,0.23,0,0.0,7,0.189,-10.82,0,12,0.0433,139.58700000000002,0.639,9
0.32,0.601,229520,0.5579999999999999,0,0.375,4,0.0732,-8.353,0,49,0.0441,92.948,0.416,2
0.0518,0.665,185694,0.6859999999999999,0,0.000176,0,0.174,-5.849,1,61,0.0268,96.848,0.275,4
0.483,0.415,157960,0.665,0,0.0,0,0.0663,-6.853,0,39,0.0448,112.618,0.523,6
0.398,0.728,238307,0.61,1,4.16e-06,10,0.12,-9.253,0,45,0.32299999999999995,82.794,0.715,3
0.304,0.74,283707,0.66,0,0.0,11,0.0955,-5.644,0,38,0.0468,93.743,0.962,3
0.6659999999999999,0.772,49347,0.298,0,0.0,7,0.244,-11.651,1,17,0.0631,119.973,0.529,6
0.389,0.677,95500,0.261,1,0.0,2,0.131,-17.025,1,0,0.915,80.157,0.584,7
0.8009999999999999,0.5720000000000001,136573,0.222,0,9.3e-06,6,0.0815,-14.827,1,26,0.0552,143.251,0.31,6
0.993,0.531,159027,0.277,0,0.8809999999999999,5,0.162,-20.25,1,16,0.0426,84.339,0.962,7
0.8109999999999999,0.505,498653,0.515,0,0.102,2,0.109,-8.541,0,11,0.0372,136.708,0.5,7
0.0016300000000000002,0.52,209387,0.812,0,0.000376,2,0.071,-5.229,1,45,0.059,153.821,0.607,1
0.163,0.599,206707,0.613,0,1.66e-06,8,0.047,-9.978,1,28,0.0344,84.22,0.767,4
0.935,0.513,268400,0.292,0,0.8859999999999999,1,0.0669,-16.83,1,44,0.065,105.141,0.229,6
0.093,0.628,197267,0.593,0,1.65e-06,8,0.096,-5.0360000000000005,1,79,0.0323,125.026,0.104,1
0.494,0.591,261627,0.777,0,0.0,9,0.383,-6.307,1,60,0.0401,123.264,0.621,3
0.956,0.56,252440,0.051,0,0.0,5,0.0943,-21.118,0,0,0.0822,80.581,0.445,7
0.0891,0.615,339000,0.511,0,0.467,10,0.103,-17.262999999999998,0,25,0.0377,98.271,0.784,5
0.8959999999999999,0.72,163067,0.139,0,0.0,8,0.123,-15.74,1,3,0.0537,100.704,0.506,9
0.0405,0.621,211304,0.555,0,0.152,9,0.111,-7.854,1,57,0.0299,92.031,0.0817,1
0.86,0.503,211707,0.218,0,0.0,8,0.172,-14.742,1,44,0.0403,109.578,0.399,6
0.194,0.59,160360,0.6859999999999999,0,0.0,7,0.2,-6.9979999999999976,1,51,0.0364,179.387,0.733,3
0.008759999999999999,0.5329999999999999,170813,0.905,0,0.578,2,0.0698,-5.27,1,72,0.0754,108.9,0.486,6
0.895,0.274,234867,0.261,0,0.106,7,0.195,-15.65,1,0,0.037000000000000005,88.03200000000002,0.403,7
0.996,0.268,217053,0.00465,0,0.889,2,0.0773,-31.882,0,26,0.047,72.682,0.454,4
0.895,0.5820000000000001,134360,0.232,0,0.00304,7,0.131,-15.105,1,28,0.0331,103.336,0.7190000000000001,6
0.244,0.35700000000000004,150440,0.73,0,0.85,8,0.106,-8.988,1,5,0.0345,159.679,0.982,7
0.562,0.632,241627,0.353,0,0.0,9,0.16699999999999998,-8.492,0,62,0.0248,104.884,0.396,1
0.0582,0.7240000000000001,357507,0.746,0,2.8000000000000013e-05,2,0.282,-8.592,1,31,0.0798,89.90899999999998,0.722,3
0.253,0.823,267733,0.62,1,0.0,6,0.0507,-7.093,0,39,0.23,93.922,0.479,3
0.14300000000000002,0.5670000000000001,127947,0.688,0,4.72e-05,0,0.307,-11.893,1,22,0.0551,172.87099999999995,0.573,6
0.00239,0.767,137874,0.61,0,0.912,8,0.101,-16.073,1,0,0.0612,130.60299999999998,0.923,8
0.981,0.5379999999999999,127107,0.0282,0,0.826,0,0.104,-24.041,1,3,0.0509,74.306,0.151,7
0.0325,0.547,166733,0.965,0,1.51e-06,7,0.0937,-4.899,1,34,0.0745,99.619,0.5529999999999999,3
0.0724,0.67,153960,0.601,0,4.97e-06,4,0.0457,-14.880999999999998,0,43,0.0853,149.071,0.963,4
0.593,0.574,155587,0.569,0,0.000164,11,0.108,-9.289,0,61,0.0991,110.994,0.0604,1
0.888,0.593,189973,0.748,0,0.0218,2,0.68,-6.5139999999999985,0,0,0.406,123.634,0.732,8
0.0201,0.244,500240,0.585,0,0.0364,11,0.765,-13.75,0,24,0.0785,96.523,0.142,5
0.253,0.519,377267,0.581,0,0.000905,2,0.0613,-6.9,1,30,0.0337,115.851,0.518,3
0.8190000000000001,0.506,196773,0.552,0,1.85e-06,0,0.183,-10.814,1,45,0.0295,104.513,0.4920000000000001,5
0.332,0.419,270954,0.619,0,1.01e-06,5,0.0568,-11.775,1,13,0.0332,139.511,0.883,7
0.0303,0.757,404867,0.7140000000000001,0,0.00115,10,0.267,-8.722999999999999,0,31,0.0343,114.745,0.899,5
0.979,0.136,232800,0.0383,0,0.813,5,0.198,-23.0,1,0,0.0464,79.89399999999998,0.124,10
0.0771,0.59,174444,0.642,0,0.0,7,0.105,-3.87,1,76,0.122,107.356,0.6509999999999999,1
0.126,0.3670000000000001,154280,0.326,0,0.000599,3,0.12,-13.025,0,45,0.0395,175.109,0.333,3
0.99,0.319,167693,0.0141,0,0.0,5,0.112,-19.807,1,4,0.0373,144.911,0.0465,7
0.0119,0.383,492493,0.43,0,0.0196,9,0.213,-13.694,1,45,0.0384,133.846,0.174,5
0.0047,0.47,288853,0.753,1,0.0,11,0.0708,-5.504,0,51,0.0667,159.98,0.3720000000000001,1
0.977,0.17600000000000002,175573,0.159,0,0.007759999999999999,11,0.086,-17.154,0,31,0.0407,87.31299999999996,0.0697,5
0.257,0.425,270429,0.34,0,0.0,2,0.117,-11.208,1,64,0.035,134.977,0.117,1
0.991,0.498,221613,0.221,0,0.851,2,0.111,-23.764,1,4,0.054000000000000006,77.24600000000002,0.764,7
0.923,0.254,333733,0.174,0,0.00321,4,0.251,-14.959,0,34,0.0346,121.381,0.0393,5
0.992,0.415,31680,0.0757,0,0.721,1,0.122,-25.263,0,0,0.0551,128.17600000000002,0.698,10
0.909,0.265,145173,0.156,0,0.00049,9,0.343,-17.515,1,50,0.0349,67.892,0.163,7
0.103,0.902,212712,0.743,1,5.53e-06,0,0.0956,-3.495,1,51,0.284,135.951,0.626,1
0.000179,0.284,258186,0.882,0,0.000491,4,0.0979,-6.42,0,50,0.0616,82.226,0.25,3
0.172,0.635,217822,0.902,1,0.0,0,0.125,-3.559,1,78,0.109,102.063,0.28600000000000003,1
0.6609999999999999,0.382,273133,0.409,0,4.02e-05,4,0.306,-8.952,0,51,0.0311,180.343,0.128,3
0.00013700000000000002,0.118,108827,0.49,0,0.722,0,0.198,-13.986,1,36,0.0468,193.22,0.133,3
0.0452,0.516,435707,0.8740000000000001,0,0.000519,7,0.959,-4.823,1,33,0.0273,104.975,0.501,5
0.87,0.19,182533,0.124,0,0.858,7,0.0926,-22.071,1,2,0.0529,107.536,0.212,7
0.0574,0.409,209667,0.765,0,0.0,10,0.0922,-5.674,0,67,0.104,97.383,0.365,1
0.968,0.439,171693,0.101,0,0.355,8,0.219,-19.268,1,0,0.0542,90.161,0.466,7
0.846,0.341,225600,0.593,0,0.044,2,0.0984,-13.734000000000002,1,0,0.0658,125.459,0.5489999999999999,8
0.742,0.369,240360,0.321,0,0.000151,5,0.123,-12.463,1,24,0.0308,96.668,0.248,6
0.855,0.491,185067,0.389,0,0.0,0,0.16899999999999998,-9.569,1,27,0.0296,102.314,0.684,8
0.0305,0.239,164093,0.618,0,0.0,0,0.721,-8.464,1,52,0.033,197.499,0.6829999999999999,6
0.0241,0.493,315400,0.376,0,0.792,4,0.102,-15.045,1,61,0.0435,86.47,0.419,5
0.0722,0.664,150700,0.249,0,0.208,10,0.196,-19.492,1,1,0.0303,95.88,0.425,8
0.293,0.728,181238,0.657,0,0.887,11,0.087,-10.37,1,0,0.218,93.332,0.81,8
0.91,0.602,122721,0.242,0,0.0,8,0.187,-17.619,1,0,0.225,61.028,0.531,8
0.032,0.596,231867,0.669,0,0.0,0,0.117,-5.26,1,46,0.0299,107.004,0.28800000000000003,2
0.632,0.5489999999999999,334360,0.688,0,0.00924,7,0.133,-5.346,0,3,0.0366,129.279,0.611,7
0.316,0.459,316640,0.69,0,7.55e-05,7,0.354,-10.156,1,48,0.0469,91.912,0.7040000000000001,5
0.0702,0.5770000000000001,484827,0.8109999999999999,0,0.0173,9,0.384,-11.159,1,24,0.0326,95.057,0.757,5
0.474,0.28600000000000003,628987,0.398,0,0.163,9,0.177,-14.593,1,22,0.0343,127.966,0.58,5
0.993,0.301,170160,0.158,0,0.634,6,0.131,-17.066,0,4,0.037000000000000005,179.136,0.7759999999999999,8
0.846,0.564,211867,0.29,0,5.37e-05,5,0.358,-10.134,1,0,0.47,85.546,0.569,8
0.757,0.56,39067,0.442,0,1.3e-06,3,0.13699999999999998,-10.469,1,0,0.0503,138.09799999999998,0.974,9
5.770000000000001e-05,0.454,204787,0.968,0,0.0916,8,0.0668,-3.457,1,59,0.19,92.042,0.29100000000000004,2
0.507,0.688,152040,0.7879999999999999,0,0.0116,5,0.42,-6.599,1,16,0.0327,117.095,0.957,6
0.4970000000000001,0.364,697946,0.541,0,0.0827,7,0.119,-10.379,0,38,0.0545,80.339,0.322,6
0.757,0.153,216800,0.514,0,0.895,9,0.202,-10.028,1,0,0.056,68.992,0.0539,7
0.845,0.3720000000000001,258533,0.47,0,0.103,4,0.325,-10.196,0,0,0.0588,156.441,0.21600000000000005,8
0.17,0.44,185253,0.466,0,1.03e-06,6,0.118,-9.712,1,57,0.0284,107.744,0.5429999999999999,6
0.677,0.5720000000000001,207533,0.547,0,1.84e-05,7,0.077,-7.999,1,37,0.0317,101.395,0.52,3
0.00611,0.276,194733,0.8290000000000001,0,0.0,7,0.202,-10.794,1,27,0.0625,186.671,0.62,4
0.124,0.953,328516,0.841,0,8.340000000000001e-05,10,0.302,-5.149,1,51,0.0886,121.037,0.499,1
0.00384,0.638,340693,0.423,0,0.733,1,0.146,-16.199,1,23,0.0335,105.979,0.863,4
0.139,0.631,242427,0.624,0,0.0014199999999999998,2,0.325,-8.97,1,61,0.0477,167.951,0.733,2
0.34600000000000003,0.4,230387,0.48,0,3.1e-05,7,0.155,-7.768,1,67,0.0295,103.436,0.653,6
0.4320000000000001,0.778,252747,0.578,1,0.0,9,0.138,-7.22,0,63,0.274,84.48700000000002,0.758,2
0.802,0.402,281987,0.44,0,0.0,5,0.232,-10.152,1,0,0.0483,144.30700000000004,0.493,9
0.974,0.32,264973,0.338,0,0.88,8,0.1,-19.204,0,2,0.0356,108.94,0.37,7
0.38,0.4920000000000001,215720,0.455,0,1.3699999999999998e-05,0,0.12,-10.165,1,39,0.1,91.633,0.316,3
0.0217,0.789,236253,0.7929999999999999,0,0.826,4,0.112,-6.629,0,51,0.107,149.368,0.743,2
0.949,0.247,269573,0.187,0,2.5e-05,7,0.0994,-14.4,0,1,0.0366,104.404,0.251,8
0.99,0.295,331349,0.0448,0,0.917,3,0.121,-20.826,0,0,0.0531,201.697,0.0415,9
0.982,0.315,38907,0.13,0,0.7290000000000001,0,0.195,-14.966,1,35,0.0332,127.142,0.474,4
0.9,0.363,191653,0.383,0,0.000408,0,0.151,-8.148,1,0,0.0327,122.207,0.377,7
0.944,0.54,315227,0.387,0,8.8e-05,7,0.655,-13.86,1,23,0.539,87.804,0.468,6
0.425,0.475,179493,0.522,0,0.0,9,0.318,-6.982,1,46,0.0349,144.137,0.544,3
0.295,0.65,176893,0.782,0,0.0,8,0.107,-4.295,1,67,0.0721,171.988,0.944,1
0.607,0.524,123027,0.609,0,0.0,7,0.126,-13.03,0,37,0.401,80.232,0.948,3
0.981,0.442,399547,0.0802,0,0.529,7,0.124,-21.277,1,46,0.0468,118.977,0.414,3
0.603,0.635,186733,0.5479999999999999,0,0.0,5,0.394,-7.097,0,35,0.0301,81.60600000000002,0.812,5
0.629,0.735,220488,0.449,1,0.0,10,0.113,-7.5070000000000014,1,88,0.34700000000000003,122.947,0.0397,0
0.0758,0.363,215240,0.94,0,0.284,11,0.964,-7.93,1,32,0.0882,126.458,0.276,5
0.00334,0.8490000000000001,309680,0.765,0,0.334,0,0.0663,-11.496,1,38,0.0458,103.007,0.473,4
0.00504,0.6809999999999999,182453,0.8640000000000001,0,0.0,2,0.212,-7.838999999999999,1,62,0.0347,127.079,0.931,2
0.0676,0.659,213333,0.7909999999999999,0,0.0,9,0.28600000000000003,-4.422,1,1,0.046,127.421,0.52,0
0.172,0.7879999999999999,146213,0.804,0,0.00199,5,0.0344,-7.155,1,17,0.0417,125.1,0.812,6
0.000111,0.328,246000,0.843,0,0.8009999999999999,6,0.0496,-6.644,1,62,0.0887,113.329,0.422,2
0.00973,0.391,364982,0.836,1,0.0971,4,0.773,-9.322,0,27,0.0476,127.413,0.32,4
0.986,0.16899999999999998,247947,0.00154,0,0.97,5,0.0847,-32.367,1,39,0.0601,115.74,0.0283,4
0.0129,0.299,184893,0.818,0,8.74e-06,4,0.202,-8.542,0,39,0.0683,143.583,0.34,5
0.987,0.44,127933,0.443,0,0.8440000000000001,0,0.8390000000000001,-20.145,1,0,0.0469,99.844,0.522,8
0.989,0.502,190067,0.117,0,0.205,3,0.104,-15.469,1,7,0.0673,50.935,0.274,10
0.994,0.407,131333,0.0061600000000000005,0,0.949,7,0.0721,-35.91,0,38,0.0384,95.761,0.162,3
0.004220000000000001,0.33,266973,0.759,0,0.00218,7,0.0505,-7.62,1,41,0.0358,99.956,0.53,3
0.0108,0.311,168840,0.995,0,0.0,9,0.353,-1.887,1,45,0.17600000000000002,144.55200000000005,0.648,2
0.879,0.561,993733,0.157,0,0.795,5,0.0995,-16.234,0,23,0.0425,111.844,0.155,6
0.969,0.205,138493,0.092,0,0.054000000000000006,6,0.136,-17.725,1,12,0.0365,86.94,0.0698,7
0.605,0.622,147867,0.737,0,0.00123,7,0.511,-6.206,1,17,0.026,99.398,0.971,6
0.244,0.7290000000000001,96100,0.108,1,0.0,11,0.299,-19.839,0,0,0.937,125.214,0.685,9
0.265,0.7440000000000001,352400,0.292,0,0.0959,4,0.0738,-16.592,0,46,0.0385,96.366,0.8809999999999999,3
0.957,0.606,150400,0.215,0,0.0,5,0.17800000000000002,-16.545,1,46,0.0522,98.156,0.8370000000000001,4
1.78e-06,0.306,267200,0.925,0,0.5870000000000001,4,0.322,-8.835,0,25,0.0653,118.973,0.6,5
0.0283,0.772,135747,0.879,1,2.25e-06,2,0.256,-4.22,1,67,0.34,61.309,0.309,0
0.556,0.391,256507,0.664,0,0.0,4,0.0729,-5.377000000000002,1,46,0.0332,143.601,0.317,4
0.00209,0.43,352173,0.532,1,0.606,4,0.0818,-11.562,1,31,0.0377,177.468,0.102,3
0.721,0.402,167398,0.345,0,0.0,0,0.354,-13.746,1,37,0.0321,78.60300000000002,0.643,7
0.000269,0.385,134467,0.7829999999999999,0,0.47,9,0.108,-2.533,1,71,0.233,176.701,0.902,5
0.177,0.667,207851,0.8240000000000001,0,0.0152,8,0.0933,-5.867000000000001,1,68,0.0665,114.998,0.518,1
0.643,0.628,171027,0.5539999999999999,0,0.0,5,0.0756,-5.517,1,66,0.104,188.098,0.973,2
0.732,0.396,158198,0.4,0,0.0105,9,0.103,-12.505999999999998,1,0,0.0496,84.796,0.911,8
0.797,0.6759999999999999,135467,0.532,0,0.00223,3,0.5920000000000001,-9.995,1,9,0.0421,114.889,0.866,8
0.954,0.388,377040,0.23,0,0.912,5,0.138,-17.586,0,0,0.0374,116.079,0.364,7
0.0020800000000000003,0.5589999999999999,235640,0.7190000000000001,0,0.0,9,0.539,-10.685,1,29,0.0548,117.044,0.67,4
0.484,0.613,153093,0.916,0,7.18e-06,11,0.0927,-5.083,0,20,0.107,106.174,0.736,6
0.0969,0.438,709333,0.78,0,0.794,2,0.723,-11.26,1,44,0.0579,138.933,0.84,6
0.895,0.482,356893,0.35600000000000004,0,1.78e-06,8,0.195,-11.877,1,25,0.0294,99.729,0.541,6
0.7709999999999999,0.5,191040,0.496,0,0.732,9,0.0527,-12.065,0,35,0.031,123.118,0.7190000000000001,6
0.927,0.758,102200,0.187,0,0.1,2,0.122,-18.963,1,66,0.0437,115.75,0.78,5
0.505,0.4920000000000001,254987,0.384,0,5.47e-05,9,0.112,-7.66,1,60,0.0255,98.071,0.115,1
0.364,0.7909999999999999,198693,0.28600000000000003,0,0.0121,7,0.0938,-14.283,1,34,0.0364,96.741,0.872,5
0.136,0.906,235040,0.444,1,6.440000000000001e-05,4,0.173,-8.692,0,71,0.384,140.063,0.6779999999999999,1
0.6709999999999999,0.4970000000000001,236133,0.49,0,0.000417,5,0.155,-7.1610000000000005,1,57,0.0276,122.71,0.126,2
0.989,0.327,255440,0.231,0,0.863,0,0.104,-20.738000000000003,0,32,0.043,100.579,0.597,7
0.993,0.525,83507,0.0255,0,0.0646,6,0.101,-22.785,0,4,0.1,105.758,0.248,7
0.14400000000000002,0.326,199274,0.887,0,1.35e-06,9,0.49,-4.199,0,59,0.0565,202.354,0.706,2
0.0375,0.629,278507,0.79,0,0.00034,2,0.13,-13.496,1,58,0.0429,110.295,0.428,4
0.00417,0.583,254707,0.855,0,0.14400000000000002,11,0.237,-7.972,0,48,0.0404,122.425,0.664,5
0.246,0.652,353947,0.6509999999999999,0,0.8079999999999999,5,0.8690000000000001,-11.886,1,29,0.0549,107.911,0.6809999999999999,5
7.659999999999999e-05,0.298,275600,0.823,0,7.53e-05,7,0.132,-9.793,1,57,0.0816,135.596,0.235,3
0.7390000000000001,0.334,113587,0.303,0,0.6609999999999999,0,0.101,-10.809,1,18,0.0275,105.883,0.365,7
0.583,0.7879999999999999,91015,0.6709999999999999,0,0.000422,0,0.0737,-5.562,1,54,0.037000000000000005,139.813,0.82,1
0.94,0.518,130720,0.0847,0,0.0,10,0.639,-16.887,1,47,0.118,81.962,0.451,6
0.0013,0.552,203413,0.915,0,3.74e-05,4,0.206,-3.713,1,60,0.0559,90.01299999999998,0.606,1
0.994,0.405,162253,0.321,0,0.17800000000000002,11,0.117,-8.745,0,0,0.0316,87.855,0.609,7
0.883,0.5760000000000001,229093,0.593,0,0.927,5,0.128,-11.005999999999998,1,0,0.457,71.115,0.964,7
0.07,0.621,416566,0.807,0,0.16899999999999998,8,0.0737,-8.963,0,58,0.0363,118.028,0.557,2
0.957,0.398,207320,0.364,0,0.0,10,0.311,-11.186,0,0,0.0301,142.718,0.722,9
0.57,0.56,153293,0.515,0,0.0,1,0.449,-9.676,1,34,0.0446,137.816,0.795,5
0.7829999999999999,0.7170000000000001,106500,0.284,0,0.0,1,0.225,-17.293,1,0,0.939,116.705,0.753,10
0.0209,0.514,252235,0.5820000000000001,0,0.0835,6,0.0937,-8.835,1,58,0.101,99.996,0.621,1
0.0622,0.609,255093,0.631,0,4.01e-05,11,0.0671,-6.9570000000000025,1,49,0.0545,143.938,0.476,3
0.951,0.5720000000000001,165667,0.0774,0,0.893,2,0.115,-26.113000000000003,1,41,0.0484,120.311,0.807,7
0.223,0.789,166794,0.72,0,0.0,8,0.129,-5.652,0,92,0.218,122.031,0.664,1
0.147,0.5770000000000001,199693,0.893,0,0.802,2,0.0864,-5.113,1,31,0.087,142.424,0.86,4
0.805,0.5329999999999999,251040,0.0211,0,0.0288,5,0.109,-20.863000000000003,0,28,0.0468,116.62,0.126,3
0.995,0.443,186711,0.338,0,0.962,3,0.409,-13.63,1,1,0.0377,89.12299999999998,0.595,9
0.007390000000000002,0.468,223600,0.6629999999999999,0,0.0352,9,0.124,-11.714,0,43,0.0634,90.714,0.7140000000000001,5
0.491,0.561,225920,0.382,0,1.08e-06,7,0.156,-11.276,1,57,0.0267,96.447,0.758,6
0.379,0.877,146240,0.774,0,0.0,0,0.0488,-5.817,1,49,0.0993,109.826,0.911,2
0.000875,0.5760000000000001,196093,0.86,0,0.0,8,0.316,-3.913,1,59,0.0394,87.461,0.594,1
0.0813,0.907,298960,0.7659999999999999,1,0.0,9,0.11,-4.742,0,50,0.173,147.996,0.875,2
0.00242,0.479,215440,0.763,0,0.0353,8,0.383,-8.954,1,49,0.17800000000000002,84.76899999999998,0.608,2
0.154,0.575,214827,0.797,0,0.0,9,0.282,-5.2,1,36,0.0305,90.907,0.7440000000000001,2
0.7929999999999999,0.405,146133,0.4270000000000001,0,0.0,5,0.18600000000000005,-6.553,0,36,0.0443,74.499,0.35600000000000004,6
0.915,0.247,190107,0.243,0,0.0136,10,0.345,-11.268,1,7,0.0314,139.789,0.204,7
0.983,0.399,161880,0.138,0,0.0,0,0.13699999999999998,-18.792,1,0,0.1,108.676,0.249,7
0.0693,0.534,188973,0.991,0,0.000323,0,0.194,-2.732,1,34,0.109,118.089,0.217,4
0.959,0.301,143693,0.252,0,0.00356,7,0.154,-12.656,0,1,0.0388,111.445,0.146,7
0.794,0.7190000000000001,172293,0.35600000000000004,0,0.0,0,0.13699999999999998,-13.699000000000002,1,10,0.0492,122.686,0.7070000000000001,6
0.059,0.939,188067,0.6890000000000001,1,0.0,0,0.0895,-5.121,1,52,0.0877,137.05,0.502,1
0.8959999999999999,0.39,162307,0.14,0,0.198,5,0.112,-22.53,1,38,0.0392,111.737,0.0836,6
0.618,0.7979999999999999,177627,0.312,0,0.0,11,0.14400000000000002,-16.142,0,38,0.075,135.395,0.388,4
0.648,0.153,360480,0.0579,0,0.743,5,0.109,-18.511,1,52,0.0451,67.685,0.0255,2
0.0525,0.8140000000000001,251733,0.867,1,0.0,7,0.194,-6.284,1,37,0.209,100.966,0.591,3
0.239,0.564,260400,0.495,0,2.07e-06,6,0.12,-7.608,0,41,0.0455,170.884,0.219,3
0.983,0.146,790413,0.124,0,0.925,10,0.138,-19.659,1,0,0.0356,90.182,0.0386,8
0.84,0.397,182133,0.361,0,0.0,8,0.259,-9.051,1,19,0.0308,73.709,0.199,6
0.0731,0.438,273293,0.908,0,0.503,4,0.342,-7.271,1,34,0.0832,85.134,0.6409999999999999,5
0.353,0.78,174573,0.794,0,0.0,9,0.103,-3.953,1,53,0.133,118.455,0.961,1
0.00474,0.47,218187,0.83,1,0.0,9,0.339,-5.35,1,58,0.115,90.967,0.5870000000000001,3
0.754,0.593,240613,0.415,0,4.86e-06,9,0.117,-9.774,1,68,0.03,139.94799999999998,0.32299999999999995,2
0.993,0.405,206147,0.165,0,0.0028,5,0.16399999999999998,-10.696,0,0,0.0348,125.783,0.189,9
0.877,0.609,273107,0.193,0,0.551,4,0.11,-19.536,0,19,0.0365,109.812,0.708,5
0.012,0.426,228200,0.9,0,0.000735,5,0.69,-4.393,1,55,0.047,101.492,0.42,4
0.0292,0.5329999999999999,183160,0.907,0,0.0,11,0.386,-3.793,1,78,0.0406,150.99,0.7,1
0.648,0.679,194933,0.546,0,3.620000000000001e-05,3,0.057,-12.609000000000002,1,42,0.0729,115.234,0.964,7
0.00821,0.8290000000000001,208133,0.51,0,0.0014,5,0.0829,-9.334,0,77,0.0369,119.993,0.45,1
0.464,0.465,132565,0.415,0,0.7020000000000001,5,0.0954,-10.532,1,13,0.0313,120.465,0.626,6
0.0146,0.763,325507,0.7859999999999999,1,0.0114,10,0.0817,-6.472,0,74,0.229,93.857,0.504,3
0.377,0.5529999999999999,315769,0.602,0,0.7120000000000001,0,0.0993,-8.51,0,48,0.0375,170.02,0.28,1
0.000184,0.439,265435,0.915,0,0.0008990000000000002,2,0.326,-7.0779999999999985,0,57,0.0745,91.993,0.34,1
0.384,0.617,260360,0.263,0,0.000154,6,0.035,-18.666,1,33,0.0299,127.147,0.6659999999999999,4
0.972,0.746,171013,0.284,0,4.49e-05,10,0.221,-9.886,1,3,0.0463,114.897,0.48,7
0.016,0.478,266931,0.7040000000000001,0,0.0,1,0.09,-8.271,0,56,0.0471,149.903,0.228,1
0.972,0.4320000000000001,147958,0.482,0,0.00034700000000000003,0,0.331,-4.726,1,0,0.0459,71.06,0.767,8
0.68,0.6990000000000001,102773,0.721,0,2e-06,9,0.118,-8.265,1,17,0.0439,92.231,0.525,7
0.98,0.444,277800,0.403,0,0.0008820000000000002,3,0.138,-10.561,1,0,0.142,82.204,0.204,7
0.00252,0.536,270360,0.5589999999999999,0,0.445,9,0.354,-9.714,1,30,0.0352,94.043,0.546,4
0.731,0.33,245533,0.16699999999999998,0,3.08e-05,8,0.101,-11.635,1,66,0.0311,164.954,0.202,3
0.995,0.448,153227,0.29,0,0.8079999999999999,7,0.18,-15.113,1,0,0.0694,134.976,0.765,8
0.266,0.461,290933,0.32,0,3.5000000000000016e-06,0,0.211,-16.337,1,41,0.0327,134.881,0.487,5
0.043,0.542,335840,0.8420000000000001,1,0.000153,1,0.173,-7.1370000000000005,1,51,0.173,104.772,0.301,3
0.392,0.856,266840,0.527,1,0.0,2,0.11,-5.225,1,72,0.0997,98.052,0.386,1
0.0603,0.655,291686,0.606,0,0.0789,7,0.0757,-10.385,1,70,0.0285,110.061,0.765,5
0.0034100000000000003,0.695,246427,0.945,0,0.0727,10,0.103,-6.165,0,62,0.0418,125.013,0.84,3
5.520000000000003e-05,0.431,76493,0.8759999999999999,0,0.138,0,0.134,-7.672999999999999,1,33,0.117,136.65200000000002,0.628,4
0.0131,0.5720000000000001,219707,0.985,0,9.66e-06,9,0.335,-6.43,1,42,0.111,142.039,0.254,2
0.141,0.772,270027,0.7609999999999999,0,0.0,5,0.0813,-8.271,1,46,0.0358,120.058,0.868,3
0.993,0.413,170600,0.217,0,0.93,5,0.111,-24.884,0,0,0.0982,177.013,0.579,10
0.833,0.135,160680,0.354,0,0.933,5,0.131,-12.049,1,3,0.0372,86.595,0.0995,7
0.142,0.466,469173,0.573,0,0.0,9,0.0871,-12.304,0,45,0.0793,140.643,0.6709999999999999,4
0.725,0.541,187467,0.57,0,1.08e-06,8,0.695,-5.9670000000000005,1,11,0.0322,82.49,0.54,6
0.994,0.369,184947,0.126,0,0.8320000000000001,6,0.0874,-13.244000000000002,1,0,0.0372,129.903,0.27,8
0.513,0.6459999999999999,189000,0.308,0,0.0,3,0.266,-13.595,1,19,0.0408,130.269,0.5760000000000001,6
0.173,0.7859999999999999,233333,0.6829999999999999,1,0.0,7,0.706,-5.397,1,66,0.205,126.002,0.57,0
0.0887,0.594,255048,0.499,0,0.000319,8,0.152,-16.192999999999998,1,35,0.0931,96.178,0.403,5
0.27,0.866,337867,0.445,0,0.0,10,0.0469,-9.943,0,30,0.36,78.188,0.7390000000000001,3
0.0382,0.8740000000000001,215327,0.647,1,0.0,1,0.215,-5.256,1,62,0.441,154.04,0.228,1
0.217,0.5589999999999999,324907,0.8140000000000001,0,2.29e-05,4,0.0968,-3.157,0,47,0.0544,143.851,0.16399999999999998,2
0.00336,0.614,259907,0.628,0,2.43e-06,0,0.0853,-7.936,1,31,0.0265,106.637,0.403,4
0.0362,0.853,222013,0.342,1,0.0,0,0.135,-11.521,1,44,0.324,90.01,0.7709999999999999,2
0.846,0.43,157600,0.326,0,0.0,2,0.398,-10.737,1,2,0.049,77.835,0.575,7
0.828,0.523,148800,0.465,0,0.00159,8,0.206,-11.613,1,25,0.0334,124.639,0.391,6
0.279,0.466,262840,0.456,0,0.00468,7,0.18600000000000005,-15.862,0,6,0.0375,127.521,0.746,7
0.000759,0.236,239960,0.971,0,3.87e-05,6,0.172,-3.98,0,59,0.0987,159.001,0.403,1
0.994,0.6409999999999999,173183,0.151,0,0.00129,8,0.342,-9.626,0,0,0.13699999999999998,72.225,0.701,8
0.8759999999999999,0.166,258800,0.337,0,0.000255,6,0.104,-12.182,1,15,0.0345,174.896,0.0813,7
0.936,0.111,439360,0.0693,0,0.93,3,0.0633,-24.294,1,0,0.0414,82.65899999999998,0.0381,7
0.344,0.652,187067,0.539,0,2.81e-05,10,0.162,-11.039,1,34,0.0322,118.182,0.777,4
0.7490000000000001,0.435,268667,0.625,0,0.0,10,0.0806,-8.338,1,64,0.516,85.988,0.395,1
0.987,0.316,236867,0.124,0,0.926,7,0.103,-28.143,0,38,0.0337,80.669,0.459,5
0.872,0.439,259440,0.182,0,1.98e-05,7,0.0859,-13.895,1,39,0.0283,138.721,0.303,3
0.8079999999999999,0.561,246027,0.263,0,1.06e-05,8,0.281,-17.488,1,29,0.0788,106.671,0.667,4
0.8190000000000001,0.259,184340,0.368,0,9.9e-05,2,0.133,-9.137,1,10,0.0313,81.318,0.37,8
0.359,0.6579999999999999,406200,0.312,0,8.87e-05,8,0.102,-13.605,1,15,0.152,117.392,0.743,7
0.34600000000000003,0.361,348733,0.338,0,0.0,0,0.988,-13.361,1,25,0.0946,203.528,0.473,5
0.613,0.544,461934,0.598,0,0.26,8,0.127,-9.076,1,35,0.0573,131.369,0.647,4
0.889,0.628,167400,0.189,0,6.47e-06,5,0.115,-16.61,1,39,0.0321,100.342,0.609,5
0.919,0.238,248013,0.036000000000000004,0,0.732,8,0.111,-26.278,1,42,0.0372,141.128,0.0369,2
0.976,0.0945,233947,0.057,0,0.403,5,0.091,-24.673,1,52,0.0476,67.598,0.0375,1
0.0327,0.708,220707,0.826,0,0.0,11,0.0868,-5.164,1,53,0.0476,96.019,0.519,2
0.78,0.168,332907,0.0254,0,0.47,6,0.161,-29.462,0,30,0.0362,145.157,0.0398,3
0.861,0.221,204467,0.155,0,0.88,0,0.104,-21.408,1,28,0.0356,79.45100000000002,0.0787,4
0.993,0.307,98116,0.233,0,0.442,11,0.423,-11.197,1,0,0.0349,78.321,0.198,9
0.268,0.454,161653,0.639,0,0.000792,9,0.0435,-7.322,1,39,0.0333,118.05,0.695,6
0.963,0.662,149473,0.241,0,0.0569,7,0.0564,-13.571,1,1,0.0462,106.214,0.816,9
0.987,0.39,162613,0.0858,0,1.24e-05,2,0.391,-23.44,0,0,0.0657,76.085,0.12,7
0.223,0.672,398907,0.762,0,2.6e-05,2,0.8220000000000001,-15.34,1,39,0.25,87.059,0.846,3
0.174,0.456,180793,0.535,1,0.0,5,0.138,-7.919,0,56,0.41,81.003,0.621,1
0.643,0.6629999999999999,191027,0.475,0,0.0,1,0.122,-8.834,1,74,0.0417,143.175,0.644,3
0.73,0.339,211907,0.191,0,0.0722,2,0.261,-16.828,0,36,0.0366,77.304,0.205,6
0.952,0.727,156526,0.388,0,0.000734,5,0.129,-14.233,0,0,0.0511,153.059,0.962,7
0.0464,0.627,101300,0.302,1,0.0,1,0.319,-16.338,1,0,0.949,169.61700000000005,0.223,10
0.993,0.44,188800,0.37,0,0.925,9,0.126,-12.218,1,0,0.0448,65.533,0.852,9
0.0154,0.623,280867,0.7090000000000001,0,0.00799,1,0.0606,-8.093,1,25,0.0336,145.285,0.866,4
0.993,0.764,189539,0.18600000000000005,0,0.94,10,0.29100000000000004,-9.882,0,0,0.625,67.393,0.897,8
0.008159999999999999,0.8190000000000001,286040,0.624,0,0.21,6,0.0523,-11.727,1,35,0.0599,127.179,0.706,4
0.0171,0.735,263827,0.8029999999999999,0,0.000378,6,0.162,-3.95,0,48,0.37,131.96200000000002,0.737,1
0.262,0.387,307627,0.462,0,0.000227,10,0.0914,-11.514,1,48,0.0419,141.19899999999996,0.319,5
0.097,0.564,284831,0.7170000000000001,1,0.0,10,0.493,-6.403,0,68,0.397,117.489,0.423,1
0.816,0.636,212813,0.84,0,0.00286,2,0.425,-8.965,1,34,0.0415,141.878,0.887,6
0.996,0.4920000000000001,172360,0.172,0,0.8959999999999999,10,0.123,-15.029000000000002,1,0,0.0369,82.51100000000002,0.514,8
0.72,0.523,170343,0.507,0,0.0,7,0.0774,-6.448,0,60,0.225,140.368,0.7,1
0.996,0.607,162600,0.624,0,0.831,3,0.327,-12.578,1,0,0.354,123.354,0.74,10
0.711,0.5489999999999999,171067,0.181,0,2.08e-05,9,0.134,-18.92,0,23,0.0281,92.089,0.6779999999999999,6
0.98,0.205,174653,0.0525,0,0.906,1,0.103,-23.841,1,55,0.0327,88.316,0.0511,1
0.843,0.512,204133,0.371,0,0.0,8,0.0542,-11.013,1,33,0.0829,140.363,0.491,3
0.325,0.508,234301,0.46,0,0.0,11,0.648,-7.662000000000001,1,57,0.0404,75.836,0.565,1
0.772,0.5479999999999999,406427,0.5479999999999999,0,0.534,1,0.0818,-8.948,1,10,0.0454,129.58100000000002,0.691,7
0.179,0.7959999999999999,256400,0.758,1,0.0,5,0.0553,-8.124,1,36,0.34700000000000003,80.085,0.7809999999999999,2
0.996,0.476,165320,0.109,0,0.115,4,0.209,-19.402,1,0,0.177,204.943,0.684,9
0.995,0.319,118093,0.00217,0,0.937,10,0.0791,-36.905,1,0,0.0412,78.505,0.229,10
0.846,0.6779999999999999,292667,0.412,0,0.00375,0,0.101,-7.331,1,1,0.0623,105.899,0.594,7
0.0003,0.399,260973,0.982,0,0.000204,6,0.0947,-4.832,0,44,0.16,160.264,0.224,2
0.348,0.594,259640,0.409,0,0.000825,9,0.101,-8.151,1,51,0.0259,85.036,0.487,2
0.3,0.5760000000000001,267040,0.446,0,0.0,6,0.0968,-13.252,1,34,0.0273,93.026,0.58,5
0.112,0.531,141147,0.447,0,0.0,0,0.0734,-7.786,0,16,0.0255,103.503,0.5870000000000001,6
0.852,0.746,160893,0.214,0,2.79e-06,0,0.17,-19.087,0,0,0.698,85.48,0.972,9
0.304,0.46,229533,0.898,0,0.0005099999999999999,5,0.991,-4.6610000000000005,1,28,0.0933,106.468,0.483,4
0.287,0.71,346973,0.401,0,0.000178,1,0.0666,-17.128,1,27,0.0662,141.64,0.662,5
0.163,0.545,164187,0.688,0,0.0,6,0.0897,-8.033999999999999,0,33,0.0423,160.988,0.921,6
0.8009999999999999,0.785,174293,0.365,0,0.0,7,0.0662,-9.963,1,57,0.0377,141.167,0.913,3
0.787,0.5720000000000001,192973,0.267,0,6.05e-05,7,0.0745,-15.008,1,31,0.0403,71.57600000000002,0.675,7
0.47,0.575,238333,0.48,0,0.000546,0,0.0727,-10.517,1,50,0.0237,105.383,0.537,3
0.59,0.593,170267,0.232,0,0.0109,2,0.182,-15.032,1,30,0.0492,113.147,0.255,5
0.691,0.573,254240,0.479,0,0.0,6,0.126,-7.562,0,26,0.039,146.153,0.384,4
0.921,0.4,418480,0.14800000000000002,0,0.000147,9,0.173,-20.166,0,6,0.183,175.15,0.135,7
0.0179,0.916,128496,0.445,1,1.84e-06,7,0.381,-7.143,1,73,0.5710000000000001,140.124,0.0519,1
0.00358,0.583,182507,0.7909999999999999,0,0.0176,6,0.201,-7.346,1,25,0.0278,97.344,0.7959999999999999,3
0.00234,0.455,224227,0.908,0,0.0,5,0.0772,-4.414,0,53,0.101,154.113,0.6970000000000001,1
0.156,0.937,214988,0.8959999999999999,0,0.000403,0,0.0303,-6.044,1,58,0.04,135.085,0.965,3
0.373,0.499,196467,0.633,0,0.716,6,0.0876,-12.145,0,61,0.0445,93.238,0.474,5
0.0887,0.835,255947,0.799,0,1.06e-06,1,0.1,-4.649,1,33,0.123,95.502,0.736,4
0.936,0.261,209630,0.34600000000000003,0,0.0,4,0.856,-16.504,1,0,0.386,85.37100000000002,0.17800000000000002,9
0.0608,0.5710000000000001,211460,0.815,0,0.0,6,0.163,-3.267,1,53,0.0321,120.008,0.664,1
0.968,0.754,168693,0.578,0,0.939,7,0.207,-8.171,1,0,0.0487,104.543,0.967,9
0.239,0.853,206333,0.674,1,0.0,10,0.104,-6.125,0,59,0.257,89.493,0.7120000000000001,1
0.583,0.7440000000000001,144360,0.434,0,0.0151,5,0.0715,-10.807,0,42,0.0845,173.87099999999995,0.939,3
0.273,0.388,500453,0.478,0,0.0,10,0.121,-10.093,1,33,0.0404,188.573,0.622,5
0.00577,0.318,323027,0.525,0,1.54e-06,1,0.053,-13.083,0,33,0.0298,142.22899999999996,0.349,4
0.99,0.434,188587,0.32299999999999995,0,0.312,7,0.108,-13.597,0,1,0.0295,99.275,0.54,8
0.991,0.597,186926,0.162,0,0.0,5,0.341,-8.285,1,0,0.125,65.035,0.591,9
0.951,0.784,172803,0.57,0,0.8740000000000001,0,0.069,-7.0360000000000005,1,2,0.0513,105.028,0.899,10
0.908,0.318,226280,0.271,0,7.49e-05,4,0.102,-10.274,0,19,0.0316,132.168,0.204,5
0.526,0.674,149851,0.731,0,0.0,0,0.272,-8.116,1,45,0.0332,122.097,0.8340000000000001,6
0.664,0.512,92453,0.364,0,0.0,6,0.672,-8.31,0,38,0.0935,132.42600000000002,0.11,3
0.297,0.311,307907,0.525,0,4.69e-05,9,0.0912,-12.158,1,24,0.0505,169.373,0.623,5
0.995,0.542,179333,0.121,0,0.773,4,0.0961,-16.994,1,0,0.0884,66.527,0.682,8
0.996,0.5710000000000001,115193,0.0322,0,0.973,11,0.107,-27.475,1,63,0.0656,95.346,0.579,1
0.00904,0.69,170333,0.7929999999999999,0,0.000219,9,0.0968,-5.439,1,42,0.0284,143.68,0.825,2
0.0856,0.403,258000,0.6809999999999999,0,3.98e-06,6,0.117,-10.069,0,29,0.0525,175.679,0.27,4
0.27,0.568,240293,0.329,0,0.00644,9,0.718,-10.638,0,57,0.0297,89.682,0.412,1
0.949,0.112,354120,0.208,0,0.935,9,0.101,-22.618,1,49,0.0552,74.31,0.0285,2
0.206,0.797,244240,0.654,0,0.00214,9,0.0641,-12.652,1,33,0.0389,134.055,0.963,4
0.0228,0.6920000000000001,207400,0.7070000000000001,0,0.915,8,0.67,-8.894,0,30,0.0302,107.387,0.514,4
0.708,0.511,195147,0.475,0,0.0,10,0.105,-14.667,1,67,0.161,98.957,0.8190000000000001,2
0.986,0.706,170031,0.107,0,0.8690000000000001,4,0.109,-18.853,1,0,0.0623,110.359,0.358,8
0.961,0.5710000000000001,235387,0.203,0,0.0,1,0.105,-9.78,1,18,0.0338,110.669,0.636,6
0.987,0.294,261467,0.128,0,0.231,10,0.0648,-17.984,1,0,0.047,129.037,0.084,8
0.0434,0.7659999999999999,215827,0.931,0,0.00058,2,0.0882,-4.63,1,29,0.034,111.923,0.828,4
0.637,0.6,175733,0.386,0,1.1e-05,5,0.132,-11.88,1,28,0.0486,92.561,0.579,7
0.115,0.705,307453,0.643,0,0.000763,7,0.111,-6.556,1,56,0.0276,99.198,0.384,2
0.634,0.575,132160,0.332,0,0.0,7,0.215,-10.89,0,28,0.136,112.198,0.823,7
0.993,0.7170000000000001,186173,0.412,0,0.0195,4,0.189,-10.932,0,8,0.341,118.559,0.7290000000000001,9
0.0101,0.502,273467,0.948,0,4.49e-06,6,0.0809,-3.717,1,58,0.12,139.97899999999998,0.102,2
0.0519,0.581,345160,0.642,1,0.0,1,0.183,-5.318,1,63,0.407,80.142,0.536,1
0.831,0.524,196493,0.5529999999999999,0,0.0,0,0.174,-10.767,1,64,0.0292,104.578,0.517,6
0.28,0.81,171908,0.305,1,0.000116,8,0.203,-6.165,0,70,0.0902,120.013,0.732,1
0.175,0.657,186347,0.415,0,5.65e-06,5,0.132,-9.915,1,57,0.025,96.03,0.34700000000000003,4
0.79,0.682,156160,0.17800000000000002,0,0.0,8,0.238,-9.895,1,2,0.0351,120.244,0.7070000000000001,8
0.0438,0.679,282800,0.755,1,0.0,1,0.445,-4.062,0,41,0.33,183.973,0.627,3
0.0142,0.795,193687,0.597,1,0.0,0,0.3,-6.5920000000000005,0,56,0.263,128.907,0.457,1
0.926,0.69,168093,0.433,0,0.00458,8,0.0882,-10.722,1,0,0.191,144.297,0.939,8
0.378,0.5529999999999999,194147,0.7240000000000001,0,2.55e-05,0,0.115,-10.226,1,22,0.087,130.285,0.341,6
0.959,0.453,194160,0.172,0,0.0,3,0.238,-13.66,1,0,0.0395,114.82,0.6990000000000001,9
0.586,0.728,181067,0.442,0,0.0,1,0.04,-12.586,1,39,0.0556,131.819,0.475,3
0.00456,0.408,55307,0.941,0,0.0,6,0.315,-2.556,0,38,0.105,145.408,0.789,4
0.131,0.802,218067,0.789,0,3.12e-05,1,0.0906,-6.317,0,35,0.0573,107.098,0.821,4
0.0232,0.8290000000000001,194118,0.52,1,0.0,8,0.134,-10.34,1,81,0.294,136.10299999999998,0.248,0
0.99,0.484,78720,0.379,0,0.16899999999999998,3,0.101,-14.533,0,11,0.0485,97.748,0.24,8
0.613,0.455,163654,0.665,0,0.173,5,0.251,-10.681,0,39,0.04,98.142,0.7070000000000001,5
0.0231,0.7709999999999999,238960,0.861,0,0.856,7,0.0372,-4.362,1,13,0.0862,90.175,0.723,6
0.899,0.6629999999999999,185467,0.317,0,0.215,0,0.139,-15.101,1,17,0.0514,94.75,0.7020000000000001,6
0.972,0.463,181827,0.303,0,0.166,11,0.31,-13.367,1,0,0.0654,136.39600000000002,0.536,8
0.199,0.802,579827,0.597,0,0.000206,2,0.265,-13.54,0,51,0.0775,110.681,0.767,4
0.322,0.56,154000,0.7390000000000001,0,0.0,1,0.218,-5.365,1,20,0.0499,67.92399999999999,0.847,6
0.991,0.456,402440,0.0203,0,0.8340000000000001,4,0.0858,-24.1,1,22,0.0702,101.747,0.0987,7
0.00647,0.264,274520,0.922,0,0.0,6,0.0677,-5.029,1,33,0.0533,126.144,0.264,3
0.00204,0.515,266333,0.907,0,0.0,6,0.132,-6.9510000000000005,1,43,0.0627,190.605,0.7040000000000001,2
0.693,0.639,310627,0.931,0,0.7859999999999999,4,0.117,-10.992,0,45,0.0361,117.836,0.635,2
0.0591,0.627,135693,0.409,0,0.001,0,0.45,-13.407,1,29,0.0402,95.841,0.925,6
0.968,0.17600000000000002,266160,0.275,0,0.000177,10,0.106,-14.729,1,43,0.0371,103.964,0.087,3
0.989,0.7440000000000001,162200,0.474,0,0.0669,6,0.0767,-7.015,1,0,0.0422,122.378,0.927,9
0.0007019999999999999,0.47,192311,0.969,0,0.0,6,0.332,-4.739,1,53,0.0968,144.012,0.593,2
0.0167,0.339,256223,0.802,0,0.0,9,0.927,-4.998,1,49,0.049,129.945,0.329,2
0.154,0.6890000000000001,310133,0.6579999999999999,1,0.0,9,0.499,-7.532,0,46,0.0767,149.991,0.608,3
0.977,0.677,163547,0.397,0,0.8240000000000001,8,0.18600000000000005,-11.532,1,0,0.0318,101.571,0.6659999999999999,8
0.988,0.231,200293,0.391,0,0.126,2,0.165,-8.852,1,7,0.0413,72.214,0.222,8
0.172,0.6709999999999999,194493,0.69,0,0.00201,8,0.187,-9.089,0,49,0.0335,116.133,0.875,4
0.919,0.255,232667,0.11,0,0.0003,10,0.0983,-17.578,1,29,0.0333,82.561,0.076,6
0.911,0.374,76973,0.481,0,0.485,11,0.106,-8.287,1,8,0.124,87.861,0.35700000000000004,7
0.434,0.7090000000000001,216693,0.757,0,0.0,7,0.336,-7.006,1,61,0.0408,140.664,0.852,3
0.884,0.6509999999999999,104411,0.402,0,0.0,7,0.095,-11.307,1,10,0.105,82.92399999999998,0.8240000000000001,7
0.00206,0.515,135333,0.947,0,0.0,3,0.16699999999999998,-3.985,1,47,0.136,88.07600000000002,0.716,2
0.989,0.295,156133,0.0879,0,0.0114,0,0.375,-15.805,0,11,0.034,143.526,0.184,8
0.995,0.373,159533,0.227,0,0.885,0,0.124,-12.312,1,0,0.0432,136.053,0.754,7
0.982,0.457,222040,0.348,0,0.268,11,0.22,-13.425999999999998,0,0,0.0417,108.465,0.745,7
0.476,0.6679999999999999,256480,0.957,0,0.802,8,0.378,-7.034,1,24,0.0685,148.463,0.904,4
0.614,0.5920000000000001,153200,0.422,0,0.0015,9,0.158,-11.549,1,63,0.0332,94.597,0.536,2
0.000446,0.241,291132,0.923,1,0.0,8,0.22,-3.495,1,54,0.0529,172.046,0.451,1
0.0334,0.621,254853,0.8190000000000001,0,4.45e-05,5,0.106,-5.42,1,55,0.0436,96.055,0.599,1
0.993,0.419,156053,0.917,0,0.922,2,0.16899999999999998,-13.193,0,0,0.18,131.009,0.29600000000000004,7
0.156,0.611,260467,0.409,0,0.0,8,0.0496,-9.286,0,49,0.0318,97.944,0.394,2
0.8109999999999999,0.481,197907,0.247,0,0.00041900000000000016,1,0.127,-15.436,0,19,0.0862,173.423,0.752,6
0.954,0.512,166600,0.227,0,9.5e-06,10,0.172,-15.714,1,6,0.0327,79.303,0.395,7
0.918,0.527,170613,0.0579,0,0.0,10,0.257,-20.478,1,15,0.0343,111.6,0.536,6
9.6e-05,0.345,215280,0.8759999999999999,0,1.6800000000000002e-05,11,0.11,-6.8610000000000015,0,26,0.0408,131.358,0.605,4
0.906,0.16899999999999998,218093,0.147,0,1.19e-06,2,0.229,-16.491,1,34,0.0336,174.301,0.152,8
0.18600000000000005,0.853,225694,0.818,1,0.000255,11,0.18,-3.6,1,67,0.0922,149.839,0.546,1
0.49,0.417,173533,0.62,0,0.0,3,0.0779,-7.727,1,32,0.0403,185.655,0.845,6
0.221,0.632,274787,0.6859999999999999,0,0.000306,1,0.124,-6.932,1,29,0.0315,108.33,0.556,4
0.5489999999999999,0.39,436040,0.609,0,4.89e-05,0,0.469,-8.908999999999997,1,38,0.0445,149.454,0.537,2
0.956,0.4920000000000001,201304,0.439,0,3.91e-05,7,0.13699999999999998,-6.5,1,0,0.0528,106.015,0.743,8
0.659,0.605,225203,0.379,0,4.57e-06,6,0.106,-10.51,0,60,0.0289,147.851,0.29600000000000004,1
0.00109,0.7659999999999999,254307,0.92,0,0.000161,7,0.337,-6.699,1,49,0.0935,144.07299999999995,0.938,3
0.792,0.691,236400,0.407,0,0.642,0,0.7829999999999999,-9.053,1,51,0.0473,128.039,0.491,1
0.377,0.55,152227,0.512,0,0.00204,4,0.0841,-7.109,1,26,0.025,80.252,0.645,5
0.5479999999999999,0.618,372107,0.5710000000000001,0,0.0,5,0.508,-9.153,0,44,0.0712,124.131,0.441,2
0.823,0.444,163312,0.3670000000000001,0,0.0,10,0.111,-11.321,1,10,0.0659,138.08100000000002,0.597,6
0.906,0.6920000000000001,140573,0.236,0,0.00022,0,0.113,-13.623,1,2,0.0568,150.931,0.948,8
0.16899999999999998,0.679,157292,0.691,0,0.0,10,0.0887,-2.366,1,43,0.0348,114.011,0.965,2
0.637,0.326,261360,0.28600000000000003,0,4.6e-05,7,0.0923,-21.614,1,37,0.0531,131.075,0.446,4
0.0172,0.406,215573,0.967,0,0.0114,6,0.311,-5.0360000000000005,1,37,0.0597,102.221,0.552,4
0.239,0.604,235600,0.716,0,2.51e-05,9,0.0836,-7.853,0,32,0.0326,147.093,0.872,5
0.0163,0.7909999999999999,192573,0.713,1,0.0,5,0.189,-3.742,0,70,0.254,130.012,0.514,2
0.636,0.6940000000000001,270773,0.637,0,0.00413,2,0.129,-7.555,0,35,0.0321,136.007,0.397,3
0.731,0.622,202000,0.325,0,0.0,10,0.317,-8.816,1,64,0.0396,78.703,0.49,1
0.579,0.7170000000000001,36373,0.7190000000000001,0,1.31e-05,5,0.217,-11.371,1,45,0.226,81.305,0.975,2
0.706,0.544,149465,0.649,0,1.9e-06,1,0.272,-5.225,1,51,0.0548,137.746,0.845,2
0.038,0.28,293331,0.737,0,0.0,11,0.124,-3.938,1,61,0.0414,155.884,0.155,1
0.14400000000000002,0.8009999999999999,211893,0.8759999999999999,0,1.3800000000000007e-05,8,0.104,-3.94,0,64,0.0446,122.979,0.932,2
0.927,0.7070000000000001,124680,0.163,0,0.00747,8,0.114,-18.872,1,0,0.3670000000000001,131.936,0.782,9
0.253,0.5770000000000001,251333,0.649,0,5.03e-06,7,0.0798,-7.0310000000000015,1,58,0.027000000000000003,130.313,0.339,1
0.00788,0.428,258640,0.5820000000000001,0,3.2200000000000003e-05,7,0.362,-5.045,1,56,0.028,160.08100000000005,0.113,1
0.259,0.369,181140,0.609,1,4.1e-05,9,0.133,-4.477,0,65,0.184,80.362,0.381,1
0.67,0.426,197938,0.397,1,0.0,4,0.109,-9.089,0,56,0.0546,87.42399999999998,0.335,1
0.687,0.764,127693,0.51,0,0.0717,5,0.0991,-10.33,0,28,0.0681,94.639,0.8440000000000001,6
0.0451,0.755,310573,0.901,0,0.0373,9,0.363,-3.152,1,49,0.0893,145.042,0.959,2
0.993,0.713,207863,0.139,0,8.44e-05,0,0.112,-9.46,1,0,0.469,74.29899999999998,0.812,7
0.96,0.5720000000000001,350893,0.174,0,0.019,8,0.11,-18.941,1,12,0.0396,75.77199999999998,0.287,7
0.7829999999999999,0.7390000000000001,286187,0.612,0,0.0129,2,0.0706,-6.931,0,24,0.0848,108.682,0.919,5
0.934,0.385,281027,0.423,0,0.073,11,0.09,-11.592,0,34,0.069,97.914,0.846,5
0.6779999999999999,0.406,312293,0.626,0,0.0187,1,0.627,-12.001,1,13,0.0627,76.816,0.5720000000000001,7
0.0635,0.647,192402,0.795,0,0.0,1,0.188,-3.548,0,74,0.0372,127.992,0.409,1
0.7659999999999999,0.5710000000000001,182560,0.348,0,3.92e-05,10,0.249,-9.139,1,7,0.053,146.866,0.8140000000000001,7
0.0744,0.873,298067,0.506,0,0.163,0,0.0745,-13.739,1,33,0.0451,100.286,0.7909999999999999,5
0.201,0.621,229733,0.642,0,0.00218,0,0.767,-12.872,1,22,0.387,132.275,0.825,6
0.768,0.262,264240,0.34700000000000003,0,0.0,11,0.187,-10.054,0,52,0.0396,64.97800000000001,0.206,3
0.989,0.56,198386,0.251,0,0.00321,8,0.12,-7.218,1,0,0.092,93.996,0.73,8
0.988,0.6990000000000001,166000,0.221,0,0.0725,11,0.142,-12.228,1,0,0.115,117.899,0.782,10
0.4370000000000001,0.635,255933,0.514,0,6.61e-05,0,0.0821,-9.382,1,27,0.0344,118.865,0.5379999999999999,4
0.981,0.503,422760,0.381,0,0.0,2,0.319,-19.414,1,0,0.8290000000000001,81.008,0.453,7
0.0329,0.805,176267,0.8009999999999999,1,0.0,7,0.0603,-5.683,0,46,0.279,92.638,0.816,3
0.15,0.4970000000000001,208293,0.7440000000000001,0,2.59e-05,2,0.133,-6.847,1,47,0.0368,154.534,0.611,1
0.00102,0.648,251853,0.918,0,0.0605,0,0.173,-4.67,0,26,0.0447,119.165,0.654,4
0.0113,0.7659999999999999,243533,0.682,0,0.00016,1,0.104,-5.02,1,56,0.0419,127.966,0.833,1
0.139,0.638,227880,0.826,0,0.0,8,0.0803,-4.968,1,73,0.0479,124.072,0.649,1
0.981,0.339,1172480,0.448,0,0.901,7,0.13699999999999998,-8.856,1,0,0.0415,82.255,0.308,8
0.684,0.769,163756,0.3670000000000001,0,1.62e-05,2,0.081,-11.226,1,27,0.0312,103.621,0.535,6
0.139,0.67,94507,0.221,0,0.701,9,0.0628,-12.352,1,22,0.0432,110.833,0.89,6
0.00305,0.481,151960,0.88,0,0.642,4,0.13,-1.108,1,36,0.17600000000000002,156.859,0.961,5
0.0957,0.473,245533,0.99,0,0.00559,9,0.368,-3.556,1,24,0.187,142.20600000000005,0.177,4
0.7290000000000001,0.381,456760,0.7759999999999999,0,0.000251,5,0.231,-8.28,0,17,0.0466,128.192,0.8290000000000001,7
0.525,0.759,215295,0.7879999999999999,0,0.0,5,0.223,-5.11,1,56,0.0351,117.201,0.703,1
0.885,0.501,228443,0.16699999999999998,0,0.0,1,0.111,-14.061,1,79,0.0484,112.275,0.35600000000000004,1
0.0997,0.524,204591,0.885,0,0.0,5,0.0708,-3.079,1,61,0.037000000000000005,119.954,0.395,1
0.8909999999999999,0.4370000000000001,162000,0.0914,0,0.0,3,0.0708,-14.407,1,6,0.0286,106.958,0.326,7
0.992,0.5479999999999999,207047,0.151,0,0.893,7,0.07200000000000001,-12.335,1,0,0.0487,65.67399999999999,0.52,8
0.306,0.322,227067,0.863,0,5.73e-05,9,0.324,-2.863,1,33,0.0387,143.441,0.54,3
0.0308,0.376,229667,0.722,0,0.00176,1,0.0322,-5.617000000000001,1,45,0.0517,140.315,0.411,2
0.152,0.521,196534,0.662,0,0.0444,10,0.213,-6.18,0,40,0.0248,97.029,0.621,3
0.644,0.502,153739,0.638,0,3.7e-05,8,0.304,-9.673,1,16,0.0334,104.182,0.932,6
0.993,0.413,265973,0.166,0,0.884,2,0.129,-18.11,0,0,0.0444,109.48,0.0762,8
2.2e-06,0.378,214187,0.892,0,0.703,4,0.262,-6.369,0,28,0.0334,135.895,0.691,5
0.03,0.6829999999999999,267107,0.789,0,0.0105,2,0.0724,-9.034,1,46,0.0602,119.504,0.657,4
0.04,0.728,190821,0.8009999999999999,0,0.0,6,0.0415,-4.428,0,61,0.0439,123.953,0.6559999999999999,1
0.0912,0.639,290067,0.792,0,0.000194,2,0.303,-5.084,1,56,0.0301,110.016,0.748,3
0.962,0.5379999999999999,216133,0.217,0,4.4299999999999986e-05,5,0.096,-15.731,0,0,0.16899999999999998,91.165,0.416,8
0.877,0.5539999999999999,227773,0.107,0,1.29e-06,0,0.0666,-15.720999999999998,1,9,0.0567,105.998,0.21600000000000005,6
0.47,0.636,346067,0.93,0,0.00012,9,0.203,-5.6179999999999986,1,48,0.0449,106.212,0.795,3
0.493,0.747,164318,0.5539999999999999,0,0.000425,8,0.332,-6.154,0,71,0.289,96.988,0.585,0
0.742,0.48,221280,0.26,0,0.6859999999999999,0,0.104,-17.273,1,29,0.0394,101.864,0.0749,4
0.95,0.337,204147,0.208,0,0.0,1,0.108,-15.289,0,0,0.0373,147.525,0.192,8
0.244,0.8590000000000001,199307,0.79,0,7.020000000000001e-05,1,0.0627,-6.1389999999999985,1,46,0.187,92.053,0.949,2
0.004070000000000001,0.495,228293,0.96,0,2.13e-05,8,0.7979999999999999,-4.886,1,55,0.0986,179.567,0.905,3
0.14800000000000002,0.573,221293,0.581,0,0.0,7,0.128,-3.325,1,68,0.0276,103.82,0.188,1
0.443,0.662,341133,0.6709999999999999,0,0.0896,10,0.07,-8.644,1,24,0.048,144.84,0.931,5
0.0523,0.573,183107,0.5329999999999999,0,0.0,11,0.092,-15.646,1,39,0.0403,126.848,0.877,4
0.98,0.542,178233,0.0956,0,0.000596,2,0.0922,-15.994000000000002,1,14,0.0809,85.948,0.665,8
0.14300000000000002,0.6809999999999999,173960,0.459,0,2.85e-05,11,0.106,-11.157,1,20,0.156,109.123,0.255,5
0.344,0.657,350333,0.371,0,0.0034200000000000003,10,0.0631,-12.947,1,25,0.0565,60.99,0.499,4
0.264,0.428,196107,0.436,0,4.02e-05,4,0.11,-11.754,0,46,0.0313,117.649,0.159,3
0.857,0.4320000000000001,133400,0.29100000000000004,0,3.5e-05,9,0.14300000000000002,-13.941,1,21,0.0329,121.235,0.491,6
0.961,0.35,203493,0.231,0,0.0947,5,0.118,-13.319,1,57,0.031,107.763,0.0713,3
0.508,0.593,198200,0.698,0,2.23e-05,0,0.0796,-9.163,1,28,0.191,122.139,0.647,5
0.382,0.688,96800,0.135,1,0.0,11,0.217,-16.980999999999998,0,0,0.8859999999999999,98.804,0.7659999999999999,9
0.943,0.354,238907,0.161,0,0.778,5,0.128,-22.998,1,31,0.0439,83.48,0.599,5
0.0372,0.56,339853,0.925,0,0.0,0,0.104,-5.48,1,54,0.0362,135.009,0.17800000000000002,1
0.985,0.243,212987,0.304,0,0.851,4,0.114,-19.328,0,0,0.0685,175.00099999999995,0.585,8
0.152,0.445,283733,0.615,0,0.0182,2,0.135,-13.585,1,25,0.0395,136.57,0.321,5
0.992,0.28,203667,0.0058,0,0.795,11,0.0613,-36.734,1,40,0.0493,75.931,0.0395,3
0.00301,0.456,236067,0.95,0,4.92e-05,5,0.0767,-6.251,1,43,0.0835,91.081,0.395,3
0.229,0.763,194160,0.613,0,0.00117,10,0.114,-8.003,0,41,0.21600000000000005,87.037,0.713,2
0.006529999999999999,0.407,112773,0.948,0,0.00126,2,0.6609999999999999,-5.186,1,43,0.168,171.31900000000005,0.479,3
0.976,0.556,173584,0.8170000000000001,0,0.496,4,0.912,-8.366,1,0,0.0492,93.217,0.422,9
0.92,0.398,140267,0.414,0,0.0,10,0.116,-9.253,1,8,0.0296,145.898,0.5920000000000001,7
0.989,0.3670000000000001,220520,0.273,0,0.8370000000000001,5,0.252,-16.472,1,0,0.111,72.586,0.725,9
0.964,0.378,203773,0.122,0,0.000868,5,0.362,-18.586,1,0,0.0713,95.775,0.122,8
0.494,0.708,135400,0.503,0,0.0,0,0.107,-11.292,1,26,0.083,118.479,0.904,5
0.7440000000000001,0.465,247227,0.403,0,0.000667,11,0.0777,-8.895,0,68,0.0755,74.95,0.0687,1
0.0443,0.336,247267,0.8220000000000001,0,0.0,0,0.102,-4.29,1,45,0.0422,150.048,0.203,1
0.00264,0.575,191787,0.96,0,5.88e-06,8,0.198,-3.388,1,49,0.0389,96.016,0.7020000000000001,1
0.667,0.7440000000000001,199760,0.593,0,4.13e-06,7,0.28800000000000003,-3.051,1,48,0.0395,146.034,0.872,2
0.986,0.41,195133,0.0978,0,1.3800000000000007e-05,4,0.174,-14.359000000000002,0,24,0.0321,136.431,0.24,7
0.964,0.426,249133,0.113,0,0.0131,4,0.0988,-12.14,0,33,0.0386,110.488,0.155,6
0.982,0.685,201321,0.329,0,0.00283,10,0.125,-10.949000000000002,1,0,0.385,130.821,0.685,8
0.861,0.903,130800,0.393,0,0.0,10,0.165,-9.802,1,8,0.0681,121.288,0.8390000000000001,7
0.948,0.353,141240,0.133,0,3.06e-06,5,0.0908,-14.192,1,27,0.0298,100.046,0.11,4
0.215,0.5529999999999999,193533,0.72,0,0.0,7,0.14300000000000002,-8.277000000000001,1,17,0.0345,121.706,0.381,6
0.4920000000000001,0.6509999999999999,167400,0.488,0,0.0,4,0.106,-8.042,1,20,0.0309,118.828,0.857,5
0.37,0.7090000000000001,222627,0.505,0,4.33e-06,6,0.267,-6.71,0,22,0.199,98.091,0.949,5
0.0147,0.75,189307,0.888,0,1.11e-06,0,0.0759,-4.524,1,49,0.0426,115.973,0.935,2
0.253,0.7609999999999999,345960,0.738,0,0.166,7,0.0663,-9.222,1,38,0.111,89.15100000000002,0.799,2
0.962,0.298,174587,0.243,0,0.957,5,0.318,-10.564,0,7,0.0291,76.873,0.096,8
0.0558,0.5870000000000001,290067,0.321,0,0.0033200000000000005,8,0.107,-19.623,0,50,0.0274,92.69,0.716,3
0.654,0.484,216840,0.519,0,1.6800000000000002e-05,0,0.0989,-7.006,1,21,0.0341,116.99,0.505,4
