0.467,0.718,160533,0.602,0,0.00362,4,0.289,-9.044,0,12,0.38,123.25,0.7609999999999999,9
0.746,0.489,148608,0.6890000000000001,0,0.00338,8,0.586,-8.882,1,0,0.0954,100.221,0.625,8
0.648,0.703,166933,0.5660000000000001,0,0.0,3,0.248,-10.526,1,15,0.0869,132.256,0.938,6
0.344,0.431,276693,0.716,0,6.65e-06,11,0.237,-10.94,1,37,0.0371,120.622,0.802,6
0.944,0.643,138893,0.35200000000000004,0,2.69e-06,0,0.147,-14.018,1,15,0.0267,95.234,0.594,6
0.623,0.595,208640,0.269,0,1.62e-06,4,0.0871,-14.892,1,22,0.0295,80.839,0.506,5
0.927,0.504,187933,0.0274,0,1.25e-05,2,0.103,-21.455,1,43,0.0433,122.006,0.379,4
0.0719,0.6629999999999999,229227,0.91,1,0.0,1,0.244,-1.629,1,47,0.317,144.993,0.342,2
0.08199999999999999,0.248,608560,0.8640000000000001,0,1.3e-05,1,0.0894,-7.869,1,33,0.0895,133.437,0.247,5
0.272,0.536,292493,0.563,0,0.0,4,0.0857,-7.644,1,43,0.0285,140.004,0.207,2
0.0172,0.309,220893,0.748,0,0.0,7,0.596,-11.524,1,39,0.062,179.419,0.616,4
0.373,0.359,199467,0.449,0,0.8109999999999999,2,0.0672,-17.507,1,21,0.0372,185.171,0.8690000000000001,6
0.043,0.493,220293,0.746,0,0.0,2,0.381,-11.773,1,41,0.0367,93.96,0.775,4
0.7659999999999999,0.446,196429,0.302,0,0.000255,8,0.0838,-9.412,1,36,0.0547,170.99599999999995,0.964,3
0.00114,0.508,305720,0.863,0,0.0373,4,0.244,-8.095,0,34,0.0446,157.966,0.684,3
0.991,0.337,870080,0.0663,0,0.873,4,0.141,-22.351,1,0,0.0548,75.421,0.0398,8
0.507,0.601,262440,0.638,0,8.329999999999999e-05,7,0.252,-6.7170000000000005,0,42,0.0667,113.271,0.603,4
0.0416,0.441,220960,0.782,0,0.584,2,0.0784,-7.032,1,47,0.0288,105.946,0.5820000000000001,2
0.000154,0.298,463067,0.862,0,0.00101,11,0.114,-3.418,0,39,0.0447,80.10300000000002,0.228,3
0.5670000000000001,0.789,224293,0.862,0,0.0199,0,0.175,-5.7810000000000015,1,28,0.0332,127.261,0.924,5
0.53,0.561,256480,0.883,0,1.36e-06,3,0.0772,-7.278,0,44,0.0462,94.997,0.606,3
0.0451,0.589,382827,0.884,1,0.0,7,0.0904,-4.918,1,55,0.324,90.036,0.439,2
0.29,0.718,158406,0.159,1,0.0007059999999999999,1,0.124,-18.98,1,0,0.934,115.42,0.605,8
0.117,0.514,308307,0.603,0,0.0,1,0.117,-12.095999999999998,0,43,0.03,99.985,0.371,4
0.986,0.185,230933,0.27,0,0.268,5,0.163,-17.627,1,0,0.0384,82.20299999999997,0.171,8
0.0187,0.421,220333,0.82,0,1.18e-05,7,0.362,-8.055,1,39,0.0314,125.191,0.6609999999999999,5
0.677,0.33,251667,0.433,0,0.0,0,0.16399999999999998,-12.798,0,58,0.042,109.864,0.485,3
0.245,0.87,198440,0.6990000000000001,0,6.76e-06,5,0.0588,-5.541,0,64,0.0459,126.967,0.726,2
0.992,0.426,141640,0.457,0,0.8240000000000001,5,0.518,-13.623,0,0,0.067,205.569,0.962,8
0.417,0.507,219587,0.747,0,0.0,9,0.12,-6.28,1,50,0.0341,159.986,0.44,1
0.4270000000000001,0.411,195720,0.374,0,1.01e-05,0,0.154,-14.028,1,44,0.0282,105.265,0.5579999999999999,6
0.958,0.254,453880,0.106,0,0.439,4,0.103,-18.381,0,4,0.0391,77.143,0.221,7
0.000837,0.26,187293,0.946,0,0.0882,3,0.27,-5.3870000000000005,1,49,0.061,178.50799999999995,0.425,2
0.0263,0.706,214107,0.878,0,0.0016,10,0.303,-5.613,1,31,0.0663,122.59,0.831,5
0.966,0.578,170736,0.0464,0,0.7509999999999999,2,0.111,-24.821,0,0,0.0531,89.572,0.532,8
0.995,0.266,212040,0.0881,0,0.93,11,0.102,-18.643,1,0,0.0476,68.005,0.245,8
0.825,0.308,203333,0.17800000000000002,0,7.16e-06,9,0.0726,-16.022000000000002,0,22,0.0417,85.867,0.187,4
0.0186,0.5710000000000001,229960,0.622,0,3.53e-06,2,0.119,-4.447,1,59,0.0245,142.05,0.231,2
0.933,0.7090000000000001,135200,0.424,0,0.0,3,0.0979,-11.452,1,0,0.159,136.695,0.942,10
0.215,0.5660000000000001,211684,0.5589999999999999,0,0.00227,5,0.324,-8.165,1,41,0.0334,118.276,0.606,5
3.3600000000000004e-05,0.418,245413,0.988,0,0.0204,8,0.0823,-3.892,1,33,0.179,129.898,0.213,2
0.8390000000000001,0.406,132333,0.267,0,0.000169,1,0.159,-11.175999999999998,1,27,0.027000000000000003,94.015,0.254,6
0.174,0.467,135320,0.855,0,9.32e-06,4,0.11,-5.375,1,53,0.0515,135.813,0.565,2
0.981,0.335,586853,0.154,0,0.8959999999999999,1,0.0844,-18.541,1,4,0.0383,87.333,0.109,8
0.578,0.353,488573,0.368,0,1.4e-06,9,0.966,-11.704,1,27,0.0783,176.5,0.365,6
0.359,0.5820000000000001,164360,0.623,0,0.000194,7,0.272,-9.013,1,23,0.0414,137.563,0.802,6
0.993,0.6729999999999999,141430,0.51,0,0.0676,6,0.133,-8.845,0,3,0.155,132.31799999999998,0.579,9
0.528,0.6629999999999999,253800,0.898,0,0.000216,5,0.27,-4.828,1,45,0.0425,100.033,0.628,4
0.0106,0.34600000000000003,301867,0.8079999999999999,0,0.685,11,0.247,-5.791,0,53,0.0302,219.331,0.706,1
0.000742,0.515,283867,0.946,0,0.0424,6,0.34,-4.904,0,32,0.0527,86.95299999999996,0.716,3
0.114,0.711,252256,0.7390000000000001,1,0.0,7,0.226,-3.804,0,74,0.129,136.91899999999998,0.43,1
0.006,0.531,298093,0.948,0,0.0117,9,0.6940000000000001,-5.438,1,42,0.0568,136.891,0.498,2
0.113,0.436,351054,0.636,0,0.0,2,0.647,-7.338999999999999,1,49,0.0409,140.14,0.14,1
7.73e-06,0.424,248800,0.976,0,7.97e-06,0,0.56,-5.08,1,45,0.131,89.759,0.209,1
0.943,0.376,186280,0.129,0,0.784,10,0.109,-23.422,1,0,0.0734,68.797,0.5539999999999999,7
0.957,0.0912,200000,0.00742,0,0.387,0,0.157,-38.703,0,13,0.0333,86.863,0.0396,7
0.0151,0.606,177768,0.679,0,0.000433,2,0.0962,-7.445,1,65,0.0321,122.016,0.7070000000000001,1
0.019,0.65,198307,0.7859999999999999,0,0.0,9,0.32299999999999995,-5.488,1,65,0.0463,124.96,0.446,1
0.0737,0.708,263000,0.7809999999999999,1,0.0,7,0.0986,-8.131,1,38,0.0492,163.518,0.937,3
0.0711,0.785,179160,0.892,0,0.0005099999999999999,9,0.113,-4.71,1,58,0.0356,120.115,0.974,5
0.276,0.537,375433,0.596,0,0.77,5,0.358,-8.481,0,50,0.0343,140.026,0.109,1
0.000986,0.556,162813,0.8290000000000001,0,7.15e-06,9,0.355,-5.9,1,44,0.0394,143.96,0.578,2
0.0596,0.778,483439,0.462,0,0.00176,11,0.0413,-15.796,0,36,0.0735,127.616,0.6729999999999999,4
0.18600000000000005,0.696,232720,0.7759999999999999,0,0.0,2,0.25,-4.641,1,44,0.0409,127.07,0.701,1
0.969,0.463,191283,0.0894,0,0.928,10,0.11,-20.538,1,0,0.0752,121.181,0.453,8
0.0117,0.591,215107,0.861,0,0.344,10,0.153,-12.053,0,31,0.0435,123.207,0.7979999999999999,4
0.269,0.72,200013,0.861,1,5.11e-06,11,0.601,-4.339,1,72,0.209,126.991,0.669,1
0.8809999999999999,0.706,191400,0.266,0,0.0,1,0.227,-9.678,1,5,0.0401,133.179,0.669,7
0.591,0.518,265480,0.508,0,0.000629,9,0.12,-8.514,1,43,0.133,169.697,0.7170000000000001,5
0.28800000000000003,0.514,288373,0.852,0,3.2500000000000004e-05,8,0.125,-5.471,1,41,0.0639,91.789,0.746,3
0.0217,0.54,204991,0.381,0,0.000687,7,0.305,-14.323,1,77,0.0347,155.882,0.343,1
0.428,0.542,322000,0.45,0,0.0394,2,0.274,-12.752,0,31,0.05,148.781,0.6409999999999999,3
0.00329,0.446,43240,0.847,0,0.0,4,0.101,-10.206,0,36,0.106,104.07,0.696,4
0.745,0.61,278560,0.53,0,2.42e-06,2,0.213,-9.905,1,23,0.0282,105.706,0.782,5
0.37,0.547,179067,0.53,0,0.0,0,0.0578,-8.045,1,19,0.332,137.484,0.715,6
0.989,0.499,230640,0.275,0,1.99e-06,5,0.7240000000000001,-13.55,1,0,0.103,123.063,0.408,7
0.008,0.463,229760,0.6779999999999999,0,0.0005,7,0.0628,-13.648,1,37,0.0455,177.44400000000005,0.722,3
0.0019,0.493,218800,0.843,0,0.0086,5,0.0835,-4.893,0,52,0.0482,92.827,0.416,2
0.000245,0.502,295080,0.892,0,0.000666,1,0.0692,-9.415,1,36,0.0477,123.706,0.53,4
0.8059999999999999,0.5329999999999999,163053,0.293,0,0.0,0,0.5920000000000001,-13.903,0,0,0.103,115.105,0.679,8
0.185,0.499,113600,0.568,0,0.0007,7,0.157,-10.942,1,33,0.0514,137.861,0.4370000000000001,5
0.924,0.512,180787,0.451,0,0.0,1,0.203,-4.923,1,2,0.0291,176.18900000000005,0.612,10
0.00289,0.6829999999999999,237107,0.804,0,0.0,9,0.0949,-6.5920000000000005,0,50,0.0849,128.007,0.522,1
0.81,0.805,44040,0.4,1,0.0,10,0.135,-9.502,0,45,0.882,61.65,0.8590000000000001,3
0.974,0.345,104640,0.304,0,0.0758,7,0.392,-17.982,1,0,0.0608,84.956,0.338,7
0.0988,0.815,276240,0.718,0,8.65e-05,9,0.031,-11.287,0,37,0.0482,108.719,0.883,4
0.812,0.55,184920,0.442,0,0.000143,11,0.321,-6.622000000000001,0,33,0.0267,92.555,0.608,6
0.0519,0.628,188467,0.941,0,0.0,0,0.519,-3.305,1,48,0.0508,143.999,0.85,2
0.0843,0.907,161160,0.557,1,0.0,1,0.0934,-6.8820000000000014,0,66,0.255,139.922,0.425,1
0.261,0.723,233160,0.484,0,0.00692,2,0.0492,-14.456,1,34,0.026,108.991,0.962,4
0.6809999999999999,0.168,123507,0.235,0,0.852,5,0.08900000000000001,-17.462,1,57,0.0389,109.098,0.0791,2
0.00586,0.505,203107,0.596,0,0.0008759999999999999,7,0.0415,-7.461,1,24,0.0346,116.125,0.7979999999999999,5
0.0783,0.725,172933,0.523,0,0.0,10,0.0665,-9.593,1,75,0.324,76.292,0.95,5
0.307,0.63,260253,0.5589999999999999,0,2.95e-06,6,0.116,-5.8260000000000005,1,54,0.0253,131.851,0.293,2
0.992,0.4,36600,0.289,0,0.899,0,0.145,-19.247,1,0,0.0403,103.874,0.498,8
0.857,0.644,255613,0.464,0,0.0342,11,0.27,-12.747,1,1,0.0557,106.546,0.962,8
0.00511,0.659,229093,0.912,0,0.0,11,0.362,-9.518,0,39,0.154,107.625,0.513,3
0.256,0.513,290400,0.544,0,0.0,0,0.0862,-7.3,0,46,0.033,115.856,0.475,5
0.265,0.401,168733,0.446,0,0.0,4,0.298,-9.646,1,43,0.0416,103.906,0.425,4
0.229,0.33,238061,0.51,0,0.000907,4,0.0826,-7.564,1,25,0.0296,114.612,0.13,5
0.0775,0.5920000000000001,228533,0.926,0,0.0,7,0.187,-3.469,1,60,0.126,99.018,0.4320000000000001,1
0.816,0.602,198440,0.156,0,0.0008619999999999999,10,0.297,-17.646,1,0,0.0384,112.803,0.512,9
0.5770000000000001,0.354,271960,0.318,0,0.116,5,0.0928,-15.995,1,27,0.0288,95.677,0.546,5
0.0114,0.8059999999999999,172048,0.76,1,3.11e-05,1,0.126,-4.69,1,66,0.0465,101.965,0.5539999999999999,1
0.989,0.57,300080,0.0246,0,0.0186,8,0.15,-18.064,0,3,0.0863,122.002,0.336,7
0.994,0.462,118813,0.181,0,0.901,0,0.1,-21.521,1,19,0.0605,102.899,0.126,8
0.9,0.447,172093,0.269,0,0.00549,6,0.117,-12.853,0,0,0.0748,118.095,0.479,8
0.0016600000000000002,0.655,236453,0.693,0,0.0,5,0.0398,-5.148,0,59,0.0372,102.028,0.868,1
0.71,0.34600000000000003,398173,0.415,0,0.316,9,0.0749,-22.068,1,26,0.0433,137.47799999999998,0.446,5
0.674,0.448,340280,0.504,0,0.0,5,0.943,-7.29,1,45,0.0593,109.679,0.382,1
0.264,0.74,209122,0.453,1,7.13e-05,5,0.129,-7.58,0,60,0.151,98.057,0.514,1
0.391,0.31,255720,0.379,0,0.934,5,0.067,-14.322,1,40,0.0391,84.09,0.155,4
0.33,0.826,276653,0.447,0,3.2e-06,5,0.126,-11.535,1,44,0.0442,111.806,0.434,3
0.7909999999999999,0.5870000000000001,211933,0.475,0,0.0,5,0.28800000000000003,-4.222,1,52,0.0306,144.071,0.4320000000000001,2
0.992,0.5489999999999999,191040,0.258,0,0.198,2,0.145,-10.858,1,0,0.0567,135.222,0.638,10
0.8240000000000001,0.343,100373,0.171,0,0.0158,9,0.105,-18.236,1,11,0.0449,68.145,0.127,6
0.8320000000000001,0.316,139040,0.358,0,0.0,10,0.234,-11.406,1,15,0.0478,209.482,0.59,6
0.00283,0.442,221053,0.775,0,0.7859999999999999,9,0.0711,-7.055,0,40,0.0437,136.745,0.629,4
0.233,0.489,383560,0.444,0,0.00126,5,0.123,-13.903,0,37,0.0498,142.752,0.6579999999999999,6
0.0555,0.561,190311,0.6779999999999999,0,0.0005740000000000001,1,0.0523,-7.213999999999999,1,23,0.0269,136.39600000000002,0.8390000000000001,6
0.215,0.588,268320,0.763,0,1.7800000000000002e-05,8,0.0786,-6.731,1,36,0.184,74.45,0.961,4
0.733,0.634,177120,0.397,0,0.0,5,0.124,-10.115,1,50,0.025,80.935,0.471,5
0.119,0.633,206507,0.479,0,0.0,2,0.233,-10.148,1,43,0.0428,78.96300000000002,0.197,2
0.0528,0.584,258120,0.433,1,0.0,6,0.0545,-7.126,0,62,0.191,79.3,0.452,1
0.00507,0.612,189453,0.603,0,0.134,1,0.18,-12.08,0,37,0.0438,133.03799999999998,0.606,6
0.203,0.574,295467,0.7959999999999999,0,1.9e-06,5,0.133,-8.913,0,32,0.0806,129.22899999999998,0.266,5
0.58,0.8109999999999999,270840,0.456,0,1.75e-06,7,0.111,-8.288,0,41,0.0353,123.984,0.627,2
0.816,0.629,161600,0.254,0,0.0982,5,0.2,-14.02,1,45,0.0391,158.563,0.627,6
0.0788,0.596,213573,0.8270000000000001,0,0.0069900000000000006,7,0.122,-6.037000000000001,1,42,0.0736,151.588,0.508,3
0.0065,0.308,236960,0.752,1,0.0,7,0.298,-5.476,1,41,0.054000000000000006,142.409,0.465,2
0.0035,0.745,275293,0.754,0,5.14e-05,7,0.0547,-9.52,1,45,0.0423,105.569,0.7140000000000001,3
0.000807,0.43,267360,0.955,0,0.0,9,0.044,-4.767,1,56,0.0424,172.975,0.366,2
0.212,0.789,147600,0.524,1,0.0,1,0.221,-7.942,0,64,0.273,138.064,0.343,1
0.928,0.336,182760,0.13699999999999998,0,0.0205,3,0.124,-19.953,1,23,0.0284,87.41799999999998,0.297,7
0.00398,0.6809999999999999,181120,0.7979999999999999,0,5.11e-06,2,0.0542,-4.367,1,71,0.0375,105.99,0.516,1
0.972,0.325,167733,0.0837,0,0.0179,2,0.12,-17.922,0,0,0.0436,102.045,0.133,7
0.995,0.687,186747,0.156,0,0.0322,7,0.126,-14.123,0,0,0.0783,67.741,0.821,8
0.92,0.5720000000000001,74880,0.196,0,0.0,0,0.7390000000000001,-24.146,1,0,0.8690000000000001,76.059,0.515,7
0.247,0.784,158200,0.366,0,0.5870000000000001,6,0.0691,-17.396,1,37,0.04,134.44,0.66,3
0.32,0.723,210880,0.848,1,0.0,5,0.14400000000000002,-7.11,1,50,0.0833,116.021,0.27,1
0.0317,0.8029999999999999,288306,0.5489999999999999,0,0.0207,1,0.328,-7.612999999999999,0,48,0.0476,129.392,0.5660000000000001,4
0.688,0.448,173093,0.336,0,0.934,10,0.0921,-18.728,0,21,0.0262,77.12100000000002,0.85,6
0.993,0.638,223453,0.0166,0,0.926,3,0.107,-19.477,0,0,0.324,137.494,0.0696,7
0.022,0.58,182413,0.753,0,0.00153,1,0.0934,-11.223,1,35,0.0479,105.22,0.573,4
0.0303,0.6609999999999999,157080,0.75,0,0.000132,7,0.0849,-5.497000000000001,1,70,0.0314,130.077,0.828,1
0.6809999999999999,0.552,154707,0.696,0,0.0074,4,0.263,-8.399,1,19,0.0339,134.57399999999998,0.858,5
0.0844,0.6,299827,0.91,0,0.0,8,0.116,-7.8210000000000015,1,43,0.338,84.883,0.557,2
0.175,0.885,142582,0.6409999999999999,1,0.0,1,0.234,-4.455,1,70,0.35100000000000003,91.167,0.201,1
0.962,0.17600000000000002,133960,0.203,0,1.02e-05,0,0.354,-19.283,0,0,0.0517,63.083,0.254,9
0.008140000000000001,0.514,324213,0.5479999999999999,0,0.00336,9,0.29600000000000004,-9.765,1,39,0.0246,144.014,0.383,2
0.000225,0.632,274613,0.7,0,1.87e-05,7,0.395,-5.732,1,48,0.0349,172.02,0.6859999999999999,2
0.8340000000000001,0.509,243133,0.391,0,0.637,10,0.0757,-19.117,0,7,0.101,104.387,0.767,7
0.00718,0.65,204107,0.755,0,4.49e-06,8,0.311,-4.6560000000000015,1,49,0.0259,108.006,0.287,1
0.98,0.393,154533,0.155,0,2.5e-05,3,0.177,-17.473,1,0,0.062,98.414,0.0734,7
0.6920000000000001,0.648,329893,0.35200000000000004,0,0.266,4,0.106,-10.11,1,61,0.0278,121.459,0.173,1
0.000432,0.8,279320,0.75,1,0.000378,11,0.0672,-5.834,0,51,0.197,97.222,0.375,3
0.0435,0.588,222707,0.929,0,0.00157,0,0.0816,-4.931,1,27,0.0393,101.537,0.6990000000000001,4
0.000715,0.475,116413,0.7759999999999999,1,0.0,0,0.597,-4.745,1,63,0.039,165.088,0.561,1
0.0481,0.595,148600,0.498,0,0.173,2,0.0722,-15.833,0,11,0.07200000000000001,113.927,0.601,6
0.00236,0.268,149533,0.979,0,0.0553,10,0.184,-6.791,0,35,0.0744,115.767,0.197,3
0.983,0.602,195893,0.264,0,0.0482,8,0.104,-17.51,1,0,0.0699,119.766,0.295,8
0.0901,0.653,274600,0.433,0,0.00394,11,0.0765,-10.487,1,63,0.0295,146.097,0.5820000000000001,2
0.0471,0.535,235400,0.669,0,0.0,7,0.195,-8.711,1,47,0.0276,138.264,0.397,2
0.994,0.563,194280,0.389,0,0.8320000000000001,7,0.134,-9.586,0,0,0.0701,148.388,0.96,8
0.206,0.556,266867,0.546,0,0.000151,5,0.0913,-8.796,1,29,0.0307,136.457,0.444,5
0.00103,0.32,227867,0.8240000000000001,0,0.289,11,0.08199999999999999,-6.371,0,24,0.0386,117.889,0.58,4
0.154,0.648,167307,0.5379999999999999,0,0.000125,5,0.165,-12.537,0,28,0.0283,104.408,0.763,6
0.877,0.612,320933,0.263,0,0.0,2,0.108,-7.438,1,52,0.0298,119.848,0.21600000000000005,1
0.957,0.624,189675,0.3,0,0.0,9,0.249,-12.061,0,0,0.113,108.899,0.644,9
0.0378,0.594,156027,0.5670000000000001,0,0.000354,9,0.0894,-9.363,1,40,0.0374,132.368,0.574,2
0.862,0.541,206838,0.365,0,9.85e-05,2,0.142,-9.343,1,0,0.0414,133.49,0.794,7
0.0823,0.589,370493,0.61,0,3.61e-06,0,0.6579999999999999,-10.187,1,40,0.0817,153.137,0.632,3
0.967,0.36,58813,0.818,0,0.736,1,0.88,-9.78,0,0,0.0736,95.069,0.8059999999999999,8
0.972,0.321,115000,0.208,0,0.00197,7,0.174,-19.121,1,0,0.0541,105.093,0.324,8
0.954,0.584,415813,0.0576,0,0.0,0,0.112,-19.613,1,8,0.0485,106.162,0.402,7
0.978,0.392,61267,0.34,0,0.935,9,0.233,-23.658,1,0,0.0646,107.368,0.0765,8
0.0162,0.812,113000,0.17800000000000002,0,0.0824,7,0.122,-27.658,1,0,0.14800000000000002,132.012,0.52,7
0.992,0.201,175240,0.223,0,0.274,10,0.0811,-11.591,1,0,0.0354,91.311,0.184,8
0.308,0.918,650800,0.6629999999999999,0,0.000256,2,0.219,-4.857,1,30,0.0848,118.472,0.833,4
0.404,0.688,248427,0.7120000000000001,0,0.000139,11,0.787,-6.681,0,33,0.0315,117.181,0.624,3
0.112,0.7659999999999999,174440,0.552,0,0.000192,5,0.126,-6.489,1,53,0.0343,107.916,0.809,2
0.879,0.7509999999999999,145240,0.397,0,0.00526,2,0.234,-10.773,1,25,0.0344,114.297,0.96,6
0.101,0.58,311733,0.836,0,5.05e-05,1,0.114,-6.211,1,32,0.0303,130.99200000000002,0.484,5
0.978,0.7020000000000001,157800,0.18600000000000005,0,0.000683,4,0.0895,-16.121,1,46,0.0604,106.793,0.5760000000000001,9
0.187,0.5720000000000001,267000,0.721,0,7.41e-06,5,0.21600000000000005,-8.959,1,71,0.0402,164.252,0.8440000000000001,3
0.637,0.612,203227,0.394,0,0.0,7,0.147,-5.723,1,46,0.0243,96.001,0.233,2
0.0559,0.847,432893,0.599,0,0.00483,5,0.192,-11.607,0,46,0.0422,119.997,0.873,2
0.595,0.615,197400,0.219,0,8.88e-06,4,0.275,-14.791,1,50,0.0265,98.424,0.5,3
0.988,0.48,187173,0.278,0,0.894,1,0.14400000000000002,-15.517,1,0,0.0336,111.333,0.246,8
0.959,0.366,317760,0.151,0,0.00114,11,0.542,-18.619,1,0,0.058,86.538,0.2,7
0.00059,0.594,218720,0.858,0,3.11e-06,9,0.0642,-4.339,1,54,0.0387,138.02100000000002,0.6629999999999999,1
0.000534,0.429,306000,0.532,0,0.029,7,0.103,-12.308,1,31,0.0325,123.543,0.8490000000000001,3
0.00762,0.645,178800,0.5670000000000001,0,0.00109,2,0.326,-9.002,1,15,0.0281,124.054,0.727,6
0.6709999999999999,0.606,176453,0.402,0,0.0,10,0.102,-9.107,1,57,0.0313,134.045,0.964,3
0.902,0.605,198467,0.264,0,5.24e-06,2,0.239,-10.062,1,19,0.028,107.172,0.5539999999999999,6
0.504,0.635,206920,0.595,0,1.18e-05,5,0.099,-6.7929999999999975,1,55,0.0261,133.993,0.866,1
0.954,0.486,187107,0.0529,0,0.00307,0,0.0943,-18.868,1,1,0.0432,107.628,0.302,9
0.529,0.7390000000000001,195507,0.588,0,0.0,8,0.0779,-6.768,1,47,0.0623,97.549,0.838,2
0.28,0.4970000000000001,155973,0.494,0,0.0,5,0.149,-8.963,1,20,0.0422,63.755,0.531,6
0.000591,0.779,136800,0.121,0,0.805,1,0.105,-23.027,1,2,0.0547,100.003,0.335,10
0.993,0.366,333107,0.0331,0,0.941,4,0.114,-23.497,0,0,0.0439,69.55199999999999,0.0853,8
0.944,0.7609999999999999,160133,0.103,0,0.0,10,0.127,-16.964000000000002,1,61,0.0416,114.044,0.53,3
0.34600000000000003,0.458,214427,0.7340000000000001,0,0.0048200000000000005,7,0.325,-11.921,1,28,0.0352,164.96599999999995,0.967,5
0.18600000000000005,0.456,274010,0.5489999999999999,0,0.00227,4,0.0877,-13.111,1,43,0.0343,98.583,0.8340000000000001,6
0.448,0.4970000000000001,199360,0.359,0,0.0,1,0.117,-11.035,1,28,0.0298,125.003,0.391,6
0.0927,0.509,297493,0.897,0,0.00164,2,0.0854,-4.683,1,47,0.0769,161.916,0.608,2
0.985,0.371,301400,0.0208,0,0.0,2,0.7040000000000001,-24.715,1,31,0.059,110.921,0.118,4
0.15,0.705,217200,0.522,0,0.0,9,0.107,-8.021,1,36,0.0296,106.311,0.411,3
0.00111,0.568,233373,0.949,0,5.15e-05,1,0.868,-3.719,0,48,0.0865,131.99200000000002,0.63,1
0.0279,0.557,279733,0.977,0,0.000126,6,0.297,-5.15,0,23,0.134,110.172,0.159,4
0.0391,0.5820000000000001,252048,0.8140000000000001,1,0.000322,9,0.202,-8.717,0,62,0.0377,111.045,0.508,1
0.00216,0.496,196040,0.5579999999999999,0,0.006520000000000001,2,0.165,-15.961,0,34,0.0292,146.08100000000005,0.8029999999999999,4
0.0339,0.376,148667,0.904,0,0.794,4,0.337,-8.502,1,27,0.0479,189.074,0.609,4
0.0756,0.557,281080,0.777,1,4.29e-05,9,0.1,-6.2860000000000005,1,56,0.0635,144.968,0.449,1
0.8859999999999999,0.28800000000000003,146800,0.265,0,0.932,7,0.373,-12.492,1,4,0.0344,112.579,0.0505,7
0.0193,0.846,284040,0.5770000000000001,0,3.08e-05,1,0.215,-16.938,1,33,0.155,104.961,0.4320000000000001,4
0.601,0.496,240067,0.8140000000000001,0,0.846,9,0.315,-6.291,1,37,0.0497,98.083,0.254,3
0.989,0.387,366360,0.0809,0,0.915,2,0.141,-19.371,0,28,0.0401,126.731,0.0356,5
0.526,0.371,776240,0.263,0,0.358,4,0.0625,-16.329,1,34,0.0373,142.19,0.279,5
0.8809999999999999,0.488,80253,0.0986,0,0.00178,4,0.118,-27.122,1,36,0.0414,144.064,0.5529999999999999,5
0.471,0.366,231067,0.248,0,9.81e-05,11,0.122,-17.548,1,29,0.0283,82.402,0.247,3
0.449,0.643,130360,0.423,0,0.0,0,0.241,-13.319,1,7,0.124,122.476,0.8079999999999999,6
0.65,0.6970000000000001,127173,0.158,0,7.36e-05,0,0.191,-20.262,1,25,0.0301,102.62,0.823,6
0.987,0.328,297493,0.253,0,0.000454,4,0.369,-11.752,0,1,0.0387,166.46099999999996,0.6,9
0.448,0.797,268053,0.542,0,7.99e-06,8,0.122,-8.411,0,55,0.035,125.091,0.913,2
0.504,0.733,215733,0.773,0,2.53e-05,1,0.264,-12.191,0,0,0.0869,125.039,0.6459999999999999,9
0.181,0.335,238520,0.546,0,1.98e-06,9,0.0928,-8.33,1,53,0.0272,163.511,0.266,3
0.96,0.27,145000,0.0314,0,0.0645,10,0.113,-23.411,1,27,0.035,135.47299999999998,0.17600000000000002,7
0.0002,0.34600000000000003,174760,0.884,0,0.0,0,0.104,-6.855,1,38,0.0451,132.394,0.7559999999999999,3
0.159,0.375,322533,0.799,0,0.000156,9,0.35700000000000004,-11.234000000000002,0,24,0.0519,120.46,0.612,4
0.977,0.7859999999999999,190547,0.434,0,0.00169,0,0.0876,-8.45,1,0,0.0919,87.478,0.924,9
0.991,0.396,411360,0.0384,0,0.924,3,0.107,-24.363000000000003,0,0,0.0351,73.002,0.11,10
0.00461,0.378,267467,0.665,0,0.000118,7,0.0575,-7.386,1,53,0.0428,169.981,0.431,2
0.643,0.621,147547,0.499,0,0.00926,5,0.0927,-12.819,1,36,0.0562,103.146,0.614,6
0.6409999999999999,0.44,151093,0.0981,0,0.00032900000000000003,0,0.0982,-14.994000000000002,1,19,0.0296,87.85799999999998,0.359,4
0.011,0.7440000000000001,241867,0.735,0,0.0,1,0.0564,-10.765999999999998,1,55,0.0587,115.062,0.8909999999999999,3
0.966,0.125,232853,0.0837,0,0.0605,8,0.14,-19.789,1,8,0.0445,80.064,0.0384,7
0.265,0.11,149667,0.319,0,0.93,8,0.121,-20.953000000000007,1,32,0.0393,83.743,0.131,3
0.35100000000000003,0.438,162733,0.5,0,0.0,1,0.127,-11.555,1,15,0.0395,207.33,0.889,6
0.0659,0.7559999999999999,218400,0.612,0,0.0,5,0.274,-4.371,1,64,0.0317,111.572,0.452,2
0.957,0.6990000000000001,351533,0.281,0,0.809,0,0.219,-15.037,1,30,0.0632,107.971,0.7809999999999999,7
0.321,0.515,140133,0.957,0,0.5489999999999999,11,0.163,-9.993,0,36,0.0452,159.836,0.684,3
0.0373,0.621,218760,0.899,0,0.0033,7,0.162,-6.379,1,52,0.0533,104.995,0.482,2
0.5429999999999999,0.5920000000000001,72317,0.147,0,0.0,2,0.65,-30.375,1,0,0.946,80.99,0.195,7
0.653,0.552,556960,0.7170000000000001,0,0.000404,11,0.6759999999999999,-11.265999999999998,0,1,0.369,126.846,0.7020000000000001,8
0.995,0.39,175253,0.161,0,0.0847,7,0.108,-16.066,0,0,0.0404,75.683,0.424,8
0.229,0.494,147893,0.6659999999999999,0,5.69e-05,9,0.0469,-9.743,0,62,0.0351,140.832,0.6990000000000001,2
0.194,0.8440000000000001,204693,0.7829999999999999,0,0.0199,4,0.079,-5.662000000000001,1,33,0.0319,138.856,0.971,5
0.262,0.713,132667,0.57,0,2.78e-06,7,0.0583,-10.654000000000002,1,16,0.161,97.914,0.7559999999999999,7
0.619,0.6659999999999999,229067,0.483,0,5.28e-06,3,0.299,-9.496,1,45,0.0394,75.00399999999998,0.397,2
0.29,0.633,101600,0.124,1,0.000213,5,0.104,-20.303,1,0,0.949,166.06099999999995,0.542,8
0.922,0.617,198600,0.121,0,0.0033,9,0.105,-22.946,1,21,0.0427,84.18799999999997,0.415,6
0.526,0.648,303213,0.309,0,0.00024900000000000004,2,0.124,-12.432,1,71,0.0264,112.929,0.407,3
0.00611,0.894,157053,0.579,0,0.005220000000000001,4,0.079,-9.373,0,22,0.0522,105.601,0.861,6
0.794,0.568,161373,0.561,0,0.0,10,0.155,-8.94,1,13,0.0393,105.315,0.892,6
0.91,0.405,108307,0.0635,0,0.0,2,0.256,-21.176,0,0,0.0516,97.202,0.6629999999999999,7
0.988,0.392,148133,0.0709,0,0.0,9,0.114,-19.8,0,0,0.0346,82.56700000000002,0.219,8
0.155,0.787,218293,0.442,0,0.000102,9,0.133,-9.138,0,31,0.0534,129.335,0.546,4
0.445,0.762,200467,0.753,0,0.0175,6,0.0706,-10.152,0,45,0.0979,134.327,0.7709999999999999,2
0.159,0.516,293933,0.513,0,0.00957,2,0.0612,-10.762,1,60,0.0288,99.735,0.6940000000000001,6
0.708,0.464,284840,0.48,0,0.0,9,0.1,-9.819,1,38,0.026,88.557,0.4320000000000001,6
0.0252,0.922,389352,0.383,0,0.0197,2,0.0866,-12.859000000000002,1,28,0.255,116.345,0.825,4
0.0672,0.565,233160,0.628,0,0.000181,9,0.39,-10.368,1,55,0.033,133.194,0.706,5
0.96,0.171,487760,0.135,0,0.925,6,0.0828,-16.188,1,0,0.0327,87.087,0.0417,8
0.961,0.502,43933,0.297,0,2.71e-05,1,0.726,-14.705,1,0,0.524,173.68900000000005,0.34600000000000003,7
0.155,0.5589999999999999,210733,0.7859999999999999,1,0.8740000000000001,7,0.123,-9.437,1,41,0.0492,97.951,0.319,3
0.241,0.6859999999999999,305013,0.398,0,0.0,8,0.0573,-13.361,0,41,0.14300000000000002,80.22800000000002,0.688,3
0.939,0.182,130133,0.217,0,0.019,0,0.363,-14.237,1,4,0.0321,100.442,0.258,6
0.3,0.632,308133,0.359,0,0.0,3,0.138,-18.471,0,12,0.95,84.259,0.662,9
0.152,0.448,266627,0.845,0,2.13e-05,5,0.114,-7.149,1,19,0.0706,80.14699999999998,0.55,5
0.11,0.782,311093,0.6629999999999999,0,0.00105,5,0.172,-9.743,0,20,0.0848,118.022,0.918,4
0.419,0.563,243240,0.552,0,3.88e-06,2,0.0427,-12.654000000000002,1,33,0.0878,102.559,0.93,5
0.0855,0.568,213560,0.8740000000000001,0,2.04e-06,9,0.388,-6.35,0,26,0.112,132.289,0.561,5
0.6579999999999999,0.5529999999999999,291457,0.638,0,0.8390000000000001,10,0.141,-8.383,1,33,0.031,96.092,0.443,4
0.936,0.245,193947,0.166,0,0.00855,0,0.0939,-11.76,1,49,0.0332,71.915,0.239,2
0.00145,0.429,303947,0.86,0,0.0,4,0.245,-7.815,0,50,0.0665,148.987,0.56,4
0.922,0.411,284227,0.139,0,0.000449,10,0.138,-16.209,1,0,0.0427,139.001,0.436,9
0.994,0.541,141520,0.28600000000000003,0,0.0004969999999999999,2,0.23,-17.549,1,0,0.0507,87.05,0.828,10
0.905,0.222,91493,0.117,0,0.919,2,0.111,-20.966,1,50,0.0433,91.624,0.0883,2
0.0192,0.309,280000,0.93,1,0.0022,11,0.106,-6.399,1,27,0.125,195.815,0.376,3
0.992,0.401,241320,0.0882,0,0.901,0,0.09,-23.216,1,0,0.0426,120.64,0.211,8
0.0236,0.465,317160,0.4970000000000001,0,0.000143,0,0.268,-4.214,1,45,0.0285,100.583,0.258,2
0.131,0.7509999999999999,219933,0.961,0,0.757,1,0.0323,-6.537000000000001,1,54,0.0399,131.023,0.937,2
0.387,0.522,243320,0.531,0,0.0,7,0.202,-7.78,1,58,0.0293,79.252,0.7609999999999999,1
0.583,0.6629999999999999,147021,0.6659999999999999,0,3.85e-06,6,0.222,-5.441,1,67,0.125,159.983,0.605,1
0.992,0.345,94320,0.0271,0,0.0711,5,0.125,-24.513,1,0,0.0735,77.44800000000002,0.267,7
0.921,0.43,222000,0.0431,0,0.848,3,0.115,-31.06,1,5,0.041,62.827,0.28,7
0.452,0.506,367933,0.995,0,0.523,1,0.44,-3.739,1,29,0.14400000000000002,107.629,0.394,5
0.818,0.5329999999999999,179760,0.5379999999999999,0,2.57e-05,10,0.246,-7.12,1,10,0.0276,99.679,0.5479999999999999,6
0.952,0.232,559453,0.188,0,0.000669,5,0.0964,-13.759,0,0,0.0387,105.337,0.0379,9
0.0599,0.657,149507,0.193,0,0.0297,11,0.208,-21.093000000000004,0,23,0.032,92.168,0.406,6
0.435,0.701,201980,0.546,1,0.0,6,0.188,-5.9179999999999975,0,73,0.133,151.9,0.118,0
0.0825,0.767,294400,0.735,0,0.0,2,0.108,-10.296,1,52,0.0456,100.014,0.789,3
0.201,0.6629999999999999,250493,0.713,0,0.0,6,0.44,-5.261,1,44,0.0511,85.039,0.612,1
0.902,0.618,253693,0.51,0,0.00392,7,0.378,-11.095999999999998,0,0,0.0295,110.154,0.908,8
0.00974,0.8390000000000001,250627,0.508,1,0.0,11,0.0962,-6.182,1,43,0.0879,82.027,0.5589999999999999,2
0.914,0.416,146973,0.172,0,0.0,1,0.12,-11.955,1,24,0.066,163.447,0.504,7
0.489,0.696,277213,0.5,0,7.54e-06,8,0.268,-8.748,1,49,0.0394,90.0,0.423,3
0.581,0.441,229707,0.278,0,0.000107,2,0.412,-16.541,1,33,0.0309,127.716,0.416,5
0.184,0.479,225107,0.857,0,0.826,11,0.12,-12.795,0,30,0.0393,140.954,0.579,3
0.471,0.6459999999999999,144720,0.612,0,0.0,0,0.066,-14.65,1,21,0.0512,157.847,0.961,5
0.445,0.5920000000000001,183893,0.339,0,0.00434,5,0.0636,-11.462,0,3,0.0735,179.646,0.598,9
0.779,0.602,188693,0.277,0,0.0,3,0.14800000000000002,-11.744000000000002,1,0,0.0422,108.802,0.551,7
0.165,0.421,259413,0.416,0,0.0,0,0.11,-9.256,1,45,0.0326,138.115,0.113,2
0.82,0.491,289970,0.406,0,0.245,5,0.122,-13.309,1,58,0.0278,140.05100000000002,0.279,1
0.101,0.56,200067,0.604,0,5.19e-06,9,0.17800000000000002,-7.987999999999999,0,40,0.0262,114.909,0.755,5
0.748,0.654,165920,0.539,0,0.0,0,0.168,-7.825,1,25,0.0274,88.978,0.8490000000000001,6
0.962,0.305,220227,0.253,0,0.0204,0,0.218,-11.448,1,17,0.0376,91.055,0.215,6
0.00854,0.392,245573,0.963,0,0.00234,7,0.228,-4.8260000000000005,1,38,0.0469,110.695,0.653,4
0.675,0.5379999999999999,347160,0.299,0,0.000257,0,0.256,-12.213,1,52,0.0363,139.959,0.32,4
0.574,0.486,216413,0.6940000000000001,0,0.0,0,0.125,-5.8,1,53,0.141,109.41,0.248,1
0.54,0.536,206973,0.154,0,0.0,5,0.105,-16.239,1,33,0.0375,120.032,0.444,5
0.872,0.547,180733,0.29600000000000004,0,2.05e-06,5,0.0886,-11.652,1,28,0.0875,95.675,0.488,6
0.458,0.429,192456,0.5529999999999999,0,0.0,1,0.0766,-4.838,0,73,0.0668,97.954,0.381,1
0.893,0.539,211400,0.456,0,0.0025800000000000003,0,0.0369,-9.444,0,0,0.0348,138.437,0.78,7
0.989,0.562,175040,0.439,0,0.00227,4,0.278,-11.296,1,6,0.0472,133.81,0.8690000000000001,7
0.116,0.493,260493,0.8109999999999999,0,0.00642,4,0.104,-6.0139999999999985,1,44,0.0457,90.00299999999999,0.403,1
0.624,0.491,122707,0.415,0,0.0,8,0.14400000000000002,-10.597,1,15,0.0301,110.22,0.504,6
0.0051,0.422,251693,0.78,0,0.0068200000000000005,5,0.295,-10.445,1,32,0.0311,163.072,0.923,3
0.795,0.495,217440,0.25,0,0.0,1,0.255,-10.606,0,41,0.0332,80.001,0.39,3
0.947,0.5589999999999999,188080,0.52,0,0.0625,4,0.126,-9.96,0,0,0.0418,112.218,0.964,8
0.493,0.622,312920,0.312,0,0.0,3,0.14400000000000002,-7.834,0,39,0.049,123.821,0.518,2
0.879,0.386,123533,0.0294,0,0.0,6,0.062,-27.744,1,34,0.0369,131.627,0.306,4
0.985,0.111,158000,0.0118,0,0.917,2,0.108,-31.874,1,66,0.0403,77.891,0.0812,1
0.5529999999999999,0.659,243960,0.893,0,3.12e-05,5,0.236,-3.693,0,48,0.0547,91.938,0.735,2
0.992,0.606,204547,0.233,0,0.194,10,0.187,-15.337,1,0,0.757,69.053,0.836,8
0.0308,0.82,274181,0.517,0,0.00318,0,0.0471,-8.007,1,34,0.0508,115.1,0.731,5
0.457,0.784,233600,0.708,0,7.5e-05,2,0.0913,-9.141,1,37,0.11,120.109,0.7490000000000001,5
0.384,0.633,315893,0.867,0,0.003,5,0.0555,-5.096,1,47,0.0256,94.803,0.597,4
0.0938,0.528,226347,0.875,0,7.45e-05,9,0.163,-4.032,1,24,0.0625,136.872,0.56,5
0.184,0.6940000000000001,259760,0.536,0,0.000722,1,0.153,-6.7010000000000005,0,50,0.0447,74.495,0.304,1
0.0393,0.642,325600,0.422,0,0.0101,10,0.107,-13.782,0,45,0.046,185.834,0.642,3
0.486,0.4320000000000001,212120,0.7959999999999999,0,0.0,4,0.355,-2.952,0,61,0.049,183.935,0.563,1
0.022,0.85,169187,0.705,1,0.000939,0,0.0721,-7.537000000000001,1,45,0.0616,160.961,0.8390000000000001,2
0.986,0.498,179026,0.124,0,1.24e-05,1,0.0828,-10.704,1,0,0.0572,140.25799999999998,0.579,8
0.312,0.662,212120,0.7140000000000001,0,0.0,5,0.179,-5.68,0,82,0.121,147.997,0.464,1
0.00914,0.62,216947,0.872,0,0.0,7,0.111,-3.123,1,64,0.0347,124.044,0.299,1
0.484,0.504,362400,0.384,0,4.2e-05,0,0.33,-9.472,1,45,0.0346,122.306,0.209,2
0.0262,0.833,235067,0.568,1,0.0,7,0.11,-4.312,1,42,0.0847,89.958,0.369,2
0.7070000000000001,0.6409999999999999,157800,0.498,0,0.0,9,0.6659999999999999,-8.244,0,28,0.0343,126.24,0.741,6
0.0358,0.5429999999999999,193733,0.954,0,1.39e-05,6,0.368,-4.44,0,44,0.0399,96.009,0.8220000000000001,2
0.551,0.569,212741,0.421,0,0.0,5,0.231,-4.099,1,50,0.0317,153.54,0.706,3
0.731,0.574,142907,0.298,0,0.0,2,0.255,-11.552,0,24,0.0354,126.57,0.507,6
0.7959999999999999,0.418,162640,0.151,0,1.07e-06,8,0.0668,-14.627,1,0,0.0372,126.624,0.224,8
0.545,0.436,270760,0.462,0,0.0072099999999999985,4,0.98,-9.986,1,26,0.0281,167.83900000000003,0.476,5
0.4,0.5920000000000001,204600,0.249,0,0.000221,4,0.106,-16.342,1,20,0.0487,125.037,0.146,5
0.946,0.32,349747,0.797,0,0.254,11,0.562,-3.142,0,2,0.04,129.42600000000002,0.721,7
0.6609999999999999,0.557,178587,0.416,0,0.0,10,0.277,-13.465,1,23,0.0375,121.12,0.701,6
0.345,0.472,336684,0.775,0,0.0276,2,0.784,-11.007,1,40,0.252,179.46,0.575,5
0.867,0.426,169678,0.493,0,2.29e-06,8,0.109,-6.988,1,13,0.03,110.859,0.6829999999999999,7
0.599,0.653,155933,0.4920000000000001,0,7.06e-06,11,0.815,-8.913,1,15,0.0274,125.175,0.613,6
0.0285,0.915,248107,0.7190000000000001,1,0.0,11,0.0444,-6.4110000000000005,0,42,0.161,97.614,0.799,2
0.995,0.445,169467,0.0123,0,0.925,0,0.16899999999999998,-25.606,1,48,0.0454,58.875,0.232,2
0.415,0.68,250640,0.679,1,0.0,10,0.74,-8.532,0,39,0.363,154.158,0.6659999999999999,2
0.971,0.597,183227,0.162,0,0.000825,10,0.14400000000000002,-15.215,1,16,0.0458,90.014,0.622,9
0.981,0.6859999999999999,181200,0.429,0,0.392,2,0.179,-10.195,0,0,0.162,125.736,0.865,8
0.966,0.123,606587,0.0564,0,0.8370000000000001,0,0.139,-19.547,0,8,0.0392,68.025,0.0353,8
0.727,0.5760000000000001,433653,0.252,0,0.0,5,0.459,-20.637,1,33,0.937,91.322,0.263,4
0.27,0.8059999999999999,127627,0.447,0,3.7000000000000006e-06,7,0.335,-10.181,1,51,0.0461,77.033,0.914,3
0.966,0.308,156853,0.29600000000000004,0,0.0,7,0.0408,-8.794,0,18,0.0313,132.355,0.132,7
0.74,0.509,299671,0.508,0,0.305,9,0.0979,-11.33,0,60,0.0319,79.923,0.366,1
0.8109999999999999,0.37,254920,0.942,0,3e-06,1,0.908,-11.139,1,26,0.916,145.389,0.0456,4
0.835,0.438,281107,0.223,0,0.0,0,0.0955,-17.789,1,18,0.0805,103.076,0.5579999999999999,6
0.00144,0.585,213333,0.809,0,0.35,7,0.272,-7.8370000000000015,1,59,0.125,148.151,0.456,2
2.62e-05,0.345,408067,0.914,0,0.000352,9,0.16399999999999998,-5.145,1,42,0.0696,150.149,0.188,3
0.971,0.5,175627,0.202,0,0.927,5,0.123,-13.48,0,0,0.101,143.746,0.301,8
0.8320000000000001,0.6829999999999999,65747,0.238,0,0.0,4,0.127,-10.127,0,45,0.0503,126.326,0.731,2
0.529,0.388,317600,0.486,0,0.128,2,0.984,-8.677999999999999,1,26,0.0272,139.266,0.205,4
0.00253,0.6990000000000001,317560,0.6809999999999999,0,0.391,11,0.211,-13.029000000000002,0,38,0.0517,100.057,0.7490000000000001,3
0.0159,0.299,187493,0.963,1,7.02e-06,1,0.5489999999999999,-5.735,1,53,0.158,143.539,0.15,4
0.961,0.246,253933,0.0323,0,8.340000000000001e-05,5,0.0775,-21.45,1,25,0.0405,125.101,0.168,7
0.923,0.487,322053,0.12,0,0.23,8,0.155,-16.307000000000002,1,9,0.0319,82.745,0.388,7
0.455,0.595,256653,0.366,0,0.0004860000000000001,2,0.11,-11.848,1,47,0.0346,106.602,0.362,6
0.6679999999999999,0.78,163716,0.524,0,6.47e-05,2,0.293,-12.072,1,54,0.0321,124.181,0.953,6
0.436,0.595,184560,0.523,0,0.0005139999999999999,4,0.208,-10.263,1,47,0.0255,104.116,0.7120000000000001,5
0.994,0.353,117907,0.0873,0,0.7440000000000001,0,0.104,-23.722,1,0,0.0364,128.387,0.136,8
0.0862,0.7879999999999999,151812,0.698,1,0.0,10,0.119,-5.0139999999999985,0,38,0.252,89.456,0.693,3
0.0062,0.505,141613,0.914,0,0.0021,0,0.13,-4.551,0,32,0.0333,115.427,0.955,4
0.961,0.6,178493,0.221,0,0.0083,4,0.108,-14.007,1,0,0.0717,122.033,0.6779999999999999,9
0.812,0.763,201947,0.484,0,0.393,11,0.0841,-12.368,0,55,0.0311,122.913,0.416,2
0.157,0.7090000000000001,251860,0.362,1,0.0,11,0.109,-9.814,1,76,0.055,122.043,0.113,1
0.838,0.914,164547,0.128,0,3.39e-06,10,0.101,-18.478,1,4,0.231,114.773,0.7020000000000001,7
0.941,0.54,43307,0.156,0,0.0981,2,0.14300000000000002,-18.064,0,1,0.0605,54.225,0.196,7
0.162,0.537,165667,0.632,0,9.14e-05,9,0.149,-10.639,1,32,0.0348,97.123,0.799,5
0.12,0.488,144573,0.578,1,8.38e-06,10,0.413,-9.791,1,38,0.269,75.105,0.419,3
0.295,0.508,178240,0.636,0,5.03e-05,0,0.464,-7.024,1,52,0.0839,158.393,0.418,2
0.762,0.444,172453,0.5770000000000001,0,0.0,10,0.163,-11.231,1,22,0.232,172.66299999999995,0.7140000000000001,5
0.938,0.48,210666,0.31,0,0.0,5,0.265,-13.005,1,9,0.0332,148.101,0.903,7
0.843,0.6759999999999999,133867,0.414,0,0.0,11,0.964,-23.831,1,0,0.96,94.467,0.465,8
0.941,0.486,62493,0.722,0,1.41e-05,7,0.913,-14.568,1,15,0.91,64.908,0.848,6
0.122,0.591,255227,0.7859999999999999,0,0.0,5,0.107,-4.8580000000000005,1,44,0.0694,74.643,0.747,4
0.99,0.228,356239,0.0853,0,0.496,1,0.102,-21.262,0,8,0.0398,95.65,0.042,7
9.33e-05,0.354,393653,0.851,0,0.0364,2,0.953,-6.9860000000000015,1,22,0.0393,123.196,0.753,5
0.753,0.52,202267,0.297,0,0.000562,2,0.109,-17.211,1,57,0.0449,156.059,0.677,5
0.993,0.63,190000,0.182,0,0.223,3,0.261,-17.224,1,0,0.0751,98.174,0.7979999999999999,9
0.614,0.555,289333,0.563,0,0.00298,7,0.151,-9.918,0,10,0.0363,97.368,0.667,7
0.655,0.478,435573,0.33,0,0.847,5,0.177,-13.283,1,36,0.036000000000000004,113.902,0.455,5
0.000203,0.528,410333,0.8,0,0.924,9,0.125,-5.8439999999999985,0,52,0.0363,88.007,0.382,1
0.868,0.555,128413,0.21,0,0.0,6,0.0952,-12.701,1,0,0.0692,76.134,0.482,7
0.96,0.54,167067,0.388,0,0.0,4,0.13699999999999998,-10.143,1,30,0.0339,165.25099999999995,0.86,4
0.989,0.858,168413,0.249,0,8.79e-05,2,0.181,-8.897,1,0,0.224,115.858,0.611,10
0.388,0.705,212787,0.433,1,0.134,4,0.0841,-9.706,1,71,0.204,168.00599999999997,0.602,1
0.0964,0.679,180520,0.5920000000000001,0,0.0138,9,0.16,-5.962999999999999,1,58,0.0402,113.265,0.55,2
0.718,0.645,321280,0.18,0,0.000122,9,0.0642,-14.654000000000002,0,36,0.0307,126.106,0.154,5
0.0133,0.649,295573,0.942,0,8.379999999999999e-05,6,0.124,-2.947,0,50,0.0303,122.272,0.7959999999999999,2
0.615,0.604,739173,0.33,0,0.0728,7,0.0702,-12.550999999999998,1,26,0.0277,98.706,0.452,7
0.0888,0.535,326107,0.7020000000000001,0,8.54e-06,2,0.302,-9.804,0,48,0.0294,93.083,0.483,3
0.0835,0.898,245867,0.669,0,1.92e-06,0,0.0837,-6.6179999999999986,1,47,0.0356,125.136,0.84,2
0.165,0.708,150651,0.469,0,0.0,10,0.106,-11.193,1,38,0.063,120.434,0.8690000000000001,3
0.875,0.563,146760,0.275,0,0.927,11,0.183,-15.901,1,41,0.0376,97.277,0.13,2
0.958,0.363,267947,0.107,0,3.87e-05,9,0.118,-16.59,0,21,0.0386,91.573,0.125,5
0.17600000000000002,0.862,211533,0.499,0,7.64e-06,10,0.0618,-10.285,1,44,0.0359,105.203,0.78,4
0.184,0.524,447333,0.503,0,0.0,6,0.264,-11.79,1,61,0.0245,89.49700000000001,0.436,3
0.421,0.308,235147,0.299,0,0.8909999999999999,0,0.116,-10.584,1,30,0.0287,142.033,0.294,6
0.795,0.573,302347,0.166,0,0.337,10,0.106,-18.411,0,17,0.0439,137.877,0.599,7
0.414,0.517,129960,0.8290000000000001,0,2.24e-06,4,0.436,-6.5470000000000015,1,38,0.0827,93.678,0.922,6
0.032,0.677,433227,0.238,0,0.111,2,0.092,-11.172,0,37,0.0526,82.926,0.88,5
0.885,0.607,175560,0.16699999999999998,0,0.0,0,0.165,-13.007,1,61,0.0902,122.627,0.469,1
0.0655,0.65,215973,0.82,0,0.00274,5,0.215,-10.9,0,69,0.0356,135.982,0.757,3
0.0962,0.861,216027,0.672,1,0.0,11,0.239,-7.5139999999999985,0,39,0.338,99.003,0.7040000000000001,2
0.217,0.888,295493,0.83,0,0.0456,1,0.0554,-8.273,1,27,0.0601,107.953,0.769,4
0.688,0.634,230867,0.289,0,0.0,5,0.28600000000000003,-10.367,1,22,0.0395,117.681,0.72,7
0.6609999999999999,0.575,168947,0.252,0,0.0173,8,0.0557,-13.919,1,12,0.0304,79.03399999999998,0.617,7
0.813,0.517,345800,0.208,0,0.0339,7,0.63,-17.522000000000002,0,35,0.0459,87.12899999999998,0.514,5
0.972,0.61,61787,0.465,0,0.941,7,0.17,-15.084,0,0,0.0417,102.95,0.912,7
0.991,0.7020000000000001,189273,0.207,0,0.0,3,0.33,-9.747,1,0,0.199,91.869,0.732,8
0.777,0.742,203012,0.165,0,9.01e-05,6,0.251,-23.114,1,0,0.949,105.492,0.561,9
0.0433,0.792,239733,0.532,0,0.00307,2,0.0369,-8.66,1,42,0.054000000000000006,140.384,0.595,2
0.991,0.404,113227,0.116,0,0.867,4,0.104,-32.727,0,48,0.0443,90.58,0.524,3
0.361,0.795,266087,0.7829999999999999,0,0.0,5,0.4370000000000001,-4.271,1,73,0.0432,92.016,0.8,1
0.996,0.384,189840,0.0249,0,0.812,9,0.0732,-20.509,1,0,0.0418,69.858,0.618,8
0.229,0.713,190627,0.768,0,0.0,0,0.447,-9.115,1,64,0.0662,88.012,0.962,3
0.918,0.313,657160,0.248,0,0.8859999999999999,1,0.0687,-14.362,1,0,0.0356,77.625,0.092,8
0.951,0.392,374667,0.183,0,0.847,0,0.0502,-14.011,0,0,0.0454,120.132,0.361,8
0.0315,0.25,245773,0.872,0,2.47e-06,9,0.101,-5.46,0,44,0.109,183.038,0.388,5
0.995,0.385,88747,0.149,0,0.841,0,0.123,-20.639,0,1,0.0413,141.259,0.153,7
0.0645,0.308,356160,0.747,0,8.27e-05,0,0.431,-5.434,1,66,0.037000000000000005,139.454,0.278,3
0.887,0.363,183973,0.171,0,2.55e-06,8,0.181,-14.248,1,43,0.0323,73.734,0.199,6
0.932,0.6920000000000001,173400,0.214,0,0.00304,10,0.124,-10.786,1,11,0.122,101.161,0.259,9
0.779,0.6,153163,0.317,0,0.000629,7,0.162,-10.603,1,19,0.0382,61.728,0.687,6
0.983,0.368,180693,0.45,0,0.0814,5,0.268,-6.882999999999999,1,0,0.0498,177.046,0.7959999999999999,9
0.955,0.313,170960,0.078,0,4.48e-06,0,0.16899999999999998,-17.583,1,61,0.0332,128.065,0.125,6
0.0588,0.7290000000000001,253520,0.799,1,0.00218,11,0.0948,-7.377999999999999,0,59,0.0779,115.04,0.532,1
0.000333,0.414,396067,0.945,0,0.479,9,0.314,-4.66,1,49,0.0897,145.014,0.565,3
0.0468,0.785,261178,0.928,0,2.6e-05,7,0.0873,-3.46,1,57,0.0583,115.127,0.743,3
0.0356,0.563,220173,0.687,0,0.000176,5,0.369,-7.915,1,42,0.0329,172.113,0.8390000000000001,2
0.959,0.49,212907,0.12,0,0.000256,2,0.112,-17.87,1,0,0.0625,85.397,0.633,8
0.505,0.508,398760,0.779,0,0.298,2,0.0995,-9.032,0,40,0.0403,79.528,0.893,3
0.995,0.336,316133,0.0201,0,0.931,11,0.0852,-23.889,1,0,0.0595,83.541,0.156,8
0.0031,0.349,278013,0.831,0,0.00916,2,0.0882,-6.425,1,43,0.0514,104.747,0.428,6
0.825,0.514,251267,0.225,0,0.0422,7,0.0781,-17.070999999999998,1,23,0.0313,80.777,0.14400000000000002,4
0.0029100000000000003,0.472,173987,0.526,0,0.000173,0,0.181,-9.505,1,57,0.0309,119.44,0.7709999999999999,3
0.118,0.68,247040,0.659,0,0.0,0,0.107,-6.855,1,55,0.211,91.259,0.411,2
0.00295,0.252,259987,0.971,0,5.04e-05,10,0.528,-5.597,0,45,0.1,137.497,0.305,4
0.984,0.28600000000000003,361535,0.24,0,0.677,3,0.118,-15.132,1,0,0.139,82.492,0.166,7
0.0107,0.338,373693,0.922,0,0.877,2,0.515,-6.783,1,51,0.0709,122.311,0.526,3
0.872,0.38,234400,0.246,0,0.905,7,0.084,-13.955,0,53,0.0329,133.805,0.0573,2
0.501,0.4970000000000001,279487,0.493,0,1.87e-05,1,0.0893,-7.527,1,38,0.0614,188.868,0.863,3
0.00495,0.588,242560,0.8640000000000001,0,2.1e-05,11,0.0794,-10.472,1,31,0.036000000000000004,120.09,0.5479999999999999,3
0.0498,0.7609999999999999,146049,0.799,1,0.0,0,0.122,-3.69,1,47,0.0611,145.138,0.319,1
0.879,0.604,146573,0.422,0,0.0125,8,0.0927,-12.806,1,16,0.0325,122.589,0.965,7
0.725,0.47,183921,0.434,0,6.63e-05,8,0.0778,-7.149,1,7,0.0371,105.186,0.595,7
0.665,0.375,364800,0.422,0,0.000471,7,0.7020000000000001,-9.197,1,51,0.0322,133.05100000000002,0.0886,2
0.659,0.41,185400,0.488,0,0.0016600000000000002,10,0.0626,-8.714,1,28,0.0301,102.486,0.7959999999999999,4
0.457,0.687,159213,0.748,0,0.0012,3,0.2,-7.1389999999999985,1,51,0.047,156.049,0.972,2
0.994,0.738,167000,0.279,0,0.211,8,0.118,-7.282999999999999,1,0,0.0753,116.399,0.49,10
0.218,0.8340000000000001,211560,0.961,1,1.3e-06,5,0.146,-5.3370000000000015,1,46,0.119,100.009,0.8540000000000001,2
0.865,0.361,98240,0.746,0,0.96,2,0.0755,-12.02,1,0,0.07200000000000001,86.39200000000002,0.24,8
0.8270000000000001,0.754,279914,0.5720000000000001,1,5.04e-05,8,0.103,-7.336,1,55,0.376,158.012,0.398,1
0.35200000000000004,0.235,411933,0.442,0,0.0,2,0.584,-10.474,1,33,0.0296,131.856,0.238,3
0.585,0.5379999999999999,153040,0.334,0,0.0,3,0.0851,-8.0,1,61,0.0337,88.084,0.722,1
0.944,0.595,166293,0.35100000000000003,0,0.0,10,0.118,-9.587,1,36,0.0783,134.453,0.624,2
0.0931,0.551,243333,0.852,0,5.290000000000001e-05,11,0.233,-6.05,0,38,0.0395,93.493,0.787,5
0.0032,0.608,420400,0.894,0,0.095,5,0.315,-12.356,1,30,0.0436,120.2,0.385,4
0.415,0.5820000000000001,237373,0.505,0,0.0,1,0.241,-8.927,1,49,0.0376,140.88299999999995,0.913,3
0.000601,0.7659999999999999,340973,0.797,0,0.293,7,0.0727,-12.362,1,34,0.0725,122.858,0.8390000000000001,4
0.7170000000000001,0.698,176920,0.667,0,0.0,9,0.141,-7.864,1,26,0.0492,87.13799999999998,0.901,5
0.77,0.652,127760,0.391,0,0.0,9,0.0768,-10.618,1,22,0.0284,124.182,0.7290000000000001,7
0.64,0.565,47236,0.721,0,0.7290000000000001,5,0.6970000000000001,-7.66,1,0,0.0345,119.988,0.905,10
0.674,0.5660000000000001,250013,0.511,0,3.02e-06,6,0.221,-8.826,0,51,0.0614,123.311,0.258,2
0.6940000000000001,0.659,204093,0.0556,0,0.0,9,0.092,-20.002,1,30,0.0354,111.76,0.298,7
0.972,0.515,149893,0.135,0,0.0,2,0.6970000000000001,-12.209,1,30,0.0481,100.076,0.5329999999999999,7
0.947,0.307,329760,0.301,0,0.118,10,0.354,-12.992,1,0,0.0347,107.453,0.338,7
0.923,0.7759999999999999,146693,0.182,0,9.09e-06,1,0.242,-15.359000000000002,1,16,0.15,147.90200000000004,0.688,9
0.0813,0.515,206173,0.5670000000000001,0,0.0,4,0.111,-6.532,0,49,0.026,97.823,0.108,2
0.87,0.607,167976,0.478,0,0.0381,3,0.156,-9.886,1,21,0.0235,102.601,0.685,9
0.0723,0.5870000000000001,268800,0.6509999999999999,0,0.00475,9,0.297,-10.68,1,40,0.0368,132.556,0.8109999999999999,4
0.203,0.696,206053,0.593,0,0.00219,5,0.0767,-10.283,1,41,0.0399,100.346,0.778,4
0.586,0.267,128693,0.688,0,0.0,11,0.307,-6.309,0,50,0.0388,150.942,0.797,6
0.445,0.506,167427,0.773,0,6.89e-06,2,0.266,-7.01,1,31,0.0493,123.616,0.946,5
0.976,0.364,175960,0.0317,0,3.5000000000000016e-06,8,0.0914,-22.718000000000004,1,0,0.0681,91.901,0.0858,7
0.8220000000000001,0.428,177467,0.374,0,0.000121,9,0.155,-14.527,1,38,0.0281,102.171,0.468,6
0.0008699999999999999,0.289,251800,0.736,0,0.00395,11,0.0636,-3.38,0,53,0.0369,152.158,0.13,2
0.674,0.6940000000000001,376606,0.7859999999999999,0,0.0295,5,0.237,-6.151,1,37,0.0572,115.743,0.901,5
0.19,0.826,250227,0.885,0,0.0252,8,0.269,-4.209,1,40,0.0476,125.225,0.96,3
0.809,0.596,130320,0.414,0,0.925,5,0.0934,-13.18,1,14,0.046,87.152,0.6859999999999999,6
0.727,0.523,147893,0.382,0,0.0,8,0.21,-16.085,1,12,0.0451,111.33,0.512,6
0.943,0.465,93078,0.502,0,0.00162,9,0.124,-9.656,0,0,0.0612,72.817,0.972,8
0.321,0.647,238387,0.6890000000000001,0,0.0,2,0.308,-8.401,1,49,0.0376,102.246,0.708,1
0.851,0.516,192947,0.438,0,0.0,0,0.403,-11.834,1,42,0.0321,132.519,0.42,6
0.993,0.305,197067,0.0375,0,0.0175,2,0.111,-22.239,0,0,0.0365,78.312,0.231,8
0.905,0.667,162920,0.3720000000000001,0,0.0241,11,0.102,-9.944,0,53,0.0296,134.607,0.317,2
0.00296,0.851,214534,0.7020000000000001,1,0.0,7,0.36,-5.6179999999999986,1,41,0.28300000000000003,170.014,0.331,2
0.00272,0.57,254773,0.836,0,0.645,0,0.329,-4.58,1,55,0.0258,108.866,0.303,3
0.007109999999999998,0.828,145067,0.539,0,0.095,7,0.1,-5.8420000000000005,1,53,0.035,124.815,0.5529999999999999,3
0.989,0.39,182509,0.273,0,4.44e-05,6,0.464,-13.944,0,0,0.081,131.116,0.319,8
0.0854,0.443,221707,0.192,0,0.0,9,0.162,-16.324,0,33,0.0342,140.46200000000002,0.113,3
0.985,0.454,190508,0.17,0,0.7979999999999999,2,0.0886,-15.724,1,0,0.0866,94.687,0.5710000000000001,7
0.991,0.647,196747,0.16699999999999998,0,0.0953,0,0.145,-16.973,0,0,0.0827,95.543,0.529,7
0.416,0.363,258667,0.852,0,0.000346,7,0.981,-10.48,1,27,0.232,182.248,0.519,5
0.8440000000000001,0.518,182387,0.334,0,0.000188,1,0.109,-10.572,1,36,0.0266,100.026,0.332,6
0.992,0.4320000000000001,169848,0.335,0,0.93,5,0.202,-21.384,0,0,0.222,75.945,0.42,10
0.22,0.384,282093,0.949,0,0.0,0,0.736,-3.688,1,46,0.096,136.764,0.547,2
0.481,0.493,189733,0.391,0,0.000263,7,0.0843,-10.214,0,30,0.0254,102.559,0.158,5
0.5379999999999999,0.696,258373,0.746,0,1.53e-06,5,0.34,-8.388,0,38,0.0372,101.862,0.963,3
0.889,0.672,235373,0.221,0,0.412,10,0.116,-15.009,0,47,0.0342,98.969,0.235,2
0.98,0.508,205053,0.598,0,0.0,4,0.36,-11.191,0,2,0.0411,129.593,0.726,9
0.0851,0.688,243053,0.7929999999999999,0,0.00524,9,0.13699999999999998,-7.579,1,24,0.0275,128.653,0.887,5
0.754,0.386,333267,0.24,0,0.0,0,0.0962,-16.35,0,28,0.0313,113.685,0.3,4
0.501,0.921,151733,0.266,0,0.134,10,0.109,-12.749,0,51,0.213,123.043,0.7609999999999999,2
0.928,0.228,223360,0.425,0,0.0027,3,0.19,-9.927,1,1,0.0322,84.105,0.184,8
0.612,0.375,283227,0.605,1,0.0448,0,0.147,-7.268,0,75,0.0729,175.946,0.128,0
0.73,0.402,179840,0.595,0,0.0213,2,0.335,-13.956,1,19,0.0694,155.504,0.61,5
0.8909999999999999,0.499,285867,0.21,0,1.17e-05,1,0.726,-9.122,1,66,0.042,140.23,0.39,1
0.486,0.428,451080,0.8740000000000001,0,0.0583,0,0.071,-6.322,0,50,0.0468,168.701,0.858,5
0.973,0.233,206387,0.163,0,0.84,1,0.0858,-19.775,1,0,0.0478,75.586,0.394,7
0.995,0.389,222133,0.239,0,0.8959999999999999,8,0.65,-16.641,1,0,0.0436,70.373,0.314,10
0.00158,0.373,254427,0.574,0,0.0284,5,0.234,-10.06,0,28,0.0308,161.499,0.313,4
0.892,0.634,171267,0.0825,0,3.55e-05,7,0.14,-15.602,1,14,0.0417,128.145,0.563,8
0.8540000000000001,0.655,248053,0.0645,0,1.11e-05,4,0.107,-14.765,1,60,0.0429,129.399,0.278,1
0.00412,0.303,348733,0.898,0,0.00132,7,0.103,-4.214,1,35,0.0342,175.125,0.517,3
0.946,0.184,74629,0.112,0,0.908,0,0.6659999999999999,-25.658,1,38,0.0446,71.696,0.0523,5
0.339,0.659,207920,0.57,0,0.0,7,0.172,-9.137,1,33,0.0258,77.447,0.8759999999999999,4
0.91,0.536,294360,0.173,0,3.61e-06,0,0.0716,-22.427,1,0,0.0706,115.631,0.5579999999999999,7
0.7240000000000001,0.35200000000000004,162693,0.354,0,0.000225,6,0.112,-13.253,1,38,0.028,85.704,0.394,6
0.984,0.375,162840,0.0325,0,0.74,6,0.171,-28.284,1,9,0.0439,99.413,0.102,9
0.27,0.524,337640,0.635,1,0.0,5,0.341,-7.22,0,56,0.302,127.618,0.603,1
0.613,0.344,162680,0.635,0,0.0,7,0.349,-11.693,0,33,0.131,185.767,0.623,6
0.4320000000000001,0.485,202985,0.547,0,1.76e-05,2,0.491,-8.603,0,14,0.0309,138.97899999999998,0.645,6
0.362,0.605,146067,0.376,0,0.0201,7,0.0799,-10.859000000000002,1,24,0.0291,121.433,0.0907,6
0.00611,0.408,153400,0.7190000000000001,0,2.89e-05,0,0.31,-3.409,1,36,0.0284,82.906,0.836,6
0.495,0.542,203627,0.5760000000000001,0,1.63e-06,2,0.963,-7.648,1,51,0.0694,101.3,0.481,2
0.182,0.76,458083,0.728,0,0.0808,2,0.0901,-9.766,0,45,0.0347,127.213,0.8009999999999999,4
0.0631,0.596,283573,0.525,0,0.0,4,0.348,-6.994,1,48,0.0283,120.064,0.469,1
0.208,0.79,225187,0.229,0,4.22e-06,10,0.1,-16.906,1,33,0.0356,81.081,0.931,3
0.233,0.519,188240,0.653,0,0.0,10,0.0437,-8.474,1,38,0.0724,172.202,0.8959999999999999,6
0.35200000000000004,0.6659999999999999,230307,0.53,1,0.0,7,0.113,-9.399,1,37,0.407,92.397,0.757,3
0.7290000000000001,0.616,301240,0.529,0,0.0605,5,0.517,-9.648,1,30,0.0299,90.983,0.373,3
0.141,0.778,228000,0.7609999999999999,1,4.61e-05,2,0.0441,-5.529,1,60,0.0525,107.288,0.923,2
0.0553,0.568,246493,0.871,1,0.51,0,0.303,-3.4530000000000003,1,60,0.0308,119.99,0.374,1
0.591,0.701,165067,0.34700000000000003,0,0.0,9,0.206,-9.69,0,40,0.0338,95.595,0.696,3
0.978,0.584,114653,0.101,0,0.0014,10,0.109,-21.682,1,5,0.0862,74.601,0.892,7
0.591,0.451,209013,0.464,0,0.779,10,0.0987,-17.121,1,38,0.0311,141.45,0.599,5
0.96,0.399,219360,0.405,0,0.398,2,0.214,-11.552,1,35,0.0303,109.098,0.484,5
0.544,0.669,223133,0.35100000000000003,0,0.0,0,0.179,-12.919,1,42,0.16699999999999998,92.097,0.547,3
0.8959999999999999,0.344,229667,0.209,0,1.41e-06,1,0.181,-10.885,1,18,0.0301,87.464,0.265,7
0.379,0.384,302667,0.568,0,0.0,6,0.122,-7.009,0,42,0.0278,91.96,0.3,2
0.855,0.57,151600,0.35,0,0.0,4,0.18600000000000005,-8.849,1,46,0.0288,88.361,0.7809999999999999,6
0.00108,0.3720000000000001,341933,0.8079999999999999,0,0.378,11,0.435,-12.470999999999998,0,31,0.0471,157.808,0.715,4
0.98,0.726,192533,0.395,0,0.00214,0,0.076,-12.286,1,0,0.044,95.973,0.605,10
0.197,0.361,230493,0.843,1,3.95e-06,3,0.295,-5.928,0,50,0.155,69.814,0.622,2
0.0535,0.643,144093,0.616,0,5.21e-06,0,0.129,-12.21,1,24,0.0329,114.505,0.91,6
0.0994,0.583,198973,0.401,0,0.00826,4,0.175,-7.345,1,47,0.0302,117.944,0.229,1
0.7090000000000001,0.564,161813,0.463,0,0.0011,7,0.38,-11.727,1,21,0.0278,92.663,0.59,6
0.261,0.547,172867,0.82,0,0.0,8,0.3,-6.728,1,64,0.0805,118.208,0.933,1
0.983,0.46,209189,0.131,0,0.0219,7,0.197,-13.686,1,0,0.0401,85.565,0.516,8
0.000371,0.51,284507,0.932,0,0.0631,9,0.295,-6.053,1,38,0.0694,96.23,0.769,3
0.00159,0.552,195440,0.98,0,0.005520000000000001,9,0.438,-4.676,0,58,0.254,162.961,0.6679999999999999,1
0.00604,0.6859999999999999,270520,0.7509999999999999,0,0.000849,10,0.0979,-5.747000000000001,0,64,0.0604,100.222,0.851,1
0.373,0.464,141467,0.933,0,0.00118,5,0.575,-5.118,1,30,0.103,111.962,0.687,5
0.873,0.395,157333,0.0947,0,0.00941,9,0.191,-18.344,0,21,0.0316,137.509,0.235,6
0.982,0.718,99640,0.268,0,0.0,0,0.122,-14.751,1,14,0.27,112.344,0.873,7
0.0359,0.7609999999999999,219120,0.639,0,0.0,5,0.0945,-7.577000000000001,0,67,0.0539,164.088,0.922,3
0.7759999999999999,0.368,159428,0.841,0,1.62e-06,8,0.119,-6.962999999999999,1,11,0.0341,107.292,0.917,7
0.991,0.527,172665,0.258,0,0.0073,5,0.175,-9.876,0,0,0.358,75.23100000000002,0.75,8
0.727,0.498,176880,0.246,0,0.000374,9,0.0781,-13.41,1,37,0.0342,151.255,0.152,3
0.856,0.431,323067,0.239,0,5.03e-06,4,0.736,-14.436,0,43,0.0589,138.939,0.171,4
0.62,0.512,252093,0.636,0,0.0,5,0.106,-5.907,1,55,0.0317,69.905,0.355,2
0.634,0.653,191560,0.62,0,5.46e-06,11,0.512,-5.7970000000000015,1,62,0.28,179.8,0.584,1
0.987,0.302,242120,0.317,0,0.191,10,0.115,-11.332,1,15,0.0353,85.60799999999998,0.206,7
0.6509999999999999,0.716,65372,0.159,0,0.0,6,0.507,-19.549,1,0,0.764,126.534,0.407,7
0.0248,0.8140000000000001,225173,0.387,1,0.0,0,0.131,-9.867,1,61,0.0945,93.961,0.792,2
0.16399999999999998,0.512,56253,0.907,0,0.00487,6,0.8009999999999999,-7.8039999999999985,1,27,0.662,85.615,0.315,5
0.00218,0.327,351533,0.961,1,0.00013000000000000002,5,0.246,-3.125,1,53,0.108,175.241,0.33,2
0.000326,0.563,286560,0.972,1,0.00499,7,0.102,-1.751,1,55,0.0896,91.922,0.619,1
0.867,0.504,157515,0.455,0,0.213,3,0.122,-8.677,1,46,0.0265,106.83,0.511,3
0.181,0.631,225547,0.526,0,0.0005110000000000001,0,0.11,-8.453,0,50,0.0276,90.111,0.428,1
0.006790000000000001,0.805,261827,0.723,0,0.0,7,0.244,-6.808,1,40,0.224,88.006,0.6409999999999999,2
0.121,0.7170000000000001,249613,0.499,0,1.63e-05,2,0.177,-6.238,1,26,0.0362,93.797,0.82,4
0.0265,0.65,240267,0.66,0,0.0,11,0.616,-6.96,1,45,0.306,105.721,0.754,2
0.8390000000000001,0.585,195867,0.7340000000000001,0,5.88e-06,2,0.239,-6.559,0,9,0.0355,93.356,0.966,6
0.99,0.392,177157,0.35,0,0.293,2,0.121,-8.142999999999999,1,0,0.085,80.077,0.21600000000000005,8
0.35100000000000003,0.328,274694,0.575,0,0.000556,7,0.688,-10.437,1,38,0.0439,149.645,0.249,6
5.660000000000003e-05,0.244,211373,0.987,0,0.779,8,0.0664,-7.661,0,37,0.123,142.341,0.247,3
0.318,0.792,224213,0.563,1,0.0,1,0.13,-4.836,1,66,0.0787,134.02200000000002,0.321,1
0.0619,0.43,222200,0.622,0,0.0,2,0.13699999999999998,-7.581,1,41,0.0282,163.19799999999995,0.475,2
0.00127,0.512,246467,0.947,0,0.001,9,0.108,-5.919,1,29,0.146,125.6,0.324,4
0.979,0.235,104560,0.111,0,0.407,4,0.106,-19.789,1,41,0.0518,125.48,0.039,2
0.3,0.693,109600,0.168,1,0.0,6,0.13,-18.634,0,0,0.945,102.132,0.687,9
0.547,0.374,242947,0.711,0,4.120000000000001e-05,11,0.147,-3.587,1,61,0.0354,160.001,0.468,2
0.994,0.508,141627,0.145,0,0.157,8,0.109,-17.25,0,0,0.0745,85.46700000000001,0.655,8
0.175,0.635,248040,0.7490000000000001,0,3.71e-05,11,0.139,-5.815,1,40,0.0294,100.95,0.628,2
0.000275,0.228,187960,0.969,0,0.0,6,0.0982,-4.07,0,56,0.1,155.21200000000005,0.428,2
0.196,0.411,285627,0.359,0,0.094,7,0.37,-15.915,0,38,0.0283,83.09,0.262,5
0.068,0.635,262587,0.933,0,3.7e-05,2,0.733,-4.875,0,29,0.0491,106.954,0.77,4
0.782,0.752,167560,0.341,0,1.31e-05,2,0.0935,-9.315,1,42,0.0333,124.063,0.6579999999999999,2
0.962,0.326,123107,0.0645,0,0.00285,8,0.126,-17.616,1,28,0.0484,174.87400000000005,0.325,6
0.746,0.624,157347,0.487,0,0.0,8,0.598,-6.872000000000001,0,28,0.0284,81.825,0.429,6
0.966,0.509,548813,0.183,0,0.0278,0,0.113,-16.363,1,0,0.0839,81.29899999999998,0.253,8
0.483,0.474,271373,0.482,0,3.27e-06,4,0.115,-6.746,0,48,0.0262,147.376,0.172,2
0.322,0.616,395210,0.434,0,0.306,2,0.246,-14.561,0,36,0.0348,72.529,0.453,5
0.0378,0.342,242093,0.585,0,0.000528,0,0.0839,-5.68,1,47,0.0299,141.58700000000005,0.366,3
0.172,0.209,305747,0.412,0,0.15,0,0.0843,-9.733,1,80,0.0443,86.26,0.162,1
0.275,0.602,200387,0.957,0,0.0219,7,0.106,-8.954,1,46,0.0347,127.462,0.928,4
0.99,0.225,265467,0.234,0,4.820000000000001e-05,9,0.0983,-10.704,1,1,0.0304,82.309,0.0481,10
0.914,0.16399999999999998,621960,0.196,0,0.7,4,0.0767,-12.811,0,0,0.0419,55.26300000000001,0.0851,9
0.974,0.393,182907,0.0462,0,0.000168,9,0.106,-24.681,1,0,0.0456,83.335,0.0846,7
0.475,0.453,196867,0.23,0,2.59e-06,11,0.104,-18.524,1,42,0.0262,78.934,0.16399999999999998,5
0.991,0.502,248533,0.0936,0,0.922,7,0.11,-19.84,1,0,0.041,117.548,0.395,7
0.619,0.6629999999999999,155280,0.8809999999999999,0,0.00128,9,0.481,-8.562000000000001,1,30,0.0418,126.044,0.841,6
0.0594,0.7340000000000001,245653,0.442,0,1.63e-05,0,0.213,-8.432,1,70,0.0557,117.967,0.0973,1
0.00433,0.5479999999999999,215800,0.463,0,0.134,9,0.0504,-12.432,0,41,0.173,199.905,0.746,3
0.00886,0.591,162920,0.97,0,0.0,5,0.174,-4.107,0,40,0.114,148.062,0.461,2
0.408,0.742,188387,0.607,1,1.01e-05,0,0.14400000000000002,-13.752,1,37,0.0397,149.92700000000005,0.96,3
0.616,0.332,255232,0.238,0,7.8e-05,10,0.14,-12.867,1,33,0.036000000000000004,170.477,0.404,3
0.0309,0.302,271333,0.526,0,0.000167,5,0.388,-8.955,1,42,0.0426,111.694,0.345,3
0.5489999999999999,0.436,160973,0.376,0,0.79,3,0.133,-12.236,1,29,0.028,93.47,0.518,6
0.0051,0.782,177840,0.898,0,0.00336,11,0.0633,-4.1560000000000015,0,46,0.0563,119.944,0.93,2
0.244,0.0777,268973,0.13,0,0.8959999999999999,0,0.349,-21.709,1,45,0.0379,173.31099999999995,0.0467,3
0.0177,0.245,368227,0.8270000000000001,0,4.5e-05,8,0.0644,-6.065,1,23,0.0443,147.694,0.609,5
1.09e-05,0.293,186573,0.989,1,0.59,1,0.125,-3.387,1,42,0.1,98.277,0.206,4
0.97,0.557,189987,0.203,0,0.642,3,0.199,-18.476,1,0,0.0472,100.964,0.731,9
0.0743,0.887,219227,0.6729999999999999,1,4.06e-05,10,0.124,-6.846,0,63,0.0503,105.113,0.491,1
0.5539999999999999,0.442,453200,0.35600000000000004,0,0.00369,1,0.0933,-14.767,1,31,0.0541,83.664,0.622,7
0.884,0.8190000000000001,161787,0.393,0,0.0,10,0.0554,-9.855,1,0,0.365,92.732,0.713,9
0.959,0.289,142507,0.219,0,9.24e-05,5,0.156,-16.654,1,0,0.042,78.944,0.155,7
0.00961,0.741,227474,0.599,1,0.0,1,0.785,-6.6720000000000015,0,68,0.419,139.891,0.276,0
0.0689,0.65,236747,0.6579999999999999,0,0.000533,5,0.129,-9.362,0,31,0.0289,106.728,0.752,4
0.127,0.774,285840,0.738,0,1.35e-05,0,0.0696,-6.99,1,32,0.073,114.574,0.7909999999999999,4
0.265,0.512,201493,0.647,0,0.0,0,0.16899999999999998,-7.324,0,48,0.354,177.22299999999996,0.727,2
0.256,0.6890000000000001,226667,0.622,0,8.54e-06,9,0.18600000000000005,-13.685,1,50,0.029,126.259,0.8490000000000001,4
0.5329999999999999,0.516,339000,0.524,0,1.51e-06,0,0.109,-14.136,0,39,0.378,142.816,0.215,4
0.988,0.237,174000,0.0253,0,0.132,7,0.0967,-29.595,1,28,0.0592,86.521,0.0609,4
0.028,0.7929999999999999,243160,0.5,0,1.96e-05,6,0.18600000000000005,-13.108,0,72,0.0319,123.017,0.833,3
0.3,0.643,120100,0.239,0,0.0,7,0.482,-22.483,1,0,0.894,108.886,0.469,7
0.0107,0.765,115352,0.579,0,0.362,10,0.15,-7.051,1,56,0.0496,142.065,0.855,1
0.8420000000000001,0.516,242093,0.26,0,0.459,0,0.106,-15.513,1,40,0.0291,115.149,0.171,4
0.264,0.752,177000,0.65,0,1.38e-06,4,0.313,-6.194,1,70,0.0334,141.16,0.904,1
0.637,0.329,256053,0.529,0,0.0,2,0.317,-7.287000000000001,0,49,0.0313,174.90900000000005,0.197,2
0.284,0.62,65413,0.426,1,0.0,0,0.344,-8.451,1,38,0.203,95.266,0.398,2
0.0321,0.6,266800,0.95,0,2.22e-05,9,0.0702,-6.5829999999999975,1,36,0.0521,128.055,0.79,3
0.154,0.77,393000,0.579,0,0.00533,7,0.221,-14.447,1,28,0.0561,110.695,0.882,4
0.8420000000000001,0.504,655592,0.526,1,2.5e-06,1,0.962,-20.955,1,20,0.935,95.052,0.389,5
0.99,0.28,160080,0.224,0,0.0297,10,0.179,-15.594,1,0,0.0386,126.317,0.274,7
0.0654,0.741,343800,0.7390000000000001,1,0.0,0,0.0704,-8.187999999999999,1,34,0.204,150.067,0.909,3
0.00067,0.403,70212,0.982,0,0.0,6,0.289,-3.374,0,31,0.0558,145.56,0.856,4
0.0951,0.293,288720,0.743,0,0.0,11,0.107,-6.061,1,45,0.031,165.861,0.369,1
0.0217,0.44,196777,0.7190000000000001,0,5.09e-06,8,0.0663,-6.645,0,66,0.0445,111.398,0.523,1
0.946,0.214,352827,0.109,0,0.132,8,0.122,-16.214000000000002,1,42,0.0332,86.53299999999999,0.14800000000000002,2
9.11e-06,0.331,187547,0.976,0,0.000117,2,0.319,-3.242,1,60,0.113,170.05900000000003,0.426,2
0.00554,0.621,149525,0.687,0,0.8270000000000001,7,0.14300000000000002,-12.629,1,0,0.0361,141.694,0.924,8
0.0342,0.5589999999999999,167916,0.684,1,0.0,6,0.162,-6.009,0,66,0.232,150.059,0.249,0
0.426,0.403,348707,0.394,0,0.0133,0,0.135,-8.368,1,51,0.0257,81.675,0.471,2
0.364,0.555,250889,0.568,0,0.0016699999999999998,2,0.116,-12.205,0,47,0.0341,98.507,0.583,5
0.552,0.7020000000000001,185133,0.322,0,2.5e-05,7,0.107,-16.557000000000002,1,42,0.0339,119.439,0.7929999999999999,5
0.223,0.8240000000000001,155307,0.575,0,0.00559,11,0.0565,-10.663,1,33,0.0478,125.148,0.8909999999999999,5
0.006690000000000001,0.7120000000000001,261600,0.908,0,0.0373,4,0.0938,-6.898,1,55,0.146,105.893,0.777,2
0.184,0.787,190533,0.648,0,0.00442,5,0.112,-11.148,0,45,0.12,88.585,0.764,5
0.865,0.308,195067,0.0427,0,0.0,7,0.179,-24.709,1,62,0.0336,158.399,0.383,5
0.7240000000000001,0.653,418960,0.743,0,0.943,11,0.0595,-9.051,0,44,0.042,107.016,0.8690000000000001,5
0.252,0.331,142920,0.355,0,0.5,0,0.267,-15.07,1,16,0.031,186.131,0.732,6
0.102,0.639,219933,0.8220000000000001,0,0.0313,1,0.212,-10.441,1,43,0.0326,110.387,0.644,4
0.371,0.721,241375,0.835,0,0.0,1,0.0765,-4.926,1,58,0.211,92.97,0.855,1
0.56,0.591,170560,0.5720000000000001,0,4.31e-06,0,0.084,-8.299,1,28,0.0299,86.098,0.708,5
0.115,0.799,185725,0.7979999999999999,1,2.75e-06,0,0.138,-6.181,0,55,0.345,164.976,0.282,1
0.951,0.0866,348013,0.129,0,0.768,7,0.0764,-13.77,1,47,0.0373,78.835,0.0385,2
0.0469,0.715,213360,0.35,0,0.0,11,0.0724,-13.845999999999998,1,40,0.121,81.682,0.752,3
0.653,0.47,373267,0.501,0,0.000126,5,0.109,-7.002000000000002,1,44,0.0277,149.784,0.212,3
0.965,0.4,341880,0.245,0,0.944,3,0.158,-14.345,1,59,0.0338,164.165,0.268,1
0.122,0.5660000000000001,261400,0.748,0,0.0,9,0.105,-10.79,1,50,0.032,123.466,0.914,2
0.272,0.371,235933,0.452,0,0.0,7,0.2,-7.739,1,50,0.0275,164.424,0.18600000000000005,3
0.552,0.6729999999999999,291627,0.863,0,0.000336,0,0.121,-3.403,1,47,0.0511,91.364,0.7509999999999999,3
0.317,0.6509999999999999,151907,0.759,0,0.108,10,0.179,-7.382999999999999,1,15,0.0387,151.286,0.872,6
0.14800000000000002,0.6859999999999999,159733,0.365,0,0.000944,2,0.476,-14.342,1,24,0.0385,127.426,0.619,5
0.618,0.506,256000,0.401,0,0.000591,2,0.383,-9.857,1,49,0.0299,117.281,0.09,1
0.982,0.725,36240,0.287,0,0.922,3,0.152,-17.704,1,0,0.183,119.767,0.5589999999999999,8
0.713,0.6579999999999999,209307,0.363,0,6.94e-06,6,0.111,-13.692,0,25,0.0292,112.133,0.654,4
0.612,0.0899,183573,0.261,0,0.906,0,0.317,-16.055,1,21,0.0361,72.305,0.0394,6
0.831,0.753,144036,0.29100000000000004,0,1.56e-05,6,0.128,-10.389,1,13,0.0405,92.719,0.545,7
0.00193,0.35200000000000004,237640,0.725,1,2.73e-06,8,0.22,-6.462999999999999,0,52,0.0656,189.767,0.339,1
0.0208,0.529,176453,0.7809999999999999,1,0.0,7,0.157,-8.54,1,36,0.0586,136.082,0.667,4
0.000156,0.605,261680,0.998,1,0.784,1,0.217,-3.818,0,44,0.0843,106.815,0.0618,2
0.0211,0.326,366933,0.6679999999999999,0,0.893,7,0.0884,-13.800999999999998,1,27,0.0449,178.74200000000005,0.419,4
0.892,0.278,323000,0.285,0,0.0366,2,0.115,-16.035,0,11,0.0688,178.081,0.5720000000000001,6
0.97,0.239,321841,0.305,0,0.316,8,0.106,-10.547,1,7,0.0547,59.705,0.265,8
0.334,0.34700000000000003,280693,0.228,0,0.0311,3,0.1,-14.458,1,31,0.0313,135.222,0.228,5
0.218,0.534,300213,0.518,0,0.0104,0,0.233,-11.602,1,26,0.0391,112.842,0.29600000000000004,5
0.234,0.423,200720,0.6920000000000001,0,0.0461,1,0.244,-9.45,0,24,0.0414,137.459,0.65,5
0.411,0.596,199657,0.436,0,0.0,0,0.174,-5.841,1,51,0.0432,82.988,0.595,3
0.0592,0.423,160307,0.6809999999999999,0,0.000177,10,0.0889,-9.756,1,65,0.0397,110.461,0.5589999999999999,6
0.000297,0.5870000000000001,116067,0.963,1,0.00104,11,0.0501,-5.357,1,29,0.102,126.509,0.7290000000000001,4
0.944,0.545,324040,0.214,0,0.335,9,0.113,-17.43,1,36,0.0305,74.827,0.191,5
0.98,0.753,182867,0.311,0,0.0632,3,0.339,-12.77,1,0,0.0623,152.942,0.8420000000000001,9
0.99,0.17600000000000002,212000,0.0327,0,0.905,7,0.109,-31.7,1,70,0.0555,69.567,0.0545,1
0.0603,0.6,277240,0.77,0,4.79e-06,5,0.0967,-5.559,0,58,0.0302,128.47299999999998,0.321,1
0.403,0.407,310373,0.748,0,6.790000000000001e-05,7,0.979,-13.487,1,32,0.0561,122.172,0.575,4
0.948,0.517,512127,0.048,0,0.456,8,0.705,-23.438,1,24,0.0432,141.436,0.157,6
0.973,0.594,190573,0.225,0,0.902,3,0.203,-13.255999999999998,0,21,0.0625,79.695,0.35200000000000004,7
0.833,0.64,157200,0.35700000000000004,0,0.0,7,0.121,-7.4860000000000015,1,8,0.0338,121.202,0.453,7
0.52,0.598,255800,0.344,0,3.12e-06,2,0.126,-12.879,1,34,0.0267,75.92399999999998,0.381,3
0.65,0.227,250667,0.307,0,2.85e-05,5,0.133,-11.743,1,37,0.0302,73.166,0.138,3
0.691,0.639,210440,0.725,0,0.000144,7,0.274,-5.309,1,57,0.0306,136.95600000000002,0.619,1
0.932,0.721,175733,0.419,0,0.00062,9,0.154,-11.361,0,1,0.0349,121.681,0.954,10
0.0701,0.388,202893,0.53,0,0.00704,6,0.2,-10.805,0,37,0.0317,150.54,0.782,5
0.335,0.5479999999999999,123627,0.757,0,0.0,11,0.228,-7.702000000000001,1,24,0.0374,109.273,0.845,5
0.161,0.919,263253,0.634,0,0.0,2,0.162,-3.911,1,45,0.0409,126.814,0.857,2
0.255,0.51,290693,0.425,0,0.147,2,0.0891,-9.219,0,31,0.0351,117.792,0.13,5
0.0231,0.7290000000000001,182267,0.8809999999999999,0,0.0,5,0.0872,-5.024,0,46,0.0283,118.58,0.963,3
0.602,0.7020000000000001,148693,0.444,0,0.0,7,0.0604,-8.705,0,14,0.0262,107.044,0.7909999999999999,6
0.00204,0.8170000000000001,229973,0.561,0,0.008790000000000001,2,0.0421,-13.311,1,36,0.0539,99.02,0.904,4
0.988,0.258,207960,0.311,0,0.94,1,0.0744,-12.737,1,2,0.0345,68.472,0.101,8
0.983,0.568,147307,0.285,0,0.00746,10,0.19,-10.525,1,12,0.0304,69.06,0.44,6
3.5600000000000005e-05,0.378,234093,0.959,0,0.000138,6,0.102,-4.615,1,62,0.062,174.93200000000004,0.338,2
0.72,0.758,195400,0.318,0,0.00896,4,0.107,-13.103,1,22,0.0294,105.638,0.34700000000000003,4
0.0591,0.5710000000000001,402200,0.605,1,0.000121,7,0.115,-7.336,1,69,0.041,98.562,0.0859,0
0.0802,0.53,190920,0.688,0,0.000258,1,0.162,-11.293,0,23,0.0425,132.304,0.752,4
0.477,0.458,208867,0.325,0,2.23e-05,8,0.328,-12.398,1,28,0.0277,101.376,0.5710000000000001,6
0.0461,0.743,207560,0.706,0,0.0,5,0.204,-5.728,1,60,0.0535,77.98899999999998,0.514,1
0.129,0.637,197733,0.794,0,0.0,2,0.0697,-1.683,0,48,0.0269,116.117,0.495,2
0.7909999999999999,0.715,291593,0.232,0,0.0,4,0.22,-21.635,1,0,0.962,86.889,0.513,9
0.226,0.563,184537,0.868,1,0.0,1,0.156,-4.642,1,48,0.381,92.962,0.294,1
0.339,0.727,215467,0.445,1,0.0,1,0.18,-11.241,1,52,0.29100000000000004,81.125,0.527,3
0.996,0.882,69573,0.219,0,0.17,0,0.274,-16.892,1,0,0.537,94.464,0.884,7
0.411,0.6559999999999999,189600,0.257,0,0.882,7,0.0709,-19.28,1,17,0.16399999999999998,120.686,0.723,7
0.114,0.5920000000000001,260133,0.895,0,8.14e-05,2,0.333,-7.005,1,43,0.029,116.439,0.901,4
0.994,0.28300000000000003,193881,0.276,0,0.0268,8,0.349,-16.278,1,0,0.047,67.971,0.499,8
0.726,0.578,395707,0.603,0,0.000118,2,0.431,-11.395,1,1,0.0315,134.631,0.6559999999999999,8
0.192,0.8270000000000001,85754,0.6729999999999999,0,0.00136,5,0.146,-8.401,0,63,0.23,78.007,0.779,1
0.493,0.578,231400,0.523,1,0.0,0,0.147,-5.5379999999999985,0,67,0.0429,134.931,0.29,1
0.00165,0.846,159500,0.504,1,4.14e-06,11,0.0933,-8.552,0,54,0.223,97.502,0.4920000000000001,1
0.104,0.385,466307,0.759,0,0.916,2,0.126,-9.163,0,50,0.0444,173.58,0.173,5
0.464,0.7559999999999999,181773,0.752,0,0.0,0,0.0423,-5.06,1,51,0.0548,100.659,0.885,3
0.0408,0.594,256707,0.73,1,0.000164,0,0.715,-4.638,0,59,0.159,133.88,0.378,1
0.0377,0.552,383400,0.8029999999999999,0,0.000323,7,0.0891,-9.89,1,36,0.0416,111.74,0.519,4
0.308,0.586,277080,0.256,0,0.642,11,0.0923,-20.678,0,12,0.115,72.77199999999998,0.482,6
0.563,0.452,193827,0.523,0,0.0,5,0.233,-6.4529999999999985,1,70,0.0625,173.85,0.363,2
0.988,0.593,160120,0.251,0,0.0,1,0.313,-17.893,1,0,0.113,112.128,0.596,9
0.733,0.489,142387,0.277,0,6.86e-06,5,0.301,-10.028,1,7,0.0363,127.431,0.593,6
0.0006349999999999999,0.418,201938,0.8190000000000001,0,0.0005809999999999999,1,0.396,-4.743,1,49,0.0413,159.917,0.638,1
0.7140000000000001,0.463,335987,0.508,0,0.0,2,0.0472,-6.716,1,51,0.0306,138.395,0.522,4
0.555,0.528,154784,0.74,0,3.7000000000000006e-06,7,0.644,-5.28,1,37,0.0841,90.562,0.916,5
0.532,0.642,170360,0.743,1,0.0,1,0.133,-6.784,1,41,0.444,94.3,0.685,3
0.763,0.37,142933,0.224,0,0.000216,7,0.26,-17.031,1,15,0.0325,66.4,0.333,6
0.969,0.541,213480,0.415,0,0.00024900000000000004,6,0.0525,-8.196,1,0,0.0317,98.338,0.64,9
0.389,0.6829999999999999,294027,0.722,0,0.0,8,0.104,-7.5779999999999985,1,54,0.0354,160.892,0.905,2
0.199,0.682,322213,0.609,0,4.48e-06,2,0.0702,-9.415,1,29,0.12,82.271,0.458,4
0.715,0.458,335213,0.51,0,6.37e-05,11,0.0814,-8.287,0,48,0.0331,142.993,0.526,4
0.166,0.736,181280,0.868,0,1.48e-06,8,0.0419,-3.01,0,71,0.0454,94.026,0.613,1
0.0868,0.37,316693,0.866,0,0.0,6,0.13699999999999998,-3.879,0,73,0.0384,162.086,0.4270000000000001,3
0.0141,0.745,393813,0.7140000000000001,0,0.0222,7,0.363,-3.681,1,63,0.0751,104.003,0.365,2
0.16699999999999998,0.355,220533,0.59,0,9.29e-06,7,0.115,-14.599,1,23,0.044,169.00099999999995,0.877,5
0.96,0.122,195600,0.0407,0,0.847,4,0.104,-26.19400000000001,0,57,0.0457,74.418,0.0342,2
0.96,0.547,151773,0.132,0,0.804,7,0.308,-14.028,1,33,0.0629,114.86,0.366,4
0.94,0.884,176827,0.421,0,0.895,5,0.0766,-14.623,1,0,0.0656,115.389,0.965,9
0.995,0.785,188493,0.322,0,0.119,11,0.14300000000000002,-14.92,1,0,0.0515,113.826,0.889,7
0.8,0.547,296027,0.395,0,0.0147,9,0.295,-13.017,1,49,0.0346,129.466,0.234,6
0.7809999999999999,0.669,288227,0.459,0,0.0,0,0.113,-12.871,1,29,0.044,133.275,0.34600000000000003,5
0.242,0.429,219600,0.5760000000000001,0,1.12e-06,9,0.187,-10.592,0,49,0.235,187.566,0.883,3
0.627,0.8490000000000001,258427,0.8,0,0.0,7,0.302,-5.909,1,42,0.179,112.272,0.8909999999999999,3
0.447,0.753,155200,0.507,0,4.3e-05,3,0.0445,-10.2,1,13,0.0656,133.692,0.976,7
0.141,0.316,271827,0.687,0,0.0481,2,0.149,-12.529000000000002,1,28,0.0366,153.704,0.737,3
0.995,0.536,213343,0.054000000000000006,0,0.907,7,0.0893,-21.877,0,2,0.046,80.31,0.223,7
0.0026100000000000003,0.271,225493,0.916,0,0.0,6,0.156,-3.141,0,47,0.0581,197.817,0.28600000000000003,2
0.988,0.384,279733,0.174,0,5.8e-05,0,0.6859999999999999,-13.505999999999998,1,0,0.0705,81.183,0.156,7
0.969,0.615,146782,0.389,0,1.86e-05,0,0.0886,-8.838,1,0,0.0683,98.541,0.8759999999999999,8
0.292,0.32299999999999995,180525,0.421,0,0.0020800000000000003,4,0.24,-9.049,0,39,0.0402,116.466,0.14800000000000002,6
0.99,0.175,157067,0.0734,0,0.609,5,0.22,-23.365,1,0,0.0587,78.749,0.6940000000000001,8
0.977,0.514,179279,0.24,0,0.00118,5,0.0867,-8.799,1,0,0.0467,106.058,0.586,9
0.855,0.7340000000000001,312440,0.382,0,0.7859999999999999,7,0.0734,-11.644,1,48,0.0396,132.08700000000002,0.4370000000000001,2
0.395,0.552,150160,0.804,0,1.3e-06,3,0.0938,-7.436,1,46,0.0365,159.311,0.969,1
0.855,0.5589999999999999,172892,0.326,0,0.0,2,0.125,-7.4129999999999985,1,0,0.0502,113.897,0.439,8
0.779,0.591,57760,0.8420000000000001,1,0.271,11,0.589,-12.571,1,36,0.535,115.997,0.0795,3
0.447,0.581,152000,0.41,0,0.284,0,0.163,-14.698,1,34,0.0286,98.375,0.836,5
0.726,0.649,278920,0.282,0,8.66e-06,3,0.084,-9.011,1,36,0.028,81.054,0.377,4
0.992,0.471,167000,0.21600000000000005,0,0.905,5,0.184,-20.269,1,2,0.053,144.53,0.111,7
0.299,0.7490000000000001,151933,0.7340000000000001,0,0.0,2,0.289,-12.658,1,42,0.0436,135.868,0.922,4
0.752,0.449,159627,0.7040000000000001,0,0.775,9,0.242,-7.452000000000001,1,29,0.0433,141.25799999999995,0.7979999999999999,5
0.0674,0.478,226080,0.679,0,0.0248,2,0.224,-7.645,1,43,0.0348,121.985,0.295,5
0.0053,0.679,186253,0.8140000000000001,0,1.73e-05,1,0.0817,-3.799,1,61,0.0469,149.961,0.636,1
0.947,0.6759999999999999,150960,0.424,0,0.0004940000000000001,9,0.119,-8.132,1,62,0.0329,148.373,0.493,7
0.0209,0.381,372707,0.69,1,0.0,10,0.438,-5.312,0,66,0.455,78.23899999999998,0.223,1
0.984,0.322,193600,0.184,0,0.902,0,0.0813,-18.312,0,57,0.0338,107.847,0.35600000000000004,2
0.0208,0.6829999999999999,237707,0.685,0,0.0177,2,0.1,-5.96,0,55,0.0276,110.791,0.696,4
0.00626,0.879,211304,0.58,0,0.0433,2,0.0653,-4.797,1,68,0.0883,92.004,0.312,1
0.784,0.389,196507,0.596,0,0.236,2,0.13,-11.605,0,2,0.0418,153.506,0.85,7
0.949,0.159,216860,0.031,0,0.933,11,0.112,-31.089,1,22,0.036000000000000004,91.742,0.0336,5
0.88,0.468,173373,0.182,0,0.0,4,0.189,-15.364,1,9,0.0307,76.331,0.35200000000000004,7
0.627,0.415,282440,0.441,0,0.257,5,0.363,-14.219,0,7,0.0664,163.32,0.6409999999999999,6
0.973,0.542,173693,0.462,0,0.0016600000000000002,5,0.304,-14.145,1,12,0.0311,130.14700000000002,0.677,7
0.8109999999999999,0.537,242973,0.573,0,1.88e-06,4,0.963,-9.294,1,19,0.369,104.911,0.4270000000000001,6
0.004370000000000001,0.415,243533,0.908,1,0.0345,2,0.08199999999999999,-9.701,1,70,0.0765,114.816,0.4370000000000001,3
0.782,0.401,204053,0.326,0,0.8490000000000001,11,0.129,-15.688,0,0,0.0477,116.735,0.532,8
0.6779999999999999,0.769,169500,0.32299999999999995,1,0.0,3,0.116,-12.887,0,68,0.0524,94.977,0.574,1
0.0431,0.6,263400,0.5,0,0.0409,7,0.249,-7.91,1,48,0.0533,201.92,0.436,2
0.845,0.7879999999999999,148227,0.52,0,2.94e-05,3,0.17800000000000002,-10.837,1,48,0.0528,130.224,0.96,6
0.594,0.861,133680,0.647,1,0.6609999999999999,7,0.114,-7.425,1,76,0.0675,158.037,0.67,1
0.226,0.544,177560,0.613,0,0.0,8,0.116,-6.496,1,42,0.0283,129.562,0.586,2
0.000119,0.428,194427,0.946,0,3.37e-06,2,0.141,-4.674,1,27,0.102,133.26,0.358,3
0.00354,0.902,244600,0.606,0,6.45e-06,4,0.105,-9.968,0,43,0.217,93.997,0.62,3
0.992,0.616,200599,0.303,0,0.0,5,0.276,-8.763,1,0,0.47,72.752,0.32,7
0.17600000000000002,0.812,171467,0.332,0,0.0151,7,0.0554,-14.088,1,36,0.039,107.833,0.8,4
0.501,0.4320000000000001,206727,0.85,0,6.59e-06,10,0.203,-4.417,1,63,0.0771,82.60700000000001,0.109,1
0.541,0.485,230213,0.723,0,1.12e-06,10,0.075,-6.565,1,61,0.0317,167.845,0.541,2
0.0451,0.0969,570103,0.315,0,0.752,1,0.484,-28.806,1,69,0.0523,82.955,0.158,1
0.0988,0.541,248867,0.67,0,0.156,7,0.299,-10.914,1,35,0.0323,165.22,0.965,5
0.908,0.31,200200,0.293,0,9.95e-06,2,0.5870000000000001,-10.602,1,12,0.031,138.507,0.27,6
0.0175,0.6829999999999999,395480,0.83,0,0.843,2,0.0919,-14.398,1,41,0.251,200.14,0.5760000000000001,3
4.41e-06,0.214,152093,0.923,0,0.0541,11,0.14300000000000002,-6.7570000000000014,1,37,0.0624,198.063,0.7509999999999999,3
0.0182,0.762,263013,0.812,1,1.4499999999999993e-05,10,0.0741,-5.336,0,28,0.259,93.988,0.594,3
0.183,0.61,133080,0.706,0,0.000587,0,0.218,-7.084,1,63,0.0483,170.08700000000005,0.344,2
0.0046700000000000005,0.735,233667,0.7440000000000001,0,4.59e-06,9,0.318,-11.321,1,37,0.0596,103.686,0.4,3
0.983,0.18,187467,0.0382,0,0.0141,2,0.15,-22.028,0,57,0.0452,69.89699999999999,0.0593,2
0.191,0.5870000000000001,298720,0.713,0,0.0,0,0.141,-8.457,1,53,0.0278,150.056,0.612,2
0.711,0.413,258200,0.25,0,0.0,7,0.129,-14.88,1,33,0.0357,142.483,0.31,5
0.355,0.758,288907,0.8340000000000001,0,3.64e-05,9,0.103,-7.306,0,42,0.0397,120.219,0.934,3
0.755,0.531,170093,0.6809999999999999,0,0.8190000000000001,2,0.086,-13.64,1,7,0.0375,174.14700000000005,0.716,7
0.852,0.434,307013,0.278,0,3.02e-05,0,0.237,-6.698,0,8,0.0325,174.91400000000004,0.5589999999999999,7
0.988,0.4370000000000001,343133,0.196,0,0.919,6,0.282,-14.228,1,2,0.033,109.725,0.209,8
0.983,0.268,582000,0.0528,0,0.899,4,0.0866,-26.617,1,0,0.0354,85.87299999999998,0.0611,10
0.452,0.404,482827,0.419,0,0.0,7,0.758,-9.594,1,22,0.0357,178.136,0.374,6
0.736,0.465,592507,0.5660000000000001,0,0.00479,0,0.218,-9.161,0,27,0.0935,177.28,0.632,7
0.000571,0.325,364400,0.5579999999999999,0,7.79e-05,7,0.109,-7.145,1,40,0.031,138.892,0.0379,3
0.285,0.598,218587,0.547,0,0.0,10,0.0891,-5.93,0,60,0.0232,77.969,0.25,2
0.0966,0.7190000000000001,121874,0.162,1,0.000177,0,0.0913,-21.871,1,0,0.93,127.662,0.5589999999999999,8
0.507,0.589,155144,0.468,0,5.25e-06,5,0.0315,-7.852,1,57,0.0986,181.525,0.952,2
0.0653,0.28,521373,0.953,0,0.0288,2,0.6970000000000001,-4.0139999999999985,1,29,0.152,134.262,0.154,3
0.655,0.573,191611,0.3670000000000001,0,3.68e-06,7,0.0786,-9.494,1,39,0.0321,120.592,0.303,3
0.5770000000000001,0.622,167027,0.175,0,1.0800000000000003e-05,10,0.0482,-10.594,1,27,0.0311,68.877,0.162,6
0.343,0.898,305114,0.5429999999999999,1,0.0006230000000000001,6,0.338,-8.317,0,75,0.121,98.992,0.359,1
0.14400000000000002,0.6890000000000001,258625,0.474,0,0.0,11,0.131,-7.256,1,52,0.0378,90.041,0.7909999999999999,1
0.887,0.562,140273,0.158,0,0.000315,4,0.106,-19.463,1,37,0.0369,88.361,0.227,6
0.8759999999999999,0.25,191133,0.37,0,4.53e-05,1,0.333,-9.139,1,21,0.0312,81.6,0.385,6
0.0233,0.8079999999999999,376107,0.67,0,0.374,0,0.0668,-10.972,1,28,0.0507,115.976,0.742,4
0.00605,0.5429999999999999,150227,0.851,0,8.7e-05,6,0.498,-8.604,1,39,0.08800000000000001,122.155,0.486,3
0.0102,0.76,311040,0.585,1,0.000476,3,0.308,-7.307,1,52,0.161,91.179,0.455,3
0.688,0.654,360307,0.336,0,0.0147,5,0.114,-10.838,0,21,0.0328,108.876,0.258,6
0.44,0.426,333267,0.454,0,0.0148,7,0.0756,-11.78,1,40,0.0367,127.413,0.6779999999999999,5
0.968,0.478,291333,0.142,0,0.0,4,0.13699999999999998,-14.133,1,0,0.17,79.729,0.131,7
9.92e-05,0.261,346573,0.938,0,0.0106,5,0.301,-5.125,0,54,0.086,132.47,0.256,2
0.438,0.667,320573,0.473,0,3.88e-06,1,0.0909,-13.317,1,39,0.0698,99.867,0.52,6
0.89,0.34700000000000003,175440,0.272,0,1.25e-06,8,0.136,-8.471,1,14,0.0333,178.53,0.292,7
0.204,0.544,225467,0.529,0,0.0,8,0.187,-8.767000000000001,1,43,0.0333,76.727,0.466,4
0.496,0.6509999999999999,130500,0.28300000000000003,0,0.0,2,0.358,-16.186,1,1,0.958,90.398,0.333,7
0.994,0.519,122984,0.0541,0,0.966,3,0.105,-26.051,1,0,0.0544,179.834,0.552,9
0.7959999999999999,0.662,154627,0.708,0,2.64e-06,0,0.124,-9.36,0,24,0.0337,127.712,0.748,6
0.968,0.379,175960,0.557,0,0.000129,1,0.5760000000000001,-5.519,0,0,0.0499,84.198,0.737,8
0.785,0.306,202533,0.0461,0,0.8220000000000001,4,0.11,-22.275,1,34,0.0317,138.747,0.039,5
0.626,0.764,99000,0.17600000000000002,1,0.0,6,0.404,-17.255,0,0,0.959,78.794,0.652,8
0.995,0.6709999999999999,149800,0.244,0,0.293,11,0.256,-10.651,0,0,0.104,123.409,0.816,9
0.988,0.555,123960,0.307,0,0.7559999999999999,5,0.384,-15.598,1,0,0.0633,121.544,0.35100000000000003,7
0.0012,0.677,216967,0.8109999999999999,0,0.00761,11,0.0896,-4.53,0,64,0.043,128.004,0.185,1
0.00354,0.34600000000000003,236187,0.863,0,0.879,11,0.0927,-2.687,0,28,0.0385,79.171,0.423,4
0.991,0.378,167613,0.376,0,0.759,1,0.142,-11.48,1,0,0.0963,68.962,0.721,8
0.0677,0.5,673267,0.519,0,0.0759,9,0.223,-13.094,1,37,0.0531,130.685,0.472,6
0.0277,0.303,192960,0.9,0,0.635,2,0.11,-2.352,0,75,0.0574,149.50799999999995,0.491,1
0.24,0.605,273800,0.731,0,0.000459,10,0.257,-9.327,1,54,0.0358,123.332,0.638,5
0.603,0.433,144307,0.633,0,0.003,9,0.304,-12.156,1,21,0.202,193.314,0.527,5
0.0301,0.226,247027,0.261,0,0.0677,2,0.0628,-11.276,1,59,0.0339,108.915,0.084,1
0.81,0.7340000000000001,136933,0.62,0,0.0,6,0.0994,-5.899,0,3,0.0399,106.093,0.919,7
0.0901,0.7929999999999999,250052,0.6990000000000001,0,0.0,11,0.223,-4.595,1,54,0.0674,130.018,0.8059999999999999,1
0.228,0.308,153467,0.51,0,0.000131,9,0.105,-10.221,1,31,0.0291,142.639,0.332,6
0.84,0.655,235067,0.239,0,0.7979999999999999,9,0.0914,-18.577,0,31,0.0458,96.795,0.66,6
0.8590000000000001,0.5589999999999999,175080,0.31,0,0.0552,7,0.28800000000000003,-9.995,1,12,0.0655,75.781,0.5489999999999999,7
0.41,0.279,139800,0.6890000000000001,0,0.648,11,0.174,-14.161,1,28,0.0418,93.59,0.619,4
0.926,0.742,184070,0.243,0,0.0,10,0.0873,-11.013,1,3,0.105,73.438,0.773,8
0.00771,0.828,347160,0.419,0,2.17e-06,0,0.0894,-18.303,1,47,0.139,92.322,0.929,2
0.948,0.269,179387,0.292,0,0.0024,9,0.141,-12.052,1,0,0.0405,69.828,0.459,9
0.474,0.439,223467,0.665,0,1.56e-05,7,0.26,-7.671,1,44,0.0351,168.707,0.328,3
0.872,0.246,171000,0.0293,0,0.0,0,0.166,-22.118,1,20,0.0364,133.733,0.107,6
0.936,0.318,179133,0.5589999999999999,0,0.0,10,0.249,-8.504,1,8,0.0359,109.513,0.609,7
0.995,0.422,40333,0.133,0,0.654,0,0.0768,-15.839,1,0,0.0372,63.99,0.398,8
0.0477,0.8859999999999999,229160,0.522,0,0.00108,7,0.207,-7.971,1,61,0.173,82.439,0.79,5
0.0163,0.54,181693,0.902,0,0.00104,11,0.738,-4.825,0,31,0.2,104.786,0.584,5
0.6940000000000001,0.741,252493,0.34700000000000003,0,0.0,0,0.17,-6.041,1,36,0.031,111.824,0.633,3
0.7340000000000001,0.619,185545,0.263,0,0.375,5,0.162,-24.636,0,14,0.0412,134.681,0.96,7
0.955,0.503,148827,0.221,0,0.0,1,0.239,-10.955,1,14,0.0434,132.316,0.484,6
0.907,0.8109999999999999,264880,0.155,0,3.47e-05,5,0.157,-17.302,0,19,0.22,110.293,0.488,7
0.799,0.105,152267,0.362,0,0.878,9,0.252,-10.106,0,14,0.0357,90.481,0.0398,8
0.825,0.71,87667,0.201,0,0.0,2,0.334,-20.794,0,0,0.642,72.67699999999998,0.35100000000000003,7
0.61,0.578,550777,0.638,0,0.856,10,0.141,-13.121,0,23,0.0714,88.046,0.746,5
0.0064,0.35,175000,0.938,0,0.838,4,0.915,-7.311,1,37,0.0781,118.568,0.799,3
0.6859999999999999,0.624,191667,0.701,0,0.0,3,0.18600000000000005,-9.644,1,26,0.0461,93.135,0.902,6
1.31e-05,0.243,291573,0.8079999999999999,0,0.0706,9,0.0981,-11.592,1,40,0.0592,169.361,0.225,4
0.8109999999999999,0.8340000000000001,104373,0.54,0,4.94e-05,2,0.25,-6.981,1,20,0.0342,123.118,0.863,6
0.335,0.522,225347,0.5820000000000001,0,9.13e-06,9,0.0521,-6.982,1,30,0.0996,188.941,0.721,5
0.966,0.1,227067,0.0337,0,0.965,10,0.128,-21.455,0,0,0.043,60.007,0.0559,8
0.473,0.502,178760,0.386,0,0.807,5,0.126,-22.718000000000004,0,14,0.0441,82.485,0.774,6
0.12,0.433,261360,0.725,0,4.34e-05,0,0.225,-7.296,1,62,0.0244,89.059,0.376,3
0.285,0.6890000000000001,210738,0.377,0,0.0,1,0.268,-8.761000000000001,1,59,0.0397,143.946,0.294,1
0.04,0.523,244587,0.769,0,0.0,4,0.136,-5.855,1,43,0.0269,136.162,0.8759999999999999,4
0.000589,0.7170000000000001,242440,0.953,1,0.001,11,0.0239,-4.8,1,42,0.0634,125.935,0.706,2
0.000772,0.579,231493,0.963,0,0.00103,6,0.495,-4.4430000000000005,0,48,0.0762,136.061,0.613,2
0.935,0.212,386600,0.265,0,0.000131,2,0.174,-14.373,1,4,0.0519,167.632,0.0399,8
0.691,0.474,273133,0.24,0,0.00458,7,0.26,-17.156,1,32,0.0271,110.513,0.736,6
0.944,0.0,135484,2.03e-05,0,0.8690000000000001,2,0.112,-40.449,0,80,0.0,0.0,0.0,1
0.971,0.575,140667,0.384,0,0.894,8,0.0852,-7.587999999999999,1,55,0.0277,131.986,0.231,2
0.0117,0.317,247733,0.769,0,7.829999999999999e-05,0,0.152,-2.6010000000000004,1,54,0.0364,78.217,0.416,2
0.000463,0.515,249253,0.967,0,0.00603,0,0.568,-4.777,1,43,0.0516,123.987,0.441,3
0.664,0.506,227509,0.215,0,0.00133,11,0.28800000000000003,-14.512,0,27,0.0304,80.178,0.226,5
0.942,0.677,71733,0.106,0,0.0,1,0.106,-13.06,1,0,0.0709,100.404,0.621,7
0.377,0.655,209160,0.5760000000000001,0,0.000106,0,0.17,-8.732999999999999,1,58,0.0316,79.81,0.765,3
0.995,0.826,168493,0.231,0,0.95,2,0.195,-12.302,1,0,0.0939,115.399,0.965,10
0.106,0.3,238427,0.312,0,0.000179,5,0.124,-13.886,1,27,0.0301,180.549,0.394,5
0.345,0.4,231213,0.463,0,4.59e-05,7,0.28600000000000003,-8.455,1,45,0.0288,103.103,0.627,6
0.00136,0.887,469240,0.393,0,0.5870000000000001,0,0.0788,-14.573,1,34,0.0898,122.464,0.337,3
0.648,0.392,179400,0.471,0,0.0,7,0.0703,-9.186,1,29,0.0492,187.356,0.638,6
0.0944,0.629,278800,0.647,0,0.00481,8,0.247,-9.26,1,30,0.0343,135.866,0.652,5
0.985,0.337,631467,0.235,0,0.81,9,0.0959,-17.219,1,1,0.0327,134.96200000000002,0.236,7
0.792,0.476,243947,0.331,0,3.66e-06,10,0.716,-14.461,1,46,0.0427,66.825,0.315,3
0.926,0.589,121600,0.065,0,0.0,0,0.19,-15.9,1,28,0.109,178.75,0.8390000000000001,4
0.8079999999999999,0.444,155667,0.4370000000000001,0,0.013,4,0.384,-12.817,0,22,0.0345,130.244,0.526,6
0.996,0.474,172667,0.00982,0,0.955,8,0.0685,-30.651,0,0,0.0439,133.889,0.155,10
0.00349,0.546,270707,0.7979999999999999,0,0.154,0,0.0663,-12.478,1,40,0.0282,145.814,0.866,4
0.614,0.7040000000000001,97100,0.209,0,0.0,6,0.115,-23.199,1,0,0.947,100.856,0.623,9
0.955,0.267,176353,0.428,0,4.45e-06,6,0.518,-11.578,0,0,0.0409,80.03399999999998,0.32299999999999995,9
0.0328,0.274,524293,0.529,0,0.037000000000000005,5,0.123,-12.981,1,43,0.0365,98.559,0.223,3
0.977,0.693,179907,0.349,0,0.201,4,0.0925,-14.928,0,31,0.0416,113.02,0.447,8
0.711,0.5760000000000001,244067,0.272,0,0.809,7,0.6779999999999999,-21.677,0,19,0.0444,102.076,0.416,6
0.147,0.618,273787,0.732,0,9.23e-06,5,0.0925,-4.609,1,56,0.0724,140.086,0.444,2
0.14300000000000002,0.581,264600,0.6509999999999999,0,1.05e-05,7,0.107,-5.617000000000001,1,62,0.0392,151.959,0.146,2
0.0509,0.7490000000000001,242213,0.698,0,0.0178,9,0.116,-7.774,0,54,0.0486,95.38,0.768,4
0.649,0.685,241453,0.461,0,0.105,9,0.066,-12.123,1,30,0.14300000000000002,109.9,0.858,6
0.0195,0.613,225293,0.765,1,0.0,1,0.039,-3.909,1,52,0.0984,88.262,0.534,1
0.833,0.329,186173,0.48,0,0.17800000000000002,7,0.116,-7.1610000000000005,0,7,0.0372,206.409,0.448,7
0.0489,0.521,244573,0.5920000000000001,1,0.0,9,0.267,-9.801,1,69,0.134,129.754,0.35600000000000004,1
0.439,0.735,242800,0.256,0,0.0,6,0.423,-14.822,1,31,0.925,71.944,0.6409999999999999,4
0.168,0.417,41440,0.995,0,0.73,9,0.0708,-0.64,1,22,0.308,172.866,0.517,4
0.279,0.601,333720,0.636,1,0.0,8,0.455,-5.732,1,51,0.0938,86.99700000000001,0.35100000000000003,1
0.0679,0.604,245040,0.787,0,0.15,0,0.127,-3.674,0,67,0.103,126.062,0.301,1
0.552,0.64,263467,0.313,0,1.43e-06,2,0.112,-16.124000000000002,1,42,0.0341,120.142,0.63,5
4.99e-05,0.411,256227,0.972,0,0.0832,8,0.198,-3.915,1,40,0.145,100.562,0.103,2
0.653,0.444,214333,0.507,0,0.8420000000000001,5,0.0684,-15.689,1,30,0.0365,94.319,0.84,4
0.8220000000000001,0.633,431933,0.376,0,0.0195,9,0.0814,-11.434,1,43,0.0277,88.27600000000002,0.303,5
0.273,0.5920000000000001,363440,0.894,0,0.0177,2,0.6940000000000001,-6.077000000000001,0,49,0.0626,101.245,0.385,2
0.334,0.54,103549,0.48,0,0.0016600000000000002,4,0.177,-8.728,1,63,0.0554,66.918,0.68,1
0.4370000000000001,0.514,237987,0.947,0,0.00758,5,0.139,-8.363,1,26,0.0739,175.24599999999995,0.6829999999999999,5
0.752,0.6920000000000001,110733,0.868,0,2.14e-05,4,0.3,-7.825,1,36,0.086,80.433,0.589,7
0.0651,0.59,170627,0.35600000000000004,0,0.0,2,0.16699999999999998,-14.656,0,48,0.0404,129.639,0.375,6
0.67,0.675,158533,0.36,0,0.0,1,0.159,-6.66,0,76,0.112,64.921,0.5529999999999999,1
0.7290000000000001,0.4920000000000001,370200,0.626,0,0.5329999999999999,4,0.0509,-8.26,1,55,0.0349,86.016,0.524,1
0.619,0.715,223453,0.522,0,2.3e-06,8,0.273,-3.936,1,68,0.0291,125.008,0.573,1
0.008029999999999999,0.311,229200,0.8370000000000001,0,1.41e-06,2,0.136,-4.242,1,38,0.0554,92.32,0.552,2
0.247,0.785,282640,0.778,1,0.0,9,0.652,-6.002999999999999,0,49,0.165,119.976,0.769,1
0.007559999999999998,0.378,210133,0.8959999999999999,0,0.0119,11,0.241,-11.606,1,31,0.0736,192.709,0.725,4
0.993,0.32,51733,0.0884,0,0.00635,2,0.113,-16.285,1,0,0.0391,104.998,0.183,7
2.09e-05,0.281,308787,0.732,0,0.687,9,0.243,-10.817,0,36,0.0429,154.562,0.458,5
0.994,0.438,202811,0.0681,0,0.226,4,0.33,-13.089,0,0,0.121,166.301,0.637,8
0.00976,0.8220000000000001,342857,0.6920000000000001,0,0.755,3,0.0696,-8.041,0,50,0.0371,126.001,0.235,1
0.487,0.654,147760,0.622,0,8.32e-05,0,0.0941,-11.356,1,41,0.0552,111.658,0.84,3
0.777,0.4370000000000001,503333,0.4370000000000001,0,0.0952,5,0.103,-11.915,1,11,0.0518,170.42700000000005,0.748,8
0.114,0.726,432707,0.795,0,0.6890000000000001,0,0.116,-7.0829999999999975,1,0,0.046,119.998,0.106,10
0.411,0.574,194686,0.593,0,1.55e-06,4,0.0966,-5.731,0,72,0.0463,128.07299999999998,0.355,1
0.936,0.439,266667,0.218,0,3.32e-06,1,0.0997,-10.879,1,36,0.0287,92.005,0.206,5
0.974,0.224,479067,0.292,0,0.539,3,0.244,-13.97,1,0,0.0417,92.439,0.116,8
0.14,0.906,264212,0.53,0,0.000204,9,0.102,-6.108,0,47,0.0555,111.017,0.7929999999999999,2
0.112,0.489,76280,0.589,0,0.0088,1,0.0481,-13.904000000000002,1,33,0.0429,177.578,0.893,5
0.634,0.5920000000000001,437373,0.388,0,0.0,6,0.0577,-10.387,1,33,0.21,106.892,0.505,5
0.0152,0.8170000000000001,237120,0.733,0,4.31e-05,2,0.107,-6.009,1,65,0.145,127.056,0.833,2
0.0193,0.407,205587,0.821,0,2.06e-06,0,0.36,-4.987,1,46,0.0657,99.814,0.61,2
0.659,0.532,214240,0.495,0,0.0,10,0.0754,-6.662000000000001,1,71,0.0343,124.936,0.308,5
0.901,0.57,203013,0.0951,0,1.4e-05,0,0.3670000000000001,-18.525,1,25,0.0446,76.531,0.397,6
0.397,0.6829999999999999,350507,0.8690000000000001,0,0.787,0,0.16699999999999998,-3.398,1,38,0.119,131.252,0.8490000000000001,5
0.99,0.2,128107,0.36,0,0.789,2,0.192,-22.759,1,0,0.0554,129.623,0.128,7
0.617,0.725,230693,0.664,0,0.0,1,0.34700000000000003,-5.596,1,47,0.107,154.16,0.738,2
0.257,0.674,192907,0.188,0,0.0,2,0.278,-18.087,1,35,0.0397,136.107,0.557,3
0.0443,0.596,263280,0.769,0,0.0,0,0.527,-6.185,1,54,0.0412,108.078,0.348,1
0.994,0.7929999999999999,180698,0.25,0,0.879,1,0.128,-9.64,1,0,0.133,136.295,0.943,8
0.479,0.599,202857,0.471,0,0.0,6,0.133,-8.552,1,0,0.0945,121.11,0.547,9
0.378,0.596,409027,0.4370000000000001,0,1.52e-05,9,0.139,-11.855,1,48,0.0337,108.721,0.446,3
0.823,0.581,198133,0.38,0,2.35e-05,6,0.0968,-11.352,1,24,0.0458,68.49,0.608,6
0.991,0.205,333147,0.0382,0,0.78,5,0.309,-32.227,0,0,0.039,78.048,0.183,9
0.272,0.649,289960,0.551,0,0.0,0,0.35600000000000004,-11.412,1,35,0.036000000000000004,178.403,0.882,2
0.732,0.7559999999999999,180560,0.175,0,2.47e-06,7,0.0737,-15.094,1,31,0.138,133.907,0.7829999999999999,4
0.013,0.659,216514,0.685,1,0.0,9,0.252,-6.272,1,41,0.324,201.938,0.531,3
0.872,0.71,254747,0.529,0,0.0845,5,0.093,-13.367,1,31,0.077,93.999,0.882,3
0.165,0.56,385733,0.807,0,0.0,10,0.114,-4.506,1,55,0.0327,112.006,0.349,1
0.695,0.581,114760,0.319,0,0.0,2,0.273,-13.693,1,16,0.0282,104.506,0.53,6
0.6990000000000001,0.58,282000,0.299,0,0.00386,10,0.0805,-13.03,1,64,0.0269,93.037,0.364,2
0.988,0.493,201853,0.209,0,0.917,4,0.179,-14.35,1,0,0.0987,127.764,0.589,9
0.0169,0.748,143079,0.219,1,0.0,10,0.204,-20.246,0,0,0.94,106.845,0.604,10
0.287,0.632,297427,0.511,0,0.0,2,0.342,-5.263,1,54,0.0238,109.998,0.35600000000000004,1
0.95,0.16899999999999998,174960,0.239,0,0.000734,7,0.317,-14.877,1,30,0.0327,83.26700000000002,0.103,6
0.35200000000000004,0.609,209533,0.7979999999999999,0,0.0,2,0.0136,-7.184,1,45,0.0323,144.481,0.768,2
0.17,0.722,202308,0.757,0,1.31e-05,0,0.0657,-3.592,0,81,0.0782,167.987,0.763,0
0.603,0.653,228640,0.487,0,0.000512,3,0.227,-15.915,0,29,0.0311,96.36,0.855,5
0.6,0.589,80773,0.504,0,0.0,10,0.0797,-12.588,1,33,0.0584,84.21600000000002,0.5429999999999999,5
0.015,0.7490000000000001,307680,0.99,0,0.688,1,0.136,-4.7860000000000005,1,38,0.0453,125.0,0.763,2
0.72,0.677,133160,0.449,0,0.0,6,0.165,-9.8,1,47,0.034,112.926,0.378,2
0.000136,0.299,239267,0.937,0,0.0,5,0.334,-3.766,0,43,0.0774,139.934,0.56,2
0.13699999999999998,0.664,154360,0.601,0,3.09e-05,2,0.0567,-13.379,1,55,0.0616,168.979,0.934,4
