0.778,0.275,175800,0.201,0,0.927,11,0.112,-20.327,1,61,0.0447,70.005,0.0382,1
0.975,0.706,182656,0.163,0,0.0,9,0.0797,-15.01,1,0,0.456,100.256,0.8390000000000001,9
0.00619,0.71,249933,0.7140000000000001,1,7.11e-05,1,0.245,-9.917,1,48,0.244,103.56,0.355,3
0.0341,0.303,330880,0.713,0,0.862,2,0.0767,-8.976,1,31,0.0426,144.076,0.64,5
0.0153,0.6629999999999999,136933,0.903,1,0.0,7,0.202,-6.676,1,31,0.0708,100.862,0.599,3
0.0889,0.8640000000000001,215107,0.5820000000000001,1,0.0,10,0.085,-8.949,1,54,0.316,111.013,0.151,1
0.99,0.453,259627,0.16399999999999998,0,0.884,0,0.087,-15.722,1,43,0.0446,129.941,0.228,2
0.706,0.503,267240,0.391,0,0.0312,7,0.16699999999999998,-11.528,1,27,0.0306,79.215,0.37,4
0.972,0.166,96560,0.263,0,0.92,9,0.124,-18.907,0,49,0.0357,177.408,0.41,3
0.0822,0.322,138933,0.95,0,0.843,6,0.0955,-3.365,1,20,0.0608,171.90400000000002,0.696,4
0.16699999999999998,0.726,158760,0.565,1,0.0,1,0.262,-5.564,0,60,0.363,133.036,0.597,1
0.444,0.334,582200,0.633,0,0.000915,1,0.196,-9.232,1,33,0.0466,104.27,0.439,3
0.0779,0.595,215907,0.7170000000000001,0,0.00274,0,0.108,-4.803,1,76,0.0295,88.969,0.547,3
0.72,0.57,235973,0.585,0,0.000186,0,0.123,-7.102,1,34,0.0274,125.989,0.41,3
0.485,0.648,164827,0.581,0,0.0,10,0.565,-8.684,1,43,0.0495,146.185,0.61,5
0.785,0.277,137000,0.156,0,0.000412,8,0.134,-17.54,1,49,0.0374,92.373,0.365,6
0.853,0.282,305867,0.564,0,0.815,10,0.319,-8.642000000000001,1,23,0.0293,93.156,0.21,6
0.309,0.612,178013,0.708,1,0.0,2,0.0851,-4.592,0,61,0.469,151.194,0.321,1
9.23e-06,0.547,270240,0.905,0,0.331,4,0.177,-3.751,1,46,0.0712,108.992,0.307,2
0.897,0.675,326493,0.219,0,0.103,11,0.0979,-13.546,0,52,0.0311,105.921,0.313,1
0.963,0.409,279760,0.321,0,0.21600000000000005,0,0.16399999999999998,-16.038,1,40,0.058,112.801,0.34700000000000003,6
0.00451,0.424,208041,0.873,0,0.0202,9,0.109,-6.13,0,38,0.0434,157.403,0.82,5
0.99,0.44,195653,0.0955,0,0.609,3,0.381,-22.877,1,0,0.0426,116.112,0.37,8
0.243,0.632,248440,0.852,0,0.195,2,0.8009999999999999,-9.171,1,37,0.0679,107.871,0.607,3
0.000664,0.802,264693,0.638,0,0.159,9,0.0864,-8.731,0,55,0.0412,133.013,0.963,3
0.536,0.556,246773,0.34600000000000003,0,0.0,0,0.106,-9.809,0,58,0.311,123.869,0.451,2
0.246,0.618,283551,0.693,1,0.0,7,0.112,-5.943,0,71,0.45,170.982,0.454,1
0.0295,0.581,204160,0.963,0,0.0,11,0.139,-4.087,1,78,0.0981,129.99200000000002,0.7879999999999999,1
0.39,0.645,174293,0.411,0,4.48e-06,1,0.628,-12.394,1,20,0.0364,185.104,0.961,4
0.000535,0.404,134240,0.857,0,0.195,11,0.0994,-5.278,0,35,0.0548,165.843,0.54,2
0.98,0.237,165600,0.28600000000000003,0,0.8490000000000001,3,0.161,-17.026,1,0,0.0392,118.135,0.263,8
0.0882,0.6709999999999999,268747,0.867,0,3.2899999999999987e-05,0,0.119,-5.194,0,53,0.0503,132.01,0.698,1
0.85,0.231,222120,0.13,0,1.14e-06,5,0.0832,-14.681,1,58,0.031,87.41799999999998,0.162,1
0.202,0.41,249373,0.821,0,0.0367,11,0.43,-8.557,0,49,0.194,148.665,0.833,6
0.147,0.476,704720,0.382,0,2.34e-06,2,0.23,-10.559,1,23,0.0272,97.617,0.588,6
0.988,0.555,153967,0.421,0,0.836,1,0.105,-9.878,1,0,0.0474,123.31,0.857,10
0.639,0.604,191413,0.541,0,0.0,1,0.16899999999999998,-7.377999999999999,0,67,0.0915,134.326,0.892,1
0.0459,0.593,185733,0.904,0,0.0,11,0.399,-4.895,0,50,0.0463,165.851,0.8170000000000001,2
0.013,0.338,225093,0.873,0,0.0031100000000000004,9,0.938,-8.829,1,48,0.0443,206.664,0.4320000000000001,5
0.6990000000000001,0.542,708347,0.483,0,0.0,1,0.884,-18.115,1,28,0.925,134.09,0.311,6
0.504,0.705,196907,0.59,0,0.0,1,0.116,-5.308,1,61,0.0284,112.565,0.421,1
0.0362,0.536,165107,0.5479999999999999,0,0.0,2,0.0298,-10.012,1,31,0.0359,178.68599999999995,0.965,3
0.124,0.5760000000000001,234893,0.45,0,1.15e-06,8,0.104,-15.42,1,32,0.0357,140.192,0.938,5
0.00881,0.5670000000000001,234507,0.779,0,0.0,10,0.911,-4.538,0,34,0.0443,130.945,0.284,2
0.991,0.61,271189,0.647,0,0.00956,9,0.7140000000000001,-10.295,0,0,0.0651,112.652,0.944,8
0.534,0.328,302585,0.41,0,0.0,0,0.987,-13.43,1,34,0.0353,81.23,0.171,5
0.36,0.561,180107,0.6659999999999999,0,0.0,5,0.0994,-5.604,1,17,0.0382,125.852,0.904,6
0.501,0.606,274040,0.282,0,8.3e-06,9,0.152,-12.207,0,33,0.0339,67.40899999999999,0.563,5
0.889,0.438,211413,0.14800000000000002,0,0.92,0,0.19,-18.129,0,2,0.0443,83.709,0.27,7
0.261,0.847,177200,0.514,0,0.0,4,0.0586,-12.354,0,29,0.0407,126.422,0.762,4
0.0153,0.7959999999999999,250907,0.7979999999999999,0,0.0,6,0.106,-7.456,0,59,0.262,94.016,0.6920000000000001,3
0.209,0.621,216253,0.677,0,2.17e-05,0,0.109,-7.883999999999999,1,45,0.0555,142.44899999999996,0.802,3
0.0232,0.375,360973,0.6579999999999999,0,0.802,9,0.0958,-7.601,0,46,0.0331,148.05100000000004,0.506,3
0.246,0.696,261093,0.675,0,0.00103,0,0.141,-5.6320000000000014,1,49,0.0384,129.01,0.5379999999999999,2
0.00889,0.581,179600,0.498,0,0.0,7,0.217,-14.220999999999998,1,21,0.0363,121.686,0.693,4
0.224,0.482,167307,0.29,0,0.0,0,0.114,-13.433,1,23,0.0375,142.911,0.368,5
0.995,0.35200000000000004,224627,0.189,0,0.888,8,0.141,-14.973,1,0,0.0358,78.319,0.262,7
0.638,0.679,166267,0.425,0,0.0,7,0.0655,-7.962999999999999,1,50,0.0345,109.078,0.753,3
0.994,0.278,199853,0.134,0,0.893,2,0.099,-20.685,1,0,0.0453,109.838,0.336,8
0.214,0.483,224107,0.631,0,0.0,10,0.0974,-3.826,0,61,0.0356,117.988,0.212,2
0.601,0.578,182560,0.156,0,0.000477,2,0.118,-16.604,1,12,0.0283,88.395,0.448,6
0.421,0.318,222080,0.69,0,0.0132,9,0.108,-6.174,1,44,0.0326,149.843,0.37,5
0.921,0.541,168572,0.231,0,2.12e-06,5,0.0703,-16.577,1,0,0.142,174.56,0.5329999999999999,8
0.995,0.35700000000000004,141867,0.172,0,0.861,5,0.139,-18.763,0,0,0.0291,87.501,0.132,10
0.16899999999999998,0.526,234493,0.515,0,0.000816,9,0.181,-11.169,1,69,0.0389,136.543,0.518,4
0.128,0.6829999999999999,281533,0.608,0,0.0,4,0.315,-10.866,1,26,0.0294,151.828,0.769,4
5.96e-05,0.412,250547,0.882,0,0.00031,11,0.0805,-5.54,0,76,0.0369,158.066,0.35600000000000004,3
0.000155,0.5579999999999999,201800,0.923,0,0.104,2,0.342,-4.501,1,51,0.121,133.108,0.467,2
0.254,0.8220000000000001,188320,0.6559999999999999,0,0.0,5,0.329,-6.159,0,59,0.11,94.039,0.7340000000000001,2
0.043,0.387,442173,0.426,0,0.00113,7,0.974,-15.127,1,25,0.0376,127.976,0.35600000000000004,4
0.992,0.467,195827,0.0663,0,0.247,0,0.111,-21.685,1,27,0.0586,126.911,0.493,5
0.287,0.466,219933,0.408,0,0.0,8,0.0533,-17.623,0,50,0.13699999999999998,78.918,0.56,4
0.701,0.4370000000000001,331133,0.269,0,0.88,8,0.0788,-17.907,1,40,0.0356,148.75799999999995,0.654,5
0.0021100000000000003,0.417,713192,0.529,0,0.755,9,0.11,-9.338,0,67,0.0315,114.116,0.0561,1
0.453,0.393,397293,0.7170000000000001,0,0.0,11,0.0914,-9.278,0,27,0.043,135.998,0.7,6
0.654,0.698,121858,0.0946,0,0.212,7,0.127,-17.802,1,21,0.0552,61.304,0.594,5
0.00987,0.315,287693,0.428,0,2.68e-05,5,0.14400000000000002,-11.558,1,41,0.036000000000000004,177.105,0.449,2
0.00503,0.892,240933,0.514,0,0.453,6,0.139,-12.829,0,27,0.12,98.461,0.295,4
0.932,0.5529999999999999,562253,0.151,0,0.81,2,0.14800000000000002,-19.475,1,0,0.0479,78.32600000000002,0.445,9
0.779,0.5329999999999999,277973,0.435,0,0.0,5,0.0882,-9.466,1,4,0.0636,111.327,0.568,7
0.0561,0.57,261782,0.701,0,0.00547,11,0.405,-8.082,0,37,0.0792,87.141,0.292,2
0.906,0.487,200851,0.461,1,0.0,8,0.103,-7.313,0,62,0.0394,79.32,0.138,1
0.581,0.6459999999999999,46533,0.396,1,0.0,2,0.2,-15.787,1,36,0.83,106.534,0.307,3
0.591,0.531,211493,0.619,0,8.95e-06,2,0.308,-12.898,1,22,0.0402,156.811,0.89,5
0.29100000000000004,0.696,185295,0.5660000000000001,0,0.0,9,0.101,-5.945,1,41,0.0283,101.542,0.63,2
0.621,0.537,223693,0.5429999999999999,0,0.0,1,0.925,-10.735,1,31,0.459,134.299,0.6779999999999999,6
0.0266,0.604,239400,0.812,0,1.92e-06,0,0.14300000000000002,-8.196,1,29,0.0415,141.629,0.8859999999999999,4
0.0778,0.8109999999999999,324333,0.502,1,0.00952,10,0.374,-12.377,0,37,0.239,137.81,0.759,3
0.885,0.564,87750,0.2,0,0.941,0,0.118,-16.207,1,53,0.0296,92.904,0.0647,1
0.975,0.595,169081,0.0147,0,0.713,10,0.166,-30.401,0,2,0.0631,65.92699999999999,0.275,7
0.442,0.256,209293,0.463,0,0.0,5,0.121,-10.959,1,59,0.0382,205.362,0.354,3
0.245,0.501,230693,0.723,0,0.00306,7,0.156,-6.053,1,50,0.0355,115.245,0.489,1
0.991,0.391,182960,0.0074,0,0.906,8,0.0962,-26.528,1,16,0.0565,60.667,0.361,6
0.973,0.463,375373,0.11,0,0.764,5,0.118,-14.557,1,10,0.0364,61.539,0.35100000000000003,7
0.498,0.7909999999999999,298240,0.5770000000000001,1,0.47,1,0.12,-6.555,1,56,0.0367,115.07,0.217,1
0.995,0.604,180493,0.146,0,0.517,7,0.116,-13.189,1,0,0.223,176.325,0.7559999999999999,9
0.104,0.677,124267,0.7959999999999999,0,0.8190000000000001,9,0.0896,-6.1789999999999985,1,24,0.0521,126.591,0.885,6
0.516,0.608,135973,0.271,0,1.29e-06,0,0.152,-10.557,1,41,0.0267,80.12899999999998,0.621,2
0.8340000000000001,0.315,204747,0.33,0,0.429,7,0.0984,-10.515,1,0,0.0302,97.992,0.232,9
0.981,0.476,154493,0.329,0,7.840000000000001e-05,2,0.109,-6.704,1,1,0.0293,114.053,0.53,8
0.35100000000000003,0.613,202400,0.738,0,0.377,10,0.123,-4.3439999999999985,0,4,0.035,118.494,0.711,7
0.188,0.5489999999999999,221720,0.916,0,9.9e-06,2,0.161,-4.316,1,52,0.0279,136.993,0.7040000000000001,2
0.764,0.705,170480,0.4370000000000001,0,0.000273,8,0.102,-12.041,1,24,0.0618,129.408,0.747,5
0.295,0.75,177297,0.984,0,0.373,7,0.163,-4.933,0,57,0.078,111.002,0.767,1
0.013,0.414,313319,0.94,0,0.154,10,0.0821,-6.142,0,30,0.0428,116.138,0.6459999999999999,5
0.183,0.428,207519,0.7240000000000001,0,0.000136,11,0.251,-7.2639999999999985,0,58,0.0434,146.917,0.184,1
0.601,0.358,274600,0.211,0,0.0,3,0.094,-14.903,1,39,0.0314,138.863,0.236,4
0.253,0.562,261133,0.5379999999999999,0,0.000334,4,0.116,-11.672,1,36,0.0298,103.41,0.325,3
0.984,0.642,195680,0.292,0,0.923,6,0.133,-11.504,1,0,0.0451,100.617,0.395,8
0.846,0.408,190560,0.28,0,0.0,0,0.64,-12.409,1,36,0.0302,71.544,0.466,5
0.194,0.735,267200,0.821,0,0.0,10,0.0872,-5.905,0,47,0.0413,125.005,0.961,2
0.828,0.364,266667,0.182,0,0.000471,0,0.95,-14.559,1,33,0.0328,116.012,0.119,3
0.593,0.35200000000000004,275283,0.6759999999999999,1,7.79e-05,8,0.471,-5.879,1,52,0.212,79.138,0.35200000000000004,1
0.995,0.232,141080,0.0292,0,0.00514,4,0.264,-20.773000000000003,1,0,0.0518,74.745,0.0736,7
0.269,0.426,199867,0.767,0,0.0,1,0.0996,-4.521,1,55,0.0316,83.97,0.153,1
0.177,0.585,154373,0.723,0,0.0,2,0.115,-5.237,1,55,0.0592,160.836,0.773,1
0.205,0.792,169657,0.657,1,4.1e-06,8,0.196,-4.245,1,62,0.191,169.96900000000005,0.228,1
0.775,0.649,107100,0.136,1,0.0,11,0.6920000000000001,-19.519,0,0,0.961,85.105,0.564,8
0.993,0.329,44107,0.0267,0,0.943,3,0.277,-24.504,1,5,0.115,103.429,0.586,7
0.228,0.857,268773,0.552,0,0.0214,2,0.0733,-12.356,1,29,0.0403,93.8,0.8690000000000001,4
0.00448,0.552,291866,0.934,0,0.0212,4,0.258,-4.039,1,53,0.0299,130.001,0.863,4
0.52,0.643,243000,0.638,0,0.0,9,0.101,-13.745,1,50,0.033,123.705,0.74,5
0.0687,0.732,291707,0.42,0,1.28e-06,6,0.289,-6.867000000000001,1,51,0.0514,137.45,0.473,3
0.995,0.344,198000,0.335,0,0.687,1,0.194,-12.858,1,0,0.0683,121.953,0.667,9
0.46,0.522,186293,0.498,0,0.0,5,0.507,-15.116,1,30,0.039,137.938,0.923,6
0.0299,0.7509999999999999,281080,0.6409999999999999,1,0.0626,11,0.0557,-6.9670000000000005,0,56,0.0461,129.993,0.965,2
0.928,0.451,347427,0.28800000000000003,0,0.95,3,0.334,-13.122,1,0,0.0364,117.842,0.3670000000000001,8
0.382,0.444,638307,0.411,0,1.82e-05,7,0.713,-12.58,0,14,0.0567,174.456,0.586,6
0.979,0.575,57440,0.257,0,0.00107,4,0.227,-12.608,1,0,0.531,69.715,0.175,8
0.775,0.35700000000000004,59760,0.8270000000000001,0,0.0213,11,0.493,-15.868,0,51,0.444,152.13,0.103,1
0.0359,0.413,261507,0.565,0,0.768,9,0.139,-7.2,0,47,0.0288,123.044,0.341,1
0.23,0.5589999999999999,218593,0.462,1,0.0,9,0.0997,-8.843,1,53,0.21600000000000005,115.587,0.65,1
0.439,0.39,158227,0.841,0,0.0,8,0.451,-8.594,1,14,0.112,163.659,0.826,6
0.00937,0.472,236133,0.7140000000000001,0,0.0,1,0.0764,-4.3889999999999985,0,74,0.0334,98.992,0.24,1
0.877,0.433,178805,0.402,0,0.0,3,0.102,-7.018,1,46,0.0474,174.562,0.472,2
0.992,0.448,62987,0.234,0,0.8440000000000001,8,0.134,-15.917,0,0,0.0365,117.755,0.805,8
0.257,0.491,235573,0.57,0,3.65e-06,7,0.0959,-5.9060000000000015,1,50,0.0342,172.92700000000005,0.29600000000000004,1
0.526,0.377,170200,0.14800000000000002,0,0.0,7,0.0675,-14.518,1,27,0.0624,175.226,0.552,6
0.0186,0.5539999999999999,228933,0.82,0,4.91e-05,2,0.161,-5.035,1,54,0.0296,79.14699999999998,0.752,2
0.836,0.24,163400,0.185,0,0.00119,5,0.193,-14.334,0,9,0.0437,181.591,0.266,6
0.995,0.7120000000000001,178200,0.193,0,0.281,0,0.214,-9.135,0,6,0.0389,77.10300000000002,0.376,7
0.986,0.248,335147,0.0738,0,0.284,10,0.268,-20.559,1,0,0.0458,82.67,0.265,9
0.953,0.552,164920,0.0342,0,0.828,2,0.0937,-29.519,1,8,0.0497,119.323,0.67,6
0.141,0.15,230067,0.937,0,0.61,7,0.7709999999999999,-10.328,0,29,0.07400000000000001,176.108,0.199,4
0.151,0.532,218813,0.503,0,1.05e-06,0,0.262,-9.645,1,34,0.0337,143.029,0.774,5
0.36,0.516,248787,0.48,0,1.91e-05,2,0.0968,-7.981,1,27,0.0232,102.312,0.52,4
0.000629,0.5379999999999999,207267,0.551,0,0.249,7,0.146,-10.497,1,31,0.0338,152.59799999999996,0.482,4
0.8590000000000001,0.142,255693,0.113,0,0.838,2,0.107,-25.362,0,63,0.0415,98.575,0.0697,3
0.84,0.522,214933,0.0569,0,5.88e-06,1,0.0904,-20.09,1,22,0.0325,71.113,0.203,4
0.0872,0.6679999999999999,168733,0.477,0,9.42e-05,11,0.0961,-13.992,1,25,0.0298,131.041,0.787,4
0.911,0.755,166600,0.28,0,0.00348,0,0.0664,-12.593,1,20,0.248,204.306,0.975,9
0.777,0.399,137120,0.35,0,0.0,11,0.115,-10.223,1,47,0.0286,107.61,0.667,6
0.461,0.5870000000000001,241798,0.495,0,9.05e-05,9,0.1,-7.063,1,57,0.0302,126.002,0.18,1
0.36,0.602,312773,0.732,0,0.000314,2,0.0755,-8.29,1,61,0.0282,129.355,0.411,4
0.308,0.521,237467,0.443,0,0.0,11,0.475,-8.187999999999999,1,52,0.0395,76.22800000000002,0.596,2
0.163,0.483,300573,0.449,0,0.252,11,0.0863,-10.604,0,24,0.0302,78.608,0.295,4
0.0274,0.392,193147,0.605,0,1.75e-06,1,0.189,-6.204,1,46,0.0338,155.586,0.307,1
0.0663,0.677,198053,0.977,0,0.0,1,0.281,-2.198,0,44,0.0902,148.006,0.902,1
0.0438,0.591,259800,0.534,0,0.000353,2,0.118,-11.934,1,40,0.0275,134.92,0.563,4
0.00415,0.3670000000000001,186933,0.701,0,0.00036,10,0.138,-6.818,1,38,0.0614,150.374,0.453,2
0.989,0.359,48013,0.293,0,0.922,0,0.115,-22.179,1,0,0.0402,98.532,0.0792,8
0.00187,0.317,161133,0.853,1,0.0007019999999999999,7,0.254,-2.7510000000000003,1,51,0.18600000000000005,103.37,0.487,1
0.0453,0.617,255640,0.912,0,0.0,0,0.308,-3.339,1,42,0.0371,144.05,0.687,2
0.343,0.4920000000000001,364217,0.527,0,0.0,9,0.121,-9.49,1,53,0.117,177.87400000000005,0.407,1
0.0121,0.7340000000000001,203347,0.693,0,0.000144,4,0.322,-5.083,0,34,0.119,89.074,0.708,3
0.5489999999999999,0.401,207720,0.507,0,0.0,2,0.16399999999999998,-7.001,1,68,0.08900000000000001,180.159,0.236,1
0.006370000000000001,0.404,231027,0.845,0,1.34e-05,11,0.35700000000000004,-4.647,1,60,0.049,165.703,0.591,1
0.0012,0.422,204333,0.812,0,1.02e-06,7,0.138,-7.508999999999999,1,27,0.0622,150.439,0.7120000000000001,5
0.0026,0.563,190067,0.8420000000000001,1,0.0,6,0.16,-3.639,0,50,0.319,95.392,0.336,2
0.593,0.643,163267,0.321,0,0.000115,7,0.161,-14.237,0,25,0.0287,113.519,0.662,5
0.55,0.7140000000000001,153107,0.7240000000000001,0,0.101,4,0.826,-8.488,1,57,0.042,111.173,0.802,5
0.821,0.7390000000000001,146390,0.522,1,0.00124,7,0.233,-12.304,0,77,0.151,138.263,0.619,1
0.2,0.446,260240,0.395,0,0.0,5,0.11,-13.371,1,47,0.0275,100.415,0.517,3
0.996,0.459,181800,0.102,0,0.923,1,0.196,-19.441,0,0,0.0586,64.434,0.412,9
0.971,0.253,137267,0.0891,0,0.0632,8,0.287,-23.969,1,16,0.0428,81.119,0.0622,8
0.0894,0.573,322187,0.431,0,0.0,2,0.183,-6.88,1,57,0.035,112.408,0.187,2
0.16399999999999998,0.599,222533,0.642,0,3.33e-05,0,0.0992,-6.936,1,48,0.0363,115.412,0.349,2
0.28600000000000003,0.735,398467,0.501,0,0.000101,2,0.0855,-12.806,1,33,0.0348,107.938,0.8170000000000001,4
0.191,0.7659999999999999,173373,0.736,0,0.0,7,0.18600000000000005,-5.358,1,9,0.213,137.358,0.899,6
0.547,0.366,199867,0.7879999999999999,0,0.0134,1,0.318,-9.032,1,0,0.0379,105.008,0.366,7
0.0234,0.607,278627,0.867,0,0.0,1,0.0828,-3.947,1,66,0.041,102.027,0.598,1
0.0202,0.342,494067,0.618,0,0.281,5,0.232,-10.126,0,29,0.0359,142.151,0.807,5
0.0321,0.505,197333,0.828,0,0.0,5,0.138,-5.294,0,43,0.0419,130.565,0.31,2
0.101,0.363,244147,0.622,0,2.34e-06,9,0.8640000000000001,-13.149,1,27,0.107,201.091,0.524,4
0.647,0.482,164620,0.618,0,0.000859,9,0.32,-5.672999999999999,0,66,0.197,90.076,0.146,1
0.789,0.462,199133,0.499,0,0.0,5,0.335,-14.271,0,21,0.0813,79.55199999999998,0.855,6
0.995,0.4370000000000001,95282,0.131,0,0.0,8,0.365,-13.538,1,0,0.052000000000000005,90.799,0.39,8
0.853,0.431,405067,0.5589999999999999,0,0.0052,5,0.12,-10.395,1,17,0.0393,156.64600000000004,0.777,7
0.993,0.703,179801,0.295,0,0.000426,10,0.391,-8.017000000000001,1,10,0.208,106.125,0.696,9
0.0071,0.4970000000000001,176597,0.7040000000000001,0,6.69e-05,2,0.7829999999999999,-8.085,1,27,0.0324,125.919,0.607,4
0.0554,0.5660000000000001,304933,0.626,0,0.000131,7,0.171,-11.934,1,38,0.0252,109.051,0.7659999999999999,3
0.18,0.679,169093,0.682,0,0.0539,7,0.159,-9.01,0,43,0.042,104.238,0.469,3
0.99,0.278,207827,0.201,0,0.935,4,0.174,-16.883,1,0,0.053,178.822,0.339,8
0.985,0.6779999999999999,202240,0.259,0,1.61e-06,8,0.248,-12.537,0,1,0.0564,123.291,0.7340000000000001,8
0.767,0.6729999999999999,288587,0.301,0,9.9e-06,8,0.159,-16.028,1,42,0.0336,126.162,0.596,3
0.0053,0.4270000000000001,191773,0.959,0,0.000107,9,0.0689,-7.026,1,31,0.0451,110.665,0.753,3
0.0546,0.42,235587,0.466,1,0.00389,9,0.298,-5.297999999999999,1,59,0.0326,115.004,0.185,1
0.831,0.6409999999999999,148640,0.355,0,0.0008550000000000001,5,0.11,-10.599,1,77,0.0906,120.032,0.453,1
0.909,0.667,138707,0.409,0,0.0323,0,0.135,-11.247,1,24,0.0301,103.643,0.7090000000000001,5
0.0873,0.7040000000000001,269573,0.544,0,1.66e-05,4,0.041,-11.402,0,61,0.026,120.717,0.628,4
0.743,0.509,256667,0.397,0,0.00036,11,0.131,-9.171,1,51,0.0277,130.709,0.459,4
0.509,0.7070000000000001,181733,0.364,0,0.0,5,0.131,-13.273,1,21,0.294,143.672,0.853,5
0.0675,0.762,199520,0.52,1,3.95e-06,5,0.114,-5.237,0,57,0.0959,75.047,0.0862,1
0.706,0.534,229147,0.29600000000000004,0,2.7e-05,8,0.0749,-15.455,1,31,0.0535,75.666,0.5760000000000001,5
0.994,0.429,309002,0.0298,0,0.945,6,0.0999,-30.214,0,0,0.0438,84.834,0.138,9
0.000108,0.345,193106,0.944,0,0.614,2,0.705,-7.32,1,30,0.0677,97.945,0.496,4
0.0106,0.418,275507,0.948,1,1.54e-06,4,0.875,-4.4910000000000005,1,39,0.0972,143.798,0.307,2
0.208,0.863,213107,0.728,0,0.0,11,0.104,-4.6930000000000005,1,54,0.0327,108.958,0.8740000000000001,2
0.995,0.435,171907,0.174,0,0.685,6,0.13699999999999998,-18.081,0,0,0.0478,165.75099999999995,0.468,8
0.8690000000000001,0.716,163920,0.412,0,0.0,3,0.0624,-12.064,1,46,0.0354,124.251,0.51,6
0.8190000000000001,0.411,241200,0.239,0,0.0,0,0.118,-19.508,1,24,0.0287,106.567,0.546,5
0.573,0.35700000000000004,186573,0.301,0,2.6e-06,5,0.34700000000000003,-8.687000000000001,0,16,0.0305,69.73,0.265,7
0.609,0.374,213867,0.278,0,0.0,9,0.124,-12.765999999999998,1,43,0.0361,126.234,0.153,3
0.358,0.507,478636,0.449,0,2.28e-06,5,0.108,-11.073,0,17,0.055,110.491,0.598,6
0.946,0.14800000000000002,407467,0.00543,0,0.902,7,0.16,-36.101,1,0,0.0392,104.562,0.0373,7
0.8809999999999999,0.469,297173,0.161,0,0.00322,9,0.133,-17.632,1,40,0.0319,134.92700000000002,0.184,2
0.476,0.6729999999999999,251880,0.517,0,0.003,7,0.0929,-9.675,1,23,0.0269,99.84,0.688,5
0.892,0.643,189293,0.182,0,0.0,10,0.597,-21.222,0,0,0.937,62.86,0.568,7
0.989,0.358,108880,0.207,0,0.916,1,0.13699999999999998,-21.895,1,0,0.0329,84.814,0.505,9
0.976,0.454,274387,0.105,0,0.728,8,0.121,-13.187,1,39,0.0356,113.683,0.25,6
0.989,0.68,158507,0.261,0,0.0645,2,0.29600000000000004,-11.59,1,0,0.0562,123.333,0.924,9
0.00748,0.306,425727,0.5820000000000001,0,0.542,4,0.38,-6.564,0,0,0.05,171.055,0.383,9
0.953,0.563,187067,0.468,0,0.0,3,0.738,-15.112,1,10,0.952,149.453,0.633,6
0.377,0.505,183093,0.35700000000000004,0,2.860000000000001e-05,9,0.0684,-16.407,1,21,0.0459,80.681,0.841,5
0.0448,0.475,167533,0.861,0,0.006370000000000001,4,0.479,-6.4170000000000025,1,24,0.0331,149.796,0.611,5
0.969,0.727,264267,0.14800000000000002,0,0.893,5,0.107,-14.265999999999998,1,43,0.049,104.003,0.619,3
0.00305,0.654,382920,0.344,1,0.0243,0,0.202,-19.811,1,36,0.181,98.444,0.701,4
0.698,0.482,203933,0.353,0,0.5329999999999999,2,0.295,-12.021,1,40,0.0287,119.662,0.866,6
0.0721,0.703,244267,0.731,0,0.00191,8,0.138,-6.283,0,47,0.0311,120.028,0.7190000000000001,1
0.996,0.5670000000000001,170593,0.193,0,0.621,4,0.268,-13.338,1,0,0.147,65.829,0.565,8
0.0793,0.539,270627,0.657,0,0.000328,11,0.183,-8.485,1,35,0.0586,117.137,0.6579999999999999,4
0.381,0.423,223947,0.456,1,0.016,2,0.12,-8.45,0,63,0.0579,112.984,0.14800000000000002,1
0.775,0.711,251025,0.182,0,0.0,6,0.173,-18.78,1,0,0.954,129.261,0.48,9
0.929,0.473,150400,0.8240000000000001,0,0.0547,0,0.866,-9.325,0,34,0.17800000000000002,165.457,0.923,3
0.953,0.173,190187,0.384,0,0.606,7,0.376,-11.147,1,0,0.0415,173.96400000000003,0.26,9
0.428,0.6759999999999999,305440,0.49,0,3.91e-05,0,0.09,-11.216,1,25,0.0376,78.36399999999998,0.595,4
0.132,0.825,189147,0.397,0,0.0334,0,0.0972,-10.63,1,42,0.0317,85.571,0.945,5
0.235,0.593,163427,0.5539999999999999,0,0.927,0,0.5489999999999999,-10.004,1,26,0.0293,115.852,0.8240000000000001,5
0.252,0.586,271893,0.527,0,0.0,8,0.119,-7.17,1,44,0.0306,115.989,0.0717,3
0.177,0.33,147013,0.528,0,0.565,2,0.0963,-14.027,0,28,0.0359,158.34,0.599,5
0.667,0.377,212267,0.5670000000000001,0,0.0,0,0.0727,-11.108,1,35,0.0607,93.047,0.586,6
0.705,0.8029999999999999,143333,0.334,0,0.000971,2,0.156,-15.078,1,10,0.036000000000000004,117.357,0.738,7
0.0487,0.81,270120,0.721,1,0.0,9,0.0886,-4.964,0,58,0.265,101.997,0.552,1
0.972,0.415,176653,0.0434,0,0.0,5,0.094,-17.96,0,22,0.0408,76.52600000000002,0.139,6
0.98,0.69,177507,0.139,0,2.87e-06,4,0.091,-11.214,1,17,0.123,100.101,0.525,9
0.0899,0.857,162400,0.583,1,0.0,1,0.204,-7.466,0,62,0.086,132.01,0.443,1
0.345,0.774,271400,0.491,0,0.00987,0,0.326,-11.6,0,40,0.0267,119.565,0.685,3
0.984,0.481,196900,0.369,0,0.898,5,0.353,-12.135,1,0,0.0588,78.317,0.8420000000000001,9
0.872,0.505,126387,0.531,0,0.907,9,0.32299999999999995,-14.878,0,12,0.0354,149.181,0.899,6
0.993,0.274,208627,0.0362,0,0.939,8,0.0972,-29.165,1,49,0.0401,79.543,0.0695,2
0.579,0.588,152733,0.59,0,0.0,4,0.145,-9.209,0,42,0.047,83.88799999999998,0.894,5
0.00868,0.6920000000000001,326467,0.7440000000000001,1,0.000423,2,0.359,-4.565,1,77,0.257,171.37400000000005,0.0612,2
0.8690000000000001,0.459,92333,0.0216,0,0.0,1,0.114,-21.523000000000003,1,31,0.0567,120.871,0.253,4
0.122,0.478,247265,0.456,0,1.98e-05,7,0.214,-6.8439999999999985,1,75,0.0529,171.9,0.268,0
0.988,0.477,357320,0.0451,0,0.0006129999999999999,7,0.14800000000000002,-20.374,1,38,0.043,98.087,0.118,7
0.0149,0.784,176219,0.721,1,0.00424,8,0.285,-5.4570000000000025,1,86,0.0506,121.966,0.895,1
0.4370000000000001,0.703,401240,0.355,0,0.0,10,0.315,-15.962,0,18,0.941,106.698,0.513,8
0.672,0.575,202467,0.489,0,0.000646,8,0.119,-7.428,1,56,0.0273,136.662,0.3,3
0.962,0.298,143200,0.21600000000000005,0,0.665,2,0.21,-24.465,1,0,0.0429,173.926,0.238,8
0.7170000000000001,0.5589999999999999,274891,0.393,0,0.0,0,0.0532,-11.095,1,52,0.0237,90.105,0.669,2
0.961,0.568,125547,0.152,0,0.00324,4,0.102,-11.976,1,0,0.123,160.71200000000005,0.62,7
0.358,0.599,170773,0.478,0,0.0,9,0.422,-9.135,0,37,0.132,117.286,0.525,6
0.931,0.369,218667,0.154,0,0.000236,7,0.0914,-15.175,1,28,0.0569,75.15100000000002,0.188,5
0.949,0.481,146667,0.439,0,0.00106,0,0.104,-13.376,1,15,0.0288,77.797,0.526,6
0.512,0.637,200000,0.46,0,0.00278,5,0.14300000000000002,-9.063,1,48,0.0344,125.836,0.446,3
0.039,0.925,265744,0.659,1,3.04e-05,7,0.0457,-9.168,1,35,0.248,95.395,0.706,3
0.21600000000000005,0.518,375387,0.4920000000000001,1,0.0012,10,0.146,-8.436,0,72,0.193,78.848,0.471,1
0.7490000000000001,0.209,168914,0.586,0,0.0304,7,0.382,-10.11,1,16,0.0505,74.307,0.489,6
0.995,0.579,207493,0.109,0,0.589,4,0.106,-13.39,1,0,0.0641,109.0,0.5770000000000001,10
0.205,0.655,380280,0.8370000000000001,0,0.0,8,0.703,-5.593,1,52,0.14,80.04,0.642,2
0.428,0.513,200467,0.35,0,7.06e-06,7,0.154,-14.043,1,44,0.0265,89.54899999999998,0.342,5
0.7290000000000001,0.7040000000000001,182800,0.4270000000000001,0,0.0,1,0.267,-2.982,1,55,0.0496,182.02,0.894,2
0.8420000000000001,0.6659999999999999,123373,0.493,0,0.0,5,0.225,-9.593,1,51,0.0297,90.842,0.611,7
0.805,0.6970000000000001,364715,0.233,0,0.0,0,0.128,-18.547,1,0,0.961,103.769,0.609,9
0.995,0.5820000000000001,205707,0.0116,0,0.93,4,0.0872,-23.91,0,0,0.0592,80.304,0.262,8
0.00128,0.441,236107,0.764,1,0.00421,8,0.117,-10.19,1,37,0.199,134.572,0.207,4
0.218,0.396,99960,0.332,0,7.76e-06,0,0.383,-12.566,1,21,0.0573,79.352,0.503,5
0.00055,0.57,185080,0.904,0,0.0,5,0.379,-4.377,0,47,0.0746,92.948,0.84,1
0.365,0.479,252733,0.545,0,0.0,7,0.0963,-7.346,1,76,0.0688,74.89699999999998,0.243,1
0.00349,0.336,355304,0.792,0,0.00178,9,0.0437,-10.875,1,20,0.0848,155.588,0.425,5
0.858,0.513,186533,0.16399999999999998,0,0.0,10,0.101,-13.019,1,38,0.105,181.524,0.7020000000000001,5
0.359,0.562,416973,0.665,0,0.00172,1,0.5710000000000001,-11.759,0,30,0.127,175.58900000000003,0.72,5
0.915,0.603,118400,0.606,0,1.98e-05,7,0.111,-8.712,1,14,0.0743,75.152,0.7829999999999999,6
0.193,0.82,177627,0.599,0,1.5e-06,7,0.0725,-7.341,1,51,0.0405,116.132,0.969,2
0.122,0.464,331560,0.737,0,0.000196,1,0.14,-5.501,1,44,0.0341,135.09799999999998,0.19,2
0.89,0.732,196227,0.385,0,0.0291,3,0.0626,-8.389,1,3,0.0442,105.813,0.78,9
0.0016699999999999998,0.256,236173,0.984,0,2.81e-05,4,0.336,-3.981,0,30,0.157,147.11700000000005,0.0588,4
0.875,0.6709999999999999,176613,0.262,0,0.022,5,0.128,-13.302,1,21,0.029,119.136,0.343,6
0.963,0.703,361573,0.0444,0,0.000409,0,0.122,-20.756,1,0,0.758,78.994,0.402,8
0.04,0.502,249215,0.91,0,0.0,7,0.319,-2.769,1,71,0.107,176.084,0.588,1
0.878,0.5760000000000001,136120,0.299,0,9.16e-06,3,0.409,-10.515,1,8,0.0661,201.395,0.983,7
0.99,0.402,571240,0.235,0,0.8859999999999999,1,0.101,-16.086,1,0,0.032,72.298,0.139,10
0.992,0.792,189813,0.156,0,0.139,9,0.125,-12.635,0,0,0.109,113.212,0.8220000000000001,10
0.207,0.752,244720,0.606,1,1.26e-06,9,0.152,-7.162000000000001,0,60,0.0912,93.024,0.409,1
0.00214,0.475,288840,0.954,0,0.0115,6,0.244,-7.322,0,31,0.0378,169.40599999999995,0.415,4
0.6,0.748,243027,0.721,0,0.154,10,0.354,-12.866,1,24,0.117,110.664,0.938,6
0.865,0.648,257307,0.309,0,0.0797,9,0.107,-13.944,0,44,0.039,98.802,0.534,2
0.000849,0.279,381480,0.49,0,0.0602,5,0.433,-7.67,0,49,0.0371,138.82299999999998,0.389,3
0.706,0.304,203600,0.703,0,0.0,9,0.0642,-7.415,1,31,0.11,72.183,0.222,4
0.214,0.635,270533,0.652,0,0.000954,9,0.179,-8.987,0,32,0.0252,110.301,0.59,3
0.471,0.6459999999999999,219893,0.733,0,0.000173,7,0.35100000000000003,-5.746,1,49,0.0311,156.018,0.919,1
0.966,0.251,342665,0.204,0,0.3670000000000001,0,0.115,-16.340999999999998,0,0,0.0448,87.86200000000002,0.428,8
0.243,0.67,277627,0.725,0,0.000322,10,0.132,-13.207,1,29,0.0326,135.672,0.914,4
0.0103,0.868,266333,0.3720000000000001,1,0.00455,4,0.076,-12.704,0,53,0.177,99.965,0.6659999999999999,3
0.994,0.768,171000,0.236,0,0.568,1,0.156,-8.349,1,0,0.127,113.729,0.5720000000000001,9
0.0332,0.79,280800,0.624,0,0.00115,7,0.187,-13.953,1,43,0.0322,120.559,0.82,5
0.0245,0.623,228467,0.8859999999999999,0,0.0,1,0.247,-3.044,1,60,0.0404,92.021,0.7090000000000001,1
0.718,0.234,202000,0.105,0,0.00147,0,0.124,-20.647,1,21,0.0373,110.238,0.193,6
0.669,0.6809999999999999,172627,0.504,0,0.0,7,0.142,-11.099,1,68,0.0284,89.994,0.705,3
0.266,0.34600000000000003,221440,0.73,0,6.38e-06,9,0.133,-3.508,1,43,0.0365,119.224,0.293,4
0.0067,0.607,210560,0.807,0,1.18e-06,0,0.251,-6.547999999999999,0,51,0.126,128.046,0.565,2
0.995,0.501,159374,0.128,0,0.87,5,0.13699999999999998,-27.375,1,0,0.0582,153.813,0.8440000000000001,8
0.5379999999999999,0.8640000000000001,254667,0.6809999999999999,0,0.0,8,0.555,-6.032,1,57,0.232,118.061,0.7340000000000001,1
0.568,0.583,210233,0.3670000000000001,0,0.0,2,0.14400000000000002,-10.576,1,40,0.0311,72.059,0.197,2
0.000399,0.451,478533,0.624,0,0.569,10,0.118,-11.713,0,28,0.0362,93.748,0.419,4
0.445,0.61,239733,0.863,0,3.87e-06,3,0.685,-8.559,1,38,0.073,116.723,0.527,3
0.993,0.467,195707,0.0206,0,0.911,10,0.108,-28.104,1,15,0.0525,72.131,0.0736,7
0.8140000000000001,0.546,159608,0.398,0,0.0959,0,0.314,-17.06,1,0,0.0671,157.92700000000005,0.964,8
0.994,0.364,171253,0.13,0,0.877,2,0.103,-19.172,1,0,0.0406,162.159,0.0703,8
0.342,0.38,246413,0.627,0,0.000231,10,0.092,-9.647,1,36,0.267,95.797,0.255,6
3.68e-05,0.401,328200,0.995,0,0.00128,6,0.17600000000000002,-2.8310000000000004,0,49,0.118,116.444,0.112,2
0.971,0.464,181691,0.264,0,0.0,10,0.43,-9.228,1,0,0.0757,62.688,0.602,8
0.515,0.28,280893,0.3670000000000001,0,0.00548,7,0.117,-9.261,1,31,0.0271,75.684,0.193,5
0.989,0.411,183680,0.305,0,0.0032700000000000003,0,0.332,-9.514,1,0,0.0582,99.371,0.5820000000000001,9
0.933,0.414,233718,0.21600000000000005,0,0.199,0,0.202,-17.000999999999998,0,0,0.0331,119.512,0.182,9
0.557,0.782,223667,0.455,0,0.51,2,0.0538,-9.613,1,45,0.0303,100.025,0.585,2
0.841,0.49,178560,0.324,0,0.0,0,0.123,-8.287,1,40,0.0273,110.958,0.381,4
0.805,0.505,254305,0.258,0,0.0,11,0.12,-12.193,0,66,0.0297,141.003,0.6409999999999999,5
0.974,0.376,147231,0.166,0,0.000857,9,0.39,-12.731,0,0,0.0413,104.208,0.195,9
0.048,0.353,319733,0.468,0,0.000153,7,0.0987,-15.002,1,45,0.0623,187.206,0.473,4
0.948,0.505,160800,0.16,0,0.217,3,0.0871,-13.19,1,2,0.0321,75.57,0.35200000000000004,7
0.192,0.769,218744,0.482,1,0.0,10,0.0903,-7.205,1,61,0.0502,120.959,0.487,1
0.179,0.568,258667,0.732,0,4.92e-06,11,0.401,-4.896,0,67,0.103,186.048,0.626,2
0.632,0.314,278600,0.409,0,0.664,7,0.877,-9.425,1,22,0.0395,178.375,0.421,6
0.624,0.498,227760,0.2,0,3.29e-06,7,0.189,-17.628,1,28,0.0359,153.614,0.56,5
0.7859999999999999,0.44,165520,0.594,0,0.0486,9,0.394,-5.2,1,0,0.21600000000000005,152.572,0.862,7
0.979,0.524,198626,0.0896,0,0.925,0,0.124,-21.503,1,0,0.0369,84.861,0.285,7
0.974,0.376,56173,0.202,0,0.926,7,0.16899999999999998,-24.919,1,0,0.0722,179.68099999999995,0.5489999999999999,7
0.961,0.505,204560,0.299,0,0.0007379999999999999,10,0.32299999999999995,-10.107,1,2,0.0354,95.119,0.62,9
0.0419,0.382,298360,0.7559999999999999,0,0.0016,4,0.0958,-6.05,0,24,0.0312,106.022,0.746,5
0.531,0.521,189213,0.593,0,0.0,8,0.337,-10.717,1,28,0.0346,112.749,0.799,6
0.212,0.8170000000000001,219373,0.61,0,0.000264,6,0.223,-12.522,0,31,0.0292,108.039,0.943,4
0.948,0.204,131800,0.0146,0,0.161,10,0.106,-27.592,1,0,0.0361,87.506,0.0344,7
0.863,0.114,898973,0.0329,0,0.366,7,0.281,-29.295,1,0,0.0422,86.921,0.0389,8
0.315,0.754,176133,0.805,0,0.0,6,0.203,-4.249,1,76,0.0752,93.982,0.555,1
0.985,0.475,362747,0.17600000000000002,0,0.871,7,0.133,-19.751,1,0,0.0393,149.578,0.812,8
0.282,0.797,173558,0.518,1,0.0,7,0.0954,-12.625,1,55,0.281,139.988,0.7170000000000001,1
0.662,0.691,172267,0.399,0,3.66e-05,4,0.384,-14.412,1,21,0.0383,164.02599999999995,0.904,4
0.0266,0.466,313573,0.833,1,0.0,7,0.0327,-4.215,1,78,0.304,88.785,0.6609999999999999,3
0.619,0.446,170147,0.277,0,0.000554,0,0.153,-12.026,1,24,0.034,159.435,0.768,5
0.742,0.684,68760,0.4370000000000001,0,1.58e-05,9,0.224,-10.522,1,34,0.0491,107.607,0.964,6
0.5429999999999999,0.716,263267,0.914,0,0.000115,11,0.0801,-6.04,1,42,0.0347,133.162,0.966,5
0.46,0.329,201333,0.321,0,0.0,5,0.161,-10.869000000000002,1,27,0.0531,89.126,0.443,5
0.109,0.778,203253,0.458,0,6.63e-05,10,0.0752,-9.19,1,56,0.0325,82.256,0.88,3
0.8440000000000001,0.185,182693,0.124,0,0.000321,8,0.358,-15.582,1,15,0.0359,71.887,0.0843,7
0.0966,0.66,194667,0.639,0,0.00104,9,0.0442,-12.749,1,57,0.0369,84.124,0.843,3
0.916,0.6609999999999999,182387,0.35700000000000004,0,0.0048,5,0.159,-7.224,0,28,0.03,98.689,0.74,6
0.3720000000000001,0.628,98700,0.154,1,0.0,11,0.563,-17.542,0,0,0.942,172.688,0.631,9
0.917,0.173,279240,0.0586,0,0.905,3,0.099,-24.566,1,40,0.0465,142.394,0.119,3
0.077,0.7929999999999999,227427,0.446,1,0.0,11,0.235,-7.555,0,40,0.341,81.971,0.384,2
0.736,0.6409999999999999,284400,0.433,0,4.09e-05,0,0.123,-10.390999999999998,1,28,0.0334,121.824,0.452,5
0.0125,0.378,148560,0.913,0,0.00234,2,0.988,-5.799,1,22,0.0917,158.918,0.433,5
0.995,0.603,210400,0.218,0,0.0597,7,0.319,-17.051,1,1,0.209,125.716,0.443,8
0.000217,0.5710000000000001,226720,0.926,0,0.00376,8,0.0522,-3.576,0,48,0.0479,133.903,0.5760000000000001,1
0.94,0.524,258400,0.413,0,0.0115,2,0.34600000000000003,-10.102,1,0,0.042,91.676,0.8240000000000001,8
0.956,0.42,118733,0.191,0,0.033,1,0.101,-15.388,0,2,0.0325,82.12100000000002,0.384,7
0.629,0.4920000000000001,315733,0.621,0,0.0162,0,0.777,-12.119000000000002,1,34,0.13699999999999998,169.046,0.6779999999999999,5
0.238,0.551,207200,0.635,0,0.0,6,0.184,-4.3260000000000005,1,35,0.0505,78.715,0.8009999999999999,6
0.981,0.406,291693,0.128,0,0.0148,10,0.718,-20.665,0,18,0.0611,123.631,0.2,7
0.162,0.6459999999999999,191507,0.706,0,3.82e-05,11,0.205,-7.099,1,24,0.0267,117.769,0.7390000000000001,6
0.021,0.5920000000000001,234640,0.8809999999999999,0,1.75e-05,4,0.122,-7.8279999999999985,1,44,0.06,125.87,0.649,3
0.406,0.42,244760,0.289,0,0.457,3,0.117,-16.038,1,26,0.0565,78.632,0.6990000000000001,6
0.962,0.363,262933,0.107,0,0.0301,8,0.15,-13.335,1,3,0.0387,57.503,0.316,7
0.6990000000000001,0.578,156533,0.816,0,0.0,3,0.281,-4.634,1,14,0.0408,136.76,0.6970000000000001,6
0.000493,0.455,239240,0.8490000000000001,0,1.52e-05,7,0.466,-5.461,0,59,0.0284,90.955,0.5329999999999999,2
0.195,0.648,297227,0.895,1,0.00132,10,0.0335,-3.187,1,49,0.28,82.12200000000001,0.8170000000000001,2
0.467,0.337,371000,0.263,0,0.173,1,0.32299999999999995,-17.125999999999998,1,9,0.0394,82.412,0.4,7
0.991,0.644,252267,0.157,0,0.92,7,0.101,-16.323,0,49,0.0407,82.251,0.448,3
0.0071,0.454,120857,0.957,0,0.0,0,0.175,-4.684,1,30,0.307,70.898,0.219,4
0.0937,0.816,294053,0.547,0,0.00548,7,0.0759,-10.115,1,37,0.0336,117.163,0.97,5
0.153,0.459,274080,0.8220000000000001,0,0.318,0,0.16399999999999998,-8.874,1,22,0.0416,96.493,0.846,5
0.696,0.616,232480,0.557,0,0.487,10,0.128,-9.598,1,26,0.0522,115.745,0.49,5
0.6559999999999999,0.642,209067,0.341,0,5.22e-06,9,0.17600000000000002,-13.336,1,21,0.0537,137.27700000000002,0.503,5
0.992,0.631,222160,0.273,0,0.8170000000000001,9,0.108,-15.984000000000002,1,0,0.0662,133.838,0.833,7
0.98,0.477,197178,0.18600000000000005,0,0.00319,1,0.116,-9.191,1,0,0.0459,86.556,0.502,7
0.482,0.552,330187,0.514,0,0.0,9,0.234,-9.632,1,40,0.0284,84.259,0.402,3
0.485,0.682,327520,0.753,0,0.000875,10,0.0905,-4.743,0,36,0.0414,93.576,0.961,5
0.00864,0.583,275987,0.8290000000000001,0,0.0,1,0.0426,-4.603,1,80,0.134,174.028,0.575,2
0.121,0.276,267573,0.93,0,0.0,2,0.337,-7.784,1,32,0.133,183.282,0.239,5
0.994,0.441,68987,0.363,0,0.8959999999999999,2,0.18600000000000005,-14.18,1,8,0.0365,88.37899999999998,0.962,7
0.0675,0.6779999999999999,338933,0.659,1,0.0,1,0.32,-5.146,0,48,0.35600000000000004,177.71099999999996,0.295,3
0.737,0.4920000000000001,263133,0.35200000000000004,0,0.0,1,0.111,-14.948,1,47,0.0275,79.369,0.262,4
0.792,0.386,226067,0.145,0,0.000196,0,0.1,-16.94,1,69,0.0362,171.63,0.262,4
0.625,0.454,164760,0.6459999999999999,0,0.731,10,0.0771,-15.903,1,22,0.0508,152.616,0.767,6
0.404,0.422,189093,0.364,0,0.0,5,0.206,-7.733,1,42,0.0264,107.268,0.21600000000000005,3
0.0707,0.721,261413,0.521,0,0.005520000000000001,2,0.127,-8.123,1,73,0.0612,123.118,0.942,5
0.138,0.858,199390,0.731,1,1.7100000000000002e-05,2,0.0987,-4.121,1,59,0.0961,164.054,0.431,1
0.778,0.35100000000000003,374840,0.493,1,0.795,7,0.0958,-12.02,1,24,0.049,157.92700000000005,0.3720000000000001,4
0.982,0.8340000000000001,183297,0.596,0,0.149,4,0.127,-11.178,0,3,0.0771,116.754,0.613,8
0.261,0.644,237373,0.843,0,0.0,4,0.0947,-6.247000000000001,0,55,0.0512,83.024,0.882,2
0.983,0.108,295960,0.13,0,0.862,8,0.107,-18.402,1,0,0.0377,73.222,0.16699999999999998,7
0.363,0.726,166696,0.727,1,0.0,9,0.231,-4.919,1,63,0.0969,77.543,0.815,1
0.00455,0.484,273333,0.7909999999999999,0,0.0844,7,0.08,-6.8870000000000005,1,46,0.0705,162.16299999999995,0.407,2
0.0111,0.371,240507,0.792,1,0.897,4,0.141,-12.720999999999998,1,40,0.0341,97.106,0.5329999999999999,3
0.977,0.168,238120,0.0601,0,0.91,6,0.109,-29.499,1,0,0.0457,105.551,0.0679,7
0.912,0.579,169933,0.17,0,0.0,2,0.632,-9.909,0,3,0.0488,123.818,0.469,8
0.0018,0.581,190707,0.888,0,0.0,0,0.413,-3.198,1,51,0.0587,120.041,0.629,1
0.0444,0.499,232933,0.836,0,0.0,4,0.0843,-5.348,1,42,0.0325,88.001,0.5429999999999999,2
0.637,0.534,290107,0.39,0,0.000759,5,0.0961,-10.49,1,52,0.027000000000000003,142.878,0.213,3
0.6559999999999999,0.477,495733,0.294,0,0.00175,8,0.227,-14.373,1,16,0.0467,104.519,0.354,6
0.99,0.5720000000000001,194973,0.21,0,0.000688,6,0.175,-10.076,0,0,0.0463,117.629,0.5920000000000001,7
0.0381,0.7090000000000001,202693,0.856,1,0.0,11,0.115,-2.9130000000000003,0,54,0.297,90.195,0.642,2
0.696,0.423,179160,0.423,0,0.0,5,0.0812,-8.43,1,40,0.0354,203.938,0.889,3
0.772,0.28600000000000003,262333,0.242,0,1.5e-05,1,0.13699999999999998,-15.304,1,23,0.0337,112.738,0.238,5
0.941,0.428,223237,0.0204,0,0.00918,5,0.0807,-25.487,1,37,0.0333,139.537,0.0521,4
0.59,0.597,194268,0.581,0,4.38e-06,1,0.13699999999999998,-4.565,0,69,0.0366,147.987,0.212,1
0.982,0.399,175627,0.5710000000000001,0,0.146,4,0.105,-7.237999999999999,1,0,0.0634,188.416,0.728,9
0.931,0.293,349360,0.255,0,0.79,2,0.377,-12.554,1,0,0.0541,68.53399999999999,0.484,7
0.75,0.388,151733,0.501,0,0.642,7,0.114,-15.55,1,16,0.0327,163.751,0.906,6
0.16399999999999998,0.458,201600,0.778,0,0.0,1,0.315,-4.831,0,62,0.279,72.55,0.312,3
0.899,0.6709999999999999,90266,0.49,0,0.0016600000000000002,2,0.46,-9.582,0,0,0.0503,129.168,0.92,9
0.0679,0.467,254853,0.974,0,0.095,7,0.391,-3.175,0,49,0.131,129.083,0.136,2
0.893,0.373,115427,0.133,0,9.17e-06,4,0.11,-15.325,1,7,0.0294,78.315,0.243,7
0.00427,0.833,228284,0.517,0,0.000659,11,0.0607,-11.829,0,45,0.114,80.014,0.825,2
0.3720000000000001,0.763,199549,0.5579999999999999,1,0.0,0,0.12,-5.506,1,71,0.285,77.02600000000002,0.276,0
0.989,0.5870000000000001,290693,0.0623,0,0.121,5,0.0979,-15.66,0,27,0.0462,129.645,0.2,7
0.995,0.34600000000000003,160493,0.57,0,0.000189,0,0.128,-5.127000000000002,0,0,0.0341,81.259,0.575,8
0.691,0.471,208000,0.22,0,0.0,5,0.104,-9.243,1,33,0.037000000000000005,133.714,0.26,0
0.339,0.561,333360,0.6579999999999999,0,0.0159,7,0.138,-7.814,0,26,0.0576,109.994,0.908,5
0.995,0.546,168803,0.308,0,0.861,0,0.11,-12.864,1,0,0.0826,87.118,0.887,9
0.495,0.626,301800,0.69,0,0.0,11,0.48,-5.0760000000000005,0,48,0.0393,140.028,0.8079999999999999,2
0.108,0.7170000000000001,189907,0.638,0,0.0005549999999999999,3,0.31,-12.419,1,40,0.0553,110.35,0.902,5
0.227,0.26,165627,0.0875,0,0.857,5,0.132,-20.519,0,30,0.0372,68.973,0.032,6
0.994,0.768,175493,0.155,0,0.6890000000000001,2,0.113,-13.473,1,0,0.113,111.871,0.7390000000000001,10
0.917,0.552,352147,0.225,0,0.862,10,0.0996,-16.792,0,35,0.0491,79.844,0.43,7
0.431,0.484,204280,0.731,0,0.0,1,0.151,-6.694,1,79,0.0379,101.654,0.51,1
0.00316,0.66,219133,0.897,0,2.25e-05,5,0.116,-5.558,1,53,0.0257,111.193,0.67,4
0.183,0.61,319800,0.626,0,0.000151,4,0.168,-8.759,1,37,0.0514,122.022,0.523,5
0.41,0.695,182987,0.419,0,0.00151,2,0.111,-12.24,1,28,0.0502,137.13299999999998,0.884,5
0.0276,0.383,388200,0.536,0,0.219,5,0.245,-18.232,0,36,0.0377,104.029,0.7609999999999999,5
0.315,0.524,247667,0.5660000000000001,0,3.2899999999999987e-05,9,0.112,-8.024,1,30,0.0351,91.456,0.429,4
0.799,0.321,146840,0.29,0,0.00324,9,0.361,-13.927,1,64,0.0343,92.375,0.0783,2
0.994,0.318,531893,0.0034100000000000003,0,0.933,11,0.108,-33.516,1,0,0.0421,100.353,0.159,8
0.000949,0.314,401693,0.951,1,0.000454,1,0.0652,-5.761,0,46,0.111,122.451,0.0997,2
0.946,0.15,220133,0.0116,0,0.952,0,0.107,-30.681,1,25,0.0496,105.51,0.0386,6
0.224,0.364,249933,0.61,0,0.0,4,0.305,-5.859,1,36,0.0305,186.427,0.37,4
0.98,0.16399999999999998,214053,0.104,0,0.907,3,0.156,-20.424,1,0,0.0369,61.892,0.0515,8
0.8190000000000001,0.475,200560,0.37,0,0.0577,4,0.0841,-7.725,0,69,0.0361,144.828,0.157,1
0.0255,0.373,390408,0.857,0,0.00092,6,0.983,-7.891,1,45,0.0729,128.1,0.139,4
0.4270000000000001,0.46,167000,0.7120000000000001,0,0.0164,7,0.518,-8.254,1,41,0.259,95.023,0.473,3
0.973,0.494,183440,0.0156,0,9.16e-05,1,0.0825,-19.977,1,25,0.0395,110.816,0.265,4
0.231,0.632,347253,0.4270000000000001,0,0.00115,6,0.111,-12.508,0,32,0.0293,111.679,0.237,5
0.634,0.6579999999999999,195857,0.425,1,0.0,7,0.129,-6.621,0,21,0.0401,140.067,0.227,0
0.0155,0.5660000000000001,283538,0.5870000000000001,0,2.05e-05,6,0.111,-5.96,1,65,0.0308,82.046,0.246,1
0.0611,0.679,198760,0.5529999999999999,0,7.16e-06,3,0.139,-14.687,1,24,0.0316,109.071,0.946,4
0.7040000000000001,0.474,237440,0.343,0,0.0,4,0.322,-11.827,1,52,0.0307,149.716,0.342,4
0.45,0.486,266110,0.5429999999999999,0,0.0215,9,0.302,-13.251,0,26,0.0437,91.388,0.732,6
0.369,0.399,192107,0.496,0,1.52e-05,7,0.114,-10.148,1,30,0.0349,97.644,0.465,5
0.993,0.441,205560,0.211,0,0.894,3,0.111,-14.109000000000002,0,0,0.0542,106.075,0.564,8
0.105,0.7759999999999999,237347,0.943,1,0.0,1,0.212,-2.559,1,49,0.257,119.858,0.695,2
0.213,0.726,188387,0.711,0,1.41e-06,7,0.326,-7.728,1,62,0.0414,105.034,0.708,5
0.108,0.562,216013,0.685,0,2.55e-05,0,0.084,-7.1720000000000015,1,40,0.0528,94.881,0.616,2
0.843,0.251,1037451,0.348,0,0.917,10,0.196,-20.339,0,30,0.0534,130.186,0.0361,5
0.013,0.725,231933,0.8029999999999999,0,3.66e-05,2,0.0891,-4.083,1,69,0.0337,117.391,0.403,2
0.232,0.483,240800,0.275,0,0.0,0,0.125,-13.609000000000002,1,62,0.0418,138.063,0.31,6
0.911,0.586,209733,0.321,0,0.000166,5,0.268,-8.36,1,4,0.0378,85.98100000000002,0.513,9
0.913,0.39,701187,0.331,0,0.000271,5,0.107,-9.3,0,27,0.0369,96.328,0.16399999999999998,4
0.0266,0.541,235840,0.5720000000000001,0,0.18600000000000005,0,0.0925,-9.634,1,59,0.0277,126.302,0.406,2
0.00259,0.388,194427,0.939,1,1.72e-06,8,0.221,-4.612,1,36,0.0487,176.047,0.933,2
0.59,0.6809999999999999,164493,0.402,0,6.09e-05,0,0.0912,-15.316,1,23,0.0395,106.837,0.912,4
0.818,0.458,169027,0.349,0,0.8029999999999999,0,0.0431,-7.664,1,33,0.0342,117.009,0.6609999999999999,6
0.258,0.917,339267,0.745,0,2.39e-05,7,0.382,-4.424,0,51,0.18600000000000005,142.001,0.935,2
0.000136,0.383,259733,0.73,0,0.872,9,0.14,-8.339,1,41,0.0387,109.461,0.271,3
0.72,0.637,150893,0.431,0,0.0,4,0.106,-14.241,1,20,0.0302,112.2,0.9,6
0.00586,0.634,236931,0.6920000000000001,0,0.000116,1,0.0726,-5.646,0,61,0.0997,140.029,0.0839,1
0.812,0.643,236507,0.203,0,0.219,5,0.376,-18.487,1,31,0.0295,93.003,0.22,4
0.00761,0.7809999999999999,224773,0.648,0,0.0,5,0.132,-8.216000000000001,1,51,0.0264,121.93,0.546,4
0.983,0.0762,236747,0.0528,0,0.906,3,0.105,-33.396,1,42,0.0365,80.67,0.133,4
0.969,0.412,176893,0.371,0,0.835,9,0.145,-9.596,1,0,0.0416,124.162,0.539,8
0.413,0.4920000000000001,253165,0.7,0,0.00013000000000000002,8,0.0996,-7.001,1,60,0.0437,110.741,0.605,1
0.0116,0.72,146914,0.647,0,0.000206,1,0.5710000000000001,-5.4110000000000005,0,66,0.0642,157.877,0.809,1
0.979,0.16,190933,0.153,0,0.000234,7,0.34600000000000003,-14.925,1,18,0.0353,171.74900000000005,0.11,7
0.000796,0.626,282240,0.438,1,2e-06,2,0.36,-15.076,1,23,0.238,179.205,0.711,4
0.995,0.342,508413,0.0784,0,0.897,10,0.208,-21.845,0,11,0.0352,137.425,0.0625,6
0.626,0.6559999999999999,134269,0.36,0,0.0,10,0.118,-11.587,1,13,0.0603,125.723,0.8540000000000001,8
0.246,0.583,178753,0.767,0,0.0165,0,0.17,-3.004,1,33,0.0266,127.959,0.846,5
0.0992,0.797,182186,0.6509999999999999,0,0.856,9,0.119,-13.858,1,42,0.0424,146.181,0.862,5
0.4370000000000001,0.725,210747,0.81,0,0.0004570000000000001,2,0.121,-9.509,1,46,0.0358,120.231,0.926,4
0.487,0.679,153373,0.174,1,0.0,0,0.242,-21.955,1,0,0.928,75.86,0.82,10
0.988,0.332,297360,0.14300000000000002,0,2.92e-05,0,0.0925,-16.593,1,0,0.0445,125.716,0.154,7
0.6509999999999999,0.7290000000000001,229320,0.557,0,0.000123,6,0.262,-11.264,1,52,0.243,92.814,0.897,2
0.114,0.659,281493,0.51,0,0.0038,5,0.1,-11.54,1,47,0.0287,112.89,0.688,3
0.8690000000000001,0.158,1112760,0.0524,0,0.133,8,0.185,-24.832,1,0,0.0401,135.66899999999998,0.0383,7
0.338,0.721,213907,0.439,0,0.00028900000000000003,11,0.116,-7.982,0,52,0.103,79.55,0.895,3
0.988,0.361,223347,0.185,0,0.899,5,0.21,-14.602,1,49,0.0362,129.439,0.401,2
0.16699999999999998,0.8290000000000001,260187,0.6629999999999999,0,1.6800000000000002e-05,11,0.109,-4.61,0,49,0.0794,109.652,0.6679999999999999,4
0.0137,0.202,236413,0.471,0,0.000319,4,0.104,-13.194,0,21,0.0346,81.75,0.391,6
0.948,0.105,263493,0.0355,0,0.965,0,0.0956,-25.317,1,53,0.0393,91.169,0.039,6
0.8690000000000001,0.659,162733,0.376,0,0.0,7,0.118,-10.738,1,19,0.0254,94.883,0.645,5
0.00213,0.6,203973,0.877,1,0.0,5,0.413,-4.351,1,52,0.165,133.998,0.55,1
0.0159,0.7490000000000001,230573,0.7040000000000001,0,2.02e-06,6,0.0886,-5.415,0,56,0.269,145.618,0.821,2
0.0209,0.6459999999999999,231787,0.94,0,0.0,10,0.0691,-2.8560000000000003,0,64,0.0838,129.011,0.7040000000000001,1
0.0153,0.5329999999999999,207747,0.958,1,0.0,9,0.4,-2.735,0,56,0.158,140.055,0.505,1
0.00866,0.64,272093,0.883,1,0.0,5,0.488,-4.011,0,47,0.0497,130.005,0.379,2
0.988,0.701,1661320,0.133,0,2.2e-05,6,0.246,-23.062,1,19,0.8759999999999999,112.573,0.534,5
0.0008990000000000002,0.624,205133,0.931,0,0.00149,11,0.0631,-9.988,0,53,0.116,119.887,0.14,1
0.00191,0.476,226349,0.991,1,0.0,4,0.121,-2.855,0,65,0.15,82.99700000000001,0.202,0
0.546,0.425,155587,0.455,0,3.9e-05,7,0.114,-10.009,1,36,0.0338,127.162,0.384,6
0.993,0.277,84947,0.163,0,0.913,3,0.227,-21.374,1,0,0.0587,173.827,0.313,7
0.00558,0.7020000000000001,225933,0.77,0,0.000802,7,0.211,-9.411,1,71,0.128,118.034,0.235,1
0.0367,0.66,179960,0.453,0,0.00192,0,0.115,-15.793,1,20,0.0546,79.294,0.972,5
0.931,0.231,208480,0.0167,0,0.931,0,0.198,-23.395,0,0,0.0397,122.1,0.17600000000000002,8
0.905,0.7809999999999999,157000,0.133,0,0.0322,8,0.134,-20.835,1,38,0.0591,108.433,0.727,6
0.967,0.282,141280,0.231,0,0.977,9,0.16,-19.909,1,0,0.0449,94.151,0.585,7
0.5710000000000001,0.414,312640,0.362,0,0.0,1,0.1,-11.104,0,24,0.0361,147.305,0.453,6
0.823,0.472,299880,0.727,0,0.0040100000000000005,0,0.293,-10.992,1,0,0.287,127.819,0.685,8
0.617,0.506,133093,0.757,0,0.0,7,0.43,-13.678,1,9,0.0397,139.234,0.972,6
0.7240000000000001,0.528,154453,0.425,0,0.00207,7,0.11,-8.689,1,27,0.027000000000000003,76.277,0.309,6
0.931,0.665,216160,0.342,0,0.0815,8,0.0786,-12.716,1,42,0.0781,81.393,0.8590000000000001,3
0.262,0.551,167307,0.72,0,0.0,9,0.324,-7.1389999999999985,1,22,0.221,99.65,0.715,6
0.42,0.411,208160,0.54,0,0.0075400000000000016,8,0.0699,-13.004,1,11,0.04,154.412,0.867,7
0.409,0.645,171040,0.318,0,4.26e-06,9,0.265,-15.763,1,30,0.0256,89.87299999999998,0.532,4
0.0183,0.8959999999999999,508120,0.339,0,0.552,11,0.0311,-9.576,0,48,0.0884,122.106,0.389,5
0.00644,0.479,134573,0.924,1,0.0,0,0.303,-10.902,1,45,0.05,107.088,0.546,4
0.199,0.838,239360,0.8340000000000001,1,0.0,4,0.0914,-3.875,0,50,0.249,94.936,0.68,2
0.985,0.312,191031,0.0465,0,0.857,8,0.118,-24.748,0,57,0.068,40.645,0.116,1
0.0384,0.698,231000,0.5720000000000001,0,0.000215,4,0.276,-15.828,1,27,0.0502,130.157,0.8109999999999999,5
0.0425,0.384,191027,0.887,0,0.0,6,0.117,-3.806,1,55,0.0653,72.816,0.6759999999999999,1
0.983,0.4270000000000001,172893,0.0435,0,0.65,10,0.101,-18.572,1,0,0.0352,137.52100000000002,0.508,8
0.6809999999999999,0.597,236983,0.626,0,6.7e-05,6,0.0781,-8.878,1,40,0.0324,97.613,0.672,5
0.987,0.278,405080,0.117,0,0.00106,3,0.29,-16.512999999999998,1,0,0.0503,71.81,0.0571,7
0.942,0.6559999999999999,253800,0.13699999999999998,0,0.703,9,0.094,-21.364,0,36,0.0343,98.005,0.426,7
0.453,0.319,241533,0.14300000000000002,0,3.1e-05,4,0.229,-20.185,0,22,0.0353,117.682,0.127,5
0.903,0.398,100693,0.425,0,0.8059999999999999,5,0.102,-17.765,0,32,0.0341,97.263,0.924,4
0.956,0.17,183840,0.207,0,0.929,8,0.179,-18.28,1,5,0.0373,77.513,0.0682,7
0.953,0.332,77933,0.32299999999999995,0,0.892,9,0.122,-22.391,1,5,0.0495,115.356,0.6920000000000001,7
0.0558,0.6,196116,0.8109999999999999,0,6.82e-06,5,0.109,-7.693,1,59,0.0788,124.303,0.622,3
0.7120000000000001,0.54,120480,0.309,0,0.0,6,0.439,-15.696,1,40,0.037000000000000005,139.737,0.463,6
0.16399999999999998,0.649,259042,0.3720000000000001,0,1.15e-06,1,0.34700000000000003,-10.435,1,55,0.0361,104.961,0.438,2
0.031,0.426,350627,0.557,0,0.764,0,0.0609,-11.343,1,39,0.0282,102.145,0.436,5
0.95,0.601,179640,0.145,0,0.00336,2,0.125,-14.441,0,0,0.0472,124.444,0.399,8
0.634,0.609,152040,0.28300000000000003,0,2.56e-06,5,0.0771,-11.262,1,25,0.0259,95.478,0.763,6
0.964,0.452,244976,0.388,0,6.02e-05,9,0.378,-12.058,1,0,0.6940000000000001,79.586,0.5379999999999999,9
0.0608,0.532,351600,0.8290000000000001,0,0.00243,11,0.96,-6.867000000000001,0,39,0.0892,142.873,0.718,5
0.979,0.426,282027,0.129,0,0.908,6,0.105,-20.056,0,18,0.0433,71.442,0.204,7
0.875,0.644,498387,0.353,0,0.0,4,0.14,-10.562,1,39,0.0357,96.898,0.645,3
0.349,0.486,192080,0.45,0,4.91e-06,3,0.199,-11.758,1,35,0.0703,90.246,0.8029999999999999,5
0.882,0.595,159947,0.478,0,0.0,2,0.0767,-8.493,1,33,0.0271,94.709,0.856,6
0.0073700000000000015,0.461,402893,0.7859999999999999,0,0.0115,11,0.989,-7.576,0,27,0.0427,129.871,0.331,4
0.971,0.731,163960,0.267,0,0.895,8,0.207,-15.943,1,4,0.0339,111.713,0.76,7
0.973,0.4,271973,0.312,0,0.28,0,0.25,-17.375999999999998,1,42,0.157,76.211,0.44,3
0.7390000000000001,0.657,181133,0.435,0,0.0,10,0.16699999999999998,-15.707,1,54,0.0552,135.975,0.7709999999999999,5
0.96,0.442,157400,0.203,0,0.888,0,0.0684,-13.478,1,33,0.0265,88.655,0.141,6
0.841,0.575,155453,0.188,0,4.370000000000001e-05,9,0.228,-18.758,1,64,0.0959,77.464,0.334,5
0.994,0.531,188080,0.542,0,0.0933,6,0.213,-10.938,1,0,0.0444,111.198,0.35600000000000004,9
0.396,0.652,284653,0.8909999999999999,0,0.0022,0,0.0767,-6.858,1,56,0.0524,179.604,0.934,1
0.113,0.624,181427,0.606,0,0.0,4,0.261,-11.368,1,48,0.0342,121.411,0.947,5
0.991,0.425,200177,0.456,0,0.0133,11,0.195,-11.132,1,0,0.109,98.868,0.546,9
0.459,0.617,127920,0.778,0,0.925,9,0.128,-8.871,0,63,0.027000000000000003,100.363,0.152,2
0.828,0.598,289733,0.134,0,0.0,2,0.116,-10.243,1,45,0.0952,107.985,0.424,4
0.89,0.645,130933,0.409,0,0.0,10,0.131,-10.056,0,7,0.048,122.329,0.675,6
0.0196,0.57,257200,0.877,0,5.22e-06,9,0.191,-6.7860000000000005,1,48,0.0453,147.062,0.6709999999999999,3
0.408,0.477,269627,0.491,0,0.0,9,0.136,-8.999,1,42,0.0279,77.786,0.32299999999999995,4
0.941,0.5820000000000001,175787,0.46,0,0.95,1,0.0811,-13.233,1,0,0.0586,129.684,0.845,8
0.991,0.443,159687,0.0142,0,0.0383,6,0.13,-18.495,1,0,0.0433,72.405,0.214,8
0.316,0.887,240027,0.66,0,0.0,10,0.0721,-4.299,0,49,0.0352,129.968,0.959,2
0.996,0.3670000000000001,230573,0.154,0,0.635,6,0.166,-16.614,0,0,0.0453,70.548,0.35,8
0.344,0.516,198693,0.73,0,0.0,7,0.425,-7.136,1,56,0.0494,115.126,0.907,3
0.583,0.6859999999999999,288667,0.631,1,0.0,4,0.329,-7.457999999999997,0,47,0.386,86.27600000000002,0.65,2
0.931,0.765,153333,0.522,0,0.913,5,0.102,-12.037,1,49,0.0339,112.747,0.84,5
0.526,0.569,226400,0.333,0,0.0,0,0.0714,-11.315,1,40,0.0251,110.089,0.174,3
0.331,0.782,268933,0.436,1,1.3e-05,2,0.342,-7.033,1,72,0.155,82.994,0.243,1
0.0796,0.557,379000,0.5770000000000001,0,2.31e-05,8,0.0604,-12.175,1,45,0.027000000000000003,91.877,0.445,4
0.892,0.14300000000000002,197467,0.197,0,0.912,3,0.415,-13.425999999999998,1,23,0.0437,34.883,0.0394,4
0.358,0.593,134933,0.333,0,0.0,9,0.245,-14.342,1,48,0.046,103.537,0.258,2
0.92,0.389,360307,0.145,0,0.8759999999999999,5,0.6559999999999999,-22.965,1,40,0.0301,99.541,0.15,6
0.669,0.223,307600,0.109,0,4.38e-05,8,0.126,-17.757,1,38,0.0372,117.238,0.108,3
0.8240000000000001,0.882,180187,0.226,0,0.0,0,0.32299999999999995,-13.581,1,13,0.0669,134.888,0.897,8
0.7829999999999999,0.5670000000000001,266600,0.415,0,0.000525,5,0.054000000000000006,-9.895,0,18,0.063,168.28900000000004,0.7979999999999999,7
0.598,0.66,221360,0.513,0,0.0577,0,0.156,-9.787,1,11,0.0395,112.441,0.815,7
0.941,0.708,169373,0.355,0,0.883,0,0.134,-13.548,0,3,0.0492,119.509,0.648,7
0.00263,0.857,191213,0.526,0,0.000331,2,0.264,-9.236,1,33,0.0747,103.066,0.884,5
0.947,0.447,401400,0.332,0,8.240000000000001e-05,10,0.234,-15.876,1,3,0.104,121.461,0.49,7
0.0073700000000000015,0.5670000000000001,231560,0.928,0,0.0,8,0.343,-3.955,1,33,0.0371,100.593,0.573,4
0.93,0.251,231400,0.14400000000000002,0,4.48e-05,0,0.262,-16.15,1,7,0.0357,128.911,0.14300000000000002,7
0.994,0.65,194485,0.189,0,0.0224,1,0.128,-10.278,1,0,0.14300000000000002,114.046,0.61,7
0.000152,0.342,189933,0.865,0,1.21e-05,9,0.266,-6.101,1,38,0.052000000000000005,174.361,0.52,2
0.277,0.737,187773,0.652,0,0.0,7,0.0925,-6.318,1,48,0.0425,137.97299999999998,0.8009999999999999,1
0.97,0.423,321372,0.0308,0,0.00331,9,0.0918,-22.746,1,0,0.0467,109.563,0.0828,10
0.78,0.743,196840,0.42,0,0.0,9,0.109,-7.2570000000000014,1,55,0.328,94.248,0.76,1
0.986,0.259,294213,0.0332,0,0.93,8,0.0964,-25.424,1,37,0.04,169.56400000000005,0.0365,7
0.996,0.5329999999999999,188280,0.0447,0,0.936,7,0.13,-18.66,0,0,0.0425,96.942,0.431,9
0.933,0.457,147280,0.18600000000000005,0,0.0,8,0.118,-12.17,1,25,0.0279,90.905,0.26,7
0.723,0.5710000000000001,205320,0.387,0,0.0008810000000000002,5,0.131,-13.198,1,53,0.0256,100.373,0.39,2
0.28600000000000003,0.8029999999999999,282187,0.627,1,0.0,6,0.248,-3.787,0,55,0.443,87.105,0.638,2
0.898,0.299,175787,0.173,0,0.616,2,0.123,-18.186,0,35,0.0522,148.621,0.0381,5
0.951,0.691,121587,0.0712,0,0.000239,11,0.101,-20.791,0,0,0.0995,74.509,0.7609999999999999,7
0.857,0.585,158107,0.248,0,0.00329,0,0.115,-16.092,0,18,0.0363,97.002,0.541,6
0.7090000000000001,0.505,98024,0.476,1,0.00128,5,0.129,-9.767,0,50,0.0508,176.332,0.2,1
0.991,0.708,186096,0.177,0,0.00129,0,0.184,-15.337,1,0,0.0538,111.917,0.5529999999999999,9
0.544,0.8340000000000001,134000,0.83,0,1.12e-05,0,0.061,-5.059,1,39,0.124,170.062,0.977,2
0.00209,0.471,242600,0.846,0,0.0369,1,0.126,-3.632,1,47,0.0416,116.469,0.255,2
0.981,0.362,188056,0.168,0,0.949,8,0.316,-18.1,1,0,0.0415,119.005,0.585,8
0.0794,0.453,236160,0.655,0,7.61e-06,9,0.0849,-4.22,1,68,0.0259,172.012,0.368,2
0.141,0.5,176493,0.7290000000000001,0,2.07e-06,4,0.128,-7.274,0,54,0.0314,160.161,0.441,2
0.0711,0.753,193093,0.594,1,0.0,1,0.391,-9.486,0,58,0.0816,112.568,0.562,1
0.0006730000000000001,0.442,367280,0.939,0,0.00149,1,0.117,-5.461,1,48,0.0445,100.561,0.479,1
0.98,0.295,267147,0.269,0,0.121,10,0.364,-8.606,1,19,0.0318,135.57299999999998,0.171,7
0.488,0.87,171942,0.831,0,1.18e-06,2,0.243,-1.933,1,1,0.051,123.968,0.927,0
7.85e-05,0.753,268800,0.459,0,0.411,0,0.0733,-12.791,1,25,0.0398,122.931,0.366,4
0.0122,0.374,316360,0.67,0,0.07400000000000001,7,0.084,-12.383,1,23,0.038,93.887,0.677,5
0.0377,0.5670000000000001,182960,0.522,0,0.0,4,0.321,-9.216,0,25,0.0339,121.151,0.354,6
0.0008960000000000002,0.141,75107,0.923,0,0.0,9,0.364,-13.68,0,30,0.0522,187.05,0.181,4
0.963,0.223,157587,0.41,0,2.12e-05,8,0.154,-9.152,1,9,0.0333,83.83,0.38,8
0.0356,0.5770000000000001,134900,0.846,0,2.77e-05,10,0.0814,-7.606,0,56,0.0351,115.087,0.693,1
0.0249,0.132,305600,0.435,0,0.00598,2,0.111,-9.381,0,54,0.0291,201.493,0.0679,4
0.0718,0.8140000000000001,259460,0.531,0,0.462,9,0.0827,-12.249,0,35,0.0456,126.395,0.946,4
0.293,0.7979999999999999,132227,0.528,1,1e-06,11,0.0727,-8.908,1,65,0.042,149.995,0.728,0
0.924,0.334,319440,0.0736,0,0.17,1,0.112,-19.293,1,48,0.0329,132.36,0.12,3
0.961,0.7040000000000001,193933,0.354,0,9.44e-05,0,0.0924,-8.498,1,5,0.0514,90.001,0.858,9
0.00363,0.371,98680,0.315,0,0.476,0,0.16399999999999998,-10.443,1,37,0.0274,98.547,0.21,3
0.633,0.675,209493,0.479,1,1.76e-05,0,0.08800000000000001,-9.87,0,76,0.0278,81.99799999999998,0.454,2
0.929,0.46,166387,0.505,0,0.43,4,0.256,-9.789,1,0,0.0321,103.735,0.7909999999999999,8
0.487,0.443,144093,0.57,0,2.38e-06,7,0.382,-6.028,1,35,0.0339,137.304,0.83,3
0.98,0.278,275507,0.101,0,0.013,5,0.213,-19.784,1,0,0.0478,84.63799999999998,0.15,8
0.925,0.389,172107,0.128,0,9.83e-05,5,0.234,-16.410999999999998,0,15,0.0435,102.918,0.184,6
0.0775,0.662,257427,0.57,0,1.12e-05,8,0.194,-11.746,0,42,0.0229,100.778,0.861,4
0.0117,0.665,413880,0.991,0,0.00392,7,0.339,-6.725,1,52,0.256,152.596,0.0676,3
0.995,0.579,216770,0.0645,0,0.201,2,0.124,-13.745,1,0,0.166,59.508,0.605,7
0.000719,0.506,179840,0.932,0,0.0594,5,0.174,-6.11,0,61,0.11,99.929,0.5489999999999999,1
0.8220000000000001,0.33,939680,0.217,0,0.626,2,0.114,-17.032,1,0,0.0422,133.88,0.111,8
0.0126,0.846,383373,0.524,0,0.008740000000000001,5,0.0542,-7.0870000000000015,1,19,0.0692,148.578,0.913,5
0.0714,0.51,469960,0.85,0,0.0497,7,0.986,-7.226,0,29,0.0459,87.749,0.877,5
0.000367,0.6729999999999999,268760,0.911,1,0.628,1,0.101,-6.725,1,59,0.0707,101.467,0.54,3
0.996,0.494,243880,0.0107,0,0.942,10,0.0766,-22.629,1,0,0.0488,101.876,0.103,8
0.00987,0.8,260160,0.923,1,0.486,0,0.0687,-8.963,0,55,0.0436,134.993,0.8490000000000001,2
0.487,0.675,171147,0.484,0,0.0,7,0.107,-10.259,1,45,0.0299,97.518,0.954,3
0.888,0.8059999999999999,151560,0.37,0,0.000484,9,0.122,-12.842,1,0,0.139,90.37,0.931,9
0.0112,0.44,223213,0.865,0,1.9e-06,9,0.222,-3.656,1,41,0.0394,151.907,0.623,2
0.6509999999999999,0.529,366027,0.508,0,0.000672,8,0.136,-7.678,1,36,0.0293,136.64700000000002,0.379,2
0.248,0.631,205933,0.711,0,0.319,0,0.375,-11.591,0,36,0.0492,141.565,0.5720000000000001,4
0.19,0.8,188238,0.669,0,2.35e-05,1,0.0609,-12.898,1,70,0.0546,117.015,0.721,1
0.64,0.536,211567,0.426,0,5.88e-06,7,0.147,-10.446,1,68,0.123,135.872,0.375,1
0.402,0.362,245346,0.174,0,0.0,7,0.354,-18.625,1,30,0.0325,95.759,0.173,4
0.856,0.34700000000000003,102813,0.239,0,0.000177,6,0.168,-11.314,0,69,0.0297,113.361,0.126,1
0.261,0.506,159133,0.41,0,0.0,11,0.17800000000000002,-9.521,0,23,0.0275,104.114,0.487,6
0.56,0.365,257800,0.463,0,0.0,0,0.103,-7.106,1,47,0.0292,200.039,0.225,3
0.996,0.424,204053,0.309,0,0.946,5,0.175,-16.927,1,0,0.0591,127.24,0.327,10
0.6859999999999999,0.785,202573,0.381,0,0.0,6,0.107,-5.9910000000000005,0,64,0.0348,121.885,0.872,1
0.7809999999999999,0.129,153773,0.398,0,0.0905,10,0.158,-9.054,1,32,0.0329,176.975,0.295,6
0.255,0.855,272547,0.63,1,0.0,10,0.331,-7.569,0,45,0.27,102.922,0.578,2
0.0749,0.688,318800,0.8270000000000001,1,0.0,1,0.7020000000000001,-6.299,1,44,0.275,94.444,0.899,2
0.622,0.916,138374,0.574,0,6.56e-06,2,0.0777,-9.335,1,20,0.0456,113.434,0.984,7
0.0383,0.727,176627,0.491,1,0.0,6,0.108,-9.425,1,40,0.336,173.755,0.5329999999999999,3
0.991,0.168,223533,0.233,0,0.00686,5,0.119,-14.011,1,1,0.0363,79.5,0.0489,7
0.0078,0.399,251520,0.51,0,0.0,0,0.131,-6.53,1,53,0.027000000000000003,141.696,0.119,1
0.388,0.125,330840,0.966,0,1.66e-05,4,0.96,-4.275,1,23,0.19,177.90900000000005,0.41,6
0.71,0.623,383973,0.328,0,0.344,8,0.105,-12.949000000000002,0,47,0.0382,74.668,0.696,3
0.977,0.224,276773,0.154,0,0.726,11,0.158,-16.802,1,0,0.0321,66.962,0.0826,9
0.14800000000000002,0.807,331227,0.407,0,0.0743,5,0.0956,-9.341,1,41,0.0489,138.254,0.495,3
0.00914,0.526,231693,0.9,0,0.0,4,0.277,-4.76,0,56,0.0531,125.349,0.458,4
0.945,0.565,322587,0.605,0,0.8759999999999999,10,0.0911,-11.482,1,0,0.0325,116.593,0.55,10
0.99,0.289,310693,0.0559,0,0.87,5,0.0854,-20.777,0,0,0.0375,78.987,0.129,10
0.994,0.39,203947,0.452,0,7.63e-05,7,0.382,-9.161,1,0,0.041,101.781,0.483,7
0.7140000000000001,0.456,175933,0.326,0,0.0,10,0.245,-8.656,1,28,0.0634,83.37200000000001,0.7959999999999999,5
0.769,0.499,126907,0.163,0,1.14e-05,9,0.34,-12.065,1,6,0.0314,121.254,0.443,7
0.647,0.484,227227,0.377,0,0.0,4,0.101,-8.761000000000001,1,41,0.0367,139.605,0.54,2
0.909,0.451,268980,0.166,0,0.0,9,0.19,-11.125,1,66,0.0696,121.123,0.0901,2
0.675,0.574,193520,0.537,0,0.0,5,0.0441,-5.492000000000001,1,47,0.125,200.372,0.966,2
0.777,0.6609999999999999,303400,0.61,0,0.0,8,0.0475,-9.824,1,60,0.0707,96.402,0.452,4
0.366,0.7020000000000001,150373,0.447,0,0.0,7,0.153,-10.122,1,50,0.0308,93.02,0.944,6
0.229,0.233,143093,0.845,0,0.968,0,0.208,-12.021,1,29,0.0476,148.507,0.396,5
0.959,0.285,504707,0.139,0,0.917,1,0.105,-14.497,1,14,0.0347,80.681,0.161,7
0.736,0.519,165200,0.7559999999999999,0,0.84,0,0.0604,-12.938,0,11,0.0402,127.392,0.894,7
0.926,0.741,202000,0.426,0,0.000164,8,0.102,-9.401,1,0,0.0965,116.314,0.737,7
0.623,0.649,285747,0.3,0,4.46e-06,3,0.125,-14.74,0,54,0.0498,99.989,0.294,2
8.240000000000001e-05,0.479,238413,0.936,0,0.00383,9,0.0786,-2.669,1,38,0.064,126.649,0.319,2
0.996,0.564,197627,0.187,0,0.938,2,0.639,-13.437,1,0,0.154,126.804,0.349,10
0.752,0.299,210733,0.653,0,0.00186,9,0.319,-8.763,1,28,0.0339,87.973,0.422,6
0.986,0.503,169493,0.156,0,0.00213,9,0.0995,-16.582,1,0,0.0821,169.21200000000005,0.57,8
0.618,0.353,211133,0.62,0,4.96e-06,10,0.0672,-5.766,0,32,0.0377,114.754,0.606,6
0.263,0.456,185653,0.642,0,0.0,2,0.272,-3.881,1,51,0.057,84.145,0.826,2
0.223,0.7490000000000001,216987,0.7,0,0.000218,0,0.0716,-4.717,0,58,0.0314,92.991,0.836,1
0.601,0.708,273667,0.5720000000000001,0,0.000151,9,0.116,-7.394,1,21,0.0896,106.137,0.6609999999999999,5
0.123,0.546,218107,0.627,0,3.68e-06,6,0.0923,-5.091,0,50,0.0276,143.996,0.41,1
0.986,0.664,132920,0.187,0,6.28e-06,7,0.134,-16.823,1,0,0.141,133.996,0.772,9
0.988,0.491,199877,0.0451,0,0.00119,0,0.309,-22.275,1,0,0.0632,92.285,0.731,9
0.996,0.4270000000000001,196333,0.067,0,0.797,10,0.149,-13.585,1,0,0.107,77.94800000000002,0.41,8
0.0942,0.757,234840,0.5,0,4.15e-05,7,0.21600000000000005,-18.463,1,48,0.304,96.851,0.846,2
0.287,0.6890000000000001,285263,0.62,0,1.73e-06,7,0.0368,-10.601,1,35,0.0339,110.86,0.962,4
0.408,0.417,226813,0.583,0,0.0,2,0.289,-8.606,1,20,0.037000000000000005,132.341,0.502,5
0.987,0.337,183000,0.147,0,0.905,5,0.124,-17.11,0,0,0.0454,167.06099999999995,0.298,9
0.931,0.425,257400,0.225,0,1.15e-06,7,0.397,-18.12,0,12,0.174,83.76700000000002,0.342,6
0.992,0.282,645867,0.12,0,0.879,3,0.127,-20.121,1,8,0.0479,75.502,0.0382,7
0.545,0.457,323067,0.219,0,0.00098,8,0.0681,-15.325,0,54,0.0385,168.55,0.62,2
0.958,0.413,183427,0.43,0,0.006790000000000001,9,0.139,-10.88,0,0,0.0454,77.192,0.657,7
0.977,0.5820000000000001,111856,0.325,0,0.000341,4,0.295,-10.093,1,0,0.0406,129.895,0.508,8
0.984,0.172,167920,0.152,0,7.730000000000001e-05,11,0.375,-12.17,0,0,0.0365,86.07700000000001,0.0966,8
0.631,0.6509999999999999,276987,0.655,0,0.0,0,0.513,-8.104,1,50,0.0337,92.468,0.511,4
0.012,0.208,267987,0.904,0,0.00116,7,0.337,-4.33,1,41,0.081,112.125,0.194,3
0.0632,0.621,330373,0.645,0,9.63e-06,2,0.0703,-9.37,1,55,0.0352,89.28399999999998,0.63,4
0.138,0.269,207333,0.365,0,0.0,2,0.0904,-11.12,1,29,0.0401,190.968,0.35700000000000004,6
0.727,0.512,120693,0.339,0,0.0,8,0.0977,-13.119000000000002,1,35,0.0498,174.609,0.951,7
0.863,0.6920000000000001,143733,0.72,0,0.904,9,0.196,-9.085,0,21,0.0388,129.83,0.653,6
0.41,0.515,285613,0.7440000000000001,0,0.0948,2,0.943,-7.8210000000000015,1,26,0.0394,139.665,0.56,4
0.971,0.424,527600,0.123,0,0.408,7,0.197,-19.964,1,0,0.0523,116.668,0.104,7
0.0654,0.639,319840,0.586,0,0.000453,2,0.563,-13.629,1,52,0.0335,144.615,0.934,5
0.513,0.606,183893,0.338,0,1.35e-06,10,0.407,-12.363,1,33,0.0515,138.368,0.81,4
0.742,0.655,203453,0.147,0,0.0304,9,0.0899,-24.39,1,36,0.0312,80.358,0.568,5
0.7979999999999999,0.418,178840,0.445,0,0.0,10,0.107,-8.69,0,41,0.0301,95.974,0.6659999999999999,6
0.165,0.8,264733,0.867,1,0.000352,5,0.114,-4.001,0,42,0.133,90.53,0.926,3
0.6859999999999999,0.505,540960,0.544,0,0.00988,8,0.358,-8.612,1,19,0.0524,177.787,0.69,7
0.007109999999999998,0.893,210347,0.278,0,0.44,11,0.241,-14.696,0,23,0.0973,114.516,0.431,4
0.28300000000000003,0.741,149773,0.759,0,7.01e-05,9,0.0549,-6.914,1,21,0.0283,116.908,0.95,6
0.8240000000000001,0.447,341893,0.23,0,9.46e-06,5,0.978,-18.176,1,43,0.0669,118.62,0.345,4
0.0864,0.6940000000000001,274947,0.904,1,0.0,4,0.265,-5.134,0,50,0.101,91.014,0.8440000000000001,2
0.642,0.402,156133,0.785,0,0.0,2,0.29,-8.085,0,15,0.0368,69.708,0.894,6
0.0143,0.534,244147,0.6659999999999999,0,0.0615,9,0.113,-9.471,1,64,0.0335,87.40100000000002,0.59,1
0.8690000000000001,0.57,169200,0.224,0,0.00219,10,0.0875,-17.198,1,11,0.0294,85.775,0.443,6
0.312,0.547,156187,0.723,0,0.0,2,0.112,-4.8039999999999985,0,63,0.0323,102.003,0.377,2
0.0521,0.591,221280,0.936,0,0.000105,9,0.969,-5.615,1,50,0.0669,113.318,0.595,1
0.932,0.386,187200,0.146,0,1.55e-06,5,0.328,-16.107,1,38,0.0366,114.892,0.438,7
0.21600000000000005,0.927,246427,0.379,0,8.3e-06,11,0.0432,-15.887,1,48,0.136,111.733,0.947,4
0.0012,0.375,206853,0.921,0,0.00509,11,0.27,-5.3870000000000005,1,39,0.239,121.208,0.455,2
0.00755,0.777,481813,0.736,0,0.0136,0,0.302,-10.082,1,47,0.037000000000000005,116.375,0.835,5
0.0066,0.639,190120,0.6409999999999999,0,9.91e-06,2,0.185,-7.422999999999999,1,66,0.0609,120.927,0.0725,1
0.7340000000000001,0.44,233430,0.174,0,0.0,10,0.0901,-14.425999999999998,0,38,0.0322,109.536,0.0691,4
0.00564,0.7140000000000001,227933,0.67,1,0.0371,7,0.36,-7.992000000000001,1,33,0.106,100.971,0.307,3
0.696,0.569,248267,0.636,0,0.0004570000000000001,5,0.12,-8.02,0,17,0.036000000000000004,90.082,0.738,6
0.0505,0.589,225333,0.669,0,0.0,0,0.131,-4.835,1,50,0.0253,92.06,0.421,1
0.667,0.5489999999999999,215307,0.359,0,1.3e-05,2,0.2,-12.308,1,35,0.0295,118.727,0.262,4
0.725,0.637,135533,0.512,0,0.18600000000000005,8,0.426,-20.615,1,0,0.21,134.819,0.885,9
0.4270000000000001,0.7809999999999999,498733,0.599,0,0.000189,7,0.0733,-12.666,1,27,0.0705,96.069,0.843,5
0.971,0.493,326200,0.194,0,0.6829999999999999,8,0.145,-13.822,1,0,0.0406,61.762,0.29100000000000004,8
0.976,0.338,297867,0.145,0,0.8440000000000001,9,0.0956,-20.058,1,0,0.0417,129.572,0.43,7
0.0344,0.79,264893,0.8690000000000001,0,0.0,1,0.25,-4.673,1,37,0.195,103.954,0.8270000000000001,3
0.748,0.428,180733,0.336,0,4.32e-06,1,0.125,-11.022,1,36,0.0384,153.727,0.147,4
0.476,0.682,341733,0.752,0,0.863,2,0.0768,-9.521,1,59,0.0454,81.081,0.964,5
0.7120000000000001,0.6579999999999999,255880,0.325,0,0.0026100000000000003,9,0.158,-17.557000000000002,1,50,0.0282,107.456,0.483,5
0.941,0.425,288333,0.0749,0,1.51e-05,7,0.125,-16.114,0,22,0.0341,131.04,0.131,5
0.174,0.7340000000000001,203120,0.882,0,1.21e-06,2,0.121,-3.235,0,49,0.0412,126.977,0.393,1
0.5539999999999999,0.542,422133,0.438,0,0.764,7,0.122,-16.024,1,45,0.16399999999999998,186.637,0.358,3
0.924,0.426,312667,0.155,0,0.81,9,0.134,-22.141,0,32,0.0348,135.96,0.19,4
0.0834,0.645,246880,0.6,0,0.0,10,0.0599,-7.605,1,55,0.0252,143.48,0.411,2
0.00547,0.381,384440,0.823,0,0.000427,8,0.0653,-6.0820000000000025,1,43,0.0412,92.808,0.265,4
0.841,0.384,188213,0.173,0,9.19e-05,2,0.149,-14.002,1,33,0.0285,76.307,0.344,5
3e-05,0.292,119160,0.892,0,0.0,0,0.205,-8.539,1,36,0.0499,101.61,0.631,4
0.912,0.275,263507,0.31,0,0.907,2,0.104,-16.512,0,20,0.0311,75.16199999999998,0.334,6
0.903,0.255,175518,0.123,0,3.03e-05,0,0.183,-15.437,1,24,0.0342,81.822,0.17600000000000002,8
0.0075200000000000015,0.846,202000,0.774,1,0.0,1,0.207,-5.131,1,56,0.0509,120.012,0.375,1
0.987,0.281,683613,0.154,0,0.00189,8,0.108,-15.364,1,0,0.0404,89.99,0.102,8
0.745,0.5820000000000001,273321,0.484,0,0.00661,7,0.179,-9.974,1,34,0.0316,93.525,0.797,5
0.183,0.602,194293,0.826,0,1.29e-06,11,0.3720000000000001,-4.21,1,45,0.0269,129.134,0.6679999999999999,3
0.991,0.541,80867,0.0117,0,0.8640000000000001,1,0.0857,-21.002,0,9,0.121,74.24,0.5820000000000001,7
0.315,0.6459999999999999,167000,0.499,0,0.000902,7,0.168,-11.247,1,48,0.026,105.842,0.75,3
0.0219,0.679,195707,0.72,0,0.000795,11,0.319,-9.113,1,25,0.0338,143.901,0.893,5
0.00496,0.628,167393,0.435,0,0.14,0,0.0766,-8.887,1,30,0.0325,114.259,0.649,4
0.477,0.442,151040,0.862,0,0.0,5,0.13699999999999998,-8.06,1,38,0.0346,188.726,0.924,3
0.991,0.573,194973,0.0714,0,0.6509999999999999,4,0.35200000000000004,-16.373,0,6,0.174,77.903,0.5379999999999999,10
0.0467,0.894,500013,0.8140000000000001,1,1.03e-05,6,0.0815,-4.114,0,47,0.14,110.004,0.292,2
0.981,0.43,636293,0.203,0,0.8859999999999999,3,0.74,-19.76,1,14,0.0427,123.483,0.0688,9
0.295,0.51,201733,0.348,0,2.47e-05,2,0.242,-7.849,1,40,0.0261,77.041,0.159,2
0.343,0.52,291760,0.6829999999999999,0,0.0,0,0.12,-4.893,1,42,0.0328,142.481,0.413,2
0.478,0.74,246173,0.76,0,0.0237,8,0.14,-6.933,0,34,0.0309,100.629,0.903,5
0.982,0.7170000000000001,185000,0.16699999999999998,0,0.5579999999999999,5,0.0641,-6.9579999999999975,0,0,0.0569,115.717,0.852,9
0.967,0.594,257107,0.21600000000000005,0,0.0604,7,0.119,-13.548,1,32,0.0293,76.49600000000002,0.608,5
0.8909999999999999,0.601,200200,0.268,0,0.912,9,0.073,-11.899,0,27,0.0894,164.35,0.8,9
0.272,0.5489999999999999,251813,0.56,0,0.0,9,0.0509,-5.681,1,36,0.0284,139.60299999999998,0.555,3
0.513,0.515,286397,0.342,0,0.000464,0,0.0948,-9.97,1,38,0.0273,104.464,0.397,5
0.0966,0.667,286220,0.755,0,6.94e-05,9,0.0523,-7.246,1,47,0.069,109.535,0.883,2
0.755,0.498,256240,0.249,0,8.88e-06,9,0.0927,-13.619000000000002,0,48,0.0355,110.636,0.193,4
0.02,0.605,282347,0.904,1,0.0,7,0.155,-2.7060000000000004,1,37,0.337,165.955,0.727,2
0.499,0.715,197827,0.387,0,0.0,2,0.13699999999999998,-8.693,0,12,0.0323,88.557,0.257,6
0.669,0.429,188713,0.747,0,0.076,10,0.122,-6.237,0,49,0.239,144.609,0.272,1
0.19,0.685,213973,0.737,0,7.01e-05,9,0.238,-13.286,1,27,0.057,149.852,0.916,4
0.921,0.19,232947,0.261,0,0.0,5,0.147,-11.873,0,9,0.0337,172.476,0.112,6
0.657,0.614,167227,0.388,0,0.789,3,0.378,-10.319,1,17,0.034,151.571,0.905,6
0.049,0.287,204933,0.78,0,3.71e-05,7,0.184,-6.4929999999999986,1,57,0.0469,167.278,0.383,3
0.0962,0.403,180280,0.65,0,0.00293,5,0.248,-4.279,1,20,0.0269,83.95700000000002,0.53,5
0.0605,0.78,212933,0.76,0,0.0041,0,0.221,-7.463999999999999,1,38,0.0266,114.467,0.961,4
0.0328,0.7509999999999999,195547,0.804,0,5.01e-05,7,0.077,-5.9570000000000025,1,41,0.0551,87.98200000000001,0.858,2
0.947,0.506,149493,0.113,0,0.0,10,0.16899999999999998,-15.61,1,13,0.0329,115.942,0.451,8
0.009000000000000001,0.508,218013,0.8859999999999999,0,2.13e-06,8,0.136,-6.074,1,53,0.0408,160.11,0.79,2
0.8859999999999999,0.7240000000000001,172347,0.35100000000000003,0,0.8909999999999999,7,0.0922,-16.315,0,15,0.0483,120.916,0.466,6
0.991,0.474,189300,0.593,0,0.0,2,0.339,-6.693,1,0,0.0333,110.343,0.581,7
0.292,0.4920000000000001,133827,0.534,0,0.0,7,0.22,-8.361,1,29,0.0333,80.525,0.892,5
0.893,0.241,174427,0.23,0,9.52e-05,2,0.135,-13.173,1,17,0.0308,96.596,0.209,6
0.000422,0.44,190693,0.937,0,2.35e-05,2,0.799,-2.418,1,46,0.0623,116.42,0.498,2
0.113,0.602,233240,0.932,0,0.0,9,0.314,-2.8110000000000004,0,45,0.034,119.239,0.621,3
0.324,0.865,305707,0.65,0,0.0,1,0.133,-4.617,0,50,0.207,88.663,0.715,2
0.767,0.503,242520,0.539,0,0.882,7,0.0801,-12.140999999999998,1,0,0.105,148.57299999999995,0.262,8
0.823,0.461,110720,0.373,0,0.212,7,0.213,-12.783,1,0,0.0653,69.32,0.49,7
0.966,0.521,197080,0.145,0,6.99e-05,5,0.147,-15.267,1,0,0.449,175.417,0.413,7
0.162,0.674,154040,0.66,0,0.000414,5,0.231,-7.773,1,38,0.0378,128.158,0.957,2
0.0555,0.258,196427,0.947,0,0.0,2,0.221,-3.377,0,37,0.0733,94.626,0.257,2
0.0143,0.632,262107,0.72,0,1.57e-06,2,0.0696,-8.4,0,60,0.0838,91.965,0.7490000000000001,1
0.297,0.752,201661,0.488,1,9.11e-06,6,0.0936,-7.05,1,84,0.0705,136.041,0.5329999999999999,1
0.988,0.17,436560,0.025,0,0.913,3,0.121,-28.622,1,0,0.0386,72.57600000000002,0.11,8
0.7829999999999999,0.675,166000,0.341,0,0.00058,5,0.0919,-11.568,1,13,0.0462,79.95100000000002,0.711,7
0.0279,0.467,115800,0.738,0,0.00384,1,0.0697,-13.983,0,34,0.104,112.325,0.317,4
0.0171,0.505,500680,0.857,0,0.00974,2,0.872,-7.745,1,21,0.187,95.641,0.308,5
0.809,0.474,164533,0.371,0,5.25e-06,9,0.17800000000000002,-10.264,1,33,0.0347,116.641,0.349,4
0.195,0.61,347520,0.7879999999999999,1,0.0142,0,0.153,-5.724,1,74,0.0585,101.045,0.472,1
0.0596,0.687,201920,0.888,0,2.14e-05,11,0.181,-2.725,0,52,0.146,64.92699999999999,0.7909999999999999,1
0.0161,0.718,327973,0.524,0,6.1e-06,5,0.195,-10.215,0,33,0.0282,132.782,0.345,3
0.821,0.769,149093,0.312,0,0.0,3,0.184,-10.239,1,21,0.0406,100.192,0.64,7
0.247,0.545,153267,0.5,0,0.0,9,0.147,-10.823,1,49,0.0439,166.47799999999995,0.5379999999999999,2
0.994,0.484,288747,0.262,0,0.845,0,0.15,-12.783,0,0,0.0312,85.47,0.4,8
0.255,0.518,210773,0.424,0,0.00439,9,0.158,-14.856,1,22,0.0387,149.144,0.805,5
0.978,0.192,304800,0.156,0,1.16e-05,3,0.11,-19.525,1,1,0.0429,170.46,0.097,8
0.426,0.6990000000000001,147133,0.507,0,0.000161,4,0.114,-11.726,0,19,0.0543,129.088,0.5870000000000001,6
0.222,0.589,247213,0.355,0,0.0,10,0.0762,-10.241,0,37,0.262,137.464,0.573,2
0.0987,0.472,297267,0.7240000000000001,0,0.0,9,0.239,-5.061,0,44,0.0522,127.36,0.6729999999999999,4
0.909,0.708,262267,0.151,0,0.000126,5,0.0988,-19.752,0,14,0.0386,120.659,0.515,7
0.848,0.547,339453,0.136,0,0.8809999999999999,4,0.115,-14.969,0,26,0.064,116.587,0.142,6
0.0459,0.6559999999999999,211200,0.835,0,6.2e-05,11,0.48,-9.96,0,25,0.0549,93.668,0.49,4
0.000288,0.48,227733,0.959,0,0.674,5,0.0507,-6.227,1,52,0.0376,172.18599999999995,0.348,3
0.163,0.841,142160,0.477,0,0.000691,0,0.0848,-13.783,1,39,0.0637,109.731,0.965,3
0.772,0.622,160216,0.856,0,0.0,0,0.139,-3.503,1,17,0.121,77.14399999999998,0.86,7
0.244,0.399,238480,0.468,1,0.000168,2,0.103,-8.646,1,60,0.0336,111.884,0.249,1
0.355,0.292,271200,0.3720000000000001,0,0.0004480000000000001,10,0.28600000000000003,-13.595,1,36,0.0404,75.98,0.384,4
0.00244,0.56,157507,0.78,0,0.0,5,0.0714,-4.895,0,73,0.0517,93.516,0.602,0
0.8959999999999999,0.4970000000000001,477600,0.255,0,0.725,8,0.11,-17.545,1,8,0.0483,91.773,0.504,7
0.588,0.6970000000000001,319507,0.8190000000000001,0,0.0016,0,0.152,-6.5820000000000025,0,37,0.0423,94.076,0.947,3
0.439,0.431,347000,0.457,0,2.03e-06,9,0.15,-6.5779999999999985,0,41,0.0254,91.559,0.191,2
0.233,0.324,234762,0.574,0,0.311,4,0.329,-11.489,1,0,0.0405,138.833,0.452,8
0.0122,0.45,259296,0.941,0,9.92e-05,8,0.35700000000000004,-6.601,1,41,0.0766,106.521,0.15,4
0.0755,0.589,162547,0.8340000000000001,0,0.727,11,0.128,-4.978,0,39,0.0435,173.57,0.852,2
0.951,0.575,172573,0.141,0,0.745,2,0.107,-18.074,0,0,0.0439,113.053,0.526,9
0.789,0.32,206800,0.183,0,0.0,3,0.133,-14.880999999999998,1,19,0.0316,78.521,0.197,6
0.0064,0.434,237373,0.924,0,0.0,1,0.342,-3.379,0,39,0.0411,101.862,0.4970000000000001,2
0.366,0.58,461907,0.409,0,0.363,4,0.08800000000000001,-15.735,0,48,0.0333,82.02600000000002,0.388,3
0.0504,0.649,267400,0.7340000000000001,0,0.000176,4,0.101,-7.457999999999997,0,30,0.0376,86.421,0.752,4
0.361,0.906,254400,0.379,0,0.000109,5,0.0799,-10.103,0,51,0.14300000000000002,106.566,0.7140000000000001,4
0.000296,0.27,203893,0.922,0,0.0,2,0.501,-3.428,1,45,0.0686,79.329,0.636,2
0.326,0.192,186200,0.392,0,0.000199,5,0.248,-11.667,1,64,0.0328,172.312,0.391,6
0.407,0.653,192960,0.258,0,0.0,7,0.423,-16.954,1,22,0.0265,96.809,0.423,4
0.994,0.691,150093,0.217,0,0.8390000000000001,2,0.117,-14.828,1,0,0.14800000000000002,103.341,0.902,10
0.652,0.414,178787,0.318,0,1.3e-06,5,0.126,-11.185,1,30,0.0279,142.48,0.315,5
0.995,0.5489999999999999,182446,0.231,0,0.93,0,0.12,-15.849,0,6,0.0493,184.484,0.838,7
0.713,0.325,185440,0.193,0,2.55e-06,3,0.108,-14.803,1,33,0.0309,169.36,0.342,6
0.8390000000000001,0.293,161853,0.0774,0,0.0,5,0.325,-17.88,1,11,0.037000000000000005,85.759,0.245,8
0.236,0.45,281600,0.8490000000000001,0,0.0,9,0.0727,-4.149,1,43,0.0509,74.056,0.304,1
0.275,0.5720000000000001,406640,0.7709999999999999,0,0.0,4,0.473,-5.54,0,52,0.0611,141.88,0.573,1
0.857,0.49,147240,0.24,0,1.41e-06,0,0.135,-16.414,1,34,0.0461,135.35,0.48,5
0.5479999999999999,0.439,184506,0.738,0,0.0,4,0.133,-8.033999999999999,0,35,0.0348,90.383,0.7609999999999999,4
0.0362,0.7609999999999999,243800,0.727,0,0.00498,1,0.0461,-12.655,1,44,0.133,103.013,0.7390000000000001,4
0.994,0.327,828000,0.046,0,0.895,9,0.0858,-27.375,1,39,0.0479,137.90200000000002,0.204,3
0.9,0.604,127600,0.632,0,0.53,5,0.0913,-13.713,1,17,0.0495,79.586,0.969,7
0.00135,0.448,329800,0.85,0,0.276,7,0.232,-6.564,1,47,0.0416,129.946,0.0825,1
0.141,0.532,324307,0.86,0,2.660000000000001e-05,9,0.0938,-8.514,1,28,0.0522,80.35,0.85,4
0.000454,0.419,216960,0.7859999999999999,0,0.0,7,0.314,-4.589,1,49,0.256,105.289,0.7440000000000001,2
0.378,0.68,203573,0.5710000000000001,1,0.0,8,0.103,-7.0539999999999985,1,55,0.222,145.02100000000004,0.0911,1
0.672,0.687,181859,0.865,0,2.67e-05,2,0.0725,-8.431000000000001,0,43,0.0335,157.487,0.97,3
0.921,0.501,180413,0.516,0,0.0,10,0.278,-13.009,1,16,0.0555,69.00399999999999,0.5660000000000001,6
0.273,0.643,287987,0.503,0,0.0,7,0.349,-8.37,1,70,0.21600000000000005,90.886,0.598,1
0.708,0.48,281587,0.219,0,0.0,0,0.762,-13.872,0,23,0.066,181.057,0.485,6
0.996,0.535,181055,0.21600000000000005,0,0.8029999999999999,6,0.151,-15.069,0,3,0.0807,96.563,0.595,9
0.913,0.537,278639,0.0747,0,0.00555,10,0.0993,-19.184,0,39,0.029,77.991,0.211,3
0.229,0.807,178107,0.747,1,0.000111,10,0.0884,-4.31,0,49,0.0471,93.009,0.4,1
0.942,0.39,42000,0.302,0,0.888,5,0.14400000000000002,-13.848,1,1,0.0316,153.41299999999995,0.474,7
0.8540000000000001,0.6779999999999999,165904,0.5429999999999999,0,0.0,3,0.146,-10.199,0,1,0.0828,104.552,0.774,9
0.00344,0.505,195227,0.871,0,0.0044,1,0.51,-3.63,1,47,0.0458,108.038,0.747,2
0.244,0.624,205973,0.752,1,0.0,4,0.131,-5.43,1,45,0.121,134.02100000000002,0.858,1
0.995,0.627,136640,0.0988,0,0.945,8,0.124,-24.102,1,0,0.0671,124.715,0.294,8
0.196,0.35200000000000004,207947,0.614,0,6.03e-05,4,0.287,-9.538,1,47,0.0523,75.51100000000002,0.524,5
0.625,0.551,288667,0.18,0,0.0,0,0.106,-14.974,1,32,0.0336,133.885,0.294,4
0.333,0.211,349400,0.8320000000000001,0,0.00349,2,0.413,-11.948,1,26,0.0529,165.149,0.522,5
0.242,0.489,235413,0.743,0,2.22e-05,0,0.0748,-11.963,0,31,0.0668,153.016,0.91,4
0.6459999999999999,0.58,361707,0.254,0,0.32299999999999995,0,0.136,-16.125999999999998,0,7,0.215,126.766,0.417,6
0.172,0.34700000000000003,323667,0.557,0,0.00134,9,0.146,-9.37,1,31,0.0337,111.057,0.31,3
0.87,0.595,175293,0.321,0,0.00026000000000000003,1,0.0783,-16.945999999999998,1,0,0.0508,130.202,0.86,9
0.784,0.698,148413,0.293,0,0.0106,0,0.0936,-11.361,1,55,0.0332,117.613,0.7240000000000001,6
0.8109999999999999,0.25,238560,0.399,0,0.22,6,0.0973,-13.125,1,23,0.0359,147.105,0.487,5
1.3699999999999998e-05,0.448,215533,0.93,0,0.626,1,0.0754,-9.633,1,34,0.0657,94.629,0.407,3
0.0991,0.8170000000000001,225067,0.639,0,0.000176,0,0.0401,-6.13,0,43,0.0548,68.51100000000001,0.522,2
0.285,0.586,176240,0.7509999999999999,0,0.9,5,0.13,-7.182,1,22,0.052000000000000005,130.19899999999998,0.794,5
0.234,0.599,156973,0.42,0,0.000139,9,0.102,-14.348,1,41,0.0272,167.104,0.629,5
0.513,0.22,195533,0.581,0,0.0,10,0.168,-5.877000000000002,1,49,0.0374,186.427,0.445,6
0.114,0.846,273080,0.8859999999999999,1,0.0,4,0.32299999999999995,-7.29,0,54,0.222,93.577,0.66,3
0.000661,0.5710000000000001,164747,0.934,0,1.14e-06,2,0.105,-7.016,1,35,0.0898,120.727,0.474,3
0.43,0.613,144733,0.308,0,3.4200000000000005e-05,7,0.0739,-18.278,1,30,0.0374,174.93400000000003,0.659,3
0.959,0.443,183467,0.27,0,0.962,7,0.68,-21.634,0,13,0.0453,116.153,0.28,6
0.5539999999999999,0.703,263760,0.632,0,0.0,9,0.118,-6.507999999999999,1,46,0.0245,102.404,0.47,1
0.7979999999999999,0.447,347987,0.536,0,0.0334,5,0.267,-7.636,1,7,0.0436,156.22,0.855,7
0.0424,0.636,130452,0.252,1,0.0,0,0.0549,-18.5,1,0,0.959,167.139,0.754,10
0.158,0.605,237267,0.482,0,2.04e-05,9,0.196,-16.673,1,52,0.102,119.819,0.831,5
0.918,0.267,159800,0.222,0,3.14e-06,7,0.21,-16.092,1,18,0.0343,83.868,0.109,6
0.105,0.759,311333,0.66,0,0.0,5,0.114,-8.964,1,43,0.0658,140.68,0.778,3
0.226,0.581,215667,0.38,0,0.0858,0,0.166,-12.458,1,36,0.0355,98.653,0.479,6
0.0918,0.508,134467,0.846,0,0.0,0,0.397,-5.693,1,45,0.0457,110.983,0.529,2
0.14800000000000002,0.828,131163,0.518,1,5.45e-05,1,0.6659999999999999,-8.809,1,61,0.316,86.141,0.8190000000000001,1
0.973,0.3,145227,0.139,0,1.12e-05,8,0.113,-15.623,1,6,0.0351,85.48299999999998,0.139,7
0.298,0.616,198168,0.691,0,0.0,11,0.108,-4.123,0,47,0.064,123.943,0.192,1
0.984,0.0982,379400,0.0575,0,0.904,6,0.122,-24.448,0,40,0.0454,70.041,0.0392,4
0.0022,0.5820000000000001,192867,0.894,0,0.0223,8,0.0664,-6.297999999999999,1,66,0.041,125.946,0.0694,1
0.256,0.534,209829,0.589,0,6.02e-05,1,0.17600000000000002,-1.865,1,76,0.325,78.616,0.632,1
0.995,0.305,165800,0.252,0,0.8959999999999999,0,0.124,-13.753,1,0,0.0554,69.75,0.512,8
0.986,0.536,155440,0.209,0,1.73e-05,3,0.536,-12.845999999999998,1,0,0.08900000000000001,134.626,0.635,10
0.0289,0.669,81067,0.737,0,0.0,0,0.204,-7.974,1,45,0.0975,170.925,0.948,3
0.979,0.579,172307,0.38,0,0.00478,7,0.119,-7.62,1,6,0.0384,110.798,0.625,8
0.000264,0.413,218933,0.873,0,0.0025,8,0.204,-4.151,1,77,0.0535,116.681,0.481,2
0.0541,0.767,220319,0.782,1,0.0,7,0.338,-5.545,1,55,0.14,116.491,0.8270000000000001,1
0.0368,0.564,233893,0.883,0,2.34e-06,7,0.0846,-5.8039999999999985,1,35,0.0769,91.198,0.5379999999999999,5
0.0138,0.81,246560,0.72,0,0.0,1,0.221,-4.793,1,49,0.0503,121.984,0.805,2
0.462,0.7190000000000001,421373,0.413,0,0.0,1,0.37,-13.458,1,18,0.928,120.902,0.626,9
0.787,0.52,464613,0.21600000000000005,0,0.318,7,0.117,-19.432,1,15,0.0404,144.849,0.368,7
0.821,0.526,253587,0.465,0,0.7659999999999999,5,0.963,-12.46,0,6,0.0555,111.84,0.34,7
0.19,0.7759999999999999,230067,0.7140000000000001,0,0.0,10,0.506,-9.044,1,58,0.0388,92.448,0.962,5
0.623,0.669,393747,0.604,0,0.0355,10,0.0745,-14.526,1,46,0.0506,169.22799999999995,0.8,3
0.018000000000000002,0.385,210867,0.893,0,0.000589,9,0.125,-4.123,1,46,0.0386,180.39,0.556,2
0.969,0.35700000000000004,275296,0.116,0,0.0212,1,0.0881,-16.102,1,0,0.0479,135.858,0.0989,7
0.958,0.489,336133,0.0792,0,0.637,8,0.0957,-19.698,1,35,0.0376,108.938,0.334,4
0.6579999999999999,0.326,157773,0.5529999999999999,0,0.0,1,0.345,-7.263,1,34,0.0448,174.59900000000005,0.838,6
0.643,0.54,409333,0.65,0,0.000123,0,0.123,-6.5539999999999985,1,41,0.0382,72.52,0.635,4
0.477,0.604,166440,0.211,0,0.0,7,0.0672,-14.201,1,21,0.0368,138.86700000000002,0.659,7
0.28,0.674,333720,0.7709999999999999,0,0.0318,7,0.133,-5.612,1,64,0.0246,109.618,0.718,4
0.684,0.6920000000000001,241693,0.334,0,5.53e-06,7,0.117,-9.106,0,42,0.063,131.89600000000002,0.364,2
0.000629,0.468,215640,0.8640000000000001,0,0.000705,7,0.103,-6.731,0,42,0.0495,141.912,0.3670000000000001,2
0.6779999999999999,0.768,167147,0.158,0,0.69,7,0.0833,-14.752,1,24,0.0391,122.817,0.545,7
0.903,0.605,171207,0.354,0,0.00132,2,0.0966,-10.866,1,0,0.0333,124.614,0.574,7
0.0032700000000000003,0.551,184680,0.736,0,0.0,7,0.101,-5.75,1,46,0.037000000000000005,95.09,0.588,1
0.0040100000000000005,0.494,283000,0.735,0,3.14e-06,5,0.544,-8.347000000000001,1,44,0.0345,132.526,0.742,5
0.0663,0.941,235493,0.8390000000000001,1,0.0115,11,0.242,-6.4570000000000025,1,51,0.125,125.437,0.763,3
0.0208,0.747,224653,0.937,0,0.0,0,0.29,-5.746,1,76,0.0453,103.976,0.7390000000000001,1
0.196,0.7809999999999999,226987,0.541,0,0.000353,9,0.0906,-6.2920000000000025,0,29,0.0392,133.792,0.8320000000000001,4
0.68,0.266,171600,0.23,0,0.000674,6,0.395,-16.2,1,47,0.0369,79.703,0.15,3
0.0252,0.63,95500,0.18,1,0.00945,0,0.233,-23.469,1,0,0.92,164.97799999999995,0.449,8
0.996,0.731,189507,0.266,0,0.0957,2,0.162,-11.893,1,0,0.0433,131.516,0.461,8
0.648,0.336,190347,0.248,0,0.0,2,0.113,-15.626,1,63,0.0324,128.548,0.297,6
0.0304,0.7090000000000001,224000,0.638,0,4.33e-05,4,0.0944,-9.46,0,43,0.105,178.49900000000005,0.4370000000000001,2
0.836,0.244,403640,0.348,0,0.858,9,0.083,-12.239,1,3,0.0332,106.572,0.358,7
0.118,0.722,99500,0.333,1,0.0,8,0.258,-12.95,1,0,0.838,122.911,0.321,10
0.893,0.6859999999999999,225293,0.383,0,0.8740000000000001,10,0.112,-15.838,1,41,0.0491,77.257,0.654,6
0.0829,0.652,193187,0.745,0,0.00106,10,0.0918,-9.425,0,29,0.0685,96.122,0.961,5
0.000162,0.349,235507,0.816,0,0.0312,6,0.118,-10.043,1,33,0.0402,106.247,0.512,4
0.18,0.695,96200,0.18,1,0.0,7,0.162,-25.525,1,0,0.846,135.95600000000002,0.531,10
0.833,0.7040000000000001,105493,0.227,0,0.0,0,0.0612,-18.377,1,9,0.442,125.929,0.809,7
0.102,0.841,255893,0.738,1,0.0235,4,0.0901,-5.317,0,39,0.3,93.725,0.305,3
0.984,0.463,200012,0.287,0,0.91,2,0.172,-10.128,0,0,0.174,70.684,0.662,8
0.648,0.424,215960,0.386,0,0.00109,8,0.451,-9.475,1,34,0.0292,103.953,0.436,5
0.127,0.621,247080,0.8340000000000001,0,0.0,7,0.0854,-3.1660000000000004,1,53,0.105,156.095,0.561,1
0.234,0.826,237160,0.514,0,0.0,2,0.302,-6.275,1,52,0.0519,141.859,0.884,2
0.0808,0.65,261933,0.6409999999999999,0,0.00397,10,0.408,-7.223,1,42,0.0347,118.229,0.387,2
0.0193,0.575,249133,0.607,0,1.03e-06,9,0.0303,-14.308,1,40,0.0282,130.534,0.722,4
0.63,0.275,183733,0.336,0,0.000216,0,0.128,-9.327,1,31,0.0269,74.695,0.184,4
0.0226,0.448,224550,0.55,0,0.205,9,0.0425,-7.427,1,38,0.026,81.814,0.7090000000000001,2
0.308,0.314,176667,0.473,0,0.0,5,0.276,-11.748,1,24,0.0346,167.42700000000005,0.562,6
0.7020000000000001,0.66,155440,0.557,0,0.0412,9,0.122,-10.925,1,39,0.029,125.463,0.62,6
0.0634,0.831,270733,0.508,1,0.0,9,0.0731,-7.511,0,49,0.309,87.054,0.728,3
0.879,0.461,187293,0.28300000000000003,0,0.53,8,0.101,-18.137,1,28,0.069,119.741,0.601,6
0.00598,0.674,189120,0.85,0,0.0,3,0.0837,-4.668,0,50,0.0595,124.031,0.73,1
0.994,0.6,176948,0.212,0,0.446,0,0.13,-11.56,0,0,0.503,175.207,0.591,8
0.375,0.648,176787,0.632,0,0.000135,0,0.0431,-3.0210000000000004,1,56,0.0491,165.36900000000003,0.961,2
0.0153,0.6940000000000001,231787,0.8809999999999999,0,0.0196,1,0.0851,-4.053,0,64,0.0701,121.554,0.924,2
0.629,0.6709999999999999,142707,0.314,0,0.0,10,0.0972,-12.132,0,11,0.285,138.569,0.742,7
0.0966,0.397,266227,0.8170000000000001,0,8.16e-06,2,0.316,-5.495,1,40,0.042,158.004,0.416,2
0.6409999999999999,0.6579999999999999,301027,0.368,0,1.76e-06,9,0.0806,-14.14,1,54,0.0424,119.651,0.6629999999999999,4
0.324,0.4970000000000001,293240,0.79,0,2.9600000000000005e-05,8,0.973,-10.755999999999998,1,42,0.129,153.815,0.727,3
0.979,0.284,269333,0.0732,0,0.358,2,0.0855,-22.865,0,2,0.0485,76.855,0.321,7
0.76,0.265,332320,0.264,0,0.0655,0,0.189,-11.639,0,36,0.0316,82.62899999999998,0.18600000000000005,3
0.376,0.5,157493,0.411,0,0.0,2,0.147,-5.796,1,58,0.0294,80.831,0.468,5
0.115,0.456,179680,0.818,0,0.0,11,0.0995,-11.286,1,45,0.0589,115.556,0.257,3
0.278,0.455,193707,0.595,0,0.011,5,0.174,-6.165,1,48,0.0337,131.325,0.261,4
0.13699999999999998,0.6759999999999999,91288,0.503,1,6.36e-05,8,0.0981,-6.115,1,69,0.0971,162.85,0.196,1
0.0244,0.84,369547,0.459,0,0.00286,3,0.125,-13.64,0,37,0.0539,119.44,0.971,4
0.984,0.479,105053,0.033,0,0.0297,6,0.105,-12.76,1,4,0.0316,137.695,0.262,7
0.887,0.654,182021,0.562,0,0.0006389999999999999,11,0.275,-11.195,0,0,0.172,148.955,0.685,9
0.217,0.312,214587,0.841,1,2.380000000000001e-05,2,0.0876,-5.244,1,48,0.0846,75.112,0.185,1
0.000312,0.402,393706,0.73,1,0.32299999999999995,6,0.103,-9.327,1,58,0.0455,104.527,0.29600000000000004,3
0.8909999999999999,0.454,200133,0.225,0,0.955,2,0.066,-17.575,1,0,0.0472,155.24200000000005,0.6809999999999999,9
0.0133,0.674,169535,0.531,0,0.47,9,0.0941,-13.581,1,0,0.0388,114.695,0.807,8
0.0621,0.534,186400,0.813,0,0.305,7,0.168,-7.709,1,37,0.0483,117.7,0.595,6
0.0219,0.428,289027,0.826,0,8.27e-06,2,0.252,-8.158999999999999,1,27,0.0602,122.132,0.545,4
0.993,0.53,78184,0.348,0,0.213,10,0.14,-15.394,1,0,0.0436,135.333,0.969,8
0.993,0.501,288493,0.285,0,0.913,1,0.131,-14.341,1,0,0.415,172.305,0.496,10
0.0523,0.24,303853,0.738,0,0.00121,10,0.419,-4.383,0,41,0.0472,193.023,0.305,1
0.0577,0.491,183520,0.691,0,0.0,9,0.637,-11.035,0,20,0.224,115.887,0.328,6
0.019,0.8540000000000001,234372,0.6709999999999999,0,0.383,7,0.105,-7.158,1,69,0.0543,107.994,0.631,0
0.0175,0.8809999999999999,227933,0.8740000000000001,0,1.19e-06,6,0.154,-4.505,1,71,0.139,107.891,0.858,3
0.713,0.425,241800,0.341,0,0.0,11,0.8490000000000001,-15.991,1,28,0.0419,120.05,0.618,4
0.617,0.541,120453,0.7,0,0.0,1,0.373,-5.292000000000002,1,49,0.279,94.384,0.654,1
0.8340000000000001,0.616,50920,0.113,0,0.0,2,0.0535,-17.779,1,1,0.465,172.138,0.322,7
0.996,0.219,40173,0.0459,0,0.884,3,0.112,-24.47300000000001,0,4,0.0337,73.34,0.867,8
0.355,0.7,235627,0.77,0,0.0,5,0.0919,-5.1160000000000005,1,47,0.0282,117.566,0.513,2
0.0461,0.442,152200,0.794,0,3.74e-05,2,0.483,-10.777,1,20,0.04,144.493,0.887,5
0.0989,0.778,154733,0.8140000000000001,0,8.07e-06,6,0.18,-8.97,1,28,0.14,98.857,0.921,4
0.00356,0.531,298600,0.695,0,0.00305,7,0.14800000000000002,-5.811,1,45,0.0283,93.306,0.687,3
0.0409,0.256,248907,0.579,0,0.0399,11,0.11,-11.478,0,29,0.0512,184.458,0.561,6
0.5660000000000001,0.338,188200,0.0977,0,7.49e-06,5,0.125,-14.283,1,23,0.0322,101.945,0.172,7
0.0078,0.789,201097,0.863,1,0.00325,6,0.0373,-8.197000000000001,0,40,0.0955,105.037,0.8170000000000001,2
0.6559999999999999,0.574,121240,0.594,0,0.0,10,0.0705,-4.2810000000000015,0,13,0.0609,138.645,0.818,7
0.112,0.7140000000000001,234773,0.467,0,2.99e-05,10,0.116,-15.068,0,27,0.0326,107.047,0.805,5
0.223,0.4320000000000001,176107,0.848,0,0.000194,0,0.113,-5.144,1,43,0.0987,147.398,0.188,2
0.984,0.474,208893,0.0831,0,0.0413,10,0.0786,-18.495,1,0,0.0407,118.167,0.344,10
0.777,0.594,373107,0.27,0,0.0142,10,0.0848,-11.627,1,11,0.0552,117.183,0.433,7
0.617,0.5760000000000001,138160,0.725,0,2.7399999999999995e-05,5,0.237,-5.329,1,22,0.0909,183.35,0.8029999999999999,7
0.29,0.384,345667,0.455,0,0.00241,7,0.116,-13.386,0,34,0.0312,179.803,0.481,3
0.737,0.518,233533,0.422,0,0.0,6,0.134,-12.972,1,38,0.0282,109.398,0.6729999999999999,6
0.7,0.759,143667,0.413,1,0.0,11,0.14,-7.282,0,73,0.0494,115.893,0.403,1
