0.961,0.478,204560,0.244,0,0.927,1,0.307,-14.289,1,0,0.028,85.51299999999998,0.778,7
0.2,0.231,426735,0.794,0,0.114,2,0.0797,-9.355,0,30,0.0597,119.616,0.488,5
0.816,0.468,184240,0.0555,0,8.93e-05,11,0.109,-20.526,0,27,0.045,134.68200000000002,0.185,6
0.00605,0.331,197200,0.6829999999999999,0,0.0216,0,0.128,-11.261,1,32,0.036000000000000004,95.714,0.56,6
0.000398,0.613,218267,0.917,0,9.69e-06,8,0.159,-4.754,1,60,0.0637,140.001,0.77,1
0.239,0.6459999999999999,176360,0.599,0,2.75e-06,7,0.0617,-9.355,1,39,0.0268,113.057,0.846,4
0.955,0.621,237813,0.199,0,0.262,11,0.101,-15.576,1,42,0.0338,87.086,0.157,2
0.199,0.873,202062,0.495,0,0.0,6,0.0805,-5.4460000000000015,1,72,0.0518,106.033,0.546,1
0.0367,0.703,169693,0.895,0,6.61e-05,9,0.307,-4.002,0,55,0.029,141.558,0.965,4
0.6629999999999999,0.653,336893,0.618,0,0.0,7,0.134,-10.852,1,47,0.0744,126.73,0.705,6
0.986,0.597,340400,0.272,0,0.8909999999999999,8,0.118,-10.550999999999998,1,32,0.0655,68.128,0.0688,6
0.64,0.684,171467,0.304,0,1.02e-05,9,0.281,-13.466,1,26,0.0265,95.581,0.913,6
0.601,0.405,158587,0.491,0,6.73e-05,0,0.0811,-8.922,0,31,0.0378,121.144,0.348,6
0.436,0.599,175775,0.508,0,0.000102,7,0.224,-5.858,1,33,0.0419,79.99600000000002,0.823,5
0.61,0.25,153840,0.314,0,0.000659,7,0.135,-13.005999999999998,0,1,0.0363,169.296,0.605,9
5.45e-06,0.327,56400,0.8390000000000001,0,0.0286,1,0.105,-10.743,1,35,0.064,126.114,0.922,4
0.987,0.304,411240,0.163,0,0.157,3,0.0911,-19.152,1,0,0.0487,103.17,0.22,8
0.706,0.593,179400,0.264,0,0.000272,2,0.0749,-16.479,1,29,0.0257,69.975,0.159,3
0.802,0.675,173787,0.344,0,0.0,2,0.425,-9.681,1,40,0.0339,77.946,0.69,3
0.972,0.312,317960,0.299,0,0.0008380000000000001,9,0.103,-12.343,1,0,0.0372,78.3,0.153,8
0.208,0.655,143427,0.654,0,0.0,5,0.0949,-6.404,1,49,0.0441,112.21,0.87,2
0.454,0.715,138853,0.687,0,0.0,0,0.0736,-9.408,1,36,0.0311,139.375,0.974,2
0.343,0.7609999999999999,267720,0.711,0,0.0,4,0.0723,-7.398,0,58,0.0744,126.006,0.657,2
0.718,0.435,133773,0.7709999999999999,0,0.349,9,0.157,-9.85,0,28,0.0427,91.876,0.7829999999999999,6
0.948,0.688,161507,0.252,0,0.5539999999999999,9,0.125,-10.532,1,2,0.0547,122.266,0.948,9
0.958,0.309,177947,0.207,0,0.0993,9,0.632,-13.665,0,14,0.0366,111.366,0.206,9
0.282,0.47,236840,0.794,0,0.000601,10,0.605,-4.547,1,45,0.025,97.987,0.691,2
0.0833,0.635,195467,0.823,0,0.000377,5,0.157,-4.54,0,60,0.102,200.943,0.821,3
0.66,0.512,250467,0.6559999999999999,0,0.395,2,0.0888,-9.205,0,17,0.0276,133.62,0.723,6
0.0078,0.919,147304,0.848,1,0.0406,7,0.338,-10.511,1,50,0.165,109.183,0.959,3
0.0882,0.6659999999999999,335267,0.5660000000000001,0,0.0695,0,0.0524,-10.31,1,56,0.0292,137.97899999999998,0.308,3
0.0607,0.6990000000000001,221640,0.502,0,0.0337,9,0.317,-12.526,1,39,0.0278,105.267,0.6759999999999999,5
0.8290000000000001,0.746,215747,0.243,0,1.02e-06,4,0.0905,-15.134,0,67,0.123,118.578,0.425,7
0.339,0.422,197540,0.518,0,0.0,8,0.101,-5.862,1,65,0.0646,77.378,0.29,0
0.994,0.504,35907,0.315,0,0.954,2,0.303,-15.634,0,0,0.0658,175.239,0.752,8
0.6940000000000001,0.563,204293,0.514,0,0.0,5,0.175,-9.054,1,36,0.0287,204.799,0.8390000000000001,4
0.00296,0.7440000000000001,428667,0.7809999999999999,0,0.623,11,0.0501,-12.09,1,36,0.0816,117.859,0.7290000000000001,4
0.8240000000000001,0.585,131467,0.392,0,0.00144,11,0.161,-12.005999999999998,0,9,0.0313,109.724,0.48,6
0.489,0.23,185227,0.487,0,0.918,7,0.345,-10.428,1,24,0.0359,127.868,0.198,5
0.000512,0.5760000000000001,197107,0.675,0,0.0725,2,0.0652,-9.088,1,53,0.0289,114.863,0.366,2
0.953,0.389,363640,0.229,0,0.0832,7,0.111,-17.576,0,0,0.0489,119.904,0.208,8
0.875,0.149,209600,0.0552,0,0.8540000000000001,6,0.153,-27.123,0,3,0.0377,87.552,0.0388,7
0.461,0.362,300267,0.476,0,7.52e-06,1,0.115,-9.138,1,51,0.0326,144.855,0.12,3
0.5660000000000001,0.446,131320,0.397,0,0.0,5,0.348,-9.567,1,29,0.0341,69.08,0.354,5
0.965,0.527,133733,0.267,0,0.0,5,0.159,-14.485,1,0,0.085,151.28799999999995,0.486,7
0.833,0.635,133000,0.341,0,0.0,0,0.245,-11.943,1,25,0.0531,115.168,0.879,7
0.0378,0.631,247693,0.885,0,0.0006730000000000001,0,0.209,-9.799,1,35,0.0901,108.604,0.62,3
0.0619,0.723,239267,0.84,1,0.0,1,0.0945,-3.523,0,58,0.0608,94.332,0.8270000000000001,2
0.0029,0.639,294533,0.417,0,0.000218,6,0.0821,-15.345,1,50,0.0265,98.818,0.778,5
0.6829999999999999,0.4,214520,0.491,0,4.13e-05,0,0.242,-7.832000000000002,1,30,0.0251,140.964,0.42,5
0.627,0.669,246915,0.509,0,0.0986,9,0.0618,-11.964,0,33,0.0295,93.813,0.648,6
0.731,0.475,306133,0.365,0,0.0,9,0.309,-10.694,0,23,0.0378,78.531,0.46,7
0.988,0.473,106360,0.29,0,0.867,8,0.424,-8.879,1,0,0.0896,184.692,0.964,8
0.153,0.754,214667,0.759,0,0.000114,9,0.101,-5.218,1,77,0.302,126.367,0.435,5
0.0005009999999999999,0.466,244693,0.763,0,0.0,0,0.0973,-4.448,1,69,0.0318,154.914,0.293,1
0.579,0.5760000000000001,250840,0.289,0,0.0,2,0.175,-10.283,0,23,0.0272,105.009,0.422,6
0.601,0.723,170507,0.551,0,0.00449,5,0.18600000000000005,-4.4460000000000015,1,52,0.0365,112.166,0.964,1
0.194,0.843,218813,0.384,0,0.0,10,0.2,-9.184,1,52,0.0898,123.058,0.64,1
0.94,0.43,57867,0.306,0,0.764,7,0.15,-17.723,1,0,0.0554,92.166,0.247,8
0.0919,0.262,388453,0.539,0,0.008029999999999999,2,0.0889,-10.264,1,51,0.0451,87.197,0.436,2
0.705,0.73,111452,0.326,0,0.0,8,0.103,-7.001,1,72,0.26,116.893,0.434,1
0.000813,0.443,278640,0.545,0,0.0137,0,0.202,-8.196,1,60,0.0273,99.914,0.104,1
0.174,0.591,164667,0.638,0,0.0,8,0.223,-5.3039999999999985,1,53,0.0425,143.9,0.325,1
0.475,0.547,136773,0.763,0,4.39e-06,0,0.135,-10.364,0,17,0.0505,166.188,0.945,6
0.0196,0.81,203440,0.504,0,0.0464,2,0.295,-9.603,1,41,0.0498,93.008,0.532,2
0.406,0.513,268813,0.423,0,3.86e-05,1,0.115,-12.986,0,29,0.0372,126.589,0.377,4
0.872,0.494,195117,0.384,0,0.0,9,0.0685,-6.714,1,43,0.0928,204.803,0.966,2
0.957,0.386,167533,0.0638,0,0.0,7,0.102,-20.962,1,0,0.0439,98.117,0.185,7
0.189,0.6920000000000001,285200,0.377,1,0.0,6,0.155,-14.498,1,47,0.096,135.768,0.459,3
0.272,0.76,210200,0.6829999999999999,0,0.0,4,0.0959,-8.374,1,33,0.0353,112.949,0.733,3
0.406,0.389,181293,0.29,0,3.97e-05,2,0.0758,-11.868,1,56,0.0393,185.007,0.158,2
0.389,0.635,124360,0.6559999999999999,0,0.00127,2,0.0828,-8.5,1,51,0.0291,134.435,0.77,6
0.94,0.575,187507,0.104,0,0.464,5,0.117,-18.446,0,13,0.0481,100.135,0.28300000000000003,7
0.000967,0.6609999999999999,249067,0.937,0,1.59e-05,10,0.355,-3.83,0,60,0.0744,131.001,0.535,1
0.711,0.316,80280,0.662,0,0.944,10,0.0892,-14.497,0,0,0.0403,142.791,0.117,8
0.0615,0.8059999999999999,190311,0.804,0,0.0,6,0.115,-4.84,0,54,0.146,88.01799999999999,0.7659999999999999,1
0.904,0.414,456853,0.145,0,0.862,9,0.138,-25.221,0,36,0.0337,98.307,0.117,6
0.982,0.7659999999999999,163760,0.0756,0,2.04e-06,6,0.085,-19.345,1,6,0.0421,98.49,0.6659999999999999,8
0.966,0.728,178693,0.153,0,3.33e-06,2,0.161,-12.489,0,4,0.0488,113.952,0.494,9
0.665,0.655,226627,0.449,0,9.57e-06,5,0.182,-12.802,0,32,0.0343,110.928,0.397,4
0.494,0.613,237320,0.394,0,0.0114,4,0.15,-12.008,1,33,0.038,87.071,0.7509999999999999,5
0.857,0.412,196360,0.29,0,8.5e-06,5,0.527,-7.0310000000000015,1,12,0.0398,83.399,0.435,7
0.239,0.936,124056,0.523,1,0.0,5,0.117,-6.71,1,72,0.0597,119.889,0.6990000000000001,1
0.68,0.635,117560,0.618,0,0.0,7,0.189,-8.619,0,51,0.0589,114.188,0.912,7
0.537,0.366,335286,0.468,0,0.0283,4,0.0664,-14.514,0,35,0.0826,90.281,0.0506,5
0.281,0.516,178023,0.456,0,1.27e-05,9,0.0847,-9.242,1,65,0.0397,145.843,0.238,1
0.908,0.833,170877,0.238,0,0.8109999999999999,5,0.114,-15.953,1,8,0.126,138.425,0.872,8
0.759,0.573,253760,0.581,0,0.007390000000000002,5,0.97,-13.257,1,31,0.0462,116.834,0.47,4
0.853,0.386,186653,0.393,0,6.840000000000001e-05,6,0.147,-7.8039999999999985,1,15,0.0295,66.607,0.301,7
0.737,0.456,189806,0.8420000000000001,0,0.0126,4,0.2,-4.869,0,0,0.0564,80.949,0.955,8
0.965,0.464,384653,0.125,0,0.199,9,0.0739,-19.238,1,0,0.0448,95.446,0.211,8
0.35700000000000004,0.597,143147,0.8320000000000001,0,1.68e-06,0,0.0374,-9.641,1,10,0.142,120.698,0.695,7
0.648,0.311,513200,0.893,0,0.406,4,0.873,-7.707000000000002,0,26,0.117,136.29,0.469,5
0.111,0.718,101700,0.182,1,0.0,0,0.0522,-19.201,1,0,0.889,118.573,0.459,8
0.982,0.257,605000,0.248,0,6.74e-05,2,0.174,-16.264,1,0,0.0589,73.969,0.119,7
0.78,0.423,177787,0.0795,0,0.0,9,0.103,-22.882,1,14,0.0367,117.794,0.397,6
0.912,0.544,181667,0.122,0,0.00293,2,0.116,-16.155,0,15,0.0383,92.237,0.44,7
0.885,0.512,106627,0.441,0,0.382,10,0.127,-9.377,1,11,0.0483,68.997,0.66,7
0.5329999999999999,0.609,196733,0.515,0,0.0,7,0.181,-7.536,1,61,0.0583,173.921,0.843,2
0.0319,0.8490000000000001,97760,0.453,0,6.95e-06,6,0.374,-20.021,1,33,0.17800000000000002,113.471,0.628,3
0.223,0.565,246533,0.7090000000000001,0,0.0,1,0.386,-5.475,1,41,0.033,132.132,0.309,2
0.6890000000000001,0.293,429600,0.317,0,0.923,7,0.121,-14.707,1,40,0.0336,76.749,0.0859,3
0.16399999999999998,0.393,171867,0.508,0,2.59e-05,9,0.259,-10.636,1,46,0.0287,97.107,0.55,1
0.841,0.509,150853,0.384,0,0.0,4,0.0949,-10.873,1,12,0.0524,132.864,0.7759999999999999,6
0.19,0.877,161006,0.299,0,0.0,6,0.0564,-11.787,1,18,0.0634,107.071,0.875,6
0.0247,0.565,192133,0.8320000000000001,0,0.0,10,0.26,-5.732,0,64,0.114,112.827,0.233,1
0.371,0.5589999999999999,258800,0.642,0,0.7959999999999999,1,0.0737,-13.496,1,27,0.0352,107.122,0.785,4
0.282,0.873,328333,0.525,0,0.0103,6,0.0702,-13.973,0,27,0.0349,115.925,0.942,4
0.904,0.327,172133,0.149,0,7.12e-06,5,0.0953,-15.029000000000002,1,36,0.0345,185.723,0.17800000000000002,3
0.733,0.22,269538,0.555,0,0.434,0,0.109,-10.445,1,0,0.313,79.487,0.0947,9
4.88e-05,0.506,242133,0.899,0,0.00574,1,0.162,-4.392,0,40,0.0344,122.163,0.534,2
0.8140000000000001,0.333,125309,0.331,0,3.19e-06,7,0.257,-11.524,1,4,0.0363,113.441,0.433,8
0.932,0.364,219547,0.4970000000000001,0,0.00237,9,0.275,-7.499,1,7,0.0512,175.051,0.557,7
0.995,0.278,91613,0.118,0,0.862,8,0.103,-25.195,1,1,0.0425,139.375,0.116,10
0.763,0.545,159067,0.271,0,0.000833,9,0.13699999999999998,-11.769,1,23,0.0299,104.335,0.517,6
0.6809999999999999,0.46,186400,0.172,0,0.0,10,0.114,-14.57,1,46,0.0763,180.679,0.721,4
0.967,0.362,154307,0.108,0,0.0,5,0.199,-15.233,1,39,0.0299,91.847,0.227,4
0.467,0.532,306373,0.359,0,0.0,5,0.0828,-13.933,0,40,0.0434,73.947,0.479,4
0.234,0.645,191667,0.828,0,0.0,0,0.2,-8.493,1,50,0.0373,121.217,0.774,4
0.228,0.628,138960,0.7829999999999999,0,0.0,7,0.057,-7.798999999999999,1,30,0.0323,132.601,0.922,6
0.359,0.387,220965,0.5760000000000001,0,0.000849,5,0.182,-6.789,1,1,0.0498,191.062,0.78,8
0.645,0.607,222067,0.501,0,0.0261,10,0.0653,-9.828,0,25,0.048,163.90900000000005,0.821,5
0.0598,0.737,265667,0.5429999999999999,0,0.01,8,0.103,-10.403,1,66,0.0374,112.016,0.256,3
0.405,0.5870000000000001,214507,0.5379999999999999,0,2.97e-06,4,0.0806,-6.86,1,33,0.0247,92.17,0.326,3
0.958,0.32299999999999995,196627,0.156,0,2.18e-05,3,0.321,-14.084,1,5,0.0319,87.87,0.0964,8
0.7440000000000001,0.431,177667,0.284,0,0.0,2,0.0865,-15.028,1,23,0.0304,82.304,0.536,7
0.58,0.511,141667,0.468,0,0.0,8,0.122,-7.811,1,22,0.0346,119.996,0.821,6
0.977,0.292,238987,0.121,0,0.00161,5,0.243,-19.173,0,2,0.044,77.61399999999998,0.145,7
0.995,0.436,172707,0.4920000000000001,0,0.967,2,0.3670000000000001,-14.29,1,0,0.0977,127.168,0.7809999999999999,10
0.978,0.499,94933,0.343,0,0.936,7,0.153,-5.511,1,26,0.0685,172.928,0.28,6
0.191,0.639,229493,0.7090000000000001,1,0.0,3,0.0758,-6.386,0,53,0.332,104.964,0.376,2
0.214,0.519,265759,0.843,0,0.000446,11,0.21,-6.507999999999999,1,60,0.0431,84.99700000000001,0.5920000000000001,1
0.147,0.628,162267,0.585,0,0.927,3,0.0465,-8.036,0,46,0.0421,100.95,0.618,2
0.0078,0.415,307493,0.958,0,3.9e-05,4,0.154,-3.886,1,42,0.116,165.828,0.35600000000000004,4
0.965,0.259,1052040,0.117,0,0.882,0,0.111,-18.962,1,0,0.0314,82.81,0.0941,8
0.948,0.485,347560,0.3670000000000001,0,0.386,3,0.927,-14.621,0,16,0.0514,116.677,0.375,7
0.125,0.529,307467,0.7929999999999999,0,0.00134,2,0.132,-7.725,1,28,0.0296,93.255,0.7070000000000001,5
0.28300000000000003,0.785,150043,0.5539999999999999,1,3.4e-06,0,0.116,-6.5710000000000015,1,81,0.0409,128.047,0.14400000000000002,1
0.4920000000000001,0.767,284907,0.649,0,0.0,0,0.102,-3.893,1,35,0.0409,88.42,0.935,4
0.0188,0.484,294800,0.61,0,0.0,9,0.0985,-5.776,1,56,0.0266,145.99200000000005,0.339,1
0.466,0.435,187040,0.804,0,0.0,0,0.942,-8.48,1,30,0.16899999999999998,93.83,0.727,6
0.978,0.227,233773,0.18,0,0.7659999999999999,1,0.0984,-25.137,1,0,0.0579,131.869,0.0963,7
0.8270000000000001,0.438,183440,0.383,0,8.75e-06,8,0.127,-12.684,1,28,0.0321,140.725,0.574,6
0.021,0.424,254533,0.632,0,0.0117,9,0.0545,-7.2429999999999986,1,60,0.0922,97.694,0.35600000000000004,2
0.595,0.56,252943,0.7809999999999999,0,0.0,0,0.409,-4.957,1,55,0.0802,75.99600000000002,0.508,1
0.195,0.83,228293,0.884,0,0.235,6,0.105,-8.338,0,46,0.246,124.304,0.735,3
0.947,0.45,221036,0.124,0,0.000115,2,0.11,-12.246,1,2,0.0341,113.203,0.196,7
0.499,0.375,283827,0.449,0,0.237,0,0.173,-12.478,1,48,0.0283,105.646,0.49,4
0.389,0.782,151187,0.579,0,0.0,2,0.964,-13.545,0,27,0.202,119.117,0.967,5
0.8859999999999999,0.573,169880,0.238,0,1.34e-06,3,0.128,-12.194,1,8,0.0353,130.424,0.5760000000000001,8
0.253,0.6559999999999999,151333,0.594,0,0.000905,9,0.119,-10.991,1,23,0.0376,98.356,0.778,5
0.0811,0.5710000000000001,196933,0.863,0,8.47e-05,0,0.17600000000000002,-5.921,1,49,0.0743,97.026,0.396,1
0.665,0.396,194267,0.276,0,0.0,7,0.27,-10.158,1,39,0.0333,145.873,0.454,2
0.918,0.282,143440,0.0141,0,9.73e-06,3,0.179,-21.306,0,8,0.0315,69.84899999999999,0.0618,7
0.343,0.7120000000000001,266000,0.758,1,0.0,9,0.141,-4.835,1,49,0.26,140.02,0.903,1
0.838,0.7240000000000001,200987,0.203,0,0.784,10,0.123,-13.794,1,35,0.039,135.144,0.405,6
0.222,0.7979999999999999,199840,0.602,0,0.784,9,0.29600000000000004,-12.921,1,39,0.0379,120.522,0.446,5
0.958,0.235,481360,0.457,0,0.007109999999999998,4,0.696,-10.522,0,1,0.041,95.339,0.157,7
0.348,0.0605,175867,0.152,0,0.00496,4,0.106,-18.672,0,43,0.0402,61.385,0.053,4
0.961,0.816,161400,0.438,0,5.1e-06,5,0.0878,-10.353,1,11,0.106,117.273,0.88,7
0.439,0.5539999999999999,172467,0.29600000000000004,0,0.0,0,0.129,-11.885,0,39,0.0273,75.181,0.324,2
0.923,0.522,146667,0.256,0,0.0,3,0.359,-7.39,1,44,0.0309,114.96,0.64,2
0.0405,0.273,170440,0.944,0,0.145,0,0.677,-7.0360000000000005,1,35,0.069,175.93900000000005,0.498,3
0.16399999999999998,0.6829999999999999,241267,0.601,0,0.0,7,0.119,-6.9270000000000005,1,55,0.0308,98.97,0.62,1
0.986,0.201,396480,0.0929,0,0.000449,7,0.149,-17.081,0,32,0.0336,87.999,0.0589,6
0.00898,0.501,194400,0.648,0,0.377,7,0.393,-7.023,0,48,0.0473,99.996,0.095,1
0.888,0.218,473867,0.245,0,0.182,3,0.162,-13.954,1,0,0.0363,131.593,0.08900000000000001,8
0.102,0.52,335467,0.342,0,0.0,1,0.0858,-9.103,0,33,0.0385,171.595,0.369,3
0.139,0.705,297509,0.809,0,1.27e-06,10,0.123,-5.779,0,55,0.0377,89.96600000000002,0.5670000000000001,3
0.0419,0.593,234503,0.779,0,0.0,8,0.312,-4.269,0,53,0.0429,124.539,0.443,1
0.988,0.529,201921,0.191,0,0.468,6,0.116,-12.597,1,0,0.266,127.445,0.519,8
0.278,0.463,429813,0.855,0,5.07e-06,0,0.142,-7.423999999999999,1,37,0.16699999999999998,106.436,0.473,3
0.936,0.721,69760,0.511,0,0.877,7,0.0906,-14.832,1,10,0.0514,94.161,0.969,8
0.157,0.528,212066,0.684,0,0.0,8,0.0997,-6.266,0,58,0.0331,155.947,0.31,1
0.698,0.6679999999999999,257160,0.52,0,0.0165,9,0.13,-11.098,1,51,0.0444,153.963,0.556,3
0.6970000000000001,0.5770000000000001,148493,0.619,0,0.445,0,0.318,-9.022,1,34,0.0323,126.242,0.537,6
0.9,0.585,306600,0.158,0,0.00216,5,0.159,-17.659000000000006,1,38,0.0321,95.237,0.263,6
0.8740000000000001,0.262,194960,0.316,0,0.0,8,0.294,-10.775,1,19,0.0335,91.954,0.185,7
0.0101,0.51,226733,0.846,1,0.0,3,0.208,-4.595,1,79,0.0461,139.92700000000002,0.475,1
0.966,0.7,175587,0.338,0,0.916,2,0.0836,-9.819,1,14,0.0947,142.224,0.884,6
0.789,0.292,352080,0.369,0,6.9e-05,7,0.608,-11.134,1,0,0.0267,85.085,0.14300000000000002,8
4.84e-05,0.0822,68011,0.8140000000000001,0,0.989,1,0.499,-24.379,1,66,0.0564,173.199,0.0298,1
0.957,0.384,259480,0.0885,0,0.0,7,0.126,-11.166,0,60,0.0479,171.146,0.284,1
0.00821,0.344,181227,0.964,0,0.00215,6,0.6779999999999999,-7.778,0,27,0.12,119.787,0.475,3
0.211,0.711,192187,0.488,0,3.03e-05,7,0.165,-12.8,1,43,0.0645,157.632,0.882,3
0.35,0.445,314500,0.157,0,0.7559999999999999,7,0.153,-18.2,1,53,0.0384,118.498,0.122,2
0.978,0.311,963800,0.184,0,0.8540000000000001,5,0.0673,-14.744000000000002,1,0,0.0326,100.943,0.0628,8
0.95,0.612,216387,0.142,0,0.112,5,0.106,-19.155,1,31,0.037000000000000005,105.457,0.362,6
0.142,0.301,322013,0.6759999999999999,0,3.85e-06,6,0.123,-6.66,1,58,0.0344,134.97299999999998,0.13,2
0.392,0.7879999999999999,233027,0.653,0,0.0,4,0.113,-6.787000000000001,0,31,0.0398,139.563,0.966,5
0.000201,0.446,153773,0.953,0,0.0241,5,0.35700000000000004,-2.268,0,59,0.0989,120.013,0.232,2
0.0474,0.764,282040,0.846,1,0.0,0,0.408,-4.548,1,60,0.194,105.947,0.458,1
0.84,0.778,137427,0.54,0,0.0,0,0.24,-9.035,1,7,0.0307,96.052,0.953,7
0.927,0.5529999999999999,186440,0.133,0,0.765,9,0.116,-16.686,0,6,0.125,173.18900000000005,0.417,7
0.00472,0.499,190427,0.797,0,0.0,2,0.297,-4.845,1,59,0.0402,85.054,0.591,1
0.802,0.363,379960,0.27,0,0.0542,8,0.165,-14.576,1,2,0.0392,203.188,0.462,7
0.976,0.563,159987,0.16899999999999998,0,0.0652,0,0.132,-14.704,1,0,0.0449,105.092,0.506,9
0.977,0.0654,552493,0.102,0,0.642,1,0.5660000000000001,-18.671,1,0,0.0438,72.388,0.0362,8
0.182,0.737,226533,0.939,0,0.000596,5,0.0707,-5.101,0,35,0.0793,92.519,0.964,4
0.897,0.281,158467,0.369,0,0.000422,10,0.336,-10.923,0,23,0.031,102.647,0.248,6
0.0785,0.404,270514,0.8909999999999999,0,4.37e-06,0,0.301,-5.5520000000000005,0,51,0.0618,166.209,0.884,3
0.0153,0.83,127373,0.789,1,1.09e-05,1,0.0532,-5.385,1,43,0.0819,120.047,0.7490000000000001,3
0.5760000000000001,0.499,164893,0.386,0,0.0,5,0.6890000000000001,-14.899,0,15,0.17600000000000002,119.098,0.731,6
0.903,0.539,161347,0.141,0,0.0139,2,0.122,-17.919,1,21,0.0289,89.564,0.384,6
0.986,0.375,285364,0.14300000000000002,0,0.954,8,0.129,-25.325,1,17,0.0384,84.811,0.557,7
0.995,0.399,216507,0.29600000000000004,0,0.907,2,0.109,-17.516,1,0,0.0518,122.457,0.53,9
0.394,0.526,171080,0.5429999999999999,0,2.52e-05,2,0.234,-12.895,1,45,0.0403,153.665,0.743,4
0.301,0.767,161493,0.506,0,0.0,9,0.341,-13.021,1,24,0.0412,98.894,0.96,5
0.16,0.8420000000000001,207133,0.6559999999999999,0,0.0,5,0.0626,-3.189,0,51,0.107,102.794,0.95,2
0.19,0.404,124373,0.7070000000000001,0,0.000105,5,0.0588,-11.627,1,18,0.0343,131.548,0.847,6
0.995,0.386,135480,0.071,0,0.895,9,0.104,-21.235,0,0,0.0522,132.054,0.0455,9
0.316,0.532,259307,0.615,0,2.1e-06,0,0.382,-4.47,1,30,0.0353,178.356,0.7290000000000001,4
0.7170000000000001,0.627,192160,0.41,0,0.0,2,0.12,-12.608,1,16,0.156,124.568,0.7509999999999999,6
0.114,0.8140000000000001,336533,0.918,0,0.0,0,0.0436,-5.3889999999999985,1,40,0.147,105.86,0.732,3
0.0372,0.6409999999999999,241933,0.63,0,0.0,8,0.4,-6.393,1,57,0.0521,79.955,0.415,3
0.0815,0.852,160059,0.5539999999999999,1,0.0,11,0.118,-8.254,1,62,0.389,155.961,0.33,1
0.7070000000000001,0.5710000000000001,202760,0.396,0,0.000753,5,0.17800000000000002,-10.408,0,13,0.0311,127.297,0.478,7
0.439,0.57,225573,0.467,0,0.00443,2,0.0909,-12.685,0,38,0.0389,126.414,0.742,5
0.98,0.313,215745,0.221,0,0.16,11,0.341,-15.118,1,0,0.0484,166.753,0.53,9
0.97,0.445,175547,0.515,0,0.28800000000000003,6,0.295,-7.109,0,0,0.0392,119.411,0.768,8
0.00472,0.405,330307,0.6,0,2.27e-06,7,0.29,-5.599,1,49,0.0254,92.815,0.399,3
0.738,0.527,495667,0.343,0,6.69e-06,5,0.183,-11.202,0,26,0.0534,89.34200000000001,0.715,4
0.642,0.47,244947,0.35,0,0.0,2,0.136,-11.424,1,34,0.0302,51.503,0.5710000000000001,3
0.0942,0.916,151539,0.7559999999999999,1,0.0,0,0.23,-7.653,1,72,0.188,115.69,0.7559999999999999,1
0.007559999999999998,0.569,136333,0.519,0,0.0,6,0.0809,-5.44,0,79,0.0464,131.91,0.0769,0
0.0585,0.408,205680,0.695,0,2.46e-05,9,0.0725,-5.903,1,55,0.041,88.671,0.493,5
0.1,0.794,165373,0.871,1,0.0,11,0.384,-6.7970000000000015,0,50,0.0632,89.99700000000001,0.7290000000000001,1
0.987,0.602,177502,0.546,0,0.000934,2,0.33,-7.502000000000002,0,1,0.165,102.896,0.936,8
0.39,0.732,196480,0.8009999999999999,0,0.0,9,0.31,-3.859,1,67,0.0327,123.981,0.8240000000000001,1
6.73e-06,0.34700000000000003,338200,0.741,1,0.115,9,0.267,-7.937,0,55,0.0324,159.918,0.0994,3
0.547,0.555,245867,0.7490000000000001,0,0.00157,0,0.976,-7.806,0,41,0.0595,127.415,0.698,5
0.00436,0.195,618667,0.3670000000000001,0,0.0342,5,0.154,-12.542,1,27,0.0289,105.068,0.0313,6
0.893,0.341,147495,0.423,0,0.0,5,0.12,-4.012,1,6,0.0309,92.943,0.54,7
0.885,0.688,177818,0.235,0,0.0325,7,0.107,-12.223,1,35,0.0851,81.89,0.483,3
0.024,0.763,189413,0.875,0,5.41e-06,9,0.599,-5.7970000000000015,0,70,0.0262,123.013,0.8,1
0.0455,0.444,284000,0.637,0,0.0,1,0.397,-9.301,1,38,0.0349,178.438,0.682,3
0.285,0.612,284667,0.579,0,0.0,1,0.0556,-6.4170000000000025,0,54,0.0553,86.31,0.716,2
0.82,0.778,198773,0.225,0,1.9e-05,5,0.11,-13.586,0,2,0.0541,104.396,0.797,9
0.115,0.708,110100,0.187,1,0.000825,7,0.314,-21.338,1,0,0.794,129.871,0.471,8
0.418,0.6609999999999999,262440,0.371,0,3.59e-06,2,0.101,-12.885,1,30,0.0334,120.428,0.612,3
0.243,0.777,270867,0.764,1,0.0,1,0.103,-5.681,1,58,0.141,177.868,0.174,2
0.711,0.189,172573,0.242,0,0.932,7,0.383,-15.487,1,14,0.0308,74.73,0.114,6
0.705,0.219,36893,0.0929,0,0.936,5,0.235,-17.605,0,18,0.0456,136.575,0.0623,9
0.14,0.518,200613,0.759,0,1.36e-05,2,0.133,-3.782,1,44,0.0404,155.076,0.745,1
0.992,0.355,185813,0.12,0,0.44,9,0.145,-16.66,1,9,0.031,86.10600000000002,0.268,7
0.0159,0.706,217693,0.8140000000000001,0,0.0,1,0.262,-5.405,1,58,0.0569,125.472,0.778,4
0.895,0.603,196853,0.244,0,0.0,7,0.133,-8.764,1,20,0.029,131.859,0.556,7
0.848,0.337,303200,0.7290000000000001,0,0.893,5,0.16899999999999998,-10.835,0,32,0.0345,124.333,0.453,4
0.16699999999999998,0.75,257453,0.863,1,4.79e-06,2,0.285,-3.631,0,47,0.295,78.703,0.551,2
0.0146,0.434,248504,0.922,1,0.0,0,0.198,-3.886,1,33,0.141,173.49400000000003,0.7659999999999999,3
0.41,0.901,268667,0.5760000000000001,0,9.72e-05,5,0.0447,-10.314,0,40,0.0566,124.995,0.959,4
0.0595,0.573,194773,0.922,0,0.0,0,0.414,-4.013,1,47,0.0695,101.099,0.503,2
0.0859,0.804,378200,0.649,0,0.0,1,0.112,-4.4289999999999985,1,57,0.0857,91.067,0.906,1
0.00111,0.542,204720,0.797,0,0.0,9,0.0906,-4.45,0,66,0.0379,113.95,0.593,1
0.00369,0.387,238573,0.94,0,0.0,5,0.0759,-4.16,0,68,0.0528,134.876,0.444,1
0.312,0.913,283333,0.59,0,0.0035,10,0.369,-11.069,0,31,0.0573,118.181,0.83,4
0.209,0.556,173640,0.324,0,5.83e-06,3,0.0964,-11.593,1,30,0.0486,118.616,0.772,6
0.113,0.627,187667,0.632,0,0.0,1,0.112,-8.955,1,20,0.0449,90.858,0.653,6
0.439,0.5760000000000001,198733,0.355,0,4.55e-05,1,0.13,-8.388,1,57,0.033,137.232,0.299,1
0.954,0.602,169227,0.154,0,0.8740000000000001,5,0.125,-18.04,0,9,0.0437,149.697,0.701,7
0.5489999999999999,0.542,170000,0.388,0,1.6800000000000002e-05,2,0.254,-10.108,1,35,0.0332,119.292,0.609,5
0.857,0.416,292000,0.22,0,0.665,0,0.0951,-21.221,0,0,0.0732,84.13799999999998,0.229,7
0.991,0.5579999999999999,200190,0.136,0,0.0909,9,0.25,-15.258,1,0,0.0697,112.856,0.721,9
0.531,0.604,158880,0.5489999999999999,0,0.0,1,0.438,-9.873,1,65,0.0389,111.398,0.696,6
0.197,0.6409999999999999,288827,0.504,0,9.01e-05,7,0.28800000000000003,-12.486,1,49,0.031,130.786,0.276,3
0.959,0.383,222173,0.189,0,1.04e-06,9,0.107,-13.638,0,12,0.0422,171.357,0.19,6
0.53,0.677,215169,0.46,0,9.55e-06,10,0.114,-4.814,1,60,0.0344,122.887,0.973,3
0.489,0.774,233960,0.4,0,0.00129,0,0.0952,-10.992,0,51,0.0428,134.138,0.322,2
0.872,0.254,151840,0.125,0,0.000145,5,0.0936,-21.064,0,45,0.0378,74.226,0.17,4
0.45,0.608,242533,0.846,0,0.0106,0,0.217,-5.56,1,35,0.0671,122.868,0.366,4
0.00135,0.353,247333,0.774,0,0.000199,6,0.105,-5.862,0,53,0.0491,176.201,0.452,2
0.823,0.8190000000000001,168467,0.38,0,0.00381,8,0.0419,-10.724,1,5,0.106,147.55700000000004,0.669,9
0.00192,0.597,240006,0.544,0,0.0562,1,0.07,-8.868,0,65,0.062,105.014,0.263,1
0.00315,0.54,159573,0.912,0,0.0,3,0.124,-4.662,1,45,0.0855,96.958,0.828,2
0.000492,0.5529999999999999,184800,0.841,1,0.381,4,0.0999,-8.74,0,45,0.0418,161.024,0.926,3
0.983,0.377,262000,0.1,0,0.102,9,0.0488,-19.301,0,40,0.0763,167.313,0.458,3
0.978,0.444,181800,0.183,0,0.18,10,0.688,-20.304,1,25,0.045,96.249,0.627,5
0.992,0.526,228107,0.0978,0,3.51e-06,3,0.108,-16.057000000000002,1,7,0.16699999999999998,72.139,0.604,6
0.197,0.598,256493,0.581,0,0.0,8,0.121,-7.61,1,38,0.0418,73.071,0.696,2
0.098,0.524,257853,0.974,1,0.0,1,0.619,-3.807,1,38,0.5529999999999999,78.131,0.603,2
0.984,0.5670000000000001,292107,0.301,0,0.799,4,0.133,-13.675999999999998,1,3,0.0502,138.05200000000002,0.892,7
0.0651,0.848,120463,0.898,0,2.26e-05,1,0.062,-8.702,1,56,0.0915,134.93,0.897,1
0.0633,0.722,196853,0.6970000000000001,0,0.0103,11,0.0675,-7.03,1,40,0.0278,139.34799999999998,0.942,5
0.0722,0.649,270222,0.885,0,8.03e-05,1,0.101,-2.012,1,59,0.106,134.93200000000002,0.7190000000000001,1
0.105,0.659,335800,0.752,0,0.00353,11,0.104,-6.067,1,46,0.0289,119.62,0.769,2
0.933,0.514,209398,0.202,0,0.000165,2,0.25,-13.994000000000002,1,0,0.0504,120.583,0.534,9
0.203,0.878,157557,0.647,1,0.00185,10,0.335,-4.566,0,64,0.0659,131.02700000000002,0.212,1
0.974,0.467,200827,0.09,0,0.916,9,0.0573,-20.992,1,33,0.0652,92.284,0.138,3
0.0156,0.752,148067,0.8540000000000001,0,3.57e-06,2,0.13,-3.98,0,40,0.0453,164.035,0.971,2
0.34700000000000003,0.68,172027,0.228,0,1.59e-05,9,0.0388,-13.15,1,25,0.0411,119.005,0.405,8
0.942,0.297,223333,0.197,0,5.400000000000002e-06,9,0.126,-14.907,0,14,0.0346,85.76799999999999,0.13,6
0.8959999999999999,0.6509999999999999,275440,0.562,0,0.946,3,0.106,-12.672,1,18,0.0451,123.484,0.6759999999999999,6
0.0013800000000000002,0.271,765533,0.6779999999999999,0,0.54,9,0.34,-12.088,0,35,0.0486,110.577,0.29,5
0.00606,0.131,246253,0.977,0,0.691,1,0.945,-8.851,1,34,0.0837,186.572,0.13699999999999998,4
0.07400000000000001,0.716,98482,0.322,1,0.0,11,0.449,-15.925,0,0,0.952,135.655,0.282,10
0.7090000000000001,0.653,98500,0.32,1,0.0,7,0.13,-17.04,1,0,0.919,70.678,0.386,7
0.7440000000000001,0.677,82053,0.268,0,0.0,5,0.368,-16.067,1,31,0.035,110.095,0.773,5
0.174,0.4970000000000001,210360,0.764,0,6.87e-05,0,0.139,-6.709,1,25,0.0288,133.29399999999998,0.735,5
0.99,0.152,150840,0.184,0,0.00257,9,0.101,-18.765,1,1,0.0404,68.333,0.247,10
0.0237,0.6679999999999999,412493,0.3670000000000001,0,5.97e-05,9,0.0624,-9.108,1,36,0.375,169.732,0.69,3
0.975,0.266,241533,0.022,0,0.00184,11,0.0966,-27.01,1,34,0.0344,75.727,0.0761,5
0.852,0.485,183360,0.182,0,0.0,11,0.112,-18.083,0,35,0.0434,110.608,0.35700000000000004,6
0.949,0.421,159573,0.218,0,0.48,0,0.091,-17.649,1,40,0.0304,134.76,0.35600000000000004,5
0.0951,0.532,190240,0.883,0,0.0,0,0.304,-2.7430000000000003,0,59,0.0352,99.995,0.7,1
0.006509999999999999,0.456,198280,0.873,0,0.0,10,0.104,-3.545,1,45,0.0365,188.063,0.759,1
0.755,0.403,76800,0.218,0,0.00205,6,0.49,-16.445,0,0,0.415,79.911,0.327,9
0.564,0.723,115093,0.397,0,0.000381,6,0.101,-14.94,1,24,0.0327,108.344,0.8959999999999999,5
0.977,0.377,188473,0.378,0,0.0142,3,0.16899999999999998,-8.33,1,0,0.0384,66.638,0.512,7
0.000101,0.317,295800,0.875,0,1.88e-06,2,0.109,-6.03,1,40,0.0485,146.284,0.26,2
0.0149,0.517,160267,0.964,0,5.65e-06,4,0.17800000000000002,-4.202,1,34,0.0634,130.546,0.428,3
0.568,0.696,125933,0.493,0,9.08e-06,9,0.282,-11.024,1,35,0.0835,128.869,0.914,6
0.00187,0.353,425067,0.73,0,0.8809999999999999,11,0.14400000000000002,-9.74,0,38,0.0741,116.903,0.235,3
0.892,0.258,234987,0.429,0,8.149999999999999e-05,3,0.15,-13.939,0,0,0.0388,176.938,0.5710000000000001,7
0.536,0.562,142533,0.307,0,0.644,0,0.0948,-13.079,0,16,0.0321,112.371,0.902,7
0.991,0.5820000000000001,185365,0.252,0,0.0056,7,0.12,-11.795,1,0,0.112,172.425,0.7,9
0.517,0.461,229173,0.575,0,0.0,10,0.138,-10.709,1,43,0.0538,82.634,0.5489999999999999,4
0.8109999999999999,0.419,172547,0.433,0,0.000193,2,0.165,-10.168,1,24,0.0284,88.12200000000001,0.161,7
0.000337,0.313,314600,0.948,0,0.07400000000000001,5,0.0785,-7.3679999999999986,1,18,0.0699,178.389,0.735,5
0.986,0.313,141576,0.126,0,0.6829999999999999,5,0.129,-11.713,0,0,0.0446,72.012,0.418,9
0.000212,0.511,189867,0.963,0,6.4e-05,4,0.3670000000000001,-3.974,1,42,0.0787,111.747,0.529,2
0.0121,0.403,216373,0.902,0,0.00857,9,0.0975,-4.828,1,44,0.0498,76.706,0.691,6
0.147,0.39,269587,0.608,0,0.0,5,0.27,-8.267000000000001,0,24,0.0298,158.394,0.59,6
0.846,0.386,459133,0.146,0,0.0,10,0.0835,-17.023,1,30,0.0352,168.46400000000003,0.331,6
0.501,0.402,753893,0.28,0,0.0321,3,0.36,-16.557000000000002,1,29,0.0469,115.969,0.1,5
0.229,0.84,237053,0.457,0,0.3,9,0.104,-9.343,1,30,0.0542,121.063,0.5660000000000001,3
0.758,0.514,337053,0.383,0,4.46e-06,6,0.163,-11.002,1,40,0.0359,118.887,0.251,2
0.5710000000000001,0.4970000000000001,207627,0.199,0,3.48e-05,2,0.109,-15.108,1,38,0.0314,147.204,0.275,3
0.923,0.455,116867,0.413,0,1.41e-06,4,0.0893,-12.552,1,22,0.218,190.147,0.8190000000000001,6
0.996,0.461,196613,0.163,0,0.0188,0,0.17600000000000002,-14.324000000000002,1,0,0.135,74.07300000000002,0.6709999999999999,8
0.705,0.546,188160,0.32299999999999995,0,0.0,7,0.306,-12.972,1,28,0.0332,144.387,0.564,5
0.706,0.675,191133,0.334,0,0.000678,7,0.28600000000000003,-12.619000000000002,1,4,0.0311,112.691,0.882,7
0.857,0.189,189227,0.281,0,0.468,4,0.3670000000000001,-17.712,0,0,0.0402,97.668,0.0375,8
0.906,0.36,104533,0.0348,0,0.804,5,0.168,-25.22300000000001,0,15,0.0347,92.18,0.358,9
7.92e-05,0.438,210000,0.892,0,0.0,11,0.171,-4.165,0,42,0.128,157.03,0.654,2
0.904,0.365,144400,0.111,0,0.00635,4,0.105,-22.346,1,11,0.0401,177.38299999999995,0.175,6
0.65,0.459,490533,0.254,0,0.0006190000000000001,8,0.0567,-12.848,1,24,0.0753,98.866,0.7929999999999999,6
0.785,0.604,174627,0.371,0,0.0,0,0.114,-14.802,1,33,0.0393,127.323,0.8190000000000001,5
0.985,0.259,326093,0.0277,0,0.419,5,0.0973,-29.07,1,0,0.0379,91.382,0.0769,8
0.8809999999999999,0.353,144280,0.472,0,5.67e-05,10,0.18600000000000005,-7.324,1,7,0.0318,94.964,0.672,6
0.292,0.622,1008533,0.425,0,5.73e-05,10,0.0498,-16.256,1,46,0.052000000000000005,96.168,0.417,5
0.59,0.425,193333,0.26,0,0.0,0,0.115,-15.175,1,24,0.032,76.402,0.503,4
0.815,0.491,253333,0.0829,0,0.0031,7,0.136,-23.811,1,25,0.0846,94.297,0.271,4
0.853,0.206,115027,0.322,0,0.695,9,0.831,-14.595,1,33,0.0382,93.405,0.299,5
0.8640000000000001,0.486,256040,0.13,0,8.1e-06,7,0.302,-15.657,1,18,0.0392,95.112,0.265,6
0.251,0.58,161933,0.711,1,0.0,10,0.0383,-4.722,1,60,0.0441,85.943,0.604,1
0.124,0.7240000000000001,197993,0.804,0,0.0,11,0.204,-4.614,0,79,0.0448,124.987,0.306,1
0.988,0.109,256200,0.0414,0,0.114,5,0.106,-25.91,1,49,0.0482,82.111,0.0367,2
0.932,0.621,50400,0.293,0,0.838,8,0.166,-19.646,1,0,0.0555,114.011,0.6990000000000001,8
0.8540000000000001,0.443,85373,0.493,0,0.246,7,0.767,-16.590999999999998,1,0,0.0472,137.092,0.618,8
0.006490000000000001,0.8690000000000001,263627,0.489,0,0.262,0,0.314,-9.804,1,33,0.127,134.681,0.446,5
0.733,0.8909999999999999,161667,0.416,0,0.607,0,0.201,-8.811,1,35,0.084,118.545,0.863,6
0.0504,0.653,199134,0.505,0,0.34700000000000003,0,0.106,-18.006,1,35,0.0729,109.925,0.957,5
0.912,0.174,148400,0.17800000000000002,0,1.3699999999999998e-05,11,0.101,-16.631,1,12,0.0456,173.09400000000005,0.0492,7
0.153,0.6459999999999999,166213,0.54,0,6.63e-05,5,0.285,-12.483,0,28,0.0277,104.4,0.753,6
0.7979999999999999,0.45,462000,0.324,0,0.00348,4,0.126,-15.544,1,39,0.0406,97.49,0.136,3
0.99,0.5589999999999999,260653,0.0519,0,0.905,8,0.117,-22.616,1,64,0.0423,132.694,0.182,2
0.175,0.596,240800,0.443,0,3.84e-05,0,0.35,-12.46,1,51,0.0289,75.296,0.458,3
0.6759999999999999,0.417,226757,0.163,0,0.000211,5,0.112,-14.445,1,49,0.0369,122.61,0.21600000000000005,2
0.797,0.461,182413,0.454,0,0.00612,7,0.107,-8.499,1,9,0.0419,142.197,0.298,7
0.713,0.639,445533,0.496,0,0.254,1,0.0545,-6.8439999999999985,0,41,0.0375,140.394,0.467,2
0.964,0.0901,433800,0.128,0,0.77,10,0.277,-20.372,1,5,0.0394,86.116,0.0372,7
0.478,0.446,273800,0.37,0,0.000205,4,0.0823,-15.877,0,50,0.027000000000000003,84.186,0.256,4
0.0649,0.391,231419,0.748,0,0.0,8,0.16399999999999998,-5.916,1,55,0.103,190.916,0.7809999999999999,2
0.639,0.6509999999999999,135427,0.136,0,0.0,7,0.14300000000000002,-12.474,1,39,0.0407,122.306,0.327,3
0.958,0.32,180520,0.0838,0,0.124,9,0.239,-20.335,0,6,0.0383,83.678,0.272,9
0.5529999999999999,0.327,186933,0.447,0,0.0,5,0.225,-11.124,1,32,0.0268,103.5,0.436,6
0.962,0.365,152040,0.345,0,0.0,8,0.138,-14.16,1,10,0.0294,80.634,0.194,6
0.108,0.63,99700,0.198,1,0.0,0,0.452,-22.382,1,0,0.8909999999999999,77.70100000000002,0.737,10
0.951,0.797,148573,0.345,0,0.451,7,0.0497,-13.618,1,1,0.211,122.665,0.883,9
0.138,0.645,197547,0.782,0,0.0,11,0.134,-4.3660000000000005,1,52,0.0372,95.577,0.755,2
0.457,0.693,194640,0.345,0,0.0,0,0.165,-10.355,1,39,0.0263,114.802,0.473,3
0.57,0.504,894800,0.192,0,0.00159,8,0.39,-15.462,1,22,0.0436,145.201,0.35200000000000004,6
0.287,0.62,284856,0.625,1,0.0,9,0.314,-7.438,1,61,0.5529999999999999,167.91099999999997,0.665,1
0.12,0.459,275080,0.7140000000000001,0,0.00191,3,0.0473,-5.8210000000000015,1,44,0.0441,113.747,0.654,5
0.02,0.931,349867,0.37,1,0.0,7,0.122,-11.512,1,40,0.332,99.044,0.44,3
0.55,0.342,209133,0.423,0,4.54e-05,11,0.48,-7.289,0,42,0.0288,125.608,0.369,5
0.35700000000000004,0.516,224040,0.297,0,0.00017,4,0.34600000000000003,-11.251,1,40,0.0764,136.832,0.47,4
0.994,0.404,191373,0.238,0,0.185,1,0.285,-10.33,0,0,0.0457,132.366,0.369,8
0.116,0.7709999999999999,209800,0.515,0,0.000168,9,0.405,-10.456,0,45,0.0499,119.961,0.343,3
0.015,0.368,180733,0.626,0,0.0,2,0.201,-7.0820000000000025,1,51,0.0618,174.394,0.622,3
0.000294,0.481,229293,0.904,0,0.0022600000000000003,9,0.345,-5.231,1,40,0.0379,95.992,0.6459999999999999,2
7.94e-05,0.515,177560,0.934,0,0.0047,11,0.327,-5.079,0,56,0.0371,152.24,0.894,2
0.8029999999999999,0.6859999999999999,179080,0.224,0,0.0,6,0.113,-12.271,1,0,0.0486,105.829,0.797,10
0.43,0.758,179808,0.858,0,0.0,5,0.201,-2.502,1,58,0.0464,119.992,0.963,1
0.848,0.608,46960,0.7559999999999999,0,0.00513,7,0.741,-13.345,1,21,0.0625,132.315,0.703,9
0.443,0.623,205587,0.4270000000000001,0,0.0,6,0.1,-14.58,1,53,0.05,99.167,0.899,1
0.483,0.43,182027,0.649,0,0.0185,5,0.0368,-9.521,1,35,0.0293,138.461,0.308,5
0.294,0.598,231387,0.624,0,5.73e-05,8,0.309,-8.035,1,34,0.0406,133.833,0.669,5
0.16899999999999998,0.522,280235,0.613,1,0.00103,3,0.107,-9.391,0,58,0.0375,76.516,0.309,1
0.7959999999999999,0.359,376190,0.404,0,0.0093,10,0.0732,-12.352,1,37,0.0334,155.48,0.344,5
0.196,0.8029999999999999,155707,0.338,0,0.038,6,0.097,-14.029000000000002,1,66,0.0349,106.841,0.912,6
0.966,0.775,161240,0.179,0,1.83e-06,3,0.0385,-12.898,1,11,0.0584,107.406,0.674,9
0.0977,0.856,298053,0.841,1,0.0,6,0.0773,-7.737,0,54,0.335,95.418,0.794,1
8e-06,0.262,156627,0.836,0,0.343,9,0.279,-7.2429999999999986,0,56,0.0963,160.555,0.463,5
0.0313,0.391,203960,0.952,0,0.0005200000000000001,4,0.8809999999999999,-6.846,0,30,0.18600000000000005,183.38,0.6579999999999999,4
0.0992,0.54,225267,0.588,0,0.0,9,0.0707,-11.097,1,31,0.0273,93.748,0.7929999999999999,5
0.145,0.35200000000000004,327160,0.6729999999999999,0,1.42e-06,8,0.0717,-8.889,1,36,0.058,84.88600000000002,0.248,3
0.965,0.193,185440,0.154,0,0.00117,8,0.379,-14.651,1,6,0.042,190.554,0.207,9
0.569,0.7909999999999999,193440,0.621,0,0.0,7,0.22,-7.372000000000001,1,38,0.32,168.96599999999995,0.942,3
0.0258,0.385,68067,0.949,0,0.0,6,0.476,-6.317,0,26,0.103,75.098,0.847,4
0.0288,0.727,229800,0.831,0,0.00038,7,0.145,-8.699,1,43,0.126,97.6,0.579,2
0.0327,0.542,245307,0.595,0,0.0,8,0.0657,-13.166,1,28,0.0278,128.977,0.545,4
0.155,0.4270000000000001,515133,0.675,0,0.0873,4,0.114,-9.76,0,42,0.0566,133.091,0.324,5
0.0405,0.496,205920,0.903,0,0.93,7,0.29100000000000004,-7.866,1,24,0.0441,133.351,0.6809999999999999,5
0.0107,0.747,317933,0.68,0,0.8029999999999999,1,0.0964,-6.187,1,61,0.0346,93.804,0.594,2
0.916,0.17,282773,0.212,0,0.9,8,0.116,-15.321,1,55,0.0386,79.669,0.0435,2
0.119,0.506,243458,0.589,0,0.00472,0,0.139,-7.364,0,56,0.0379,199.849,0.884,2
0.385,0.81,204733,0.8029999999999999,0,0.0,3,0.14,-3.042,1,64,0.0349,130.049,0.883,1
0.735,0.438,296507,0.359,0,0.00118,9,0.0968,-14.602,1,26,0.0326,101.703,0.901,6
0.0945,0.461,260914,0.41,0,0.9,7,0.551,-18.441,1,46,0.0623,100.335,0.375,6
0.802,0.642,136867,0.664,0,0.0,0,0.138,-8.485,1,38,0.0934,148.866,0.959,8
0.973,0.439,202627,0.179,0,0.00447,6,0.166,-15.417,1,0,0.0412,91.515,0.534,9
0.971,0.416,190276,0.29,0,3.47e-05,10,0.122,-14.157,1,0,0.0477,117.877,0.414,8
0.897,0.306,167400,0.0162,0,0.635,7,0.107,-26.756,1,48,0.0307,90.331,0.038,2
0.185,0.851,165408,0.916,0,0.8290000000000001,10,0.254,-5.579,0,0,0.106,107.941,0.6659999999999999,7
0.0466,0.654,315827,0.779,0,0.00014099999999999998,0,0.309,-7.1179999999999986,1,39,0.0348,120.362,0.51,3
0.147,0.682,271173,0.525,0,0.0,10,0.209,-9.435,0,38,0.0489,74.921,0.736,3
0.938,0.48,258293,0.313,0,0.0223,2,0.122,-16.358,1,51,0.0284,100.075,0.273,1
0.0113,0.56,225789,0.8059999999999999,0,0.0,11,0.348,-5.783,1,60,0.0927,160.903,0.539,1
0.836,0.696,153960,0.409,0,0.000528,5,0.134,-12.448,1,10,0.0941,177.68099999999995,0.97,7
0.7709999999999999,0.534,197827,0.441,0,2.1e-06,5,0.215,-11.805,1,26,0.0302,106.232,0.6779999999999999,6
0.654,0.488,572600,0.396,0,0.109,0,0.0986,-9.621,0,28,0.0372,150.471,0.476,6
0.993,0.438,215427,0.0438,0,0.0,5,0.0842,-19.577,1,53,0.0529,144.196,0.6859999999999999,2
0.578,0.6679999999999999,171733,0.569,0,4.85e-06,4,0.0937,-5.398,1,33,0.0335,76.27199999999998,0.457,3
0.964,0.3720000000000001,2398917,0.446,0,0.0203,11,0.89,-9.819,0,0,0.0955,109.597,0.488,8
8.03e-05,0.454,214253,0.867,0,0.265,0,0.115,-5.3210000000000015,1,49,0.214,168.97299999999996,0.67,1
0.958,0.629,213925,0.245,0,0.00103,7,0.174,-9.988,1,0,0.0311,96.168,0.736,8
0.994,0.597,176853,0.181,0,0.8220000000000001,5,0.21,-17.099,0,8,0.0364,82.52600000000002,0.693,7
0.0987,0.721,198995,0.508,1,0.0,9,0.331,-10.564,1,41,0.363,176.018,0.557,3
0.464,0.348,345093,0.41,0,0.879,3,0.321,-19.344,1,37,0.042,123.555,0.211,5
0.986,0.629,175869,0.379,0,0.7190000000000001,5,0.0751,-11.49,1,18,0.214,171.138,0.899,7
0.004079999999999999,0.574,447573,0.765,0,0.029,6,0.965,-7.153,0,61,0.0593,137.241,0.565,5
0.231,0.795,293067,0.456,1,0.0,2,0.228,-6.064,1,44,0.04,125.261,0.375,2
6.23e-05,0.315,226893,0.978,0,0.0174,2,0.0283,-7.588999999999999,1,28,0.131,133.858,0.33,3
0.142,0.401,220240,0.917,0,0.0,7,0.114,-9.05,1,37,0.103,180.675,0.833,3
0.483,0.665,114500,0.105,1,0.0,6,0.472,-17.357,0,0,0.934,93.432,0.705,9
0.985,0.299,173427,0.278,0,0.0103,10,0.118,-16.955,1,0,0.0491,82.348,0.049,7
0.0007599999999999999,0.481,207907,0.8270000000000001,0,0.298,9,0.403,-7.233,1,32,0.0483,169.53099999999995,0.214,3
0.9,0.49,170627,0.698,0,0.00348,5,0.7959999999999999,-4.972,1,0,0.107,127.693,0.904,7
0.994,0.519,198253,0.21600000000000005,0,0.0395,11,0.131,-12.591,0,0,0.0542,107.977,0.622,9
0.366,0.403,206164,0.4320000000000001,0,0.006959999999999999,3,0.0957,-9.028,1,54,0.0261,171.84799999999996,0.246,5
0.232,0.438,265893,0.627,0,0.0,0,0.113,-5.787000000000001,1,41,0.0288,138.35299999999998,0.233,2
0.0495,0.664,225956,0.524,0,8.18e-06,2,0.075,-5.178,1,67,0.0283,91.027,0.475,1
0.0138,0.855,180027,0.4970000000000001,1,4.4299999999999986e-05,11,0.0294,-7.723,0,62,0.254,93.029,0.626,1
0.519,0.348,384964,0.632,0,0.0,2,0.6759999999999999,-7.92,1,44,0.0368,140.341,0.324,2
0.565,0.458,191027,0.631,0,0.000225,7,0.375,-11.133,0,27,0.0537,131.047,0.552,6
0.615,0.7170000000000001,96526,0.185,1,0.0,11,0.379,-15.331,0,0,0.917,110.842,0.73,9
0.42,0.7,230907,0.794,0,4.54e-05,6,0.118,-6.28,0,38,0.198,168.63,0.727,3
0.338,0.484,203507,0.425,0,2.02e-05,2,0.0429,-10.851,1,32,0.28800000000000003,197.674,0.603,5
0.588,0.565,158627,0.259,0,0.0,0,0.237,-15.865,1,25,0.0574,88.265,0.82,7
0.857,0.362,156240,0.472,0,0.017,5,0.27,-7.319,1,4,0.0348,129.643,0.622,7
0.994,0.425,183322,0.188,0,0.8,9,0.125,-9.513,0,0,0.0758,73.931,0.589,8
0.155,0.65,386973,0.741,0,0.404,10,0.175,-8.368,0,55,0.118,110.179,0.7509999999999999,3
0.875,0.481,252627,0.146,0,0.0737,9,0.0559,-21.899,0,0,0.0546,113.279,0.262,8
0.867,0.515,47653,0.14300000000000002,0,0.0,11,0.6779999999999999,-25.389,0,0,0.17800000000000002,68.029,0.6940000000000001,7
0.92,0.225,193800,0.155,0,0.899,0,0.634,-16.454,0,23,0.0366,58.467,0.0773,6
0.96,0.0898,298867,0.076,0,0.971,1,0.192,-26.072,1,6,0.0372,85.898,0.0401,7
0.0271,0.768,214093,0.809,0,0.000633,9,0.0584,-5.816,1,57,0.0289,133.838,0.737,1
0.0364,0.547,91733,0.923,0,0.0331,1,0.314,-6.848,1,37,0.0606,161.704,0.8540000000000001,2
0.595,0.393,36560,0.225,0,0.0,7,0.252,-8.947000000000003,1,12,0.0391,114.04,0.551,6
0.955,0.3720000000000001,163370,0.505,0,0.511,5,0.29600000000000004,-9.065,0,0,0.0721,168.497,0.8909999999999999,9
0.552,0.374,298707,0.3670000000000001,0,0.000389,9,0.0939,-7.3370000000000015,1,47,0.0251,150.951,0.322,2
0.0747,0.763,196107,0.919,1,3.17e-06,1,0.507,-6.273,1,35,0.212,87.09700000000002,0.583,3
0.996,0.465,123500,0.0289,0,0.959,3,0.136,-27.689,1,66,0.043,99.873,0.448,0
0.493,0.34700000000000003,153720,0.333,0,0.000678,4,0.0935,-14.211,0,28,0.0403,162.642,0.376,6
0.911,0.35600000000000004,164560,0.123,0,0.00418,1,0.0983,-17.808,1,52,0.037000000000000005,84.661,0.163,2
0.00159,0.5660000000000001,278000,0.974,0,0.0,10,0.0588,-2.651,0,47,0.166,120.034,0.18600000000000005,1
0.0247,0.267,279053,0.7929999999999999,0,0.0,4,0.0634,-7.12,1,34,0.0415,174.118,0.526,4
0.00144,0.522,218176,0.965,0,0.84,4,0.0989,-8.07,0,21,0.0387,99.373,0.544,4
0.383,0.415,123995,0.77,0,0.0,8,0.279,-8.024,1,21,0.0525,148.391,0.629,6
0.5489999999999999,0.69,133600,0.274,0,0.0,9,0.108,-16.945,0,1,0.956,102.356,0.35,7
0.904,0.235,656493,0.182,0,0.877,7,0.226,-16.563,1,8,0.0619,68.976,0.0655,6
0.292,0.493,122200,0.813,0,0.000154,9,0.192,-6.627999999999999,0,13,0.0515,98.337,0.902,7
0.97,0.162,225840,0.13699999999999998,0,0.000712,3,0.111,-17.531,1,1,0.0457,171.421,0.0392,7
0.000308,0.625,227067,0.7929999999999999,0,5.13e-06,8,0.0979,-8.176,0,47,0.0432,120.921,0.463,4
0.995,0.562,509107,0.07200000000000001,0,0.87,0,0.124,-25.685,0,1,0.053,93.689,0.198,8
0.331,0.629,235800,0.532,1,0.0,5,0.238,-7.88,0,37,0.0352,90.098,0.619,2
0.447,0.604,136933,0.8190000000000001,0,0.0,7,0.8420000000000001,-5.651,1,26,0.061,85.65100000000002,0.966,6
0.0006230000000000001,0.431,304280,0.835,0,0.000149,4,0.428,-6.162000000000001,0,46,0.0392,147.982,0.303,2
0.996,0.483,207853,0.17,0,0.902,9,0.13,-13.681,1,0,0.0583,92.042,0.6,7
0.994,0.627,183867,0.431,0,0.956,0,0.115,-11.14,1,0,0.0547,121.776,0.97,9
0.135,0.642,134549,0.127,1,0.0,7,0.76,-17.921,1,0,0.963,77.396,0.7659999999999999,8
0.257,0.782,151591,0.564,0,0.0,0,0.13,-9.316,1,37,0.122,135.567,0.815,3
0.88,0.669,213547,0.385,0,4.39e-06,5,0.0973,-11.799,1,36,0.0331,116.849,0.552,4
0.982,0.419,65707,0.171,0,0.0,10,0.375,-23.8,0,0,0.376,108.643,0.226,7
0.989,0.454,194880,0.422,0,0.861,1,0.0414,-10.369000000000002,1,0,0.0492,91.461,0.855,9
0.000382,0.17800000000000002,222840,0.628,0,6.850000000000001e-05,2,0.152,-8.267000000000001,1,34,0.0355,99.766,0.456,4
0.0529,0.66,243693,0.81,0,0.115,9,0.275,-6.63,1,44,0.0363,108.433,0.7659999999999999,5
0.973,0.294,228627,0.0335,0,0.000616,4,0.493,-23.63300000000001,0,28,0.0468,86.148,0.116,7
0.88,0.45,314733,0.322,0,0.0423,11,0.0849,-17.307000000000002,0,25,0.0553,137.70600000000002,0.138,5
0.0587,0.529,226933,0.696,0,0.0761,7,0.139,-4.112,1,24,0.0418,125.907,0.72,4
0.977,0.4970000000000001,211209,0.0689,0,0.505,1,0.159,-17.942999999999994,1,0,0.0356,91.237,0.321,8
0.957,0.274,172920,0.0332,0,0.7709999999999999,6,0.115,-22.448,1,49,0.0341,96.934,0.139,3
0.171,0.753,184732,0.657,0,0.0,7,0.112,-3.0610000000000004,1,82,0.0449,107.01,0.4370000000000001,1
0.000338,0.37,101000,0.931,1,0.0,2,0.376,-12.116,1,31,0.0936,87.69,0.556,4
0.049,0.898,211319,0.468,1,0.0,4,0.107,-7.5310000000000015,0,72,0.067,100.052,0.171,0
0.0037,0.61,275840,0.931,0,0.00352,9,0.873,-4.955,0,39,0.0874,125.399,0.449,4
0.0027,0.458,203733,0.971,0,0.0,8,0.179,-4.549,1,52,0.1,149.944,0.49,2
0.963,0.285,175813,0.537,0,0.855,3,0.321,-7.364,0,0,0.0541,77.167,0.779,8
0.0551,0.56,183907,0.688,0,0.0,7,0.0613,-8.266,1,17,0.042,132.65,0.742,6
0.933,0.458,361867,0.657,0,0.878,4,0.0842,-12.02,0,45,0.0346,102.45,0.914,5
0.943,0.458,95673,0.426,0,0.933,10,0.215,-10.008,0,0,0.0592,111.508,0.9,7
0.467,0.6409999999999999,255093,0.645,0,0.0,7,0.0925,-7.207999999999997,1,50,0.0266,103.023,0.24,1
0.263,0.58,233280,0.565,0,2.3e-05,3,0.0608,-7.939,1,49,0.0234,92.943,0.395,3
0.34600000000000003,0.403,393053,0.6809999999999999,0,1.16e-05,8,0.14800000000000002,-7.5379999999999985,1,37,0.0433,154.67,0.48,4
0.988,0.339,149227,0.243,0,0.893,0,0.113,-16.851,0,35,0.0382,151.481,0.48,6
0.0157,0.5760000000000001,285533,0.975,0,0.00241,4,0.0972,-5.86,0,38,0.0372,148.07299999999995,0.821,3
0.382,0.473,146853,0.821,0,0.0,10,0.0595,-7.194,1,12,0.0853,139.357,0.919,6
0.985,0.779,188373,0.339,0,0.586,7,0.294,-10.252,1,16,0.0553,95.936,0.84,9
0.981,0.467,180787,0.448,0,0.00822,7,0.284,-6.642,1,0,0.0695,76.054,0.867,8
0.312,0.462,221627,0.944,1,0.000149,8,0.3670000000000001,-2.938,1,61,0.315,172.33,0.65,3
0.401,0.201,242480,0.684,0,1.41e-05,7,0.0954,-5.931,1,59,0.0388,90.057,0.13,1
0.823,0.446,628333,0.159,0,0.15,11,0.598,-14.996,0,29,0.0429,131.213,0.28,6
0.889,0.223,162900,0.333,0,0.12,9,0.106,-10.288,1,0,0.0339,84.64,0.35700000000000004,8
0.397,0.389,338827,0.4,0,0.0624,7,0.21,-10.957,1,13,0.0266,99.378,0.319,6
0.544,0.531,174480,0.513,0,0.193,5,0.0986,-11.876,0,14,0.0625,115.4,0.515,6
0.7809999999999999,0.399,145667,0.189,0,0.0,6,0.287,-12.797,1,12,0.0277,97.019,0.429,7
0.446,0.73,162173,0.613,0,1.65e-05,9,0.177,-11.638,1,7,0.0301,97.831,0.835,7
0.436,0.378,255600,0.7559999999999999,0,0.0351,7,0.867,-11.073,1,45,0.0673,131.577,0.838,3
0.000687,0.504,331600,0.795,1,0.0041,5,0.433,-6.382999999999999,1,50,0.0411,95.028,0.22,2
0.984,0.353,166933,0.147,0,0.963,0,0.106,-19.512,0,32,0.0361,122.233,0.188,3
0.843,0.6,121240,0.27,0,0.0,0,0.105,-9.914,1,25,0.0825,118.356,0.619,7
0.401,0.616,253773,0.525,0,0.000484,7,0.309,-7.065,1,50,0.0258,79.976,0.4270000000000001,2
0.00628,0.57,171867,0.993,1,0.00796,7,0.0876,-3.757,1,59,0.337,87.0,0.405,1
0.81,0.603,197560,0.339,0,0.0,5,0.0693,-8.618,0,36,0.0327,118.642,0.6509999999999999,5
0.994,0.328,181507,0.25,0,0.923,2,0.443,-12.51,1,0,0.0667,161.939,0.421,10
0.0266,0.8490000000000001,180020,0.5770000000000001,1,0.0,1,0.104,-6.8020000000000005,1,63,0.181,144.07299999999995,0.617,0
0.355,0.6940000000000001,424000,0.57,0,0.0,0,0.3670000000000001,-8.55,0,28,0.0327,127.947,0.539,5
0.852,0.583,280000,0.343,0,0.0,2,0.117,-9.586,1,47,0.0383,115.806,0.28,2
0.942,0.197,534560,0.0359,0,0.447,1,0.112,-20.371,1,9,0.0329,164.328,0.0435,7
0.8170000000000001,0.659,321480,0.818,0,0.00886,10,0.0863,-7.341,0,45,0.0423,94.789,0.847,4
0.0452,0.617,189187,0.8440000000000001,0,0.000189,9,0.0737,-4.384,0,57,0.0764,175.98,0.7340000000000001,2
0.454,0.696,145707,0.387,0,2.89e-06,7,0.116,-10.083,1,51,0.027000000000000003,80.866,0.823,2
0.0285,0.551,340000,0.514,0,5.58e-05,9,0.0419,-11.737,0,42,0.0295,76.347,0.645,5
0.927,0.4270000000000001,168627,0.147,0,7.84e-06,10,0.184,-13.017,1,9,0.0337,92.289,0.526,7
0.14300000000000002,0.6459999999999999,257093,0.882,0,9.67e-06,6,0.335,-5.648,0,63,0.0346,120.837,0.908,3
0.41,0.489,184533,0.321,0,0.00937,7,0.0419,-11.412,0,2,0.0415,137.189,0.59,7
0.0128,0.8859999999999999,257493,0.8240000000000001,1,0.0,7,0.106,-8.802999999999997,1,42,0.295,93.003,0.64,3
0.5379999999999999,0.514,180700,0.539,0,0.00233,7,0.108,-9.332,1,70,0.105,123.7,0.153,0
0.145,0.526,265973,0.561,0,0.0,7,0.188,-6.65,1,36,0.0294,108.565,0.246,3
0.109,0.627,394693,0.7240000000000001,0,0.43,10,0.073,-15.294,1,51,0.0327,131.52,0.963,4
0.113,0.747,190240,0.861,0,0.0,8,0.026,-5.251,1,74,0.0514,103.966,0.8590000000000001,1
0.541,0.624,245560,0.512,0,0.00478,2,0.26,-10.041,1,65,0.0297,93.059,0.685,4
0.127,0.596,249760,0.935,0,0.0,2,0.294,-2.412,1,45,0.0741,205.984,0.912,2
0.522,0.34700000000000003,198920,0.53,0,0.0,3,0.298,-7.949,1,48,0.0293,140.899,0.4920000000000001,5
0.00224,0.487,225560,0.7240000000000001,0,1.03e-05,0,0.213,-5.905,1,65,0.0289,102.03,0.546,1
0.0528,0.741,192867,0.485,0,5.73e-05,2,0.277,-14.048,0,41,0.0419,139.135,0.799,5
0.0317,0.711,209733,0.774,0,0.0,7,0.124,-4.0680000000000005,1,78,0.0308,111.016,0.939,1
0.278,0.632,206427,0.647,0,0.165,7,0.122,-8.096,0,25,0.0553,118.934,0.835,6
0.00141,0.475,255400,0.942,1,0.0797,1,0.0939,-4.287,0,47,0.139,80.35600000000002,0.17800000000000002,3
0.982,0.188,202013,0.0914,0,0.855,6,0.111,-23.113000000000003,1,44,0.0484,83.085,0.0362,2
0.337,0.823,223920,0.6679999999999999,0,0.0021100000000000003,5,0.126,-3.981,0,41,0.0508,144.019,0.74,2
0.0329,0.507,430027,0.483,0,0.004070000000000001,2,0.0783,-8.532,1,23,0.0279,131.864,0.31,5
0.191,0.711,257467,0.616,0,1.7e-05,4,0.0791,-11.647,0,44,0.337,168.38299999999995,0.5479999999999999,3
0.481,0.67,269707,0.297,0,0.0952,4,0.111,-20.375,1,54,0.031,140.555,0.627,4
0.551,0.529,1054253,0.6920000000000001,0,0.00765,11,0.611,-9.696,1,0,0.36,128.583,0.344,8
0.916,0.446,189600,0.29100000000000004,0,0.00247,8,0.0419,-8.587,1,0,0.0383,147.434,0.866,9
0.695,0.275,71373,0.414,0,0.000299,2,0.3,-15.251,1,36,0.0549,137.625,0.268,3
0.011,0.443,253027,0.7879999999999999,0,0.0,2,0.293,-8.716000000000001,1,45,0.0396,145.151,0.414,3
0.21600000000000005,0.708,305493,0.705,0,0.118,2,0.0933,-6.8260000000000005,1,60,0.131,169.977,0.6459999999999999,1
0.982,0.315,200947,0.114,0,0.857,6,0.0944,-15.494000000000002,0,0,0.0556,65.357,0.366,8
0.0739,0.459,238027,0.472,0,5.57e-06,9,0.18600000000000005,-11.083,1,29,0.0272,99.796,0.511,6
0.00971,0.693,259387,0.875,0,0.0,7,0.0601,-8.354,0,68,0.0315,120.048,0.901,2
0.84,0.379,221333,0.205,0,0.000217,0,0.107,-16.882,1,42,0.0315,152.145,0.32299999999999995,5
0.816,0.73,155600,0.473,0,0.0354,2,0.112,-15.37,1,41,0.034,131.019,0.923,6
0.968,0.669,167027,0.31,0,0.816,7,0.14300000000000002,-14.497,1,0,0.0424,117.826,0.6970000000000001,8
0.00935,0.43,200307,0.768,0,0.0,11,0.384,-11.685,0,29,0.101,158.842,0.5489999999999999,4
0.467,0.711,104882,0.113,1,0.0,11,0.237,-20.391,0,0,0.953,129.967,0.6990000000000001,8
0.417,0.6940000000000001,212323,0.309,0,0.534,5,0.121,-17.215999999999998,1,0,0.0278,107.923,0.217,8
0.0244,0.49,218167,0.7,0,0.0435,0,0.0803,-7.329,0,35,0.0317,147.954,0.527,5
0.665,0.4370000000000001,269400,0.534,0,0.0,5,0.107,-4.814,1,46,0.0267,149.849,0.212,2
0.974,0.384,133880,0.0425,0,0.00329,1,0.105,-19.052,1,42,0.0338,113.797,0.34600000000000003,7
0.00419,0.524,118693,0.821,0,0.154,5,0.369,-6.519,1,48,0.124,109.086,0.875,3
0.561,0.617,183787,0.324,0,0.0,10,0.109,-17.387,1,0,0.041,108.82,0.5489999999999999,7
0.924,0.481,185933,0.189,0,1.0800000000000003e-05,7,0.103,-17.142,0,0,0.047,94.145,0.35100000000000003,8
0.728,0.37,184840,0.28,0,4.3e-06,9,0.0716,-12.277,0,0,0.0369,85.51299999999998,0.28600000000000003,7
0.954,0.266,124840,0.212,0,0.933,0,0.444,-14.744000000000002,1,0,0.0446,179.09900000000005,0.838,7
0.245,0.436,178693,0.467,0,0.0,4,0.101,-11.684,1,30,0.0365,204.432,0.732,5
0.00761,0.67,255293,0.631,1,1.91e-05,10,0.0892,-10.558,0,39,0.373,100.877,0.636,3
0.4370000000000001,0.417,149875,0.509,0,1.83e-06,7,0.349,-10.017,1,52,0.121,171.808,0.378,1
0.00143,0.541,220987,0.607,0,0.0,8,0.133,-7.601,0,39,0.0398,147.042,0.613,2
0.273,0.698,493040,0.35600000000000004,0,0.0,10,0.368,-15.782,0,15,0.951,105.185,0.563,8
0.39,0.12,88514,0.7979999999999999,0,0.0027,9,0.593,-9.415,1,36,0.0581,205.706,0.18,3
0.0897,0.5529999999999999,207347,0.652,0,0.0,0,0.111,-6.685,1,65,0.206,94.505,0.551,1
0.993,0.239,222747,0.0987,0,0.916,1,0.0917,-23.632,0,0,0.0339,92.244,0.15,8
0.996,0.453,170320,0.00938,0,0.962,6,0.133,-33.759,0,3,0.0339,98.89,0.313,9
0.941,0.255,409000,0.103,0,0.2,7,0.389,-23.932,1,0,0.0527,95.065,0.0724,8
0.11,0.447,1052200,0.77,0,0.275,2,0.165,-8.46,0,36,0.0421,111.295,0.413,5
0.96,0.804,178493,0.5870000000000001,0,0.83,9,0.232,-4.666,1,0,0.107,120.569,0.948,9
0.426,0.769,142200,0.7390000000000001,0,2.62e-06,8,0.206,-2.945,1,49,0.0323,109.926,0.975,1
0.147,0.4920000000000001,102067,0.883,0,0.22,10,0.156,-7.822999999999999,0,16,0.0763,150.753,0.527,6
0.259,0.583,201267,0.378,1,0.000942,2,0.0755,-9.619,1,45,0.039,94.938,0.331,2
0.967,0.8370000000000001,164365,0.5539999999999999,0,0.894,3,0.0934,-8.082,1,0,0.057,120.32,0.892,10
0.8740000000000001,0.404,171760,0.156,0,0.0,4,0.122,-12.076,1,11,0.0291,98.221,0.172,7
0.261,0.609,333173,0.605,0,0.8220000000000001,1,0.127,-10.863,1,33,0.0353,128.434,0.748,5
0.00403,0.397,347951,0.723,0,0.0102,0,0.127,-6.678,1,54,0.0315,164.18400000000003,0.235,2
0.628,0.463,231268,0.4270000000000001,0,0.0005650000000000001,8,0.0911,-9.799,0,65,0.0549,116.059,0.231,1
0.954,0.736,169200,0.235,0,0.0,0,0.15,-18.248,1,0,0.0466,109.92,0.882,9
0.147,0.484,267373,0.78,1,0.0,9,0.057,-5.2639999999999985,0,57,0.135,137.101,0.271,1
0.402,0.552,321360,0.403,0,3.78e-06,2,0.0617,-11.791,0,54,0.16699999999999998,67.531,0.394,1
0.993,0.579,133267,0.292,0,0.916,4,0.0895,-18.643,1,55,0.034,140.188,0.376,1
0.0905,0.6509999999999999,191640,0.88,0,0.465,7,0.8320000000000001,-4.494,1,26,0.0486,104.627,0.754,5
0.425,0.536,181162,0.522,0,3.24e-06,5,0.319,-6.597,0,42,0.0269,101.49,0.732,2
0.953,0.669,182773,0.249,0,6.77e-06,0,0.0685,-10.505999999999998,1,18,0.0634,116.61,0.5579999999999999,7
0.14300000000000002,0.867,234111,0.489,0,0.000148,9,0.0883,-4.959,0,37,0.0676,91.431,0.6609999999999999,2
0.257,0.388,127318,0.52,1,0.185,2,0.113,-8.354,1,65,0.0593,84.851,0.196,1
0.902,0.194,177600,0.05,0,0.00012,9,0.101,-21.987,1,40,0.0445,76.597,0.126,4
0.16899999999999998,0.802,197760,0.341,1,0.0,7,0.0783,-8.56,1,68,0.488,166.01,0.8490000000000001,2
0.000332,0.181,146040,0.863,0,0.88,9,0.47,-4.418,1,30,0.0669,131.606,0.219,4
0.506,0.473,350493,0.7140000000000001,0,0.00287,4,0.159,-9.16,1,42,0.0402,138.347,0.31,3
0.14300000000000002,0.608,188987,0.764,0,0.0,7,0.067,-6.2620000000000005,1,45,0.0332,142.121,0.769,1
0.7929999999999999,0.34700000000000003,267893,0.233,0,0.861,2,0.11,-14.22,1,26,0.0314,110.676,0.417,6
0.138,0.6579999999999999,268147,0.866,0,0.0001,2,0.131,-9.491,1,32,0.0509,100.035,0.77,4
0.0389,0.412,214274,0.79,0,0.532,7,0.737,-8.142000000000001,1,29,0.0499,114.056,0.802,5
0.8009999999999999,0.383,251800,0.208,0,0.0,4,0.153,-13.945,1,42,0.0283,94.64,0.244,3
0.992,0.14,141720,0.308,0,0.883,5,0.244,-12.218,1,3,0.0334,91.912,0.425,7
0.374,0.568,177653,0.49,0,0.0,7,0.56,-5.026,1,63,0.0267,166.077,0.741,1
0.74,0.306,302760,0.281,0,0.0147,7,0.119,-13.409,1,6,0.0335,125.028,0.3,6
0.0402,0.279,391053,0.763,0,0.000411,9,0.318,-5.5070000000000014,0,48,0.0736,140.38299999999998,0.23,5
0.0244,0.398,172560,0.856,0,9.47e-06,9,0.16899999999999998,-7.733,1,24,0.0935,178.672,0.758,4
0.00135,0.414,190640,0.946,0,0.0,4,0.278,-3.419,1,47,0.0856,165.015,0.42,2
0.97,0.353,195240,0.506,0,5.3e-05,5,0.292,-9.419,0,0,0.0543,90.04700000000004,0.6629999999999999,8
0.992,0.613,175556,0.189,0,0.084,2,0.159,-11.874,1,0,0.0647,133.697,0.764,8
0.114,0.629,331240,0.511,0,3.91e-06,1,0.0588,-8.651,1,71,0.0326,128.03799999999998,0.181,3
0.754,0.635,211251,0.35,0,0.0,7,0.0743,-10.591,1,52,0.0284,130.067,0.307,2
0.21600000000000005,0.8079999999999999,285573,0.623,0,0.000396,10,0.0782,-15.805,0,63,0.0463,104.299,0.767,4
0.338,0.5770000000000001,266640,0.568,0,0.0,10,0.108,-5.044,1,37,0.0306,111.601,0.29100000000000004,4
0.117,0.66,54474,0.383,0,2.92e-05,2,0.133,-10.397,1,0,0.0278,97.079,0.945,9
0.983,0.49,234720,0.138,0,0.547,8,0.11,-16.016,1,20,0.0409,100.933,0.284,7
0.965,0.173,235027,0.18,0,0.878,2,0.0817,-17.480999999999998,0,12,0.0343,101.328,0.0398,7
0.981,0.4370000000000001,491360,0.301,0,0.8290000000000001,0,0.653,-15.656,1,0,0.0386,77.528,0.4320000000000001,8
0.617,0.6659999999999999,116400,0.363,0,0.0,3,0.166,-11.372,1,20,0.0403,121.805,0.951,6
0.836,0.463,161840,0.247,0,0.0,0,0.111,-10.489,1,47,0.0481,84.366,0.586,5
0.932,0.14300000000000002,73827,0.00194,0,0.0318,0,0.0694,-35.355,1,50,0.045,139.295,0.0495,3
0.937,0.528,143893,0.512,0,1.76e-05,1,0.227,-14.278,0,7,0.62,112.865,0.376,8
0.969,0.489,174446,0.161,0,0.944,7,0.316,-13.525,1,0,0.0449,82.685,0.7879999999999999,9
0.7909999999999999,0.217,324773,0.373,0,0.831,9,0.172,-12.575,0,16,0.0303,77.508,0.245,6
0.993,0.589,140947,0.0688,0,7.36e-05,5,0.265,-19.57,0,0,0.084,103.276,0.51,7
0.971,0.399,202560,0.445,0,0.0,8,0.106,-10.598,1,0,0.131,76.825,0.447,8
0.995,0.339,300507,0.00913,0,0.913,1,0.0846,-30.956,1,0,0.0607,75.314,0.0445,8
0.0304,0.8490000000000001,198627,0.7809999999999999,0,0.000389,4,0.103,-9.792,1,45,0.0416,140.908,0.945,3
0.0959,0.718,304093,0.7390000000000001,0,0.0,7,0.136,-6.325,1,34,0.0496,109.052,0.7170000000000001,4
0.966,0.189,158000,0.097,0,0.000187,6,0.201,-17.144000000000002,1,7,0.0427,87.693,0.155,7
0.407,0.7090000000000001,190867,0.7490000000000001,0,1.78e-06,7,0.151,-6.535,1,38,0.0395,87.735,0.718,3
0.96,0.409,311800,0.13,0,0.004070000000000001,4,0.0905,-17.691,0,25,0.0334,160.567,0.223,5
0.292,0.5579999999999999,265382,0.451,0,0.0,9,0.101,-6.1629999999999985,1,56,0.0388,150.00799999999995,0.238,1
0.994,0.807,158160,0.316,0,0.255,5,0.38,-13.851,1,5,0.408,116.159,0.488,9
0.789,0.149,171947,0.344,0,0.967,10,0.12,-19.607,0,27,0.0584,77.471,0.0922,4
0.933,0.583,207520,0.075,0,1.4e-06,5,0.111,-15.843,1,74,0.0726,108.418,0.34700000000000003,1
0.0698,0.5920000000000001,464467,0.977,0,0.00499,7,0.7090000000000001,-4.944,1,47,0.0988,123.785,0.306,1
0.802,0.38,110333,0.342,0,0.00119,10,0.118,-15.565,0,19,0.0465,82.23700000000002,0.92,6
0.917,0.693,149547,0.241,0,1.41e-05,5,0.0824,-14.605,0,19,0.035,120.89,0.715,6
0.7340000000000001,0.583,313320,0.254,0,1.03e-05,0,0.159,-14.354,1,23,0.063,68.73,0.349,7
0.116,0.612,265602,0.993,0,0.0,9,0.307,-1.895,1,63,0.24,98.004,0.487,1
0.00324,0.662,227427,0.928,1,0.0,2,0.17,-4.688,1,56,0.377,90.509,0.775,2
0.931,0.295,500533,0.184,0,0.8440000000000001,7,0.253,-15.792,0,27,0.0361,99.992,0.235,6
0.402,0.679,196333,0.774,0,0.0,9,0.109,-7.962999999999999,0,22,0.0337,117.829,0.7829999999999999,5
0.0225,0.654,354907,0.875,0,0.123,11,0.969,-6.683,0,35,0.0942,128.934,0.597,5
0.532,0.224,262533,0.387,0,0.00548,0,0.0689,-9.022,1,58,0.0287,104.566,0.0395,1
0.984,0.583,118410,0.247,0,0.0102,2,0.53,-8.135,1,5,0.0839,115.997,0.737,9
0.8240000000000001,0.725,159481,0.254,0,0.0149,10,0.121,-12.987,1,9,0.0509,118.667,0.6659999999999999,7
0.0371,0.545,154013,0.667,0,0.0,1,0.37,-9.782,1,28,0.0309,137.711,0.852,6
0.0522,0.73,254467,0.918,0,0.0112,9,0.0887,-4.052,1,43,0.0553,127.964,0.705,3
0.991,0.264,152100,0.409,0,0.249,6,0.317,-10.306,1,0,0.0392,130.649,0.13,9
0.6940000000000001,0.665,238293,0.634,0,1.01e-06,7,0.152,-10.651,0,25,0.0418,96.5,0.941,5
0.12,0.536,215707,0.966,0,0.0,6,0.0477,-2.93,0,73,0.0557,152.078,0.85,2
0.991,0.31,233107,0.0532,0,0.913,4,0.0917,-26.802,1,57,0.0401,67.711,0.0719,1
0.0464,0.63,212840,0.7170000000000001,0,0.399,11,0.119,-16.142,0,49,0.0449,128.05,0.488,3
0.0159,0.74,277533,0.537,1,0.0,7,0.564,-11.337,1,37,0.457,94.025,0.6859999999999999,3
0.00647,0.5,266467,0.971,0,2.72e-06,2,0.957,-6.027,1,22,0.135,126.917,0.417,5
0.92,0.339,164027,0.256,0,0.000594,10,0.187,-12.226,1,29,0.0276,72.245,0.281,4
0.494,0.746,184960,0.56,0,0.0,5,0.316,-14.789,1,54,0.0565,124.68,0.8540000000000001,6
0.588,0.615,160627,0.479,0,0.000277,7,0.272,-8.429,1,44,0.0644,127.04,0.7879999999999999,6
0.343,0.623,148867,0.274,0,3.16e-06,5,0.0404,-14.929,1,37,0.07,118.052,0.4270000000000001,6
0.455,0.562,128213,0.14400000000000002,0,0.0,8,0.102,-13.751,1,56,0.0803,204.418,0.8690000000000001,5
0.111,0.672,232765,0.7040000000000001,1,0.0,11,0.115,-6.627999999999999,0,64,0.165,100.986,0.188,1
0.000665,0.545,192000,0.932,0,0.0,7,0.127,-2.189,0,74,0.0399,92.956,0.464,2
0.158,0.153,143618,0.476,0,0.982,0,0.8390000000000001,-21.877,1,67,0.0609,82.734,0.00449,1
0.988,0.517,190267,0.151,0,0.894,5,0.118,-18.414,1,0,0.0358,94.486,0.542,7
0.983,0.649,184000,0.5870000000000001,0,0.495,10,0.138,-10.376,1,2,0.147,110.947,0.659,10
0.00292,0.523,181493,0.991,0,1.4e-05,10,0.13,-4.718,0,53,0.0985,111.086,0.16699999999999998,3
0.313,0.622,202215,0.358,0,0.00169,11,0.128,-11.212,1,41,0.0273,108.565,0.174,3
0.303,0.328,242440,0.32,0,0.0,5,0.259,-10.292,1,54,0.0378,147.99,0.2,2
0.066,0.763,289907,0.88,1,0.0,4,0.0549,-4.7410000000000005,0,46,0.348,95.005,0.779,2
0.782,0.695,168333,0.2,0,0.0,9,0.154,-14.098,1,20,0.0533,92.703,0.198,6
0.0623,0.792,186507,0.73,0,2.660000000000001e-05,11,0.08900000000000001,-5.376,1,57,0.0698,128.029,0.616,1
0.305,0.438,320640,0.7170000000000001,0,0.00122,11,0.07,-13.226,0,43,0.05,112.408,0.593,5
0.7909999999999999,0.713,163573,0.217,0,0.933,7,0.115,-15.237,1,17,0.0464,109.812,0.491,7
0.968,0.236,161613,0.234,0,0.00252,8,0.563,-13.87,1,11,0.033,97.282,0.273,9
0.0908,0.546,137240,0.8640000000000001,0,0.008140000000000001,7,0.277,-7.6320000000000014,1,46,0.0393,145.65200000000004,0.863,3
0.8690000000000001,0.58,105947,0.401,0,0.000643,8,0.107,-8.173,1,12,0.0331,135.237,0.794,6
0.0169,0.31,316333,0.423,0,1.35e-05,0,0.365,-12.902,1,36,0.0324,136.205,0.457,2
0.98,0.611,114173,0.0502,0,0.816,3,0.165,-22.561,1,8,0.0803,71.241,0.175,7
0.369,0.84,226013,0.508,0,0.0,10,0.29600000000000004,-9.972,1,38,0.117,112.095,0.924,4
0.0744,0.503,330027,0.599,0,0.00206,2,0.188,-4.691,1,50,0.026,136.47,0.303,2
0.0012,0.525,263360,0.878,0,0.00159,7,0.6679999999999999,-8.834,1,24,0.039,116.512,0.515,4
0.38,0.439,229200,0.175,0,4.96e-05,0,0.399,-20.329,0,8,0.0554,164.044,0.458,7
0.175,0.75,239240,0.54,1,1.69e-06,0,0.5589999999999999,-7.149,1,46,0.0874,130.019,0.265,2
0.0601,0.6859999999999999,203027,0.84,0,5.38e-06,1,0.16399999999999998,-5.142,1,62,0.159,105.0,0.7040000000000001,2
0.982,0.523,205473,0.116,0,0.000454,7,0.0786,-19.637,1,4,0.0552,93.929,0.568,9
0.989,0.485,211733,0.204,0,0.8909999999999999,0,0.613,-19.893,1,7,0.0473,125.39,0.071,7
0.000409,0.7490000000000001,338960,0.83,1,0.0,2,0.363,-4.74,1,43,0.155,87.75,0.601,3
0.446,0.735,241907,0.49,0,3.52e-06,5,0.129,-4.937,1,69,0.0299,135.159,0.89,1
0.394,0.675,134200,0.6709999999999999,0,0.941,3,0.114,-11.626,1,25,0.0471,148.156,0.966,6
0.0781,0.315,201907,0.81,0,0.00321,4,0.152,-7.026,0,40,0.0468,152.116,0.118,2
0.00154,0.486,215133,0.763,1,0.047,7,0.0612,-6.7189999999999985,1,48,0.111,133.929,0.342,3
0.224,0.473,299107,0.481,0,0.000538,1,0.102,-10.974,1,26,0.0957,105.38,0.411,5
0.013,0.617,293267,0.7559999999999999,0,0.00228,9,0.173,-6.956,0,31,0.026,130.996,0.862,4
0.8690000000000001,0.741,131918,0.338,0,0.00275,8,0.117,-11.778,1,10,0.0377,123.913,0.8340000000000001,7
0.967,0.359,207413,0.055,0,1.47e-05,10,0.0906,-21.499,1,31,0.0362,115.974,0.154,7
0.701,0.7090000000000001,220488,0.16899999999999998,0,0.0,4,0.35200000000000004,-20.818,1,0,0.95,128.769,0.449,9
0.0845,0.75,182027,0.916,0,0.00359,0,0.0315,-6.428,1,46,0.0528,172.05200000000005,0.826,2
0.0253,0.213,180867,0.924,0,0.00185,2,0.0336,-10.305,1,27,0.0589,186.681,0.603,4
0.7879999999999999,0.5589999999999999,211600,0.499,0,0.00023,5,0.937,-9.14,0,7,0.17800000000000002,121.44,0.62,6
0.916,0.55,105600,0.701,0,0.0,5,0.77,-12.25,0,11,0.934,63.199,0.53,6
0.965,0.191,299531,0.997,0,0.763,3,0.96,-18.39,1,67,0.0408,91.411,1e-05,1
0.000279,0.516,266900,0.7859999999999999,0,0.00369,10,0.305,-5.2639999999999985,1,63,0.0412,174.035,0.16399999999999998,1
0.206,0.55,234192,0.58,0,1.02e-06,4,0.119,-7.687,0,65,0.0784,82.27,0.484,1
0.0166,0.764,180813,0.672,1,1.06e-06,6,0.103,-4.274,0,74,0.0655,150.02100000000004,0.594,1
0.93,0.156,757756,0.181,0,0.609,5,0.139,-20.441,0,0,0.0439,88.116,0.0605,8
0.868,0.337,348973,0.391,0,0.8959999999999999,8,0.33,-7.19,1,15,0.0365,175.726,0.397,7
0.224,0.748,171907,0.66,1,0.053,6,0.101,-4.704,1,68,0.0487,137.033,0.328,1
0.948,0.479,225019,0.13699999999999998,0,0.74,4,0.236,-24.695,1,0,0.0383,90.29,0.485,8
0.973,0.408,212173,0.27,0,0.004079999999999999,3,0.162,-14.309,0,0,0.171,193.375,0.408,8
0.858,0.535,169400,0.482,0,7.76e-06,2,0.133,-15.181,1,28,0.033,97.191,0.91,4
0.0527,0.7759999999999999,229333,0.6559999999999999,0,0.565,4,0.0445,-14.316,1,24,0.0341,99.981,0.966,4
0.0526,0.746,192093,0.898,0,0.0,3,0.0858,-2.818,0,65,0.0725,121.967,0.879,1
0.575,0.513,200560,0.379,0,0.297,11,0.0895,-10.219,0,52,0.034,85.01700000000002,0.299,1
0.599,0.5539999999999999,117907,0.772,0,0.0,0,0.127,-6.1229999999999976,1,40,0.0323,135.849,0.969,5
0.188,0.478,252000,0.609,0,0.0,6,0.47,-13.201,1,58,0.0275,96.149,0.579,4
0.0525,0.39,265000,0.519,0,0.0186,0,0.127,-11.533,1,42,0.0302,150.46,0.21,3
0.995,0.593,155013,0.0207,0,0.929,0,0.0825,-27.449,1,0,0.101,81.829,0.117,8
0.00376,0.316,146960,0.947,0,1.72e-06,5,0.18,-2.813,0,41,0.0745,158.624,0.721,3
0.944,0.505,323867,0.149,0,0.316,2,0.103,-21.498,1,0,0.054000000000000006,92.001,0.21600000000000005,7
0.856,0.28,162200,0.00914,0,0.925,10,0.135,-27.224,1,20,0.0419,58.109,0.12,7
0.863,0.35,160307,0.49,0,1.68e-06,2,0.253,-7.4129999999999985,1,38,0.0308,78.442,0.26,3
0.97,0.6890000000000001,152493,0.445,0,0.0057,5,0.187,-6.978,1,0,0.0651,131.44,0.952,8
0.0256,0.759,219533,0.6559999999999999,0,0.00705,2,0.34600000000000003,-6.598,1,68,0.04,132.019,0.5539999999999999,2
0.03,0.5379999999999999,187849,0.8140000000000001,0,2.48e-06,2,0.114,-7.06,1,51,0.0526,141.256,0.58,4
0.972,0.196,206000,0.199,0,0.000576,8,0.117,-13.724,1,29,0.0359,71.839,0.17600000000000002,6
0.17600000000000002,0.638,200893,0.453,0,0.0,0,0.359,-16.712,1,23,0.033,146.29,0.961,5
0.946,0.5379999999999999,184960,0.185,0,2.75e-06,10,0.129,-15.392,1,15,0.0324,117.314,0.374,7
0.4270000000000001,0.679,179973,0.443,1,0.0,10,0.106,-8.527999999999999,0,72,0.153,104.049,0.363,1
0.434,0.7759999999999999,160000,0.659,0,0.0,9,0.0868,-7.767,1,56,0.051,123.094,0.969,6
0.993,0.5710000000000001,188000,0.228,0,0.894,10,0.103,-13.887,1,0,0.17600000000000002,100.979,0.7070000000000001,10
0.99,0.679,134000,0.438,0,0.0,10,0.112,-12.901,0,0,0.075,113.682,0.898,10
0.209,0.238,448453,0.419,0,0.00316,4,0.109,-7.775,0,20,0.0336,111.455,0.171,6
0.0144,0.557,441547,0.746,0,0.0,8,0.252,-6.783,1,55,0.0306,103.492,0.327,1
0.931,0.423,292387,0.119,0,0.504,6,0.18,-20.357,1,23,0.0333,128.22299999999998,0.125,6
0.0171,0.593,149293,0.5379999999999999,0,2.8000000000000013e-05,10,0.101,-8.292,1,39,0.0256,126.509,0.579,3
0.00322,0.515,287080,0.804,0,0.00229,6,0.149,-5.345,0,68,0.0398,123.969,0.298,1
0.42,0.191,193467,0.277,0,0.00499,7,0.161,-11.718,1,16,0.0336,77.436,0.0767,7
0.0733,0.8109999999999999,229840,0.797,0,0.909,2,0.336,-13.082,1,27,0.0745,105.135,0.5489999999999999,5
0.789,0.471,206518,0.491,0,0.011,5,0.136,-11.739,0,9,0.0348,118.166,0.695,7
0.773,0.552,222560,0.234,0,0.0105,2,0.145,-17.635,1,36,0.0315,115.822,0.334,5
0.916,0.413,391067,0.336,0,0.00277,11,0.118,-10.792,1,29,0.0362,149.237,0.5329999999999999,6
0.906,0.629,87667,0.26,0,0.852,10,0.0775,-17.173,1,19,0.0363,129.244,0.6759999999999999,6
0.613,0.496,359933,0.521,0,0.000567,4,0.0718,-12.946,1,36,0.0308,83.646,0.359,5
0.451,0.721,198147,0.438,0,8.31e-05,0,0.274,-9.818,1,41,0.0283,113.956,0.504,2
0.0132,0.477,236333,0.943,1,0.0,5,0.0512,-4.973,0,48,0.0532,93.041,0.457,1
0.205,0.5429999999999999,445147,0.6779999999999999,0,0.00413,2,0.737,-12.416,1,30,0.0878,91.169,0.847,5
0.654,0.735,343000,0.65,0,0.0742,7,0.0831,-10.736,0,29,0.0289,126.37,0.937,4
0.67,0.7879999999999999,144827,0.721,0,0.0,5,0.107,-9.991,1,27,0.0409,119.729,0.972,4
0.2,0.764,222200,0.684,0,3.2899999999999987e-05,9,0.084,-8.448,0,38,0.0314,114.739,0.916,4
0.984,0.5489999999999999,97728,0.327,0,8.909999999999997e-05,11,0.122,-9.024,0,0,0.0758,113.89,0.851,8
3.14e-05,0.242,377922,0.993,1,0.225,8,0.738,-6.1720000000000015,0,26,0.204,105.107,0.0323,4
0.0362,0.804,293667,0.369,0,0.0,7,0.0645,-16.182000000000002,1,33,0.271,83.693,0.652,4
0.977,0.3720000000000001,220893,0.181,0,9.05e-06,1,0.109,-11.883,1,9,0.0366,114.819,0.199,6
0.982,0.488,197000,0.299,0,0.705,11,0.353,-12.097,1,0,0.0399,105.824,0.599,8
4.73e-06,0.397,214560,0.978,0,0.591,7,0.321,-5.565,1,49,0.0514,107.703,0.435,1
0.979,0.311,296173,0.294,0,0.14800000000000002,7,0.18,-11.556,1,0,0.0342,148.945,0.399,8
0.784,0.435,231375,0.501,0,0.0,3,0.122,-4.979,1,42,0.106,197.878,0.967,3
0.994,0.5479999999999999,301427,0.0494,0,0.929,7,0.0989,-28.253,0,41,0.0847,77.488,0.5670000000000001,4
0.527,0.527,255573,0.8690000000000001,0,3.31e-06,11,0.0735,-7.175,0,30,0.0874,164.80599999999995,0.8909999999999999,5
0.142,0.884,191867,0.508,0,9.4e-05,6,0.115,-11.64,0,39,0.272,126.012,0.778,5
0.8109999999999999,0.457,170053,0.6629999999999999,0,0.0,4,0.244,-7.951,0,5,0.0663,84.389,0.508,7
0.306,0.5670000000000001,280453,0.311,0,0.0,5,0.261,-18.131,1,13,0.105,102.932,0.941,7
0.585,0.7040000000000001,179360,0.73,0,5.96e-05,4,0.0622,-6.809,1,36,0.0359,140.192,0.821,4
0.938,0.0938,147027,0.229,0,0.738,0,0.109,-18.533,1,4,0.042,87.084,0.067,7
0.0537,0.446,400933,0.568,0,9.71e-06,6,0.109,-10.556,1,39,0.039,139.739,0.325,3
0.0832,0.608,185560,0.804,0,0.00337,7,0.5820000000000001,-7.911,1,39,0.0256,131.523,0.962,5
0.115,0.648,176840,0.953,0,0.000164,11,0.22,-4.551,0,46,0.0361,143.067,0.97,2
0.506,0.685,141520,0.609,0,0.457,1,0.16399999999999998,-8.999,1,14,0.0346,134.269,0.963,6
0.0361,0.8640000000000001,191427,0.525,1,6.71e-06,11,0.0827,-8.846,0,42,0.0532,103.516,0.513,2
0.903,0.363,143907,0.0687,0,2e-05,11,0.0928,-22.145,0,22,0.0507,146.803,0.386,6
0.223,0.7759999999999999,202733,0.7709999999999999,0,0.0,10,0.218,-8.708,1,28,0.0505,151.49,0.962,4
0.994,0.382,222173,0.0566,0,0.862,1,0.0949,-23.734,0,4,0.0403,69.208,0.0727,8
0.955,0.168,155533,0.155,0,0.039,10,0.302,-16.149,1,25,0.0329,71.196,0.0794,6
0.94,0.317,234373,0.0302,0,0.298,1,0.0792,-30.447,1,49,0.0342,47.859,0.165,2
0.0461,0.422,219120,0.5589999999999999,0,0.0,9,0.498,-8.721,1,43,0.0314,142.744,0.258,3
0.111,0.752,384867,0.701,0,0.0231,4,0.0429,-13.218,0,32,0.0437,127.9,0.746,5
0.0829,0.474,642560,0.9,0,1.3e-06,8,0.298,-9.984,1,41,0.0449,88.70200000000001,0.405,3
0.285,0.691,212219,0.287,0,0.458,0,0.113,-17.32,1,0,0.0284,107.894,0.243,8
0.802,0.509,178547,0.333,0,0.00292,6,0.115,-10.342,1,12,0.0292,170.25099999999995,0.319,6
0.569,0.652,233507,0.373,0,0.00263,3,0.312,-13.994000000000002,1,28,0.0272,92.234,0.457,5
0.0042,0.491,194120,0.7959999999999999,0,1.23e-05,8,0.115,-5.425,1,38,0.0325,113.876,0.14,2
0.117,0.431,218547,0.522,1,0.31,1,0.952,-10.372,1,56,0.0765,113.827,0.087,1
0.0424,0.66,169600,0.809,0,8.96e-05,7,0.21,-7.883999999999999,1,33,0.0323,92.487,0.674,3
0.7709999999999999,0.3720000000000001,583373,0.329,0,0.00152,5,0.157,-11.483,1,25,0.0446,108.156,0.21,5
0.979,0.649,118960,0.458,0,0.0548,9,0.885,-9.944,0,0,0.26,116.453,0.83,8
0.87,0.623,350867,0.185,0,0.7929999999999999,10,0.0888,-18.547,1,14,0.0787,136.809,0.606,7
0.731,0.603,329867,0.4270000000000001,0,0.0576,6,0.094,-11.072,0,41,0.0247,99.128,0.207,2
0.309,0.7170000000000001,100800,0.232,1,0.0,7,0.402,-21.551,1,0,0.946,76.888,0.752,10
0.933,0.215,134427,0.215,0,0.0036,3,0.371,-14.951,1,23,0.0343,202.24,0.342,6
0.883,0.461,181827,0.0682,0,0.0806,3,0.127,-16.664,1,39,0.0626,135.9,0.234,7
0.211,0.6579999999999999,205827,0.862,0,5.44e-05,2,0.2,-9.963,1,49,0.0535,169.532,0.969,4
0.35700000000000004,0.856,208267,0.418,0,6.99e-06,5,0.111,-7.375,1,1,0.0438,110.093,0.657,0
0.995,0.807,201507,0.326,0,0.0236,9,0.147,-10.052,1,0,0.068,118.583,0.962,9
0.3,0.413,309240,0.29100000000000004,0,0.0,5,0.238,-14.624,1,46,0.0339,181.975,0.777,5
0.938,0.674,190467,0.608,0,0.000459,8,0.312,-7.876,1,0,0.0546,110.962,0.967,8
0.995,0.529,182000,0.218,0,0.818,5,0.119,-15.752,0,0,0.222,107.141,0.8909999999999999,10
0.995,0.415,161760,0.0909,0,0.9,8,0.183,-21.65,1,0,0.0307,85.28399999999998,0.16399999999999998,9
0.0371,0.524,199733,0.79,0,0.00209,5,0.118,-9.005,1,34,0.0284,130.17,0.8809999999999999,6
0.945,0.621,240707,0.31,0,6.12e-05,9,0.117,-10.164,0,48,0.0283,111.893,0.125,1
0.00198,0.513,327267,0.485,1,4.94e-06,2,0.177,-10.481,1,47,0.174,105.613,0.52,2
0.0186,0.451,319600,0.4970000000000001,0,0.000505,8,0.395,-7.694,0,44,0.0311,135.298,0.397,3
0.00535,0.672,188440,0.8370000000000001,0,0.015,2,0.325,-5.7879999999999985,0,39,0.0725,121.175,0.507,2
0.625,0.501,163493,0.435,0,9.3e-05,8,0.191,-13.8,0,23,0.0421,113.321,0.6629999999999999,6
0.675,0.431,191107,0.28300000000000003,0,0.105,5,0.0963,-8.107000000000001,1,11,0.0328,118.928,0.342,7
0.994,0.317,483027,0.0394,0,0.925,10,0.0929,-23.382,0,0,0.04,75.465,0.102,10
0.14300000000000002,0.55,174173,0.777,0,7.46e-06,4,0.981,-7.298999999999999,1,59,0.0382,116.14,0.7509999999999999,3
0.361,0.502,92973,0.779,0,0.0588,1,0.222,-7.626,1,12,0.0318,81.694,0.971,6
0.3720000000000001,0.913,237133,0.7240000000000001,0,0.000201,0,0.0824,-8.527000000000001,1,58,0.105,103.33,0.748,2
0.773,0.708,273867,0.5379999999999999,0,0.0,7,0.11,-7.252000000000002,1,32,0.0431,108.165,0.7140000000000001,6
0.995,0.236,157467,0.00966,0,0.927,11,0.0933,-32.098,0,0,0.0472,88.834,0.483,9
0.0381,0.901,254947,0.472,1,0.0,11,0.11,-8.416,0,63,0.194,120.0,0.479,1
0.000452,0.376,237907,0.936,0,1.85e-06,6,0.159,-8.241,0,35,0.0676,95.359,0.612,3
0.6729999999999999,0.4920000000000001,178533,0.583,0,2.38e-06,8,0.201,-9.927,1,47,0.19,73.64,0.7979999999999999,7
0.422,0.248,317960,0.454,0,0.000904,8,0.055,-15.038,1,29,0.043,165.979,0.217,5
0.21600000000000005,0.388,254827,0.5589999999999999,0,0.0,4,0.0663,-12.401,1,58,0.0355,206.30900000000003,0.375,2
0.0802,0.772,256733,0.404,0,0.141,1,0.0279,-15.177,0,31,0.0951,170.334,0.964,4
0.742,0.488,208293,0.464,0,0.0,1,0.57,-9.496,1,63,0.0284,109.853,0.7090000000000001,6
0.568,0.731,374893,0.435,1,8.53e-05,1,0.0901,-8.338,1,36,0.0465,167.142,0.861,3
0.00156,0.213,242080,0.957,1,0.0,3,0.394,-2.967,1,59,0.235,196.118,0.157,2
0.21,0.451,190893,0.46,0,1.42e-05,9,0.061,-11.217,1,38,0.0296,105.564,0.735,3
0.986,0.503,193787,0.47,0,0.935,7,0.264,-10.893,1,0,0.0383,117.099,0.932,9
0.871,0.166,253320,0.155,0,0.86,10,0.139,-20.591,0,0,0.0333,74.808,0.0625,8
0.0137,0.621,309907,0.7929999999999999,0,0.0149,0,0.28600000000000003,-10.571,1,22,0.0606,111.558,0.47,4
0.013,0.721,215360,0.8420000000000001,0,0.00187,1,0.076,-1.97,0,45,0.0279,109.966,0.882,3
0.112,0.6920000000000001,151667,0.7340000000000001,0,0.0,11,0.16399999999999998,-7.089,1,43,0.0465,125.436,0.963,6
0.0214,0.747,223203,0.83,0,0.00024,9,0.0639,-5.426,1,58,0.0899,123.988,0.64,1
0.956,0.5870000000000001,187847,0.256,0,0.0,4,0.16399999999999998,-11.537,1,2,0.0594,141.809,0.799,8
0.981,0.6,200000,0.393,0,2.67e-05,7,0.11,-11.307,1,22,0.0349,113.019,0.615,6
0.586,0.35700000000000004,451133,0.556,0,4.09e-06,8,0.654,-10.809,1,37,0.0616,144.418,0.321,3
0.00818,0.944,170156,0.613,1,0.0,10,0.0893,-5.999,0,60,0.29100000000000004,120.102,0.328,1
0.995,0.221,194000,0.00921,0,0.901,4,0.0837,-34.063,1,46,0.0384,138.205,0.105,3
0.212,0.6829999999999999,236773,0.682,0,0.0,0,0.0831,-8.165,1,22,0.147,78.52600000000002,0.96,4
0.0849,0.263,353907,0.895,0,0.0836,0,0.0938,-5.772,1,32,0.0509,129.025,0.6629999999999999,5
0.963,0.667,83867,0.0968,0,0.0,0,0.121,-22.6,1,0,0.484,125.321,0.4320000000000001,7
0.8759999999999999,0.426,173533,0.302,0,0.0,7,0.522,-11.286,1,1,0.0437,85.654,0.408,8
0.0007379999999999999,0.5539999999999999,202627,0.79,0,0.00413,9,0.341,-7.126,1,37,0.0696,124.338,0.598,5
0.0543,0.625,193147,0.5760000000000001,0,4.07e-05,11,0.187,-5.693,0,52,0.175,179.063,0.235,1
0.511,0.452,253907,0.494,0,0.0116,3,0.292,-12.763,1,11,0.0564,157.502,0.8370000000000001,7
0.0182,0.527,206773,0.248,0,0.0,7,0.0986,-12.781,1,31,0.027000000000000003,77.39699999999998,0.515,6
0.033,0.715,227733,0.473,0,0.0,3,0.0719,-14.057,1,34,0.0633,134.546,0.71,3
0.453,0.5539999999999999,93867,0.315,0,0.0,2,0.141,-12.6,1,23,0.0536,95.037,0.374,6
0.996,0.494,176747,0.232,0,0.927,9,0.174,-18.142,0,0,0.175,65.9,0.541,10
0.927,0.472,207554,0.208,0,0.0,10,0.105,-10.779000000000002,1,0,0.0346,112.873,0.365,8
0.995,0.55,150336,0.269,0,0.913,0,0.108,-13.898,1,0,0.22,128.888,0.762,8
0.0591,0.471,554827,0.418,0,6.28e-05,4,0.0986,-11.866,1,32,0.0413,171.428,0.725,6
0.5710000000000001,0.667,308893,0.828,0,0.000128,2,0.133,-4.22,1,54,0.0286,91.324,0.7509999999999999,3
0.769,0.5529999999999999,202907,0.255,0,0.328,4,0.0853,-15.127,1,39,0.0309,148.349,0.521,5
0.996,0.598,161667,0.0876,0,0.895,5,0.117,-25.649,1,0,0.114,122.837,0.474,10
0.319,0.545,228173,0.428,0,0.0,6,0.114,-9.388,1,44,0.0279,131.784,0.335,2
0.99,0.149,206600,0.21600000000000005,0,0.894,3,0.411,-15.632,1,0,0.0369,57.631,0.241,7
0.984,0.738,191843,0.183,0,0.478,3,0.263,-10.824000000000002,1,0,0.0495,108.359,0.547,8
0.995,0.672,174800,0.00948,0,0.944,5,0.104,-21.177,1,19,0.0792,78.452,0.303,8
0.0079,0.264,748573,0.805,0,0.34600000000000003,11,0.905,-9.688,1,32,0.0745,109.141,0.311,4
0.121,0.7190000000000001,191493,0.645,0,0.00316,2,0.362,-6.141,0,71,0.0358,123.02,0.69,1
0.00027400000000000005,0.34,308709,0.872,1,0.366,1,0.0911,-7.515,1,42,0.112,94.032,0.413,2
0.951,0.452,258533,0.14800000000000002,0,2.26e-05,3,0.129,-14.635,0,24,0.0486,59.99800000000001,0.14300000000000002,6
0.0511,0.464,221492,0.547,1,0.0,7,0.155,-8.137,0,83,0.339,67.003,0.423,1
0.986,0.5529999999999999,188520,0.165,0,0.125,10,0.133,-16.758,1,0,0.0417,83.365,0.642,10
0.013,0.762,237627,0.439,0,6.56e-06,6,0.0912,-13.594,1,30,0.0398,100.951,0.595,4
0.972,0.489,203640,0.225,0,0.7929999999999999,9,0.141,-14.255999999999998,0,21,0.0524,114.939,0.0408,4
0.995,0.552,192110,0.381,0,0.883,7,0.141,-10.757,0,0,0.0379,110.925,0.853,8
0.0863,0.8009999999999999,180147,0.589,0,0.0,7,0.162,-5.157,1,78,0.0485,116.934,0.58,1
0.00173,0.292,290280,0.628,0,0.0004570000000000001,6,0.107,-5.541,0,56,0.031,135.903,0.235,1
0.989,0.386,185469,0.115,0,0.96,11,0.147,-24.709,1,6,0.0676,68.382,0.192,8
0.0033,0.419,188259,0.933,0,0.000102,2,0.297,-4.91,0,57,0.215,94.432,0.453,1
0.994,0.447,195800,0.119,0,0.46,6,0.136,-18.757,0,0,0.142,74.672,0.747,8
0.0977,0.333,206227,0.412,0,0.0,3,0.112,-8.633,1,64,0.029,85.02799999999998,0.474,1
0.0381,0.595,325333,0.7140000000000001,1,0.0,1,0.08,-5.705,1,57,0.0609,88.449,0.141,2
0.872,0.759,191800,0.244,0,0.00419,2,0.0469,-11.738,1,7,0.111,114.098,0.503,10
0.89,0.156,452120,0.21600000000000005,0,0.777,2,0.111,-16.941,1,52,0.0419,79.738,0.0495,1
0.000232,0.418,216627,0.846,0,0.0,1,0.161,-4.211,0,60,0.0473,105.983,0.561,1
0.764,0.381,184533,0.29,0,0.0,0,0.0817,-13.481,1,24,0.0324,136.215,0.424,6
0.0571,0.695,250467,0.8140000000000001,0,8.53e-05,4,0.29600000000000004,-5.35,1,60,0.0461,169.988,0.8740000000000001,1
0.932,0.294,182200,0.204,0,0.954,0,0.104,-19.13,1,41,0.0505,149.74,0.0368,1
0.0596,0.8320000000000001,170707,0.743,1,0.0,1,0.257,-6.706,1,53,0.228,100.004,0.522,1
0.8540000000000001,0.59,171526,0.7020000000000001,0,0.473,10,0.262,-7.1770000000000005,0,0,0.0706,115.364,0.762,8
0.459,0.631,134677,0.269,1,0.0,1,0.472,-19.13,1,0,0.949,169.507,0.653,10
0.0563,0.731,263493,0.594,0,0.0,4,0.13,-6.285,0,48,0.0345,100.676,0.336,2
0.764,0.409,232840,0.335,0,0.0,0,0.151,-12.699000000000002,1,41,0.0288,133.72,0.35600000000000004,3
0.669,0.643,134667,0.474,0,0.0,1,0.0458,-13.692,1,36,0.0354,89.555,0.951,5
0.603,0.297,164227,0.547,0,1.43e-06,7,0.15,-7.114,1,31,0.0343,98.333,0.396,6
0.0161,0.519,262773,0.735,0,0.00635,0,0.0928,-9.967,1,27,0.0346,96.366,0.407,4
0.0312,0.805,47160,0.825,0,0.0,1,0.0548,-6.501,1,44,0.27,189.933,0.965,2
0.000172,0.381,172533,0.746,0,0.00101,10,0.111,-6.598,0,49,0.0407,141.518,0.263,2
0.29,0.773,209804,0.6759999999999999,0,0.0,10,0.277,-5.634,1,59,0.099,124.954,0.938,1
0.974,0.379,483040,0.17800000000000002,0,0.909,2,0.175,-18.643,0,0,0.046,87.333,0.338,8
0.16399999999999998,0.736,303543,0.858,1,9.83e-05,1,0.459,-6.0539999999999985,1,32,0.0978,122.974,0.6579999999999999,4
0.0029100000000000003,0.39,276467,0.684,0,0.0119,11,0.0856,-11.477,1,25,0.0833,133.05100000000002,0.194,5
0.174,0.862,288133,0.5660000000000001,0,0.182,1,0.0799,-9.567,1,34,0.115,97.139,0.861,4
0.674,0.639,191773,0.397,0,6.95e-06,7,0.132,-9.124,1,35,0.0257,89.415,0.6609999999999999,4
0.333,0.518,136880,0.982,1,0.0,5,0.191,-3.194,1,45,0.0463,164.562,0.96,2
0.994,0.34600000000000003,137227,0.107,0,0.903,8,0.13,-18.982,1,0,0.0334,75.845,0.118,8
0.295,0.639,205624,0.581,0,0.0,2,0.183,-5.233,1,67,0.0286,136.32399999999998,0.475,1
0.0755,0.48,181560,0.95,0,0.0,2,0.0716,-4.092,1,38,0.159,173.922,0.677,2
0.23,0.611,305093,0.482,0,6.53e-06,4,0.0791,-11.315,1,38,0.0276,117.993,0.691,6
0.00119,0.257,233067,0.937,0,0.507,0,0.184,-5.195,1,29,0.0693,101.224,0.652,4
0.0045,0.434,241093,0.951,0,0.0,4,0.37,-4.3660000000000005,1,41,0.0542,165.93599999999995,0.797,2
0.753,0.211,190107,0.189,0,9.31e-06,10,0.114,-13.099,1,12,0.03,82.90899999999998,0.227,6
0.7559999999999999,0.444,125427,0.32299999999999995,0,0.0,0,0.34700000000000003,-11.722,1,24,0.0357,97.425,0.758,6
0.5720000000000001,0.612,137813,0.792,0,1.13e-06,0,0.174,-4.513,1,25,0.111,121.116,0.7240000000000001,6
0.313,0.578,161893,0.64,0,0.0,2,0.161,-8.622,1,24,0.0395,117.206,0.907,5
0.991,0.471,136067,0.166,0,0.00143,9,0.156,-12.143,1,0,0.0437,136.496,0.326,8
0.0155,0.789,300693,0.728,0,0.0008619999999999999,10,0.0916,-6.63,0,54,0.0427,106.999,0.926,3
0.741,0.7120000000000001,187835,0.231,0,0.0,4,0.282,-17.409000000000002,1,0,0.957,129.77100000000002,0.5329999999999999,9
0.275,0.44,167840,0.904,0,7.45e-06,11,0.106,-4.409,0,51,0.177,138.10399999999998,0.546,2
0.13699999999999998,0.833,280867,0.911,0,0.000297,8,0.0561,-7.223,1,43,0.0778,131.442,0.926,3
0.0417,0.6920000000000001,319434,0.983,1,0.0,1,0.21,-3.469,1,58,0.29,75.992,0.792,1
0.696,0.4320000000000001,164413,0.491,0,6.34e-05,1,0.15,-9.234,1,31,0.0292,101.151,0.317,5
0.0063100000000000005,0.483,162133,0.934,0,1.01e-06,9,0.061,-2.138,0,27,0.0378,137.341,0.405,5
0.963,0.507,195267,0.42,0,0.486,0,0.155,-10.044,1,2,0.136,178.278,0.68,9
0.612,0.389,146307,0.467,0,0.0,2,0.151,-14.261,1,39,0.279,78.283,0.918,6
0.279,0.883,172333,0.464,0,1.51e-05,10,0.0744,-11.251,1,69,0.0591,111.548,0.925,6
0.00333,0.619,330480,0.968,0,0.0094,2,0.3720000000000001,-4.8180000000000005,1,25,0.0456,137.423,0.913,4
0.00586,0.619,211267,0.8370000000000001,0,0.0076799999999999985,2,0.0567,-8.413,1,28,0.0438,135.53799999999998,0.628,4
0.913,0.444,225373,0.322,0,0.209,2,0.124,-16.201,0,2,0.0606,98.831,0.667,8
0.946,0.326,186880,0.361,0,0.00094,11,0.254,-18.291,1,0,0.108,171.984,0.536,7
0.88,0.685,47333,0.875,0,0.14800000000000002,2,0.125,-13.625,0,28,0.0701,126.645,0.459,9
0.932,0.35600000000000004,280533,0.363,0,0.00161,7,0.158,-11.745,1,48,0.0297,120.546,0.228,5
0.7290000000000001,0.607,182160,0.7,0,0.000477,1,0.226,-11.037,1,34,0.0395,94.216,0.965,5
0.171,0.637,231600,0.6970000000000001,0,0.0,0,0.108,-8.902999999999997,1,55,0.0297,147.10299999999995,0.938,5
0.0809,0.617,233667,0.53,0,0.000116,2,0.578,-10.746,1,36,0.0385,82.025,0.6779999999999999,3
0.631,0.3670000000000001,226827,0.65,0,0.0,7,0.113,-4.848,0,22,0.0461,175.137,0.78,6
0.236,0.81,235056,0.621,1,0.0,10,0.187,-8.472000000000001,0,16,0.395,145.035,0.199,7
0.995,0.429,118173,0.0539,0,0.902,10,0.111,-25.402,1,3,0.0489,120.889,0.135,8
0.927,0.256,98293,0.354,0,0.934,6,0.383,-11.209,0,0,0.0369,58.56,0.0361,8
0.975,0.132,183467,0.189,0,0.16899999999999998,7,0.293,-16.958,1,20,0.0378,86.32,0.25,6
0.917,0.735,216627,0.589,0,0.42,4,0.115,-15.578,0,48,0.0382,159.963,0.923,3
0.0072099999999999985,0.6859999999999999,219520,0.755,0,0.000116,0,0.24,-2.559,0,56,0.0318,120.02,0.8540000000000001,1
0.978,0.27,129133,0.00377,0,0.903,5,0.0762,-27.014,1,42,0.0471,106.242,0.0538,3
0.269,0.6920000000000001,159693,0.895,0,1.95e-05,4,0.229,-5.398,1,25,0.0789,160.554,0.919,5
0.158,0.461,322000,0.653,1,0.0,6,0.197,-8.617,1,71,0.327,81.628,0.588,1
0.961,0.35600000000000004,483920,0.158,0,0.0135,7,0.0943,-12.401,1,0,0.0456,92.406,0.0773,8
0.166,0.6509999999999999,162040,0.534,0,0.0,8,0.0614,-11.953,1,39,0.0326,84.585,0.939,4
0.813,0.511,259200,0.647,0,0.887,9,0.0916,-11.652,0,30,0.0707,106.282,0.398,7
0.381,0.366,186947,0.381,0,0.0008039999999999999,4,0.161,-13.128,1,29,0.0348,166.477,0.534,6
0.000344,0.518,188021,0.918,0,0.0,2,0.312,-4.518,1,48,0.075,169.884,0.411,1
0.00189,0.509,264707,0.774,1,0.000549,6,0.14300000000000002,-4.0539999999999985,1,67,0.0338,116.529,0.0824,2
0.986,0.28800000000000003,140747,0.177,0,0.906,8,0.109,-21.682,1,0,0.0351,71.77,0.318,10
0.878,0.381,185613,0.151,0,0.0,0,0.29100000000000004,-16.18,1,41,0.0321,65.74,0.239,2
0.631,0.438,391440,0.44,0,0.79,5,0.493,-17.282,1,11,0.0428,132.821,0.471,6
0.933,0.58,196627,0.47,0,0.743,9,0.098,-8.787,0,53,0.168,202.376,0.738,5
0.98,0.237,176307,0.0615,0,0.000817,8,0.126,-19.19,1,0,0.0422,62.227,0.134,9
0.498,0.385,549587,0.5,0,2.1e-06,5,0.13699999999999998,-14.152,0,12,0.0778,132.339,0.605,6
0.5,0.4320000000000001,190093,0.219,0,0.0,7,0.0788,-16.873,1,29,0.0318,147.10299999999995,0.515,5
0.0269,0.8220000000000001,233253,0.628,0,0.527,4,0.156,-11.739,0,47,0.129,108.795,0.52,4
0.747,0.488,400400,0.54,0,0.0193,5,0.0925,-13.901,1,2,0.0812,88.235,0.727,7
0.943,0.392,152866,0.142,0,0.0,5,0.106,-14.368,1,63,0.0368,126.582,0.278,1
0.129,0.71,373960,0.88,0,0.0,5,0.0935,-3.16,0,60,0.211,102.166,0.826,1
0.11,0.8340000000000001,216867,0.593,0,1.94e-05,9,0.0846,-9.615,1,20,0.0307,124.931,0.963,4
1.22e-05,0.383,174800,0.982,1,0.000152,1,0.215,-3.188,1,43,0.127,195.931,0.189,2
0.828,0.508,100133,0.247,0,0.0,3,0.297,-14.241,1,23,0.173,170.62900000000005,0.68,6
0.0715,0.8690000000000001,275867,0.7120000000000001,1,0.0,9,0.272,-6.136,1,65,0.103,120.0,0.435,1
0.0103,0.447,188093,0.8,0,0.0002220000000000001,8,0.5670000000000001,-9.427,1,33,0.0476,168.396,0.7759999999999999,4
0.0299,0.442,203533,0.763,0,0.0,0,0.299,-7.935,1,28,0.0319,127.366,0.919,5
0.321,0.619,278733,0.496,0,2.21e-05,11,0.314,-14.73,1,27,0.0408,94.002,0.743,4
0.942,0.225,82480,0.35200000000000004,0,0.895,9,0.243,-11.372,1,0,0.0341,64.77,0.0986,7
0.8959999999999999,0.369,397413,0.454,0,0.00127,2,0.107,-5.355,0,45,0.0363,143.91899999999995,0.327,5
0.007559999999999998,0.448,254805,0.826,0,0.0,2,0.117,-3.244,0,66,0.0319,77.093,0.19,1
0.0673,0.528,226800,0.6920000000000001,0,0.0,2,0.13,-6.107,0,58,0.0309,137.026,0.402,2
0.995,0.5329999999999999,136072,0.00444,0,0.7959999999999999,8,0.111,-29.472,1,0,0.0604,80.919,0.17600000000000002,9
0.908,0.429,271733,0.154,0,0.00201,2,0.0907,-15.4,0,16,0.0326,97.85,0.218,6
0.969,0.675,117267,0.0894,0,0.22,7,0.119,-18.555,0,0,0.0539,69.098,0.696,8
0.802,0.269,158693,0.227,0,0.0981,0,0.125,-10.579,1,8,0.0287,63.615,0.14800000000000002,6
0.965,0.47,203893,0.109,0,0.000202,1,0.122,-18.386,1,45,0.0377,86.839,0.22,2
0.52,0.313,144933,0.5660000000000001,0,0.0,10,0.345,-5.1160000000000005,1,25,0.0336,72.194,0.424,6
0.0481,0.672,287333,0.569,1,0.0,11,0.295,-6.319,0,53,0.0624,95.971,0.46,1
0.162,0.28300000000000003,175360,0.5770000000000001,0,0.0,0,0.584,-12.864,1,27,0.0908,132.65,0.397,6
0.125,0.701,492013,0.83,0,0.329,11,0.114,-10.517,0,42,0.0667,107.772,0.648,5
0.463,0.292,268111,0.374,0,0.000292,10,0.35700000000000004,-10.495,0,51,0.0332,119.784,0.247,1
0.996,0.425,148987,0.564,0,0.8859999999999999,6,0.345,-14.906,1,0,0.551,69.977,0.621,10
0.871,0.521,197240,0.605,0,0.0,5,0.218,-9.976,1,15,0.0688,140.28799999999998,0.86,7
0.996,0.5479999999999999,181173,0.0391,0,0.933,6,0.14800000000000002,-23.228,1,0,0.153,75.595,0.612,10
0.195,0.895,170440,0.339,0,0.0,0,0.107,-13.688,1,30,0.0574,93.833,0.825,6
0.0537,0.556,249933,0.929,0,2.39e-06,0,0.29,-9.588,1,38,0.0461,128.093,0.7440000000000001,2
0.993,0.466,172427,0.217,0,0.884,5,0.111,-24.83,0,0,0.0707,97.108,0.561,9
0.508,0.723,208667,0.563,0,0.000398,2,0.26,-9.348,1,31,0.0274,111.818,0.81,3
0.764,0.44,234387,0.6709999999999999,0,0.0,3,0.212,-10.598,0,65,0.477,83.07799999999997,0.479,1
0.895,0.626,152107,0.312,0,2.94e-06,6,0.181,-9.246,1,53,0.0332,98.708,0.298,6
0.992,0.743,173587,0.21,0,0.0584,1,0.355,-7.849,0,0,0.0922,125.409,0.805,8
0.161,0.493,195093,0.684,0,1.38e-06,8,0.209,-7.439,1,51,0.101,182.312,0.873,1
0.0016,0.192,349893,0.977,0,0.867,7,0.27,-9.027,1,40,0.0932,120.652,0.108,3
0.0189,0.489,206216,0.755,0,2.29e-05,5,0.0812,-5.092,1,54,0.0708,104.239,0.624,2
0.479,0.241,174733,0.672,0,1.97e-06,10,0.0908,-6.881,0,23,0.0408,168.83599999999996,0.544,6
0.6659999999999999,0.821,191733,0.544,0,2.53e-06,7,0.0594,-17.723,1,35,0.063,99.61,0.966,3
0.00403,0.7170000000000001,248560,0.621,0,0.0,11,0.14400000000000002,-7.587999999999999,0,60,0.0605,133.014,0.72,1
