0.494,0.4370000000000001,289200,0.54,0,0.00478,0,0.0815,-15.797,0,51,0.0469,162.236,0.966,5
0.141,0.639,166840,0.598,1,0.000207,9,0.505,-8.298,1,35,0.294,103.126,0.72,3
0.16399999999999998,0.452,730400,0.872,1,0.0,9,0.487,-4.569,0,49,0.588,168.602,0.0727,1
0.471,0.545,211307,0.388,0,0.0,2,0.12,-13.818,1,27,0.0302,185.951,0.848,4
0.0182,0.674,173587,0.8140000000000001,0,0.0,7,0.079,-2.814,1,62,0.0391,128.092,0.491,1
0.93,0.489,166400,0.233,0,0.0,5,0.0839,-12.432,1,8,0.0327,101.613,0.386,9
0.108,0.629,184400,0.855,0,0.0,10,0.198,-5.593,1,53,0.0568,96.039,0.963,1
0.0617,0.6509999999999999,182600,0.6970000000000001,0,0.0166,9,0.091,-8.816,0,48,0.0398,146.656,0.903,1
0.6609999999999999,0.613,220707,0.394,0,0.763,8,0.062,-12.934,1,41,0.0651,164.745,0.7190000000000001,4
0.75,0.631,166280,0.6459999999999999,0,0.00012,11,0.6859999999999999,-3.53,0,12,0.0318,110.809,0.905,6
0.802,0.452,253080,0.406,0,0.0961,4,0.202,-11.93,1,0,0.041,112.499,0.8809999999999999,8
0.728,0.441,206107,0.992,0,0.0477,11,0.969,-4.867,1,26,0.237,140.436,0.34,5
0.994,0.713,188720,0.126,0,0.942,5,0.0946,-20.506,1,0,0.0538,103.274,0.6,8
0.195,0.799,186587,0.301,0,0.0,7,0.0816,-11.361,1,78,0.185,100.026,0.511,1
0.665,0.499,120560,0.815,1,0.0,4,0.332,-9.779,1,18,0.0409,133.814,0.921,6
0.967,0.7440000000000001,180440,0.192,0,0.93,7,0.258,-20.67,0,12,0.116,124.298,0.96,9
0.101,0.7440000000000001,334040,0.552,0,5.72e-06,7,0.205,-8.884,1,41,0.0979,81.96700000000001,0.5760000000000001,3
0.684,0.561,222813,0.518,0,0.898,0,0.7090000000000001,-14.546,0,17,0.0609,81.65899999999998,0.879,6
0.787,0.303,232627,0.0246,0,0.00236,8,0.265,-22.603,1,13,0.0381,167.665,0.0396,7
0.809,0.602,241840,0.667,0,0.892,8,0.109,-7.55,1,53,0.0317,140.03799999999998,0.489,1
0.0454,0.7809999999999999,204333,0.472,0,0.000298,2,0.0897,-8.684,1,34,0.109,146.713,0.8170000000000001,4
0.995,0.444,341360,0.0315,0,0.949,5,0.109,-27.13,1,40,0.0397,143.784,0.107,6
0.157,0.908,248500,0.529,0,0.00014199999999999998,6,0.0634,-7.032,1,81,0.135,105.021,0.743,0
0.982,0.64,159348,0.401,0,0.968,2,0.0896,-27.651,1,8,0.0578,103.716,0.916,7
0.0113,0.364,174027,0.959,0,0.000953,1,0.411,-2.9560000000000004,1,56,0.0627,161.797,0.927,2
0.965,0.231,494040,0.197,0,0.247,4,0.0897,-15.138,0,0,0.0359,94.912,0.103,8
0.0108,0.703,244307,0.7759999999999999,1,0.0,9,0.74,-3.409,1,61,0.304,82.46600000000002,0.541,1
0.0455,0.667,153475,0.723,1,0.000179,5,0.213,-4.31,0,66,0.27,148.05700000000004,0.251,1
0.0153,0.66,290667,0.962,0,0.0,9,0.0666,-2.93,1,45,0.0536,102.91,0.753,2
0.0533,0.7809999999999999,157975,0.593,1,0.0,1,0.381,-6.0379999999999985,1,57,0.281,158.019,0.602,1
0.141,0.679,230453,0.5870000000000001,1,6.35e-06,7,0.13699999999999998,-7.015,1,84,0.276,186.003,0.486,1
0.31,0.596,250467,0.5760000000000001,0,0.0,3,0.112,-7.636,1,60,0.103,107.963,0.159,1
0.981,0.5329999999999999,44293,0.129,0,0.0,10,0.705,-24.681,1,0,0.329,137.158,0.298,7
0.0786,0.665,275253,0.535,1,1.6800000000000002e-05,4,0.154,-7.056,0,69,0.0572,138.842,0.37,1
0.8490000000000001,0.302,249360,0.636,0,0.596,0,0.15,-8.982000000000003,1,0,0.0409,73.893,0.28,8
0.995,0.319,118093,0.00217,0,0.937,10,0.0791,-36.905,1,0,0.0412,78.505,0.229,10
0.963,0.637,185013,0.249,0,0.863,10,0.118,-18.959,1,2,0.0325,91.095,0.701,7
1.3699999999999998e-05,0.219,217133,0.921,0,0.0515,7,0.123,-5.6629999999999985,1,45,0.0787,166.30700000000004,0.535,2
0.515,0.247,355493,0.565,0,5.13e-06,11,0.98,-14.435,1,45,0.064,103.001,0.485,4
0.5660000000000001,0.779,179212,0.737,0,0.000279,8,0.103,-8.036,1,63,0.0368,121.18,0.943,3
0.24,0.526,264200,0.5870000000000001,0,0.243,2,0.8859999999999999,-8.732999999999999,1,61,0.039,93.986,0.364,2
0.833,0.789,66227,0.451,0,0.0,2,0.354,-14.89,1,44,0.0942,92.621,0.618,5
0.01,0.647,213827,0.7290000000000001,1,0.0,4,0.0997,-6.9910000000000005,0,44,0.318,174.054,0.5329999999999999,3
0.6940000000000001,0.517,192493,0.53,0,0.0,5,0.206,-11.765,1,34,0.0347,118.561,0.546,6
0.887,0.759,131257,0.165,0,1.23e-06,5,0.139,-10.115,1,4,0.0593,78.858,0.856,7
0.984,0.284,151707,0.123,0,0.703,5,0.23,-16.998,0,24,0.0337,98.476,0.0521,5
0.32,0.62,292760,0.632,0,0.632,0,0.22,-13.548,1,35,0.0321,108.406,0.743,4
0.922,0.0691,1053733,0.103,0,0.755,7,0.475,-21.478,1,0,0.0443,71.462,0.039,8
0.00463,0.34600000000000003,202507,0.8759999999999999,0,0.000177,4,0.264,-6.029,1,29,0.0746,123.932,0.6629999999999999,5
0.843,0.442,267250,0.5670000000000001,0,0.903,4,0.13,-12.614,0,31,0.0343,107.323,0.912,5
0.617,0.813,41213,0.276,0,0.0,4,0.106,-12.279000000000002,0,2,0.0606,98.105,0.865,7
0.0227,0.361,330933,0.7509999999999999,0,0.014,2,0.28600000000000003,-9.034,1,37,0.0654,132.817,0.612,5
0.747,0.615,132360,0.337,0,0.0,2,0.122,-12.584,1,17,0.0317,92.482,0.6509999999999999,6
0.982,0.179,595106,0.00189,0,0.279,1,0.111,-25.2,1,72,0.327,81.71,1e-05,1
0.8740000000000001,0.203,1418213,0.0942,0,0.923,0,0.166,-19.077,1,22,0.0378,103.765,0.0636,6
0.984,0.561,168520,0.0647,0,1.88e-06,4,0.123,-14.839,0,2,0.0484,96.499,0.362,9
0.0016,0.638,181880,0.679,0,0.00655,4,0.121,-5.278,1,67,0.0425,81.045,0.596,1
0.000831,0.503,200187,0.986,0,0.464,5,0.128,-3.868,0,31,0.0799,91.42,0.284,4
0.8490000000000001,0.501,147267,0.18,0,0.522,7,0.0633,-16.203,1,15,0.0547,84.244,0.705,9
0.34,0.748,146187,0.835,0,0.733,9,0.0281,-7.04,1,13,0.0324,123.452,0.963,6
0.823,0.51,258733,0.14,0,0.0,0,0.198,-18.115,1,25,0.0277,95.144,0.263,4
0.995,0.419,186373,0.28600000000000003,0,0.936,0,0.368,-14.459,1,0,0.0809,69.93,0.487,9
0.78,0.5539999999999999,172067,0.298,0,0.00014,7,0.0714,-17.815,1,15,0.0409,159.359,0.597,6
0.945,0.338,317480,0.154,0,0.00434,2,0.124,-14.663,0,26,0.0434,58.603,0.104,7
0.379,0.713,241533,0.39,0,0.00156,7,0.0595,-15.4,1,37,0.0296,105.224,0.962,4
0.188,0.633,145868,0.449,0,0.00206,5,0.264,-13.944,1,24,0.0304,138.262,0.887,5
0.31,0.894,144960,0.28,0,0.0,7,0.132,-11.515,1,24,0.0545,112.451,0.8420000000000001,6
0.967,0.6970000000000001,177200,0.215,0,0.00486,9,0.0837,-13.85,1,38,0.0898,102.872,0.753,9
0.42,0.693,247067,0.473,0,0.000166,5,0.127,-12.145,1,49,0.0256,113.049,0.74,4
0.032,0.499,122720,0.733,0,0.0,9,0.0852,-7.462999999999999,1,45,0.267,170.457,0.888,2
0.0036,0.8059999999999999,254893,0.708,0,0.901,1,0.19,-9.265,1,26,0.0486,125.589,0.396,4
0.4,0.871,198213,0.341,0,1.49e-06,6,0.114,-8.571,0,41,0.0472,120.204,0.282,2
0.58,0.8,236920,0.373,0,4.44e-06,0,0.17600000000000002,-6.189,1,51,0.0464,141.264,0.957,1
0.0989,0.573,227147,0.853,0,0.0,11,0.299,-9.047,1,30,0.071,93.524,0.7759999999999999,5
0.35200000000000004,0.625,435680,0.404,0,0.0,1,0.182,-12.669,1,22,0.954,175.19799999999995,0.613,9
0.685,0.8190000000000001,200162,0.48,0,2.03e-06,5,0.116,-6.966,1,74,0.0489,114.04,0.759,1
0.6970000000000001,0.456,248576,0.384,0,0.748,10,0.14400000000000002,-14.939,1,34,0.0356,82.994,0.777,5
0.133,0.52,240867,0.634,0,0.0,5,0.29,-8.767999999999999,1,34,0.0275,197.315,0.478,3
0.984,0.494,220467,0.0292,0,0.173,5,0.3,-15.423,1,0,0.0385,74.24,0.338,9
0.976,0.304,173640,0.243,0,0.8859999999999999,4,0.122,-22.1,0,0,0.047,79.032,0.503,7
0.168,0.0915,595933,0.213,0,0.919,2,0.124,-17.735,1,28,0.0438,87.611,0.0382,5
0.229,0.655,248947,0.539,1,3.6000000000000007e-06,7,0.104,-11.133,1,57,0.0512,85.07,0.238,1
0.995,0.373,172947,0.271,0,0.629,7,0.207,-14.918,1,0,0.0665,78.398,0.196,8
0.51,0.5489999999999999,130000,0.6829999999999999,0,0.0,7,0.479,-7.164,1,32,0.0345,118.495,0.802,6
0.633,0.425,204307,0.0232,0,2.05e-06,11,0.111,-21.946,1,32,0.0372,124.708,0.152,4
0.079,0.715,151594,0.5820000000000001,1,0.0,8,0.124,-4.636,1,73,0.0774,183.931,0.489,0
0.992,0.527,207213,0.4270000000000001,0,0.14300000000000002,7,0.289,-9.934,0,0,0.0354,77.685,0.85,8
0.0281,0.39,176240,0.506,0,0.0,0,0.195,-9.77,1,37,0.028,97.589,0.472,5
0.8220000000000001,0.342,161160,0.117,0,9.15e-06,11,0.125,-16.27,1,46,0.0355,200.87,0.33,5
0.0322,0.541,269867,0.706,1,0.0,4,0.117,-7.172999999999999,0,36,0.334,87.405,0.695,3
0.944,0.433,187294,0.458,0,0.00186,5,0.0641,-10.689,1,0,0.0585,65.672,0.716,9
0.954,0.504,68885,0.0298,0,0.0,1,0.237,-13.367,1,0,0.0532,130.422,0.391,8
0.989,0.34,197360,0.373,0,0.00949,3,0.6609999999999999,-10.91,0,0,0.0508,98.744,0.29600000000000004,7
0.83,0.12,240000,0.998,0,0.897,9,0.505,-21.701,1,58,0.0755,147.787,1e-05,1
0.00436,0.605,196907,0.8290000000000001,0,0.0161,9,0.0511,-10.616,1,30,0.0338,99.477,0.84,3
0.962,0.26,436533,0.0992,0,0.8320000000000001,9,0.147,-17.512999999999998,1,39,0.0379,105.207,0.0954,5
0.000674,0.251,258000,0.954,0,0.000132,6,0.0975,-2.879,1,66,0.0691,191.05900000000003,0.264,2
0.873,0.247,166867,0.221,0,1.12e-06,7,0.192,-15.103,1,27,0.0322,99.563,0.397,6
0.00184,0.62,300160,0.755,0,0.244,10,0.225,-7.896,1,47,0.0762,160.02700000000004,0.75,3
0.0161,0.7559999999999999,338800,0.682,0,0.00044,7,0.215,-7.957000000000002,1,32,0.0623,140.48,0.56,4
0.0113,0.339,183808,0.7070000000000001,0,0.0,0,0.337,-5.121,0,58,0.0428,173.993,0.359,1
0.7240000000000001,0.597,223840,0.486,0,0.193,11,0.359,-15.199000000000002,0,25,0.0485,95.733,0.8059999999999999,5
0.7070000000000001,0.34,344453,0.5479999999999999,0,0.764,0,0.366,-10.159,1,0,0.0311,96.061,0.426,9
0.994,0.322,194933,0.0663,0,0.921,10,0.123,-24.097,1,16,0.0413,174.507,0.182,6
0.624,0.648,254862,0.672,0,0.468,7,0.388,-10.907,1,20,0.107,122.436,0.764,5
0.926,0.256,210107,0.141,0,1.22e-05,10,0.181,-17.256,1,21,0.0366,69.926,0.16699999999999998,6
0.809,0.6409999999999999,432213,0.277,0,0.33,8,0.0903,-16.5,1,24,0.0522,142.673,0.527,6
0.431,0.491,210120,0.442,0,1.19e-06,9,0.116,-9.551,1,34,0.026,154.686,0.35200000000000004,3
0.957,0.459,166945,0.867,0,0.941,7,0.129,-17.102,0,18,0.0475,113.188,0.292,9
0.0851,0.537,281827,0.799,0,0.85,9,0.0515,-11.589,0,40,0.049,122.423,0.551,4
0.332,0.403,261600,0.512,0,7.759999999999999e-05,2,0.106,-11.789,1,27,0.0863,169.47299999999996,0.484,5
0.5,0.535,392640,0.471,0,0.0,8,0.341,-9.364,1,14,0.0342,109.534,0.589,6
0.534,0.468,171733,0.8690000000000001,0,0.0,10,0.0515,-3.604,0,38,0.0356,104.541,0.6920000000000001,7
0.8290000000000001,0.541,197733,0.415,0,0.0034200000000000003,2,0.253,-13.981,1,51,0.0288,104.136,0.706,4
0.965,0.777,261000,0.339,0,0.0,8,0.153,-10.286,1,0,0.0409,88.75,0.922,7
0.0153,0.581,503109,0.521,0,3.5600000000000005e-05,10,0.472,-10.988,1,50,0.0315,128.55,0.333,3
0.232,0.344,320067,0.449,0,0.0143,3,0.138,-8.985,1,30,0.0244,85.206,0.132,4
0.898,0.313,153667,0.232,0,0.0,7,0.094,-11.252,0,3,0.0317,134.38299999999998,0.181,8
0.99,0.508,185000,0.189,0,0.654,0,0.35700000000000004,-12.294,0,0,0.0551,77.111,0.585,9
0.00796,0.463,179653,0.7490000000000001,0,0.00219,11,0.0558,-8.118,0,64,0.0891,183.048,0.888,3
0.247,0.623,503147,0.325,0,0.0,1,0.103,-16.651,1,16,0.959,81.87899999999998,0.5589999999999999,8
0.0189,0.818,271040,0.6659999999999999,1,0.0,0,0.0673,-6.975,1,52,0.335,140.045,0.473,1
0.349,0.595,130040,0.5720000000000001,0,1e-06,7,0.145,-9.889,1,5,0.0484,127.049,0.8859999999999999,7
0.0427,0.792,170925,0.711,0,0.0,10,0.0748,-5.21,0,76,0.0413,107.388,0.7659999999999999,0
0.108,0.605,151920,0.493,0,7.879999999999999e-05,7,0.0693,-12.201,1,28,0.0319,88.82600000000002,0.925,5
0.0242,0.6859999999999999,205893,0.42,0,0.00172,7,0.135,-12.75,1,47,0.0528,112.634,0.457,3
0.983,0.5820000000000001,216813,0.383,0,0.0637,8,0.201,-17.32,1,0,0.0417,136.055,0.885,9
0.355,0.359,444000,0.602,0,2.1e-05,2,0.725,-6.735,1,33,0.0449,128.878,0.484,5
0.667,0.362,147600,0.233,0,1.43e-06,4,0.115,-15.518,1,33,0.0295,80.154,0.265,3
0.984,0.517,194373,0.106,0,0.00574,1,0.29600000000000004,-17.465,1,0,0.0451,125.526,0.253,8
0.993,0.486,193827,0.327,0,0.944,11,0.119,-14.617,0,0,0.0358,104.437,0.861,8
0.82,0.8270000000000001,219227,0.405,1,8.01e-05,0,0.103,-8.95,1,53,0.0463,114.989,0.531,1
0.218,0.547,224840,0.7090000000000001,0,0.0,4,0.115,-6.2010000000000005,1,39,0.032,104.257,0.519,2
0.991,0.273,180733,0.525,0,0.8420000000000001,7,0.0774,-9.629,0,0,0.114,173.74900000000005,0.599,9
0.963,0.2,261360,0.241,0,0.0022,5,0.297,-12.523,1,0,0.0378,89.21600000000002,0.0396,8
0.902,0.326,576653,0.284,0,0.922,9,0.126,-13.130999999999998,0,45,0.0383,120.732,0.213,2
0.316,0.792,310747,0.599,0,0.931,3,0.111,-13.647,1,57,0.141,93.994,0.57,3
0.00237,0.634,209520,0.848,1,0.0,1,0.0681,-3.843,0,62,0.047,105.055,0.647,1
0.0366,0.637,167107,0.856,1,0.0308,1,0.0809,-5.649,1,66,0.0337,160.06799999999996,0.285,1
0.812,0.378,115693,0.35200000000000004,0,5.17e-06,3,0.106,-8.745,1,53,0.0354,139.491,0.306,2
0.0312,0.402,234213,0.928,0,0.00188,7,0.444,-5.731,0,32,0.197,116.781,0.375,4
0.992,0.551,192766,0.314,0,0.0984,5,0.15,-9.931,1,0,0.0549,78.914,0.534,7
0.83,0.348,363253,0.315,0,0.0,1,0.121,-7.751,1,10,0.0493,72.949,0.338,7
0.00757,0.615,209893,0.5589999999999999,0,0.0,4,0.337,-5.689,0,44,0.15,85.089,0.234,2
0.991,0.55,190107,0.404,0,0.354,5,0.33,-7.919,0,0,0.0472,128.826,0.5329999999999999,9
0.275,0.693,206093,0.6829999999999999,0,0.000101,9,0.0954,-4.575,1,52,0.0292,118.388,0.748,2
0.595,0.302,310893,0.424,0,0.0,9,0.0669,-10.707,0,0,0.0406,123.834,0.267,8
0.0811,0.585,220640,0.8140000000000001,0,0.0,0,0.311,-4.3439999999999985,1,44,0.0316,130.499,0.871,1
0.0961,0.328,388133,0.483,0,0.852,8,0.941,-17.715,1,13,0.0468,173.05200000000005,0.708,7
0.988,0.276,492945,0.108,0,0.00249,9,0.295,-16.17,1,6,0.0451,90.462,0.263,9
0.988,0.387,233848,0.28600000000000003,0,0.857,9,0.303,-11.996,1,0,0.05,104.497,0.251,8
0.922,0.299,286133,0.475,0,0.765,8,0.128,-9.153,1,14,0.0533,171.128,0.363,6
0.767,0.608,174987,0.231,0,0.0,0,0.0578,-8.351,1,19,0.0399,78.26,0.6629999999999999,7
0.0891,0.7290000000000001,207427,0.777,1,0.000647,9,0.0469,-10.157,0,50,0.0424,92.308,0.7879999999999999,3
0.995,0.628,189413,0.116,0,0.142,4,0.119,-13.205,1,0,0.077,113.705,0.628,10
0.16899999999999998,0.546,183227,0.851,0,0.0,0,0.334,-5.402,1,41,0.0367,144.007,0.7509999999999999,2
0.27,0.73,130173,0.804,0,5.45e-05,11,0.0699,-7.183,1,62,0.0636,137.899,0.897,1
0.994,0.784,30000,0.259,0,8.82e-05,4,0.246,-13.235,1,0,0.269,117.879,0.7879999999999999,9
0.632,0.442,347587,0.495,0,0.000385,8,0.37,-9.261,1,23,0.0441,110.778,0.16699999999999998,5
0.7709999999999999,0.483,200438,0.388,0,0.0,5,0.16899999999999998,-12.235,1,0,0.0406,62.354,0.46,8
0.146,0.522,204120,0.765,0,0.0,0,0.0866,-5.395,1,74,0.193,180.065,0.455,1
0.769,0.759,158240,0.218,0,0.0,11,0.103,-14.855,1,47,0.0479,92.893,0.615,1
0.429,0.62,222080,0.5589999999999999,0,0.000359,10,0.271,-11.058,0,33,0.0362,124.196,0.7490000000000001,4
0.00016,0.557,191453,0.989,1,3.75e-06,9,0.309,-3.053,0,48,0.13699999999999998,122.999,0.454,1
0.0608,0.688,292240,0.601,0,0.0,5,0.0611,-9.432,1,55,0.0384,127.662,0.56,2
0.0362,0.5479999999999999,345640,0.7979999999999999,0,0.807,5,0.0915,-7.28,1,47,0.045,173.028,0.079,3
0.655,0.542,219120,0.157,0,0.0,0,0.0559,-21.499,1,25,0.048,137.357,0.595,6
0.00132,0.787,242107,0.6709999999999999,1,0.0,1,0.0783,-5.308,0,54,0.0904,81.89699999999998,0.637,2
0.865,0.285,168800,0.0693,0,8.37e-05,5,0.111,-18.164,0,15,0.0369,89.666,0.046,7
0.467,0.6659999999999999,247440,0.468,1,0.0,0,0.25,-9.231,1,54,0.22,150.011,0.379,1
0.917,0.33,196600,0.16899999999999998,0,0.000171,10,0.401,-12.315,1,7,0.0301,130.02200000000002,0.245,7
0.5579999999999999,0.952,249427,0.705,1,2.33e-06,1,0.122,-7.777,0,45,0.32,128.957,0.589,2
0.421,0.581,170067,0.328,0,0.016,7,0.0538,-16.011,1,24,0.0285,93.185,0.448,5
0.0136,0.201,283787,0.855,0,0.000206,6,0.7,-11.133,0,33,0.14400000000000002,173.199,0.373,5
0.8109999999999999,0.3670000000000001,96592,0.561,0,0.838,0,0.17,-8.861,1,2,0.0441,132.11700000000002,0.504,7
0.354,0.617,245573,0.504,0,3.1e-06,9,0.0875,-6.702000000000001,1,44,0.0295,77.988,0.197,2
0.971,0.7709999999999999,204000,0.179,0,0.821,4,0.0685,-16.702,0,58,0.064,112.018,0.0374,1
0.257,0.723,344907,0.647,0,0.000285,7,0.0562,-10.483,1,57,0.0567,125.016,0.96,5
0.8859999999999999,0.711,141867,0.404,0,0.624,3,0.277,-9.391,1,4,0.0883,110.99,0.826,9
0.604,0.484,244853,0.473,0,4.42e-06,7,0.0564,-9.866,1,39,0.0248,73.968,0.414,3
0.0152,0.416,219373,0.875,0,0.00122,4,0.708,-8.38,1,40,0.0345,176.08700000000005,0.964,5
0.424,0.315,333933,0.333,0,0.0,5,0.0975,-11.733,0,31,0.0289,115.706,0.0923,4
0.916,0.602,203600,0.14400000000000002,0,5.479999999999999e-05,3,0.18,-12.767,1,1,0.0431,112.973,0.762,9
0.112,0.773,286373,0.624,0,0.0,9,0.0658,-5.034,0,50,0.0903,142.019,0.8220000000000001,2
0.0273,0.701,207640,0.88,0,0.000461,7,0.274,-10.262,1,43,0.0494,151.063,0.7759999999999999,3
0.887,0.414,220853,0.0358,0,0.000263,0,0.0816,-24.226,1,31,0.0382,103.293,0.241,4
0.0357,0.6990000000000001,279653,0.618,0,3.12e-05,2,0.331,-7.199,1,25,0.0548,132.248,0.499,5
0.976,0.574,213840,0.5329999999999999,0,0.807,9,0.194,-11.543,0,0,0.0765,104.579,0.785,9
0.506,0.6779999999999999,310321,0.626,0,0.0172,0,0.0365,-12.149,1,35,0.0398,90.315,0.885,4
0.0189,0.772,341867,0.5589999999999999,0,0.000736,0,0.0699,-6.684,1,23,0.0272,114.332,0.7559999999999999,4
0.0014199999999999998,0.5820000000000001,188733,0.86,0,0.775,9,0.0925,-10.048,1,37,0.038,133.878,0.45,4
0.037000000000000005,0.8,221623,0.586,0,0.0,0,0.07400000000000001,-7.3439999999999985,1,56,0.17600000000000002,104.002,0.7490000000000001,1
0.994,0.318,102585,0.0545,0,0.8009999999999999,0,0.0985,-22.833,1,1,0.034,86.13600000000002,0.0665,7
0.971,0.17,164853,0.00997,0,0.971,6,0.139,-38.058,0,0,0.0406,113.798,0.0397,8
0.00686,0.228,384040,0.7809999999999999,0,0.209,0,0.13,-14.178,1,29,0.108,159.625,0.228,5
0.862,0.6890000000000001,219867,0.684,0,0.000743,11,0.106,-11.794,1,0,0.028,104.012,0.835,9
0.162,0.736,208453,0.905,0,0.000252,5,0.12,-8.789,0,50,0.059,138.029,0.6829999999999999,4
0.995,0.524,192850,0.254,0,0.867,1,0.109,-11.781,1,0,0.348,60.994,0.649,8
0.659,0.397,391347,0.354,0,0.00339,7,0.151,-13.193,0,36,0.0286,146.341,0.29600000000000004,5
0.784,0.506,151067,0.258,0,0.0,7,0.0942,-11.822,1,43,0.0293,109.595,0.544,3
0.8590000000000001,0.635,264427,0.22,0,0.202,4,0.0775,-14.078,1,39,0.03,109.342,0.153,5
0.935,0.622,125884,0.5489999999999999,0,0.000208,10,0.103,-10.677,1,2,0.4370000000000001,184.02,0.951,8
0.8270000000000001,0.7020000000000001,185173,0.419,0,0.93,4,0.09,-11.964,0,42,0.043,149.945,0.13,2
0.823,0.502,164827,0.823,0,4.02e-06,9,0.306,-7.241,1,12,0.121,118.848,0.394,7
0.564,0.499,173680,0.8959999999999999,0,1.04e-06,4,0.07400000000000001,-5.064,1,10,0.105,186.182,0.82,7
0.987,0.231,426320,0.0676,0,0.0256,5,0.317,-17.313,1,0,0.0467,67.567,0.0397,7
0.74,0.871,160720,0.472,0,0.28600000000000003,4,0.145,-11.077,1,52,0.0756,124.04,0.7070000000000001,2
0.0167,0.735,260693,0.441,0,0.000816,0,0.0781,-15.281,1,29,0.0682,126.318,0.816,5
0.8290000000000001,0.5670000000000001,223387,0.916,0,0.000236,0,0.5,-5.949,1,25,0.0906,122.817,0.8690000000000001,6
0.961,0.364,192973,0.188,0,7.46e-05,5,0.5670000000000001,-12.637,1,0,0.04,102.761,0.195,10
0.242,0.7240000000000001,101900,0.16899999999999998,1,0.0,6,0.222,-16.752,1,0,0.942,114.769,0.8170000000000001,9
0.0455,0.677,270973,0.54,0,1.84e-06,7,0.845,-14.439,1,63,0.0627,95.116,0.469,3
0.0338,0.495,236973,0.618,0,5.39e-06,7,0.201,-12.505,1,43,0.0305,85.64,0.272,4
0.322,0.7140000000000001,156098,0.57,1,0.00755,1,0.168,-5.5070000000000014,1,14,0.229,123.038,0.17800000000000002,7
0.377,0.6809999999999999,140000,0.355,0,2.660000000000001e-05,11,0.102,-11.91,0,5,0.029,104.995,0.802,7
0.00271,0.908,237293,0.513,1,0.0,2,0.141,-5.318,1,46,0.0973,130.047,0.257,1
0.00366,0.56,418173,0.857,0,0.17600000000000002,9,0.225,-8.453,0,54,0.0324,110.544,0.938,4
0.464,0.552,314280,0.637,0,1.63e-05,5,0.136,-6.568,1,61,0.0445,97.97,0.333,1
0.000227,0.397,232307,0.942,0,0.24,1,0.14,-2.53,1,55,0.0869,158.99,0.35600000000000004,2
0.993,0.442,196000,0.121,0,0.888,6,0.116,-16.775,0,9,0.0419,63.835,0.114,7
0.00333,0.317,190133,0.843,0,0.0,11,0.304,-4.387,1,37,0.0737,139.905,0.723,2
0.986,0.455,184200,0.562,0,0.965,5,0.219,-9.453,0,0,0.0426,116.918,0.767,8
0.0123,0.579,329760,0.5329999999999999,0,0.0069700000000000005,4,0.0641,-12.592,0,38,0.0302,81.462,0.915,5
0.0029100000000000003,0.733,141373,0.721,0,0.8140000000000001,2,0.182,-12.948,1,45,0.0324,120.494,0.8370000000000001,4
0.464,0.73,228560,0.502,0,0.000212,2,0.151,-10.389,1,31,0.0364,119.941,0.785,4
0.993,0.503,174715,0.0892,0,0.0397,1,0.14400000000000002,-12.691,1,0,0.124,152.703,0.918,7
0.544,0.7070000000000001,241542,0.218,0,0.0,1,0.241,-18.886,0,0,0.946,127.828,0.287,9
0.158,0.609,183440,0.807,1,0.0106,9,0.0674,-4.718,0,48,0.282,96.076,0.815,2
0.967,0.438,156253,0.0169,0,0.00108,5,0.138,-24.366,0,38,0.0458,127.943,0.124,6
0.986,0.4920000000000001,145973,0.172,0,0.931,1,0.17,-17.253,1,2,0.0611,172.959,0.743,9
0.99,0.444,275240,0.0211,0,0.865,3,0.114,-32.808,1,14,0.0519,110.205,0.503,7
0.949,0.5529999999999999,198160,0.189,0,0.00943,10,0.104,-17.811,0,1,0.0469,109.138,0.395,8
0.993,0.35,254706,0.226,0,0.00742,9,0.0881,-10.947,1,0,0.0413,69.332,0.142,9
0.935,0.6,168813,0.234,0,0.0,10,0.185,-13.1,1,32,0.0667,113.45,0.369,4
0.79,0.583,147307,0.456,0,0.159,0,0.193,-11.245,0,10,0.0545,151.187,0.805,7
0.645,0.196,141933,0.318,0,0.0139,0,0.135,-11.854,1,11,0.0321,97.159,0.302,6
0.959,0.243,300515,0.364,0,0.449,0,0.443,-14.429,0,0,0.118,79.05199999999998,0.132,8
0.00199,0.5770000000000001,399800,0.726,0,0.0386,4,0.158,-8.011000000000001,0,55,0.0299,107.416,0.764,3
0.0868,0.285,253133,0.294,0,3.9e-05,2,0.104,-13.152,1,37,0.037000000000000005,206.128,0.264,4
0.994,0.7559999999999999,66325,0.177,0,0.94,5,0.149,-19.582,1,0,0.225,57.47,0.228,8
0.341,0.438,104067,0.484,0,0.0661,0,0.8290000000000001,-12.524,1,8,0.0301,32.466,0.905,6
0.00175,0.703,148840,0.845,0,0.907,4,0.0597,-5.091,1,52,0.0509,94.698,0.6859999999999999,2
0.248,0.494,240067,0.8109999999999999,0,2.08e-05,1,0.392,-6.435,1,28,0.0423,84.67,0.618,5
0.622,0.544,156187,0.318,0,0.0,7,0.371,-10.627,1,15,0.0286,137.559,0.573,6
0.959,0.271,383613,0.18,0,0.737,10,0.118,-18.606,1,5,0.0408,126.953,0.0718,7
0.7659999999999999,0.632,211067,0.769,0,5.05e-06,5,0.0595,-6.627000000000002,0,37,0.0701,101.927,0.848,7
0.442,0.557,127800,0.632,0,2.24e-05,7,0.833,-11.072,1,58,0.111,115.097,0.6920000000000001,6
0.991,0.762,204000,0.14300000000000002,0,0.385,1,0.117,-15.597,1,0,0.204,119.816,0.7020000000000001,9
0.3720000000000001,0.649,202193,0.5379999999999999,1,0.00632,7,0.0951,-11.196,0,76,0.0519,144.97899999999996,0.496,1
0.38,0.555,245560,0.23,0,1.09e-05,6,0.0953,-17.456,1,32,0.0305,97.844,0.398,4
0.546,0.5529999999999999,143973,0.197,0,0.0,4,0.4270000000000001,-13.662,1,23,0.0318,71.634,0.542,7
0.977,0.532,214933,0.0721,0,0.787,7,0.0862,-18.523,0,38,0.0595,77.742,0.25,3
0.112,0.303,182040,0.922,0,0.393,5,0.0642,-12.113,1,26,0.0485,142.71200000000005,0.14,4
0.384,0.565,328160,0.339,0,0.573,9,0.0888,-14.886,1,26,0.0392,115.636,0.731,5
0.000145,0.464,223766,0.965,1,0.0,11,0.245,-4.578,1,54,0.125,148.043,0.389,1
0.0286,0.672,350400,0.6659999999999999,0,5.81e-05,11,0.8640000000000001,-8.341000000000001,0,40,0.0669,135.275,0.5479999999999999,5
0.99,0.49,186360,0.304,0,0.0,5,0.213,-12.028,1,19,0.127,195.707,0.652,10
0.00144,0.504,176280,0.7909999999999999,0,3.67e-05,4,0.332,-6.731,1,38,0.0505,123.578,0.595,3
0.0256,0.7240000000000001,113100,0.265,1,0.0,1,0.419,-13.185,1,0,0.945,122.979,0.55,10
0.3670000000000001,0.6809999999999999,231427,0.569,0,0.0,0,0.0929,-5.5779999999999985,1,57,0.0238,104.023,0.763,1
0.552,0.282,220186,0.381,0,0.016,2,0.172,-12.008,1,0,0.0285,98.395,0.125,8
0.758,0.601,195173,0.368,0,6.409999999999999e-05,1,0.101,-12.572,1,36,0.0338,122.085,0.236,5
0.221,0.802,237640,0.725,0,0.0019,2,0.0562,-6.544,0,34,0.0289,118.214,0.962,4
0.00092,0.361,259333,0.7509999999999999,0,0.00319,9,0.205,-6.053,1,37,0.0265,143.299,0.335,3
0.141,0.624,184160,0.915,0,0.0,5,0.386,-2.627,0,57,0.0364,108.046,0.815,2
0.7490000000000001,0.7040000000000001,203778,0.534,0,1.17e-05,10,0.343,-5.83,1,47,0.0419,123.013,0.968,3
0.0481,0.782,252973,0.333,0,0.0,11,0.102,-12.283,0,47,0.115,84.99,0.32,1
0.00361,0.542,204187,0.96,0,0.7959999999999999,9,0.109,-10.239,0,37,0.0446,136.403,0.5920000000000001,4
0.0901,0.693,278800,0.88,1,0.0,11,0.211,-3.228,0,41,0.0661,88.088,0.397,2
0.994,0.569,179573,0.0991,0,0.7170000000000001,2,0.128,-13.946,1,0,0.101,125.484,0.539,8
0.944,0.67,211017,0.374,0,0.00148,7,0.0879,-8.524,1,0,0.0617,123.958,0.956,8
0.5589999999999999,0.664,284160,0.465,0,0.0017399999999999998,8,0.125,-9.711,0,57,0.0317,127.932,0.281,2
0.0119,0.34700000000000003,398333,0.508,0,0.0,10,0.595,-7.555,1,67,0.0297,171.827,0.159,1
0.175,0.7609999999999999,263227,0.627,0,0.0,1,0.128,-5.5539999999999985,1,58,0.0538,109.821,0.8909999999999999,2
0.991,0.408,65093,0.00121,0,0.962,3,0.0765,-34.423,0,1,0.0651,81.092,0.16399999999999998,7
0.97,0.369,346960,0.127,0,0.158,5,0.0675,-20.675,1,0,0.0494,85.585,0.123,8
0.0706,0.657,312040,0.369,0,0.0,7,0.494,-13.153,0,53,0.037000000000000005,129.965,0.619,3
0.311,0.807,199092,0.464,0,0.0,7,0.0473,-14.213,1,28,0.0404,114.764,0.969,4
0.128,0.838,225760,0.647,0,0.00128,0,0.172,-5.584,1,44,0.0427,77.119,0.374,2
0.266,0.69,95570,0.119,1,3.31e-06,0,0.159,-19.557,0,0,0.914,103.427,0.542,8
0.984,0.446,291040,0.125,0,4.870000000000001e-05,7,0.08,-13.573,0,37,0.0406,83.62100000000002,0.13699999999999998,5
0.0073700000000000015,0.487,166693,0.871,0,0.00352,4,0.508,-10.67,1,40,0.0476,142.535,0.835,4
0.0341,0.404,170760,0.322,0,2.31e-05,1,0.123,-10.904000000000002,1,54,0.0582,82.2,0.7759999999999999,3
0.748,0.428,183560,0.239,0,0.000176,4,0.206,-14.238,1,27,0.0317,98.917,0.446,5
0.461,0.748,196640,0.532,0,8.52e-05,1,0.0757,-9.103,0,32,0.0286,102.048,0.477,5
0.644,0.5920000000000001,181653,0.294,0,0.0,9,0.461,-13.3,1,12,0.112,125.086,0.5529999999999999,7
0.604,0.616,274493,0.34600000000000003,0,0.00232,10,0.0914,-10.438,1,57,0.0304,143.351,0.344,3
0.0301,0.847,169800,0.48,0,0.0,10,0.116,-7.252000000000002,0,35,0.251,93.511,0.872,3
0.00687,0.579,187853,0.904,0,0.0,10,0.0649,-4.45,0,63,0.15,175.31599999999997,0.713,1
0.0123,0.71,351053,0.706,0,0.0236,5,0.124,-5.192,1,48,0.13699999999999998,128.023,0.17800000000000002,1
0.911,0.368,176067,0.203,0,0.0,0,0.0696,-7.608,1,1,0.0309,83.50399999999998,0.303,8
0.916,0.297,660013,0.198,0,0.189,4,0.189,-17.706,0,0,0.0391,108.9,0.229,7
0.0546,0.615,209957,0.55,0,0.191,11,0.747,-13.858,0,61,0.0349,95.485,0.5489999999999999,5
0.725,0.652,322573,0.762,0,0.0,0,0.449,-7.075,1,23,0.11,115.667,0.7090000000000001,6
0.954,0.0785,68573,0.0822,0,0.857,8,0.11,-27.857,0,45,0.0337,179.91299999999995,0.218,2
0.965,0.16699999999999998,188631,0.163,0,0.928,3,0.105,-15.896,1,0,0.0445,73.344,0.126,10
0.62,0.7240000000000001,128280,0.289,0,0.8190000000000001,10,0.116,-21.862,0,38,0.0622,139.786,0.852,5
0.5479999999999999,0.502,135093,0.557,0,2.64e-06,5,0.132,-7.631,0,26,0.0411,112.805,0.711,5
0.993,0.436,151827,0.016,0,0.75,4,0.106,-34.731,1,0,0.0523,110.831,0.28600000000000003,8
0.934,0.276,199388,0.203,0,4.69e-06,7,0.165,-11.163,1,22,0.0299,109.691,0.112,7
0.129,0.65,203000,0.255,0,0.0,4,0.11,-20.372,1,30,0.0569,85.2,0.435,4
0.659,0.371,198867,0.184,0,0.0,0,0.0636,-12.785,0,26,0.0443,178.99599999999995,0.736,7
0.916,0.695,138653,0.276,0,0.000638,11,0.122,-14.49,1,16,0.0349,123.205,0.782,6
0.8690000000000001,0.537,144360,0.331,0,7.09e-05,5,0.105,-11.453,1,36,0.0272,103.624,0.63,6
0.231,0.649,261533,0.429,0,0.0,2,0.16399999999999998,-7.43,1,48,0.0239,92.011,0.243,3
0.00329,0.4920000000000001,287160,0.534,0,0.0032600000000000003,2,0.14,-13.909,1,31,0.0401,90.715,0.8170000000000001,5
0.969,0.398,360480,0.0488,0,0.159,9,0.284,-16.61,1,0,0.0535,72.878,0.315,8
0.949,0.0707,254187,0.16899999999999998,0,0.578,8,0.11,-18.874,1,0,0.0415,74.844,0.07200000000000001,9
0.848,0.619,183453,0.379,0,0.0,5,0.198,-8.584,1,8,0.0613,122.28,0.614,7
0.0019,0.199,76173,0.97,0,0.00158,11,0.0869,-6.4579999999999975,1,46,0.0832,189.679,0.778,4
0.212,0.782,150933,0.544,0,0.106,4,0.179,-5.448,1,51,0.0306,90.562,0.753,2
0.0174,0.735,332627,0.797,1,0.0,11,0.62,-4.6110000000000015,0,46,0.285,170.44400000000005,0.731,3
0.901,0.5,137694,0.249,0,0.0,0,0.13,-9.203,1,7,0.0392,114.595,0.7609999999999999,9
0.13,0.399,219427,0.86,0,0.000713,5,0.239,-5.9620000000000015,1,30,0.0661,124.956,0.716,5
0.477,0.5920000000000001,226227,0.39,0,0.0,9,0.12,-10.642,1,51,0.027000000000000003,146.039,0.14300000000000002,3
4.870000000000001e-05,0.5539999999999999,363067,0.7040000000000001,0,0.00996,4,0.183,-13.835,0,26,0.0365,123.99,0.501,5
6.28e-05,0.319,441467,0.952,0,0.154,4,0.918,-5.315,0,44,0.0723,109.275,0.228,4
0.0521,0.747,200240,0.758,1,0.0,0,0.214,-4.743,0,56,0.179,102.02,0.601,1
0.000339,0.499,139360,0.979,0,0.000504,0,0.519,-7.425,1,24,0.0904,131.122,0.507,5
0.0073599999999999985,0.381,288133,0.812,0,0.324,9,0.184,-13.64,1,25,0.0653,126.074,0.732,5
0.958,0.4970000000000001,263827,0.0693,0,0.00028700000000000004,7,0.365,-21.924,1,0,0.111,91.245,0.209,7
0.488,0.74,123800,0.49,0,0.0,2,0.103,-9.095,1,46,0.038,123.227,0.6779999999999999,6
0.769,0.6829999999999999,154560,0.243,0,0.0,7,0.399,-11.124,0,6,0.0494,151.66,0.826,8
0.00045,0.451,292000,0.89,0,0.16699999999999998,9,0.495,-12.737,1,52,0.0435,169.93400000000003,0.412,4
0.861,0.362,231867,0.183,0,0.000234,3,0.0932,-16.0,0,61,0.0347,136.64600000000002,0.2,3
0.33,0.654,227840,0.862,0,0.00306,11,0.961,-7.61,1,25,0.363,124.184,0.6809999999999999,5
0.0557,0.483,320032,0.617,0,0.691,0,0.14300000000000002,-10.488,1,30,0.0349,118.105,0.185,6
0.0498,0.897,167172,0.574,1,6.38e-06,8,0.122,-8.017000000000001,1,61,0.406,150.085,0.769,0
0.916,0.4970000000000001,167907,0.0532,0,3.3e-06,9,0.117,-19.092,0,16,0.0412,72.40899999999998,0.128,7
0.977,0.875,202667,0.284,0,0.929,0,0.0889,-20.942,0,43,0.0559,89.509,0.934,5
0.13,0.867,251427,0.857,0,0.00171,9,0.13,-5.892,1,50,0.0663,130.048,0.402,1
0.411,0.419,249267,0.586,0,0.0573,7,0.203,-9.512,1,41,0.0303,88.243,0.33,3
0.561,0.517,244360,0.335,0,0.0,4,0.0876,-13.104,1,63,0.0324,138.096,0.163,4
0.742,0.662,181747,0.446,0,0.084,4,0.099,-15.282,1,32,0.0304,130.744,0.8859999999999999,5
0.101,0.71,246987,0.747,0,1.66e-05,2,0.055,-10.826,1,0,0.0903,104.05,0.765,9
0.725,0.682,216813,0.343,0,0.0,4,0.147,-12.811,1,22,0.0552,116.754,0.67,6
0.99,0.339,75093,0.0968,0,0.922,2,0.122,-24.41,1,21,0.0418,95.123,0.7829999999999999,7
0.936,0.515,244533,0.401,0,0.0,5,0.447,-13.588,1,10,0.213,165.176,0.623,7
0.0587,0.375,254200,0.321,0,0.0006309999999999999,7,0.101,-15.105,1,30,0.0305,142.52200000000005,0.406,3
8.1e-05,0.7020000000000001,223227,0.8390000000000001,0,0.0,7,0.07200000000000001,-3.992,1,52,0.0439,132.007,0.856,2
0.769,0.44,543573,0.34,0,0.000646,4,0.0758,-12.767,0,28,0.0296,129.655,0.125,6
0.903,0.722,103160,0.206,0,0.00689,0,0.096,-13.716,1,2,0.228,121.368,0.901,7
0.7759999999999999,0.428,195360,0.665,0,0.0521,11,0.28,-3.948,1,0,0.0392,107.753,0.672,9
0.956,0.425,192840,0.383,0,0.92,5,0.66,-17.887999999999995,0,0,0.0433,109.053,0.239,8
0.127,0.695,244400,0.584,1,0.0,1,0.101,-8.561,1,43,0.0999,89.98899999999998,0.385,2
0.773,0.449,133267,0.248,0,0.000266,6,0.12,-13.804,1,11,0.0373,124.308,0.456,6
0.206,0.925,214227,0.659,1,7.879999999999999e-05,3,0.279,-4.763,1,69,0.231,97.018,0.71,2
0.000156,0.338,199613,0.979,0,0.00199,8,0.13699999999999998,-4.623,0,37,0.0902,105.259,0.0808,4
0.0518,0.799,403480,0.721,0,0.006999999999999999,0,0.0637,-10.667,1,25,0.116,149.501,0.962,5
0.232,0.866,217080,0.7709999999999999,1,0.0,0,0.182,-4.032,1,44,0.0385,97.656,0.7190000000000001,2
0.713,0.682,149707,0.39,0,1.17e-05,9,0.195,-12.64,1,7,0.037000000000000005,110.582,0.951,7
0.221,0.61,260747,0.5670000000000001,0,9.47e-05,9,0.17600000000000002,-7.934,0,42,0.128,144.342,0.6779999999999999,5
0.995,0.43,138587,0.168,0,0.928,7,0.246,-19.558,1,0,0.0622,58.863,0.4370000000000001,10
0.883,0.371,206133,0.0711,0,2.49e-05,1,0.335,-19.32,1,24,0.0321,66.967,0.34600000000000003,6
0.000519,0.455,255600,0.966,1,0.0022600000000000003,2,0.108,-8.551,1,44,0.0984,176.063,0.343,3
0.695,0.414,167693,0.397,0,0.0134,9,0.8,-12.625,1,30,0.0531,125.298,0.331,4
0.608,0.6459999999999999,136733,0.251,0,9.45e-06,5,0.0745,-13.601,1,16,0.0273,97.04,0.647,7
0.833,0.321,191107,0.0631,0,0.83,6,0.141,-21.616,0,52,0.0351,135.605,0.264,6
0.882,0.429,221493,0.254,0,9.67e-05,10,0.0977,-16.244,1,26,0.0335,154.173,0.484,7
0.166,0.529,148760,0.608,1,0.0185,7,0.109,-7.809,1,58,0.0811,125.017,0.616,1
0.8109999999999999,0.602,139427,0.35600000000000004,0,0.0,5,0.0886,-9.755,1,0,0.043,121.973,0.795,7
0.214,0.519,211224,0.828,0,0.0,5,0.0571,-5.523,1,66,0.365,139.41299999999998,0.929,1
0.935,0.672,215373,0.591,0,1.6e-05,8,0.0596,-5.2010000000000005,1,5,0.0309,114.213,0.823,7
0.944,0.445,204240,0.191,0,0.00171,8,0.0877,-14.175,0,1,0.0787,167.644,0.7020000000000001,8
0.0141,0.862,315069,0.7659999999999999,1,0.0,8,0.273,-8.158999999999999,0,61,0.262,98.6,0.8540000000000001,1
0.00757,0.8740000000000001,281267,0.7979999999999999,1,0.0,11,0.0812,-6.976,0,39,0.0503,123.733,0.332,2
0.992,0.479,244738,0.13699999999999998,0,0.606,3,0.5479999999999999,-18.784,0,13,0.0722,74.605,0.215,7
0.307,0.612,174293,0.5720000000000001,0,0.0658,4,0.129,-12.522,1,0,0.294,89.041,0.777,9
0.6709999999999999,0.534,188684,0.205,0,0.0102,6,0.193,-14.814,1,2,0.0717,70.221,0.415,7
0.008740000000000001,0.88,141088,0.556,1,0.0,9,0.217,-6.544,1,74,0.333,135.012,0.422,1
0.987,0.7290000000000001,138733,0.275,0,0.00363,0,0.108,-10.566,1,4,0.15,89.65700000000002,0.759,9
0.00374,0.611,286547,0.916,0,0.00148,10,0.463,-7.604,0,47,0.132,120.005,0.6759999999999999,3
0.00288,0.481,280827,0.861,0,0.485,1,0.912,-9.719,1,44,0.0379,103.154,0.833,2
0.995,0.884,167921,0.056,0,0.5670000000000001,10,0.121,-12.246,0,0,0.438,106.596,0.777,8
0.903,0.563,291240,0.19,0,0.00156,0,0.146,-18.876,0,47,0.0356,112.635,0.382,5
0.306,0.466,224707,0.982,0,0.479,4,0.4370000000000001,-3.364,1,42,0.0596,170.87,0.659,5
0.198,0.723,214267,0.715,1,0.0,8,0.35100000000000003,-6.523,1,40,0.0859,130.048,0.624,2
0.843,0.449,235387,0.287,0,0.825,5,0.14400000000000002,-11.359000000000002,1,42,0.0324,194.64,0.122,6
0.0492,0.8320000000000001,185427,0.508,0,5.39e-05,6,0.107,-6.9129999999999985,0,71,0.149,109.352,0.75,0
0.996,0.529,271334,0.466,0,0.949,1,0.217,-6.775,1,0,0.052000000000000005,132.787,0.597,8
0.95,0.0791,239453,0.037000000000000005,0,0.0513,11,0.058,-29.518,0,0,0.0381,80.89699999999998,0.105,8
0.14,0.721,213973,0.57,0,0.000201,2,0.0628,-11.466,1,56,0.0416,122.445,0.713,4
0.18600000000000005,0.588,100533,0.855,0,0.868,1,0.0653,-7.0939999999999985,1,21,0.177,132.131,0.857,5
0.0517,0.578,264453,0.7340000000000001,0,0.233,4,0.165,-6.09,1,32,0.0304,104.851,0.373,5
0.943,0.439,195652,0.306,0,0.0,7,0.0948,-10.67,1,30,0.0389,75.192,0.214,4
0.5660000000000001,0.5920000000000001,141840,0.33,0,0.0,8,0.217,-13.945,0,31,0.0669,119.49,0.746,6
0.289,0.667,246440,0.394,0,0.13699999999999998,8,0.168,-14.672,1,34,0.0291,93.133,0.731,4
0.00195,0.281,137587,0.975,0,0.0565,11,0.748,-6.275,0,29,0.387,174.355,0.166,4
0.983,0.319,388067,0.0573,0,0.12,9,0.116,-20.003,1,0,0.0404,129.9,0.38,9
0.995,0.358,327440,0.0104,0,0.925,9,0.084,-31.366,1,19,0.0363,99.695,0.105,6
0.722,0.508,480707,0.264,0,0.000201,0,0.26,-15.75,1,35,0.0883,111.213,0.5429999999999999,5
0.977,0.331,259653,0.123,0,0.877,0,0.0829,-29.88300000000001,1,17,0.0458,95.039,0.868,7
0.00136,0.247,299320,0.784,0,0.0363,9,0.5579999999999999,-7.452000000000001,1,54,0.0514,127.001,0.34600000000000003,4
0.391,0.228,252907,0.517,0,0.0,7,0.29,-9.167,0,58,0.0401,109.83,0.204,2
0.307,0.596,210720,0.51,0,2.95e-05,6,0.326,-10.309,0,30,0.0285,86.29799999999999,0.545,6
0.0501,0.624,285867,0.368,0,0.000544,11,0.0793,-11.063,0,29,0.031,99.816,0.613,4
0.7240000000000001,0.597,254267,0.478,0,6.47e-06,7,0.276,-10.25,0,12,0.104,119.981,0.767,7
0.434,0.774,272147,0.782,1,0.0,1,0.0705,-2.763,0,44,0.28300000000000003,88.02,0.815,2
0.971,0.639,163907,0.211,0,8.96e-05,0,0.0649,-12.201,1,3,0.0785,145.481,0.623,9
0.285,0.5589999999999999,342360,0.818,0,0.00144,0,0.0735,-6.899,0,39,0.0514,121.523,0.765,5
0.219,0.444,199813,0.7340000000000001,0,0.000303,0,0.335,-9.825,1,31,0.17,110.629,0.335,6
0.165,0.7,130120,0.46,0,7.22e-06,2,0.107,-8.75,0,42,0.18600000000000005,72.682,0.684,2
0.985,0.416,277280,0.754,0,0.187,1,0.973,-11.725,1,14,0.5660000000000001,129.25799999999998,0.238,6
0.971,0.701,62840,0.0749,0,0.8859999999999999,7,0.0744,-22.967,0,22,0.0906,82.75200000000002,0.529,6
0.994,0.528,190253,0.7020000000000001,0,0.0729,5,0.586,-6.555,1,0,0.0432,106.227,0.8490000000000001,9
0.263,0.518,349493,0.568,0,0.000153,11,0.116,-8.507,1,50,0.0491,116.973,0.511,1
0.15,0.7070000000000001,230883,0.4320000000000001,0,0.007640000000000002,7,0.0894,-9.748,0,51,0.0324,129.116,0.233,1
0.975,0.47,212000,0.269,0,0.8059999999999999,7,0.201,-22.099,1,0,0.192,175.77700000000004,0.754,7
0.0784,0.773,217173,0.684,0,0.0,0,0.0868,-6.763,1,56,0.067,89.992,0.484,1
0.992,0.46,179446,0.00822,0,0.904,3,0.217,-20.326,1,31,0.0673,111.728,0.319,3
0.845,0.384,150067,0.307,0,0.85,5,0.0913,-14.132,1,17,0.0341,119.553,0.444,7
0.763,0.6940000000000001,931996,0.219,0,0.0,10,0.331,-18.763,0,0,0.962,103.12,0.494,9
0.00499,0.46,311773,0.8590000000000001,0,0.000172,6,0.448,-7.2029999999999985,0,37,0.0546,120.165,0.198,4
0.7659999999999999,0.305,213303,0.358,0,0.0,4,0.0992,-7.395,1,58,0.0378,72.331,0.259,1
0.00194,0.597,356360,0.8059999999999999,0,0.444,0,0.0843,-7.735,0,41,0.0378,92.211,0.209,4
0.122,0.7859999999999999,163880,0.764,0,0.0,11,0.102,-2.935,1,71,0.0798,90.979,0.913,1
0.7709999999999999,0.264,355400,0.136,0,0.573,9,0.116,-17.499000000000002,0,34,0.0383,188.197,0.0733,5
0.99,0.838,159493,0.292,0,0.7090000000000001,10,0.0766,-8.865,1,0,0.0961,122.285,0.921,10
0.223,0.491,342400,0.605,0,0.014,9,0.0551,-8.285,0,39,0.0404,177.53,0.457,5
0.214,0.866,151080,0.6829999999999999,0,0.114,7,0.107,-7.897,1,41,0.232,81.384,0.957,5
0.119,0.436,154960,0.434,0,2.95e-06,11,0.183,-7.965,1,47,0.031,88.87200000000001,0.121,6
0.00322,0.438,218493,0.684,0,0.609,11,0.0661,-11.957,0,33,0.0477,119.708,0.414,4
0.988,0.349,153440,0.117,0,0.0528,2,0.914,-13.894,1,8,0.0363,90.229,0.172,8
0.8590000000000001,0.187,198933,0.195,0,0.0,7,0.477,-13.907,1,8,0.0359,175.692,0.163,7
0.892,0.617,136240,0.403,0,0.112,0,0.14,-9.956,1,15,0.0294,120.254,0.579,6
0.915,0.3,168627,0.225,0,0.0,4,0.159,-11.079,1,51,0.0264,87.698,0.294,2
0.181,0.557,289493,0.647,0,0.000997,2,0.246,-8.042,1,38,0.0488,130.687,0.718,5
0.992,0.434,194307,0.123,0,8.11e-06,7,0.168,-18.833,1,8,0.0511,183.16,0.377,8
0.404,0.66,293933,0.564,0,0.000106,9,0.0557,-8.683,1,47,0.0302,77.092,0.623,5
0.00515,0.8079999999999999,231653,0.716,1,1.7899999999999998e-05,4,0.182,-3.774,0,59,0.0338,90.009,0.35200000000000004,3
0.954,0.715,71160,0.0607,0,0.0,7,0.142,-18.41,0,0,0.91,119.447,0.304,7
0.153,0.353,242227,0.532,0,0.0,6,0.124,-5.318,1,50,0.0306,149.71,0.282,2
0.991,0.417,178133,0.119,0,1.55e-05,1,0.129,-16.433,1,0,0.0476,123.689,0.136,7
0.0132,0.775,170293,0.7559999999999999,0,0.000302,1,0.0775,-3.2310000000000003,1,46,0.0476,119.004,0.831,2
0.7909999999999999,0.596,159000,0.287,0,4.44e-05,7,0.0865,-12.618,1,44,0.0335,115.209,0.349,1
0.0948,0.843,233000,0.5489999999999999,0,0.0,6,0.155,-8.017999999999999,0,1,0.16399999999999998,83.98200000000001,0.542,0
0.562,0.787,284143,0.757,0,0.0,5,0.12,-6.459,1,54,0.0606,140.013,0.765,1
0.0616,0.6509999999999999,122000,0.122,1,0.0,0,0.385,-17.666,1,0,0.962,88.145,0.747,8
0.00223,0.563,242693,0.87,0,0.0417,9,0.263,-8.493,1,41,0.0957,170.761,0.664,3
0.000363,0.584,286893,0.957,0,0.00396,0,0.161,-4.952,1,49,0.0589,103.242,0.44,2
0.339,0.757,126600,0.435,0,0.396,8,0.0997,-10.139,0,47,0.032,135.639,0.942,2
0.764,0.732,195627,0.895,0,0.4320000000000001,5,0.258,-6.627000000000002,1,1,0.0355,103.037,0.905,8
0.986,0.506,174411,0.438,0,0.000997,5,0.223,-8.652000000000001,1,33,0.0414,192.652,0.968,3
0.815,0.635,165520,0.828,0,0.08,5,0.108,-4.953,1,17,0.0581,125.946,0.785,7
0.973,0.289,187213,0.0878,0,0.0206,4,0.435,-23.618,0,1,0.092,72.13,0.495,7
0.84,0.32299999999999995,228533,0.339,0,0.000123,3,0.326,-11.011,1,16,0.0304,82.635,0.469,7
0.476,0.652,149667,0.281,0,0.0688,3,0.0979,-16.528,1,6,0.0319,133.825,0.705,7
0.628,0.574,257253,0.215,0,0.0,5,0.19,-15.922,0,32,0.132,61.909,0.464,7
0.75,0.784,136765,0.236,0,1.59e-05,7,0.134,-17.429000000000002,1,1,0.928,92.221,0.146,7
0.903,0.601,242760,0.815,1,0.0,4,0.647,-9.554,1,42,0.912,88.694,0.517,1
0.00424,0.778,401622,0.7090000000000001,0,0.00273,5,0.748,-7.752000000000002,1,47,0.0532,128.01,0.337,1
0.995,0.466,175613,0.21600000000000005,0,0.916,1,0.108,-13.503,0,0,0.0321,108.379,0.488,8
0.162,0.574,195240,0.825,0,0.0,2,0.1,-6.4670000000000005,1,42,0.0518,108.532,0.65,2
0.112,0.6579999999999999,95600,0.177,1,0.000642,0,0.162,-21.595,1,0,0.919,152.969,0.413,8
0.989,0.442,212293,0.079,0,0.879,10,0.0838,-26.417,1,13,0.0515,132.339,0.579,7
0.0367,0.741,248240,0.4370000000000001,0,0.00184,3,0.0496,-8.19,0,40,0.0314,129.89600000000002,0.5329999999999999,2
0.237,0.778,299587,0.483,0,0.00123,8,0.0985,-11.529000000000002,0,44,0.0866,145.838,0.767,2
0.5660000000000001,0.8029999999999999,332493,0.703,0,0.00066,7,0.0711,-7.58,1,48,0.0365,99.426,0.875,3
0.133,0.779,167333,0.446,0,0.0089,4,0.0662,-13.598,0,36,0.258,168.024,0.92,4
0.16399999999999998,0.595,218360,0.546,0,1.54e-06,1,0.0784,-12.951,1,41,0.0284,167.06400000000005,0.879,4
0.979,0.5670000000000001,215441,0.229,0,3.28e-06,5,0.24,-7.925,0,0,0.0447,68.32300000000001,0.35700000000000004,8
0.882,0.43,63680,0.652,0,0.0,1,0.959,-16.471,1,24,0.922,172.31,0.177,6
0.966,0.632,179960,0.315,0,0.9,3,0.0772,-15.775,1,9,0.0471,117.708,0.634,7
0.92,0.274,195493,0.14400000000000002,0,0.000388,5,0.29,-14.515999999999998,1,66,0.0482,61.551,0.302,2
0.000926,0.158,223933,0.5720000000000001,0,0.893,7,0.14400000000000002,-6.2929999999999975,0,55,0.0346,79.176,0.34700000000000003,3
0.982,0.412,191053,0.0721,0,0.409,0,0.109,-19.346,1,0,0.0358,119.154,0.0466,8
0.0142,0.765,149629,0.885,0,0.0,0,0.0664,-6.5539999999999985,1,38,0.123,156.178,0.949,2
0.591,0.467,226827,0.412,0,0.888,3,0.459,-15.808,1,30,0.0259,92.021,0.962,5
0.472,0.716,239507,0.57,0,0.0,7,0.391,-8.734,1,33,0.0275,100.939,0.911,3
0.82,0.309,148244,0.436,0,4.320000000000001e-05,0,0.278,-8.512,0,1,0.0298,133.974,0.7340000000000001,7
0.495,0.546,350267,0.344,0,8.57e-06,8,0.114,-15.479,1,27,0.0597,106.528,0.552,6
0.322,0.7390000000000001,303267,0.44,0,0.00957,7,0.182,-9.582,0,41,0.24,171.118,0.893,3
0.000224,0.443,347867,0.765,0,0.0447,8,0.111,-4.104,1,43,0.0301,139.138,0.179,2
0.917,0.591,159773,0.125,0,0.344,0,0.0956,-14.429,1,45,0.0469,83.624,0.403,3
0.0512,0.784,309013,0.7809999999999999,0,0.00255,6,0.263,-6.694,0,44,0.0856,119.898,0.69,4
0.118,0.628,249288,0.629,1,0.0,6,0.102,-4.829,0,69,0.0485,157.99,0.3,1
0.0063,0.623,193507,0.691,0,0.0,0,0.0751,-3.744,1,46,0.0261,114.06,0.488,2
0.218,0.43,352413,0.551,0,2.18e-06,7,0.312,-6.638,1,25,0.0372,111.513,0.365,5
0.508,0.473,165627,0.444,0,0.0,9,0.115,-12.459,0,39,0.0396,88.46700000000001,0.634,5
0.0176,0.42,164973,0.823,0,0.0,8,0.0782,-6.715,1,37,0.0659,128.446,0.503,3
0.526,0.506,523507,0.369,0,0.00506,4,0.965,-12.55,1,22,0.0573,76.596,0.34,5
0.00177,0.561,365351,0.897,0,0.000211,7,0.117,-5.901,1,41,0.0671,124.555,0.304,3
0.996,0.448,37507,0.114,0,0.903,0,0.157,-18.594,0,18,0.0647,65.52600000000001,0.574,7
0.865,0.602,125973,0.298,0,0.00971,5,0.12,-15.844,1,18,0.0423,101.622,0.737,6
0.8220000000000001,0.512,139667,0.301,0,0.0237,1,0.107,-11.755,1,43,0.035,80.955,0.181,3
0.354,0.64,143973,0.282,0,0.000183,0,0.0649,-17.362000000000002,1,21,0.0416,134.24200000000002,0.474,4
0.213,0.84,190345,0.8109999999999999,1,0.0,11,0.258,-3.2430000000000003,0,67,0.0498,145.025,0.71,1
0.254,0.674,213907,0.451,0,2.67e-05,7,0.109,-12.637,1,47,0.0303,120.455,0.722,3
0.495,0.5329999999999999,209573,0.00984,0,0.0137,0,0.134,-29.591,1,33,0.034,147.42,0.207,4
0.0915,0.731,259573,0.6859999999999999,1,0.0,11,0.415,-5.002,0,53,0.33,75.54,0.29,2
0.0134,0.624,141733,0.218,1,0.0,8,0.21,-21.112,1,0,0.95,78.33,0.738,10
0.901,0.65,181080,0.4320000000000001,0,5.92e-06,5,0.104,-11.524,1,12,0.0577,84.766,0.846,6
0.85,0.505,197333,0.403,0,0.0,8,0.6609999999999999,-12.125,1,15,0.129,93.871,0.382,6
0.8290000000000001,0.421,196133,0.285,0,1.55e-06,2,0.233,-9.43,0,65,0.0293,85.861,0.402,6
0.268,0.353,217760,0.916,0,0.227,9,0.45,-6.819,1,23,0.0586,137.83,0.6990000000000001,5
0.995,0.5579999999999999,194093,0.273,0,0.8759999999999999,0,0.306,-16.84,1,0,0.0821,125.546,0.7090000000000001,8
0.507,0.463,230893,0.489,0,0.0,2,0.165,-7.968,1,61,0.0288,140.034,0.249,2
0.256,0.574,128000,0.389,0,0.00072,2,0.16,-9.786,1,55,0.0295,133.661,0.905,5
0.943,0.649,168840,0.202,0,0.0,3,0.117,-16.726,1,24,0.052000000000000005,122.243,0.6,6
0.426,0.742,272533,0.758,0,0.0008119999999999999,5,0.053,-12.854,0,28,0.0549,134.155,0.966,4
0.584,0.534,216933,0.4920000000000001,0,1.12e-06,4,0.185,-8.905,1,51,0.0261,82.465,0.328,2
0.369,0.536,286893,0.523,0,0.000525,8,0.227,-8.885,1,61,0.0306,140.059,0.236,3
0.728,0.465,331720,0.438,0,7.85e-06,0,0.0909,-7.525,1,36,0.0259,92.849,0.174,5
4.53e-05,0.331,217133,0.478,0,0.000245,2,0.11,-11.748,1,32,0.038,112.603,0.317,4
0.603,0.385,127040,0.488,0,0.00662,5,0.446,-9.946,1,33,0.03,150.328,0.721,6
0.146,0.565,229440,0.867,0,0.00128,4,0.345,-10.133,0,40,0.0344,118.818,0.884,4
0.259,0.504,216333,0.226,0,0.0,8,0.113,-18.574,1,56,0.0277,95.793,0.248,3
0.995,0.467,174867,0.0089,0,0.944,5,0.0742,-37.56,1,39,0.056,113.843,0.373,6
0.16,0.6779999999999999,162206,0.623,1,0.0,1,0.151,-5.034,1,65,0.0828,160.018,0.103,1
0.932,0.504,255467,0.421,0,0.93,10,0.868,-11.936,0,6,0.0376,101.866,0.34,7
0.000278,0.652,218467,0.599,0,0.0,11,0.0573,-6.158,1,47,0.103,168.03,0.584,2
0.0141,0.623,185787,0.938,0,0.0,4,0.195,-2.81,1,49,0.105,163.929,0.918,1
0.272,0.5489999999999999,151680,0.599,0,1.11e-06,4,0.147,-6.7860000000000005,0,42,0.0454,124.22,0.835,2
0.131,0.685,120027,0.762,0,0.821,9,0.0897,-12.332,1,8,0.0311,105.406,0.825,6
0.0603,0.7240000000000001,157360,0.8540000000000001,0,0.0,11,0.0805,-2.779,1,62,0.0997,98.056,0.88,1
0.2,0.846,237480,0.438,1,9.43e-05,11,0.0939,-4.981,1,64,0.141,85.01299999999998,0.512,1
0.495,0.589,187187,0.654,0,3.3100000000000005e-05,1,0.0701,-7.919,1,23,0.0269,135.911,0.7709999999999999,6
0.0149,0.82,196180,0.5920000000000001,1,4.71e-06,1,0.121,-7.002000000000002,1,64,0.29,159.98,0.4,0
0.261,0.7020000000000001,222645,0.598,0,0.0166,11,0.118,-7.205,1,59,0.0299,134.99,0.13699999999999998,1
0.309,0.452,310400,0.883,0,0.121,1,0.458,-4.015,1,7,0.201,85.322,0.8170000000000001,7
0.477,0.684,186133,0.721,0,0.0,0,0.0688,-9.475,1,39,0.0811,114.151,0.565,2
0.7170000000000001,0.609,365213,0.53,0,0.00321,5,0.0418,-8.305,1,11,0.0514,114.027,0.762,6
0.329,0.833,149080,0.6729999999999999,1,0.0,1,0.136,-6.981,0,55,0.315,148.019,0.753,1
0.759,0.268,146000,0.463,0,3.26e-05,1,0.163,-9.499,1,22,0.0356,187.644,0.7490000000000001,6
0.4270000000000001,0.608,141493,0.322,0,5.05e-06,3,0.119,-8.722000000000001,1,44,0.0334,150.3,0.275,2
0.007790000000000002,0.6629999999999999,266040,0.618,0,0.00217,5,0.16899999999999998,-11.993,0,38,0.0376,99.816,0.764,3
0.128,0.94,290893,0.784,1,2.25e-06,1,0.0974,-6.466,1,37,0.163,98.974,0.627,3
0.888,0.23,183467,0.14800000000000002,0,0.0363,1,0.0588,-14.603,1,9,0.0351,85.766,0.188,8
0.00575,0.56,381667,0.455,0,0.757,1,0.219,-11.220999999999998,0,53,0.0304,168.081,0.44,3
0.000517,0.53,355880,0.95,0,0.821,6,0.13,-10.553,1,51,0.0423,126.86,0.507,3
0.8440000000000001,0.637,298133,0.406,0,0.000176,6,0.0875,-12.1,1,40,0.0235,96.178,0.35,3
0.145,0.606,177894,0.882,0,1.29e-05,10,0.0974,-8.439,0,35,0.0426,180.05599999999995,0.966,4
0.7979999999999999,0.504,185947,0.309,0,4.56e-05,0,0.539,-13.946,1,47,0.0636,72.304,0.583,3
0.239,0.635,140133,0.616,0,0.0,0,0.326,-6.104,1,43,0.0596,120.381,0.759,3
0.6829999999999999,0.5479999999999999,256200,0.505,0,3.47e-06,10,0.232,-9.496,1,42,0.0295,131.749,0.308,4
0.285,0.797,196800,0.46,0,0.0,7,0.0621,-11.839,1,29,0.0344,131.13299999999998,0.61,3
0.994,0.377,268960,0.155,0,0.882,0,0.329,-20.643,0,18,0.0402,71.001,0.438,6
0.922,0.6920000000000001,179573,0.103,0,0.00848,2,0.142,-15.561,0,27,0.0345,103.448,0.313,7
0.63,0.479,141410,0.934,0,0.0,3,0.0767,-3.491,1,39,0.0371,155.02100000000004,0.966,2
0.655,0.564,163053,0.477,0,5.47e-06,0,0.0955,-8.046,1,37,0.0346,180.629,0.8540000000000001,4
0.49,0.45,1204067,0.52,0,0.38,11,0.156,-10.279000000000002,1,42,0.0402,84.743,0.329,5
0.693,0.199,331200,0.179,0,0.37,1,0.156,-17.695,1,25,0.0368,92.101,0.228,4
0.154,0.655,197667,0.785,0,1.76e-06,11,0.421,-7.217,0,38,0.0343,130.605,0.8690000000000001,3
0.598,0.8270000000000001,211800,0.466,0,0.181,2,0.0931,-9.959,1,36,0.105,98.558,0.77,5
0.0483,0.649,150000,0.5379999999999999,1,0.401,0,0.0928,-9.793,0,71,0.0918,160.075,0.355,1
0.0642,0.5920000000000001,201960,0.623,0,7.55e-06,0,0.324,-11.601,1,37,0.0346,124.875,0.565,3
0.358,0.601,253050,0.812,1,0.8590000000000001,2,0.11,-10.774,1,65,0.0504,139.953,0.418,0
0.194,0.7290000000000001,183907,0.625,1,0.00986,4,0.248,-5.266,1,80,0.0315,146.034,0.261,1
0.8440000000000001,0.612,242827,0.203,0,0.000226,9,0.165,-16.624000000000002,1,32,0.0279,106.447,0.441,5
0.647,0.56,176054,0.647,0,0.0,9,0.127,-3.862,1,27,0.0287,92.194,0.54,6
8.77e-06,0.416,423973,0.5660000000000001,0,0.373,7,0.182,-6.3420000000000005,1,38,0.0266,95.455,0.232,3
0.00469,0.701,211667,0.6759999999999999,0,0.145,5,0.212,-5.851,1,46,0.0519,78.34899999999998,0.925,3
0.579,0.534,231067,0.5429999999999999,0,0.0,3,0.112,-6.857,1,58,0.0245,78.99600000000002,0.418,2
0.395,0.52,272467,0.522,0,0.0,9,0.0792,-8.141,1,57,0.0866,207.505,0.779,3
0.0124,0.669,227280,0.855,0,0.0,0,0.335,-3.035,0,72,0.0499,120.045,0.648,1
0.601,0.552,150346,0.6859999999999999,0,0.0,8,0.123,-3.641,1,65,0.0863,139.736,0.401,0
0.00561,0.713,260067,0.378,0,0.00186,7,0.0845,-9.04,0,57,0.0298,99.055,0.29100000000000004,3
0.056,0.72,44800,0.471,0,0.0,11,0.622,-13.842,1,32,0.361,110.929,0.636,3
0.934,0.179,195373,0.185,0,0.8640000000000001,6,0.161,-18.015,0,0,0.0339,77.794,0.0625,8
0.988,0.34600000000000003,476960,0.00521,0,0.931,7,0.0765,-38.654,1,30,0.0412,91.345,0.0965,4
0.453,0.851,152267,0.73,0,6.34e-05,2,0.124,-11.048,1,54,0.34700000000000003,93.698,0.905,3
0.393,0.6709999999999999,237160,0.481,0,0.0,10,0.085,-10.885,1,49,0.0281,119.941,0.64,2
0.838,0.524,207000,0.365,0,4.55e-05,10,0.29100000000000004,-7.847,1,22,0.0281,109.12,0.597,6
0.76,0.373,301773,0.279,0,1.51e-06,5,0.103,-16.957,1,38,0.0413,138.547,0.287,5
0.0619,0.424,255680,0.289,0,0.0004440000000000001,5,0.104,-12.063,1,30,0.0271,77.941,0.335,5
0.951,0.0958,661240,0.113,0,0.755,9,0.08800000000000001,-19.725,0,13,0.04,88.88799999999998,0.027000000000000003,7
0.0792,0.528,179427,0.797,0,0.0,9,0.327,-5.3870000000000005,1,55,0.044,160.84799999999996,0.877,2
0.988,0.345,142920,0.108,0,0.25,2,0.0945,-19.074,1,1,0.0812,74.252,0.462,7
0.733,0.629,130280,0.612,0,0.0,9,0.257,-9.207,1,19,0.0515,157.52100000000004,0.957,6
0.16699999999999998,0.711,444640,0.482,1,6.47e-06,1,0.162,-11.591,0,35,0.608,90.835,0.21,3
0.0281,0.7070000000000001,264382,0.79,1,0.0,8,0.306,-5.234,1,33,0.428,193.037,0.652,4
0.907,0.6629999999999999,179613,0.239,0,0.0,4,0.129,-11.952,1,27,0.0283,104.891,0.507,6
0.106,0.469,257773,0.5660000000000001,1,0.0,8,0.136,-7.051,1,53,0.157,149.631,0.688,1
0.152,0.701,167667,0.542,0,0.00613,0,0.426,-9.608,1,25,0.0627,112.429,0.904,6
0.696,0.4970000000000001,387693,0.292,0,4.46e-06,4,0.156,-9.515,1,46,0.0452,121.544,0.193,1
0.928,0.691,157467,0.249,0,0.000105,0,0.0885,-13.509,1,13,0.058,101.472,0.7020000000000001,9
0.0101,0.333,303093,0.851,0,0.0,7,0.277,-5.292999999999998,1,45,0.0948,108.25,0.44,2
0.207,0.693,283493,0.544,1,0.0,0,0.526,-10.32,0,48,0.0403,120.188,0.613,3
0.6579999999999999,0.502,313533,0.251,0,0.000277,8,0.134,-16.232,1,14,0.036000000000000004,153.92700000000005,0.406,6
0.374,0.7170000000000001,109500,0.13699999999999998,1,3.41e-05,2,0.117,-21.753,0,0,0.928,113.254,0.545,8
0.89,0.428,194200,0.302,0,0.177,3,0.209,-12.033,0,7,0.0299,127.637,0.358,7
0.426,0.8170000000000001,240507,0.799,0,0.0,9,0.503,-6.5420000000000025,0,32,0.104,116.333,0.71,5
0.945,0.249,166307,0.238,0,9.79e-05,2,0.107,-7.982,1,43,0.0324,177.183,0.106,3
0.856,0.612,176720,0.236,0,0.0102,9,0.253,-17.958,1,21,0.112,77.11,0.315,5
0.23,0.547,177200,0.936,0,3.04e-06,9,0.172,-4.023,1,68,0.102,120.003,0.642,1
0.0103,0.434,167067,0.897,0,0.0,0,0.612,-4.918,1,79,0.0488,148.726,0.684,3
0.984,0.782,181507,0.331,0,4.54e-05,8,0.12,-10.742,1,0,0.299,145.46,0.97,9
0.511,0.31,335773,0.502,0,1.4499999999999993e-05,3,0.335,-8.064,1,60,0.036000000000000004,142.974,0.0991,3
0.5529999999999999,0.361,242500,0.438,0,4.52e-05,0,0.107,-11.139,1,38,0.0779,191.823,0.765,5
0.000186,0.392,225813,0.981,0,0.773,11,0.37,-8.086,0,30,0.0487,144.512,0.424,4
0.992,0.609,191773,0.25,0,0.483,4,0.14400000000000002,-15.931,0,0,0.0436,123.378,0.653,8
0.21,0.5479999999999999,197520,0.64,0,0.000328,10,0.08,-6.285,0,64,0.0306,108.326,0.392,1
0.7909999999999999,0.623,230573,0.447,0,2.08e-06,5,0.0681,-12.505999999999998,0,42,0.0339,127.056,0.243,3
0.23,0.6509999999999999,205347,0.695,0,0.0,6,0.14400000000000002,-3.218,1,70,0.0487,123.008,0.569,1
0.792,0.747,131400,0.199,0,0.0,7,0.511,-22.709,1,0,0.959,81.348,0.472,7
0.578,0.677,249973,0.366,0,0.0,0,0.108,-8.266,1,67,0.0311,138.015,0.316,2
0.5539999999999999,0.619,144160,0.359,0,0.0115,5,0.0752,-19.488,1,36,0.0514,106.037,0.779,3
0.964,0.449,258373,0.0327,0,0.084,3,0.162,-20.732,1,12,0.0601,83.62,0.575,6
0.0811,0.6459999999999999,296120,0.914,1,0.0,1,0.063,-3.646,1,38,0.16399999999999998,166.668,0.805,2
0.28800000000000003,0.5710000000000001,290840,0.858,1,0.0,8,0.0629,-5.393,1,44,0.14300000000000002,84.615,0.792,2
0.953,0.135,227427,0.0649,0,0.221,0,0.115,-23.151,0,10,0.0411,59.425,0.14,7
0.695,0.537,221827,0.417,0,1.86e-06,4,0.151,-7.209,1,57,0.0273,144.716,0.256,4
0.664,0.555,351547,0.557,0,0.000813,8,0.0677,-9.28,1,40,0.0365,92.142,0.701,3
0.81,0.8340000000000001,150387,0.445,0,0.816,0,0.0746,-8.131,0,23,0.0496,127.587,0.787,8
0.0655,0.603,200160,0.927,0,0.0227,7,0.107,-10.682,1,40,0.0343,127.329,0.935,3
0.0802,0.318,317206,0.65,0,0.132,6,0.0962,-13.928,1,58,0.0375,149.994,0.368,5
0.784,0.299,227333,0.263,0,1.45e-06,7,0.232,-11.122,0,33,0.0319,85.27600000000002,0.0955,3
0.008709999999999999,0.605,294800,0.6859999999999999,0,0.0008710000000000001,11,0.29600000000000004,-12.455,0,52,0.0281,88.431,0.8370000000000001,4
0.182,0.861,144000,0.599,1,0.00855,7,0.102,-7.814,0,76,0.217,100.026,0.527,1
0.687,0.5329999999999999,142227,0.459,0,0.0,7,0.0773,-5.499,1,62,0.0277,97.213,0.386,2
0.389,0.578,273773,0.8640000000000001,0,0.00107,6,0.106,-9.588,0,24,0.0335,134.024,0.6920000000000001,4
0.5489999999999999,0.332,272733,0.389,0,0.000324,10,0.435,-12.873,1,38,0.0353,141.29399999999995,0.27,5
7.2e-05,0.534,232027,0.901,0,0.199,7,0.218,-6.023,1,45,0.0801,92.013,0.326,2
0.994,0.359,109867,0.0262,0,0.944,4,0.127,-19.132,0,7,0.0541,79.571,0.035,9
0.936,0.092,221000,0.0239,0,0.902,7,0.18,-31.457,1,42,0.0488,67.289,0.0541,4
0.562,0.557,172533,0.509,0,0.0,2,0.0993,-7.065,1,43,0.0379,131.296,0.851,3
0.000144,0.285,142947,0.979,0,0.0,2,0.334,-4.428,1,54,0.175,182.7,0.108,3
0.331,0.362,124733,0.961,0,0.00187,11,0.623,-14.711,0,32,0.108,101.931,0.13699999999999998,4
0.987,0.387,102133,0.322,0,0.909,10,0.145,-21.247,1,13,0.0466,120.298,0.925,6
0.00224,0.711,197187,0.721,0,0.0,2,0.0525,-3.79,1,50,0.0282,126.988,0.675,1
0.14400000000000002,0.361,200267,0.402,0,0.0,4,0.138,-10.970999999999998,1,40,0.0286,77.17699999999998,0.386,5
0.000641,0.5579999999999999,144547,0.7929999999999999,0,2.93e-05,1,0.731,-6.8610000000000015,0,64,0.0374,75.999,0.457,1
0.973,0.353,368827,0.285,0,0.8959999999999999,10,0.0776,-17.028,0,0,0.0367,152.96,0.532,7
0.118,0.64,233960,0.8140000000000001,0,0.0,11,0.223,-6.7010000000000005,0,60,0.13699999999999998,134.221,0.782,4
0.194,0.466,160440,0.736,0,0.0,0,0.682,-7.422999999999999,1,47,0.358,78.99,0.499,2
0.8740000000000001,0.629,236347,0.394,0,0.00162,0,0.102,-14.765,1,35,0.0315,107.905,0.815,3
0.00181,0.545,225200,0.847,0,0.764,0,0.231,-6.488,1,46,0.0318,126.936,0.208,1
0.0072,0.7759999999999999,113733,0.608,0,0.00783,2,0.125,-11.52,1,24,0.094,105.657,0.927,4
0.974,0.382,188933,0.16699999999999998,0,0.0,10,0.0971,-13.25,1,3,0.0539,87.956,0.303,8
0.883,0.789,171637,0.16899999999999998,0,0.6459999999999999,2,0.103,-15.693,0,11,0.0667,113.951,0.52,8
0.00838,0.625,237240,0.792,1,0.0,11,0.436,-3.059,1,49,0.233,175.97299999999996,0.34700000000000003,2
0.00424,0.456,187667,0.609,0,5.03e-05,9,0.58,-11.462,1,25,0.038,115.383,0.7490000000000001,4
0.575,0.5589999999999999,457867,0.6659999999999999,0,0.00304,4,0.0817,-12.343,1,36,0.0701,104.964,0.8290000000000001,5
0.083,0.428,196000,0.78,0,0.0,0,0.115,-3.472,1,59,0.0373,147.986,0.431,1
0.203,0.687,225240,0.456,0,0.0,4,0.225,-9.298,1,36,0.0898,77.387,0.35600000000000004,2
0.946,0.336,199000,0.126,0,0.00374,0,0.193,-18.06,1,31,0.0335,91.412,0.301,5
0.215,0.519,197320,0.503,0,0.0,2,0.14800000000000002,-6.239,1,68,0.0442,89.17399999999998,0.364,0
0.00124,0.534,278656,0.621,1,1.39e-05,2,0.0596,-5.205,1,64,0.0449,91.845,0.18600000000000005,1
0.151,0.7290000000000001,209147,0.7929999999999999,1,0.0,9,0.6509999999999999,-4.716,1,46,0.0293,115.988,0.945,1
0.7140000000000001,0.384,141200,0.153,0,1.04e-05,8,0.27,-18.311,1,30,0.0348,75.23100000000002,0.575,5
0.196,0.6459999999999999,255000,0.506,0,0.0205,10,0.101,-12.653,0,27,0.029,99.987,0.6679999999999999,4
0.855,0.105,141549,0.0616,0,0.94,3,0.112,-28.12,1,53,0.0458,91.718,0.0378,3
0.315,0.585,304600,0.295,0,1.88e-06,0,0.45,-12.636,1,30,0.0242,88.084,0.293,3
0.955,0.381,104133,0.225,0,0.0229,9,0.883,-14.859000000000002,1,2,0.0597,116.107,0.406,8
0.797,0.489,188000,0.361,0,0.0,1,0.308,-9.633,1,58,0.0404,109.273,0.276,1
0.155,0.645,168933,0.631,0,0.0,2,0.0498,-8.615,1,41,0.0347,95.818,0.758,2
0.981,0.187,133147,0.163,0,0.915,7,0.244,-20.718000000000004,1,23,0.0411,85.995,0.117,6
0.126,0.84,187000,0.564,0,3.4e-05,9,0.454,-11.761,1,28,0.0471,123.252,0.703,3
0.515,0.863,185867,0.325,0,0.187,7,0.0518,-13.833,1,34,0.147,119.721,0.873,7
0.29,0.398,134267,0.513,0,0.0,9,0.0639,-9.652,0,36,0.0371,146.099,0.902,6
0.8320000000000001,0.542,165277,0.675,0,0.0,0,0.411,-9.997,1,0,0.15,87.125,0.743,9
0.0758,0.628,332760,0.625,0,0.645,5,0.48,-9.224,0,38,0.0465,172.15400000000002,0.14800000000000002,3
0.698,0.491,150867,0.431,0,0.0,1,0.124,-12.257,1,60,0.0609,82.445,0.6609999999999999,1
0.345,0.517,247813,0.5820000000000001,0,0.00132,4,0.0871,-6.055,0,42,0.0305,138.793,0.402,5
0.7240000000000001,0.679,178087,0.455,0,0.00511,10,0.192,-12.271,0,33,0.0711,96.349,0.895,6
0.0666,0.669,126653,0.5720000000000001,0,0.578,9,0.156,-8.247,1,27,0.037000000000000005,112.932,0.701,6
0.000509,0.501,214936,0.67,0,0.8690000000000001,11,0.0928,-7.683,0,46,0.0589,146.204,0.504,3
0.196,0.314,306040,0.335,0,0.0008990000000000002,4,0.14400000000000002,-12.304,0,23,0.0305,140.639,0.183,5
0.0121,0.423,216093,0.606,0,1.62e-05,0,0.603,-9.225,1,28,0.0432,122.816,0.391,4
0.995,0.758,178267,0.16699999999999998,0,0.893,1,0.113,-15.751,1,0,0.0615,109.252,0.8270000000000001,10
0.252,0.565,220907,0.722,1,0.107,10,0.245,-7.565,0,49,0.141,194.276,0.34700000000000003,2
0.0765,0.685,273027,0.506,0,0.0,1,0.108,-12.09,1,25,0.0389,121.449,0.913,4
0.000339,0.486,362600,0.988,1,9.78e-06,1,0.5589999999999999,-8.401,0,29,0.0616,125.774,0.415,3
0.0995,0.912,228160,0.6729999999999999,1,0.0,2,0.103,-8.91,1,59,0.109,120.157,0.123,1
0.99,0.767,29973,0.182,0,0.000155,1,0.121,-21.82,1,0,0.959,52.194,0.928,8
0.992,0.667,156333,0.136,0,0.00175,11,0.259,-18.992,0,0,0.375,92.01,0.44,9
0.852,0.524,337387,0.423,0,1.04e-06,5,0.301,-7.392,1,32,0.0348,91.372,0.484,5
0.983,0.7709999999999999,178040,0.557,0,0.444,8,0.0765,-6.56,1,0,0.0779,128.95600000000002,0.952,8
0.0071,0.7809999999999999,255040,0.8640000000000001,1,0.000466,6,0.0895,-3.739,1,39,0.0538,79.995,0.618,2
0.599,0.6779999999999999,63013,0.107,0,0.0,9,0.16399999999999998,-16.225,1,45,0.0543,92.433,0.904,2
0.528,0.52,122133,0.574,0,0.0197,9,0.247,-13.767,1,9,0.07,76.78,0.887,6
0.289,0.404,158400,0.573,0,0.0,3,0.243,-9.792,1,31,0.028,105.831,0.856,5
0.944,0.5479999999999999,148840,0.238,0,3.01e-05,4,0.184,-15.44,1,26,0.0337,126.59,0.5489999999999999,7
0.607,0.322,450427,0.657,0,0.000102,0,0.103,-9.094,1,16,0.0637,87.45100000000002,0.5329999999999999,6
0.995,0.629,82253,0.256,0,0.865,7,0.125,-17.647000000000006,1,0,0.0482,99.949,0.857,8
0.284,0.7020000000000001,299293,0.733,0,0.0011,2,0.0839,-9.331,1,29,0.0347,132.497,0.802,5
0.561,0.521,278200,0.5579999999999999,0,3.5e-05,10,0.111,-8.121,1,37,0.034,111.186,0.0522,4
1.06e-05,0.25,152280,0.979,0,0.0554,0,0.0609,-2.075,1,33,0.17600000000000002,93.122,0.6509999999999999,4
0.8240000000000001,0.8490000000000001,62480,0.0906,0,0.0,2,0.0761,-15.435,1,22,0.0876,130.108,0.89,5
0.192,0.5920000000000001,123853,0.601,0,0.0,9,0.0824,-6.9460000000000015,1,32,0.0341,143.476,0.959,5
0.994,0.835,167507,0.269,0,0.06,2,0.431,-9.208,0,0,0.175,117.486,0.742,9
0.871,0.7090000000000001,401080,0.223,0,0.0,0,0.147,-14.12,1,0,0.894,127.067,0.348,7
0.954,0.378,190773,0.355,0,4.45e-06,6,0.248,-7.211,0,17,0.0402,80.477,0.405,7
0.993,0.409,191973,0.0941,0,0.925,3,0.112,-24.388,1,0,0.101,66.295,0.519,7
0.3720000000000001,0.662,203373,0.909,0,5.78e-05,9,0.0841,-5.817,0,50,0.057,91.453,0.7140000000000001,5
0.0248,0.575,250400,0.857,0,2.69e-06,4,0.125,-4.1960000000000015,0,13,0.0484,111.106,0.633,6
0.153,0.458,202973,0.698,0,1.49e-05,7,0.252,-9.534,1,35,0.0342,139.673,0.774,3
0.985,0.314,388227,0.017,0,0.905,5,0.104,-33.499,1,12,0.0609,78.104,0.249,7
0.99,0.326,341667,0.0419,0,0.858,1,0.14300000000000002,-33.842,1,0,0.0467,81.668,0.109,8
0.00162,0.481,289177,0.818,0,0.000371,6,0.0841,-4.95,1,55,0.0403,160.012,0.098,1
0.527,0.59,213507,0.327,0,1.16e-06,1,0.0935,-14.561,0,36,0.0422,104.177,0.677,5
0.8740000000000001,0.48,270547,0.309,1,1.28e-06,2,0.101,-10.238,0,67,0.225,99.136,0.131,1
0.324,0.722,212427,0.574,0,9.1e-05,8,0.0833,-15.882,1,39,0.0404,133.339,0.688,4
0.618,0.506,250987,0.522,0,0.0,6,0.151,-5.854,1,59,0.0273,139.70600000000002,0.345,2
0.135,0.737,378373,0.47,0,0.101,10,0.107,-10.675,0,54,0.0477,80.08800000000002,0.404,3
0.995,0.34700000000000003,232000,0.00629,0,0.916,2,0.111,-33.372,0,32,0.0524,69.669,0.067,3
0.973,0.6990000000000001,243618,0.373,0,0.919,5,0.108,-15.845,1,0,0.0483,121.84,0.74,9
0.202,0.565,182173,0.758,0,0.0,11,0.0552,-5.205,1,52,0.0294,127.817,0.605,2
0.532,0.536,201240,0.404,0,0.0,4,0.101,-11.265,1,37,0.0351,112.682,0.29,2
0.924,0.596,164520,0.14400000000000002,0,0.0,2,0.219,-10.307,1,44,0.0298,115.681,0.451,7
0.993,0.518,197107,0.445,0,0.909,6,0.39,-10.672,1,0,0.0403,118.967,0.936,8
0.978,0.35200000000000004,469533,0.262,0,0.875,7,0.188,-16.059,0,0,0.0362,106.828,0.253,8
0.747,0.6809999999999999,188173,0.261,0,4.28e-05,0,0.0881,-17.238,1,7,0.0614,116.531,0.816,7
0.738,0.477,238693,0.343,0,0.134,7,0.134,-16.212,0,29,0.0418,74.753,0.233,5
0.575,0.551,215293,0.262,0,0.0,5,0.255,-11.601,1,19,0.0593,146.832,0.6759999999999999,6
0.7390000000000001,0.551,717973,0.579,0,0.6990000000000001,9,0.6859999999999999,-13.028,0,0,0.173,124.655,0.531,8
0.799,0.443,279360,0.6759999999999999,0,0.014,8,0.159,-12.44,0,2,0.273,160.968,0.942,7
0.00285,0.688,249240,0.745,0,0.238,4,0.114,-10.323,1,58,0.0519,128.556,0.688,5
0.00924,0.92,264507,0.532,1,0.0,1,0.0876,-8.169,0,42,0.227,95.92,0.47,3
0.0016300000000000002,0.647,131733,0.97,0,0.696,1,0.081,-6.694,0,46,0.0424,145.822,0.948,3
0.534,0.55,230293,0.363,0,0.0,5,0.128,-7.326,1,67,0.0336,121.94,0.28600000000000003,1
0.0922,0.505,336107,0.7120000000000001,0,0.00029,2,0.122,-9.457,1,35,0.0264,102.148,0.691,6
0.405,0.378,201355,0.249,0,0.764,8,0.122,-10.822,1,1,0.0562,128.309,0.268,9
0.901,0.298,160373,0.172,0,1.64e-05,8,0.195,-12.443,1,2,0.0295,102.479,0.194,7
0.261,0.569,184000,0.7609999999999999,1,6.71e-06,5,0.0748,-6.0710000000000015,0,61,0.475,180.122,0.325,1
0.4970000000000001,0.565,262720,0.731,0,0.00372,7,0.108,-12.409,1,39,0.062,190.072,0.87,5
0.989,0.575,196160,0.524,0,0.847,8,0.21,-8.616,0,0,0.0594,130.256,0.948,9
0.863,0.493,206906,0.0315,0,0.001,9,0.599,-28.288,1,22,0.0406,140.789,0.498,6
0.872,0.369,310000,0.171,0,0.453,7,0.11,-19.286,1,29,0.0296,145.55100000000004,0.208,4
0.905,0.642,199533,0.32,0,0.0,2,0.0969,-8.493,1,0,0.0711,122.134,0.69,8
0.0184,0.617,195000,0.526,0,0.000669,11,0.158,-8.871,0,48,0.0278,105.547,0.601,3
0.986,0.329,218122,0.142,0,0.0106,7,0.278,-11.589,1,0,0.0765,63.639,0.194,8
0.000407,0.238,203933,0.759,0,0.002,0,0.608,-12.476,1,48,0.0624,193.044,0.732,4
0.136,0.5920000000000001,261133,0.456,0,0.00161,7,0.181,-13.84,1,33,0.0446,129.332,0.745,5
0.159,0.58,229107,0.75,0,0.0,4,0.274,-4.421,1,67,0.194,86.93799999999996,0.728,2
0.7979999999999999,0.645,198467,0.293,0,0.6509999999999999,7,0.108,-7.271,1,30,0.0329,108.491,0.612,6
0.51,0.634,282493,0.644,0,7.09e-05,2,0.32,-8.234,0,49,0.0838,135.24,0.28600000000000003,2
0.969,0.4320000000000001,162533,0.378,0,0.828,5,0.189,-13.299,1,29,0.0543,82.208,0.2,6
0.968,0.5870000000000001,148827,0.151,0,0.00977,4,0.364,-14.943,1,7,0.0637,110.986,0.507,7
0.979,0.121,290893,0.122,0,0.138,0,0.229,-13.993,1,14,0.0455,74.373,0.0392,7
0.106,0.69,213695,0.6629999999999999,1,0.0,8,0.0659,-5.247999999999998,0,64,0.0352,122.041,0.285,1
0.807,0.269,508533,0.299,0,0.8540000000000001,1,0.105,-17.984,1,48,0.0413,138.999,0.102,2
0.4370000000000001,0.583,176453,0.397,0,1.85e-05,8,0.0462,-14.225,0,31,0.0625,173.74900000000005,0.952,5
0.28600000000000003,0.6659999999999999,252169,0.664,0,1.6e-05,0,0.547,-8.061,1,29,0.0272,116.319,0.82,5
0.975,0.161,154013,0.0738,0,0.914,7,0.108,-22.821,1,48,0.0565,79.52199999999998,0.385,3
0.885,0.627,309467,0.16899999999999998,0,2.48e-05,1,0.0717,-16.461,1,14,0.16699999999999998,129.941,0.446,6
0.925,0.268,180489,0.251,0,0.00981,3,0.124,-8.915,1,0,0.0381,84.039,0.303,8
0.0813,0.624,155800,0.615,0,0.962,0,0.0746,-14.619000000000002,1,31,0.0407,117.52,0.6859999999999999,5
0.98,0.417,343933,0.0645,0,0.662,3,0.21600000000000005,-25.143,1,0,0.0379,72.64699999999998,0.379,8
0.98,0.28300000000000003,291000,0.131,0,0.00518,10,0.103,-18.331,1,27,0.035,112.12,0.245,6
0.0169,0.73,251653,0.762,1,0.0749,11,0.197,-5.382999999999999,1,48,0.322,79.069,0.7440000000000001,1
0.17800000000000002,0.715,305187,0.379,0,0.0,3,0.205,-17.685,0,13,0.942,126.514,0.7609999999999999,9
0.6609999999999999,0.564,172240,0.312,0,0.0977,10,0.106,-17.257,1,20,0.0355,115.237,0.716,6
0.631,0.529,172413,0.457,0,0.0,3,0.0703,-6.479,1,54,0.0381,200.826,0.964,1
0.962,0.383,190040,0.0745,0,0.0017,5,0.116,-18.303,1,34,0.0358,102.36,0.333,5
0.182,0.84,148813,0.856,0,0.000297,8,0.306,-11.277,1,43,0.328,93.41,0.763,6
0.993,0.408,174867,0.13699999999999998,0,0.911,9,0.093,-23.586,0,25,0.0437,101.677,0.565,4
0.748,0.581,140267,0.401,0,0.0,11,0.243,-13.285,1,17,0.0302,105.513,0.6509999999999999,6
0.368,0.504,129040,0.274,0,0.0,5,0.34700000000000003,-9.824,1,28,0.0303,82.37200000000001,0.5770000000000001,7
0.537,0.487,190093,0.615,0,1.7199999999999998e-05,8,0.0857,-11.978,1,10,0.263,170.705,0.851,7
0.00131,0.362,243747,0.945,0,2.51e-05,10,0.154,-2.651,0,58,0.0575,114.797,0.487,2
0.0692,0.619,295600,0.527,0,0.0,5,0.333,-9.376,0,32,0.0628,124.356,0.242,3
0.838,0.4,214573,0.227,0,0.0268,9,0.115,-13.88,0,28,0.0283,80.999,0.0645,5
0.989,0.28800000000000003,506613,0.278,0,0.845,5,0.306,-13.9,0,0,0.0311,101.221,0.125,10
0.35200000000000004,0.741,206373,0.391,0,0.0,0,0.0873,-9.578,1,39,0.0328,85.98,0.912,2
0.64,0.518,405027,0.385,0,0.000536,9,0.0931,-11.125,0,57,0.0286,100.878,0.262,2
0.8320000000000001,0.472,29832,0.624,0,0.024,4,0.0766,-12.652,0,0,0.46,185.479,0.966,8
4.09e-05,0.608,229933,0.871,0,2.22e-06,2,0.111,-5.397,1,64,0.0348,123.005,0.488,1
0.995,0.477,293533,0.041,0,0.926,4,0.102,-26.685,0,0,0.0432,82.912,0.116,8
0.991,0.397,207418,0.208,0,0.722,10,0.108,-9.487,0,0,0.0489,71.839,0.312,8
0.134,0.614,174667,0.585,1,0.000129,10,0.0948,-9.483,1,64,0.16399999999999998,169.905,0.211,1
0.982,0.238,824733,0.091,0,0.947,5,0.123,-23.608,1,32,0.0383,130.833,0.0374,4
0.5,0.7509999999999999,242333,0.665,0,0.0,5,0.0801,-5.1560000000000015,0,61,0.0432,118.011,0.7659999999999999,1
0.962,0.5579999999999999,107773,0.0256,0,0.00233,0,0.0838,-26.249,0,3,0.0406,102.74,0.7809999999999999,7
0.266,0.616,96200,0.136,1,0.0,0,0.201,-20.057,0,0,0.946,183.304,0.551,8
0.713,0.506,207667,0.392,0,0.0005740000000000001,10,0.316,-12.784,1,41,0.0373,123.81,0.268,3
0.025,0.735,224960,0.873,0,3.27e-06,10,0.265,-3.4930000000000003,0,62,0.0402,108.021,0.586,1
0.448,0.518,281067,0.7859999999999999,0,2.5e-05,7,0.7,-5.739,1,62,0.0357,72.26899999999998,0.463,5
0.984,0.318,423413,0.22,0,0.134,4,0.109,-14.929,1,0,0.0348,74.311,0.41,9
0.6,0.618,204573,0.6779999999999999,0,0.723,0,0.501,-5.199,1,45,0.0316,133.453,0.79,5
0.994,0.515,256787,0.16699999999999998,0,0.94,4,0.125,-19.1,1,9,0.217,84.046,0.306,7
0.727,0.343,529080,0.736,0,2.61e-05,11,0.0581,-6.307,0,53,0.0511,205.573,0.659,2
0.628,0.6890000000000001,117960,0.518,0,0.00727,0,0.12,-14.373,1,27,0.0482,89.25,0.787,6
0.0218,0.456,257960,0.508,0,0.0,2,0.237,-14.339,1,55,0.0402,133.965,0.5529999999999999,1
0.805,0.768,175840,0.43,0,0.0458,7,0.219,-11.055,0,13,0.0447,113.136,0.957,9
0.991,0.457,166813,0.199,0,0.906,0,0.0979,-16.919,1,0,0.161,170.22,0.8270000000000001,8
0.68,0.6509999999999999,180560,0.435,0,0.0,2,0.23,-12.373,1,29,0.0256,89.039,0.8190000000000001,5
0.13699999999999998,0.5820000000000001,255960,0.462,0,4.98e-05,6,0.0755,-9.882,0,44,0.0254,96.361,0.528,5
0.639,0.368,295600,0.294,0,0.000866,2,0.115,-17.715999999999994,0,27,0.0381,119.482,0.402,6
0.995,0.496,184427,0.32,0,0.0,0,0.272,-12.255,1,0,0.0847,108.512,0.621,10
0.979,0.542,224573,0.454,0,0.921,5,0.12,-16.99,0,0,0.0308,153.82399999999996,0.742,7
0.0436,0.501,160947,0.908,0,0.0538,11,0.0608,-6.602,0,22,0.0734,148.382,0.8490000000000001,6
0.7659999999999999,0.507,225307,0.239,0,0.000793,9,0.121,-15.099,0,39,0.0352,77.873,0.514,4
0.967,0.335,336773,0.101,0,1.79e-06,5,0.254,-20.606,1,0,0.0508,125.661,0.126,8
0.995,0.28300000000000003,257707,0.0896,0,0.00472,3,0.0997,-20.517,1,6,0.0433,174.18200000000004,0.279,8
0.008,0.5589999999999999,277627,0.83,0,4.5e-06,2,0.0675,-9.493,1,32,0.03,94.488,0.622,3
0.7440000000000001,0.5710000000000001,208907,0.317,0,1.2e-05,0,0.111,-13.076,0,39,0.0354,118.481,0.234,5
0.909,0.212,320827,0.307,0,0.000133,10,0.234,-11.985,1,0,0.0467,173.533,0.141,7
0.125,0.484,295133,0.373,0,0.0069,9,0.0626,-15.995,1,25,0.0258,84.00299999999999,0.398,5
0.996,0.461,126133,0.00875,0,0.907,11,0.0966,-28.442,1,0,0.0474,128.92,0.123,10
0.488,0.8340000000000001,195573,0.55,0,0.000476,1,0.109,-8.622,0,55,0.0451,105.008,0.142,1
0.964,0.494,285160,0.3720000000000001,0,0.0296,7,0.117,-11.89,1,62,0.0331,116.855,0.25,2
0.932,0.434,359600,0.028,0,3.75e-05,9,0.111,-17.724,1,52,0.0321,90.275,0.13699999999999998,3
0.000915,0.476,243390,0.919,0,0.117,5,0.108,-2.577,1,50,0.116,146.097,0.399,1
0.12,0.764,256560,0.551,0,0.000656,6,0.28,-11.98,1,49,0.0451,90.775,0.746,4
0.993,0.0644,3093226,0.132,0,0.962,3,0.14400000000000002,-37.94300000000001,1,0,0.0583,72.482,0.0357,9
0.926,0.19,213920,0.129,0,0.00031600000000000004,8,0.113,-14.108,1,11,0.0386,73.814,0.0774,7
0.0104,0.7090000000000001,96900,0.201,1,3.69e-06,5,0.32,-23.548,1,0,0.8690000000000001,128.34799999999998,0.56,8
0.423,0.535,230307,0.336,0,4.47e-05,5,0.0925,-12.063,1,32,0.0242,76.358,0.205,3
0.5489999999999999,0.489,490467,0.7609999999999999,0,0.366,5,0.0992,-9.211,1,44,0.0295,119.895,0.125,3
0.8390000000000001,0.728,179000,0.355,0,0.000125,0,0.16,-11.112,0,0,0.059,152.562,0.925,9
0.995,0.331,145907,0.166,0,0.95,11,0.107,-21.734,0,0,0.0348,58.651,0.243,7
0.91,0.484,507920,0.387,0,0.0152,0,0.0848,-8.677,0,10,0.0349,126.467,0.274,7
0.218,0.7290000000000001,223840,0.6659999999999999,0,0.00032,9,0.34,-10.212,1,44,0.0297,120.296,0.882,3
0.0196,0.418,311933,0.725,0,0.0050100000000000006,9,0.0401,-10.878,0,24,0.0434,92.394,0.378,4
0.131,0.596,213573,0.633,0,0.0,10,0.343,-3.602,0,62,0.0594,148.09,0.473,2
0.195,0.362,267573,0.627,0,0.000239,8,0.0841,-8.321,0,25,0.0412,125.726,0.153,4
0.00297,0.518,298587,0.932,0,0.8809999999999999,10,0.268,-4.854,0,48,0.134,126.94,0.279,2
0.7240000000000001,0.528,119000,0.312,0,0.899,8,0.107,-19.214,1,7,0.0462,155.664,0.417,6
0.574,0.4920000000000001,181995,0.575,0,4.44e-05,7,0.147,-7.798999999999999,1,0,0.111,124.572,0.8690000000000001,8
0.727,0.509,345627,0.268,0,0.00118,2,0.879,-13.022,1,26,0.0426,136.542,0.155,6
0.968,0.5760000000000001,198533,0.234,0,0.6459999999999999,3,0.0829,-11.531,1,9,0.0537,83.02600000000002,0.322,10
0.105,0.628,244000,0.7859999999999999,0,0.00037,2,0.935,-14.232,1,32,0.0333,97.425,0.723,4
0.38,0.818,275252,0.841,0,8.42e-06,11,0.24,-5.3020000000000005,0,46,0.197,141.86,0.8490000000000001,4
0.851,0.435,195907,0.385,0,4.11e-06,11,0.27,-8.006,0,50,0.0293,142.671,0.494,3
0.478,0.514,145293,0.564,0,0.0,5,0.0811,-5.4289999999999985,1,43,0.0475,150.312,0.59,2
0.0516,0.669,262400,0.515,0,0.0,2,0.113,-11.73,1,28,0.0244,103.049,0.8859999999999999,3
0.000326,0.499,205440,0.958,0,2.19e-06,9,0.4320000000000001,-5.4170000000000025,1,60,0.0898,127.491,0.359,1
0.858,0.5579999999999999,386640,0.258,0,0.612,5,0.6970000000000001,-19.002,1,0,0.0946,111.656,0.597,8
0.0473,0.8640000000000001,307827,0.6409999999999999,1,0.0,6,0.584,-2.988,0,50,0.279,93.526,0.6779999999999999,3
0.0299,0.343,238893,0.65,1,0.0,1,0.6459999999999999,-4.624,1,50,0.0909,170.697,0.315,2
0.524,0.529,244907,0.4320000000000001,0,0.0,5,0.115,-14.245,1,40,0.0333,94.382,0.555,4
0.331,0.75,157962,0.585,1,0.0,1,0.181,-8.57,1,62,0.118,152.025,0.634,0
0.882,0.194,1355640,0.126,0,0.503,2,0.14300000000000002,-16.791,1,0,0.044,76.945,0.081,8
0.465,0.679,207640,0.7090000000000001,0,0.00014099999999999998,2,0.254,-6.246,1,35,0.0292,111.811,0.81,3
0.206,0.563,216013,0.7290000000000001,0,0.0045,5,0.13,-8.51,1,36,0.0329,110.82,0.727,5
0.289,0.669,219693,0.7040000000000001,0,0.0,7,0.28,-6.345,1,47,0.0305,118.772,0.691,3
0.383,0.18600000000000005,231907,0.289,0,0.00292,3,0.322,-12.383,1,24,0.034,81.16199999999998,0.307,5
0.995,0.388,172027,0.0536,0,0.662,0,0.0992,-17.455,1,0,0.0696,176.293,0.759,8
0.995,0.853,186493,0.253,0,0.662,2,0.122,-12.606,1,0,0.297,114.89,0.813,10
0.009000000000000001,0.584,209893,0.407,0,6.440000000000001e-05,0,0.142,-13.764,1,26,0.0241,97.273,0.682,4
0.912,0.0,13707,0.0401,0,0.0,3,0.426,-14.726,1,0,0.0,0.0,0.0,9
0.993,0.486,197016,0.246,0,4.26e-05,10,0.316,-11.522,1,11,0.058,58.792,0.72,8
0.000175,0.911,253451,0.735,0,0.000999,9,0.087,-6.38,1,51,0.0569,132.57299999999998,0.935,2
0.00443,0.518,243507,0.64,0,0.0,8,0.18600000000000005,-8.533,1,42,0.0263,94.96,0.547,3
0.007909999999999999,0.75,244163,0.677,1,6.47e-05,5,0.292,-5.7620000000000005,0,65,0.28600000000000003,150.322,0.393,0
0.188,0.825,225627,0.285,0,0.00131,8,0.0539,-17.491,1,59,0.0326,126.946,0.86,4
0.991,0.562,180320,0.179,0,0.7929999999999999,0,0.101,-16.708,1,13,0.049,166.007,0.542,10
0.7929999999999999,0.439,186333,0.274,0,8.49e-05,0,0.227,-16.033,1,20,0.0377,201.5,0.682,5
0.081,0.758,351933,0.306,0,0.124,2,0.0643,-16.445,1,33,0.044,120.099,0.713,5
0.87,0.13699999999999998,471200,0.179,0,0.536,3,0.122,-21.905,1,21,0.046,92.597,0.0701,6
0.967,0.619,174320,0.535,0,0.379,6,0.14300000000000002,-5.397,1,0,0.1,150.751,0.945,9
0.355,0.74,278293,0.509,0,0.0963,6,0.117,-6.971,1,57,0.0332,121.971,0.133,1
0.0247,0.8440000000000001,186811,0.736,1,0.0,1,0.0893,-6.6,1,65,0.368,92.476,0.674,0
0.175,0.6609999999999999,265947,0.748,1,0.0,2,0.254,-4.809,0,71,0.206,171.983,0.509,0
0.122,0.93,167967,0.741,0,0.0,10,0.15,-7.29,1,43,0.0727,135.047,0.967,3
0.00411,0.5770000000000001,196184,0.833,0,0.0,11,0.0709,-2.888,0,52,0.343,189.723,0.6970000000000001,1
0.409,0.621,208907,0.639,0,4.81e-06,5,0.0539,-8.736,1,23,0.0388,110.968,0.696,7
0.036000000000000004,0.7070000000000001,149390,0.7709999999999999,0,6.87e-05,10,0.547,-4.246,1,65,0.038,135.049,0.629,0
0.991,0.632,1775412,0.221,0,0.00692,10,0.643,-21.224,1,0,0.943,104.428,0.483,7
0.8690000000000001,0.485,205840,0.537,0,7.340000000000001e-05,5,0.16,-12.873,1,28,0.0482,174.94400000000005,0.7979999999999999,5
0.0641,0.563,231547,0.501,0,0.000224,4,0.0878,-7.12,0,28,0.0268,125.001,0.217,5
0.908,0.309,163427,0.256,0,0.0,0,0.121,-13.936,1,0,0.0574,80.99600000000002,0.0854,8
0.261,0.569,140253,0.386,0,6.4e-06,9,0.109,-11.351,1,25,0.039,152.995,0.669,6
0.0966,0.736,238427,0.7609999999999999,1,0.0,4,0.0823,-5.449,0,66,0.0338,119.999,0.114,1
0.966,0.0826,216253,0.118,0,0.894,0,0.0908,-17.045,1,0,0.0404,84.12799999999999,0.0348,8
0.945,0.514,159227,0.25,0,0.919,5,0.112,-16.405,0,20,0.0519,99.083,0.5670000000000001,6
0.0808,0.563,157600,0.929,0,0.00173,7,0.364,-7.314,1,43,0.044,144.446,0.925,5
0.778,0.741,178260,0.583,0,0.0,5,0.115,-7.3610000000000015,1,0,0.135,93.888,0.77,9
0.984,0.5770000000000001,197067,0.464,0,0.000263,3,0.147,-8.107000000000001,1,0,0.0522,104.385,0.861,8
0.687,0.598,220373,0.46,0,8.7e-05,4,0.107,-8.708,1,39,0.0227,81.15899999999998,0.364,3
0.0503,0.534,196333,0.936,0,0.875,11,0.0606,-11.295,0,36,0.0401,113.994,0.922,4
0.382,0.861,193363,0.5720000000000001,1,0.0,6,0.0853,-6.537000000000001,0,71,0.415,90.052,0.396,1
0.833,0.214,224400,0.224,0,0.0439,4,0.14800000000000002,-13.009,1,15,0.0339,66.624,0.0746,6
0.4320000000000001,0.507,248133,0.738,0,0.0,9,0.172,-6.126,1,54,0.0386,117.491,0.927,4
0.637,0.535,154667,0.735,0,0.0,0,0.212,-10.661,1,23,0.0673,95.574,0.691,6
0.0442,0.7040000000000001,309587,0.836,1,0.0,11,0.0744,-5.254,1,51,0.326,183.465,0.606,3
0.0402,0.857,261267,0.764,0,0.0,1,0.425,-6.3039999999999985,1,59,0.246,93.071,0.579,3
0.59,0.487,167653,0.61,0,0.138,2,0.125,-10.777,1,42,0.0349,127.494,0.555,6
0.222,0.626,215017,0.653,0,0.0,0,0.154,-5.136,1,40,0.026,81.046,0.88,4
0.986,0.17800000000000002,179867,0.203,0,0.00912,3,0.16399999999999998,-11.365,1,0,0.0316,84.639,0.104,7
0.348,0.578,291253,0.535,0,0.0,2,0.185,-8.818999999999997,1,41,0.0253,92.032,0.45,3
0.821,0.516,119255,0.491,0,0.000458,5,0.0842,-10.169,1,13,0.0372,161.844,0.8420000000000001,6
0.895,0.69,194507,0.239,0,4.370000000000001e-05,7,0.0789,-14.575,1,45,0.0502,157.52200000000005,0.804,5
0.606,0.853,164400,0.578,0,0.0,7,0.0521,-8.12,0,40,0.246,113.417,0.966,3
0.535,0.292,487773,0.121,0,0.337,11,0.12,-19.38,1,0,0.0562,63.359,0.119,8
0.404,0.711,317707,0.282,0,0.0,10,0.364,-15.812,0,13,0.952,79.42399999999998,0.5589999999999999,8
0.518,0.7979999999999999,215720,0.6579999999999999,0,0.0538,6,0.338,-11.542,1,35,0.031,118.829,0.968,5
0.826,0.725,154800,0.108,1,0.0,11,0.393,-18.449,0,0,0.945,109.801,0.617,8
0.974,0.526,190537,0.165,0,0.0,2,0.14800000000000002,-15.365,1,0,0.0594,121.396,0.6759999999999999,8
0.951,0.828,156667,0.448,0,5.29e-06,10,0.109,-10.565,1,0,0.133,96.194,0.742,7
0.0792,0.664,189587,0.915,0,0.0,4,0.0748,-5.7970000000000015,1,37,0.0335,118.769,0.518,5
0.8170000000000001,0.486,162773,0.5670000000000001,0,0.0,6,0.16699999999999998,-7.178,1,14,0.0404,146.661,0.6709999999999999,6
0.0073599999999999985,0.7490000000000001,212147,0.81,1,0.0,0,0.203,-6.46,1,37,0.189,104.224,0.7290000000000001,3
0.279,0.718,211128,0.805,1,0.0,7,0.527,-5.2570000000000014,1,72,0.325,132.995,0.36,1
0.677,0.624,169629,0.42,0,0.0006940000000000001,7,0.111,-9.907,1,39,0.0345,80.021,0.838,7
0.052000000000000005,0.753,180148,0.602,0,0.00024900000000000004,0,0.102,-6.3260000000000005,1,60,0.149,94.056,0.555,1
0.0439,0.5870000000000001,262307,0.512,0,1.84e-05,4,0.0452,-7.523,1,55,0.0308,141.852,0.334,1
0.795,0.8140000000000001,134000,0.54,0,0.00057,0,0.106,-9.534,1,14,0.0386,120.646,0.901,7
0.969,0.657,142200,0.728,0,0.00154,0,0.153,-7.805,1,0,0.0559,124.574,0.826,9
0.991,0.28600000000000003,102960,0.109,0,0.911,10,0.14800000000000002,-19.549,1,0,0.0336,82.44,0.301,10
0.993,0.7440000000000001,163507,0.156,0,0.13699999999999998,2,0.192,-16.5,0,0,0.109,121.134,0.584,9
0.281,0.628,162508,0.589,0,6.91e-05,9,0.249,-8.615,1,45,0.0722,165.84400000000005,0.563,6
0.903,0.206,142413,0.0396,0,0.795,8,0.0997,-20.222,0,0,0.047,67.32600000000001,0.0395,9
0.281,0.748,296907,0.746,1,3.3100000000000005e-05,1,0.632,-9.721,1,43,0.111,123.144,0.7090000000000001,2
0.807,0.6579999999999999,189880,0.138,0,0.0,0,0.16,-16.809,1,40,0.0368,110.66,0.397,2
0.815,0.4920000000000001,447493,0.375,0,0.00374,5,0.26,-15.136,0,4,0.0509,94.343,0.6809999999999999,7
0.643,0.527,276560,0.334,0,0.0,0,0.114,-11.54,1,57,0.0681,80.334,0.18600000000000005,1
0.131,0.443,260667,0.627,0,0.0,7,0.0782,-13.053,1,31,0.182,202.557,0.873,3
0.0163,0.574,312693,0.368,0,2.12e-05,7,0.0746,-10.644,1,47,0.0271,129.457,0.29600000000000004,3
0.0516,0.51,218867,0.763,0,0.0151,6,0.101,-4.506,1,46,0.0701,173.053,0.344,2
0.991,0.5589999999999999,158333,0.118,0,0.0492,10,0.324,-14.34,1,0,0.0478,139.325,0.588,7
0.000557,0.716,329107,0.634,0,7.290000000000001e-05,2,0.249,-9.332,1,39,0.0315,110.789,0.348,4
0.7659999999999999,0.378,221601,0.0776,0,0.0109,7,0.08199999999999999,-22.326,1,42,0.0347,74.454,0.112,4
0.6559999999999999,0.393,200693,0.405,0,0.0893,6,0.163,-11.008,1,31,0.0357,132.899,0.161,5
0.914,0.504,221467,0.0423,0,0.527,2,0.0929,-27.863000000000003,0,4,0.0507,78.681,0.14800000000000002,7
0.929,0.35,199631,0.496,0,0.0232,9,0.157,-11.201,1,0,0.0418,130.017,0.5660000000000001,9
0.0878,0.5479999999999999,263160,0.919,0,0.0509,0,0.119,-5.318,1,39,0.0371,113.054,0.473,3
0.248,0.764,194565,0.362,1,3e-06,6,0.0974,-13.237,0,58,0.317,153.954,0.35200000000000004,1
0.861,0.804,148800,0.26,0,0.0,4,0.102,-13.375,1,30,0.0431,115.268,0.7120000000000001,5
0.979,0.237,228907,0.0735,0,0.0013800000000000002,7,0.0933,-22.04,1,1,0.0378,99.614,0.16699999999999998,8
0.222,0.835,204547,0.809,0,0.0,9,0.0439,-8.302999999999999,0,39,0.0521,132.461,0.963,4
0.966,0.54,286133,0.0671,0,0.779,1,0.101,-18.633,1,49,0.0397,84.19200000000002,0.316,4
0.8240000000000001,0.28300000000000003,265747,0.374,0,1.7800000000000002e-05,0,0.111,-9.512,1,35,0.0344,185.314,0.179,5
0.775,0.522,157453,0.336,0,0.00725,7,0.142,-12.791,1,15,0.0307,117.264,0.655,6
0.0727,0.581,263840,0.422,0,1.17e-06,7,0.118,-14.022,1,39,0.0291,124.29,0.237,4
0.0466,0.8809999999999999,253893,0.6659999999999999,1,2.02e-06,6,0.119,-9.155,0,38,0.378,91.547,0.78,3
0.014,0.274,113867,0.987,0,0.0,9,0.768,0.15,1,26,0.121,183.505,0.743,5
0.809,0.789,287907,0.536,0,0.0,7,0.12,-11.26,1,40,0.0299,114.602,0.743,3
0.409,0.657,226133,0.556,0,0.00358,7,0.13699999999999998,-10.795,1,22,0.0927,149.76,0.609,4
0.758,0.381,178213,0.298,0,0.00151,3,0.172,-10.745,1,0,0.0451,120.082,0.539,9
0.413,0.447,239640,0.526,0,0.0,10,0.12,-8.064,1,48,0.0299,79.657,0.13699999999999998,3
0.00031800000000000003,0.117,281213,0.7979999999999999,0,0.0188,7,0.0343,-6.295,0,48,0.0753,170.885,0.136,2
0.0203,0.503,196400,0.578,0,3.89e-05,9,0.338,-14.995,1,22,0.0508,115.78,0.82,5
0.0133,0.4970000000000001,251067,0.7040000000000001,0,0.000394,0,0.371,-12.056,1,43,0.0346,164.679,0.5820000000000001,4
0.696,0.708,154840,0.561,0,6.23e-06,1,0.275,-9.719,1,38,0.0569,96.307,0.943,6
0.954,0.536,202573,0.266,0,0.928,5,0.499,-14.261,0,20,0.0579,126.629,0.311,6
0.983,0.187,193440,0.0191,0,0.00434,10,0.0857,-23.011,1,11,0.0385,174.701,0.0742,7
0.983,0.228,567053,0.14300000000000002,0,0.934,0,0.0766,-21.903,0,50,0.0405,75.52199999999998,0.134,3
0.61,0.495,728333,0.456,0,0.000609,2,0.0743,-12.24,1,34,0.04,136.967,0.5589999999999999,4
0.902,0.117,474933,0.0843,0,0.882,7,0.0764,-20.023,1,53,0.038,81.65899999999998,0.0529,3
0.297,0.593,224347,0.557,0,0.0,0,0.0619,-9.326,1,40,0.0315,120.168,0.728,3
0.105,0.444,166240,0.85,0,0.0181,0,0.5489999999999999,-7.832999999999997,1,42,0.0711,150.401,0.4920000000000001,5
0.981,0.46,197040,0.12,0,0.573,7,0.107,-17.511,0,42,0.0303,87.09299999999998,0.238,2
0.909,0.452,108000,0.514,0,1.99e-05,10,0.3670000000000001,-7.9,1,16,0.0332,123.26,0.625,7
0.397,0.5660000000000001,147333,0.747,0,0.0,0,0.215,-11.049,0,34,0.0693,177.287,0.893,6
0.753,0.659,178097,0.4270000000000001,0,0.00571,5,0.219,-9.793,1,19,0.0283,119.871,0.862,6
0.8540000000000001,0.17600000000000002,287973,0.151,0,0.6759999999999999,2,0.0764,-21.319000000000006,0,0,0.0461,123.498,0.039,8
0.0043,0.556,168093,0.633,0,0.272,4,0.396,-11.307,1,32,0.0787,124.163,0.652,5
0.233,0.815,222600,0.6759999999999999,0,0.0237,9,0.242,-9.174,0,52,0.0934,88.008,0.77,2
0.0826,0.393,240093,0.514,0,0.00105,9,0.0613,-16.031,1,29,0.0297,100.776,0.475,4
0.7390000000000001,0.0724,166880,0.061,0,0.763,5,0.207,-29.512,0,8,0.0402,77.139,0.0362,7
0.958,0.243,188093,0.118,0,0.000308,8,0.134,-14.403,1,1,0.0318,82.59200000000001,0.155,8
0.616,0.653,126413,0.75,0,0.0,9,0.289,-6.5310000000000015,1,40,0.0356,125.7,0.962,4
0.17600000000000002,0.527,235627,0.8590000000000001,0,0.0866,7,0.157,-6.685,1,68,0.0687,74.214,0.443,4
0.696,0.767,140013,0.224,0,2.52e-06,4,0.138,-12.646,1,1,0.0287,102.076,0.693,7
0.1,0.64,226533,0.836,0,0.343,0,0.0903,-7.2010000000000005,1,25,0.0364,80.071,0.889,6
0.119,0.556,204653,0.645,0,1.2e-05,4,0.105,-9.415,0,50,0.0467,167.562,0.7090000000000001,2
0.88,0.435,190000,0.373,0,0.737,7,0.46,-11.62,0,4,0.0353,113.018,0.35,7
0.938,0.239,83133,0.252,0,0.921,1,0.105,-13.668,0,45,0.0347,94.871,0.0973,5
0.434,0.5710000000000001,277133,0.629,0,0.006529999999999999,0,0.211,-7.277,0,29,0.0678,84.209,0.505,4
0.782,0.596,295440,0.292,0,4.320000000000001e-05,10,0.116,-14.666,1,25,0.027000000000000003,102.122,0.315,6
0.537,0.401,162560,0.488,0,5.770000000000001e-05,11,0.828,-12.607,1,42,0.0534,147.132,0.621,5
0.735,0.53,171427,0.5429999999999999,0,1.34e-05,3,0.0697,-7.103,0,12,0.0465,85.01700000000002,0.71,6
0.993,0.35700000000000004,145763,0.366,0,0.446,0,0.16,-11.267,1,10,0.0379,77.972,0.256,7
0.609,0.375,241867,0.243,0,0.0,4,0.123,-17.187,1,48,0.0341,201.712,0.421,3
0.927,0.07,455893,0.101,0,0.926,5,0.285,-20.565,1,1,0.0487,63.651,0.0373,8
0.855,0.894,154129,0.177,0,0.836,7,0.138,-18.984,1,9,0.275,107.724,0.755,8
0.672,0.574,163667,0.463,0,0.0,0,0.0826,-13.854,1,35,0.029,96.136,0.8420000000000001,6
0.461,0.512,407867,0.455,0,0.436,2,0.124,-8.595,1,46,0.03,181.112,0.5820000000000001,4
0.0005679999999999999,0.392,319427,0.993,0,0.0067,6,0.272,-2.535,1,58,0.134,95.298,0.35100000000000003,2
0.988,0.4970000000000001,259200,0.0971,0,0.873,7,0.115,-23.992,1,2,0.0509,121.93,0.373,9
0.989,0.774,185493,0.251,0,0.447,3,0.0809,-6.657,1,0,0.0871,113.056,0.852,9
0.81,0.244,130107,0.327,0,0.936,1,0.17,-12.073,1,20,0.0334,135.309,0.174,6
0.0023,0.439,160933,0.421,0,0.0,9,0.188,-9.813,1,28,0.0302,113.464,0.0945,5
0.992,0.469,161332,0.17800000000000002,0,0.0,7,0.14300000000000002,-10.244000000000002,1,4,0.0485,91.681,0.59,9
0.0238,0.404,199000,0.958,0,0.00137,11,0.334,-4.4830000000000005,1,42,0.108,137.77100000000002,0.17600000000000002,5
0.0426,0.5920000000000001,221840,0.7859999999999999,1,2.12e-05,1,0.334,-7.1320000000000014,1,42,0.228,102.52,0.438,2
0.0151,0.652,213893,0.636,0,0.0,4,0.0937,-7.059,0,39,0.111,143.937,0.317,2
0.381,0.517,266533,0.311,0,1.25e-06,3,0.0885,-9.482,0,43,0.0293,124.182,0.125,3
0.116,0.0,184460,0.453,0,0.922,9,0.503,-16.773,0,68,0.0,0.0,0.0,1
0.898,0.802,57522,0.989,0,0.514,2,0.191,-7.975,0,1,0.207,133.04399999999998,0.327,9
0.978,0.354,135333,0.0956,0,7.400000000000001e-06,9,0.113,-16.683,0,5,0.0443,70.90899999999998,0.162,7
0.992,0.278,57413,0.161,0,0.8809999999999999,10,0.245,-22.246,0,2,0.0363,100.676,0.612,8
0.8959999999999999,0.422,248533,0.165,0,0.617,4,0.0944,-18.635,1,31,0.0394,157.286,0.303,6
0.946,0.531,635267,0.128,0,0.8009999999999999,2,0.0954,-18.705,0,31,0.0424,110.854,0.0672,3
0.0149,0.5770000000000001,208827,0.833,0,1.1e-05,11,0.0274,-5.206,1,34,0.0497,125.221,0.768,3
0.0248,0.418,264440,0.665,0,0.0237,7,0.105,-9.892,1,21,0.0473,94.712,0.431,4
0.995,0.705,188624,0.0263,0,0.816,9,0.0951,-14.74,1,0,0.768,65.61399999999999,0.945,8
0.862,0.54,131960,0.293,0,0.0,5,0.29600000000000004,-11.088,0,10,0.0357,138.05200000000002,0.49,7
0.7020000000000001,0.26,172707,0.334,0,0.00288,11,0.326,-12.518,1,16,0.0309,82.26100000000002,0.154,6
0.00933,0.491,333467,0.5660000000000001,0,0.000226,0,0.114,-6.445,0,48,0.0319,124.091,0.184,1
0.995,0.685,173866,0.16699999999999998,0,0.665,7,0.165,-13.306,1,0,0.0435,94.987,0.741,8
0.107,0.86,262618,0.705,0,8.87e-06,10,0.149,-12.514,0,57,0.0894,134.395,0.8540000000000001,4
0.232,0.818,269453,0.7190000000000001,0,0.00115,9,0.153,-7.006,1,37,0.0339,128.912,0.782,4
0.889,0.524,126055,0.297,0,1.15e-05,9,0.456,-9.461,1,0,0.0573,149.752,0.6579999999999999,8
0.99,0.71,173533,0.139,0,0.931,6,0.106,-14.648,1,0,0.0649,123.811,0.8690000000000001,8
0.44,0.228,74800,0.195,0,0.952,3,0.0985,-12.988,1,19,0.0316,141.695,0.654,6
0.602,0.36,183200,0.525,0,1.8e-05,0,0.265,-10.372,1,23,0.0484,171.204,0.324,6
0.5870000000000001,0.439,270200,0.632,0,0.000131,6,0.185,-11.798,0,44,0.0593,166.94299999999996,0.7490000000000001,5
0.162,0.69,183468,0.753,0,0.0,6,0.0718,-3.83,1,55,0.0555,148.024,0.931,1
0.968,0.6729999999999999,154933,0.132,0,0.0,9,0.14300000000000002,-19.41,1,0,0.47,74.8,0.583,9
0.987,0.501,88000,0.374,0,1.8e-06,5,0.105,-11.255,1,0,0.138,116.318,0.598,7
0.317,0.6809999999999999,206800,0.484,0,0.0,4,0.121,-13.67,1,52,0.0348,129.733,0.923,5
0.006809999999999999,0.664,258653,0.6859999999999999,0,0.0,5,0.135,-6.172999999999999,0,49,0.174,86.352,0.529,2
0.975,0.461,185227,0.518,0,0.969,3,0.198,-10.433,1,11,0.115,200.533,0.84,7
0.7559999999999999,0.349,253028,0.207,0,0.0008560000000000001,9,0.0842,-12.652,1,0,0.0315,94.666,0.24,8
0.0528,0.6509999999999999,249520,0.747,0,0.0,1,0.207,-7.269,0,71,0.0699,147.518,0.7759999999999999,3
0.7659999999999999,0.447,176107,0.331,0,0.945,7,0.21,-12.092,0,13,0.0269,110.872,0.556,6
0.926,0.634,87040,0.00399,0,0.919,5,0.105,-29.97300000000001,0,0,0.0377,79.895,0.396,10
