0.111,0.413,214160,0.428,0,0.0,0,0.114,-7.414,1,70,0.0296,79.985,0.391,1
0.969,0.5870000000000001,197027,0.266,0,0.0138,7,0.344,-11.839,0,10,0.0571,144.94799999999995,0.598,8
0.7759999999999999,0.522,138971,0.37,0,0.0,2,0.117,-13.505999999999998,0,14,0.0412,115.403,0.552,7
0.944,0.552,201880,0.476,0,0.409,2,0.429,-10.797,0,0,0.0823,144.53799999999995,0.75,8
0.0201,0.3720000000000001,182800,0.8290000000000001,0,9.02e-05,9,0.3,-6.899,1,33,0.132,134.921,0.249,4
0.993,0.354,212213,0.142,0,0.736,5,0.114,-18.346,1,1,0.0566,68.33,0.332,9
0.986,0.515,190227,0.133,0,1.04e-05,1,0.118,-12.32,1,12,0.0408,80.876,0.48,7
0.0058,0.81,269867,0.6709999999999999,0,0.00131,11,0.0692,-4.959,1,38,0.0503,130.001,0.909,2
0.022,0.361,181960,0.922,1,0.000196,7,0.206,-4.715,1,37,0.0565,136.106,0.537,4
0.7959999999999999,0.8290000000000001,167493,0.3670000000000001,0,0.0,7,0.251,-13.167,1,32,0.257,121.669,0.764,8
0.212,0.7140000000000001,102144,0.234,1,0.0,7,0.319,-19.727,1,0,0.885,109.288,0.551,10
0.00121,0.634,201493,0.897,0,0.867,9,0.134,-6.365,0,31,0.0398,109.282,0.963,5
0.105,0.8590000000000001,187465,0.506,1,0.0,10,0.113,-8.115,0,63,0.418,140.97299999999996,0.153,1
0.0409,0.556,281200,0.436,0,0.0,7,0.119,-7.9060000000000015,1,38,0.0335,119.91,0.0799,2
0.274,0.8290000000000001,188027,0.82,1,0.0,4,0.0574,-5.113,1,41,0.317,103.192,0.6609999999999999,2
0.17600000000000002,0.273,216467,0.312,0,0.0,2,0.218,-12.453,1,42,0.0325,121.456,0.185,3
0.441,0.298,270813,0.7020000000000001,0,0.0,0,0.35,-4.181,1,55,0.0398,143.828,0.429,2
0.0214,0.547,180815,0.79,0,0.0,4,0.0312,-5.001,1,62,0.0694,86.03299999999999,0.5870000000000001,1
0.16399999999999998,0.38,114653,0.7020000000000001,0,2.46e-06,9,0.421,-11.502,0,8,0.0387,186.775,0.821,7
0.00377,0.624,317788,0.7509999999999999,0,1e-05,2,0.0329,-9.963,0,28,0.0482,96.211,0.708,3
0.0362,0.59,165613,0.448,0,0.0,3,0.104,-11.901,1,27,0.0256,86.656,0.68,6
0.35600000000000004,0.412,165600,0.59,0,0.0149,2,0.0676,-11.236,1,28,0.0288,153.781,0.727,6
0.943,0.349,190421,0.238,0,0.00107,7,0.411,-16.570999999999998,0,0,0.0531,83.917,0.293,8
0.994,0.845,172000,0.0472,0,0.281,5,0.234,-22.392,1,0,0.173,113.494,0.677,10
0.938,0.617,180827,0.154,0,5.76e-05,5,0.172,-23.122,0,34,0.341,184.826,0.903,9
0.995,0.268,121787,0.0944,0,0.872,9,0.387,-20.667,0,0,0.0447,64.206,0.28,10
0.0343,0.275,169320,0.958,0,0.009000000000000001,7,0.0554,-5.86,1,43,0.14400000000000002,161.612,0.446,4
0.96,0.14800000000000002,171867,0.18,0,7.049999999999999e-05,5,0.125,-18.03,1,11,0.0433,64.57300000000001,0.0598,7
0.693,0.899,168360,0.453,0,0.0,5,0.0503,-9.075,1,52,0.057,99.056,0.973,3
0.0546,0.615,261267,0.619,1,0.0,1,0.31,-6.567,1,44,0.231,152.105,0.521,2
0.907,0.366,131827,0.147,0,0.0,5,0.124,-16.26,1,15,0.0463,90.104,0.403,8
0.27,0.767,180773,0.476,0,0.0,11,0.0619,-8.881,1,29,0.322,75.069,0.964,5
0.000698,0.4320000000000001,217853,0.807,0,1.08e-06,3,0.42,-4.114,1,43,0.0275,164.03,0.534,2
0.981,0.55,210520,0.0906,0,0.856,2,0.0991,-19.387,1,45,0.0322,108.949,0.191,2
0.17800000000000002,0.5589999999999999,341893,0.0963,0,7.13e-06,2,0.251,-20.385,1,29,0.0281,93.493,0.177,4
0.0581,0.7240000000000001,106293,0.675,1,0.0,2,0.35700000000000004,-5.943,1,44,0.134,125.002,0.534,1
0.0184,0.8390000000000001,242520,0.705,1,1.77e-05,5,0.102,-5.194,0,71,0.0445,119.954,0.575,1
0.989,0.56,226707,0.504,0,0.443,2,0.177,-9.026,1,35,0.0311,118.412,0.731,6
0.275,0.64,212400,0.5489999999999999,0,0.0015,11,0.36,-11.107,1,39,0.0331,117.704,0.8240000000000001,3
0.000361,0.565,401733,0.787,0,0.112,2,0.185,-15.608,1,40,0.0448,148.04,0.94,4
0.506,0.519,35227,0.475,0,0.071,7,0.103,-9.553,0,0,0.107,105.639,0.615,7
0.467,0.471,229360,0.36,0,2.3e-05,7,0.0914,-9.515,1,31,0.0292,96.694,0.343,5
0.8240000000000001,0.508,217160,0.6,1,0.000401,6,0.121,-10.425999999999998,0,28,0.0385,91.722,0.586,4
0.486,0.652,279667,0.338,0,5.9e-05,9,0.0744,-11.58,1,60,0.0367,116.881,0.392,4
0.0118,0.526,228520,0.931,0,0.00182,6,0.0537,-6.436,0,50,0.0473,169.422,0.81,4
0.407,0.589,275027,0.496,0,0.0,8,0.256,-5.2029999999999985,1,40,0.214,186.475,0.421,2
0.545,0.512,365720,0.362,0,0.00133,0,0.0813,-9.661,1,31,0.0267,131.42700000000002,0.364,4
0.665,0.608,141253,0.4320000000000001,0,2.51e-06,2,0.0571,-12.124,1,21,0.0293,111.783,0.8170000000000001,6
0.994,0.198,211540,0.214,0,0.307,0,0.0872,-11.884,0,1,0.0327,176.09099999999995,0.231,8
0.00904,0.625,227347,0.812,0,0.6859999999999999,4,0.138,-9.212,0,40,0.0526,138.375,0.731,4
0.000251,0.438,237320,0.964,1,0.0,0,0.247,-3.334,1,50,0.115,173.047,0.289,1
0.556,0.488,206459,0.343,0,0.0,4,0.21,-8.985,1,85,0.0436,102.819,0.0978,0
0.861,0.295,755653,0.0545,0,0.5870000000000001,9,0.273,-16.854,0,0,0.0371,127.012,0.119,8
0.6809999999999999,0.6609999999999999,153387,0.416,0,0.00299,8,0.294,-8.802,1,0,0.0841,106.97,0.8590000000000001,8
0.996,0.705,163507,0.0547,0,0.00962,2,0.126,-18.563,0,0,0.139,120.678,0.7070000000000001,9
0.0803,0.484,276840,0.6940000000000001,0,0.000189,7,0.898,-7.497000000000001,1,31,0.0379,102.412,0.502,4
0.677,0.6759999999999999,173893,0.245,0,0.0,0,0.319,-14.27,1,49,0.0299,86.338,0.532,4
0.517,0.555,146093,0.5329999999999999,0,0.0,4,0.116,-9.162,0,51,0.0409,173.90599999999995,0.7879999999999999,2
0.856,0.573,185800,0.365,0,4.09e-05,9,0.0261,-9.774,1,5,0.0784,169.74400000000003,0.539,8
0.866,0.409,468840,0.24,0,0.659,2,0.189,-15.616,1,0,0.0473,91.682,0.419,8
0.107,0.792,205493,0.486,0,0.00221,1,0.121,-11.291,0,39,0.0284,130.738,0.848,5
0.0356,0.7929999999999999,252171,0.531,1,9.47e-06,9,0.0905,-8.498,0,59,0.128,129.946,0.339,1
0.0531,0.573,210653,0.7440000000000001,0,0.0,7,0.31,-5.468,1,53,0.0428,154.99200000000005,0.534,1
0.915,0.317,238268,0.0771,0,0.0,2,0.16699999999999998,-15.699000000000002,1,25,0.032,148.33100000000005,0.101,6
0.833,0.639,391813,0.422,0,0.532,10,0.095,-6.385,0,18,0.0349,90.124,0.642,7
0.6779999999999999,0.831,212800,0.6829999999999999,0,0.00197,0,0.332,-7.403,1,62,0.0285,92.31,0.948,5
0.983,0.393,179827,0.14400000000000002,0,1.05e-05,3,0.282,-16.428,0,0,0.068,92.726,0.0608,7
0.206,0.274,263991,0.434,0,0.0,1,0.119,-7.654,1,44,0.0285,83.524,0.118,1
0.0961,0.321,308600,0.462,0,0.0,8,0.102,-10.711,1,51,0.0346,116.782,0.457,2
0.68,0.26,235107,0.151,0,0.000109,8,0.0982,-14.786,1,17,0.0306,57.685,0.168,6
0.852,0.486,184800,0.701,0,0.746,7,0.108,-10.53,1,45,0.0348,155.269,0.74,6
0.281,0.204,590000,0.8370000000000001,0,0.00405,5,0.29100000000000004,-7.6179999999999986,1,60,0.0676,171.514,0.392,5
0.992,0.7979999999999999,148034,0.117,0,0.821,0,0.114,-16.003,1,58,0.0723,137.83,0.192,1
0.993,0.597,188424,0.278,0,8.28e-06,8,0.125,-12.015,0,0,0.0373,105.2,0.54,8
0.952,0.49,194883,0.39,0,0.797,7,0.345,-14.726,1,0,0.0552,182.579,0.8490000000000001,8
0.915,0.604,174053,0.0473,0,0.247,4,0.103,-22.699,0,2,0.0406,105.842,0.321,7
0.8140000000000001,0.7,149587,0.344,0,0.0,9,0.141,-13.3,1,42,0.0458,110.782,0.7040000000000001,5
0.0117,0.711,204560,0.7879999999999999,0,2.05e-06,11,0.311,-14.705,1,28,0.0825,103.172,0.757,4
0.236,0.79,207027,0.493,0,0.0008119999999999999,10,0.29,-10.715,1,49,0.0567,78.018,0.5489999999999999,1
0.359,0.542,255200,0.6559999999999999,0,0.06,0,0.0756,-10.466,1,31,0.068,185.868,0.85,4
0.884,0.424,151267,0.233,0,0.0,7,0.867,-13.422,1,35,0.0442,112.775,0.485,3
0.655,0.7,130747,0.418,0,0.0,4,0.195,-11.238,0,50,0.033,119.627,0.721,2
0.922,0.252,194440,0.55,0,0.000111,10,0.227,-9.604,1,4,0.057,73.533,0.402,7
0.964,0.39,198200,0.0382,0,0.0,2,0.929,-20.881,1,30,0.0438,173.37900000000005,0.227,5
0.0014199999999999998,0.5,345234,0.915,0,0.379,1,0.119,-8.777000000000001,0,41,0.0483,110.011,0.348,3
0.00039,0.309,212307,0.918,0,0.83,7,0.518,-6.7620000000000005,1,28,0.0382,117.399,0.5760000000000001,4
0.77,0.593,179230,0.518,0,6.55e-06,10,0.142,-8.975,1,19,0.0368,135.141,0.6659999999999999,6
0.994,0.642,205607,0.106,0,0.465,4,0.478,-13.436,1,0,0.435,177.4,0.61,8
0.905,0.524,129040,0.0869,0,0.0,5,0.115,-15.089,0,31,0.114,168.412,0.478,6
0.389,0.598,330427,0.274,0,0.0,4,0.979,-15.065,0,35,0.0623,147.218,0.789,3
0.7340000000000001,0.637,188611,0.493,0,0.0576,10,0.28,-8.844,0,61,0.145,125.949,0.477,1
0.992,0.401,199067,0.452,0,0.000215,9,0.287,-6.4529999999999985,1,0,0.0354,104.071,0.675,9
0.8490000000000001,0.515,274400,0.7929999999999999,0,0.317,1,0.236,-9.557,0,56,0.034,100.551,0.737,5
0.0209,0.7020000000000001,188526,0.721,0,0.0,5,0.0571,-3.024,1,57,0.13,106.029,0.7829999999999999,1
0.119,0.588,220653,0.708,0,1.51e-05,0,0.325,-7.005,1,44,0.0256,148.344,0.539,2
0.245,0.7809999999999999,279000,0.672,0,0.0,2,0.161,-7.474,1,51,0.108,90.609,0.8540000000000001,4
0.952,0.203,181493,0.306,0,0.000307,10,0.281,-12.366,0,17,0.0344,76.905,0.0625,7
0.977,0.471,178467,0.0567,0,0.85,9,0.124,-26.177,1,1,0.0794,87.079,0.8270000000000001,9
0.0195,0.547,202733,0.815,1,0.0,1,0.161,-6.002999999999999,0,45,0.0645,150.02,0.6779999999999999,2
0.459,0.5670000000000001,348107,0.914,0,0.7509999999999999,11,0.0659,-8.517999999999999,0,37,0.0524,152.628,0.721,5
0.0448,0.583,277493,0.7929999999999999,0,0.146,10,0.451,-7.757999999999999,1,35,0.045,113.494,0.479,2
0.0597,0.684,212454,0.639,0,0.133,7,0.0996,-8.853,0,42,0.0373,180.046,0.765,3
0.948,0.777,190000,0.536,0,0.00312,4,0.0817,-10.942,1,0,0.0401,69.539,0.955,7
0.000868,0.596,255227,0.7929999999999999,0,0.75,9,0.157,-12.112,0,35,0.0328,122.437,0.655,4
0.8420000000000001,0.5820000000000001,158333,0.5429999999999999,0,0.0,7,0.7,-11.663,1,24,0.108,110.029,0.815,6
0.266,0.604,250547,0.636,0,0.0,10,0.16699999999999998,-6.535,1,58,0.044,147.909,0.424,2
0.482,0.8290000000000001,200310,0.527,1,0.0,6,0.631,-6.644,0,73,0.3670000000000001,116.078,0.473,1
0.218,0.203,277840,0.82,0,0.0034200000000000003,9,0.107,-15.455,1,30,0.101,202.618,0.281,4
0.978,0.251,249333,0.34,0,4.870000000000001e-05,1,0.16,-12.715,1,8,0.0451,75.811,0.177,7
0.993,0.29,415733,0.124,0,0.903,6,0.13,-17.667,1,0,0.0382,71.581,0.113,10
0.959,0.35700000000000004,257933,0.0449,0,0.0,7,0.103,-25.965,1,0,0.0772,88.75200000000002,0.076,7
0.193,0.772,205360,0.885,1,9.48e-06,1,0.0953,-4.7360000000000015,1,51,0.0847,94.98,0.512,1
0.994,0.0664,261560,0.004070000000000001,0,0.958,0,0.0712,-39.94,1,37,0.0366,71.376,0.0374,4
0.0178,0.5529999999999999,280160,0.8859999999999999,0,0.0,11,0.0923,-5.579,0,44,0.0427,109.145,0.5720000000000001,2
0.407,0.53,221360,0.422,0,0.0,5,0.107,-6.2620000000000005,1,75,0.0342,119.964,0.349,1
0.204,0.769,298707,0.701,0,0.0181,7,0.235,-12.547,1,32,0.0699,127.439,0.623,4
0.841,0.606,166480,0.287,0,0.816,9,0.238,-24.313,0,0,0.109,112.362,0.7559999999999999,7
0.901,0.555,240120,0.0439,0,0.000197,10,0.12,-18.093,1,33,0.0608,100.45,0.159,5
0.041,0.375,262493,0.856,0,1.44e-06,11,0.0949,-8.334,0,41,0.0614,91.049,0.205,4
0.767,0.5329999999999999,188973,0.292,0,0.114,5,0.659,-15.621,1,33,0.0258,102.158,0.524,5
0.882,0.29600000000000004,187267,0.342,0,0.000967,2,0.0748,-11.879,1,63,0.0471,52.00100000000001,0.0794,1
0.0226,0.64,244000,0.884,0,0.0,6,0.187,-2.609,1,57,0.0428,124.968,0.573,2
0.343,0.867,219560,0.79,0,0.0131,1,0.245,-5.424,1,58,0.0518,110.048,0.8140000000000001,3
0.0113,0.8059999999999999,219840,0.608,0,0.0,1,0.635,-7.007999999999999,1,72,0.0659,95.049,0.8490000000000001,1
0.103,0.726,74027,0.647,1,2.16e-06,1,0.131,-13.521,1,38,0.416,97.299,0.7020000000000001,4
0.229,0.597,206400,0.43,1,0.0279,0,0.0807,-9.916,1,45,0.0305,149.165,0.459,3
1.98e-05,0.402,293813,0.472,0,0.483,2,0.0906,-9.484,1,38,0.0329,119.36,0.259,6
0.875,0.404,228413,0.27,0,0.0,6,0.262,-16.337,1,50,0.0681,91.396,0.294,4
0.995,0.461,191240,0.133,0,0.894,11,0.16399999999999998,-17.188,1,0,0.0511,136.93,0.743,9
0.00792,0.485,260530,0.979,0,0.00171,2,0.387,-0.943,1,59,0.116,175.074,0.4320000000000001,1
0.0443,0.194,52524,0.991,0,0.22,0,0.423,-3.642,1,0,0.182,152.531,0.316,8
0.994,0.67,171000,0.25,0,0.797,2,0.108,-11.914,1,0,0.0543,121.525,0.545,10
0.8320000000000001,0.5379999999999999,316973,0.236,0,0.0,2,0.0598,-16.802,1,39,0.105,123.546,0.469,3
0.0161,0.475,166000,0.838,0,0.0,2,0.331,-3.616,0,42,0.0375,140.093,0.38,2
0.339,0.764,120400,0.154,1,1.57e-06,7,0.4920000000000001,-19.748,1,0,0.921,101.544,0.487,8
0.013,0.617,206200,0.6579999999999999,0,0.0007650000000000001,2,0.0811,-7.989,1,24,0.0294,122.902,0.55,5
0.00512,0.7340000000000001,238748,0.8320000000000001,0,0.000666,9,0.194,-6.408,0,59,0.0554,113.912,0.812,2
0.008579999999999999,0.292,306427,0.674,0,5.06e-05,4,0.366,-15.875,0,21,0.0425,157.539,0.6509999999999999,4
0.0314,0.648,187001,0.345,1,0.0,2,0.344,-16.307000000000002,0,0,0.95,80.141,0.593,10
0.271,0.71,223640,0.449,0,5.99e-06,4,0.0667,-10.889,0,27,0.0315,94.261,0.448,5
0.499,0.7609999999999999,149133,0.561,0,0.0,0,0.37,-8.769,0,25,0.192,96.523,0.775,6
0.199,0.852,211627,0.657,0,1.5e-06,9,0.0646,-7.76,0,34,0.0532,114.087,0.8370000000000001,4
0.642,0.654,146987,0.349,0,0.185,0,0.0814,-16.28,0,7,0.0655,126.059,0.7340000000000001,7
0.7120000000000001,0.779,176493,0.6940000000000001,0,0.0,9,0.21600000000000005,-5.685,1,59,0.0295,126.079,0.919,1
0.118,0.846,201133,0.385,0,0.00139,2,0.182,-15.779000000000002,1,25,0.0438,127.019,0.763,5
0.975,0.653,179000,0.31,0,0.000169,9,0.0709,-12.212,1,0,0.142,128.284,0.902,9
0.281,0.667,210213,0.398,0,0.0111,5,0.104,-13.892,1,56,0.0275,80.062,0.416,3
0.408,0.486,273684,0.652,0,6.63e-05,11,0.077,-7.226,0,77,0.052000000000000005,113.055,0.391,1
0.989,0.672,174493,0.274,0,0.799,8,0.518,-7.268,0,0,0.115,113.876,0.728,9
0.772,0.6559999999999999,202373,0.726,0,0.000354,8,0.112,-7.414,1,22,0.071,103.565,0.921,6
0.983,0.445,200840,0.307,0,0.000238,3,0.841,-11.047,1,0,0.0894,129.452,0.634,9
0.958,0.648,184880,0.485,0,0.139,11,0.0999,-4.613,1,0,0.0856,130.092,0.8959999999999999,9
0.365,0.596,264504,0.448,0,5.3e-06,5,0.206,-9.616,1,77,0.0396,83.29299999999998,0.7959999999999999,5
0.223,0.393,540760,0.524,0,0.245,9,0.195,-15.302,0,25,0.0494,136.341,0.841,6
0.7959999999999999,0.547,142773,0.465,0,1.97e-06,10,0.1,-10.627,1,27,0.038,111.385,0.6409999999999999,4
0.996,0.391,152231,0.00241,0,0.949,7,0.134,-30.56900000000001,1,68,0.079,67.191,0.388,1
0.448,0.232,206173,0.225,0,0.91,7,0.126,-14.362,0,23,0.0373,123.745,0.0384,5
0.7490000000000001,0.621,412107,0.8390000000000001,0,0.0,0,0.556,-3.486,1,42,0.0467,109.511,0.8009999999999999,4
0.81,0.62,118000,0.28,0,6.97e-05,11,0.0983,-19.028,1,28,0.0354,122.109,0.84,6
0.187,0.552,129840,0.823,0,0.0,0,0.08800000000000001,-4.604,1,46,0.0484,149.287,0.7,1
0.0976,0.885,264160,0.963,0,5.35e-06,7,0.0862,-5.892,1,49,0.0621,127.342,0.8340000000000001,3
0.14,0.696,209520,0.649,0,0.0,10,0.067,-8.552999999999999,1,43,0.0838,89.59200000000001,0.961,3
0.97,0.5329999999999999,51400,0.201,0,0.0,6,0.203,-16.711,0,0,0.0649,82.26299999999998,0.344,7
0.0137,0.604,193155,0.933,1,0.0,1,0.37,-3.034,1,64,0.214,110.029,0.28,1
0.000438,0.455,430240,0.933,0,1.91e-05,2,0.0379,-3.928,0,47,0.0506,119.967,0.489,2
0.8809999999999999,0.512,157973,0.331,0,0.0,10,0.448,-9.858,1,36,0.0329,109.757,0.473,6
0.0462,0.76,173870,0.674,1,0.0,7,0.22,-7.0429999999999975,1,76,0.129,101.987,0.431,0
0.277,0.302,208227,0.675,0,0.0029100000000000003,5,0.133,-7.1770000000000005,1,25,0.0418,146.034,0.349,5
0.0136,0.632,319000,0.633,0,0.0523,6,0.0824,-10.646,0,34,0.0258,121.192,0.685,3
0.532,0.616,144227,0.246,0,1.24e-06,7,0.281,-13.345,1,33,0.0367,121.683,0.617,6
0.535,0.389,197027,0.338,0,8.97e-06,11,0.153,-14.552,1,42,0.0351,146.135,0.417,3
0.754,0.502,186360,0.329,0,2.78e-06,0,0.103,-9.232,1,29,0.0379,145.613,0.45,6
0.278,0.695,122600,0.102,1,0.0,7,0.5329999999999999,-18.829,1,0,0.93,102.989,0.664,9
0.495,0.562,188134,0.278,0,0.8290000000000001,9,0.129,-17.337,1,0,0.0331,76.307,0.344,8
0.201,0.544,359067,0.441,0,0.65,2,0.0995,-11.321,1,39,0.028,101.732,0.0764,3
0.991,0.232,96067,0.008029999999999999,0,0.963,8,0.108,-31.084,1,42,0.0459,69.56,0.168,2
0.0315,0.757,244960,0.489,0,6.26e-05,4,0.103,-9.672,0,45,0.0628,136.435,0.805,4
0.146,0.7090000000000001,204453,0.7709999999999999,1,3.29e-06,7,0.249,-4.598,1,74,0.166,174.00599999999997,0.7090000000000001,1
0.00185,0.4970000000000001,295627,0.887,0,0.55,7,0.38,-8.077,1,38,0.0531,127.661,0.341,3
0.362,0.7879999999999999,235040,0.455,1,0.0,9,0.139,-8.761000000000001,1,39,0.0587,131.459,0.605,3
0.976,0.546,154467,0.16899999999999998,0,3.15e-05,6,0.133,-13.852,0,38,0.0377,96.297,0.5489999999999999,9
0.114,0.6609999999999999,168533,0.84,0,3.4e-06,2,0.0574,-10.365,1,40,0.0267,127.858,0.971,4
0.0224,0.6679999999999999,201195,0.493,0,0.922,8,0.0954,-11.265,1,0,0.0505,130.74200000000002,0.8079999999999999,8
0.0359,0.7490000000000001,314400,0.637,1,0.0,0,0.0503,-5.4979999999999976,0,39,0.032,74.99,0.529,3
0.991,0.377,59627,0.0846,0,0.866,7,0.107,-22.291,1,0,0.0383,84.756,0.324,10
0.478,0.6629999999999999,217107,0.775,0,1.22e-05,1,0.454,-9.792,1,42,0.0506,120.411,0.8390000000000001,4
0.963,0.312,948427,0.23,0,0.8909999999999999,10,0.0981,-14.648,1,0,0.032,103.91,0.0929,7
0.755,0.0642,355573,0.0104,0,0.969,0,0.219,-31.363000000000003,1,36,0.0381,68.345,0.0373,3
0.838,0.524,133467,0.512,0,0.0,0,0.147,-9.838,0,20,0.0529,107.758,0.7120000000000001,6
0.0176,0.514,239267,0.906,0,0.000902,9,0.0802,-7.144,1,39,0.0451,151.016,0.82,5
0.593,0.743,132928,0.361,1,0.0,1,0.0771,-11.285,0,61,0.14300000000000002,126.074,0.345,0
0.585,0.6459999999999999,158507,0.422,0,0.000113,0,0.103,-13.188,1,7,0.0372,106.143,0.945,7
0.234,0.679,279013,0.908,1,0.0,8,0.0821,-3.411,1,69,0.202,85.91799999999998,0.687,1
0.8009999999999999,0.395,292293,0.232,0,0.836,5,0.131,-12.982,0,46,0.0319,148.289,0.0388,2
0.0128,0.6679999999999999,255267,0.757,0,2.1600000000000007e-05,9,0.0509,-11.553,1,58,0.0405,122.293,0.912,3
0.274,0.626,271347,0.505,0,0.0,2,0.261,-12.96,1,36,0.0557,137.61,0.7559999999999999,3
0.988,0.505,190296,0.22,0,0.929,8,0.133,-15.472,0,4,0.0373,62.249,0.444,8
0.00349,0.336,355304,0.792,0,0.00178,9,0.0437,-10.875,1,66,0.0848,155.588,0.425,5
0.121,0.625,218867,0.826,0,0.0,4,0.158,-5.037,1,56,0.0325,99.919,0.6990000000000001,1
0.841,0.491,188747,0.324,0,3.55e-06,0,0.191,-11.611,0,26,0.0339,96.565,0.489,6
0.921,0.753,177293,0.297,0,0.0068,8,0.179,-11.720999999999998,1,7,0.0457,90.955,0.665,9
0.371,0.715,169493,0.341,0,0.0,0,0.123,-11.612,1,41,0.0439,94.602,0.889,3
0.954,0.467,178333,0.122,0,0.902,2,0.132,-22.241,1,42,0.0366,111.256,0.411,3
0.715,0.536,377867,0.682,0,0.00542,5,0.359,-7.131,1,16,0.051,117.695,0.56,6
0.0137,0.669,245400,0.633,0,0.0178,2,0.0979,-11.903,0,59,0.049,90.626,0.862,2
0.00403,0.736,300827,0.6920000000000001,0,0.0206,5,0.0941,-9.629,1,37,0.0447,122.261,0.898,4
0.909,0.398,157093,0.13,0,0.0,3,0.273,-18.083,1,33,0.0383,113.985,0.359,6
0.155,0.485,235989,0.662,1,0.0,9,0.119,-5.1720000000000015,1,51,0.243,104.717,0.287,1
0.000314,0.531,206613,0.883,0,0.00483,4,0.253,-7.231,0,50,0.0776,179.862,0.662,1
0.285,0.594,153133,0.585,0,0.0,10,0.313,-4.893,1,39,0.0284,106.12,0.975,3
0.78,0.509,245893,0.0537,0,0.000149,7,0.168,-16.095,1,26,0.038,136.539,0.115,5
0.0155,0.5720000000000001,191693,0.629,0,0.000704,9,0.05,-12.876,0,32,0.0381,130.243,0.575,5
0.994,0.381,212000,0.0338,0,0.927,0,0.158,-23.149,0,0,0.0369,76.431,0.116,10
0.000296,0.383,150293,0.981,0,3.76e-05,0,0.202,-4.32,1,53,0.0926,98.133,0.479,2
0.778,0.518,437707,0.493,0,0.00287,2,0.21600000000000005,-9.534,1,31,0.0293,101.819,0.461,5
0.993,0.491,131467,0.193,0,0.899,10,0.237,-18.691,1,0,0.0458,80.686,0.7959999999999999,10
9.97e-05,0.505,229773,0.964,0,2.85e-06,7,0.113,-3.673,1,67,0.0718,138.02100000000002,0.5710000000000001,1
0.7440000000000001,0.5720000000000001,179293,0.325,0,0.0006259999999999999,5,0.114,-14.265,1,23,0.0302,90.373,0.486,5
0.0774,0.631,219173,0.7,1,1.19e-05,9,0.106,-8.565,0,59,0.212,159.97299999999996,0.329,1
0.383,0.634,189333,0.428,0,0.0,7,0.375,-14.407,1,24,0.0407,131.029,0.912,6
0.892,0.459,210733,0.24,0,0.00108,7,0.431,-13.761,1,41,0.0317,133.85399999999998,0.35,6
0.336,0.618,214310,0.439,0,0.0204,9,0.0786,-14.852,0,45,0.0305,94.84,0.905,6
0.828,0.449,197733,0.353,0,0.0,3,0.228,-12.823,1,32,0.0292,93.013,0.298,6
0.0159,0.6940000000000001,216667,0.718,0,1.61e-06,2,0.287,-6.188,1,62,0.0322,121.078,0.364,1
0.409,0.696,102300,0.301,1,0.0,4,0.459,-13.175999999999998,0,0,0.96,81.119,0.344,10
0.59,0.763,271800,0.512,0,2.85e-06,9,0.098,-6.165,1,48,0.0902,129.783,0.502,2
0.108,0.415,218040,0.745,1,6.69e-05,7,0.526,-5.902,1,56,0.174,84.926,0.468,1
0.996,0.41,253880,0.227,0,0.823,9,0.25,-16.27,0,0,0.0414,127.373,0.5329999999999999,9
0.482,0.8,244253,0.207,0,0.6970000000000001,5,0.195,-16.844,0,5,0.0528,109.289,0.65,7
0.0119,0.753,255067,0.334,0,2.05e-05,9,0.0676,-20.634,1,35,0.0479,127.89,0.693,4
0.325,0.654,152800,0.547,0,0.0,11,0.127,-8.985,1,29,0.031,88.34899999999998,0.912,6
0.994,0.48,216333,0.325,0,0.903,10,0.197,-14.448,1,0,0.0757,111.942,0.799,8
0.00145,0.5920000000000001,303627,0.782,0,0.244,4,0.14800000000000002,-8.875,1,30,0.0305,122.762,0.784,4
0.961,0.336,194800,0.155,0,0.00524,5,0.136,-13.895,1,3,0.0339,95.853,0.131,8
0.807,0.643,196067,0.185,0,0.0,6,0.1,-22.94,0,21,0.0366,114.347,0.584,6
0.0123,0.175,234440,0.969,0,0.29,0,0.488,-7.831,1,22,0.0639,168.293,0.254,4
0.645,0.586,214400,0.499,0,0.0,4,0.109,-6.627000000000002,1,62,0.049,149.79,0.272,0
0.105,0.386,238107,0.916,0,0.00991,2,0.325,-5.955,1,59,0.0741,135.642,0.775,4
0.15,0.775,251000,0.594,0,0.0,0,0.129,-12.616,1,28,0.0297,110.758,0.911,4
0.408,0.316,250933,0.32,0,6.720000000000001e-05,9,0.0925,-13.045,1,35,0.0387,74.163,0.294,5
0.98,0.45,154776,0.287,0,1.58e-06,0,0.147,-12.939,1,0,0.0708,161.748,0.593,9
0.00129,0.39,89173,0.914,0,0.0,4,0.889,-7.053,0,23,0.0621,110.772,0.625,4
0.943,0.38,497653,0.14800000000000002,0,0.911,0,0.0744,-16.377,1,0,0.0451,154.181,0.358,8
0.799,0.617,534547,0.409,0,0.00319,0,0.184,-11.326,0,20,0.0451,76.046,0.659,6
0.475,0.215,317173,0.265,0,0.591,2,0.303,-16.852,1,40,0.0323,87.26,0.0401,3
0.8140000000000001,0.51,148333,0.5920000000000001,0,0.0,4,0.0933,-6.3870000000000005,1,35,0.0384,128.876,0.545,6
0.0253,0.466,211080,0.696,0,0.0,0,0.489,-9.307,1,39,0.0639,176.774,0.682,3
0.921,0.664,140696,0.468,0,0.0,0,0.182,-12.948,1,1,0.23,82.09100000000002,0.88,8
0.792,0.708,149760,0.436,0,0.0,8,0.128,-9.923,1,26,0.0491,119.325,0.775,5
0.236,0.7929999999999999,180080,0.442,0,0.0016300000000000002,8,0.0662,-11.293,0,30,0.0564,115.995,0.833,3
0.00443,0.5,212933,0.52,0,0.0006230000000000001,2,0.272,-10.358,1,26,0.0451,124.853,0.5379999999999999,4
0.81,0.568,299027,0.573,0,0.792,8,0.8390000000000001,-11.776,0,5,0.122,123.742,0.695,7
0.05,0.722,402693,0.66,0,0.000901,5,0.0907,-13.438,0,56,0.0538,129.727,0.906,5
0.6970000000000001,0.708,163172,0.494,0,0.000115,5,0.34,-7.496,0,66,0.0365,142.921,0.76,0
0.238,0.557,217427,0.701,0,0.0,0,0.184,-3.4360000000000004,1,65,0.029,133.85399999999998,0.324,1
0.0554,0.39,275933,0.8340000000000001,0,0.18,9,0.103,-6.367000000000001,1,44,0.0444,157.077,0.684,1
0.893,0.57,186173,0.331,0,9.23e-06,8,0.219,-11.261,1,0,0.0534,81.77,0.797,8
0.474,0.665,201853,0.742,0,9.35e-05,0,0.116,-5.933,1,48,0.0373,125.164,0.5539999999999999,1
0.57,0.58,179068,0.469,0,0.0122,4,0.193,-10.02,1,60,0.0332,152.86700000000005,0.56,1
0.0286,0.5760000000000001,227667,0.6970000000000001,0,1.15e-06,10,0.16699999999999998,-4.192,1,61,0.326,175.90599999999995,0.501,2
0.067,0.578,192627,0.942,0,0.0,4,0.348,-3.614,1,42,0.0623,130.953,0.693,2
0.995,0.6920000000000001,161493,0.0577,0,0.87,11,0.106,-19.38,0,0,0.078,118.824,0.713,10
0.789,0.688,137160,0.276,0,0.0,4,0.135,-12.144,1,16,0.031,95.945,0.49,7
0.0663,0.614,304507,0.6970000000000001,0,0.0268,11,0.41,-6.433,0,51,0.0376,92.288,0.8340000000000001,1
0.382,0.414,377093,0.428,0,0.000243,0,0.14800000000000002,-11.097,1,80,0.0278,145.075,0.282,5
0.13,0.652,167277,0.906,1,0.0681,9,0.504,-4.032,1,53,0.161,125.103,0.5589999999999999,1
0.6809999999999999,0.695,268707,0.282,0,0.0267,9,0.0767,-15.359000000000002,1,53,0.0295,91.681,0.445,5
0.908,0.433,195200,0.159,0,0.0,0,0.13,-15.363,1,49,0.0295,78.98899999999998,0.382,3
0.634,0.846,223921,0.6509999999999999,1,0.0,7,0.125,-5.481,0,61,0.128,140.048,0.581,1
0.928,0.294,510200,0.123,0,0.486,8,0.265,-15.137,1,0,0.0394,90.749,0.212,8
0.0285,0.696,210240,0.624,0,0.000219,2,0.35600000000000004,-13.001,1,38,0.0292,129.906,0.871,4
0.62,0.588,268493,0.336,0,0.106,6,0.111,-11.161,1,21,0.049,127.392,0.246,7
0.845,0.0796,285507,0.118,0,0.738,0,0.105,-22.227,1,31,0.0387,81.52600000000002,0.0337,3
0.0296,0.342,360733,0.754,0,0.88,5,0.317,-18.774,0,0,0.0386,113.16,0.0369,7
0.0662,0.947,248267,0.672,0,0.0,4,0.0547,-13.819,0,37,0.349,109.55,0.741,4
0.000927,0.496,202587,0.775,0,0.0,11,0.14,-5.3039999999999985,1,59,0.0411,138.165,0.478,1
0.141,0.188,713427,0.927,0,0.5579999999999999,10,0.977,-10.01,0,27,0.0925,175.25400000000005,0.215,4
0.993,0.738,180013,0.173,0,0.926,7,0.219,-17.355,0,0,0.185,116.851,0.657,10
0.988,0.8440000000000001,180707,0.304,0,0.0,4,0.132,-5.955,1,0,0.0889,138.351,0.8420000000000001,7
0.0429,0.7440000000000001,335960,0.7120000000000001,0,0.000409,6,0.268,-6.294,0,26,0.0263,117.3,0.615,4
0.34600000000000003,0.0,144760,0.305,0,0.0,11,0.491,-13.098,1,28,0.0,0.0,0.0,5
0.728,0.604,171480,0.424,0,0.0,7,0.107,-11.866,1,0,0.0456,114.871,0.764,9
0.992,0.496,224707,0.362,0,2.39e-05,9,0.95,-9.988,1,8,0.103,96.958,0.457,8
0.951,0.629,206253,0.311,0,6.91e-05,4,0.0574,-11.729,0,0,0.0392,130.569,0.961,7
0.8490000000000001,0.297,318160,0.194,0,0.0315,10,0.125,-14.962,1,39,0.0295,130.165,0.172,5
0.361,0.7609999999999999,132973,0.4320000000000001,0,0.00181,0,0.108,-10.298,1,20,0.0324,113.088,0.835,6
0.889,0.5379999999999999,163467,0.321,0,0.0,5,0.103,-12.938,1,60,0.0341,151.47799999999995,0.589,5
0.982,0.327,377200,0.0332,0,0.0,1,0.105,-20.299,1,32,0.0364,91.975,0.14,4
0.257,0.545,267493,0.952,0,0.0,9,0.115,-6.089,1,37,0.0861,137.96,0.8370000000000001,5
0.459,0.784,155640,0.366,0,0.0,8,0.24,-12.33,1,33,0.0473,99.278,0.908,3
0.642,0.508,170373,0.248,0,4.49e-05,4,0.29100000000000004,-13.409,1,35,0.0348,74.283,0.4970000000000001,5
0.519,0.741,165827,0.615,0,0.000344,0,0.407,-8.072000000000001,1,63,0.0358,128.496,0.799,6
0.542,0.542,387760,0.327,0,0.00268,10,0.0575,-18.179,1,50,0.0426,95.544,0.708,3
0.8140000000000001,0.478,399013,0.408,0,0.929,2,0.133,-15.845,1,4,0.036000000000000004,133.889,0.6629999999999999,7
0.929,0.597,245560,0.726,0,0.00678,2,0.335,-8.88,1,0,0.138,127.653,0.503,7
0.0109,0.611,229656,0.701,0,9.83e-06,6,0.0994,-5.235,1,68,0.0248,142.02700000000004,0.604,1
0.0631,0.537,324667,0.488,0,0.00295,9,0.108,-9.874,1,46,0.0316,113.796,0.5379999999999999,3
0.00188,0.6920000000000001,244627,0.6609999999999999,1,0.0,7,0.6759999999999999,-4.847,1,60,0.123,82.479,0.703,2
2.18e-05,0.458,246920,0.902,0,0.195,7,0.258,-5.625,1,39,0.0314,92.712,0.8270000000000001,3
0.991,0.652,202987,0.35600000000000004,0,0.8290000000000001,7,0.131,-9.96,1,0,0.0531,158.614,0.8320000000000001,9
0.973,0.727,158592,0.412,0,0.417,10,0.195,-10.277,1,10,0.0453,82.3,0.969,6
0.0829,0.7959999999999999,176543,0.612,1,0.0,1,0.0607,-6.994,1,70,0.433,87.542,0.545,0
0.7759999999999999,0.8390000000000001,167227,0.396,0,0.00206,1,0.064,-15.082,1,32,0.0685,105.97,0.589,4
0.948,0.564,404000,0.224,0,0.8809999999999999,7,0.102,-14.809,0,13,0.0481,141.637,0.473,6
0.6970000000000001,0.708,364397,0.111,1,0.0,11,0.386,-18.83,0,0,0.952,106.524,0.647,8
0.585,0.54,268173,0.523,0,0.0,8,0.0594,-9.358,0,46,0.0563,147.322,0.556,4
0.201,0.752,167267,0.433,0,0.0,2,0.0424,-11.052,1,35,0.0338,98.714,0.6709999999999999,6
0.331,0.584,163413,0.19,0,0.7759999999999999,8,0.0473,-15.188,1,0,0.471,206.293,0.633,9
0.7240000000000001,0.515,488373,0.282,0,0.145,7,0.0861,-13.98,1,12,0.0465,130.188,0.318,7
0.949,0.732,202427,0.192,0,0.0181,0,0.0882,-12.792,1,8,0.0499,91.332,0.5429999999999999,10
0.0174,0.321,406600,0.56,0,0.159,0,0.112,-10.704,1,35,0.0453,168.357,0.214,5
0.00701,0.578,199080,0.866,0,0.0,1,0.257,-3.804,1,79,0.0619,128.03799999999998,0.619,1
0.00517,0.405,200027,0.957,0,0.0,9,0.036000000000000004,-5.2620000000000005,1,30,0.124,176.574,0.35200000000000004,4
0.861,0.451,239920,0.515,0,0.00126,4,0.124,-7.016,1,18,0.0434,153.02,0.823,6
0.68,0.331,224583,0.327,0,0.0726,10,0.106,-12.746,1,42,0.0342,114.599,0.235,3
0.0917,0.772,238267,0.59,0,0.0,6,0.101,-6.9570000000000025,1,60,0.183,83.99799999999998,0.743,2
0.6809999999999999,0.519,113640,0.396,0,0.0,8,0.7190000000000001,-8.751,1,41,0.0292,148.534,0.942,3
0.969,0.389,119467,0.383,0,0.949,0,0.192,-17.334,1,1,0.0504,150.597,0.459,8
0.985,0.725,213595,0.208,0,0.00353,7,0.127,-9.406,0,0,0.46,77.033,0.58,8
0.899,0.6409999999999999,174173,0.28300000000000003,0,1.05e-05,11,0.117,-12.711,1,42,0.0313,126.805,0.365,2
0.917,0.648,154173,0.3,0,2.18e-06,2,0.126,-7.7360000000000015,1,2,0.0473,78.468,0.698,8
0.915,0.556,100560,0.0914,0,6.829999999999999e-05,2,0.17,-24.559,0,28,0.219,120.077,0.49,5
0.519,0.43,339880,0.657,0,0.0,5,0.348,-10.11,1,8,0.0606,129.629,0.871,7
0.63,0.456,162732,0.379,0,3.1e-06,1,0.0983,-8.573,1,66,0.0685,149.967,0.225,1
0.908,0.478,236763,0.119,0,0.0,4,0.135,-20.342,1,0,0.0908,82.62299999999998,0.647,8
0.0514,0.6829999999999999,163082,0.298,0,0.057,5,0.617,-16.191,1,0,0.0379,128.763,0.908,8
0.0502,0.752,263360,0.84,0,1.07e-06,1,0.227,-5.047,1,46,0.0786,98.969,0.574,2
0.474,0.431,167413,0.213,0,0.086,9,0.122,-17.642,0,20,0.0353,142.805,0.245,6
0.982,0.312,162427,0.218,0,0.000255,5,0.188,-11.864,1,0,0.0381,117.724,0.0936,8
0.985,0.412,215747,0.0852,0,8.06e-05,7,0.546,-21.719,1,14,0.062,97.95,0.255,7
0.812,0.534,214200,0.253,0,0.0,0,0.142,-11.239,1,20,0.261,153.202,0.431,6
0.875,0.573,156227,0.502,0,0.828,1,0.084,-11.268,1,8,0.141,172.192,0.589,9
0.954,0.098,201933,0.0208,0,0.523,2,0.0969,-30.988000000000003,1,0,0.0354,88.07,0.0369,8
0.0863,0.24,290706,0.402,1,0.0003,6,0.281,-11.734000000000002,1,54,0.0875,73.575,0.0959,1
0.07,0.63,118133,0.449,0,6.91e-05,11,0.0792,-7.127000000000002,1,51,0.0337,124.035,0.638,2
0.0368,0.715,201053,0.7909999999999999,0,0.0,10,0.0694,-6.63,1,62,0.0414,116.043,0.879,1
0.991,0.525,122947,0.252,0,0.123,9,0.255,-6.507999999999999,1,0,0.0828,131.92600000000002,0.447,8
0.97,0.579,388507,0.0733,0,0.901,4,0.105,-20.17,0,14,0.0576,124.308,0.117,7
0.815,0.523,244053,0.654,1,8.34e-06,6,0.211,-9.531,0,67,0.21600000000000005,79.192,0.544,0
0.5720000000000001,0.738,113200,0.451,0,0.0,7,0.175,-12.949000000000002,1,55,0.146,128.85299999999998,0.7929999999999999,3
0.557,0.5589999999999999,180167,0.8079999999999999,0,1.52e-05,2,0.21,-6.313,1,0,0.0469,76.308,0.964,9
0.0122,0.4270000000000001,306200,0.67,0,0.00024,2,0.0876,-10.469,0,40,0.0344,81.045,0.551,4
0.885,0.7,143733,0.21600000000000005,0,0.0,5,0.159,-15.004,0,3,0.0525,127.079,0.715,9
0.578,0.575,188773,0.459,0,2.65e-06,2,0.217,-11.03,1,54,0.0462,136.138,0.965,3
0.72,0.419,252933,0.34700000000000003,0,0.00314,3,0.122,-9.663,1,26,0.0294,136.188,0.217,6
0.0211,0.529,257787,0.83,0,0.0,6,0.0983,-5.428,1,59,0.0397,93.933,0.318,1
0.59,0.578,136187,0.799,0,1.59e-06,0,0.265,-4.848,1,11,0.0469,75.185,0.922,6
0.755,0.675,148000,0.398,0,0.0664,5,0.128,-10.164,1,0,0.127,152.333,0.937,9
0.985,0.18600000000000005,45493,0.321,0,0.943,7,0.325,-20.272,1,9,0.0399,137.201,0.979,7
0.991,0.7829999999999999,141040,0.341,0,0.0,2,0.589,-14.903,1,0,0.873,121.287,0.8029999999999999,10
0.34600000000000003,0.785,247667,0.459,1,0.0,5,0.333,-8.472999999999999,0,44,0.0857,94.822,0.314,2
0.29600000000000004,0.674,178480,0.8809999999999999,0,3.01e-06,9,0.0793,-2.853,1,82,0.147,98.994,0.234,1
0.764,0.45,317267,0.107,0,0.0,2,0.0729,-13.24,0,0,0.0522,77.29899999999998,0.16,10
0.7909999999999999,0.403,141133,0.41,0,1.81e-06,1,0.195,-10.132,1,4,0.0423,106.435,0.341,7
0.403,0.58,169000,0.757,0,1.53e-05,3,0.128,-6.612,1,36,0.0376,188.18,0.971,5
0.00271,0.51,239640,0.96,1,0.029,4,0.14800000000000002,-5.421,0,33,0.123,87.99,0.7490000000000001,4
0.133,0.608,177306,0.928,0,0.0,6,0.103,-2.724,0,63,0.0883,130.012,0.738,1
0.00378,0.35700000000000004,122533,0.461,0,0.0771,6,0.0746,-10.271,1,30,0.031,102.559,0.35100000000000003,5
0.984,0.466,192467,0.0725,0,0.7879999999999999,5,0.0898,-23.451,1,0,0.0467,107.496,0.396,7
0.977,0.275,234426,0.0596,0,4.2100000000000014e-05,9,0.124,-22.047,1,0,0.0415,90.791,0.0376,7
0.737,0.552,225541,0.263,0,0.0,0,0.491,-6.827000000000001,1,71,0.0454,130.69799999999998,0.858,0
0.764,0.573,171747,0.893,0,0.525,0,0.903,-6.522,1,53,0.0566,112.125,0.541,5
0.207,0.613,164160,0.812,0,1.65e-06,9,0.114,-10.562,1,44,0.136,104.88,0.797,2
0.794,0.6890000000000001,268013,0.306,0,0.29600000000000004,7,0.17600000000000002,-12.68,0,14,0.0362,136.622,0.604,6
0.633,0.562,297040,0.447,0,0.125,8,0.0884,-9.363,1,44,0.0636,68.957,0.471,7
0.327,0.624,194973,0.604,0,0.231,2,0.295,-13.443,1,30,0.0692,154.632,0.624,6
0.487,0.635,131200,0.26,1,0.0,9,0.131,-15.995,1,0,0.919,81.873,0.594,8
0.784,0.259,89893,0.165,0,0.008759999999999999,4,0.127,-23.34,0,0,0.0437,129.27200000000002,0.0675,8
0.0405,0.667,191400,0.516,0,0.0,7,0.146,-6.152,1,10,0.0809,84.88799999999998,0.38,0
0.963,0.337,520573,0.0839,0,0.0218,5,0.116,-22.316,1,0,0.036000000000000004,135.673,0.25,8
0.239,0.349,257293,0.445,0,0.0,2,0.0874,-11.689,1,32,0.0815,141.817,0.425,4
0.674,0.562,221973,0.224,0,0.0,6,0.127,-15.069,1,50,0.0289,139.009,0.0707,3
0.601,0.6679999999999999,97200,0.135,1,0.0,11,0.645,-18.332,0,0,0.955,83.27799999999998,0.7140000000000001,8
0.389,0.8390000000000001,262000,0.84,0,0.0319,11,0.114,-8.721,1,63,0.0474,117.98,0.904,1
0.395,0.528,258080,0.398,0,0.0,0,0.181,-13.712,1,32,0.028,141.24200000000005,0.525,5
0.219,0.487,157333,0.956,0,0.0225,8,0.054000000000000006,-3.457,0,42,0.113,134.92700000000002,0.531,3
0.00356,0.541,72627,0.638,0,0.134,7,0.112,-11.84,1,25,0.0623,90.95,0.675,4
0.469,0.726,176973,0.5760000000000001,0,0.000218,5,0.0376,-8.334,1,42,0.0453,94.256,0.973,2
0.00248,0.342,330267,0.8079999999999999,0,0.000284,5,0.278,-9.354,1,30,0.0822,164.968,0.5579999999999999,5
0.5429999999999999,0.82,253920,0.452,0,0.00294,1,0.0714,-9.796,1,83,0.0348,117.401,0.74,4
0.953,0.17,208000,0.23,0,0.345,6,0.113,-15.206,0,23,0.0325,80.759,0.141,6
0.452,0.8390000000000001,243133,0.89,0,0.0224,1,0.0866,-11.697,0,53,0.0628,103.652,0.575,4
0.958,0.262,184533,0.153,0,0.253,5,0.106,-19.642,1,9,0.0387,85.991,0.151,6
0.977,0.339,136333,0.213,0,0.908,2,0.16899999999999998,-20.642,0,31,0.0507,76.557,0.759,4
0.121,0.5579999999999999,260573,0.768,0,0.0626,2,0.124,-9.997,1,73,0.0343,81.90899999999998,0.429,4
0.48,0.632,248213,0.7809999999999999,0,0.81,7,0.101,-7.338999999999999,1,37,0.0572,152.85,0.728,4
0.807,0.5539999999999999,194493,0.6509999999999999,0,1.52e-05,4,0.115,-11.625,1,24,0.0413,86.98700000000002,0.653,5
0.358,0.35200000000000004,301040,0.5379999999999999,0,0.0,7,0.133,-10.816,0,53,0.116,169.90200000000004,0.501,3
0.949,0.187,276493,0.101,0,0.000151,2,0.384,-16.925,0,0,0.0467,70.92,0.0664,9
0.563,0.672,223240,0.469,0,0.0,1,0.113,-6.843,1,45,0.0264,83.479,0.418,2
0.0388,0.645,220893,0.653,0,0.00229,4,0.179,-9.576,1,54,0.0249,108.867,0.723,5
0.88,0.517,183813,0.569,0,0.329,3,0.159,-8.429,0,1,0.0382,87.476,0.92,9
0.108,0.763,268493,0.282,0,0.0,1,0.0186,-17.004,1,38,0.0555,159.931,0.912,4
0.915,0.412,133120,0.0352,0,0.00181,6,0.105,-23.623,1,15,0.0441,121.645,0.0975,7
0.0369,0.448,258653,0.733,0,0.0425,3,0.16899999999999998,-6.238,1,60,0.0292,142.00799999999995,0.407,1
0.708,0.608,199893,0.294,0,0.0,2,0.28800000000000003,-6.6679999999999975,1,54,0.0303,81.768,0.725,1
0.986,0.473,199947,0.467,0,0.913,7,0.14,-11.669,0,0,0.0414,117.399,0.767,9
0.0933,0.813,208027,0.453,1,0.0,1,0.14,-6.941,1,67,0.338,161.997,0.191,1
0.0202,0.398,179800,0.264,0,0.0134,6,0.121,-15.088,0,28,0.0271,100.271,0.0976,6
0.8759999999999999,0.5820000000000001,188080,0.232,0,1.32e-06,4,0.107,-11.693,1,53,0.0451,131.599,0.238,2
0.866,0.361,137627,0.44,0,0.0,8,0.923,-5.822,1,9,0.0437,157.563,0.7290000000000001,7
0.344,0.685,294493,0.5770000000000001,0,2.31e-05,9,0.337,-10.997,1,27,0.27,144.232,0.939,6
0.0515,0.635,180307,0.524,0,0.0,0,0.17,-11.778,1,39,0.0304,123.917,0.914,5
0.328,0.477,310693,0.519,0,0.748,2,0.0949,-12.461,1,63,0.0358,175.09400000000005,0.102,1
0.271,0.718,117200,0.187,1,0.0,0,0.52,-21.856,1,0,0.856,126.444,0.5870000000000001,10
0.603,0.782,176867,0.278,0,0.0,10,0.0359,-12.419,1,22,0.0477,123.146,0.789,7
0.0274,0.4270000000000001,219587,0.626,0,0.00395,8,0.106,-11.821,1,66,0.0385,126.877,0.743,4
0.3670000000000001,0.5720000000000001,164307,0.42,0,0.0,9,0.398,-12.338,1,44,0.162,103.56,0.6559999999999999,3
0.991,0.631,196534,0.6779999999999999,0,0.773,9,0.131,-7.455,1,20,0.0328,120.282,0.967,9
0.00244,0.452,301933,0.732,0,0.0096,5,0.172,-7.786,1,42,0.0405,89.82700000000001,0.557,6
0.5429999999999999,0.568,197400,0.645,0,0.0,5,0.191,-8.363,1,57,0.0416,170.676,0.901,6
0.0369,0.5820000000000001,261387,0.647,0,0.0,1,0.0945,-10.103,1,26,0.0577,112.357,0.73,5
0.228,0.532,255267,0.441,0,0.0,2,0.0846,-12.866,1,62,0.0434,169.275,0.67,5
0.0608,0.623,227320,0.638,0,0.0,2,0.944,-6.337999999999999,1,40,0.0397,109.387,0.494,2
0.00173,0.434,366147,0.907,0,0.008029999999999999,8,0.518,-6.225,0,37,0.0524,94.41,0.37,3
0.0622,0.83,275479,0.482,0,1.49e-06,7,0.125,-6.926,1,44,0.0644,132.011,0.923,1
0.0249,0.629,191809,0.828,0,0.000221,2,0.206,-4.766,1,69,0.173,120.018,0.512,0
0.916,0.321,250467,0.743,0,0.151,7,0.5479999999999999,-8.495,0,0,0.0481,93.172,0.6990000000000001,8
0.951,0.244,118667,0.239,0,0.0789,7,0.222,-13.75,0,0,0.0364,100.039,0.185,8
0.862,0.5760000000000001,107560,0.271,0,0.000157,0,0.195,-9.208,1,26,0.0749,146.31,0.937,7
0.988,0.459,120707,0.0588,0,0.8170000000000001,7,0.14400000000000002,-23.537,1,0,0.038,99.595,0.0682,8
0.8190000000000001,0.514,143293,0.329,0,0.934,2,0.332,-20.832,1,41,0.0347,93.438,0.534,3
0.935,0.715,163733,0.316,0,0.00529,11,0.108,-5.884,0,0,0.0326,101.664,0.871,8
0.993,0.578,213213,0.256,0,0.89,7,0.107,-9.191,1,0,0.0462,118.447,0.52,9
0.8740000000000001,0.4920000000000001,270667,0.171,0,0.7559999999999999,5,0.102,-20.497,0,25,0.0448,118.172,0.385,6
0.486,0.513,197293,0.523,1,0.0,0,0.102,-5.8439999999999985,1,41,0.0476,155.55200000000005,0.371,3
0.277,0.527,258800,0.5720000000000001,0,0.0,11,0.112,-8.451,0,48,0.0297,133.947,0.297,3
0.956,0.202,86267,0.129,0,0.956,0,0.172,-21.088,1,0,0.0355,95.112,0.0925,7
0.00151,0.36,337760,0.8909999999999999,0,0.185,9,0.29100000000000004,-5.875,1,53,0.0341,96.39,0.604,5
0.99,0.632,173151,0.0689,0,0.0377,2,0.213,-7.287000000000001,1,0,0.316,81.96700000000001,0.7559999999999999,7
0.993,0.3670000000000001,357653,0.019,0,0.914,1,0.0698,-28.121,1,58,0.0542,169.44299999999996,0.0391,1
0.172,0.5379999999999999,205440,0.409,0,0.0,9,0.11,-6.581,0,71,0.0505,171.838,0.265,1
0.179,0.547,231507,0.485,0,0.0,5,0.152,-5.699,1,53,0.0643,164.041,0.5870000000000001,2
0.18600000000000005,0.251,289107,0.373,0,4.06e-06,10,0.147,-15.092,1,26,0.0366,78.417,0.0948,3
0.00648,0.442,374973,0.951,1,1.12e-06,11,0.0887,-5.27,1,63,0.11,154.004,0.158,2
0.989,0.728,188180,0.121,0,2.1e-05,6,0.136,-8.797,1,0,0.0484,84.699,0.436,7
0.979,0.387,198280,0.0729,0,0.578,0,0.233,-20.064,0,0,0.0359,122.138,0.17800000000000002,10
0.01,0.503,224200,0.885,0,8.379999999999999e-05,11,0.0989,-6.568,1,33,0.0751,157.127,0.562,3
0.0351,0.723,222933,0.861,0,0.0746,2,0.116,-8.253,1,36,0.0342,136.28799999999998,0.934,6
0.991,0.37,176667,0.314,0,0.8370000000000001,3,0.131,-12.802,1,0,0.0411,103.427,0.478,8
0.407,0.741,257600,0.838,0,0.0,11,0.138,-7.622000000000001,0,56,0.0637,115.689,0.586,3
0.769,0.645,179440,0.261,0,0.000333,9,0.0717,-10.665,0,45,0.204,116.995,0.473,7
0.487,0.499,151787,0.35100000000000003,0,0.0,0,0.172,-15.497,1,17,0.0442,110.452,0.602,6
0.083,0.63,225107,0.643,0,0.000149,1,0.339,-8.457,1,44,0.0261,145.938,0.478,3
0.955,0.198,290040,0.125,0,0.00158,4,0.611,-20.477,0,1,0.0561,62.441,0.11,8
0.992,0.339,102587,0.329,0,0.878,0,0.153,-19.057,0,20,0.0686,92.919,0.966,6
0.0675,0.561,177973,0.807,0,0.0,9,0.26,-5.5,0,36,0.0438,95.12,0.655,6
0.65,0.517,157173,0.7809999999999999,0,0.977,2,0.341,-6.33,1,30,0.0405,119.364,0.742,5
0.755,0.639,150333,0.24,0,0.000907,7,0.0303,-15.078,1,37,0.0356,83.40700000000002,0.856,6
0.5920000000000001,0.5489999999999999,171040,0.452,0,0.000179,1,0.177,-8.615,1,22,0.0372,109.235,0.363,5
0.929,0.195,285533,0.051,0,0.00173,7,0.593,-21.362,1,11,0.0361,82.479,0.0691,7
0.227,0.48,280667,0.953,0,8.83e-05,1,0.444,-5.345,1,35,0.0706,140.37,0.562,5
0.967,0.243,74893,0.0262,0,0.027000000000000003,2,0.0821,-28.59,1,0,0.0381,98.316,0.0471,7
0.14,0.716,141176,0.5579999999999999,1,1.2e-05,8,0.0712,-9.013,1,62,0.392,169.741,0.6609999999999999,1
0.349,0.487,193667,0.767,0,0.0,5,0.967,-7.521,0,29,0.0817,129.733,0.606,5
0.5870000000000001,0.612,196053,0.0224,0,0.0,1,0.124,-22.18,1,0,0.677,180.25,0.284,7
0.316,0.5489999999999999,236360,0.705,0,0.0,9,0.12,-5.563,1,67,0.0564,146.024,0.52,1
0.00775,0.508,169240,0.915,0,0.0,2,0.109,-3.317,1,47,0.0413,103.306,0.772,3
0.0112,0.72,193293,0.625,1,0.0076,7,0.0999,-6.274,1,73,0.0362,102.006,0.818,0
0.893,0.13699999999999998,219840,0.219,0,0.882,2,0.139,-16.045,1,13,0.0336,100.702,0.121,6
0.995,0.494,143151,0.208,0,0.000282,5,0.163,-16.896,1,0,0.0491,106.643,0.629,8
0.5479999999999999,0.177,369507,0.0995,0,0.00219,2,0.104,-14.421,0,27,0.0321,75.95,0.2,6
0.919,0.595,106440,0.139,0,0.0,0,0.237,-15.205,1,7,0.0792,94.629,0.65,7
0.7559999999999999,0.68,147467,0.426,0,0.000148,0,0.11,-13.683,0,54,0.0652,99.078,0.6609999999999999,5
0.96,0.217,50680,0.0763,0,0.95,4,0.203,-21.792,0,8,0.0417,120.37,0.284,8
0.836,0.34,172400,0.15,0,0.0,9,0.307,-12.69,1,49,0.0352,128.259,0.224,2
0.018000000000000002,0.354,251013,0.741,0,0.0134,1,0.0753,-6.3889999999999985,1,56,0.0806,142.34799999999996,0.596,6
8.94e-06,0.261,184560,0.948,0,0.0359,9,0.299,-8.118,1,21,0.0575,156.653,0.496,6
0.994,0.7340000000000001,42773,0.00554,0,0.0,4,0.0678,-19.82,1,1,0.084,68.83800000000001,0.718,7
0.062,0.738,139813,0.7170000000000001,0,0.0,1,0.205,-5.121,1,75,0.0573,98.047,0.5,0
0.332,0.8009999999999999,250040,0.4270000000000001,0,4.31e-06,3,0.0784,-7.802,0,42,0.0487,138.134,0.642,2
0.965,0.273,374040,0.261,0,0.0,0,0.0845,-17.956,1,0,0.14300000000000002,68.917,0.0877,7
0.35200000000000004,0.8029999999999999,192213,0.454,0,0.0,8,0.0655,-4.802,0,72,0.0294,99.99,0.7390000000000001,2
0.6509999999999999,0.693,136467,0.617,0,0.000321,9,0.126,-9.604,1,5,0.0306,103.438,0.97,7
0.233,0.49,219827,0.82,0,6.43e-06,11,0.0349,-8.336,0,31,0.0365,177.15200000000004,0.948,5
0.00294,0.233,158413,0.8,0,0.0,7,0.0594,-5.5429999999999975,1,57,0.105,209.767,0.564,2
0.901,0.5579999999999999,718227,0.15,0,0.0,8,0.463,-22.65,1,26,0.174,132.72,0.524,4
0.00411,0.594,223867,0.789,0,0.000328,0,0.247,-5.994,0,39,0.0345,106.963,0.487,2
0.0376,0.782,195307,0.731,0,3.15e-05,3,0.0956,-4.581,0,75,0.14300000000000002,138.032,0.8240000000000001,1
0.982,0.464,204893,0.219,0,0.898,4,0.112,-18.231,1,0,0.325,66.755,0.802,7
0.912,0.313,277080,0.341,0,0.91,7,0.16899999999999998,-9.315,0,0,0.0319,96.449,0.377,8
0.7759999999999999,0.617,294120,0.563,0,1.82e-05,2,0.0703,-7.388,1,32,0.0418,109.19,0.785,5
0.857,0.703,117267,0.402,0,0.0,1,0.336,-10.172,0,43,0.0353,118.008,0.905,6
0.0344,0.725,211680,0.903,0,0.0,0,0.183,-2.955,1,69,0.0658,142.006,0.946,1
0.258,0.765,222027,0.591,0,0.0369,1,0.205,-9.607,1,29,0.134,129.139,0.8009999999999999,6
0.621,0.56,347453,0.672,0,0.00028700000000000004,5,0.0917,-5.5710000000000015,0,24,0.0348,171.449,0.915,4
0.992,0.467,170973,0.183,0,0.17600000000000002,3,0.189,-10.84,1,0,0.0432,70.634,0.418,8
0.298,0.725,212573,0.417,0,0.0,10,0.138,-14.958,1,23,0.0445,116.641,0.962,4
0.723,0.738,137333,0.499,0,5.07e-06,10,0.0912,-11.028,1,22,0.037000000000000005,111.233,0.931,6
0.455,0.418,257453,0.392,0,0.0,5,0.116,-8.189,1,64,0.0299,134.108,0.174,2
0.057,0.684,114800,0.292,1,0.0,2,0.223,-18.072,1,0,0.927,87.48,0.71,10
0.96,0.685,331267,0.189,0,0.000759,11,0.122,-20.172,1,7,0.945,138.847,0.328,7
0.242,0.6459999999999999,245728,0.6559999999999999,1,0.0,11,0.0613,-5.505,0,65,0.152,126.767,0.66,1
0.146,0.604,104500,0.319,1,0.0,2,0.505,-17.078,0,0,0.945,196.051,0.368,7
0.982,0.44,176274,0.348,0,0.0191,6,0.374,-12.043,1,0,0.0414,108.064,0.925,9
0.154,0.818,217360,0.507,0,0.0,0,0.16,-14.803,1,42,0.309,95.754,0.78,3
0.0503,0.74,360467,0.442,1,0.0,4,0.0881,-7.572999999999999,0,47,0.0421,79.009,0.219,2
0.847,0.332,231413,0.384,0,2.18e-06,2,0.113,-10.466,0,2,0.0387,96.683,0.198,7
0.4920000000000001,0.531,203563,0.614,0,2.52e-06,9,0.0214,-3.888,1,45,0.153,182.01,0.8959999999999999,4
0.112,0.76,206853,0.528,0,0.0,11,0.107,-7.474,1,59,0.0541,120.003,0.457,1
0.0127,0.544,130427,0.792,0,1.83e-06,6,0.305,-6.981,1,37,0.0381,144.316,0.949,3
0.00184,0.629,248627,0.969,0,0.0,8,0.122,-0.276,0,50,0.0455,150.01,0.905,2
0.98,0.469,173688,0.338,0,0.0,2,0.184,-12.58,1,0,0.0616,117.334,0.509,9
0.996,0.71,167493,0.227,0,0.525,7,0.42,-15.149,1,0,0.194,77.545,0.8809999999999999,9
0.718,0.644,169760,0.371,0,0.0,0,0.348,-14.436,1,47,0.039,82.90899999999998,0.916,6
0.0262,0.682,216084,0.7829999999999999,1,0.0,8,0.206,-4.997,1,78,0.18,106.899,0.32299999999999995,0
0.104,0.731,69867,0.234,0,0.7340000000000001,11,0.101,-15.889,0,22,0.0763,156.882,0.335,5
0.00417,0.528,294907,0.8320000000000001,0,0.000435,2,0.25,-6.421,1,47,0.0269,100.18,0.6,2
0.975,0.277,245440,0.09,0,0.949,7,0.125,-26.188,1,0,0.0316,105.031,0.168,10
0.6459999999999999,0.324,234320,0.464,0,2.89e-06,7,0.135,-7.403,1,20,0.033,74.729,0.276,6
0.0212,0.397,339680,0.556,0,0.00179,0,0.11,-7.23,1,44,0.0274,132.012,0.208,1
0.0007570000000000001,0.304,229714,0.742,0,0.865,5,0.336,-2.261,0,53,0.0357,139.958,0.16699999999999998,1
0.98,0.265,232040,0.0661,0,0.916,2,0.0956,-22.022,1,32,0.0448,103.068,0.0361,6
0.57,0.512,149627,0.303,0,0.0,3,0.0803,-13.547,1,59,0.0374,102.908,0.629,6
0.544,0.644,200960,0.594,0,0.0,11,0.243,-12.835,0,39,0.0323,126.409,0.8690000000000001,5
0.487,0.8240000000000001,121013,0.696,0,1.32e-05,7,0.0475,-4.523,1,55,0.0646,111.266,0.888,1
0.0646,0.738,207160,0.684,1,0.0,4,0.534,-8.527000000000001,0,40,0.388,81.296,0.311,2
0.986,0.45,187960,0.238,0,5.87e-06,5,0.0784,-12.22,1,0,0.0481,110.803,0.311,7
0.457,0.591,135000,0.564,0,0.0,4,0.741,-9.253,1,19,0.0314,119.478,0.963,6
0.361,0.696,352827,0.606,0,4.760000000000001e-05,0,0.181,-7.46,1,37,0.0313,135.762,0.96,6
0.5770000000000001,0.386,291053,0.7340000000000001,0,0.0195,4,0.29,-5.84,0,37,0.0355,109.652,0.297,4
0.901,0.255,566293,0.379,0,0.501,9,0.0809,-10.768,1,0,0.0363,100.763,0.112,7
0.943,0.423,191827,0.521,0,0.0327,9,0.065,-6.995,1,0,0.0484,98.655,0.7559999999999999,8
0.979,0.509,175961,0.0167,0,2.72e-05,9,0.387,-24.639,1,73,0.115,207.97,0.229,1
0.584,0.399,283467,0.672,0,2.45e-05,0,0.118,-5.506,1,58,0.05,142.215,0.285,1
0.138,0.684,228707,0.8490000000000001,0,0.0,11,0.636,-6.562,0,42,0.0478,124.988,0.75,4
0.38,0.596,169440,0.701,0,0.0,7,0.142,-6.89,1,41,0.0364,120.997,0.835,6
0.8220000000000001,0.229,208933,0.08900000000000001,0,0.0,2,0.37,-18.504,1,44,0.0376,44.06800000000001,0.173,3
0.17600000000000002,0.557,278213,0.494,0,0.000423,9,0.128,-12.724,1,39,0.0274,96.828,0.466,4
0.994,0.407,221813,0.403,0,0.911,4,0.11,-13.705,0,0,0.0465,118.277,0.6829999999999999,8
0.767,0.52,401227,0.415,0,0.139,9,0.212,-11.849,0,9,0.0331,76.025,0.385,6
0.00728,0.674,344267,0.5589999999999999,0,0.000762,4,0.0993,-10.572,0,55,0.0347,119.915,0.508,2
0.934,0.383,221080,0.345,0,2.78e-06,4,0.374,-11.136,1,19,0.0426,143.279,0.778,6
0.248,0.35200000000000004,518227,0.491,0,0.77,0,0.0946,-14.843,1,39,0.0512,154.281,0.428,5
0.991,0.301,238493,0.125,0,0.916,6,0.102,-24.128,1,0,0.0474,78.081,0.603,8
0.908,0.319,235493,0.669,0,0.5589999999999999,3,0.687,-9.47,1,7,0.0942,172.812,0.685,9
0.988,0.2,389667,0.184,0,0.00263,2,0.119,-16.727,1,1,0.0365,76.972,0.133,7
0.9,0.51,173846,0.213,0,0.0487,6,0.0978,-6.7170000000000005,0,57,0.17600000000000002,77.976,0.173,1
0.00356,0.44,186200,0.879,0,0.701,6,0.294,-7.023,1,50,0.0728,127.686,0.599,5
0.0659,0.7170000000000001,348067,0.665,0,0.0,9,0.326,-9.503,1,61,0.0523,105.693,0.774,5
0.0467,0.532,235067,0.525,0,0.0,4,0.053,-6.812,1,63,0.0295,75.993,0.536,3
3.620000000000001e-05,0.18600000000000005,274973,0.8640000000000001,0,1.0800000000000003e-05,5,0.127,-6.0120000000000005,1,39,0.0556,83.682,0.223,3
0.588,0.5760000000000001,280074,0.535,0,0.0106,9,0.31,-8.392000000000001,1,62,0.041,139.939,0.196,1
0.6890000000000001,0.67,240400,0.473,0,0.152,9,0.0779,-14.961,1,38,0.0357,77.918,0.8859999999999999,5
0.0194,0.4,189507,0.862,0,0.125,1,0.103,-13.134,1,21,0.0518,124.576,0.8390000000000001,5
0.6779999999999999,0.7170000000000001,232112,0.263,0,0.0,4,0.14300000000000002,-16.602999999999998,1,0,0.945,110.089,0.32299999999999995,9
0.000611,0.627,259355,0.991,0,0.675,1,0.396,-2.9,0,53,0.0804,128.007,0.516,1
0.459,0.753,160467,0.38,0,0.0,9,0.0918,-12.329,1,30,0.0373,114.096,0.7390000000000001,6
0.958,0.397,162933,0.112,0,0.00209,0,0.13699999999999998,-18.962,1,25,0.034,180.922,0.583,5
0.0172,0.6990000000000001,269027,0.721,0,0.6859999999999999,2,0.085,-8.611,1,25,0.277,145.149,0.312,5
0.963,0.669,149029,0.397,0,0.000688,9,0.196,-12.472,1,1,0.0544,80.763,0.7440000000000001,9
0.994,0.583,198360,0.21600000000000005,0,0.484,4,0.203,-17.149,1,0,0.0361,75.214,0.612,7
0.00704,0.162,154773,0.8740000000000001,0,1.89e-05,5,0.086,-3.791,0,26,0.0582,150.709,0.609,4
0.996,0.449,145200,0.0063100000000000005,0,0.902,5,0.112,-36.027,0,49,0.041,69.325,0.0676,2
4.66e-06,0.382,417360,0.868,0,0.872,10,0.35200000000000004,-7.246,1,33,0.059,108.864,0.147,4
0.992,0.338,206187,0.234,0,0.00186,5,0.104,-13.764,1,0,0.0725,169.422,0.23,9
0.279,0.805,271031,0.757,0,0.000839,8,0.101,-7.46,1,74,0.0355,102.14,0.973,3
0.54,0.5820000000000001,156893,0.75,0,8.25e-06,7,0.337,-11.206,1,40,0.113,114.104,0.6859999999999999,7
0.0467,0.868,312960,0.964,1,1.51e-05,2,0.0708,-3.72,1,48,0.111,98.913,0.868,3
0.000931,0.547,236280,0.878,0,0.0,1,0.191,-4.65,1,44,0.0431,140.07,0.536,1
0.593,0.565,112533,0.669,0,0.0,0,0.508,-11.417,1,28,0.0759,80.955,0.901,4
0.588,0.3670000000000001,195333,0.328,0,0.0,5,0.0966,-12.078,1,47,0.0301,136.32399999999998,0.455,5
0.0612,0.514,226813,0.7979999999999999,0,0.0,2,0.104,-3.669,1,60,0.0494,145.995,0.677,2
0.958,0.8340000000000001,176773,0.211,0,0.0,7,0.861,-16.373,1,10,0.138,130.624,0.8959999999999999,7
0.337,0.5760000000000001,144893,0.405,0,0.0,0,0.158,-11.642,1,16,0.0339,127.403,0.828,6
0.0197,0.728,190667,0.605,1,2.46e-05,8,0.0668,-7.9529999999999985,1,48,0.334,80.545,0.743,2
0.462,0.752,282500,0.638,0,4.68e-06,0,0.0597,-6.184,1,50,0.0608,134.01,0.6990000000000001,1
0.374,0.585,361773,0.633,0,2.08e-06,0,0.06,-12.271,1,45,0.0356,175.325,0.937,3
0.76,0.498,187040,0.331,0,0.0727,8,0.119,-12.746,1,20,0.0256,98.961,0.454,6
0.177,0.866,223258,0.438,0,0.0,7,0.0743,-8.943,1,81,0.0719,129.039,0.695,1
0.984,0.35,146760,0.0585,0,3.87e-06,7,0.114,-18.854,1,0,0.0451,99.657,0.138,7
0.000932,0.626,324507,0.735,0,0.0026100000000000003,0,0.329,-10.425,1,30,0.0267,119.77,0.606,4
0.987,0.563,172080,0.28,0,0.000355,1,0.477,-11.763,1,0,0.0932,129.909,0.5529999999999999,8
0.000826,0.38,239223,0.755,0,0.0,11,0.936,-9.732,1,42,0.0695,116.319,0.404,5
0.0651,0.797,173600,0.8440000000000001,1,0.0,11,0.087,-5.482,1,76,0.275,170.142,0.52,1
0.816,0.591,144400,0.221,0,0.0,1,0.16399999999999998,-13.677,0,29,0.0358,133.039,0.6759999999999999,6
0.978,0.48,243187,0.268,0,1.4800000000000002e-05,8,0.117,-11.546,1,0,0.0509,73.32300000000002,0.389,9
0.913,0.536,368067,0.445,0,0.000516,0,0.802,-15.347,1,32,0.287,132.904,0.7340000000000001,9
0.961,0.313,182693,0.243,0,0.000172,0,0.16899999999999998,-12.005,0,0,0.0343,131.658,0.211,7
0.995,0.509,283333,0.0822,0,0.959,0,0.115,-18.728,0,10,0.0632,75.13,0.404,7
0.935,0.67,182533,0.339,0,0.0588,7,0.29600000000000004,-11.999,1,14,0.0373,90.196,0.804,9
0.00266,0.397,228879,0.725,0,0.0,7,0.208,-4.862,1,68,0.043,128.861,0.358,1
0.00024900000000000004,0.521,396823,0.916,0,0.00116,11,0.948,-6.822,1,43,0.0467,81.99799999999998,0.398,4
0.882,0.281,238293,0.209,0,0.579,2,0.14300000000000002,-16.827,1,33,0.0322,90.317,0.215,5
0.994,0.405,94707,0.277,0,0.8140000000000001,0,0.114,-21.501,0,25,0.0518,86.391,0.782,6
0.00702,0.51,221533,0.948,0,1.93e-06,9,0.314,-6.106,1,34,0.0826,140.409,0.395,4
0.605,0.496,223453,0.612,0,0.0023,7,0.106,-8.936,1,29,0.0343,134.893,0.242,5
0.72,0.77,119560,0.441,0,0.0,7,0.157,-9.684,1,12,0.0353,127.308,0.969,6
0.8059999999999999,0.609,162333,0.637,0,0.0,7,0.91,-7.951,1,19,0.408,120.295,0.493,6
0.000118,0.4270000000000001,260773,0.946,1,0.0253,7,0.0604,-2.188,1,74,0.0469,101.305,0.237,1
0.000288,0.672,76627,0.448,1,0.87,6,0.221,-13.308,1,41,0.182,133.713,0.313,3
0.0994,0.609,242893,0.617,0,0.00404,9,0.118,-7.091,1,70,0.0307,128.903,0.5429999999999999,6
0.18,0.586,322973,0.465,0,0.0,5,0.114,-11.117,1,25,0.0305,158.796,0.459,4
0.965,0.406,240827,0.102,0,0.645,3,0.182,-17.826,1,0,0.0359,139.22299999999998,0.521,8
0.0829,0.521,273733,0.474,0,6.63e-06,9,0.104,-12.27,1,35,0.0291,134.266,0.413,5
0.955,0.281,133640,0.225,0,1.47e-05,10,0.134,-14.319,1,0,0.0487,164.63299999999995,0.225,7
0.977,0.475,86126,0.16,0,0.0197,4,0.66,-12.469,1,2,0.0408,113.751,0.6920000000000001,8
0.608,0.282,207173,0.255,0,0.00615,1,0.0953,-10.293,1,41,0.0295,99.134,0.0416,3
0.466,0.6890000000000001,176933,0.659,0,0.0,10,0.474,-9.048,1,20,0.0346,127.024,0.856,6
0.0255,0.447,194893,0.908,0,0.0,8,0.127,-4.529,1,46,0.0613,100.712,0.434,2
0.6609999999999999,0.441,214827,0.258,0,0.0,7,0.106,-11.227,1,64,0.0276,77.988,0.172,3
0.00212,0.8240000000000001,196373,0.595,1,0.0,1,0.106,-11.954,1,45,0.28300000000000003,93.993,0.711,3
0.000925,0.884,244867,0.464,0,4.36e-06,1,0.0366,-12.876,1,30,0.222,132.172,0.868,3
0.979,0.516,246627,0.0308,0,0.898,5,0.142,-21.75800000000001,1,4,0.0444,72.278,0.249,7
0.183,0.494,308568,0.895,0,0.173,9,0.99,-10.043,0,31,0.0573,122.663,0.439,5
0.3720000000000001,0.385,248440,0.248,0,9.68e-06,7,0.211,-10.812,1,31,0.0303,94.949,0.128,4
0.0344,0.721,241840,0.765,0,2.83e-06,6,0.322,-13.036,1,41,0.0345,119.948,0.948,4
0.986,0.244,190667,0.0973,0,0.8220000000000001,9,0.0881,-26.332,0,13,0.0413,127.514,0.118,6
0.87,0.496,434453,0.32,0,0.022,11,0.0878,-11.47,1,23,0.0306,137.653,0.279,5
0.98,0.393,94400,0.189,0,0.476,3,0.13,-19.34,1,10,0.0354,137.048,0.564,6
0.522,0.287,172480,0.14400000000000002,0,0.0,6,0.262,-15.356,1,10,0.0377,92.143,0.425,7
0.00952,0.575,270533,0.727,0,0.0075400000000000016,2,0.054000000000000006,-9.539,1,57,0.0281,97.995,0.504,3
0.308,0.31,163613,0.38,0,0.000228,0,0.205,-10.414,1,26,0.0286,170.519,0.371,5
0.672,0.667,178960,0.225,0,0.0,5,0.0988,-13.36,1,11,0.08900000000000001,120.997,0.5429999999999999,7
0.8270000000000001,0.476,185373,0.398,0,0.00134,2,0.22,-13.61,1,19,0.0309,98.474,0.745,6
0.0042,0.7609999999999999,277213,0.742,1,0.0,11,0.319,-5.608,0,39,0.417,97.237,0.728,3
0.934,0.174,306600,0.215,0,0.000264,9,0.142,-16.018,1,21,0.031,82.735,0.229,6
0.4920000000000001,0.264,160693,0.217,0,3.28e-06,5,0.361,-13.281,1,36,0.0343,167.03799999999995,0.594,7
0.378,0.606,224547,0.59,0,0.0,0,0.0999,-7.39,1,49,0.0284,135.148,0.276,2
0.13699999999999998,0.309,146547,0.419,0,2.47e-06,0,0.254,-11.147,0,14,0.0293,207.498,0.72,6
0.993,0.528,194947,0.225,0,0.872,0,0.123,-17.102999999999998,1,0,0.056,149.315,0.6709999999999999,7
0.0228,0.303,205333,0.401,0,0.768,2,0.113,-13.932,1,50,0.0375,155.822,0.0974,1
0.937,0.407,176693,0.0535,0,0.000185,6,0.0966,-20.768,1,7,0.0349,72.709,0.155,7
4.820000000000001e-05,0.17600000000000002,241652,0.993,0,0.00028,10,0.0996,-3.4360000000000004,0,48,0.162,164.89,0.182,1
0.5760000000000001,0.619,147893,0.386,0,0.000331,6,0.265,-15.112,0,32,0.0284,109.135,0.639,6
0.11,0.737,193227,0.86,0,1.94e-06,8,0.0574,-2.652,0,83,0.0593,93.989,0.6559999999999999,1
0.941,0.385,161627,0.0523,0,0.939,2,0.145,-22.16800000000001,0,0,0.0406,144.641,0.4320000000000001,10
0.00549,0.359,301707,0.521,0,0.407,4,0.6579999999999999,-10.338,0,49,0.035,95.965,0.325,5
0.825,0.544,227000,0.468,0,0.00118,10,0.275,-11.123,1,2,0.0867,138.082,0.725,7
7.8e-05,0.467,254107,0.992,1,0.00175,11,0.41,-3.218,0,37,0.175,115.209,0.317,2
0.992,0.363,191813,0.249,0,0.0179,4,0.117,-8.238999999999999,1,0,0.0624,88.315,0.392,9
0.141,0.591,171040,0.8029999999999999,0,0.0,7,0.204,-9.66,1,15,0.0584,96.198,0.856,7
0.664,0.35100000000000003,303747,0.48,0,0.0672,5,0.108,-12.436,1,38,0.0582,90.344,0.348,5
0.00645,0.375,311880,0.952,0,2.21e-06,11,0.665,-6.164,0,41,0.209,166.891,0.321,2
0.38,0.8240000000000001,221720,0.648,0,0.0258,0,0.0442,-8.693,1,48,0.0398,121.323,0.971,5
0.00847,0.657,196787,0.828,0,0.0,5,0.326,-5.544,1,72,0.0728,115.954,0.5660000000000001,1
0.956,0.61,97493,0.207,0,0.911,8,0.111,-19.068,1,28,0.0442,128.113,0.6509999999999999,4
0.139,0.5479999999999999,208853,0.885,0,0.0,6,0.0716,-1.48,1,68,0.125,172.946,0.509,1
0.959,0.435,233240,0.206,0,7.76e-06,0,0.122,-17.746,1,41,0.0458,90.368,0.119,3
0.246,0.404,401067,0.435,0,0.00074,4,0.156,-12.045,0,63,0.0323,136.058,0.156,6
0.37,0.738,159053,0.579,0,0.805,5,0.113,-8.988,1,27,0.0344,104.618,0.934,4
0.29600000000000004,0.8140000000000001,211840,0.6629999999999999,1,3.39e-06,1,0.16,-7.4460000000000015,1,44,0.355,93.014,0.52,3
0.5770000000000001,0.6779999999999999,218373,0.447,0,0.001,5,0.0697,-15.329,1,42,0.0429,133.29,0.604,5
0.884,0.173,342973,0.0385,0,0.928,1,0.0966,-28.032,1,42,0.0407,126.355,0.0555,3
0.607,0.471,125347,0.5670000000000001,0,0.0,7,0.506,-11.729,1,13,0.077,143.243,0.7559999999999999,6
0.25,0.391,525933,0.581,0,0.0,9,0.0861,-5.481,0,50,0.0901,83.587,0.459,2
0.141,0.777,155350,0.652,1,0.0,7,0.0853,-5.6160000000000005,0,61,0.35,161.904,0.575,0
0.7190000000000001,0.624,153867,0.191,0,0.0,9,0.358,-11.072,1,49,0.0301,137.276,0.726,3
0.0132,0.636,225218,0.741,0,0.0,11,0.287,-5.436,0,61,0.041,88.999,0.53,1
0.794,0.5920000000000001,169467,0.0404,0,0.0,9,0.0972,-18.868,0,10,0.104,109.231,0.807,7
0.032,0.5670000000000001,168956,0.5429999999999999,0,4.14e-05,6,0.15,-9.21,0,25,0.0575,133.504,0.556,6
0.102,0.5379999999999999,158853,0.5329999999999999,0,0.0,5,0.125,-5.0360000000000005,1,46,0.0987,206.834,0.97,2
0.073,0.754,121347,0.342,1,0.0,10,0.193,-8.677,0,78,0.0991,128.981,0.423,1
0.0644,0.731,276573,0.574,0,0.0,1,0.0675,-7.114,1,50,0.029,95.995,0.392,3
0.899,0.246,211907,0.114,0,0.00361,1,0.145,-18.051,0,13,0.0327,86.69,0.185,7
0.901,0.416,260840,0.703,0,0.344,5,0.355,-8.879,0,2,0.0729,123.947,0.743,9
0.376,0.429,205893,0.365,0,0.0004980000000000001,8,0.12,-14.863,1,21,0.0313,72.074,0.177,5
0.551,0.8059999999999999,176547,0.6779999999999999,0,1.42e-05,5,0.243,-5.1560000000000015,1,57,0.0316,119.98,0.971,1
0.594,0.509,239440,0.403,0,0.0,5,0.107,-11.186,1,47,0.0268,83.601,0.38,4
0.25,0.8290000000000001,135920,0.6779999999999999,0,0.944,5,0.0714,-10.081,1,25,0.245,72.535,0.7190000000000001,6
0.7340000000000001,0.588,254267,0.209,0,0.000143,10,0.157,-15.536,1,18,0.042,128.411,0.601,6
0.975,0.382,420702,0.264,0,0.914,6,0.13699999999999998,-17.336,1,0,0.0465,99.095,0.34600000000000003,8
0.307,0.85,172120,0.602,0,0.00032900000000000003,0,0.0692,-6.522,1,47,0.0454,96.17,0.898,2
0.442,0.6659999999999999,275627,0.769,0,0.0,7,0.22,-3.786,1,54,0.0418,152.248,0.946,2
0.313,0.618,269573,0.7170000000000001,0,0.0,8,0.0555,-9.791,1,40,0.127,93.339,0.841,4
0.986,0.742,164573,0.402,0,0.311,3,0.313,-7.132999999999999,1,0,0.0437,136.279,0.921,9
0.0136,0.882,169160,0.965,0,0.388,4,0.206,-0.818,1,66,0.13,128.129,0.759,1
0.111,0.6679999999999999,201107,0.672,0,0.0,2,0.329,-4.931,1,66,0.0303,89.01100000000002,0.539,2
0.92,0.685,170867,0.24,0,1.56e-05,7,0.111,-15.804,0,20,0.0409,138.78799999999998,0.7829999999999999,5
0.006540000000000001,0.524,317293,0.674,1,9.3e-05,1,0.221,-7.0379999999999985,0,57,0.0895,102.901,0.128,1
0.91,0.7140000000000001,61133,0.194,0,0.0,10,0.215,-19.244,1,24,0.908,122.609,0.759,6
0.35700000000000004,0.73,289573,0.284,0,0.000157,3,0.107,-14.307,1,0,0.0834,118.476,0.821,8
0.992,0.355,257400,0.232,0,0.893,0,0.75,-18.978,0,0,0.0346,104.943,0.29,7
0.74,0.6459999999999999,199240,0.46,0,1.26e-05,8,0.064,-7.885,1,34,0.0418,93.183,0.674,3
0.964,0.547,186587,0.524,0,0.48,10,0.145,-8.45,1,0,0.0571,136.08,0.914,8
0.945,0.828,354000,0.0977,0,0.0553,5,0.105,-20.314,1,24,0.14,103.664,0.422,7
0.923,0.311,70067,0.16699999999999998,0,7.979999999999999e-05,0,0.366,-24.068,1,35,0.0396,114.533,0.413,5
0.969,0.373,122227,0.0581,0,0.000195,3,0.11,-15.698,0,34,0.0501,169.963,0.123,7
0.6709999999999999,0.688,170800,0.403,0,5.16e-05,2,0.17600000000000002,-11.584,1,16,0.0323,111.528,0.5920000000000001,6
0.142,0.929,255840,0.463,0,5.26e-06,9,0.0634,-8.651,1,73,0.308,124.084,0.757,4
0.936,0.637,140069,0.421,0,0.0965,9,0.129,-8.222000000000001,1,1,0.0769,131.513,0.8640000000000001,8
0.2,0.762,136893,0.8009999999999999,1,7.04e-05,1,0.254,-3.661,0,77,0.0409,93.992,0.81,0
0.949,0.303,153560,0.236,0,0.921,2,0.181,-14.193,1,29,0.0484,121.279,0.158,6
0.978,0.459,74493,0.201,0,0.001,5,0.106,-17.227999999999998,1,0,0.0943,100.667,0.8420000000000001,8
0.0684,0.466,227467,0.912,0,0.0,2,0.0892,-3.423,0,43,0.0474,151.977,0.416,2
0.984,0.22,397387,0.0747,0,0.248,8,0.358,-21.766,1,0,0.0407,80.207,0.114,9
0.000718,0.466,274707,0.899,0,0.000443,2,0.439,-4.143,1,48,0.0574,143.947,0.422,2
0.373,0.5489999999999999,231027,0.287,0,0.0,5,0.115,-13.135,1,57,0.0362,132.439,0.382,4
0.199,0.705,240000,0.675,0,0.0,6,0.274,-5.712999999999999,1,42,0.043,143.94899999999996,0.778,1
0.994,0.329,259480,0.0781,0,0.8490000000000001,2,0.0959,-23.808000000000003,0,0,0.0332,77.725,0.215,8
0.000173,0.534,177813,0.348,0,0.365,6,0.0493,-16.484,0,24,0.0327,116.394,0.224,6
0.757,0.518,346027,0.569,0,0.149,1,0.221,-7.534,1,7,0.0603,149.708,0.725,7
0.987,0.524,182320,0.206,0,0.918,10,0.241,-17.475,0,0,0.0546,79.536,0.723,7
0.828,0.433,160413,0.231,0,1.6100000000000002e-05,5,0.146,-13.953,1,16,0.026,95.748,0.27,6
0.742,0.57,244013,0.7859999999999999,0,0.004370000000000001,8,0.978,-8.894,1,23,0.0594,95.732,0.6509999999999999,5
0.7120000000000001,0.639,94293,0.304,0,0.6,7,0.0688,-15.428,1,38,0.365,131.639,0.399,4
0.0894,0.773,156640,0.6940000000000001,0,1.64e-06,10,0.198,-7.722,1,43,0.0515,117.891,0.898,3
0.993,0.433,227400,0.188,0,0.463,3,0.273,-13.209,1,0,0.0381,110.553,0.519,9
0.34,0.6559999999999999,203141,0.637,0,0.0,1,0.187,-3.867,1,64,0.0256,105.037,0.267,1
0.314,0.491,202547,0.7759999999999999,0,0.0,2,0.146,-3.887,1,60,0.0393,154.988,0.428,2
0.0853,0.767,267827,0.883,0,0.0609,10,0.0705,-4.984,0,43,0.0909,133.766,0.825,2
0.942,0.735,194339,0.448,0,0.0524,2,0.104,-7.5070000000000014,1,0,0.219,133.845,0.947,7
0.94,0.517,360827,0.125,0,0.00118,0,0.127,-13.796,0,42,0.0402,69.433,0.302,7
0.994,0.637,187612,0.0776,0,0.000304,0,0.345,-10.778,1,0,0.569,85.538,0.8909999999999999,8
0.633,0.583,169851,0.94,0,3.26e-06,2,0.342,-10.566,1,37,0.0928,130.221,0.662,6
0.327,0.52,178320,0.623,0,0.0,3,0.127,-6.35,1,68,0.0711,148.22799999999995,0.278,1
0.98,0.514,178347,0.0901,0,0.035,7,0.264,-15.679,0,2,0.0314,104.705,0.285,8
0.00062,0.55,253893,0.897,0,0.0656,0,0.0621,-6.9270000000000005,1,35,0.0395,139.299,0.562,4
0.0446,0.49,308973,0.91,0,0.0,0,0.0455,-5.266,1,38,0.0459,117.877,0.315,4
0.972,0.301,195813,0.248,0,0.83,3,0.374,-20.502,1,0,0.034,115.024,0.494,8
0.405,0.693,230547,0.32299999999999995,1,2.19e-05,3,0.149,-11.97,0,56,0.0306,129.964,0.669,1
0.0949,0.421,198667,0.48,0,4.31e-05,2,0.226,-6.85,1,43,0.0409,178.66,0.7090000000000001,3
0.000407,0.5870000000000001,293813,0.857,0,0.000942,4,0.0421,-9.053,1,24,0.0631,137.641,0.7490000000000001,5
0.939,0.329,439947,0.206,0,0.716,2,0.0797,-16.115,0,11,0.0476,168.92700000000005,0.247,7
0.555,0.429,252666,0.343,0,0.0,7,0.102,-13.749,1,45,0.0344,113.594,0.458,4
0.672,0.602,326853,0.292,0,0.0013800000000000002,9,0.7140000000000001,-15.337,1,46,0.0786,104.22,0.315,2
0.271,0.544,89067,0.636,0,0.000103,6,0.14400000000000002,-8.262,0,38,0.0304,94.519,0.537,3
0.655,0.6709999999999999,146733,0.467,0,0.0,0,0.306,-7.025,1,47,0.0402,107.794,0.98,3
0.409,0.626,216013,0.627,0,0.0,0,0.108,-4.915,1,46,0.0265,138.061,0.371,1
0.0743,0.398,266160,0.848,0,0.0065,1,0.173,-4.987,1,49,0.0579,150.96200000000005,0.411,1
0.155,0.486,406893,0.475,0,0.0349,8,0.2,-7.843,0,42,0.0244,75.281,0.457,2
0.993,0.569,181457,0.135,0,0.0,2,0.113,-15.726,1,1,0.124,75.517,0.53,9
0.985,0.394,102426,0.225,0,1.22e-06,11,0.229,-13.284,1,0,0.0446,78.097,0.309,8
0.339,0.29100000000000004,334027,0.399,0,0.858,7,0.0971,-14.896,1,44,0.0288,108.447,0.0384,2
0.129,0.797,189533,0.308,0,0.0,5,0.282,-18.03,1,39,0.0462,110.833,0.8170000000000001,3
0.0794,0.688,165573,0.6629999999999999,0,0.0,5,0.119,-8.852,1,35,0.29600000000000004,94.0,0.816,5
0.0179,0.37,393693,0.8690000000000001,0,0.498,2,0.775,-8.19,0,27,0.0451,152.27200000000005,0.845,5
0.00236,0.537,221827,0.847,0,1.16e-06,6,0.0844,-5.207999999999998,1,61,0.0383,106.055,0.459,1
0.000404,0.378,159093,0.799,0,0.642,5,0.24,-13.494000000000002,1,25,0.0356,138.56799999999998,0.779,4
1.01e-05,0.442,253240,0.7859999999999999,0,0.503,0,0.104,-12.117,1,22,0.0569,122.249,0.723,5
0.757,0.619,178240,0.261,0,0.0,2,0.259,-10.632,1,47,0.0357,116.379,0.6579999999999999,6
0.989,0.205,252733,0.18600000000000005,0,0.759,5,0.555,-18.423,1,6,0.0338,106.381,0.175,8
0.0359,0.823,323303,0.813,1,0.0,7,0.0886,-6.71,1,61,0.28800000000000003,95.012,0.373,1
0.0027,0.622,214000,0.941,0,0.00185,9,0.132,-4.651,1,44,0.162,89.756,0.552,3
0.0613,0.6679999999999999,116173,0.534,0,0.0,9,0.29600000000000004,-9.825,0,31,0.0661,138.893,0.93,6
0.978,0.469,187880,0.385,0,0.35200000000000004,6,0.102,-10.073,1,0,0.0442,106.912,0.325,9
0.16699999999999998,0.73,221820,0.7290000000000001,0,1.39e-06,4,0.349,-3.434,0,31,0.0883,113.013,0.467,0
0.982,0.202,352400,0.0955,0,0.00636,3,0.1,-19.876,1,0,0.0441,91.521,0.0539,7
0.741,0.696,179160,0.11,0,3.64e-05,4,0.0635,-18.622,0,45,0.0593,143.487,0.344,4
0.13699999999999998,0.482,367213,0.365,0,0.00868,5,0.272,-13.917,1,29,0.0284,115.654,0.185,5
0.965,0.415,120451,0.0069900000000000006,0,0.96,9,0.457,-27.686,0,49,0.0494,70.193,0.0364,1
0.184,0.501,309160,0.382,0,0.0389,0,0.0632,-18.814,1,31,0.0401,76.889,0.903,5
0.818,0.7190000000000001,109100,0.319,1,0.0,11,0.221,-17.386,0,0,0.877,124.464,0.639,7
0.917,0.119,76507,0.182,0,0.862,9,0.35100000000000003,-18.5,0,0,0.045,175.955,0.188,9
0.13699999999999998,0.48,194907,0.8320000000000001,0,0.0,11,0.354,-5.6629999999999985,1,65,0.0426,186.875,0.648,2
0.16899999999999998,0.8390000000000001,142867,0.593,0,1.32e-06,6,0.0648,-9.714,0,49,0.0438,95.008,0.721,2
0.279,0.561,172960,0.447,0,0.0,1,0.319,-11.389,1,54,0.0544,117.784,0.7290000000000001,6
0.0514,0.221,186280,0.826,0,0.0,5,0.135,-5.393,1,52,0.126,130.632,0.116,3
0.51,0.527,164507,0.327,0,9.04e-06,7,0.0326,-13.932,1,38,0.0393,94.643,0.527,4
0.195,0.629,180293,0.8240000000000001,0,0.000185,7,0.35200000000000004,-7.545,1,38,0.042,99.89,0.65,3
0.245,0.385,144293,0.394,0,0.0,8,0.0256,-11.132,1,20,0.0291,177.137,0.84,6
0.00102,0.498,258267,0.901,0,0.000729,6,0.104,-6.724,0,54,0.0511,96.916,0.5720000000000001,3
0.00469,0.784,310399,0.459,1,0.0,1,0.25,-7.614,1,58,0.311,75.97399999999998,0.277,1
0.985,0.465,280743,0.0627,0,0.909,1,0.107,-24.472,1,41,0.0494,105.126,0.215,3
0.87,0.233,191573,0.3,0,2.08e-06,7,0.228,-10.38,1,0,0.0363,67.142,0.373,8
0.0071,0.4970000000000001,176597,0.7040000000000001,0,6.69e-05,2,0.7829999999999999,-8.085,1,55,0.0324,125.919,0.607,4
0.276,0.578,140507,0.468,0,0.0,7,0.142,-12.46,1,26,0.029,122.762,0.659,5
0.0229,0.728,166493,0.555,1,0.0257,10,0.0636,-12.45,0,41,0.173,81.898,0.389,3
0.919,0.556,165120,0.34,0,0.000591,1,0.321,-13.268,1,14,0.0326,80.382,0.457,6
0.8640000000000001,0.5489999999999999,189560,0.206,0,0.0,2,0.163,-13.461,0,1,0.0734,77.832,0.657,10
0.364,0.63,150320,0.774,0,0.0046,9,0.129,-5.232,1,27,0.11,138.533,0.826,6
0.921,0.154,215063,0.046,0,0.754,9,0.107,-33.115,0,62,0.0478,76.256,0.0342,1
0.398,0.64,160560,0.624,0,0.502,2,0.16,-13.247,1,24,0.0346,124.354,0.792,5
0.118,0.715,150598,0.584,1,0.0,1,0.206,-8.751,0,69,0.28,141.959,0.619,0
0.139,0.405,296467,0.516,0,0.0,1,0.0513,-14.696,1,27,0.0407,88.60799999999998,0.528,3
0.241,0.519,232973,0.7070000000000001,0,0.102,5,0.267,-8.424,1,63,0.0272,93.348,0.545,1
0.784,0.7,104440,0.0506,0,0.0,3,0.107,-23.787,1,0,0.478,131.539,0.473,7
0.0158,0.617,216271,0.872,0,0.112,8,0.408,-12.305,1,37,0.048,111.458,0.504,3
0.991,0.7809999999999999,175507,0.142,0,9.8e-05,0,0.147,-11.738,0,0,0.0805,116.392,0.6940000000000001,10
0.984,0.38,126000,0.155,0,0.8390000000000001,5,0.161,-18.837,1,9,0.0498,102.957,0.785,6
0.35100000000000003,0.657,142533,0.3720000000000001,0,0.0,7,0.0856,-12.318,1,30,0.041,95.913,0.836,6
0.721,0.547,171773,0.28,0,0.62,2,0.314,-19.094,0,18,0.0302,114.87,0.263,6
0.596,0.502,204933,0.513,0,0.0,1,0.043,-7.619,1,28,0.0287,140.431,0.59,5
0.381,0.657,401387,0.43,0,0.247,10,0.0629,-9.087,0,10,0.0464,118.134,0.392,7
0.415,0.563,241347,0.401,0,0.00305,5,0.158,-9.073,1,57,0.0243,139.863,0.277,1
0.81,0.639,146640,0.623,0,0.00687,4,0.0786,-9.911,1,19,0.0265,130.484,0.8690000000000001,6
0.0785,0.622,160427,0.936,0,0.0,2,0.387,-4.9060000000000015,1,42,0.246,98.062,0.499,2
0.0128,0.39,198227,0.885,0,1.07e-05,10,0.134,-6.973,0,38,0.153,68.24,0.7859999999999999,3
0.943,0.602,144173,0.494,0,0.00528,9,0.111,-10.619000000000002,1,26,0.0298,113.853,0.789,6
0.384,0.773,427693,0.399,0,0.000172,11,0.0645,-13.754,1,19,0.119,109.963,0.527,4
0.121,0.153,177022,0.996,0,0.999,10,0.755,-16.574,0,64,0.047,94.976,1e-05,1
0.00104,0.708,203133,0.945,0,0.0803,5,0.227,-3.247,0,66,0.234,127.96,0.545,1
0.173,0.443,246933,0.53,0,7.79e-06,0,0.764,-14.103,1,16,0.131,147.282,0.677,6
0.198,0.789,199827,0.945,0,3.11e-06,5,0.0617,-5.2189999999999985,0,56,0.0482,136.745,0.965,4
0.99,0.257,312200,0.118,0,0.916,1,0.14400000000000002,-22.996,1,7,0.0311,85.679,0.0928,8
0.0479,0.495,202013,0.8190000000000001,0,0.000215,5,0.177,-5.6560000000000015,0,64,0.0444,100.213,0.318,2
0.994,0.727,149253,0.245,0,0.28800000000000003,0,0.11,-19.472,1,0,0.0535,100.708,0.5920000000000001,10
0.7909999999999999,0.253,212960,0.31,0,3.92e-05,8,0.353,-9.291,1,15,0.0355,72.482,0.271,6
0.329,0.721,102933,0.103,1,0.0,6,0.117,-17.506,1,0,0.923,129.615,0.5820000000000001,9
0.5,0.478,276933,0.7829999999999999,0,0.938,10,0.5,-8.904,1,24,0.0358,134.463,0.89,6
0.991,0.509,160000,0.108,0,0.0225,5,0.106,-17.882,1,0,0.113,74.995,0.284,8
0.962,0.24,111000,0.234,0,2.21e-06,0,0.194,-15.57,1,22,0.0337,101.338,0.306,6
0.833,0.698,154453,0.162,0,0.753,2,0.117,-20.729,1,23,0.0319,97.916,0.519,5
0.965,0.324,53133,0.0609,0,0.0,0,0.134,-25.571,0,0,0.0306,84.272,0.336,7
0.932,0.142,335667,0.0691,0,0.0265,10,0.227,-21.275,1,0,0.0468,169.15599999999995,0.0982,9
8.25e-05,0.545,258067,0.645,0,0.000278,2,0.239,-5.9510000000000005,1,36,0.0249,137.975,0.385,2
0.41,0.715,227291,0.615,1,0.0,5,0.126,-5.475,0,66,0.0686,140.977,0.52,1
0.28300000000000003,0.715,216867,0.455,0,0.000161,6,0.105,-9.759,1,52,0.0307,114.666,0.342,3
0.962,0.5670000000000001,267693,0.243,0,0.913,3,0.204,-15.545,1,1,0.0382,137.369,0.448,8
0.0675,0.715,295890,0.939,0,0.0622,7,0.0224,-4.942,1,13,0.0331,109.996,0.8959999999999999,7
0.972,0.244,561813,0.0498,0,0.94,11,0.0895,-27.19,1,47,0.0356,60.907,0.0636,7
0.000219,0.31,395707,0.977,0,0.273,6,0.0785,-5.478,0,46,0.16399999999999998,100.626,0.179,4
0.0284,0.597,306040,0.821,0,0.00118,4,0.0547,-10.869000000000002,0,28,0.0432,114.942,0.799,4
0.006509999999999999,0.504,201680,0.883,0,0.000335,10,0.0872,-3.678,0,46,0.101,144.95,0.865,2
0.741,0.586,171693,0.261,0,0.0,7,0.168,-7.107,1,56,0.0485,126.057,0.5589999999999999,3
0.33,0.6459999999999999,172493,0.5579999999999999,0,0.0,11,0.0729,-9.889,0,50,0.036000000000000004,105.598,0.705,3
0.293,0.708,396133,0.517,0,1.03e-06,5,0.465,-13.696,0,30,0.0591,141.767,0.816,3
0.132,0.0589,237772,0.994,0,0.983,1,0.946,-22.764,1,53,0.0667,47.986,1e-05,1
0.162,0.677,136568,0.7140000000000001,1,0.0,11,0.0717,-5.6370000000000005,1,69,0.0287,94.956,0.355,1
0.75,0.406,77707,0.136,0,0.942,5,0.525,-18.592,1,8,0.0357,108.481,0.379,6
0.0134,0.8759999999999999,239093,0.895,1,0.0,7,0.221,-5.634,1,40,0.249,144.143,0.8340000000000001,2
0.52,0.5660000000000001,282133,0.738,1,0.0,1,0.14400000000000002,-8.982000000000003,0,54,0.145,159.834,0.513,1
0.0544,0.738,96100,0.171,1,0.000361,0,0.252,-22.857,1,0,0.923,77.211,0.48,8
0.5489999999999999,0.562,218000,0.5720000000000001,0,0.00321,2,0.0685,-12.992,1,30,0.027000000000000003,99.004,0.74,5
0.0249,0.564,359227,0.4,0,2.11e-06,7,0.0611,-8.657,1,32,0.0285,152.781,0.396,3
0.0121,0.695,201227,0.807,1,0.0,9,0.266,-5.122999999999998,1,57,0.0346,91.947,0.4,1
0.000234,0.444,345707,0.7709999999999999,0,0.0184,8,0.108,-4.127,1,59,0.0304,139.172,0.198,2
0.305,0.452,370640,0.429,0,7.049999999999999e-05,0,0.146,-12.217,1,35,0.0344,117.129,0.573,5
0.682,0.703,156507,0.119,1,0.0,0,0.593,-18.97,1,0,0.956,105.324,0.643,8
0.5539999999999999,0.6940000000000001,151533,0.327,0,0.0,0,0.127,-11.977,0,39,0.0284,96.645,0.902,5
0.795,0.279,171333,0.202,0,0.000254,2,0.0516,-16.116,1,27,0.0364,129.583,0.263,6
0.992,0.454,191547,0.394,0,0.00209,7,0.133,-12.88,0,0,0.0431,163.96099999999996,0.307,8
0.898,0.418,184973,0.14800000000000002,0,4.56e-06,4,0.294,-17.043,0,9,0.0381,116.628,0.214,6
0.993,0.456,188493,0.145,0,0.919,1,0.303,-18.659,1,18,0.0441,111.764,0.375,6
0.993,0.231,108640,0.194,0,0.885,7,0.322,-21.084,1,22,0.0339,165.488,0.828,7
0.19,0.307,200373,0.836,0,8.57e-06,2,0.37,-12.97,0,29,0.0548,163.578,0.469,5
0.000257,0.331,255360,0.7909999999999999,0,0.426,1,0.21,-11.187,1,36,0.0425,94.907,0.309,4
0.885,0.6,185480,0.375,0,0.0,11,0.187,-9.55,0,0,0.0574,79.768,0.898,7
0.973,0.363,181747,0.434,0,0.0512,1,0.225,-9.323,1,0,0.0364,102.758,0.527,8
0.459,0.536,217160,0.677,0,0.000205,8,0.225,-8.593,1,51,0.0486,74.155,0.648,4
0.0217,0.7659999999999999,168636,0.674,0,5.870000000000001e-05,0,0.258,-6.245,1,65,0.0538,121.012,0.214,1
0.753,0.74,167627,0.18600000000000005,0,1.13e-06,6,0.105,-12.047,1,6,0.0308,97.807,0.447,7
0.982,0.363,157133,0.151,0,0.0,5,0.326,-16.272000000000002,1,0,0.0772,92.313,0.23,7
0.974,0.287,139839,0.0198,0,0.942,6,0.1,-22.851,0,60,0.0393,65.741,0.069,1
0.5529999999999999,0.713,143907,0.733,0,0.8140000000000001,9,0.173,-6.525,1,11,0.0778,162.65,0.8240000000000001,7
0.457,0.541,166173,0.8320000000000001,0,1.23e-06,2,0.0936,-7.84,1,9,0.0487,162.083,0.8959999999999999,6
0.97,0.282,616933,0.0416,0,0.111,6,0.0722,-27.393,0,21,0.0469,107.938,0.0632,6
0.899,0.693,153733,0.326,0,8.22e-06,2,0.0578,-11.902,1,3,0.0966,130.22899999999998,0.897,7
0.995,0.438,254413,0.319,0,0.918,1,0.25,-14.986,0,0,0.0588,116.106,0.507,9
0.612,0.727,124784,0.37,0,0.0,10,0.322,-12.816,1,21,0.0763,75.396,0.745,6
0.7859999999999999,0.655,172478,0.516,0,0.327,10,0.32,-6.739,1,5,0.04,113.891,0.934,9
0.897,0.5820000000000001,174667,0.29100000000000004,0,0.00058,5,0.0629,-11.963,1,10,0.0357,85.10799999999998,0.645,7
0.703,0.6609999999999999,136693,0.71,0,0.0,7,0.222,-7.467,1,29,0.0449,105.559,0.97,7
0.912,0.388,155773,0.17600000000000002,0,0.000336,9,0.0977,-16.952,1,61,0.0299,97.628,0.342,5
0.964,0.364,382986,0.241,0,0.9,8,0.113,-14.462,1,36,0.0476,122.395,0.194,3
0.979,0.622,317507,0.28300000000000003,0,0.919,5,0.125,-5.3660000000000005,0,21,0.0696,80.868,0.0776,6
0.416,0.782,213933,0.705,0,0.00179,11,0.0743,-9.16,0,59,0.038,116.967,0.902,4
0.132,0.662,254400,0.763,0,0.0013,0,0.067,-7.475,1,51,0.0397,126.333,0.6990000000000001,4
0.8390000000000001,0.705,172173,0.591,0,0.000476,7,0.0968,-9.549,0,26,0.217,139.782,0.768,6
0.0201,0.682,307427,0.667,0,0.933,9,0.0993,-11.725,1,27,0.0511,116.853,0.787,5
0.812,0.45,430533,0.388,0,2.79e-05,7,0.113,-10.598,1,35,0.0287,79.898,0.363,4
0.393,0.807,214974,0.493,1,0.0,10,0.138,-7.0870000000000015,0,59,0.139,75.589,0.262,1
0.637,0.411,168467,0.7120000000000001,0,0.0,8,0.0622,-6.377000000000002,0,36,0.0449,142.991,0.441,4
0.000537,0.426,243600,0.981,0,0.0,10,0.35700000000000004,-2.749,1,49,0.162,150.05200000000005,0.0983,2
0.569,0.462,229467,0.297,0,5.79e-06,0,0.275,-13.470999999999998,1,31,0.027000000000000003,99.597,0.517,5
0.993,0.447,217427,0.0393,0,0.8740000000000001,4,0.0822,-19.374,1,20,0.0657,88.28,0.112,7
0.491,0.682,138683,0.809,1,0.0,3,0.217,-4.331,0,67,0.378,180.088,0.812,0
0.684,0.597,192973,0.469,0,0.000416,8,0.166,-6.143,1,65,0.0293,145.234,0.696,2
0.0642,0.71,95500,0.255,1,0.0,1,0.359,-18.873,1,0,0.935,110.038,0.389,10
0.956,0.45,245333,0.0946,0,0.0642,10,0.0789,-19.419,1,22,0.0367,101.101,0.333,6
0.67,0.58,187747,0.613,0,0.603,0,0.215,-11.095,1,30,0.0335,160.005,0.604,6
0.995,0.338,69480,0.0541,0,0.00035800000000000003,3,0.344,-20.815,1,12,0.0517,86.40299999999998,0.595,7
0.0435,0.831,224813,0.573,1,5.22e-05,0,0.26,-6.515,0,40,0.0593,99.98,0.674,2
0.919,0.473,191627,0.119,0,0.0,5,0.102,-18.368,1,11,0.0612,80.25399999999998,0.593,7
0.4270000000000001,0.746,140507,0.512,0,0.179,4,0.0685,-15.413,1,37,0.0352,87.525,0.8690000000000001,5
0.0387,0.653,246271,0.928,0,0.696,2,0.096,-7.867000000000001,1,47,0.0776,91.203,0.74,5
0.422,0.747,219693,0.448,0,0.00194,4,0.123,-15.043,1,49,0.0646,128.582,0.947,5
0.52,0.7390000000000001,206120,0.483,0,0.0,0,0.15,-6.345,1,43,0.0387,115.01,0.7879999999999999,2
0.00113,0.535,272834,0.493,0,0.0295,4,0.123,-8.248,1,45,0.0294,118.019,0.265,1
0.78,0.58,125867,0.327,0,0.0,9,0.122,-12.964,0,27,0.0784,102.638,0.551,6
0.6629999999999999,0.5820000000000001,276533,0.336,0,2.87e-05,5,0.304,-12.564,0,38,0.033,113.91,0.177,4
0.992,0.644,129480,0.2,0,0.0,11,0.153,-17.063,1,0,0.334,128.763,0.852,10
0.00229,0.472,303587,0.836,0,0.00351,8,0.126,-5.167000000000002,1,55,0.0483,126.009,0.14800000000000002,2
0.179,0.515,234244,0.6629999999999999,0,0.6679999999999999,7,0.494,-7.896,0,66,0.0328,120.024,0.0756,1
0.8740000000000001,0.514,180480,0.32299999999999995,0,2.0600000000000006e-05,6,0.242,-9.613,1,0,0.0443,132.37,0.7390000000000001,9
0.0601,0.586,132573,0.755,0,7.77e-05,4,0.1,-7.377999999999999,1,39,0.0341,119.634,0.963,2
0.551,0.72,126947,0.912,0,0.00122,4,0.0982,-6.13,1,40,0.0363,122.782,0.973,2
0.442,0.802,265667,0.944,0,0.0029,9,0.106,-3.531,1,45,0.0449,122.115,0.94,3
0.764,0.623,153760,0.122,0,0.0,7,0.0594,-17.403,1,13,0.0337,112.552,0.429,6
0.00284,0.6709999999999999,174635,0.7709999999999999,0,0.0,11,0.187,-4.732,0,62,0.0463,142.01,0.639,1
0.982,0.407,254973,0.277,0,0.62,5,0.0879,-14.616,1,43,0.0609,82.11399999999998,0.0783,2
0.986,0.495,202293,0.375,0,0.83,3,0.136,-12.194,1,0,0.0955,88.036,0.885,7
0.7979999999999999,0.531,238707,0.416,0,5.260000000000001e-05,2,0.332,-9.504,0,21,0.0746,154.274,0.523,7
0.00324,0.861,265333,0.731,1,0.0,8,0.0807,-5.814,0,52,0.243,95.919,0.36,3
0.669,0.622,435640,0.7759999999999999,0,0.000819,5,0.926,-9.117,0,30,0.0698,108.905,0.925,5
0.118,0.359,217333,0.22,0,3.6000000000000007e-06,2,0.204,-15.169,1,19,0.028,92.152,0.342,6
0.11,0.625,218005,0.98,0,8.07e-06,5,0.409,-4.222,0,65,0.132,113.027,0.408,1
0.25,0.777,119700,0.207,1,7.09e-05,0,0.181,-17.727999999999994,1,0,0.946,65.531,0.5670000000000001,8
0.622,0.422,153320,0.319,0,0.0,5,0.298,-10.868,0,20,0.0511,171.798,0.882,6
0.792,0.621,176160,0.43,0,1.94e-05,9,0.162,-10.734000000000002,0,5,0.0685,144.056,0.872,7
0.52,0.742,278107,0.931,0,0.000173,1,0.105,-4.064,1,38,0.0552,135.359,0.7290000000000001,3
0.701,0.607,216747,0.581,0,1.42e-06,3,0.07200000000000001,-3.3360000000000003,1,61,0.032,150.216,0.736,2
0.649,0.395,259360,0.675,0,0.0,1,0.0963,-5.881,0,58,0.0472,177.053,0.496,4
0.991,0.385,195507,0.1,0,0.393,4,0.0968,-18.724,0,1,0.0423,118.056,0.29600000000000004,8
0.948,0.482,138480,0.257,0,0.514,11,0.0987,-18.823,0,3,0.0703,143.423,0.933,7
0.00121,0.459,294080,0.794,0,0.00219,6,0.12,-10.513,0,31,0.0373,78.747,0.662,4
0.932,0.612,213827,0.28,0,0.0,0,0.08800000000000001,-8.648,1,46,0.0434,72.795,0.387,1
0.485,0.738,145333,0.542,0,1.3e-05,7,0.0959,-11.81,1,19,0.0455,128.029,0.965,6
0.993,0.32299999999999995,176760,0.104,0,0.00118,9,0.0762,-16.067999999999998,0,43,0.0382,106.386,0.12,3
0.0412,0.895,258427,0.628,1,0.0,10,0.059,-3.79,1,49,0.0473,104.009,0.34,2
0.716,0.596,155733,0.223,0,0.0,7,0.109,-16.007,0,9,0.0658,122.835,0.429,7
0.124,0.8220000000000001,301800,0.87,0,0.0,9,0.045,-6.2570000000000014,1,55,0.0592,109.174,0.901,2
0.0102,0.392,207133,0.838,0,1.78e-06,4,0.406,-6.396,1,47,0.0373,129.036,0.764,4
0.0364,0.166,368027,0.4270000000000001,0,0.125,7,0.0825,-11.818,0,48,0.0334,174.877,0.0621,3
0.5710000000000001,0.7170000000000001,187537,0.599,1,8.99e-06,11,0.102,-6.1560000000000015,1,64,0.115,159.78,0.385,1
0.949,0.506,362893,0.404,0,0.51,2,0.257,-13.354,0,0,0.0581,119.175,0.532,8
0.943,0.45,149480,0.0142,0,0.196,2,0.101,-23.669,1,55,0.0371,92.137,0.158,2
0.16,0.6990000000000001,291342,0.635,0,0.0218,0,0.161,-10.654000000000002,1,48,0.0387,159.57299999999995,0.945,5
0.0153,0.5589999999999999,221573,0.754,0,0.0,7,0.355,-5.509,1,57,0.0712,169.977,0.303,1
0.13,0.531,252613,0.973,1,0.0,1,0.353,-1.497,1,47,0.32299999999999995,86.221,0.515,2
0.963,0.62,88027,0.57,0,0.0006190000000000001,1,0.172,-5.029,1,0,0.081,81.883,0.845,8
4.23e-05,0.328,190573,0.904,0,0.0591,3,0.11,-5.063,0,63,0.0455,186.253,0.518,2
0.419,0.639,225427,0.736,0,0.00011,0,0.0878,-6.651,1,31,0.0383,134.511,0.652,4
0.0991,0.265,232600,0.8240000000000001,0,0.0,1,0.359,-5.654,0,69,0.0991,203.206,0.8109999999999999,5
0.000679,0.653,226280,0.85,0,0.0,7,0.0895,-5.0710000000000015,1,48,0.0283,122.735,0.496,1
0.994,0.478,176160,0.152,0,0.0009789999999999998,7,0.0763,-12.668,1,0,0.0733,198.816,0.546,9
0.691,0.936,181000,0.353,0,2.730000000000001e-05,11,0.133,-12.17,1,67,0.0458,124.964,0.863,1
0.0299,0.682,191093,0.573,0,0.000246,7,0.108,-12.5,1,28,0.0303,126.58,0.97,6
0.993,0.5579999999999999,198667,0.245,0,0.029,5,0.125,-16.316,0,0,0.0417,80.512,0.557,9
0.994,0.611,172373,0.157,0,0.857,8,0.133,-17.139,1,8,0.0354,94.075,0.857,7
0.197,0.584,357347,0.949,0,0.0016300000000000002,1,0.0738,-7.672999999999999,0,52,0.0465,99.061,0.8540000000000001,3
0.285,0.532,252691,0.488,0,1.57e-05,7,0.0899,-7.61,0,44,0.0267,83.00299999999999,0.44,3
0.606,0.6729999999999999,172733,0.282,0,0.0,6,0.106,-11.808,1,13,0.0675,108.544,0.616,7
0.991,0.395,193892,0.145,0,0.848,5,0.4,-12.022,1,0,0.136,67.676,0.31,8
0.903,0.245,250000,0.32,0,1.14e-06,0,0.295,-9.289,0,0,0.0476,176.1,0.191,8
0.573,0.682,124053,0.753,0,0.00509,8,0.122,-4.48,1,10,0.0826,96.97,0.9,6
0.355,0.499,208200,0.593,0,0.0,9,0.391,-5.38,1,63,0.031,122.025,0.28600000000000003,1
0.13,0.89,242053,0.6859999999999999,0,0.00262,1,0.342,-6.327000000000001,1,39,0.284,104.004,0.619,3
0.585,0.578,162493,0.289,0,0.0,6,0.16899999999999998,-14.837,1,43,0.0428,74.992,0.41,3
0.911,0.6,159360,0.306,0,0.000237,5,0.397,-10.592,1,3,0.0601,165.517,0.743,9
0.682,0.501,176827,0.389,0,0.0,5,0.404,-11.866,1,45,0.0441,156.207,0.633,5
0.552,0.6459999999999999,284467,0.35600000000000004,0,1.63e-06,0,0.0964,-10.804,1,54,0.0268,90.079,0.684,3
0.0384,0.595,219627,0.4,0,0.000331,0,0.267,-14.842,1,36,0.0277,81.711,0.784,5
0.398,0.711,269333,0.77,0,2.3e-05,10,0.0724,-6.74,0,44,0.0365,96.511,0.937,4
0.995,0.617,164800,0.166,0,0.589,2,0.107,-13.419,0,0,0.326,129.003,0.616,9
0.00852,0.516,241427,0.768,0,8.49e-06,9,0.136,-4.964,1,45,0.0362,115.005,0.204,1
0.601,0.518,167067,0.535,0,1.91e-05,2,0.13699999999999998,-8.56,1,51,0.0338,156.759,0.924,6
0.97,0.471,112467,0.015,0,0.0,5,0.0819,-13.728,1,17,0.0292,79.331,0.187,7
0.995,0.35200000000000004,172173,0.412,0,0.942,5,0.119,-15.421,0,0,0.0629,74.999,0.73,9
0.0956,0.758,185707,0.5429999999999999,0,0.0,9,0.21600000000000005,-9.475,0,26,0.0367,137.285,0.895,5
0.239,0.589,328613,0.703,0,0.000717,7,0.0701,-5.489,1,47,0.0313,80.12100000000002,0.499,2
0.5579999999999999,0.61,135200,0.669,0,0.0,4,0.29100000000000004,-10.072,1,17,0.0448,89.819,0.895,7
0.945,0.787,262653,0.3,0,0.855,0,0.0866,-16.418,1,6,0.0466,90.081,0.762,10
0.0381,0.828,142547,0.738,0,0.473,8,0.0917,-4.295,0,77,0.0516,94.995,0.818,0
0.939,0.514,163227,0.174,0,0.0,7,0.0731,-15.906,1,9,0.0345,93.766,0.532,6
0.7809999999999999,0.565,230320,0.245,0,0.0,5,0.0998,-9.132,1,72,0.0262,75.055,0.307,1
0.51,0.655,204133,0.276,0,0.0,2,0.125,-20.618,1,56,0.0425,81.735,0.795,4
0.0105,0.366,272667,0.387,0,8.63e-05,1,0.213,-13.329,0,46,0.044,107.131,0.124,3
0.007809999999999998,0.6779999999999999,242960,0.795,1,0.0,5,0.156,-9.313,0,45,0.0822,128.94899999999998,0.55,3
0.273,0.5870000000000001,326547,0.421,0,0.00822,0,0.177,-9.419,1,25,0.0276,83.11399999999998,0.496,5
0.173,0.65,302507,0.843,0,4.370000000000001e-05,5,0.254,-4.395,0,25,0.0402,147.847,0.7070000000000001,3
0.000101,0.5770000000000001,145600,0.873,0,0.000342,11,0.199,-6.778,0,27,0.0528,124.885,0.851,4
0.984,0.3720000000000001,195000,0.468,0,0.639,4,0.74,-10.84,1,0,0.14300000000000002,83.595,0.23,8
0.00868,0.28300000000000003,289747,0.551,0,0.00121,9,0.163,-13.109000000000002,1,23,0.0445,103.461,0.183,6
0.974,0.381,255805,0.434,0,8.99e-05,3,0.35100000000000003,-6.252999999999999,1,0,0.0698,81.944,0.6559999999999999,8
0.789,0.634,226680,0.304,0,4.820000000000001e-05,0,0.123,-10.711,1,43,0.0522,125.279,0.495,7
0.713,0.502,168867,0.359,0,0.0,7,0.34,-12.486,0,17,0.0447,139.498,0.44,6
0.913,0.5760000000000001,127843,0.391,0,3.39e-05,5,0.0553,-9.599,1,0,0.0523,122.75,0.698,8
0.122,0.564,128537,0.343,0,0.000286,2,0.166,-14.678,1,0,0.0508,115.366,0.471,8
0.884,0.565,333760,0.125,0,0.0,0,0.86,-15.394,1,0,0.073,105.339,0.488,7
0.923,0.438,257693,0.602,0,0.6579999999999999,8,0.95,-14.565,1,24,0.0408,122.289,0.546,7
0.957,0.605,170000,0.121,0,1.26e-05,5,0.188,-13.038,0,9,0.037000000000000005,98.43,0.446,7
0.211,0.446,165840,0.6859999999999999,0,0.0,7,0.205,-7.348,1,48,0.0303,80.571,0.493,3
0.0751,0.385,163600,0.989,0,0.0,9,0.97,-4.626,1,31,0.134,152.042,0.337,4
0.358,0.28,163893,0.562,0,0.000193,7,0.322,-9.131,1,10,0.0405,110.537,0.688,7
0.987,0.14800000000000002,610493,0.0516,0,0.7959999999999999,10,0.119,-24.303,1,0,0.0449,86.555,0.0374,7
0.418,0.618,211427,0.8490000000000001,0,0.0,1,0.107,-7.643,0,45,0.0432,119.152,0.705,3
0.995,0.429,191720,0.0175,0,0.862,6,0.0997,-24.044,1,0,0.0471,80.97399999999998,0.266,8
0.488,0.679,185840,0.385,0,0.0,9,0.54,-15.567,1,43,0.0681,110.048,0.5589999999999999,5
0.995,0.703,186800,0.28,0,6.840000000000001e-05,0,0.163,-15.39,1,0,0.174,127.531,0.897,10
0.7509999999999999,0.343,168787,0.46,0,7.92e-05,7,0.184,-11.079,1,30,0.0353,100.356,0.529,4
0.00908,0.486,190720,0.918,0,0.0,8,0.171,-4.002,1,65,0.126,167.635,0.8490000000000001,1
0.366,0.721,99800,0.255,1,0.0,7,0.57,-20.239,1,0,0.853,120.111,0.728,10
0.914,0.45,229120,0.12,0,0.883,4,0.123,-13.069,1,31,0.0363,128.506,0.182,6
0.546,0.643,295747,0.687,0,0.0,8,0.348,-6.221,1,45,0.0569,115.092,0.327,2
0.0202,0.797,222621,0.5429999999999999,0,0.0,11,0.0726,-5.744,1,64,0.0439,115.036,0.16399999999999998,1
0.871,0.353,280627,0.0648,0,1.01e-06,10,0.113,-20.963,1,23,0.0392,110.138,0.142,4
0.14300000000000002,0.677,212640,0.7240000000000001,0,0.000101,2,0.158,-8.992,1,67,0.0245,90.392,0.6970000000000001,4
0.993,0.468,161959,0.456,0,0.00324,2,0.401,-8.232000000000001,1,0,0.0797,79.204,0.695,7
0.0614,0.5720000000000001,245053,0.888,0,7.08e-05,5,0.7440000000000001,-5.202000000000001,1,46,0.0322,96.313,0.593,2
0.617,0.221,145573,0.339,0,2.84e-06,0,0.113,-11.592,1,24,0.0295,98.767,0.213,6
0.5660000000000001,0.329,368960,0.547,0,0.00763,9,0.214,-9.751,1,9,0.0509,125.406,0.518,6
0.994,0.52,226440,0.217,0,0.00323,4,0.684,-20.099,1,0,0.0718,111.276,0.485,9
0.7879999999999999,0.489,255640,0.255,0,0.000379,10,0.0859,-13.23,1,32,0.0313,175.988,0.621,4
0.486,0.691,170000,0.404,0,7.36e-05,1,0.14,-14.681,0,24,0.0339,128.864,0.937,5
0.97,0.7909999999999999,161573,0.29600000000000004,0,0.006940000000000001,8,0.153,-10.547,1,2,0.0381,96.151,0.7859999999999999,9
0.835,0.302,173800,0.339,0,0.0,5,0.349,-6.529,1,24,0.0315,73.227,0.247,6
0.95,0.115,411240,0.0617,0,0.951,7,0.478,-23.632,1,0,0.038,79.898,0.0394,9
0.986,0.5329999999999999,163382,0.21600000000000005,0,0.894,7,0.156,-13.51,0,0,0.111,67.962,0.966,8
0.0968,0.523,168187,0.7120000000000001,0,1.09e-06,1,0.0653,-7.574,1,22,0.0313,139.778,0.851,6
0.953,0.4,167720,0.109,0,0.00043,5,0.425,-18.018,1,0,0.0415,82.867,0.27,7
0.5479999999999999,0.693,238240,0.332,0,0.0,2,0.0874,-13.358,0,37,0.0414,75.829,0.509,4
0.0909,0.775,317213,0.897,0,0.000154,6,0.0732,-6.004,0,39,0.0551,107.107,0.741,4
0.00546,0.501,218533,0.879,0,0.000442,9,0.0491,-12.649,0,43,0.0379,137.833,0.68,3
0.00929,0.804,255333,0.654,1,6.06e-05,6,0.108,-8.07,0,47,0.145,97.816,0.529,3
0.672,0.537,170530,0.391,0,0.000295,11,0.212,-11.957,1,19,0.0324,127.139,0.449,4
0.974,0.375,164013,0.41,0,0.0279,1,0.31,-11.798,0,16,0.032,159.505,0.8809999999999999,6
0.982,0.482,247066,0.37,0,0.25,11,0.111,-9.172,0,0,0.0619,108.459,0.349,9
0.775,0.504,171053,0.516,0,0.0,10,0.106,-11.268,1,41,0.0703,199.68400000000003,0.904,6
0.617,0.917,258104,0.267,1,1.09e-05,0,0.109,-11.099,0,53,0.34700000000000003,119.984,0.516,1
