0.334,0.723,185400,0.83,0,4.23e-05,11,0.0931,-7.1229999999999976,0,6,0.0454,106.027,0.5820000000000001,0
0.727,0.611,148454,0.81,0,1.86e-05,2,0.165,-7.1960000000000015,1,2,0.285,143.616,0.938,9
0.0767,0.5670000000000001,248280,0.509,0,0.0,2,0.172,-6.059,1,20,0.0273,108.303,0.878,5
0.0412,0.57,213413,0.6459999999999999,1,0.0,7,0.362,-4.748,1,63,0.0331,91.954,0.485,1
0.775,0.8109999999999999,155560,0.362,0,1.13e-05,2,0.0611,-9.87,1,14,0.0713,102.612,0.895,7
0.539,0.615,62533,0.234,0,0.000217,0,0.11,-11.882,1,41,0.0447,96.972,0.16699999999999998,2
0.0541,0.42,218067,0.741,0,3.59e-06,2,0.17,-9.645,1,38,0.0487,150.127,0.679,4
0.104,0.6,192360,0.982,1,0.0,4,0.343,-2.9960000000000004,0,51,0.201,110.015,0.277,1
0.426,0.166,315000,0.194,0,0.000571,4,0.12,-16.724,0,38,0.0364,139.541,0.0398,4
0.862,0.456,215513,0.383,0,0.000207,3,0.28,-9.437,1,43,0.0597,188.272,0.966,4
0.802,0.79,184000,0.16699999999999998,0,0.0,8,0.132,-12.845,1,3,0.0842,115.674,0.745,9
0.443,0.6829999999999999,138227,0.685,0,0.922,7,0.0614,-6.575,0,0,0.0413,114.771,0.878,9
0.994,0.468,477453,0.0352,0,0.937,5,0.0726,-31.885,1,15,0.066,79.84899999999998,0.243,7
0.000199,0.373,168067,0.85,0,0.0077,4,0.124,-4.567,1,43,0.0342,114.029,0.629,2
0.00199,0.648,284800,0.915,0,0.0,1,0.155,-5.603,1,36,0.274,96.786,0.733,3
0.863,0.555,161040,0.245,0,0.0,9,0.248,-13.179,1,17,0.024,92.192,0.234,6
0.561,0.6920000000000001,189267,0.266,0,0.0,0,0.116,-12.724,1,28,0.0368,110.782,0.885,4
0.394,0.765,248573,0.35200000000000004,0,0.0182,2,0.07200000000000001,-14.57,0,34,0.092,107.617,0.435,3
0.11,0.927,307804,0.698,1,0.0,2,0.0968,-4.173,1,35,0.16699999999999998,95.985,0.484,3
0.0043100000000000005,0.281,165467,0.6829999999999999,0,0.917,9,0.138,-13.481,1,21,0.0349,121.611,0.847,5
0.878,0.644,286067,0.349,0,1.23e-06,5,0.099,-12.422,1,25,0.0362,125.325,0.226,6
0.0351,0.65,295653,0.62,0,0.0,8,0.153,-8.146,1,39,0.0293,96.392,0.626,3
0.00994,0.753,189693,0.931,0,0.006959999999999999,2,0.234,-4.922,1,43,0.0652,113.029,0.767,2
0.914,0.35,456800,0.34700000000000003,0,0.000189,7,0.136,-12.588,1,0,0.0557,85.03,0.384,7
0.000114,0.575,247667,0.967,0,0.48,7,0.0813,-4.941,1,37,0.0902,125.431,0.5,3
0.8959999999999999,0.745,172787,0.333,0,0.00025,2,0.0994,-9.961,1,8,0.0793,97.051,0.858,7
0.42,0.5479999999999999,242517,0.4970000000000001,0,0.0,10,0.105,-8.488999999999999,1,62,0.0375,109.906,0.118,1
0.897,0.55,163680,0.199,0,6.65e-06,10,0.0759,-12.936,1,16,0.0508,153.69,0.856,6
0.472,0.7040000000000001,271027,0.597,0,0.562,9,0.08199999999999999,-9.128,1,36,0.0493,83.037,0.785,5
0.992,0.299,338000,0.0233,0,0.895,1,0.103,-26.707,0,0,0.0427,90.838,0.0807,10
0.18600000000000005,0.5479999999999999,272394,0.532,0,0.000263,5,0.217,-7.596,1,82,0.0323,85.03,0.405,1
0.256,0.7240000000000001,296800,0.485,0,1.35e-05,6,0.416,-5.919,1,57,0.0376,136.05700000000002,0.581,2
0.433,0.75,204960,0.506,0,3.33e-06,1,0.121,-9.97,1,31,0.0654,128.042,0.857,5
0.00563,0.498,190800,0.7090000000000001,0,0.0,0,0.322,-8.328,1,32,0.0327,148.108,0.87,5
0.863,0.718,173467,0.251,0,0.0332,4,0.0918,-17.105,0,31,0.0431,131.458,0.853,3
0.921,0.438,199853,0.331,0,0.748,10,0.188,-16.178,1,2,0.0395,105.461,0.461,8
0.499,0.638,140720,0.603,0,6.9e-05,4,0.0801,-12.152,0,32,0.036000000000000004,96.739,0.588,6
0.855,0.504,401960,0.386,0,0.608,2,0.233,-17.976,1,40,0.0324,148.507,0.613,4
0.995,0.423,320840,0.0354,0,0.875,1,0.173,-26.54,1,0,0.0373,136.05700000000002,0.129,8
0.626,0.428,332742,0.409,0,0.00961,5,0.138,-12.345999999999998,0,44,0.0271,77.906,0.0611,4
0.994,0.327,176947,0.13699999999999998,0,0.882,11,0.0859,-19.405,1,0,0.0373,132.61,0.0737,8
0.00112,0.578,272627,0.878,0,0.0146,11,0.6,-3.434,1,47,0.0287,118.029,0.693,2
0.00169,0.264,328920,0.7120000000000001,0,0.0468,0,0.131,-7.358,1,33,0.0331,97.885,0.5479999999999999,4
0.505,0.4970000000000001,372587,0.685,0,0.000172,5,0.224,-7.8610000000000015,1,24,0.0307,111.288,0.7709999999999999,5
0.098,0.581,219533,0.7879999999999999,0,0.0,9,0.145,-6.943,1,38,0.049,123.223,0.826,3
0.3670000000000001,0.643,174200,0.534,0,0.0,5,0.188,-8.851,0,20,0.0405,130.767,0.91,6
0.23,0.52,218893,0.952,0,2.52e-05,10,0.325,-2.3040000000000003,1,43,0.0538,88.00200000000002,0.574,4
0.648,0.583,183493,0.4320000000000001,0,0.00184,2,0.264,-11.225,1,31,0.0269,109.981,0.268,3
0.98,0.0604,232871,0.0898,0,0.919,4,0.0933,-22.09,0,51,0.0419,52.07,0.0347,1
0.332,0.877,402960,0.655,0,0.00866,9,0.279,-9.273,1,24,0.0865,118.542,0.863,5
0.0035,0.603,212133,0.573,0,0.0182,9,0.336,-7.702000000000001,1,42,0.0284,119.945,0.61,2
0.245,0.695,244174,0.8370000000000001,0,0.0,1,0.3670000000000001,-5.617000000000001,0,60,0.281,115.067,0.639,1
0.141,0.247,118360,0.852,1,0.000182,2,0.573,-14.872,1,36,0.14800000000000002,208.569,0.11,4
0.6920000000000001,0.609,199119,0.44,0,0.0,10,0.0688,-6.32,1,58,0.0265,108.427,0.43,1
0.955,0.728,188760,0.243,0,0.00219,5,0.0882,-12.76,0,7,0.0777,110.777,0.8029999999999999,9
0.917,0.645,187760,0.231,0,0.0,6,0.104,-14.197,0,0,0.0635,78.509,0.7120000000000001,8
0.0004730000000000001,0.276,260267,0.591,0,4.26e-05,1,0.0753,-7.9689999999999985,1,42,0.0302,74.646,0.15,3
0.121,0.833,149613,0.589,1,0.0,9,0.299,-6.384,0,72,0.231,96.455,0.536,0
0.0127,0.31,242133,0.8590000000000001,0,4.57e-05,9,0.596,-8.937000000000003,1,34,0.0754,119.006,0.593,5
0.0754,0.627,119600,0.6679999999999999,0,0.0,7,0.267,-9.806,1,41,0.0279,119.787,0.615,3
0.897,0.5,146507,0.61,0,0.0,7,0.8240000000000001,-15.691,1,20,0.8290000000000001,128.791,0.591,7
0.871,0.633,242053,0.104,0,4.52e-06,4,0.112,-16.632,1,51,0.034,127.933,0.224,1
0.0875,0.5,179827,0.823,0,0.0,4,0.316,-8.64,1,51,0.0264,156.79,0.88,4
2.64e-05,0.366,260680,0.847,0,0.0,8,0.228,-5.216,1,56,0.035,166.17,0.606,2
0.00868,0.565,212647,0.8490000000000001,0,4.68e-06,0,0.12,-3.516,0,69,0.0517,102.034,0.4270000000000001,1
0.726,0.438,275800,0.757,0,0.0016699999999999998,10,0.433,-7.443,1,29,0.0439,108.839,0.569,6
0.331,0.607,488373,0.365,0,0.2,0,0.967,-18.898,1,35,0.0594,123.745,0.727,3
0.00946,0.375,254933,0.878,0,0.0091,0,0.279,-6.099,1,49,0.0649,159.833,0.667,5
0.976,0.081,270133,0.0193,0,0.62,2,0.276,-26.386,0,0,0.0351,82.60600000000002,0.0371,7
0.83,0.6409999999999999,215200,0.285,0,5.820000000000001e-05,1,0.0989,-9.81,1,32,0.0255,99.372,0.258,3
0.893,0.616,152573,0.41,0,7.219999999999999e-05,6,0.381,-8.4,1,43,0.0339,98.042,0.588,3
0.994,0.34600000000000003,347973,0.0113,0,0.893,1,0.103,-31.852,1,34,0.0539,118.355,0.105,4
0.996,0.268,105760,0.00471,0,0.861,10,0.0655,-32.597,1,44,0.0476,73.997,0.242,2
0.45,0.241,260027,0.281,0,6.82e-06,0,0.0937,-8.726,1,45,0.0416,222.605,0.0321,3
0.297,0.0,14960,0.774,0,2.22e-05,8,0.218,-11.73,1,0,0.0,0.0,0.0,7
0.885,0.345,190400,0.157,0,0.0,10,0.113,-17.655,1,9,0.0401,66.455,0.317,6
0.985,0.465,163213,0.222,0,0.29100000000000004,5,0.092,-13.67,1,0,0.076,78.579,0.362,8
0.237,0.557,275800,0.752,0,2.19e-06,9,0.124,-8.169,1,53,0.0566,74.108,0.687,2
0.7240000000000001,0.856,137707,0.5710000000000001,0,1.32e-05,11,0.634,-11.52,1,31,0.061,89.669,0.934,5
0.000365,0.274,234733,0.959,0,0.0802,3,0.926,-6.489,1,36,0.0971,175.02599999999995,0.513,3
0.986,0.388,277693,0.0708,0,0.00026000000000000003,10,0.14400000000000002,-24.036,1,6,0.0669,167.515,0.278,8
0.453,0.541,289173,0.695,0,3.06e-05,2,0.258,-9.402,1,5,0.0528,150.705,0.6459999999999999,8
0.0116,0.815,196960,0.906,0,2.06e-06,5,0.0691,-3.194,0,51,0.0561,125.974,0.7829999999999999,2
0.94,0.349,255907,0.109,0,8.950000000000001e-05,9,0.094,-11.612,0,31,0.0374,85.84,0.29,6
0.000154,0.5579999999999999,210147,0.83,0,0.000153,6,0.0699,-6.245,0,42,0.073,157.04399999999995,0.743,2
0.25,0.562,234000,0.816,0,0.0007570000000000001,1,0.155,-7.412000000000001,0,36,0.0602,101.572,0.828,5
0.993,0.234,170840,0.443,0,3.66e-05,7,0.188,-8.257,1,0,0.0345,78.009,0.35200000000000004,9
0.995,0.545,180253,0.268,0,0.92,1,0.112,-23.029,1,0,0.191,126.614,0.648,10
0.821,0.466,258667,0.462,0,0.000335,0,0.0704,-9.811,1,21,0.0294,109.245,0.523,6
0.942,0.7609999999999999,139609,0.195,0,0.889,0,0.0666,-17.936,1,18,0.0434,61.54,0.403,7
0.977,0.5870000000000001,208794,0.0868,0,0.0,0,0.0903,-11.765,1,0,0.108,119.565,0.629,7
0.0111,0.64,322760,0.748,0,7.170000000000001e-05,9,0.175,-7.194,1,58,0.0495,74.529,0.693,2
0.000105,0.35700000000000004,226504,0.901,0,8.31e-05,10,0.0789,-5.059,0,48,0.0524,146.312,0.412,3
0.594,0.504,212720,0.385,0,0.00114,11,0.108,-13.298,0,37,0.0336,119.067,0.491,3
0.11,0.698,186640,0.524,0,0.0408,0,0.108,-7.372000000000001,1,47,0.0352,102.398,0.612,3
0.329,0.452,604324,0.473,0,0.8270000000000001,5,0.0936,-14.875,0,25,0.0311,134.642,0.0691,6
0.132,0.73,207307,0.701,0,0.0,5,0.151,-5.885,0,71,0.106,175.95,0.785,1
0.61,0.579,244147,0.293,0,0.0,9,0.0485,-13.57,1,34,0.0255,97.995,0.275,4
0.57,0.623,178827,0.22,0,0.00102,7,0.0819,-21.372,1,27,0.0294,109.06,0.445,5
0.982,0.37,217173,0.298,0,6.88e-06,9,0.149,-9.397,1,1,0.0485,83.86,0.511,7
0.0506,0.6859999999999999,308140,0.733,1,0.0,7,0.368,-5.6320000000000014,1,54,0.119,139.825,0.268,1
0.99,0.696,791000,0.313,0,6.720000000000001e-05,8,0.126,-22.345,1,0,0.684,109.07,0.502,8
0.28600000000000003,0.598,194792,0.605,1,0.0,7,0.0875,-4.92,0,57,0.452,159.517,0.513,1
0.944,0.396,167840,0.231,0,2e-05,3,0.0952,-11.845999999999998,1,12,0.0399,179.66,0.399,7
0.00192,0.379,266133,0.94,0,0.00102,6,0.667,-9.44,0,42,0.0635,115.519,0.34600000000000003,4
0.688,0.382,214267,0.314,0,0.000343,2,0.241,-16.565,0,0,0.0413,135.123,0.252,7
0.284,0.48,361067,0.6809999999999999,0,0.0,5,0.125,-8.002,1,50,0.163,88.00299999999999,0.74,2
0.906,0.442,432133,0.181,0,0.6559999999999999,7,0.0598,-20.419,0,54,0.0443,115.884,0.172,3
0.917,0.502,193817,0.0144,0,0.0105,5,0.24,-23.505,0,10,0.0474,114.165,0.219,9
0.135,0.461,254800,0.7829999999999999,0,0.0127,8,0.0686,-5.8,1,44,0.0382,164.33900000000003,0.344,3
0.00445,0.325,342467,0.974,0,1.55e-06,8,0.617,-5.035,1,52,0.127,186.632,0.662,2
0.6729999999999999,0.525,561227,0.256,0,0.111,5,0.16,-18.303,0,13,0.0373,118.038,0.328,7
0.8320000000000001,0.5760000000000001,245280,0.239,0,0.0606,9,0.136,-14.966,1,33,0.0291,103.04,0.116,5
0.981,0.34,147667,0.0367,0,0.000304,2,0.121,-16.663,1,24,0.029,91.627,0.277,8
0.741,0.534,161560,0.8029999999999999,0,6.07e-05,10,0.307,-9.129,1,74,0.0743,167.983,0.969,7
0.964,0.513,173728,0.208,0,2.45e-06,4,0.147,-10.818,0,0,0.0379,133.099,0.311,9
0.922,0.617,125883,0.299,0,3.48e-05,9,0.111,-11.429,1,1,0.0438,143.077,0.901,9
0.467,0.438,176240,0.392,0,0.0037,7,0.245,-9.731,1,33,0.0862,174.338,0.389,3
0.478,0.398,269213,0.433,0,1.75e-06,3,0.085,-12.042,1,24,0.0683,122.327,0.192,4
1.55e-05,0.4970000000000001,246253,0.966,0,0.246,10,0.231,-4.843,1,42,0.0516,112.042,0.541,3
0.147,0.593,181800,0.607,0,0.0,1,0.128,-9.886,1,58,0.0283,128.365,0.953,6
0.986,0.0928,171560,0.0339,0,0.728,1,0.226,-31.011,0,0,0.0397,78.961,0.0542,8
0.747,0.716,212729,0.195,0,0.0,1,0.464,-21.61,0,0,0.953,110.987,0.534,9
0.499,0.911,213943,0.255,0,0.000246,8,0.0937,-15.257,1,66,0.153,137.994,0.244,1
0.963,0.586,196133,0.059,0,0.0,2,0.0826,-19.701,1,6,0.0917,126.627,0.29,7
0.411,0.42,186667,0.667,0,0.0037,2,0.0831,-11.025,1,19,0.035,93.004,0.768,4
0.851,0.439,411733,0.374,0,0.39,0,0.152,-14.566,0,19,0.0465,65.957,0.691,6
0.235,0.626,144530,0.726,0,0.0,5,0.304,-5.015,1,79,0.0376,89.132,0.257,0
0.0373,0.506,270027,0.657,0,0.0,7,0.0432,-7.291,1,38,0.0278,140.481,0.496,3
0.897,0.521,164107,0.188,0,0.0,9,0.102,-12.262,1,0,0.0459,110.853,0.705,10
0.342,0.6990000000000001,200573,0.481,0,0.0,1,0.113,-12.179,0,39,0.0355,102.937,0.616,3
0.02,0.7020000000000001,252600,0.8320000000000001,1,2.8e-06,1,0.189,-4.964,1,51,0.318,92.362,0.619,3
0.994,0.525,200067,0.512,0,0.487,11,0.292,-12.139,1,0,0.0758,160.139,0.917,8
0.158,0.595,270533,0.546,0,1.84e-05,11,0.0965,-13.172,0,37,0.0307,127.548,0.56,4
0.0174,0.469,313360,0.971,0,0.0,5,0.0979,-5.908,1,32,0.061,148.691,0.482,5
0.00113,0.721,270960,0.726,0,0.0,7,0.282,-12.769,1,29,0.0603,103.045,0.727,3
0.802,0.8220000000000001,154227,0.237,0,0.00209,9,0.183,-14.462,1,16,0.0616,109.777,0.938,8
0.865,0.604,98827,0.784,0,0.0544,1,0.155,-9.757,0,34,0.0528,104.746,0.8290000000000001,5
0.773,0.445,190667,0.366,0,0.0,10,0.104,-10.583,1,23,0.056,179.929,0.643,7
0.75,0.438,107413,0.161,0,0.0135,5,0.0666,-21.066,1,20,0.0393,146.392,0.337,6
0.7929999999999999,0.5820000000000001,177387,0.359,0,0.0,8,0.126,-8.721,1,49,0.0974,94.39,0.634,2
0.951,0.407,299840,0.0347,0,0.922,0,0.7090000000000001,-28.998,1,37,0.0382,61.018,0.151,6
0.405,0.8079999999999999,191853,0.35600000000000004,0,0.00976,6,0.112,-9.921,0,48,0.0545,120.887,0.871,5
0.35600000000000004,0.669,283000,0.684,0,0.00445,3,0.1,-8.753,1,26,0.0483,142.079,0.434,4
0.979,0.493,180793,0.409,0,0.0,2,0.31,-11.543,1,0,0.0472,121.872,0.867,8
0.81,0.52,55840,0.382,0,1.1e-05,0,0.381,-18.962,1,28,0.235,75.42,0.235,4
0.0751,0.53,168027,0.934,0,0.0,8,0.456,-4.315,1,31,0.0731,135.654,0.731,5
0.00409,0.485,297842,0.807,0,0.494,8,0.0488,-10.632,1,41,0.0336,146.762,0.8959999999999999,5
0.138,0.691,177360,0.726,0,0.0,5,0.11,-7.353,1,52,0.0543,98.418,0.868,4
0.743,0.4970000000000001,124040,0.606,0,0.0,0,0.0882,-8.883,1,37,0.0496,117.928,0.861,6
0.8390000000000001,0.233,135200,0.0378,0,1.7100000000000002e-05,7,0.102,-24.212,1,36,0.0433,75.815,0.203,6
0.184,0.632,118868,0.251,1,0.0,6,0.19,-14.833,1,0,0.948,81.259,0.547,10
0.0747,0.255,329094,0.815,0,0.471,7,0.227,-8.197000000000001,1,47,0.0545,144.549,0.6990000000000001,5
0.994,0.277,490133,0.0123,0,0.943,5,0.0755,-28.13300000000001,0,0,0.0561,82.057,0.0946,10
0.941,0.0912,194280,0.151,0,0.575,7,0.105,-18.189,0,8,0.0398,172.44,0.0803,7
0.105,0.7659999999999999,357493,0.631,0,0.00101,10,0.0355,-5.265,0,38,0.0696,84.579,0.843,3
0.909,0.486,153834,0.117,0,0.0,0,0.118,-12.982,0,1,0.0451,86.40799999999999,0.468,9
0.992,0.767,174000,0.069,0,0.321,2,0.0764,-13.943,1,0,0.102,122.465,0.631,10
0.794,0.496,174800,0.172,0,6.14e-06,5,0.122,-15.258,1,38,0.0323,114.953,0.269,3
0.7559999999999999,0.46,173440,0.246,0,1.89e-06,0,0.0992,-15.189,1,28,0.0815,166.403,0.53,7
0.52,0.485,198293,0.101,0,0.000177,0,0.339,-19.58,1,29,0.0498,145.345,0.536,5
0.978,0.391,134960,0.222,0,0.000197,0,0.343,-13.292,1,0,0.0443,64.972,0.32299999999999995,7
7.79e-05,0.257,399427,0.976,0,0.0394,4,0.965,-7.565,0,29,0.179,114.639,0.0827,3
0.994,0.348,147947,0.0269,0,6.91e-06,10,0.0687,-21.158,1,0,0.047,94.538,0.101,7
0.995,0.359,179383,0.197,0,0.5920000000000001,8,0.241,-13.147,1,0,0.0368,88.065,0.393,9
0.99,0.616,152693,0.121,0,0.7709999999999999,4,0.316,-17.309,1,3,0.0641,83.07600000000002,0.848,7
0.344,0.595,209333,0.259,0,1.47e-05,9,0.183,-10.768,0,30,0.027000000000000003,143.85299999999995,0.263,3
0.214,0.609,187533,0.7879999999999999,0,2.44e-06,11,0.191,-9.726,1,38,0.0629,108.694,0.517,6
0.307,0.519,247667,0.852,1,0.0,1,0.13,-6.6960000000000015,0,45,0.25,113.619,0.551,1
0.982,0.464,143307,0.266,0,1.25e-05,5,0.138,-11.104,0,2,0.0807,70.398,0.59,8
0.0276,0.5529999999999999,271573,0.523,0,0.107,0,0.0982,-14.813,1,31,0.0345,150.827,0.698,5
0.0232,0.482,410933,0.787,0,0.399,7,0.0831,-11.485,0,38,0.0481,112.108,0.39,3
0.99,0.461,192413,0.0799,0,0.00478,8,0.168,-18.332,1,8,0.0376,114.857,0.248,7
0.933,0.387,176797,0.639,0,0.0020800000000000003,1,0.371,-7.468,0,0,0.0375,102.326,0.936,7
0.843,0.725,227400,0.259,0,2.63e-06,2,0.112,-10.959,1,55,0.0382,133.849,0.2,2
0.0155,0.606,287493,0.8340000000000001,0,0.0244,7,0.133,-6.101,1,54,0.0369,143.681,0.459,3
0.0244,0.621,266107,0.74,0,0.00219,8,0.174,-6.925,1,54,0.034,119.993,0.349,1
0.0585,0.72,355093,0.32299999999999995,0,2.01e-06,3,0.054000000000000006,-8.741,0,38,0.041,137.931,0.332,2
0.41,0.809,184817,0.624,1,0.0,8,0.108,-4.963,0,79,0.155,85.01100000000002,0.629,0
0.991,0.403,99920,0.157,0,0.916,2,0.117,-18.988,1,20,0.0386,132.755,0.457,6
0.0398,0.509,330667,0.833,0,0.00257,7,0.207,-5.3370000000000015,1,55,0.0597,79.935,0.569,3
0.0882,0.557,289413,0.856,0,0.0326,7,0.6809999999999999,-5.294,1,47,0.0687,133.52700000000002,0.846,1
0.892,0.264,240671,0.285,0,0.000471,1,0.344,-15.208,1,61,0.0385,84.825,0.0776,1
0.00203,0.599,229947,0.614,0,1.56e-06,10,0.117,-6.573,1,60,0.0517,128.04399999999998,0.122,1
0.918,0.338,192320,0.522,0,0.00296,2,0.116,-6.206,0,0,0.0356,140.041,0.508,8
0.954,0.327,281133,0.0503,0,0.421,0,0.0951,-23.394,1,12,0.0417,168.403,0.14800000000000002,6
0.23,0.659,235133,0.812,0,0.0,4,0.0951,-7.499,0,71,0.0487,83.01299999999998,0.888,2
0.43,0.591,161000,0.416,0,0.0,7,0.648,-15.476,1,36,0.0459,126.881,0.8029999999999999,6
0.973,0.395,197488,0.174,0,0.276,5,0.7440000000000001,-12.632,1,0,0.0703,80.64,0.338,9
0.000177,0.495,254387,0.98,0,0.000451,9,0.227,-5.4670000000000005,1,46,0.091,138.217,0.326,3
0.688,0.462,211107,0.141,0,0.0,7,0.116,-18.896,1,0,0.109,111.368,0.52,7
0.721,0.5870000000000001,273627,0.395,0,0.0,10,0.119,-7.282999999999999,1,58,0.0325,131.716,0.328,2
0.986,0.56,198947,0.569,0,0.000733,7,0.115,-10.135,1,0,0.213,129.458,0.933,8
0.254,0.234,881482,0.855,0,0.158,9,0.939,-10.168,0,22,0.257,140.88,0.29600000000000004,6
0.194,0.521,450333,0.626,0,0.0,6,0.227,-8.152000000000001,1,59,0.0243,90.337,0.479,2
0.0204,0.8,189613,0.6609999999999999,0,0.000107,7,0.0687,-8.291,1,61,0.0304,92.015,0.59,1
0.914,0.774,63901,0.117,0,0.972,0,0.107,-22.394,1,60,0.157,119.989,0.43,0
0.944,0.598,137360,0.327,0,0.893,2,0.12,-12.151,0,0,0.0472,102.8,0.474,8
0.219,0.723,308040,0.626,0,0.00389,6,0.0971,-8.759,0,63,0.0291,110.98,0.448,3
0.381,0.579,364360,0.597,0,2.7e-05,1,0.326,-6.541,0,52,0.111,119.922,0.703,2
0.993,0.443,211267,0.132,0,0.0372,0,0.149,-10.072,1,0,0.251,63.83600000000001,0.677,8
0.916,0.7140000000000001,15933,0.369,0,0.0,6,0.153,-20.506,1,0,0.925,114.068,0.96,7
0.0703,0.7020000000000001,304387,0.738,1,0.0,10,0.374,-4.698,0,41,0.0949,77.99600000000002,0.873,2
0.151,0.584,114427,0.6809999999999999,0,0.0,10,0.114,-7.5870000000000015,1,41,0.109,169.89700000000005,0.9,6
0.935,0.429,209345,0.417,0,0.0,0,0.192,-13.743,1,2,0.0408,133.233,0.792,8
0.0401,0.5589999999999999,191907,0.8490000000000001,0,0.33,2,0.131,-6.39,1,50,0.0308,124.608,0.8220000000000001,4
0.0814,0.708,195333,0.924,0,0.0,4,0.669,-4.2639999999999985,1,29,0.0404,128.909,0.8340000000000001,4
0.287,0.528,227173,0.652,0,0.000117,0,0.24,-9.667,1,35,0.0502,176.864,0.857,5
0.5870000000000001,0.732,176067,0.542,0,0.000212,10,0.0871,-17.043,1,31,0.0576,94.018,0.8059999999999999,3
0.995,0.478,196933,0.0534,0,0.944,0,0.13699999999999998,-20.228,0,8,0.0357,88.723,0.29600000000000004,7
0.82,0.5920000000000001,161893,0.174,0,0.764,2,0.105,-17.798,1,23,0.116,100.135,0.302,6
0.985,0.336,196520,0.0683,0,0.0,5,0.0912,-13.616,0,1,0.048,168.398,0.233,10
0.00362,0.606,169373,0.847,0,0.00123,10,0.785,-5.974,1,38,0.382,126.272,0.471,2
0.769,0.536,323133,0.547,0,0.206,5,0.105,-10.439,0,37,0.0291,94.112,0.536,3
0.959,0.315,255293,0.168,0,0.961,7,0.189,-26.379,0,0,0.0334,138.002,0.5760000000000001,8
0.063,0.413,312147,0.649,0,0.000884,8,0.125,-8.745,1,30,0.0412,138.553,0.0726,5
0.217,0.49,122573,0.579,0,0.0,1,0.0644,-10.300999999999998,0,58,0.0344,119.403,0.879,6
0.983,0.498,60680,0.191,0,0.0,7,0.13,-17.066,1,7,0.103,102.562,0.373,8
0.923,0.518,187053,0.204,0,0.361,9,0.125,-18.492,1,34,0.0351,76.857,0.417,5
0.748,0.638,154227,0.394,0,0.000301,7,0.49,-9.76,0,22,0.0263,100.307,0.609,6
0.464,0.532,210106,0.597,0,0.000123,10,0.0643,-6.109,1,59,0.0261,80.031,0.345,2
0.944,0.314,191333,0.133,0,3.11e-05,8,0.0823,-15.185,1,23,0.0332,87.915,0.154,7
0.321,0.544,240893,0.236,0,0.0,10,0.114,-13.193,1,36,0.0397,122.805,0.403,7
0.852,0.408,138200,0.149,0,2.03e-06,5,0.313,-15.955,1,48,0.0415,70.251,0.459,2
0.456,0.502,227400,0.565,0,0.0063,9,0.335,-9.937,1,41,0.0284,86.322,0.456,3
0.0398,0.757,243987,0.825,0,2.63e-06,7,0.0798,-4.062,0,66,0.0701,95.01,0.446,1
0.877,0.28,274227,0.317,0,0.007140000000000001,7,0.108,-12.433,0,54,0.0468,186.644,0.237,1
0.992,0.474,199000,0.316,0,0.831,1,0.328,-10.293,1,0,0.117,130.626,0.429,9
0.399,0.741,141453,0.589,0,0.238,0,0.244,-9.608,1,36,0.0643,90.407,0.418,3
0.8009999999999999,0.462,159107,0.4970000000000001,0,0.0184,4,0.11,-12.06,1,28,0.0324,72.179,0.779,6
0.00269,0.505,314760,0.537,0,0.000895,4,0.0926,-6.61,0,31,0.0255,76.09100000000002,0.277,3
0.926,0.632,48413,0.635,0,0.0,1,0.209,-15.135,1,0,0.519,157.399,0.75,7
0.8590000000000001,0.588,188200,0.224,0,0.0,4,0.107,-10.896,0,13,0.0349,69.51100000000001,0.171,6
0.0653,0.7240000000000001,161800,0.856,0,1.85e-06,8,0.354,-6.119,0,71,0.0283,129.79399999999998,0.8909999999999999,4
0.925,0.44,41133,0.23,0,0.0,5,0.519,-25.685,1,18,0.828,88.051,0.514,7
0.954,0.257,222508,0.168,0,0.000102,4,0.0877,-12.243,1,53,0.0429,58.988,0.151,1
0.112,0.627,303667,0.7709999999999999,0,3.620000000000001e-05,11,0.191,-7.516,1,27,0.12,148.857,0.35100000000000003,4
0.738,0.5,238747,0.202,0,1.7199999999999998e-05,0,0.0686,-18.337,1,19,0.0825,89.307,0.306,7
0.513,0.835,121672,0.462,1,0.0,7,0.0875,-6.227,1,74,0.155,78.99,0.7020000000000001,1
0.0508,0.892,258707,0.339,0,1.91e-06,2,0.255,-14.683,1,27,0.0713,144.037,0.961,4
0.191,0.5670000000000001,348560,0.585,0,3.1e-05,2,0.241,-10.265,0,50,0.025,83.931,0.383,3
0.00559,0.6,235053,0.88,0,0.46,0,0.6559999999999999,-7.292000000000002,1,33,0.0445,137.612,0.8079999999999999,4
0.445,0.6659999999999999,320467,0.7120000000000001,0,0.0,7,0.0711,-5.815,1,44,0.0705,95.658,0.8909999999999999,3
0.5489999999999999,0.623,305093,0.387,0,0.0,0,0.0764,-9.537,1,54,0.0316,115.362,0.189,1
0.995,0.278,184560,0.687,0,0.906,2,0.33,-10.828,1,0,0.0663,205.148,0.38,9
0.0397,0.509,173961,0.493,0,1.32e-06,0,0.102,-6.676,1,75,0.0266,97.846,0.264,0
0.344,0.634,171960,0.428,0,0.00253,9,0.0997,-16.535999999999998,1,26,0.0471,120.161,0.61,5
0.152,0.72,231811,0.746,0,0.0,0,0.276,-3.143,0,64,0.107,90.02600000000002,0.5870000000000001,1
0.664,0.637,186200,0.116,0,0.0,2,0.101,-20.401,0,26,0.0513,118.028,0.47,6
0.00857,0.825,214547,0.745,1,0.0,7,0.0893,-7.273,1,43,0.109,169.83599999999996,0.542,2
0.994,0.537,198647,0.0892,0,0.434,2,0.311,-11.611,0,0,0.189,72.72800000000002,0.8079999999999999,8
0.17,0.799,211920,0.418,0,0.0024,1,0.158,-15.585,1,47,0.204,130.366,0.892,4
0.698,0.589,422640,0.636,0,4.49e-06,11,0.21600000000000005,-7.941,0,42,0.069,94.858,0.728,5
0.97,0.476,166240,0.123,0,0.0,8,0.152,-16.866,0,5,0.0799,175.33900000000003,0.573,8
0.393,0.591,173408,0.318,0,0.0,2,0.295,-8.267000000000001,1,41,0.0442,120.534,0.634,3
0.5329999999999999,0.535,237333,0.5479999999999999,0,1.48e-06,1,0.123,-6.51,1,64,0.037000000000000005,115.144,0.477,2
0.514,0.317,228507,0.328,0,0.0558,5,0.134,-17.625,1,21,0.0276,86.524,0.316,5
0.589,0.6759999999999999,172987,0.58,0,0.000145,5,0.218,-14.217,1,58,0.0506,95.358,0.89,5
0.887,0.4320000000000001,65240,0.415,0,0.988,4,0.46,-16.19,0,0,0.0554,126.08,0.948,7
0.0733,0.6829999999999999,240800,0.7140000000000001,1,0.0,8,0.0611,-7.207999999999997,1,42,0.35600000000000004,92.283,0.843,3
0.7559999999999999,0.493,212333,0.4370000000000001,0,1.7199999999999998e-05,4,0.241,-14.46,0,23,0.0678,112.279,0.457,6
0.746,0.31,125413,0.224,0,4.91e-06,3,0.0915,-13.054,1,42,0.0313,145.866,0.333,6
0.921,0.301,189600,0.26,0,1.65e-06,0,0.421,-12.912,1,28,0.0338,114.516,0.24,7
0.972,0.608,198243,0.253,0,1.88e-05,6,0.135,-15.365,1,1,0.0585,127.468,0.613,8
0.179,0.792,273267,0.7440000000000001,1,0.0,7,0.331,-7.18,1,55,0.241,120.986,0.529,2
0.768,0.7340000000000001,189677,0.502,0,0.0,2,0.0584,-6.7920000000000025,1,53,0.0484,62.023,0.936,1
0.105,0.675,171533,0.5489999999999999,0,7.18e-05,9,0.0533,-13.02,1,53,0.0335,134.77100000000002,0.965,6
0.975,0.408,237307,0.0252,0,0.0169,5,0.096,-24.584,1,30,0.0463,170.54,0.134,7
0.953,0.348,174253,0.574,0,0.612,0,0.0941,-9.391,1,0,0.0391,94.298,0.7,8
0.976,0.301,269680,0.233,0,0.205,7,0.211,-24.463,0,0,0.0449,86.27,0.647,10
0.00247,0.443,156813,0.853,0,2.47e-06,2,0.11,-6.77,1,29,0.0606,101.714,0.215,4
0.96,0.687,175507,0.315,0,0.000119,7,0.0621,-11.182,1,0,0.123,120.49,0.528,9
0.0342,0.469,334160,0.8009999999999999,0,0.0008820000000000002,3,0.151,-10.737,1,34,0.0457,133.795,0.359,5
0.13699999999999998,0.725,268747,0.8009999999999999,0,0.0397,5,0.133,-5.3260000000000005,0,55,0.035,129.98,0.6659999999999999,1
0.211,0.583,186120,0.5379999999999999,0,7.43e-06,3,0.208,-6.1370000000000005,0,68,0.106,75.25,0.687,0
0.000412,0.52,198067,0.731,1,0.00929,10,0.127,-6.6960000000000015,0,45,0.0391,96.993,0.393,2
0.026,0.6409999999999999,286400,0.513,0,4.9000000000000005e-06,2,0.275,-12.591,1,60,0.0246,103.799,0.7170000000000001,2
0.00351,0.491,390867,0.892,0,4e-06,2,0.327,-8.616,1,28,0.25,130.805,0.213,4
0.229,0.259,113533,0.903,0,0.0529,11,0.247,-13.289,0,33,0.0604,194.319,0.168,4
0.0505,0.569,148387,0.785,0,1.12e-06,1,0.086,-4.057,0,68,0.0457,128.031,0.303,1
0.0063,0.648,242933,0.522,0,0.00106,0,0.223,-4.787,1,43,0.0305,81.515,0.365,3
0.988,0.562,205747,0.341,0,0.00635,5,0.17,-10.282,1,0,0.0931,149.17,0.568,9
0.7879999999999999,0.517,159760,0.246,0,0.00105,9,0.133,-11.992,1,58,0.0308,105.24,0.525,6
0.994,0.5920000000000001,190939,0.0226,0,0.0117,2,0.121,-21.461,1,2,0.0945,72.128,0.525,8
0.722,0.599,170640,0.38,0,0.0,0,0.134,-10.328,1,31,0.0311,130.994,0.4320000000000001,5
0.408,0.652,145400,0.373,0,0.0,0,0.262,-11.89,1,42,0.0885,180.148,0.595,3
0.0123,0.5820000000000001,296507,0.835,0,6.25e-06,4,0.149,-4.962,1,50,0.0361,132.077,0.376,3
0.872,0.199,229667,0.209,0,0.8390000000000001,9,0.0987,-24.982,1,9,0.0422,148.661,0.424,7
0.977,0.487,151536,0.202,0,0.006640000000000001,5,0.475,-16.195,1,2,0.0438,84.031,0.6809999999999999,8
0.7290000000000001,0.467,126987,0.316,0,0.0,4,0.28300000000000003,-9.963,1,13,0.031,73.124,0.416,6
0.004,0.701,300213,0.758,0,0.0,1,0.13,-5.568,1,60,0.0405,135.188,0.344,2
0.826,0.445,196107,0.5529999999999999,0,8.2e-05,7,0.0882,-11.494000000000002,0,32,0.355,88.26299999999998,0.366,5
0.0324,0.74,380053,0.662,0,0.092,11,0.0603,-14.233,0,40,0.0505,128.001,0.93,5
0.708,0.508,259733,0.531,0,6.14e-05,2,0.509,-7.902,1,41,0.0241,98.391,0.417,4
0.95,0.256,183707,0.107,0,0.000306,0,0.171,-16.825,0,30,0.0363,109.48,0.119,7
6.09e-06,0.259,530515,0.989,1,0.171,6,0.935,-6.0120000000000005,0,31,0.141,111.782,0.0786,4
0.179,0.7829999999999999,171093,0.611,0,0.0,7,0.115,-6.895,1,50,0.0847,115.726,0.934,2
0.174,0.63,220707,0.691,0,3.1e-06,7,0.0498,-7.563,1,44,0.0295,76.945,0.655,4
0.7190000000000001,0.736,167105,0.397,0,0.134,0,0.345,-9.54,1,0,0.0586,94.479,0.916,7
0.378,0.407,247173,0.463,0,1.22e-06,11,0.785,-11.174,1,46,0.0298,94.315,0.195,2
0.708,0.8,169160,0.312,0,0.0,10,0.248,-11.614,1,42,0.0588,114.789,0.967,3
0.942,0.809,171373,0.408,0,0.0398,1,0.307,-12.035,1,6,0.0846,113.494,0.89,10
0.0215,0.441,215493,0.574,0,0.353,11,0.112,-8.527000000000001,0,25,0.0642,150.83700000000005,0.615,4
0.0697,0.638,210467,0.879,0,0.0,6,0.414,-6.534,0,55,0.0425,101.999,0.778,3
0.16399999999999998,0.21600000000000005,183240,0.53,0,7.4e-05,5,0.25,-8.456,1,43,0.0372,84.152,0.36,2
0.398,0.711,274440,0.871,1,1.69e-06,2,0.171,-4.32,1,67,0.294,91.153,0.912,2
0.13,0.75,186200,0.473,0,5.1e-06,10,0.6559999999999999,-7.71,0,47,0.12,82.96700000000001,0.627,2
0.517,0.8690000000000001,285053,0.532,1,0.0,7,0.103,-7.186,1,67,0.23,89.00399999999998,0.509,1
0.971,0.545,170067,0.261,0,0.951,2,0.0925,-17.108,1,0,0.0364,140.164,0.779,8
0.5760000000000001,0.434,138560,0.659,0,0.000985,7,0.212,-8.36,1,43,0.0346,132.513,0.573,4
0.0712,0.8,330333,0.7490000000000001,1,0.0,8,0.0929,-6.7170000000000005,0,38,0.394,109.925,0.74,2
0.601,0.536,244355,0.322,0,2.26e-05,7,0.113,-12.834,1,61,0.0621,135.5,0.236,1
0.79,0.483,275067,0.35700000000000004,0,2.18e-06,0,0.0506,-8.156,1,38,0.0334,100.843,0.632,5
0.614,0.868,188707,0.879,0,2.94e-06,7,0.0311,-7.566,1,48,0.0787,140.422,0.952,3
0.93,0.5710000000000001,220307,0.0202,0,0.0,5,0.152,-22.562,0,39,0.0557,111.042,0.36,3
0.928,0.579,183800,0.204,0,0.00459,0,0.0901,-12.634,1,5,0.0804,154.333,0.75,10
0.562,0.392,437040,0.629,0,6.12e-05,0,0.374,-8.885,1,50,0.0447,146.657,0.539,5
0.594,0.363,168640,0.316,0,0.00018,11,0.135,-13.005999999999998,1,42,0.0669,171.796,0.29100000000000004,6
0.00808,0.706,215796,0.836,1,0.0,7,0.17800000000000002,-4.799,1,50,0.302,84.969,0.659,1
0.8059999999999999,0.502,503320,0.393,0,3.9299999999999986e-05,10,0.136,-9.461,1,34,0.182,133.78799999999998,0.214,4
0.992,0.477,102907,0.0195,0,0.349,0,0.103,-26.534,1,1,0.0634,178.74200000000005,0.616,7
0.6890000000000001,0.711,185147,0.508,0,3.55e-06,10,0.135,-7.316,1,45,0.035,133.47299999999998,0.988,2
0.8540000000000001,0.703,87667,0.486,0,6.14e-06,10,0.299,-10.465,1,26,0.0646,120.845,0.971,7
0.7509999999999999,0.471,168387,0.444,0,0.0612,8,0.117,-9.859,1,0,0.0467,167.00599999999997,0.6629999999999999,7
0.978,0.238,986987,0.618,0,0.0831,7,0.696,-15.744000000000002,1,0,0.44,78.65899999999998,0.0706,8
0.8390000000000001,0.434,228160,0.232,0,0.000234,4,0.17,-12.008,1,38,0.0479,74.813,0.326,5
0.376,0.622,121760,0.649,0,0.627,0,0.0613,-11.499,1,31,0.0334,119.192,0.935,6
0.866,0.227,136480,0.0876,0,0.528,4,0.0833,-22.851,0,46,0.0397,86.262,0.0375,2
0.0953,0.5770000000000001,567107,0.7290000000000001,0,0.928,11,0.184,-14.376,0,56,0.0319,126.988,0.177,3
5.7e-05,0.772,272419,0.887,0,0.387,11,0.476,-9.11,1,35,0.0475,124.185,0.774,4
0.991,0.524,194093,0.484,0,0.3720000000000001,5,0.342,-7.8210000000000015,1,0,0.373,180.164,0.84,7
0.000306,0.569,211320,0.949,0,2.57e-05,2,0.175,-5.551,0,50,0.123,112.074,0.28600000000000003,2
0.981,0.246,367400,0.0334,0,0.192,4,0.191,-20.244,0,0,0.0362,108.634,0.0617,7
0.626,0.586,303973,0.583,0,0.0,7,0.0957,-11.042,1,46,0.0465,73.982,0.64,3
0.337,0.473,190227,0.32299999999999995,0,0.000187,4,0.364,-15.639,1,56,0.0374,92.058,0.493,4
0.984,0.7559999999999999,30000,0.446,0,0.168,2,0.149,-12.955,1,0,0.0431,129.701,0.961,9
0.458,0.5479999999999999,364330,0.737,0,0.00806,0,0.091,-7.865,1,47,0.0386,119.961,0.412,2
0.118,0.34,226013,0.5670000000000001,0,0.000149,7,0.435,-10.633,1,41,0.0285,184.347,0.682,5
0.472,0.77,179148,0.449,1,0.0,0,0.107,-8.783,1,57,0.358,130.092,0.452,1
0.931,0.5920000000000001,202029,0.238,0,4.89e-06,4,0.117,-14.867,0,22,0.122,153.053,0.79,7
0.46,0.482,213000,0.613,0,0.0008560000000000001,7,0.129,-7.4620000000000015,1,50,0.0295,144.46,0.238,3
0.988,0.451,140653,0.0699,0,0.0415,4,0.107,-18.691,1,25,0.0427,86.815,0.285,7
0.00949,0.629,364347,0.6970000000000001,0,0.235,6,0.118,-11.293,1,43,0.0765,162.266,0.8440000000000001,3
0.0768,0.65,285745,0.653,0,5.96e-05,7,0.084,-7.377999999999999,1,46,0.0238,133.59,0.439,2
0.728,0.6459999999999999,136107,0.6,0,9.34e-06,5,0.0908,-12.167,1,34,0.0398,117.312,0.8420000000000001,5
0.0439,0.599,307880,0.63,0,0.00602,2,0.17,-6.742000000000001,1,26,0.0238,96.611,0.608,4
0.000447,0.475,233893,0.924,0,0.0408,0,0.227,-7.351,1,46,0.0502,98.843,0.513,3
0.996,0.457,136320,0.287,0,0.917,7,0.162,-12.439,1,0,0.193,95.47,0.412,10
0.161,0.333,194933,0.74,1,0.0,7,0.982,-10.479,1,45,0.0459,162.042,0.481,3
0.307,0.696,234107,0.47,0,0.0221,7,0.325,-14.078,1,35,0.0341,113.567,0.964,5
0.85,0.578,642947,0.486,0,0.308,10,0.163,-8.266,1,16,0.0356,93.982,0.604,7
0.816,0.401,197146,0.446,0,0.0,0,0.115,-7.968,1,29,0.033,125.522,0.217,4
0.0408,0.389,255624,0.916,0,0.0,2,0.28,-6.481,1,41,0.0513,205.733,0.5820000000000001,3
0.162,0.369,112213,0.782,0,0.971,7,0.268,-8.013,1,17,0.0356,127.015,0.962,6
0.68,0.767,121680,0.5379999999999999,1,0.0,0,0.192,-6.044,0,79,0.052000000000000005,81.031,0.343,1
0.404,0.449,371667,0.312,0,0.00349,4,0.105,-16.423,1,27,0.0313,139.474,0.181,4
0.458,0.7120000000000001,98700,0.224,0,0.0,1,0.336,-22.489,1,0,0.942,115.652,0.643,9
0.802,0.607,182027,0.36,0,0.441,8,0.14400000000000002,-9.751,1,17,0.163,101.901,0.519,10
0.988,0.428,206211,0.174,0,0.00547,0,0.113,-14.140999999999998,0,0,0.049,131.624,0.322,8
0.841,0.299,195067,0.574,0,0.241,8,0.0587,-8.493,0,0,0.047,177.364,0.903,8
0.128,0.62,122285,0.451,1,0.0,6,0.373,-7.622999999999997,1,73,0.17,156.906,0.294,1
0.00313,0.334,503840,0.7979999999999999,0,0.0239,5,0.964,-8.289,0,42,0.0478,112.089,0.41,5
0.4,0.483,226000,0.471,0,0.000303,9,0.331,-9.711,0,66,0.0284,137.015,0.295,4
0.779,0.122,229613,0.0694,0,0.265,0,0.0905,-30.389,1,0,0.038,96.157,0.0645,7
0.8340000000000001,0.399,268200,0.426,0,0.000241,10,0.6859999999999999,-10.262,1,56,0.0446,145.179,0.433,3
0.0902,0.541,230213,0.643,0,0.0,3,0.153,-5.517,0,59,0.0366,90.061,0.491,1
0.588,0.4270000000000001,345307,0.5379999999999999,0,0.0011,5,0.0815,-10.159,0,15,0.0728,130.46,0.526,6
0.845,0.14300000000000002,553547,0.154,0,0.201,0,0.292,-18.988,1,0,0.0419,97.245,0.0379,9
0.908,0.445,232653,0.511,0,0.917,7,0.156,-10.056,0,35,0.0408,92.212,0.325,4
0.28600000000000003,0.334,163332,0.7829999999999999,0,0.0018,7,0.0934,-9.887,1,28,0.0362,132.596,0.768,6
0.0712,0.314,209400,0.787,0,2.25e-05,4,0.16,-4.838,1,58,0.0771,189.901,0.294,1
0.955,0.629,59933,0.151,0,0.945,11,0.109,-19.033,1,43,0.0738,75.982,0.202,2
0.972,0.0776,311560,0.021,0,0.7859999999999999,9,0.0608,-30.849,0,52,0.05,80.913,0.0356,2
0.0219,0.836,376160,0.301,0,8.909999999999997e-05,1,0.0267,-15.295,0,36,0.037000000000000005,101.206,0.903,4
0.000387,0.439,119560,0.921,1,0.0659,0,0.0589,-5.799,1,30,0.0331,112.988,0.7609999999999999,4
0.0248,0.7909999999999999,279133,0.804,1,0.0301,6,0.48,-3.865,1,63,0.221,91.938,0.765,3
0.0499,0.62,269773,0.573,0,0.8640000000000001,0,0.0675,-14.692,1,33,0.034,101.525,0.7659999999999999,4
0.639,0.467,146613,0.325,0,0.0,3,0.153,-10.505999999999998,1,7,0.0274,67.79899999999999,0.4920000000000001,6
0.688,0.456,208720,0.32,0,0.0,0,0.131,-8.701,1,41,0.035,88.027,0.293,7
0.942,0.6,199040,0.268,0,0.000919,10,0.115,-6.869,1,20,0.0376,180.157,0.62,7
0.302,0.664,311133,0.4970000000000001,0,0.0,8,0.0631,-11.975,0,42,0.0344,149.996,0.645,3
0.278,0.37,325333,0.743,0,0.0,8,0.329,-6.597,1,39,0.0564,77.786,0.379,3
0.49,0.522,266472,0.5539999999999999,0,1.04e-05,5,0.155,-6.978,1,63,0.029,87.051,0.512,1
0.34600000000000003,0.465,301293,0.695,0,0.8859999999999999,4,0.34600000000000003,-8.99,0,25,0.0651,121.743,0.6779999999999999,5
0.18600000000000005,0.195,83427,0.245,0,0.912,0,0.254,-14.752,1,45,0.0385,112.07,0.113,5
0.266,0.68,227840,0.87,0,0.0,5,0.109,-4.461,1,68,0.0393,119.075,0.6459999999999999,2
0.994,0.4370000000000001,130760,0.0992,0,0.8909999999999999,3,0.168,-21.408,1,0,0.0428,91.784,0.124,10
0.562,0.488,159783,0.311,0,0.0005480000000000001,10,0.161,-11.467,0,71,0.297,184.112,0.579,1
0.995,0.423,41693,0.413,0,0.8290000000000001,3,0.172,-15.933,1,0,0.0647,72.544,0.413,8
0.7490000000000001,0.7140000000000001,222212,0.179,0,0.0,5,0.332,-17.212,0,0,0.949,127.513,0.464,9
0.0628,0.23,123027,0.733,0,0.161,9,0.8270000000000001,-12.879,1,35,0.156,144.441,0.471,3
0.979,0.7509999999999999,222133,0.378,0,1.42e-06,4,0.759,-9.972,1,3,0.462,128.665,0.638,10
0.495,0.71,158173,0.66,0,0.383,9,0.226,-10.402,1,19,0.0414,88.67200000000004,0.963,6
0.981,0.301,186587,0.117,0,0.000272,2,0.115,-16.323,1,0,0.0625,87.569,0.172,9
0.0745,0.467,311640,0.835,0,0.000184,7,0.26,-7.084,1,45,0.0642,91.603,0.639,4
0.00202,0.355,161173,0.969,0,0.000132,11,0.119,-4.223,0,25,0.188,195.182,0.6579999999999999,5
0.433,0.5670000000000001,222453,0.611,0,0.0,2,0.271,-6.109,0,25,0.0579,204.141,0.969,4
0.00563,0.55,280133,0.975,0,0.0,0,0.122,-3.774,1,42,0.0656,129.296,0.56,3
0.978,0.51,349000,0.07,0,0.00892,6,0.0879,-22.532,1,36,0.0414,85.97399999999998,0.224,3
0.000776,0.485,198680,0.898,0,0.00244,4,0.642,-3.75,1,57,0.0568,99.983,0.494,1
0.000367,0.4970000000000001,225263,0.978,0,0.0,11,0.389,-4.356,0,55,0.07200000000000001,92.022,0.69,1
0.995,0.34700000000000003,207413,0.014,0,0.865,8,0.0986,-30.103,1,8,0.0419,133.583,0.0728,8
0.46,0.607,125800,0.6809999999999999,0,0.0,4,0.0953,-10.656,1,8,0.106,129.275,0.693,6
0.982,0.189,208200,0.0459,0,0.000949,2,0.124,-18.387,1,8,0.041,68.146,0.0395,7
6.9e-05,0.278,266000,0.838,1,0.053,11,0.241,-7.7970000000000015,0,40,0.0643,170.218,0.568,3
0.574,0.674,561360,0.737,0,0.779,8,0.32,-8.21,1,37,0.064,146.389,0.385,3
0.992,0.551,142760,0.158,0,0.0248,9,0.209,-15.778,1,0,0.042,71.631,0.825,8
0.494,0.506,298880,0.275,0,0.00377,7,0.101,-8.464,0,63,0.0292,153.769,0.0639,1
0.985,0.654,206007,0.264,0,0.00426,3,0.321,-16.278,1,0,0.0836,93.149,0.715,7
0.514,0.737,289004,0.7070000000000001,1,0.0,1,0.393,-11.113,1,63,0.448,98.121,0.561,1
0.638,0.522,216587,0.182,0,0.0665,10,0.0978,-13.698,1,6,0.0316,73.16,0.607,7
0.0677,0.774,257400,0.81,0,0.000701,1,0.0269,-7.775,1,41,0.0649,107.709,0.526,3
0.847,0.525,301440,0.555,0,0.000171,0,0.0795,-8.738999999999999,1,52,0.044,167.03599999999997,0.574,5
0.913,0.7040000000000001,1325093,0.223,0,0.0,2,0.326,-24.48,0,0,0.935,112.485,0.403,8
0.58,0.6990000000000001,233267,0.481,0,3.29e-06,2,0.184,-15.154000000000002,0,23,0.054000000000000006,117.957,0.892,6
0.428,0.39,412000,0.71,0,0.16399999999999998,7,0.281,-10.041,1,7,0.0765,136.493,0.431,6
0.745,0.57,160880,0.721,0,0.00066,5,0.131,-7.617000000000001,0,17,0.067,119.277,0.7709999999999999,6
0.0267,0.578,212747,0.9,0,0.0,0,0.287,-2.501,1,43,0.0443,92.011,0.934,2
0.0279,0.375,275773,0.495,0,0.006540000000000001,2,0.0959,-7.192,1,40,0.0319,128.132,0.203,3
0.25,0.598,243760,0.307,0,6.73e-05,9,0.3670000000000001,-13.395,1,40,0.0371,99.218,0.8240000000000001,2
0.242,0.593,234813,0.926,0,1.57e-06,7,0.207,-3.696,0,37,0.0322,104.854,0.961,3
0.0318,0.677,261880,0.6859999999999999,0,1.0800000000000003e-05,0,0.083,-9.464,0,47,0.0275,103.554,0.963,2
0.00206,0.599,141840,0.7290000000000001,0,0.0205,9,0.337,-6.182,0,46,0.0262,98.078,0.215,2
0.00524,0.925,283093,0.517,0,0.0008,7,0.0672,-5.061,1,38,0.17600000000000002,106.992,0.6729999999999999,3
0.772,0.289,305573,0.475,0,0.764,4,0.151,-12.073,0,0,0.0335,69.906,0.443,8
0.311,0.488,153122,0.851,0,0.0,0,0.0891,-7.933,1,11,0.0865,141.79399999999995,0.882,6
0.987,0.235,306000,0.00674,0,0.845,1,0.0719,-32.343,1,43,0.0504,56.64,0.0393,4
0.0183,0.342,170707,0.934,0,0.00239,7,0.252,-11.511,1,48,0.0594,112.096,0.431,4
0.6779999999999999,0.311,374067,0.36,0,0.000369,0,0.39,-18.704,1,34,0.05,86.162,0.358,6
0.7829999999999999,0.691,133560,0.361,0,0.0,5,0.113,-10.862,1,25,0.0354,121.543,0.8370000000000001,6
0.248,0.752,211493,0.48,0,3.49e-06,9,0.0202,-11.916,1,35,0.0742,163.565,0.6940000000000001,3
7.58e-05,0.408,163453,0.857,0,0.2,9,0.151,-7.334,1,33,0.0713,121.334,0.487,6
0.0119,0.644,177707,0.701,0,0.00529,7,0.146,-10.085,1,35,0.0358,111.193,0.716,5
0.449,0.541,471960,0.7759999999999999,0,0.645,8,0.121,-8.633,1,17,0.0538,97.057,0.725,6
0.000664,0.5670000000000001,200987,0.72,0,1.77e-05,0,0.121,-5.715,1,39,0.0241,106.022,0.342,2
0.139,0.672,252107,0.94,1,1.75e-06,1,0.391,-3.914,0,49,0.142,145.976,0.519,2
0.573,0.293,129400,0.961,0,2.07e-06,4,0.145,-7.135,1,36,0.251,179.502,0.287,4
0.371,0.544,227927,0.873,0,0.135,9,0.195,-5.506,1,19,0.0406,108.844,0.606,5
0.00863,0.6409999999999999,198267,0.485,0,0.0752,2,0.154,-12.614,0,26,0.028,99.748,0.519,4
0.993,0.381,214815,0.224,0,0.000291,5,0.155,-9.872,1,0,0.0541,105.889,0.22,8
0.00321,0.616,135973,0.701,0,0.0,1,0.39,-8.467,1,57,0.0629,78.983,0.411,4
0.705,0.523,204947,0.311,0,0.000192,2,0.102,-17.337,1,25,0.0441,153.887,0.643,5
0.5539999999999999,0.383,198640,0.381,0,3.28e-06,10,0.0728,-9.126,1,52,0.0545,82.169,0.39,1
0.679,0.222,229133,0.23,0,0.00807,5,0.193,-11.582,0,31,0.0305,87.45200000000001,0.0617,6
0.033,0.556,152027,0.894,0,0.0301,9,0.139,-6.7070000000000025,1,29,0.0344,156.197,0.897,5
0.7140000000000001,0.6970000000000001,203342,0.298,0,0.504,9,0.6629999999999999,-16.427,1,11,0.0964,95.354,0.327,6
0.461,0.634,130667,0.79,0,0.0,7,0.328,-3.832,1,50,0.202,97.23,0.924,6
0.912,0.485,284560,0.14400000000000002,0,0.000114,10,0.0965,-12.824000000000002,1,55,0.0362,86.14299999999999,0.246,7
0.987,0.447,196917,0.206,0,0.000269,2,0.251,-11.588,1,0,0.0424,99.935,0.617,8
0.986,0.601,125307,0.252,0,0.00155,4,0.134,-20.902,1,0,0.0719,133.739,0.59,10
0.316,0.8390000000000001,153173,0.487,0,0.436,1,0.0271,-10.232,1,22,0.0473,122.751,0.883,6
0.00323,0.536,303893,0.444,0,0.00875,9,0.0576,-12.536,1,30,0.0272,95.077,0.524,4
0.00171,0.847,197107,0.5720000000000001,0,0.00016,7,0.691,-12.06,1,41,0.197,109.195,0.5760000000000001,3
0.00935,0.703,150827,0.8059999999999999,0,0.00056,8,0.0948,-4.974,0,53,0.0555,120.996,0.8440000000000001,2
0.546,0.446,256105,0.518,0,0.0,1,0.0976,-6.209,1,46,0.0303,79.001,0.28800000000000003,4
0.72,0.732,162333,0.468,0,0.0,10,0.0628,-7.792999999999997,1,9,0.0372,97.662,0.941,7
0.0487,0.503,203105,0.843,0,0.0,10,0.344,-4.9910000000000005,0,60,0.316,128.63,0.778,1
0.263,0.629,227373,0.787,1,0.0,7,0.35700000000000004,-5.6229999999999976,1,50,0.376,85.698,0.713,1
0.992,0.76,154806,0.41,0,0.7290000000000001,10,0.224,-5.147,1,0,0.0478,89.524,0.893,8
0.845,0.479,46640,0.59,0,0.846,9,0.57,-14.67,0,0,0.0397,79.756,0.69,8
0.988,0.35600000000000004,242733,0.257,0,0.000403,10,0.114,-12.734000000000002,1,0,0.0474,116.457,0.156,7
0.527,0.6509999999999999,185973,0.387,0,0.0,0,0.141,-7.48,1,12,0.0905,145.005,0.779,7
0.607,0.591,132840,0.652,0,0.0,4,0.639,-8.921,0,20,0.0397,138.664,0.913,6
0.399,0.7809999999999999,251680,0.5429999999999999,0,0.0363,4,0.09,-10.712,1,42,0.0381,123.436,0.524,4
0.325,0.49,145728,0.7390000000000001,0,0.00566,4,0.0776,-8.979,1,12,0.0452,136.108,0.73,7
0.0286,0.93,187840,0.425,1,0.0,1,0.15,-6.242000000000001,1,46,0.28,94.582,0.482,2
0.45,0.5670000000000001,247493,0.369,0,9.38e-05,0,0.122,-10.127,1,35,0.0301,135.458,0.297,4
0.397,0.7120000000000001,251760,0.511,0,0.0,9,0.483,-8.753,0,44,0.0297,117.896,0.412,2
0.491,0.617,141091,0.6559999999999999,1,7.84e-06,5,0.0796,-8.023,1,47,0.304,84.712,0.475,1
0.662,0.746,279453,0.404,0,0.000238,7,0.281,-15.09,0,62,0.0995,96.317,0.795,3
0.182,0.602,268440,0.595,0,8.44e-06,8,0.0812,-10.337,1,55,0.0339,84.36200000000002,0.962,1
0.219,0.7,235187,0.5539999999999999,1,1.36e-06,1,0.419,-5.909,1,64,0.187,97.127,0.0633,1
0.933,0.6859999999999999,213440,0.61,0,0.917,2,0.0966,-10.352,1,0,0.0553,123.739,0.968,9
0.265,0.605,217733,0.804,0,4.93e-06,5,0.345,-7.521,1,46,0.0363,98.866,0.601,1
0.0265,0.525,197093,0.923,0,7.47e-05,2,0.454,-5.2170000000000005,0,44,0.0929,155.114,0.6679999999999999,2
0.313,0.711,110200,0.11,1,0.0,11,0.298,-17.58,0,0,0.937,82.084,0.633,9
0.61,0.716,142653,0.7829999999999999,0,0.0011,0,0.078,-6.1389999999999985,0,0,0.219,89.40700000000002,0.723,7
0.818,0.674,143067,0.6709999999999999,0,0.502,11,0.135,-9.659,1,8,0.0418,139.895,0.85,6
0.8909999999999999,0.544,177667,0.257,0,0.00124,3,0.118,-13.514,1,0,0.101,156.183,0.611,7
0.047,0.224,569267,0.494,0,0.00158,11,0.989,-12.241,0,49,0.0362,123.566,0.218,3
0.0185,0.328,574000,0.479,0,0.682,4,0.268,-13.336,1,46,0.0313,119.596,0.0569,2
0.722,0.258,212091,0.246,0,9.71e-05,7,0.626,-11.114,1,2,0.0349,87.3,0.242,7
0.00213,0.317,30520,0.0195,0,2.15e-06,6,0.446,-33.2,1,0,0.142,170.81,0.34,7
0.792,0.615,178213,0.514,0,0.0,11,0.105,-3.998,1,42,0.0446,132.306,0.82,4
0.0937,0.614,311133,0.319,0,0.0,11,0.116,-14.196,0,49,0.0282,98.803,0.259,3
0.514,0.667,181093,0.241,0,0.000172,5,0.079,-16.276,1,40,0.0428,75.02199999999998,0.6509999999999999,3
0.889,0.664,193213,0.705,0,0.924,5,0.232,-11.826,1,0,0.0849,139.74200000000002,0.667,7
0.374,0.53,214467,0.691,0,0.111,2,0.29,-5.409,1,43,0.0307,117.046,0.581,5
0.8540000000000001,0.642,268493,0.343,0,0.16,10,0.119,-14.035,1,13,0.0415,82.795,0.49,6
0.547,0.431,292440,0.626,0,6.06e-05,5,0.364,-9.46,1,45,0.0319,96.494,0.762,6
0.183,0.721,229173,0.79,0,0.0,1,0.1,-4.125,1,45,0.124,103.141,0.821,2
0.458,0.544,235973,0.336,0,3.48e-06,5,0.133,-14.413,1,51,0.038,136.516,0.298,5
0.0157,0.395,271840,0.727,0,0.0008710000000000001,7,0.122,-7.58,1,34,0.0294,180.789,0.649,3
0.141,0.591,263600,0.7390000000000001,1,0.0,4,0.48,-6.4510000000000005,1,50,0.429,172.41400000000004,0.613,3
0.5429999999999999,0.619,285040,0.674,0,0.000549,0,0.115,-8.629,1,20,0.071,95.637,0.962,4
0.117,0.5770000000000001,262733,0.544,0,0.0511,5,0.0891,-12.029000000000002,0,26,0.0549,153.214,0.8390000000000001,5
0.146,0.777,184573,0.4370000000000001,0,0.0,5,0.0859,-15.719,1,16,0.0391,114.94,0.931,6
0.995,0.388,106050,0.00584,0,0.684,1,0.103,-26.36,1,65,0.0457,137.497,0.344,1
0.736,0.8140000000000001,178187,0.338,0,0.918,10,0.0987,-15.767,0,21,0.0454,124.083,0.902,6
0.398,0.484,222427,0.528,0,2.57e-05,0,0.107,-6.9510000000000005,1,52,0.0424,109.361,0.408,1
0.398,0.42,302547,0.7440000000000001,1,8.54e-06,8,0.192,-5.033,1,60,0.396,161.792,0.324,1
0.422,0.6709999999999999,316800,0.737,0,8.909999999999997e-05,9,0.16,-5.947,1,50,0.0374,106.921,0.614,2
0.00018,0.368,72027,0.98,0,0.0,2,0.224,-3.415,1,32,0.0455,153.113,0.944,3
0.4920000000000001,0.168,379760,0.0319,0,0.911,2,0.109,-29.995,1,40,0.0392,126.253,0.0673,3
0.141,0.597,170027,0.604,0,0.0,6,0.172,-10.154,0,56,0.222,72.704,0.951,1
0.00565,0.439,248640,0.7090000000000001,0,0.00152,0,0.131,-3.545,1,62,0.026,81.331,0.319,3
0.0174,0.823,205760,0.552,1,0.0,4,0.122,-7.57,0,77,0.324,124.038,0.418,0
0.992,0.539,186924,0.152,0,0.139,6,0.209,-10.368,0,0,0.196,81.384,0.301,8
0.995,0.517,119133,0.133,0,0.866,0,0.115,-19.549,1,14,0.0449,103.573,0.276,7
0.877,0.503,184667,0.153,0,0.0,6,0.118,-13.279000000000002,1,38,0.0267,101.458,0.102,7
0.0321,0.491,270373,0.897,0,0.0,9,0.35600000000000004,-5.393,0,50,0.0312,125.477,0.7829999999999999,3
0.995,0.41,164000,0.118,0,0.894,10,0.107,-18.837,1,0,0.0786,146.52100000000004,0.422,10
0.077,0.737,154448,0.81,0,0.0,5,0.0523,-6.354,1,67,0.0896,125.005,0.387,1
0.000637,0.499,185406,0.81,0,0.0748,5,0.0625,-5.579,1,61,0.0347,131.05200000000002,0.28800000000000003,1
0.8490000000000001,0.438,136720,0.452,0,0.927,0,0.302,-15.691,0,8,0.0518,153.34799999999996,0.485,7
0.155,0.897,264400,0.5589999999999999,1,0.000127,11,0.29600000000000004,-8.267999999999999,1,68,0.379,106.991,0.677,2
0.0006580000000000001,0.687,199773,0.677,0,0.000146,2,0.0564,-4.172,1,71,0.0508,75.05199999999998,0.546,2
0.0166,0.665,219733,0.7929999999999999,0,0.000215,5,0.113,-3.888,0,50,0.0302,135.011,0.475,2
0.995,0.383,190907,0.159,0,0.807,9,0.101,-16.094,1,0,0.053,93.464,0.5,9
0.963,0.255,184250,0.118,0,0.897,6,0.101,-20.562,1,66,0.0769,139.642,0.109,1
0.354,0.619,99800,0.0912,1,0.0,0,0.5720000000000001,-17.375,1,0,0.953,171.577,0.578,8
0.648,0.77,176573,0.393,0,0.0,8,0.0868,-15.668,1,14,0.0859,138.534,0.816,7
0.735,0.396,202427,0.443,0,0.00259,2,0.0706,-9.743,1,37,0.0358,127.568,0.35600000000000004,3
0.0589,0.312,199848,0.614,0,0.0,8,0.0898,-6.073,1,65,0.0466,205.379,0.35600000000000004,1
0.121,0.728,193347,0.812,1,0.0,1,0.293,-6.099,0,52,0.0671,150.093,0.8240000000000001,1
0.0619,0.71,246293,0.675,0,0.0193,4,0.0606,-7.9,1,40,0.0412,94.986,0.953,2
0.993,0.5660000000000001,66640,0.00164,0,0.983,11,0.0861,-34.264,1,0,0.056,82.699,0.166,10
0.118,0.74,300360,0.537,0,0.000162,0,0.574,-13.54,1,25,0.0583,125.299,0.8009999999999999,4
0.226,0.575,193333,0.8440000000000001,0,0.0,3,0.0538,-1.7719999999999998,0,68,0.0633,87.007,0.542,1
0.83,0.456,176413,0.341,0,3.88e-05,10,0.112,-5.641,1,31,0.0285,73.935,0.399,6
0.989,0.499,186002,0.162,0,0.0,7,0.115,-14.739,1,0,0.122,74.491,0.6890000000000001,9
0.049,0.6859999999999999,275493,0.7120000000000001,0,0.0042,5,0.368,-7.58,0,59,0.0383,121.966,0.247,1
0.0327,0.82,247760,0.642,0,0.0,5,0.141,-9.916,0,32,0.177,93.74,0.594,2
0.256,0.5820000000000001,164915,0.736,0,3.8e-05,11,0.188,-7.4860000000000015,0,0,0.0972,129.30700000000002,0.912,8
0.831,0.753,197067,0.522,0,0.00398,10,0.407,-7.254,1,54,0.0416,144.2,0.862,2
0.21,0.445,322320,0.476,0,0.000127,9,0.0788,-6.964,1,49,0.0268,75.208,0.17,2
0.105,0.602,179293,0.813,0,0.000201,11,0.158,-5.947,1,36,0.0308,139.455,0.764,2
0.688,0.627,288563,0.197,0,0.0,6,0.234,-21.43,0,0,0.963,78.139,0.6609999999999999,9
0.894,0.203,221427,0.0137,0,0.237,1,0.0479,-31.18,0,0,0.0416,76.365,0.0852,7
0.253,0.446,180440,0.73,0,0.00505,0,0.258,-6.48,1,35,0.0271,78.64,0.789,5
0.978,0.405,190160,0.6409999999999999,0,0.737,0,0.258,-6.175,1,0,0.0489,116.509,0.696,9
0.952,0.539,191947,0.523,0,0.0,7,0.173,-5.118,1,2,0.0273,168.715,0.624,10
0.474,0.586,230600,0.421,0,0.0,2,0.13,-8.869,1,46,0.0294,137.941,0.17,2
0.841,0.28,187279,0.403,0,0.000724,7,0.397,-7.229,1,0,0.0322,75.649,0.185,7
0.36,0.628,301440,0.138,0,0.0247,8,0.079,-20.504,0,15,0.0644,96.955,0.598,7
0.6509999999999999,0.5670000000000001,201720,0.773,0,0.00127,4,0.0869,-6.534,1,28,0.0283,104.359,0.37,6
0.924,0.171,1055200,0.108,0,0.8,7,0.61,-21.464,1,0,0.0434,114.029,0.039,8
0.988,0.539,187933,0.13,0,1.77e-05,0,0.0952,-12.667,0,2,0.042,78.889,0.29,9
0.0325,0.544,238493,0.5,0,3.78e-06,11,0.109,-8.253,1,64,0.026,93.621,0.177,2
0.269,0.672,267827,0.453,0,2.44e-06,11,0.138,-7.896,0,69,0.0557,83.12299999999998,0.674,3
0.00336,0.458,579227,0.726,0,0.8370000000000001,11,0.6659999999999999,-13.143,1,36,0.0537,149.583,0.619,4
0.735,0.711,98500,0.274,1,0.0,3,0.264,-17.67,0,0,0.8109999999999999,109.344,0.541,7
0.2,0.409,233307,0.289,0,0.7020000000000001,4,0.0592,-15.412,1,42,0.0409,186.416,0.235,5
0.008870000000000001,0.58,182400,0.536,0,0.0,6,0.151,-12.269,1,30,0.031,103.131,0.544,6
0.769,0.64,142227,0.343,0,0.000295,5,0.14,-18.157,1,24,0.0626,129.799,0.733,6
0.6659999999999999,0.104,75347,0.293,0,0.889,7,0.31,-15.24,1,33,0.0327,90.742,0.23,5
0.621,0.441,253333,0.228,0,0.0,5,0.109,-15.235,1,10,0.0929,168.28,0.514,7
0.443,0.486,218952,0.6629999999999999,0,0.0,7,0.0984,-6.28,1,46,0.0346,79.90100000000002,0.332,4
0.000294,0.255,248893,0.607,0,0.06,10,0.134,-7.722,0,49,0.0343,133.431,0.189,3
0.715,0.53,149067,0.253,0,0.0,2,0.135,-13.720999999999998,1,29,0.0262,105.609,0.584,5
0.987,0.602,184173,0.302,0,0.943,3,0.735,-15.324000000000002,1,1,0.0415,147.308,0.909,7
0.984,0.317,247040,0.149,0,0.002,1,0.197,-16.820999999999998,1,23,0.0377,130.241,0.184,6
0.589,0.247,266800,0.51,0,4.89e-05,5,0.17,-14.698,1,21,0.0466,169.115,0.53,5
0.99,0.483,175440,0.0641,0,0.0418,8,0.123,-22.076,1,10,0.0523,78.627,0.158,7
0.389,0.601,215014,0.462,1,0.0,2,0.344,-13.337,1,52,0.0512,124.03,0.8320000000000001,3
0.1,0.569,188664,0.726,1,0.0,4,0.244,-5.343,1,64,0.17800000000000002,185.946,0.373,1
0.0201,0.7140000000000001,246827,0.7859999999999999,0,0.0135,4,0.142,-10.092,0,29,0.027000000000000003,125.811,0.965,4
0.000525,0.429,224947,0.962,0,0.022,9,0.0983,-4.052,1,35,0.0579,99.523,0.312,4
0.215,0.872,242000,0.313,0,2.56e-06,9,0.0845,-15.137,1,35,0.374,140.244,0.963,3
0.0772,0.7170000000000001,96200,0.34,1,0.0,6,0.496,-16.38,1,0,0.915,117.81,0.529,7
0.237,0.732,248027,0.949,0,0.000941,10,0.308,-4.4060000000000015,1,58,0.0356,129.959,0.8370000000000001,2
0.213,0.6759999999999999,261195,0.929,0,0.0189,1,0.0502,-4.95,0,36,0.044,104.813,0.7,3
0.873,0.175,187667,0.103,0,1.3800000000000007e-05,0,0.127,-20.688,1,26,0.038,79.32600000000002,0.162,5
0.42,0.6509999999999999,318533,0.619,0,7.61e-06,1,0.6709999999999999,-16.906,0,28,0.083,108.834,0.904,5
0.155,0.466,296400,0.67,0,0.0,8,0.145,-4.7010000000000005,1,64,0.0297,126.142,0.395,1
0.593,0.93,178352,0.611,0,0.00124,0,0.0592,-4.4060000000000015,1,77,0.0415,112.127,0.695,1
0.532,0.735,98550,0.274,1,0.0,0,0.205,-18.999,1,0,0.8959999999999999,66.97800000000001,0.541,7
0.00201,0.493,321427,0.7020000000000001,0,0.000558,7,0.467,-8.625,1,40,0.0343,127.195,0.78,4
0.979,0.239,167800,0.117,0,0.6809999999999999,0,0.234,-17.643,1,46,0.0317,94.0,0.166,2
0.7609999999999999,0.67,47427,0.397,0,0.0234,0,0.361,-14.604,1,5,0.0455,121.893,0.529,7
0.0783,0.439,274707,0.434,0,4.870000000000001e-05,7,0.14,-14.918,1,75,0.0265,94.845,0.204,3
0.0033200000000000005,0.446,262760,0.952,0,0.565,9,0.337,-7.598,1,43,0.0603,160.215,0.331,3
0.98,0.529,32400,0.0451,0,0.000151,10,0.479,-28.205,1,7,0.315,130.082,0.281,7
0.205,0.532,200347,0.628,0,0.00012,2,0.115,-5.648,0,50,0.0403,92.593,0.508,1
0.89,0.398,241267,0.278,0,0.00259,8,0.129,-10.574000000000002,1,30,0.0274,104.734,0.0998,6
0.106,0.79,314761,0.5660000000000001,1,0.0,5,0.119,-8.33,1,69,0.4370000000000001,142.016,0.586,0
0.228,0.652,248240,0.773,0,7.41e-06,11,0.0972,-4.798,0,50,0.0457,105.946,0.435,1
0.517,0.866,197973,0.53,0,0.00159,0,0.0946,-6.347,0,77,0.0495,104.952,0.203,0
0.976,0.175,250427,0.18600000000000005,0,0.187,11,0.0916,-17.744,0,9,0.0307,65.95100000000001,0.435,8
0.79,0.371,205133,0.208,0,0.000124,10,0.116,-12.4,1,22,0.0317,57.467,0.14300000000000002,7
0.8740000000000001,0.326,186573,0.314,0,0.0012,10,0.11,-11.216,0,10,0.0347,76.51,0.35200000000000004,7
0.29600000000000004,0.6809999999999999,279760,0.6990000000000001,0,0.0301,9,0.117,-7.307,1,53,0.0329,122.254,0.601,1
0.993,0.552,36027,0.381,0,0.897,5,0.181,-18.549,1,19,0.0745,117.332,0.962,7
0.391,0.713,95088,0.149,1,1.48e-06,0,0.228,-18.187,1,0,0.68,128.624,0.623,8
0.182,0.491,183307,0.583,0,0.0,7,0.407,-10.964,1,80,0.0376,150.572,0.907,6
1.05e-06,0.322,222400,0.84,0,0.959,2,0.0372,-8.974,1,28,0.0395,108.517,0.504,3
0.954,0.426,205280,0.603,0,0.00604,11,0.0785,-4.874,1,0,0.033,97.531,0.28600000000000003,8
0.0697,0.5539999999999999,267173,0.5539999999999999,0,0.0,3,0.6629999999999999,-10.075,1,38,0.0298,97.983,0.5579999999999999,5
0.957,0.664,270867,0.227,0,0.904,0,0.121,-14.015999999999998,1,10,0.0492,92.323,0.464,6
0.626,0.254,227507,0.274,0,1.3699999999999998e-05,3,0.18,-10.714,1,30,0.0342,76.641,0.184,4
0.14,0.5589999999999999,216973,0.66,0,0.0,8,0.0955,-4.445,1,47,0.036000000000000004,155.97,0.472,1
0.462,0.412,254493,0.77,0,1.5e-06,11,0.0485,-6.057,0,52,0.18,101.955,0.418,2
0.214,0.696,176307,0.942,0,0.0049,9,0.0518,-5.232,1,58,0.13,117.541,0.481,5
0.895,0.4920000000000001,203893,0.189,0,0.00301,6,0.12,-18.91,0,27,0.0386,88.89200000000002,0.6409999999999999,5
0.947,0.208,397773,0.0703,0,0.524,5,0.0771,-20.34,1,0,0.039,88.48200000000001,0.0615,9
0.0894,0.6970000000000001,261360,0.6,0,0.0,0,0.0549,-13.632,0,40,0.0364,127.009,0.7929999999999999,3
0.6579999999999999,0.473,276827,0.5760000000000001,0,1.59e-05,2,0.0938,-6.872000000000001,1,31,0.0293,138.344,0.518,5
0.813,0.6779999999999999,174133,0.83,0,0.0,5,0.267,-5.901,0,38,0.128,93.275,0.853,7
0.968,0.097,462693,0.306,0,0.245,11,0.228,-11.791,1,13,0.0433,73.602,0.0362,7
0.992,0.706,212493,0.117,0,0.119,11,0.362,-13.698,0,0,0.126,118.995,0.61,9
0.995,0.7829999999999999,198757,0.149,0,0.5660000000000001,4,0.175,-10.479,0,0,0.38,81.572,0.7340000000000001,8
0.713,0.386,154893,0.667,0,0.845,10,0.344,-6.232,1,2,0.0419,105.989,0.852,8
0.969,0.5529999999999999,271827,0.133,0,0.912,8,0.106,-17.777,1,23,0.0522,64.265,0.246,7
0.5820000000000001,0.343,450907,0.5489999999999999,0,6.07e-05,0,0.907,-7.848,1,36,0.0361,91.489,0.412,5
0.0281,0.539,238053,0.8540000000000001,0,0.0,2,0.318,-3.36,1,44,0.0341,133.93200000000002,0.526,2
0.0658,0.569,396400,0.8420000000000001,0,3.18e-06,11,0.115,-5.74,0,35,0.11,122.889,0.459,4
0.992,0.236,178907,0.333,0,3.67e-05,7,0.278,-13.854,1,0,0.056,81.155,0.546,9
0.2,0.7979999999999999,170293,0.718,0,4.88e-06,7,0.13699999999999998,-8.527000000000001,1,37,0.0528,97.847,0.939,3
0.865,0.312,241973,0.276,0,0.000433,10,0.112,-12.621,1,46,0.0331,123.717,0.158,2
0.24,0.711,292533,0.95,0,0.000157,10,0.282,-8.214,0,42,0.0516,112.17,0.773,3
0.967,0.404,220172,0.107,0,0.00317,7,0.15,-16.283,1,0,0.0681,70.733,0.191,7
0.32,0.662,141867,0.471,0,4.25e-05,0,0.131,-8.048,1,44,0.0569,84.41,0.552,3
0.872,0.655,283107,0.185,0,0.000697,4,0.0789,-14.009,0,38,0.0511,116.652,0.5579999999999999,3
0.947,0.556,120867,0.131,0,0.0,0,0.112,-17.868,1,14,0.0346,103.143,0.691,6
0.924,0.449,288307,0.214,0,3.8e-06,4,0.154,-10.382,0,0,0.0358,105.304,0.187,9
0.774,0.616,101080,0.483,0,0.787,4,0.13699999999999998,-12.405,0,32,0.0732,118.2,0.964,5
0.581,0.446,132360,0.237,0,0.0,9,0.0889,-13.42,0,49,0.0761,89.145,0.475,6
0.431,0.722,102673,0.684,1,0.0,8,0.117,-4.845,1,62,0.08,152.053,0.534,1
0.647,0.8059999999999999,159267,0.3670000000000001,0,0.00169,8,0.0723,-14.085,1,21,0.0893,111.194,0.574,7
0.08900000000000001,0.491,212840,0.66,0,0.298,11,0.17600000000000002,-7.473,1,43,0.0436,190.614,0.408,2
0.349,0.66,274667,0.46,0,0.0,7,0.0483,-10.096,0,15,0.0455,102.678,0.785,6
0.994,0.434,217453,0.419,0,0.873,7,0.158,-10.537,1,0,0.039,102.668,0.85,8
0.000556,0.597,267387,0.918,0,1.85e-06,9,0.34600000000000003,-5.192,1,44,0.109,92.443,0.501,2
0.141,0.965,201640,0.7829999999999999,0,0.000231,6,0.109,-6.898,0,59,0.098,119.94,0.863,2
0.774,0.221,136859,0.145,0,0.91,7,0.105,-9.606,1,0,0.0563,125.402,0.328,9
0.059,0.541,140200,0.648,0,0.0,0,0.238,-11.32,0,32,0.0743,129.514,0.833,4
0.757,0.674,120800,0.206,0,0.0,7,0.383,-17.781,0,0,0.775,86.897,0.515,7
0.0359,0.499,273280,0.794,0,0.0,2,0.0794,-5.627999999999999,1,49,0.0374,80.175,0.185,3
0.00539,0.754,258173,0.496,0,0.000152,0,0.0871,-8.7,1,63,0.0351,119.186,0.341,3
0.0381,0.7559999999999999,176431,0.5329999999999999,0,0.88,2,0.126,-13.946,0,0,0.061,133.102,0.541,8
0.188,0.467,246733,0.589,0,0.0,2,0.1,-5.3020000000000005,1,41,0.0539,118.87,0.59,2
0.965,0.463,335653,0.332,0,2.860000000000001e-05,5,0.784,-13.187,0,0,0.0922,105.272,0.204,7
0.792,0.353,207360,0.5770000000000001,0,0.965,6,0.153,-14.894,1,0,0.0296,93.051,0.85,7
0.391,0.439,259773,0.408,0,0.0,0,0.122,-11.002,1,22,0.0481,162.003,0.394,6
0.5429999999999999,0.619,178840,0.6970000000000001,0,6.82e-06,3,0.232,-5.867000000000001,1,40,0.0312,133.898,0.99,3
0.00095,0.513,234200,0.848,0,0.008620000000000001,9,0.251,-9.428,1,35,0.0315,92.161,0.475,3
0.875,0.263,131520,0.00306,0,0.000759,2,0.117,-23.981,0,30,0.0637,67.391,0.0455,7
0.7709999999999999,0.527,142173,0.28,0,0.0,0,0.0695,-8.628,1,13,0.0781,183.348,0.7190000000000001,6
0.99,0.506,156493,0.124,0,0.0375,1,0.227,-19.452,1,3,0.0551,123.628,0.6,7
0.992,0.412,353507,0.0728,0,0.00317,7,0.319,-23.434,1,0,0.053,74.866,0.253,9
0.121,0.418,133267,0.366,0,0.0,0,0.328,-14.939,1,28,0.0374,113.603,0.378,6
0.755,0.292,259067,0.397,0,0.0,7,0.28,-9.161,1,61,0.0346,86.491,0.187,1
0.021,0.631,150500,0.26,1,0.0,6,0.336,-19.56,1,0,0.961,170.72099999999998,0.61,10
0.992,0.71,168000,0.116,0,0.495,7,0.147,-17.635,1,0,0.0695,117.455,0.86,9
0.887,0.4320000000000001,65240,0.415,0,0.988,4,0.46,-16.19,0,0,0.0554,126.08,0.948,8
0.45,0.464,258200,0.8109999999999999,0,0.004229999999999999,7,0.939,-7.431,1,29,0.0976,126.009,0.7879999999999999,5
0.238,0.384,354640,0.535,0,0.00045,9,0.0533,-9.939,1,62,0.0289,132.445,0.232,4
0.202,0.743,222667,0.495,0,1.99e-06,5,0.101,-14.24,1,35,0.0348,91.298,0.731,4
0.246,0.7070000000000001,284827,0.922,0,5.51e-05,5,0.105,-8.947000000000003,1,28,0.0361,119.598,0.946,4
0.989,0.507,153234,0.149,0,0.00371,5,0.125,-14.837,0,0,0.051,83.54700000000003,0.491,9
0.0101,0.721,276427,0.8029999999999999,0,6.64e-06,11,0.0637,-8.579,1,34,0.0521,105.12,0.7859999999999999,3
0.342,0.59,171373,0.605,0,0.000114,4,0.109,-6.6770000000000005,0,22,0.0368,80.009,0.503,4
0.28300000000000003,0.665,196773,0.754,0,0.0,7,0.114,-6.437,1,58,0.0305,103.989,0.234,2
0.13,0.147,262478,0.836,0,0.875,1,0.11,-21.972,1,69,0.0726,137.118,0.0249,1
0.767,0.512,140160,0.214,0,0.0,9,0.0938,-13.77,1,16,0.0275,103.304,0.246,6
0.0268,0.48,298427,0.579,0,0.0014,1,0.262,-13.268,1,32,0.0489,137.217,0.387,5
0.983,0.693,170533,0.199,0,0.0164,1,0.298,-11.707,0,16,0.091,100.845,0.5379999999999999,9
0.201,0.7909999999999999,279067,0.7,0,0.000312,11,0.0562,-6.96,1,59,0.0297,120.741,0.8,4
0.627,0.541,288440,0.522,0,0.0,0,0.117,-6.151,1,36,0.0265,127.14,0.329,4
0.564,0.544,328053,0.691,0,9.72e-06,5,0.151,-8.654,0,37,0.0765,94.808,0.411,5
0.628,0.512,144973,0.266,0,0.000677,0,0.118,-11.26,1,16,0.0427,128.77700000000002,0.535,6
0.503,0.625,338547,0.5429999999999999,0,0.898,11,0.104,-10.3,0,40,0.0291,124.981,0.273,2
0.59,0.7709999999999999,177120,0.618,0,0.0,9,0.0957,-8.193,0,41,0.0471,117.519,0.968,3
0.77,0.272,154293,0.146,0,0.0,5,0.129,-13.344,1,35,0.0339,114.135,0.133,3
0.0475,0.635,301827,0.624,0,0.319,10,0.0403,-13.890999999999998,0,25,0.0423,123.838,0.862,4
0.0322,0.616,377467,0.78,0,0.0,2,0.173,-6.062,1,65,0.0623,110.005,0.471,1
0.544,0.627,162147,0.669,0,1.63e-06,4,0.743,-3.807,1,50,0.0375,110.779,0.723,3
0.431,0.436,325400,0.897,0,0.0,6,0.18,-5.362,0,33,0.102,139.493,0.588,6
0.978,0.5870000000000001,170318,0.398,0,0.00534,9,0.0844,-11.595999999999998,0,0,0.0475,117.907,0.742,9
0.715,0.243,459693,0.208,0,0.768,0,0.149,-17.188,0,24,0.0377,98.755,0.0758,6
0.5770000000000001,0.461,193800,0.445,0,0.0794,0,0.652,-9.686,1,28,0.0335,134.025,0.392,5
0.861,0.263,270200,0.162,0,3.5000000000000016e-06,2,0.156,-13.53,1,36,0.0358,86.656,0.0903,6
0.785,0.679,163640,0.402,0,0.000186,11,0.105,-9.49,1,44,0.0347,113.138,0.484,6
0.13,0.693,111093,0.65,0,0.275,7,0.314,-10.101,1,10,0.0473,118.069,0.748,6
0.908,0.28600000000000003,155973,0.0977,0,0.004379999999999999,2,0.14400000000000002,-16.485,1,7,0.0346,102.129,0.28800000000000003,7
0.35700000000000004,0.35600000000000004,200107,0.965,0,0.0265,7,0.904,-6.2570000000000014,1,32,0.274,115.773,0.332,5
0.868,0.449,225067,0.348,0,0.0673,7,0.0585,-14.656,1,9,0.03,106.888,0.6609999999999999,7
0.0529,0.81,235387,0.386,0,0.00944,1,0.0969,-7.846,1,44,0.311,157.91899999999995,0.506,2
0.8029999999999999,0.612,158760,0.289,0,0.0,2,0.196,-13.293,1,7,0.0286,128.643,0.701,7
0.99,0.833,176000,0.132,0,0.0005679999999999999,1,0.0957,-11.130999999999998,1,0,0.295,121.779,0.568,10
0.5329999999999999,0.875,192627,0.413,0,0.0,10,0.399,-10.183,0,49,0.185,106.034,0.769,2
0.435,0.433,635067,0.529,0,0.00643,7,0.309,-7.434,0,42,0.0644,180.547,0.5429999999999999,7
0.887,0.728,231333,0.253,0,1.11e-05,0,0.133,-8.427,1,64,0.0304,140.923,0.457,1
0.619,0.61,164920,0.236,0,0.000147,9,0.273,-15.21,0,11,0.0383,78.425,0.643,7
0.0244,0.38,347757,0.738,0,0.0229,8,0.4320000000000001,-10.737,1,38,0.0539,77.464,0.369,4
0.971,0.49,154924,0.206,0,0.000162,11,0.14800000000000002,-13.957,1,0,0.0424,96.144,0.855,9
0.362,0.095,190227,0.173,0,0.8440000000000001,5,0.467,-19.528,1,42,0.0394,173.47099999999998,0.0381,5
0.779,0.605,144133,0.501,0,0.0,10,0.0721,-8.764,1,7,0.0697,146.4,0.8740000000000001,7
0.973,0.39,332560,0.128,0,0.8220000000000001,6,0.183,-20.93,1,28,0.0312,150.23,0.32,5
0.0917,0.387,246333,0.804,0,1.98e-05,9,0.171,-2.6010000000000004,1,52,0.0372,163.85299999999995,0.428,2
0.0986,0.532,176853,0.8320000000000001,0,9.22e-05,11,0.657,-5.9579999999999975,0,61,0.122,176.155,0.7709999999999999,1
0.4320000000000001,0.468,192427,0.0762,0,0.0,2,0.0974,-23.616,0,20,0.038,150.72,0.349,6
0.00274,0.6,187027,0.905,0,0.0,1,0.831,-3.41,0,58,0.0357,124.032,0.636,1
0.159,0.599,153652,0.74,1,0.0,0,0.154,-3.517,0,70,0.334,100.06,0.573,0
0.438,0.396,213333,0.321,0,0.0636,0,0.35200000000000004,-18.763,1,37,0.0507,168.253,0.711,4
0.933,0.13,397453,0.0323,0,0.0072099999999999985,2,0.108,-25.505,1,3,0.0402,84.008,0.0699,8
0.258,0.506,480267,0.589,0,0.0702,7,0.5710000000000001,-6.952000000000001,1,25,0.0396,79.051,0.6679999999999999,6
0.84,0.5760000000000001,185507,0.289,0,0.0,5,0.5429999999999999,-10.669,1,22,0.0748,76.703,0.8909999999999999,7
0.992,0.511,363160,0.108,0,0.6679999999999999,9,0.0551,-17.579,0,1,0.0818,98.222,0.955,8
0.986,0.134,245000,0.104,0,0.927,9,0.331,-26.546,1,43,0.0613,81.295,0.0989,3
0.0287,0.629,185013,0.6679999999999999,0,0.0,8,0.159,-6.974,1,64,0.15,214.025,0.904,2
0.392,0.828,212760,0.4320000000000001,0,0.0,4,0.361,-11.105,1,46,0.0454,105.939,0.861,4
0.0542,0.5710000000000001,202827,0.764,0,1.18e-05,9,0.22,-6.987,1,38,0.0291,122.846,0.863,5
0.984,0.451,275667,0.17,0,0.8690000000000001,7,0.133,-17.959,1,0,0.0444,125.48,0.28,8
0.993,0.606,190131,0.16699999999999998,0,0.139,0,0.128,-10.412,0,0,0.366,177.365,0.486,8
0.000713,0.173,235640,0.926,0,0.043,2,0.29100000000000004,-4.027,1,49,0.132,201.231,0.0703,2
0.34,0.4920000000000001,202013,0.393,0,0.00659,0,0.0782,-9.115,1,18,0.0307,122.668,0.385,5
0.604,0.398,436733,0.458,0,0.000362,9,0.0871,-12.78,0,7,0.0832,158.83700000000005,0.703,7
0.947,0.174,140293,0.0147,0,0.953,6,0.109,-29.728,1,0,0.036000000000000004,101.824,0.0383,7
0.99,0.544,222987,0.254,0,0.762,10,0.0876,-17.583,1,0,0.0499,70.503,0.652,8
0.0607,0.799,203622,0.883,0,0.0,0,0.0511,-3.943,0,50,0.0302,119.987,0.962,1
0.0381,0.557,340493,0.74,0,8.83e-06,0,0.0584,-8.801,1,25,0.0344,113.451,0.379,4
0.16,0.804,174573,0.8340000000000001,0,8.01e-06,7,0.116,-5.942,1,42,0.0421,122.14,0.963,5
0.16,0.532,142524,0.7240000000000001,0,0.000266,9,0.0838,-6.1679999999999975,0,16,0.0337,128.558,0.8590000000000001,6
0.945,0.621,240707,0.31,0,6.12e-05,9,0.117,-10.164,0,67,0.0283,111.893,0.125,1
0.8240000000000001,0.546,152427,0.319,0,0.0,4,0.518,-14.755999999999998,0,25,0.0251,92.349,0.462,6
0.384,0.732,200625,0.737,0,0.0,7,0.14,-6.8320000000000025,1,2,0.0654,128.042,0.647,0
0.91,0.486,250173,0.317,0,2.3e-06,10,0.3,-16.991,1,10,0.0357,110.667,0.5760000000000001,7
0.0648,0.521,398027,0.349,0,1.33e-05,1,0.055,-13.452,1,34,0.0289,131.189,0.273,3
0.936,0.642,185333,0.138,0,0.00016,7,0.109,-12.629,1,19,0.0475,98.608,0.531,9
0.995,0.629,189733,0.168,0,0.8640000000000001,9,0.21600000000000005,-15.767,1,0,0.0344,95.438,0.449,8
0.336,0.8759999999999999,281173,0.8420000000000001,0,0.0,1,0.28600000000000003,-7.563,1,57,0.0353,120.969,0.956,2
0.257,0.727,369107,0.698,0,0.0,5,0.111,-8.3,0,34,0.0388,95.275,0.862,3
0.301,0.8,227867,0.922,1,9.31e-06,4,0.0352,-5.125,0,58,0.24,98.631,0.8009999999999999,2
0.883,0.703,182230,0.292,0,0.0,7,0.0605,-14.0,1,0,0.521,137.806,0.86,9
0.191,0.271,308000,0.674,0,2.62e-06,11,0.247,-10.18,1,41,0.0374,142.82299999999995,0.413,4
0.117,0.434,316347,0.835,0,0.00367,9,0.952,-6.726,0,27,0.0443,129.485,0.314,4
0.00925,0.6,209933,0.727,0,2.96e-06,0,0.0524,-4.305,1,52,0.0272,106.988,0.628,2
0.782,0.637,116360,0.358,0,0.0,8,0.101,-9.376,1,19,0.227,155.018,0.5479999999999999,7
0.846,0.7559999999999999,27960,0.0965,0,0.0,6,0.556,-17.628,1,0,0.479,130.914,0.782,7
0.00183,0.7170000000000001,265560,0.715,0,0.8320000000000001,0,0.08900000000000001,-9.536,1,39,0.0318,133.298,0.966,4
0.733,0.528,166467,0.254,0,0.652,8,0.15,-12.282,0,8,0.0302,82.788,0.212,6
0.5579999999999999,0.62,218760,0.4970000000000001,0,6.68e-06,0,0.251,-7.443,1,58,0.027000000000000003,140.207,0.4270000000000001,2
0.00127,0.502,221960,0.867,1,0.0,5,0.0896,-3.557,0,47,0.0501,159.95,0.574,2
0.0583,0.5710000000000001,206875,0.531,0,0.0,4,0.122,-6.1370000000000005,0,61,0.0385,108.075,0.439,1
0.268,0.636,310278,0.45,0,0.0012,2,0.211,-14.018,1,10,0.0553,99.375,0.684,7
0.153,0.594,137307,0.5329999999999999,0,1.49e-05,10,0.172,-7.9929999999999986,0,61,0.0438,78.55199999999998,0.7290000000000001,6
0.399,0.6970000000000001,302027,0.265,0,0.0,9,0.165,-14.447,0,31,0.0312,109.713,0.4270000000000001,3
0.0202,0.835,244640,0.648,0,0.225,1,0.308,-8.15,1,65,0.0488,99.701,0.674,3
0.199,0.586,304507,0.8220000000000001,0,8.44e-06,7,0.258,-6.86,1,41,0.0972,131.833,0.701,5
0.992,0.251,184693,0.314,0,0.655,6,0.8320000000000001,-13.784,1,9,0.0496,99.198,0.237,8
0.474,0.277,175400,0.31,0,5.600000000000001e-05,7,0.107,-10.643,1,43,0.0286,170.483,0.328,3
0.7909999999999999,0.741,151107,0.6409999999999999,0,0.0,9,0.7170000000000001,-8.186,0,9,0.0488,124.154,0.8540000000000001,6
0.0131,0.635,304907,0.7120000000000001,1,0.0,4,0.187,-5.151,0,52,0.11,78.598,0.458,2
0.173,0.7040000000000001,250533,0.412,0,1.26e-06,11,0.0361,-14.662,0,27,0.0377,123.715,0.6459999999999999,4
0.981,0.462,187707,0.499,0,2.08e-06,1,0.413,-6.985,1,0,0.0331,140.046,0.895,7
0.33,0.585,300000,0.53,0,0.000749,10,0.114,-8.171,1,48,0.0249,148.292,0.5479999999999999,2
0.0256,0.6990000000000001,295973,0.7,1,0.0,1,0.135,-6.1160000000000005,1,32,0.192,180.225,0.619,3
0.003,0.62,309973,0.8079999999999999,0,5.7399999999999986e-05,4,0.569,-8.687999999999999,1,28,0.0271,134.72299999999998,0.926,4
0.498,0.534,201240,0.547,0,0.0,1,0.0897,-7.915,1,38,0.0323,158.006,0.423,2
0.996,0.598,172320,0.0894,0,0.8240000000000001,4,0.123,-23.816,0,0,0.0592,109.427,0.27,10
0.00513,0.482,309560,0.913,0,0.000252,5,0.26,-4.727,1,41,0.108,143.485,0.5760000000000001,2
0.129,0.8079999999999999,168436,0.434,0,0.8740000000000001,11,0.107,-11.916,0,35,0.232,76.507,0.521,5
0.988,0.295,568840,0.1,0,0.867,1,0.0905,-18.444000000000006,1,1,0.0482,170.916,0.157,10
0.992,0.414,174387,0.248,0,0.884,6,0.172,-21.685,1,0,0.0905,74.08800000000002,0.532,10
0.0768,0.8270000000000001,259493,0.728,1,0.0,2,0.237,-3.912,1,56,0.307,90.872,0.6920000000000001,4
0.0443,0.5660000000000001,224933,0.561,0,0.000216,2,0.127,-8.135,0,39,0.0255,103.26,0.83,3
0.0554,0.36,274965,0.371,0,0.711,9,0.321,-13.611,1,0,0.0342,152.82399999999996,0.223,8
0.00589,0.424,195707,0.967,1,0.000961,11,0.139,-2.861,0,43,0.0601,149.586,0.386,2
0.72,0.345,199188,0.5710000000000001,0,0.0134,2,0.5820000000000001,-9.096,1,0,0.0636,73.339,0.826,8
0.483,0.6609999999999999,222009,0.523,0,0.0,8,0.469,-5.902,1,73,0.0381,122.948,0.536,0
0.512,0.8809999999999999,131667,0.9,0,2.61e-05,8,0.234,-8.342,0,27,0.054000000000000006,103.502,0.929,4
0.0828,0.35700000000000004,259800,0.653,0,0.0,9,0.0844,-5.5539999999999985,1,68,0.0654,176.64700000000005,0.522,4
0.307,0.499,201480,0.643,0,0.0,11,0.106,-5.416,1,73,0.0354,93.805,0.469,1
0.0032700000000000003,0.639,385987,0.838,0,0.007140000000000001,11,0.0834,-8.179,0,42,0.0453,122.179,0.588,4
0.88,0.675,294400,0.166,0,7.140000000000001e-05,11,0.0461,-22.602,1,68,0.171,68.837,0.747,4
0.947,0.753,152093,0.526,0,0.736,8,0.0873,-10.474,1,7,0.149,120.358,0.961,7
0.75,0.659,222093,0.236,0,2.24e-05,0,0.07,-15.96,1,13,0.0424,99.012,0.853,6
0.7020000000000001,0.605,215838,0.434,0,0.0,1,0.0793,-9.879,0,44,0.405,86.93799999999996,0.96,7
0.00905,0.494,288600,0.923,0,0.00125,9,0.0618,-5.04,1,32,0.0406,135.822,0.617,3
0.204,0.675,296320,0.54,0,0.0,4,0.0688,-10.139,1,62,0.0774,94.959,0.514,2
0.7609999999999999,0.504,121187,0.585,0,0.0,10,0.302,-8.919,0,14,0.0385,160.653,0.813,6
0.735,0.365,187000,0.338,0,0.0,2,0.104,-13.406,1,69,0.0322,79.241,0.446,5
0.981,0.402,195000,0.16899999999999998,0,0.171,6,0.269,-15.193,0,0,0.0747,86.87200000000001,0.457,8
0.99,0.484,342333,0.0695,0,0.932,4,0.204,-22.593000000000004,1,25,0.0338,102.522,0.131,6
0.000482,0.503,231920,0.904,0,0.0,2,0.132,-3.895,0,67,0.048,165.09900000000005,0.384,1
0.982,0.305,154093,0.0387,0,0.00196,3,0.104,-22.524,1,29,0.0429,74.556,0.326,4
0.892,0.632,183293,0.14800000000000002,0,0.0,7,0.0911,-13.635,1,13,0.0492,120.299,0.28600000000000003,7
0.0206,0.606,294027,0.977,0,0.5,1,0.179,-3.642,1,55,0.06,109.41,0.809,2
0.785,0.5670000000000001,196400,0.182,0,0.048,1,0.243,-10.936,1,2,0.045,114.779,0.522,8
0.194,0.448,242493,0.525,0,0.004220000000000001,7,0.131,-14.734000000000002,1,44,0.036000000000000004,155.995,0.29600000000000004,4
0.00169,0.643,203000,0.84,0,1.4300000000000005e-05,11,0.104,-2.846,1,38,0.0277,97.794,0.526,2
0.236,0.395,178376,0.502,0,5.79e-06,6,0.332,-8.328,1,55,0.0309,183.237,0.32299999999999995,3
0.14400000000000002,0.8390000000000001,269160,0.665,1,0.0,1,0.132,-5.72,1,51,0.232,130.046,0.583,1
0.0563,0.7490000000000001,229120,0.723,0,0.022,1,0.0977,-6.609,1,73,0.0432,108.999,0.674,1
0.7809999999999999,0.28600000000000003,506107,0.229,0,0.826,0,0.133,-14.585,1,0,0.0373,177.741,0.318,9
0.857,0.584,163333,0.268,0,0.0,3,0.142,-9.54,1,65,0.0258,85.949,0.441,1
0.607,0.898,148760,0.209,0,0.0,7,0.0945,-14.703,1,44,0.171,111.354,0.4970000000000001,4
0.182,0.615,219507,0.34700000000000003,0,0.0,9,0.125,-9.596,1,52,0.0259,78.994,0.273,4
0.965,0.752,106667,0.345,0,0.00255,2,0.0634,-13.22,1,0,0.249,95.101,0.8740000000000001,8
0.987,0.401,210338,0.257,0,0.00551,10,0.5539999999999999,-9.769,1,0,0.0377,126.283,0.28600000000000003,7
0.223,0.665,234587,0.866,0,0.0,7,0.373,-3.81,1,56,0.056,128.041,0.455,1
0.969,0.175,344000,0.0917,0,0.887,6,0.17,-23.643,0,13,0.0432,74.985,0.0689,8
0.191,0.518,183864,0.792,1,0.0,1,0.123,-5.323,1,50,0.359,78.885,0.625,1
0.0547,0.813,186517,0.586,1,0.0,2,0.238,-10.478,1,65,0.379,160.043,0.7979999999999999,1
0.000808,0.349,173947,0.936,0,0.00331,2,0.764,-9.109,1,21,0.126,145.821,0.45,6
0.193,0.589,241720,0.654,0,0.0,3,0.0811,-7.901,1,32,0.0329,120.322,0.383,3
0.978,0.408,169600,0.109,0,9.55e-05,9,0.7140000000000001,-19.03,1,22,0.0406,103.424,0.484,5
0.287,0.743,197968,0.73,1,8.1e-05,10,0.0778,-4.314,0,69,0.125,179.972,0.15,1
0.146,0.72,272160,0.514,1,0.00713,1,0.107,-7.108,1,64,0.132,142.98,0.212,1
0.269,0.688,123225,0.327,1,0.0,5,0.578,-15.824000000000002,1,0,0.947,99.949,0.6579999999999999,7
0.0639,0.608,254000,0.867,0,0.0224,4,0.321,-7.347,0,43,0.0441,127.585,0.826,5
0.8370000000000001,0.48,215733,0.168,0,0.396,10,0.234,-14.326,0,2,0.0406,82.541,0.589,8
0.197,0.7290000000000001,491667,0.8370000000000001,0,0.00206,1,0.0466,-11.921,1,27,0.0406,112.37,0.917,4
0.8079999999999999,0.5,183169,0.627,0,0.000238,5,0.287,-7.072,0,0,0.0349,145.971,0.86,8
0.975,0.508,228507,0.233,0,0.0,8,0.111,-8.311,1,64,0.0535,85.54299999999998,0.421,1
0.968,0.466,132298,0.588,0,0.268,5,0.493,-8.329,0,0,0.0836,130.092,0.745,8
0.00363,0.701,222307,0.755,0,0.000795,2,0.121,-5.82,1,71,0.0417,95.036,0.116,1
0.0972,0.555,263507,0.499,0,0.0,8,0.08,-14.945,1,30,0.0558,83.23,0.778,5
0.923,0.199,184000,0.0813,0,0.919,4,0.115,-23.31,1,37,0.0475,75.49,0.182,4
0.993,0.198,194973,0.377,0,0.263,9,0.105,-10.461,1,0,0.0367,82.05,0.157,7
0.5820000000000001,0.441,169067,0.825,0,4.15e-06,9,0.232,-6.257999999999999,0,8,0.202,174.305,0.802,7
0.224,0.6729999999999999,288000,0.8759999999999999,1,0.0,7,0.135,-3.79,0,60,0.332,85.45200000000001,0.602,1
0.15,0.5539999999999999,263133,0.732,0,0.00334,10,0.111,-5.207999999999998,0,41,0.0287,186.027,0.512,4
3.4e-05,0.473,168560,0.942,0,0.0375,1,0.0627,-2.698,1,51,0.0785,173.52700000000004,0.75,2
0.713,0.383,153667,0.0988,0,0.0,7,0.229,-18.607,1,33,0.0505,146.755,0.48,7
0.594,0.34600000000000003,190213,0.45,0,0.727,7,0.175,-8.474,0,4,0.033,90.888,0.306,9
0.8370000000000001,0.409,186200,0.388,0,2.84e-05,5,0.198,-5.343,1,32,0.0283,79.477,0.474,5
0.982,0.415,185931,0.5920000000000001,0,0.909,6,0.17,-15.133,1,0,0.0998,176.768,0.615,8
0.0919,0.416,310093,0.416,0,1.35e-05,0,0.0335,-9.68,1,45,0.0301,171.903,0.217,3
0.0162,0.523,302413,0.7929999999999999,0,0.0,7,0.0967,-5.4910000000000005,1,47,0.0334,94.957,0.33,1
0.00227,0.424,486945,0.583,0,0.0,9,0.115,-6.864,1,63,0.0285,144.977,0.0711,1
0.787,0.695,1302826,0.221,0,0.0,0,0.371,-18.564,1,0,0.961,102.032,0.536,9
0.327,0.76,156400,0.509,0,1.6e-05,9,0.0766,-11.208,1,43,0.0291,128.014,0.92,4
0.981,0.142,314747,0.0861,0,0.8740000000000001,2,0.0883,-17.094,0,14,0.0355,62.394,0.056,7
0.00474,0.63,248517,0.942,0,0.0007440000000000001,2,0.326,-3.195,1,54,0.0485,101.996,0.5429999999999999,1
0.0747,0.504,445613,0.523,0,0.467,5,0.191,-14.206,1,36,0.0297,104.845,0.329,4
0.118,0.6609999999999999,194467,0.903,0,3.2500000000000004e-05,8,0.102,-7.25,1,34,0.0496,125.72,0.927,5
0.0988,0.7,315413,0.41,0,0.13,7,0.11,-8.164,1,49,0.0274,146.003,0.361,2
0.211,0.723,186120,0.622,0,0.0,7,0.135,-7.1389999999999985,1,37,0.0304,74.513,0.809,4
0.0146,0.53,205253,0.87,0,6.84e-06,7,0.3670000000000001,-6.488,1,44,0.0936,147.877,0.735,2
0.00759,0.464,207240,0.877,0,0.0,3,0.15,-4.343,1,42,0.0467,89.384,0.483,2
0.0174,0.802,243093,0.608,0,0.0174,10,0.0761,-10.169,0,40,0.255,98.439,0.7659999999999999,3
0.0832,0.581,218080,0.6729999999999999,0,0.0197,7,0.261,-5.573,1,25,0.0293,120.697,0.767,5
0.994,0.389,186467,0.287,0,0.882,9,0.387,-15.125,0,0,0.0512,175.388,0.8390000000000001,8
0.85,0.506,163987,0.271,0,5.33e-06,5,0.258,-10.404000000000002,1,32,0.0309,100.995,0.595,7
0.0203,0.654,235707,0.8079999999999999,0,0.0554,1,0.0425,-11.869000000000002,1,31,0.0352,131.955,0.965,3
0.16699999999999998,0.7509999999999999,197333,0.688,0,0.00112,1,0.417,-8.475,1,60,0.21600000000000005,90.07,0.675,1
0.19,0.3720000000000001,243800,0.746,0,0.0,9,0.107,-10.653,1,21,0.0799,153.296,0.462,5
0.0102,0.614,210600,0.665,0,2.2e-05,7,0.085,-9.719,1,38,0.0404,98.795,0.84,5
0.88,0.622,124320,0.326,0,0.0,9,0.097,-7.089,1,0,0.126,117.784,0.502,7
0.95,0.478,89735,0.263,0,1.28e-06,4,0.189,-10.059,1,0,0.0751,121.348,0.578,8
0.868,0.215,336367,0.0724,0,0.868,0,0.0958,-26.881,0,1,0.0373,70.48100000000002,0.036000000000000004,9
0.575,0.426,295081,0.45,0,0.00121,10,0.741,-12.672,1,31,0.0439,134.252,0.433,5
0.0215,0.633,142240,0.536,0,0.008140000000000001,2,0.12,-10.075,1,36,0.0678,103.833,0.523,6
0.0411,0.5870000000000001,229493,0.7340000000000001,0,0.00307,10,0.358,-8.774,1,34,0.0602,121.715,0.6970000000000001,4
0.0459,0.852,247533,0.579,0,0.0008410000000000001,4,0.0648,-12.027,1,21,0.0395,113.425,0.975,4
3.39e-05,0.423,200640,0.848,0,0.000152,4,0.0775,-6.3,1,50,0.0349,175.838,0.6579999999999999,3
0.28300000000000003,0.685,209533,0.469,0,0.0013800000000000002,1,0.249,-9.854,1,38,0.0273,104.684,0.317,4
0.764,0.508,175987,0.287,0,0.0,1,0.153,-12.472,1,40,0.0523,154.759,0.644,6
0.63,0.536,251600,0.402,0,0.0,2,0.263,-15.787,1,44,0.0479,123.923,0.522,5
0.0016600000000000002,0.376,302720,0.961,0,0.00019,10,0.0681,-4.255,0,41,0.0972,163.69899999999996,0.249,2
0.7959999999999999,0.274,127067,0.218,0,0.685,3,0.408,-15.757,1,27,0.0369,86.26100000000002,0.428,6
0.985,0.409,309360,0.0432,0,0.8590000000000001,8,0.101,-22.772,1,42,0.0411,111.976,0.0815,6
0.0553,0.693,250419,0.611,0,0.0,0,0.209,-9.72,1,30,0.0294,97.963,0.649,6
0.433,0.123,153280,0.262,0,0.369,5,0.135,-17.753,1,42,0.0316,79.502,0.141,6
0.86,0.314,179333,0.2,0,0.0,3,0.331,-13.598,1,20,0.0299,104.035,0.28300000000000003,7
0.7859999999999999,0.63,365373,0.27,0,0.523,0,0.14400000000000002,-16.041,1,56,0.0433,106.984,0.6920000000000001,3
0.7170000000000001,0.762,104561,0.0895,1,0.0,2,0.391,-20.894,1,0,0.96,80.306,0.414,8
0.584,0.675,140480,0.563,0,0.0,6,0.667,-11.664,1,22,0.172,112.725,0.736,6
0.418,0.591,182893,0.386,0,4.41e-06,0,0.201,-6.912000000000001,1,50,0.0407,116.198,0.341,2
0.0466,0.311,516427,0.8759999999999999,0,0.00442,4,0.134,-5.115,0,39,0.0936,124.584,0.29600000000000004,2
0.014,0.56,195213,0.762,0,0.0118,0,0.199,-10.043,1,43,0.0312,127.922,0.7759999999999999,5
0.7979999999999999,0.605,208261,0.08800000000000001,0,0.0053100000000000005,3,0.476,-25.37,1,24,0.0352,83.12299999999998,0.401,6
0.99,0.8059999999999999,193265,0.14300000000000002,0,0.579,3,0.0887,-9.354,0,0,0.478,79.775,0.7859999999999999,8
0.73,0.618,125300,0.272,1,0.0,6,0.146,-18.515,1,0,0.731,67.141,0.449,7
0.6759999999999999,0.383,211963,0.733,0,0.0,5,0.5489999999999999,-4.277,1,35,0.0343,88.43,0.8640000000000001,3
0.954,0.192,68333,0.0872,0,0.612,1,0.192,-23.14,1,5,0.0399,108.687,0.154,7
0.0142,0.528,308893,0.843,0,0.0,7,0.904,-4.776,1,41,0.377,79.613,0.86,2
0.978,0.507,236840,0.0355,0,0.099,0,0.133,-22.356,0,43,0.0382,109.996,0.244,3
0.00864,0.509,238200,0.935,0,1.17e-06,6,0.255,-3.633,1,58,0.0493,148.062,0.501,4
0.0252,0.843,155497,0.741,1,0.0,11,0.096,-5.609,1,89,0.334,168.983,0.68,0
0.00545,0.677,306360,0.769,0,0.0252,7,0.131,-10.142,1,56,0.0535,117.731,0.8909999999999999,5
0.979,0.482,264107,0.109,0,0.907,8,0.173,-21.855,1,4,0.0909,88.175,0.6859999999999999,8
0.987,0.509,292307,0.231,0,0.69,0,0.131,-13.585,0,0,0.0428,138.445,0.334,8
0.7120000000000001,0.4,155434,0.536,0,2.15e-06,7,0.237,-9.126,1,14,0.04,121.14,0.722,7
0.016,0.8240000000000001,210329,0.8540000000000001,0,4.95e-05,8,0.117,-5.312,1,79,0.177,95.114,0.8959999999999999,0
0.105,0.675,257000,0.764,0,0.136,7,0.284,-11.251,1,50,0.0366,123.676,0.909,4
0.0276,0.597,261880,0.8340000000000001,0,0.0,11,0.174,-4.307,1,47,0.0301,115.981,0.52,1
0.993,0.45,18533,0.109,0,0.031,2,0.142,-17.95,0,0,0.0502,155.754,0.926,8
0.94,0.419,251507,0.147,0,1.28e-05,8,0.11,-14.66,1,16,0.0364,71.421,0.339,7
0.994,0.422,262987,0.135,0,0.924,6,0.111,-20.834,0,2,0.0348,104.872,0.18600000000000005,8
0.718,0.634,162173,0.175,0,2.55e-05,0,0.6679999999999999,-19.401,1,38,0.128,83.336,0.405,6
0.00488,0.7859999999999999,528733,0.622,0,0.0117,10,0.509,-12.243,0,35,0.177,97.611,0.405,4
0.938,0.231,203133,0.237,0,0.0787,2,0.32,-13.992,0,6,0.0343,74.203,0.126,7
0.825,0.124,191933,0.173,0,4.91e-05,3,0.16399999999999998,-15.858,1,15,0.0298,80.76,0.209,6
0.494,0.421,164600,0.828,0,0.0,4,0.103,-5.504,1,28,0.1,120.755,0.752,6
0.252,0.623,116107,0.9,0,2.21e-05,7,0.104,-5.25,1,29,0.473,127.735,0.324,3
0.878,0.512,173173,0.528,0,0.795,0,0.102,-15.002,1,32,0.0267,109.728,0.914,5
6.21e-05,0.411,210907,0.959,0,0.00693,9,0.177,-6.114,1,43,0.165,93.103,0.409,3
0.311,0.515,165293,0.29100000000000004,0,0.0,7,0.28800000000000003,-17.016,0,36,0.0302,84.264,0.7809999999999999,6
0.8340000000000001,0.489,66133,0.624,1,0.34700000000000003,4,0.325,-1.916,0,62,0.0344,167.108,0.574,1
0.406,0.611,191987,0.555,0,0.0,0,0.07200000000000001,-11.982,1,45,0.0414,180.233,0.949,3
0.202,0.74,270333,0.605,0,0.000107,5,0.0515,-10.924,1,49,0.0539,111.78,0.779,5
0.757,0.628,318053,0.573,0,0.000155,7,0.0876,-7.894,1,32,0.0965,136.664,0.778,5
0.501,0.7340000000000001,190987,0.338,0,0.0,1,0.12,-14.312,1,0,0.0477,131.406,0.7979999999999999,7
0.211,0.635,145467,0.6779999999999999,0,0.000406,11,0.112,-6.2620000000000005,1,47,0.0384,81.40899999999998,0.7070000000000001,6
0.0224,0.612,303440,0.519,0,0.0,0,0.28,-8.72,1,25,0.0315,136.7,0.534,5
0.653,0.413,299000,0.5589999999999999,0,2.05e-05,2,0.565,-8.937999999999997,0,47,0.217,158.812,0.7,6
0.325,0.674,275373,0.774,0,1.52e-06,6,0.32299999999999995,-6.004,0,64,0.0349,129.951,0.7020000000000001,2
0.461,0.527,207093,0.807,0,2.61e-06,2,0.984,-9.329,1,27,0.0756,114.886,0.396,3
0.363,0.505,170933,0.389,0,2.27e-05,4,0.168,-10.887,1,46,0.0301,120.957,0.852,1
0.0017399999999999998,0.27,139600,0.966,0,2.59e-05,7,0.8320000000000001,-6.098,1,32,0.0879,133.197,0.387,5
0.983,0.4970000000000001,203440,0.295,0,0.000547,7,0.544,-9.967,1,0,0.0469,101.037,0.544,8
0.99,0.547,103602,0.278,0,0.0,4,0.3670000000000001,-9.988,1,0,0.0474,65.41199999999999,0.501,9
0.964,0.424,379827,0.136,0,0.24,11,0.0684,-19.69,0,39,0.0583,180.641,0.146,4
0.943,0.66,98383,0.387,0,2.35e-05,9,0.222,-8.142000000000001,1,0,0.0559,117.755,0.966,7
0.599,0.61,328467,0.333,0,0.0,2,0.527,-15.306,1,26,0.0396,84.85700000000001,0.8370000000000001,5
0.0921,0.602,414067,0.733,0,1.51e-05,1,0.132,-12.651,1,35,0.0992,217.396,0.945,4
0.0108,0.528,187372,0.861,0,0.0,2,0.268,-4.309,1,61,0.0518,95.02,0.591,1
0.00171,0.403,252954,0.698,0,0.00126,9,0.256,-5.058,0,54,0.0357,159.869,0.0833,1
0.875,0.624,199867,0.133,0,0.0,11,0.6709999999999999,-14.453,1,20,0.116,73.74,0.393,6
0.877,0.5479999999999999,164133,0.308,0,0.00273,8,0.0598,-8.523,1,6,0.0426,145.748,0.616,9
0.991,0.696,84799,0.307,0,0.132,6,0.108,-9.367,0,1,0.163,99.579,0.7170000000000001,9
0.00319,0.569,198067,0.894,1,3.45e-05,1,0.121,-5.273,1,31,0.0643,135.467,0.589,4
0.946,0.117,267293,0.0563,0,0.862,9,0.0986,-21.805,1,22,0.0376,89.412,0.0983,5
0.022,0.555,285573,0.809,0,0.219,2,0.977,-13.029000000000002,1,31,0.0374,108.347,0.6509999999999999,3
0.97,0.772,191067,0.202,0,0.00895,3,0.215,-12.21,1,23,0.0455,146.21200000000005,0.583,9
0.0964,0.6559999999999999,288480,0.662,0,0.000612,4,0.0853,-10.345999999999998,1,56,0.0493,114.612,0.7170000000000001,5
0.228,0.6579999999999999,212747,0.591,0,0.0,7,0.196,-10.42,1,43,0.0669,144.821,0.7020000000000001,2
0.975,0.594,213533,0.207,0,0.073,0,0.155,-17.0,1,19,0.0602,121.221,0.68,7
0.000136,0.6920000000000001,246320,0.833,1,1.98e-05,7,0.515,-3.974,1,70,0.0492,96.814,0.6920000000000001,3
2.23e-05,0.505,223893,0.964,0,0.0717,10,0.0381,-2.7110000000000003,0,49,0.15,164.046,0.6,2
0.0884,0.541,273987,0.6779999999999999,0,1.67e-06,0,0.0851,-8.427999999999999,1,50,0.0315,199.981,0.907,2
0.534,0.511,258969,0.472,0,0.614,4,0.11,-9.277,1,73,0.091,127.978,0.0399,1
0.994,0.612,157907,0.298,0,0.542,2,0.15,-13.036,1,0,0.132,131.093,0.767,7
0.0336,0.835,267080,0.669,0,6.92e-05,6,0.0535,-5.5820000000000025,0,77,0.0643,122.668,0.542,2
0.963,0.341,946400,0.247,0,0.763,9,0.232,-16.986,1,38,0.0457,77.208,0.0994,5
0.78,0.757,131640,0.205,0,0.0,4,0.117,-14.416,1,16,0.0411,97.732,0.8290000000000001,6
0.0836,0.696,138747,0.743,0,0.197,1,0.119,-6.6229999999999976,1,3,0.0439,137.276,0.7759999999999999,7
0.0142,0.797,250827,0.742,0,0.00015,1,0.131,-11.525,1,33,0.0522,117.932,0.97,3
0.976,0.594,169333,0.156,0,2.3e-05,10,0.366,-15.65,1,45,0.0411,91.644,0.348,3
0.956,0.335,180880,0.0897,0,0.0007070000000000001,0,0.114,-19.256,1,3,0.0359,87.024,0.308,7
0.986,0.275,121307,0.0868,0,0.0149,7,0.115,-23.684,1,10,0.0473,63.871,0.116,7
0.989,0.847,172000,0.219,0,0.193,11,0.121,-13.052,0,0,0.118,119.062,0.725,10
0.723,0.607,323036,0.82,0,0.00013700000000000002,5,0.091,-4.7010000000000005,1,51,0.0808,169.613,0.8959999999999999,4
0.99,0.251,474084,0.114,0,0.00957,4,0.126,-14.515999999999998,1,0,0.0493,74.021,0.0733,10
0.0043100000000000005,0.743,270000,0.962,0,0.645,11,0.35100000000000003,-3.205,0,63,0.0628,127.995,0.6459999999999999,1
0.0158,0.5710000000000001,530560,0.502,0,0.014,7,0.0849,-14.405,1,43,0.0303,98.058,0.316,4
0.96,0.3720000000000001,181800,0.129,0,0.0005480000000000001,3,0.389,-15.39,1,15,0.0346,75.33800000000002,0.26,7
0.932,0.581,195680,0.201,0,0.000118,0,0.598,-17.063,1,0,0.138,140.94899999999996,0.684,9
0.91,0.0773,463107,0.149,0,0.804,10,0.138,-20.406,0,14,0.0416,80.836,0.0353,7
0.8690000000000001,0.637,168600,0.852,0,0.0008359999999999999,0,0.35100000000000003,-10.752,1,43,0.036000000000000004,157.291,0.789,7
0.0297,0.682,210853,0.795,0,0.0391,8,0.131,-6.17,0,64,0.0367,120.008,0.78,1
0.295,0.66,189587,0.457,0,0.000299,0,0.0557,-9.676,1,42,0.0343,139.572,0.862,5
0.403,0.738,255173,0.451,0,6.32e-05,0,0.0917,-14.66,1,43,0.0336,121.243,0.363,3
0.933,0.405,181720,0.297,0,9.71e-05,2,0.158,-10.324000000000002,1,51,0.0347,102.692,0.398,3
0.982,0.326,384147,0.212,0,9.6e-05,2,0.0822,-14.842,1,0,0.0432,108.945,0.0874,8
0.883,0.21,269907,0.3,0,2.35e-06,9,0.362,-12.508,0,15,0.0334,90.105,0.16,7
0.988,0.21,181213,0.0163,0,0.942,10,0.0788,-30.899,1,14,0.0424,77.102,0.0561,7
0.921,0.625,239933,0.265,0,0.0022600000000000003,4,0.0933,-11.741,1,18,0.0338,99.475,0.66,6
0.0534,0.434,206413,0.764,0,0.0,5,0.4370000000000001,-3.45,1,51,0.0299,51.316,0.309,2
0.379,0.34700000000000003,236400,0.964,0,0.757,2,0.273,-8.687999999999999,1,28,0.0725,150.558,0.338,6
0.753,0.633,169240,0.368,0,7.57e-05,3,0.1,-11.086,1,42,0.0376,123.883,0.275,3
0.489,0.48,367293,0.624,0,0.000103,0,0.0694,-6.608,0,42,0.0466,193.142,0.894,5
0.0432,0.519,278227,0.328,0,0.0075299999999999985,4,0.122,-16.762,1,22,0.0524,78.434,0.433,5
0.951,0.435,164360,0.417,0,0.595,0,0.108,-9.085,1,15,0.0378,64.521,0.32299999999999995,6
0.883,0.447,202533,0.208,0,0.153,2,0.105,-18.663,1,53,0.0337,105.669,0.511,3
0.954,0.392,126160,0.00376,0,2.2e-06,11,0.162,-25.818,1,0,0.0423,111.317,0.0535,7
0.88,0.472,315667,0.393,0,0.0,5,0.0953,-13.765999999999998,1,20,0.0333,114.571,0.35600000000000004,6
0.924,0.706,167627,0.522,0,0.8690000000000001,1,0.0895,-12.559,1,0,0.163,109.795,0.7979999999999999,9
0.0407,0.7340000000000001,332400,0.815,0,2.85e-06,5,0.0555,-9.203,1,40,0.0303,128.869,0.958,4
0.227,0.573,168787,0.877,0,0.0,3,0.332,-5.85,1,38,0.264,142.322,0.84,6
0.0144,0.0974,67682,0.281,0,0.928,7,0.337,-9.137,0,31,0.0389,84.166,0.289,6
0.00198,0.713,256227,0.64,0,0.052000000000000005,5,0.156,-12.33,0,42,0.0292,118.908,0.898,4
0.17,0.601,216053,0.8370000000000001,0,0.0,0,0.271,-6.246,1,34,0.0298,118.556,0.379,4
0.99,0.711,158493,0.191,0,0.414,3,0.115,-17.104,0,0,0.218,122.746,0.836,9
0.0157,0.677,121467,0.947,0,7.35e-05,9,0.147,-3.788,1,47,0.0358,102.828,0.969,2
0.224,0.449,154293,0.675,0,0.141,5,0.0779,-7.297999999999999,0,31,0.035,116.759,0.277,3
0.976,0.376,525720,0.277,0,0.83,5,0.944,-10.989,0,6,0.0371,106.856,0.172,8
0.964,0.374,188840,0.202,0,9.88e-05,4,0.228,-15.94,1,2,0.057,107.321,0.248,8
0.794,0.425,172160,0.314,0,3.06e-06,2,0.33,-12.1,0,20,0.0361,90.718,0.436,7
0.812,0.118,593320,0.0597,0,0.43,9,0.141,-27.776,0,32,0.0401,75.41199999999998,0.0318,6
0.209,0.617,190387,0.696,0,1.27e-06,6,0.095,-9.095,1,24,0.0257,110.528,0.619,6
0.229,0.6609999999999999,155267,0.496,0,0.0,7,0.0753,-15.53,1,58,0.0357,165.549,0.948,4
0.234,0.8540000000000001,249160,0.733,0,0.0775,11,0.112,-5.919,0,26,0.17,124.368,0.962,4
0.00129,0.8759999999999999,271427,0.485,0,0.000259,11,0.516,-14.456,0,26,0.128,124.984,0.197,3
0.0011,0.735,235493,0.6940000000000001,0,0.0521,6,0.218,-13.515,0,42,0.0348,112.846,0.755,4
0.0713,0.629,240480,0.715,1,0.0,1,0.569,-7.585,1,35,0.496,178.007,0.483,3
0.465,0.6409999999999999,162147,0.379,0,0.0,10,0.112,-13.062,0,21,0.0408,101.093,0.68,6
0.986,0.404,206280,0.234,0,0.841,1,0.192,-10.869000000000002,0,0,0.0412,104.55,0.375,8
0.00344,0.7240000000000001,204707,0.8909999999999999,0,4.66e-05,11,0.3,-7.818,1,64,0.0995,103.022,0.8190000000000001,2
0.965,0.373,154733,0.312,0,0.87,10,0.13699999999999998,-16.483,1,0,0.0348,85.693,0.737,7
0.5589999999999999,0.718,148893,0.385,0,0.0,7,0.0938,-7.999,1,31,0.0596,94.147,0.64,7
0.0679,0.901,183809,0.529,1,0.0,8,0.536,-7.94,1,62,0.413,144.941,0.343,1
0.949,0.316,177693,0.0444,0,0.00149,0,0.0863,-18.259,1,22,0.0332,79.581,0.108,6
0.994,0.464,207907,0.119,0,0.865,7,0.471,-21.133000000000006,0,3,0.0328,86.954,0.389,7
0.14400000000000002,0.737,205267,0.821,0,9.11e-05,9,0.129,-2.085,1,64,0.0292,128.0,0.913,1
0.725,0.151,193907,0.134,0,0.687,7,0.521,-23.122,1,20,0.0452,90.946,0.0398,9
0.0292,0.618,210944,0.66,0,2.07e-06,11,0.325,-8.14,0,71,0.0372,105.0,0.408,1
