0.6,0.54,232867,0.32299999999999995,0,0.0003,10,0.13,-12.793,1,50,0.0355,113.117,0.369,6
0.778,0.388,166200,0.501,0,0.0,11,0.305,-11.296,0,58,0.0731,158.34799999999996,0.532,6
0.15,0.531,305267,0.588,0,0.295,9,0.081,-10.215,0,39,0.0289,110.366,0.66,5
0.982,0.532,126825,0.13699999999999998,0,0.962,9,0.112,-18.208,1,74,0.0717,118.734,0.301,1
0.882,0.677,182373,0.162,0,0.043,3,0.306,-12.974,1,15,0.0367,103.541,0.5479999999999999,7
0.00434,0.674,337227,0.609,0,0.481,7,0.649,-12.012,1,30,0.0767,114.753,0.443,3
0.011,0.531,206520,0.863,0,1.83e-06,0,0.0844,-3.822,1,53,0.0383,106.279,0.609,2
0.008190000000000001,0.6829999999999999,235000,0.585,0,0.0162,8,0.0797,-6.76,1,64,0.0323,115.997,0.6409999999999999,2
0.397,0.706,330400,0.695,0,0.0,8,0.201,-9.459,0,33,0.0576,99.3,0.8140000000000001,3
0.241,0.225,190773,0.528,0,0.654,2,0.239,-14.428,1,29,0.0358,155.628,0.627,5
0.861,0.653,200133,0.247,0,0.00129,3,0.0828,-11.407,1,40,0.0348,127.035,0.439,2
0.774,0.644,165067,0.59,0,5.78e-05,11,0.475,-12.380999999999998,0,36,0.0492,103.157,0.884,5
0.373,0.687,157693,0.416,0,0.0,0,0.0676,-11.132,1,35,0.0858,99.632,0.8809999999999999,6
0.995,0.698,166000,0.139,0,0.8909999999999999,0,0.153,-14.279000000000002,1,0,0.066,117.515,0.637,10
0.0457,0.439,328307,0.696,0,0.0474,4,0.0743,-6.9110000000000005,0,27,0.0641,100.058,0.466,5
0.941,0.485,179613,0.318,0,8.640000000000001e-05,5,0.12,-6.96,0,0,0.0558,181.751,0.8220000000000001,8
0.8029999999999999,0.396,247060,0.485,0,0.0217,1,0.133,-7.206,1,0,0.0324,126.412,0.374,8
0.995,0.518,196387,0.28800000000000003,0,0.446,4,0.112,-13.422,1,0,0.0419,147.471,0.639,7
0.00344,0.5589999999999999,275760,0.7020000000000001,0,6.890000000000001e-05,2,0.152,-11.935,1,33,0.0387,118.23,0.847,4
0.7090000000000001,0.5670000000000001,148427,0.473,0,0.0,5,0.393,-10.166,1,33,0.115,121.285,0.728,6
0.087,0.422,281267,0.7340000000000001,0,0.000237,0,0.0938,-6.222,1,38,0.0317,159.817,0.162,2
0.89,0.6709999999999999,136493,0.315,0,0.0,2,0.0684,-12.757,1,29,0.0315,81.166,0.8640000000000001,7
0.0474,0.923,187267,0.5329999999999999,1,4.12e-06,5,0.0925,-5.627000000000002,0,62,0.0883,97.958,0.6890000000000001,1
0.682,0.609,228067,0.523,0,0.943,7,0.12,-13.537,0,19,0.0312,104.643,0.944,6
0.78,0.467,241187,0.371,0,0.00703,0,0.119,-12.174,0,18,0.0475,168.765,0.657,6
0.0701,0.441,259556,0.753,0,0.0,0,0.027000000000000003,-4.074,1,60,0.044,135.015,0.254,1
0.504,0.648,20293,0.0814,0,0.0,7,0.243,-32.456,1,0,0.726,135.02700000000002,0.898,7
0.00981,0.7040000000000001,322800,0.792,1,0.0,2,0.365,-4.831,1,60,0.198,118.022,0.6459999999999999,2
0.743,0.705,152533,0.813,0,0.163,2,0.181,-7.789,1,19,0.0339,115.746,0.949,6
0.99,0.298,169560,0.16399999999999998,0,0.0,10,0.237,-18.264,1,0,0.0437,97.511,0.126,7
0.00132,0.275,191067,0.971,1,0.006690000000000001,1,0.0679,-5.586,1,27,0.0752,133.484,0.172,4
0.6859999999999999,0.319,378813,0.196,0,3.19e-06,5,0.112,-11.466,1,28,0.0333,130.55700000000002,0.0636,5
0.0681,0.54,220333,0.789,0,0.0,7,0.262,-9.473,1,36,0.0409,119.226,0.624,4
0.815,0.621,416187,0.199,0,0.6970000000000001,7,0.261,-12.996,0,14,0.0861,76.725,0.209,7
0.0582,0.653,188893,0.657,0,0.00139,4,0.349,-11.966,1,48,0.0316,117.972,0.96,4
0.0161,0.7390000000000001,238339,0.539,1,0.0,6,0.235,-9.735,1,52,0.337,85.08200000000002,0.835,1
0.994,0.446,207160,0.258,0,0.79,5,0.111,-15.658,1,0,0.0629,178.84099999999995,0.753,7
0.84,0.595,147440,0.308,0,4.08e-06,3,0.0942,-11.626,1,44,0.0333,119.755,0.624,2
0.8270000000000001,0.68,74763,0.158,0,0.0,5,0.6729999999999999,-20.111,0,1,0.875,85.088,0.595,7
0.622,0.7120000000000001,105200,0.243,1,0.0,9,0.462,-19.696,0,0,0.93,89.509,0.861,10
0.993,0.363,182093,0.16699999999999998,0,1.76e-06,3,0.307,-13.533,1,0,0.0417,111.967,0.201,10
0.715,0.392,175070,0.5,0,0.0,9,0.24,-8.304,0,16,0.0637,185.063,0.5670000000000001,7
0.938,0.528,185899,0.16,0,0.00053,5,0.19,-13.336,1,0,0.0495,117.068,0.608,9
0.995,0.517,208341,0.191,0,0.000417,7,0.13699999999999998,-9.6,1,0,0.0604,79.07600000000002,0.391,8
0.989,0.313,192867,0.0437,0,0.14800000000000002,6,0.209,-22.627,1,62,0.0315,100.827,0.0625,7
0.0415,0.4970000000000001,224373,0.932,0,1.06e-05,2,0.31,-5.396,1,35,0.103,127.982,0.502,3
0.174,0.488,385637,0.6759999999999999,0,0.0262,0,0.96,-10.61,1,30,0.0348,115.519,0.539,5
0.991,0.487,153853,0.0184,0,0.8740000000000001,2,0.107,-29.778,1,17,0.0537,107.055,0.27,7
0.645,0.711,137496,0.693,0,0.0,1,0.0808,-5.7639999999999985,0,9,0.156,143.75,0.923,7
0.52,0.636,269520,0.679,0,0.0,7,0.0601,-6.41,1,25,0.069,93.914,0.8640000000000001,5
0.484,0.555,236293,0.941,0,0.0,0,0.266,-3.294,1,56,0.0557,92.494,0.804,1
0.124,0.757,225560,0.911,0,0.0,10,0.284,-4.005,0,45,0.0881,101.817,0.728,3
0.7609999999999999,0.369,325680,0.339,0,7.92e-06,5,0.816,-12.868,1,22,0.0562,162.088,0.197,6
0.000477,0.563,308533,0.8,0,0.000523,8,0.118,-6.565,1,49,0.039,83.09,0.431,3
0.24,0.745,390013,0.7809999999999999,0,3.11e-06,5,0.1,-7.701,0,53,0.125,103.303,0.843,4
0.991,0.364,194220,0.308,0,0.221,7,0.35100000000000003,-11.328,1,0,0.0415,127.59,0.369,9
0.74,0.493,171667,0.371,0,0.00325,7,0.19,-12.299,1,38,0.0296,78.611,0.759,5
0.812,0.264,202693,0.459,0,0.794,2,0.125,-12.049,0,22,0.0379,87.595,0.5710000000000001,7
0.0005269999999999999,0.599,126440,0.722,0,0.7240000000000001,5,0.0947,-7.7,1,46,0.0274,141.77700000000004,0.977,4
0.996,0.255,308400,0.0146,0,0.913,1,0.122,-28.749,0,0,0.0415,166.733,0.0875,8
0.989,0.466,209400,0.0659,0,0.897,2,0.129,-22.646,1,25,0.035,102.43,0.117,7
0.152,0.74,210533,0.765,0,8.640000000000001e-05,10,0.262,-6.949,1,34,0.03,127.961,0.972,5
0.453,0.57,218800,0.6409999999999999,0,3.85e-05,4,0.109,-6.904,0,29,0.029,90.087,0.639,6
0.589,0.523,158000,0.362,0,0.0,5,0.174,-12.575,0,27,0.233,139.205,0.7090000000000001,7
0.613,0.664,160097,0.573,0,0.000363,5,0.0857,-6.519,1,72,0.0277,76.023,0.5660000000000001,1
0.99,0.672,399173,0.17,0,0.843,0,0.0998,-16.012,1,16,0.0506,113.226,0.774,7
0.0353,0.623,147273,0.8490000000000001,0,0.109,11,0.279,-10.03,1,46,0.0458,113.014,0.746,5
0.979,0.457,188120,0.373,0,0.0,2,0.35100000000000003,-18.515,0,0,0.0573,101.958,0.5820000000000001,9
0.28300000000000003,0.586,228366,0.575,0,0.000397,7,0.139,-10.895,1,17,0.0305,140.747,0.92,6
0.199,0.256,281160,0.6409999999999999,0,0.0329,1,0.0853,-10.283,1,62,0.0552,203.006,0.382,3
0.0299,0.251,151573,0.31,0,5.08e-06,11,0.179,-10.947,1,33,0.0306,177.705,0.153,6
0.86,0.461,132027,0.466,0,2.7600000000000014e-05,11,0.135,-9.627,1,51,0.0598,128.537,0.251,7
0.274,0.564,258787,0.7979999999999999,1,3.44e-05,7,0.129,-5.392,1,51,0.227,90.67,0.669,1
0.716,0.603,177893,0.389,0,0.0,9,0.08,-12.949000000000002,1,42,0.0717,108.018,0.6729999999999999,6
0.633,0.596,234280,0.546,0,0.00381,2,0.0707,-6.251,1,66,0.0267,131.123,0.255,4
0.00201,0.7190000000000001,242680,0.847,0,0.0204,0,0.221,-6.34,0,67,0.0916,127.963,0.444,1
0.7170000000000001,0.505,193877,0.5670000000000001,0,0.0672,9,0.172,-7.818,1,43,0.0282,58.536,0.552,1
0.0349,0.421,136960,0.598,1,4.8e-06,4,0.416,-6.0779999999999985,0,39,0.0487,157.92700000000005,0.778,5
0.996,0.449,198000,0.298,0,0.0157,3,0.364,-11.125,0,4,0.0384,109.094,0.551,9
0.00414,0.349,209933,0.755,0,1.04e-06,3,0.184,-5.89,0,45,0.0677,178.016,0.198,1
0.0307,0.716,100450,0.116,1,0.00153,0,0.237,-23.126,1,0,0.938,124.422,0.59,8
0.984,0.14400000000000002,102563,0.888,0,0.6990000000000001,10,0.106,-30.462,0,69,0.0582,139.07399999999998,0.00987,1
0.87,0.725,171547,0.16699999999999998,0,0.0,0,0.232,-14.842,1,8,0.0477,97.034,0.629,9
0.476,0.8140000000000001,185008,0.595,0,0.0,0,0.278,-7.726,1,64,0.0277,115.004,0.8,0
0.504,0.711,193387,0.609,0,0.0,10,0.139,-4.488,1,62,0.0348,138.10399999999998,0.8290000000000001,1
0.0796,0.523,308680,0.645,0,0.000206,2,0.664,-12.454,1,28,0.119,82.307,0.82,5
0.495,0.775,171806,0.573,0,0.0,11,0.126,-4.933,1,78,0.0585,101.925,0.667,1
0.0275,0.6459999999999999,203000,0.741,0,0.0,5,0.312,-4.973,0,80,0.034,123.077,0.5710000000000001,1
0.987,0.225,380333,0.156,0,0.000188,0,0.125,-22.71,1,0,0.0444,85.71,0.11,7
0.993,0.71,168400,0.0615,0,0.675,10,0.161,-15.027,1,4,0.0523,85.648,0.512,10
0.109,0.541,177987,0.83,0,0.701,9,0.16699999999999998,-6.246,1,32,0.0316,142.592,0.711,4
0.992,0.375,204200,0.172,0,0.88,6,0.22,-17.114,0,0,0.0508,93.334,0.507,8
0.311,0.461,286507,0.951,0,0.000505,5,0.946,-6.4579999999999975,0,24,0.268,90.339,0.643,5
0.0541,0.172,59827,0.0648,0,0.818,6,0.762,-29.08,1,4,0.0375,131.512,0.0387,7
0.539,0.541,220413,0.508,0,0.0,7,0.16399999999999998,-10.165,1,22,0.0382,74.482,0.631,5
0.883,0.431,177500,0.0573,0,0.609,7,0.0484,-22.465,1,58,0.0403,74.97,0.0395,1
0.272,0.5770000000000001,201587,0.667,0,0.0,8,0.698,-6.107,1,28,0.18,127.324,0.6779999999999999,6
0.7090000000000001,0.7040000000000001,107700,0.204,0,0.0,6,0.172,-17.195999999999998,1,0,0.956,82.714,0.6509999999999999,10
0.898,0.241,240493,0.202,0,0.514,7,0.298,-14.331,1,37,0.0362,67.742,0.218,3
0.642,0.546,141093,0.249,0,0.00016299999999999998,8,0.338,-11.363,1,14,0.0299,113.832,0.472,6
0.752,0.619,278213,0.37,0,0.0,2,0.198,-12.991,0,0,0.146,88.459,0.768,8
0.992,0.617,195980,0.0798,0,2.79e-05,10,0.0788,-11.380999999999998,1,0,0.403,68.626,0.569,8
0.968,0.649,179507,0.306,0,0.00496,8,0.0668,-10.477,1,14,0.0451,96.007,0.632,9
0.848,0.255,166533,0.204,0,9.71e-05,0,0.0789,-13.319,0,13,0.0341,174.93099999999995,0.333,6
0.00933,0.887,182813,0.774,0,0.0213,1,0.159,-6.108,1,55,0.0434,113.0,0.826,2
0.0133,0.593,235232,0.632,1,0.0,6,0.64,-5.381,0,61,0.541,173.36900000000003,0.0789,1
0.0723,0.65,119867,0.496,0,0.88,7,0.119,-13.869000000000002,1,52,0.115,116.868,0.615,6
0.995,0.575,209627,0.127,0,0.6729999999999999,2,0.232,-19.123,1,0,0.0678,75.498,0.482,8
0.684,0.654,223267,0.514,0,0.0,10,0.107,-12.432,1,56,0.0413,128.525,0.7120000000000001,5
1.86e-05,0.471,208960,0.954,0,4.29e-05,0,0.446,-5.881,1,44,0.131,116.95,0.449,2
0.118,0.623,187684,0.79,0,0.0,7,0.226,-5.07,1,64,0.0473,81.949,0.6940000000000001,0
0.623,0.263,273693,0.13699999999999998,0,4.33e-05,4,0.161,-16.712,1,37,0.0359,75.94,0.25,3
0.101,0.412,346155,0.741,0,0.0,2,0.525,-4.0680000000000005,1,51,0.044,113.759,0.212,1
0.255,0.476,180667,0.455,0,0.0,10,0.101,-7.845,1,51,0.0298,94.504,0.189,5
0.9,0.446,281533,0.202,0,0.0007379999999999999,7,0.115,-11.495,1,29,0.0282,91.003,0.0694,4
0.995,0.371,208571,0.512,0,0.413,1,0.338,-11.505999999999998,0,0,0.0414,137.429,0.778,8
0.343,0.6920000000000001,95500,0.174,1,0.0,0,0.524,-15.537,1,0,0.948,87.49,0.687,10
0.00271,0.316,291133,0.732,0,0.166,11,0.0749,-14.023,1,47,0.0477,146.072,0.471,3
0.0633,0.516,262173,0.755,0,0.00103,5,0.107,-3.724,1,51,0.0383,140.099,0.165,2
0.0223,0.419,272893,0.875,0,0.00114,8,0.114,-9.297,1,29,0.0426,80.657,0.81,5
0.124,0.695,260440,0.831,0,0.000295,11,0.0469,-4.384,1,29,0.0296,102.198,0.7190000000000001,3
0.955,0.516,75107,0.101,0,0.00363,0,0.0734,-19.294,0,0,0.15,105.708,0.203,8
0.695,0.509,222040,0.505,0,0.000608,8,0.36,-12.151,1,29,0.0434,115.165,0.8270000000000001,7
0.12,0.599,191600,0.72,0,0.109,4,0.67,-10.427,0,33,0.0333,130.243,0.76,4
0.994,0.513,194627,0.179,0,0.916,7,0.0972,-14.132,1,0,0.0751,70.376,0.6459999999999999,7
0.861,0.278,150200,0.141,0,0.002,10,0.382,-13.719,1,32,0.031,101.747,0.17600000000000002,3
0.995,0.894,163320,0.105,0,0.872,5,0.14400000000000002,-15.623,1,0,0.0869,119.489,0.875,10
0.91,0.569,431213,0.218,0,0.84,0,0.722,-20.563,1,38,0.0357,86.571,0.46,6
0.000105,0.503,205520,0.942,0,0.0,4,0.248,-5.025,0,52,0.094,106.039,0.4,2
0.0266,0.77,301267,0.28600000000000003,0,0.472,5,0.314,-9.584,0,42,0.0815,168.072,0.57,2
0.906,0.39,174000,0.277,0,0.000922,11,0.1,-13.61,1,52,0.0325,144.26,0.21,4
0.691,0.477,166267,0.328,0,2.58e-05,11,0.339,-16.15,1,1,0.0364,90.403,0.561,7
0.35,0.711,111200,0.159,1,1.99e-06,8,0.125,-19.713,1,0,0.913,82.13799999999998,0.5479999999999999,8
0.5429999999999999,0.645,253080,0.417,0,0.0,4,0.0982,-7.022,1,65,0.029,77.054,0.256,2
0.8079999999999999,0.496,188200,0.0735,0,0.0,2,0.077,-13.21,1,40,0.0443,111.967,0.448,3
0.736,0.5670000000000001,197303,0.21600000000000005,0,0.000194,9,0.141,-12.818,0,23,0.03,78.391,0.443,4
0.0818,0.38,238787,0.799,0,0.0,11,0.108,-4.128,1,50,0.0299,179.84799999999996,0.407,1
0.218,0.813,179427,0.5,0,0.0334,9,0.413,-12.969,1,27,0.0326,111.604,0.973,6
0.914,0.657,234600,0.116,0,0.171,7,0.0903,-17.654,1,37,0.047,120.131,0.135,4
0.503,0.853,174667,0.695,0,5.45e-05,8,0.479,-13.208,0,43,0.35,89.007,0.606,3
0.00131,0.539,172813,0.8370000000000001,1,0.0,9,0.34700000000000003,-4.178,0,58,0.039,94.918,0.455,1
0.16399999999999998,0.575,325733,0.273,0,0.0,5,0.112,-17.092,0,43,0.0357,86.07799999999996,0.362,4
0.17800000000000002,0.726,95000,0.32,1,0.0,2,0.653,-19.777,1,0,0.882,68.921,0.157,7
0.986,0.561,219243,0.145,0,0.363,0,0.271,-10.163,1,0,0.0375,116.658,0.319,8
0.408,0.187,247333,0.0602,0,0.922,9,0.122,-25.767,0,61,0.0464,68.751,0.0362,3
0.721,0.66,156611,0.4370000000000001,0,1.1e-05,0,0.248,-11.813,1,18,0.0387,110.049,0.7709999999999999,6
0.757,0.579,134360,0.187,0,0.0,10,0.206,-18.033,1,9,0.443,64.482,0.665,7
0.494,0.626,79520,0.29100000000000004,0,3.77e-06,3,0.331,-14.409,0,15,0.954,170.743,0.354,8
0.059,0.821,202040,0.8270000000000001,1,0.0,0,0.305,-5.0310000000000015,1,57,0.189,136.062,0.596,1
0.0714,0.619,188253,0.746,0,0.0,3,0.213,-7.009,1,38,0.0667,157.921,0.903,6
0.636,0.2,23560,0.999,0,0.743,7,0.95,-23.878,1,0,0.202,76.544,1e-05,9
0.508,0.68,281947,0.4970000000000001,0,0.142,5,0.0924,-11.688,1,38,0.0314,96.321,0.58,4
0.0169,0.773,183173,0.61,1,9.27e-06,2,0.118,-8.004,1,71,0.123,116.052,0.191,0
0.15,0.257,539787,0.6829999999999999,0,0.0111,2,0.116,-6.67,1,37,0.0495,154.106,0.177,3
0.955,0.5870000000000001,171373,0.0324,0,1.2e-06,0,0.16399999999999998,-18.012999999999995,1,4,0.0526,74.875,0.285,7
0.964,0.485,178077,0.193,0,1.4300000000000005e-05,5,0.154,-10.159,1,0,0.0957,68.53399999999999,0.6809999999999999,9
0.329,0.755,180987,0.619,0,0.0,9,0.0408,-7.36,0,62,0.0406,96.456,0.799,2
0.0343,0.534,249520,0.721,0,6.24e-06,11,0.115,-7.307,0,71,0.0417,128.97799999999998,0.225,1
0.8240000000000001,0.6509999999999999,158667,0.222,0,0.0,11,0.122,-14.925999999999998,1,13,0.0329,127.039,0.5920000000000001,7
0.0339,0.505,286333,0.821,0,0.0,7,0.213,-7.559,1,44,0.0375,122.429,0.8420000000000001,3
0.0774,0.51,214267,0.308,0,0.000412,4,0.0686,-14.152,1,27,0.027000000000000003,91.106,0.835,5
0.00442,0.28,224507,0.947,0,0.000659,6,0.187,-3.4610000000000003,1,53,0.142,90.149,0.401,2
0.97,0.418,228173,0.118,0,0.0583,3,0.24,-15.309,1,0,0.0326,158.113,0.59,9
0.0042,0.408,209360,0.893,0,8.609999999999999e-05,2,0.377,-4.947,1,30,0.0334,106.7,0.32,5
0.528,0.573,190917,0.392,0,3.97e-06,3,0.0957,-11.156,0,15,0.0297,118.024,0.408,6
0.0284,0.588,268440,0.667,0,0.0,10,0.138,-9.875,0,23,0.0358,103.313,0.93,5
0.974,0.516,202733,0.422,0,3.09e-06,0,0.29100000000000004,-4.312,1,2,0.0688,94.828,0.757,9
0.0717,0.7809999999999999,133747,0.493,1,0.586,1,0.123,-7.649,1,66,0.0522,106.011,0.0383,1
0.073,0.7490000000000001,340493,0.695,0,1.44e-06,6,0.339,-11.977,1,36,0.067,119.608,0.764,4
0.733,0.441,157533,0.339,0,8.56e-05,9,0.129,-7.146,1,35,0.029,100.148,0.715,6
0.946,0.769,168040,0.23,0,1.6e-05,9,0.131,-15.545,1,4,0.139,124.45,0.926,7
0.156,0.463,145093,0.561,0,0.0,7,0.14800000000000002,-12.725,1,23,0.0347,142.711,0.569,6
0.0931,0.62,234213,0.69,1,0.0,7,0.131,-6.507999999999999,1,70,0.0493,133.935,0.331,1
4.51e-05,0.649,182200,0.923,0,0.623,1,0.369,-4.537,1,41,0.0348,108.217,0.517,2
0.994,0.418,153920,0.0459,0,0.929,1,0.225,-26.404,1,0,0.0401,129.953,0.0956,8
0.199,0.72,242707,0.88,0,0.0246,5,0.0865,-8.988,1,60,0.0406,118.623,0.961,4
0.257,0.5429999999999999,263280,0.523,0,2.16e-06,6,0.177,-10.172,0,27,0.0388,83.85700000000001,0.741,5
0.718,0.596,173267,0.215,0,0.0,2,0.121,-19.223,1,22,0.032,149.513,0.632,4
0.34,0.515,313507,0.46,0,3.66e-05,4,0.638,-9.295,1,38,0.0466,77.913,0.36,2
0.327,0.29600000000000004,287667,0.551,0,0.593,2,0.0668,-12.824000000000002,1,47,0.0392,124.463,0.236,3
0.0326,0.317,539707,0.535,0,0.0,0,0.219,-10.412,1,35,0.0536,90.701,0.201,4
0.101,0.637,218827,0.478,0,0.0,11,0.103,-5.783,0,67,0.03,99.989,0.201,1
0.0142,0.35700000000000004,259173,0.976,0,2.29e-05,4,0.273,-5.162000000000001,1,34,0.133,152.894,0.199,4
0.8590000000000001,0.568,301999,0.301,0,0.889,7,0.718,-24.507,1,16,0.0533,118.904,0.858,6
1.83e-05,0.399,231480,0.953,0,2.53e-05,4,0.149,-4.276,1,68,0.0752,174.21599999999995,0.555,3
0.00054,0.354,124507,0.987,0,9.22e-05,11,0.363,-10.938,0,30,0.0632,117.112,0.223,4
0.6990000000000001,0.421,166093,0.445,0,0.0265,3,0.0786,-8.9,1,3,0.034,150.537,0.6679999999999999,7
0.0551,0.688,152707,0.6759999999999999,0,0.00519,4,0.0552,-7.452000000000001,1,40,0.0395,121.849,0.804,5
0.000193,0.464,118973,0.963,0,3.3799999999999995e-05,0,0.181,-7.434,1,36,0.051,116.319,0.691,3
0.902,0.279,248027,0.209,0,0.0,0,0.0955,-11.986,1,21,0.0306,133.45600000000002,0.124,7
0.98,0.16,235933,0.17,0,0.00098,10,0.11,-18.059,1,0,0.046,168.449,0.0389,8
0.0374,0.362,407293,0.887,0,0.0033200000000000005,9,0.4320000000000001,-9.936,1,29,0.456,156.428,0.426,5
0.189,0.757,219693,0.416,0,5.81e-06,9,0.084,-10.744000000000002,0,49,0.106,165.61900000000003,0.8859999999999999,3
0.61,0.59,165000,0.721,0,0.000572,2,0.225,-6.252999999999999,1,11,0.0395,105.757,0.904,6
0.0119,0.743,149094,0.225,0,0.862,10,0.116,-18.266,0,31,0.0722,76.209,0.428,5
0.0973,0.687,216667,0.6459999999999999,0,0.000593,4,0.161,-3.841,1,60,0.039,139.97799999999998,0.32299999999999995,2
0.736,0.41,292067,0.257,0,0.281,0,0.106,-17.621,1,47,0.0363,91.516,0.209,6
0.888,0.263,326333,0.241,0,0.8059999999999999,5,0.206,-18.595,0,16,0.0317,181.38,0.474,6
0.65,0.498,177667,0.728,0,0.000172,7,0.114,-7.387,1,32,0.0373,174.33,0.609,5
0.993,0.674,78669,0.115,0,0.363,3,0.108,-16.381,1,11,0.267,114.526,0.504,9
0.67,0.873,210013,0.505,0,0.269,4,0.136,-11.147,0,63,0.0308,110.007,0.69,1
0.994,0.446,202000,0.32,0,0.8240000000000001,6,0.141,-11.285,1,0,0.051,114.359,0.857,8
0.00393,0.353,355653,0.742,0,0.0,6,0.0846,-7.3889999999999985,0,53,0.0393,79.033,0.166,1
0.79,0.579,260133,0.3,0,9.14e-06,4,0.188,-13.39,1,51,0.0292,133.429,0.594,2
0.995,0.297,149627,0.0161,0,0.8109999999999999,7,0.118,-31.441,1,18,0.0427,75.975,0.131,6
0.995,0.487,337013,0.0075200000000000015,0,0.935,5,0.0876,-30.993,0,29,0.0644,139.372,0.135,4
0.875,0.509,142040,0.271,0,0.965,2,0.158,-17.435,0,5,0.0333,104.158,0.6609999999999999,8
0.52,0.813,303173,0.741,0,0.00177,7,0.246,-5.7010000000000005,1,50,0.0504,94.918,0.949,4
0.00701,0.402,238573,0.956,0,0.000277,9,0.14400000000000002,-3.672,0,49,0.309,134.85,0.125,2
0.0442,0.677,308067,0.649,0,0.0695,10,0.104,-5.9060000000000015,1,49,0.0311,82.016,0.787,1
4.67e-05,0.527,214827,0.853,0,0.5660000000000001,11,0.279,-7.329,1,37,0.0341,136.305,0.7490000000000001,5
0.992,0.491,215589,0.124,0,0.00128,7,0.236,-14.531,1,0,0.0492,120.977,0.5539999999999999,9
0.0251,0.517,93920,0.578,0,0.0,9,0.435,-6.291,0,21,0.0314,85.11200000000002,0.914,6
0.00788,0.627,242760,0.841,0,1.47e-06,1,0.0552,-5.885,0,44,0.0316,105.995,0.73,2
0.848,0.282,175453,0.203,0,0.7759999999999999,0,0.203,-20.932,1,21,0.0368,206.948,0.735,6
0.884,0.365,228827,0.14800000000000002,0,1.5399999999999998e-05,0,0.122,-17.317999999999998,1,27,0.0364,135.009,0.215,4
0.777,0.6779999999999999,209347,0.611,0,0.0,6,0.175,-8.306000000000001,1,58,0.0506,98.949,0.821,5
0.0513,0.5589999999999999,247907,0.8740000000000001,0,0.5539999999999999,7,0.379,-2.902,1,46,0.0341,118.436,0.708,2
0.449,0.376,298840,0.8270000000000001,0,0.00788,11,0.466,-7.604,1,24,0.399,170.475,0.647,5
0.7959999999999999,0.438,130467,0.237,0,0.0,9,0.0993,-13.419,1,14,0.0633,96.064,0.387,6
0.000908,0.605,252600,0.8109999999999999,0,0.0325,6,0.08900000000000001,-12.608,0,29,0.0321,144.526,0.779,4
0.256,0.653,255827,0.542,0,0.74,2,0.27,-9.541,1,32,0.0477,79.732,0.653,4
0.0226,0.418,287293,0.933,0,0.000205,1,0.162,-7.006,1,31,0.086,148.599,0.362,4
0.843,0.275,227893,0.338,0,9.85e-05,3,0.196,-10.199,1,43,0.0309,82.37700000000002,0.514,7
0.4,0.73,219400,0.564,0,9.55e-06,0,0.194,-5.372000000000001,1,34,0.0231,94.86,0.6940000000000001,4
0.179,0.6679999999999999,259267,0.949,1,0.0,6,0.643,-4.774,0,35,0.433,168.628,0.753,3
0.266,0.685,266920,0.773,0,0.0393,0,0.0782,-7.202000000000001,1,52,0.0841,126.017,0.711,2
0.987,0.647,41600,0.0185,0,0.574,5,0.102,-29.831,1,0,0.0841,98.446,0.425,8
0.593,0.608,290707,0.453,0,0.000166,2,0.0595,-14.952,1,37,0.0336,106.78,0.7170000000000001,3
0.39,0.623,160093,0.504,0,0.0,9,0.0671,-12.638,1,39,0.0536,175.935,0.966,4
0.653,0.422,300693,0.149,0,0.00343,0,0.104,-16.204,1,43,0.0286,141.915,0.107,5
0.843,0.6609999999999999,186907,0.341,0,1.33e-05,8,0.109,-11.175,1,50,0.0284,77.066,0.4970000000000001,5
0.0599,0.8420000000000001,285720,0.47,0,0.0568,11,0.08800000000000001,-5.627000000000002,1,48,0.146,88.007,0.504,2
0.0354,0.528,125067,0.927,0,0.0854,2,0.0738,-4.593,1,40,0.0579,94.437,0.909,4
0.264,0.627,122333,0.488,0,0.26,11,0.0867,-15.264,0,10,0.0545,116.007,0.608,7
0.335,0.7809999999999999,252707,0.428,0,0.0742,2,0.0796,-14.955,1,28,0.0324,88.26299999999998,0.936,5
0.985,0.746,166507,0.332,0,0.00557,10,0.53,-10.078,0,0,0.187,117.664,0.828,9
0.7070000000000001,0.6629999999999999,414380,0.397,0,1.27e-06,7,0.0453,-15.567,0,34,0.0596,94.673,0.392,4
0.0627,0.637,162300,0.109,1,0.0,11,0.5670000000000001,-18.165,0,0,0.952,167.08900000000003,0.723,8
0.0696,0.915,352432,0.518,1,0.0,1,0.183,-13.501,1,31,0.32,97.047,0.574,3
0.252,0.575,230093,0.7859999999999999,0,0.0,9,0.159,-4.353,1,73,0.0296,96.102,0.518,2
0.764,0.5660000000000001,192827,0.621,0,0.911,2,0.16399999999999998,-5.212999999999999,1,0,0.0412,127.563,0.6759999999999999,8
0.16399999999999998,0.494,219799,0.893,0,2.35e-06,9,0.636,-4.288,1,47,0.0475,125.413,0.526,3
0.7140000000000001,0.446,233893,0.487,0,0.0,2,0.315,-8.672,1,21,0.21600000000000005,82.3,0.728,5
0.6629999999999999,0.7020000000000001,316566,0.177,0,0.0,11,0.121,-20.754,0,0,0.956,134.874,0.528,9
0.981,0.359,174947,0.271,0,0.000946,3,0.329,-11.079,1,4,0.0421,78.658,0.297,7
0.00745,0.468,333773,0.993,0,0.000117,4,0.337,-4.3889999999999985,0,40,0.11,148.20600000000005,0.16899999999999998,2
0.023,0.526,184173,0.85,0,0.0,10,0.0948,-4.47,0,61,0.0313,141.97299999999996,0.338,1
0.991,0.447,197627,0.3670000000000001,0,0.705,11,0.0931,-9.607,0,0,0.0457,113.622,0.88,9
0.161,0.436,262893,0.799,1,0.0,7,0.117,-4.129,1,44,0.248,167.295,0.5870000000000001,2
0.992,0.421,160587,0.341,0,0.804,10,0.102,-9.556,0,0,0.0658,61.32100000000001,0.521,8
0.918,0.156,212453,0.386,0,6.04e-06,5,0.31,-15.272,1,33,0.0995,78.42399999999998,0.149,6
0.024,0.382,326173,0.547,0,0.409,5,0.179,-9.312,1,33,0.0315,81.35300000000002,0.4370000000000001,6
0.0153,0.545,188400,0.835,0,0.0,2,0.399,-9.641,1,25,0.08,142.00799999999995,0.24,4
0.926,0.622,190760,0.26,0,0.0589,5,0.133,-12.927,1,32,0.0652,121.816,0.77,7
0.986,0.276,228320,0.119,0,0.0446,11,0.0906,-23.722,0,20,0.0371,70.992,0.145,6
0.0817,0.674,263453,0.588,1,0.0,7,0.14800000000000002,-6.428,1,46,0.303,82.025,0.219,2
0.194,0.198,171000,0.463,0,0.0319,5,0.238,-10.473,0,33,0.0362,75.233,0.424,6
0.00434,0.278,172720,0.933,0,3.72e-05,1,0.236,-5.737,0,38,0.229,63.435,0.33,5
0.965,0.5920000000000001,103954,0.334,0,0.105,7,0.526,-12.869000000000002,0,0,0.0403,99.324,0.914,7
0.16399999999999998,0.528,283827,0.575,0,0.0,0,0.0328,-11.255,1,26,0.0288,170.213,0.5870000000000001,4
0.951,0.565,277400,0.483,0,0.949,4,0.0988,-14.842,0,0,0.0842,127.59,0.149,8
0.0285,0.7979999999999999,282160,0.735,1,0.0,1,0.0903,-6.2879999999999985,1,42,0.264,82.14,0.463,3
0.39,0.67,191227,0.55,0,1.12e-06,5,0.0833,-10.576,1,34,0.0599,78.42399999999998,0.863,5
0.515,0.736,221933,0.74,0,0.0,0,0.0468,-2.18,1,76,0.0786,140.141,0.8029999999999999,2
0.952,0.101,211493,0.103,0,0.889,10,0.142,-18.473,0,15,0.0436,67.305,0.0393,7
0.242,0.394,208707,0.415,0,0.909,3,0.134,-8.461,1,58,0.0338,126.877,0.14300000000000002,2
0.0277,0.39,280173,0.898,0,0.0008619999999999999,2,0.0905,-4.006,1,46,0.133,119.714,0.18600000000000005,5
0.0467,0.317,378227,0.431,0,0.0457,2,0.239,-14.338,1,50,0.0415,132.65200000000002,0.133,5
0.972,0.664,177627,0.5429999999999999,0,0.0,1,0.32,-4.933,0,3,0.0374,110.225,0.473,10
0.333,0.6829999999999999,257360,0.284,0,0.0,0,0.0608,-15.207,0,48,0.0314,120.233,0.207,1
0.853,0.652,264731,0.5670000000000001,0,1.02e-05,4,0.212,-8.122,1,12,0.0568,125.675,0.8959999999999999,7
0.0438,0.743,196360,0.765,1,0.0416,5,0.667,-3.5860000000000003,0,68,0.0389,114.991,0.338,1
0.625,0.463,267400,0.338,0,1.09e-05,2,0.0943,-13.117,1,23,0.0329,148.451,0.269,4
0.14300000000000002,0.546,387640,0.563,0,0.0598,10,0.0885,-12.636,1,36,0.04,123.599,0.518,5
0.0916,0.706,99300,0.247,1,2.56e-06,0,0.129,-19.543,1,0,0.833,103.923,0.54,8
0.996,0.418,93507,0.00869,0,0.962,7,0.105,-37.257,1,53,0.0455,87.273,0.42,3
0.0004480000000000001,0.339,210747,0.893,0,0.0,2,0.121,-4.628,1,49,0.0786,92.091,0.251,2
0.985,0.493,215173,0.196,0,0.00154,7,0.0621,-13.968,1,33,0.0475,52.285,0.174,5
0.248,0.733,261240,0.6859999999999999,0,0.0,6,0.311,-8.32,0,32,0.0557,133.94299999999998,0.693,3
0.048,0.541,154000,0.887,0,6.01e-05,11,0.086,-2.954,1,36,0.0715,92.338,0.951,6
0.614,0.6970000000000001,273973,0.402,0,3.35e-06,3,0.0757,-10.358,0,49,0.0476,125.822,0.556,3
0.524,0.5589999999999999,162693,0.377,0,0.0,7,0.0717,-14.491,1,47,0.0515,83.13799999999998,0.7140000000000001,6
0.459,0.7240000000000001,133600,0.486,0,0.0,9,0.098,-10.419,1,24,0.0388,123.804,0.961,6
0.0571,0.525,227847,0.85,0,0.0,9,0.0555,-5.4689999999999985,0,66,0.0678,134.115,0.275,1
0.942,0.149,173293,0.151,0,0.988,6,0.0846,-17.53,1,45,0.0379,90.979,0.0311,2
0.0415,0.315,216160,0.568,0,0.0149,2,0.401,-11.479,1,25,0.13,171.078,0.495,6
0.0228,0.775,200680,0.6759999999999999,0,0.0,5,0.0631,-10.582,0,43,0.042,129.94799999999998,0.6459999999999999,3
0.626,0.42,182493,0.273,0,0.0143,5,0.0946,-10.484000000000002,1,11,0.0319,117.879,0.386,7
0.723,0.546,258493,0.251,0,0.0,8,0.0943,-14.753,1,48,0.0295,168.554,0.271,3
0.0301,0.607,365293,0.85,0,0.000299,11,0.258,-6.069,0,46,0.0511,113.414,0.815,3
0.932,0.67,144067,0.16699999999999998,0,0.000664,5,0.298,-16.249000000000002,1,54,0.128,77.925,0.631,6
0.0637,0.31,268627,0.735,0,2.87e-06,3,0.132,-3.418,1,57,0.0425,174.024,0.512,2
0.0183,0.476,224133,0.866,0,1.84e-05,4,0.0801,-8.075,0,24,0.118,76.441,0.873,4
0.526,0.585,289427,0.316,0,0.0,4,0.233,-14.167,1,47,0.0359,136.793,0.215,4
0.759,0.255,144027,0.281,0,0.201,9,0.224,-12.387,0,12,0.0305,101.406,0.15,6
0.6609999999999999,0.5920000000000001,110886,0.457,1,0.000331,9,0.146,-6.081,0,82,0.0603,146.04,0.225,1
0.647,0.535,217173,0.738,0,1.51e-06,2,0.631,-6.907,1,32,0.0446,121.065,0.802,5
0.4920000000000001,0.621,140907,0.6659999999999999,0,0.000234,5,0.248,-8.559,1,6,0.0306,131.78,0.962,7
0.926,0.16,241907,0.124,0,0.0085,5,0.0906,-18.282,1,0,0.0428,85.027,0.298,8
0.959,0.6409999999999999,484200,0.22,0,0.629,2,0.883,-17.480999999999998,1,11,0.0654,75.611,0.4,7
0.278,0.589,151333,0.6579999999999999,0,0.0,8,0.454,-8.456,0,28,0.0308,134.004,0.89,6
0.944,0.147,209173,0.376,0,0.855,3,0.11,-10.679,1,3,0.0372,71.336,0.0389,7
0.306,0.5529999999999999,188187,0.314,0,0.0005780000000000001,4,0.104,-9.217,1,59,0.0396,91.7,0.585,1
0.986,0.279,151333,0.0919,0,0.004379999999999999,7,0.105,-18.813,1,1,0.0359,71.952,0.253,8
0.964,0.35100000000000003,247040,0.527,0,1.6800000000000002e-05,10,0.491,-5.938,0,0,0.0531,78.932,0.598,7
0.085,0.26,149813,0.879,0,0.132,0,0.14400000000000002,-3.85,1,47,0.0524,115.024,0.611,1
0.457,0.835,208560,0.871,0,0.00852,0,0.0557,-13.353,1,40,0.0359,140.386,0.963,4
0.995,0.51,120842,0.254,0,0.226,4,0.172,-14.895,1,1,0.0358,110.86,0.8440000000000001,9
0.934,0.611,168107,0.0743,0,1.09e-06,9,0.0756,-15.375,0,28,0.0766,76.48,0.35700000000000004,7
0.895,0.5489999999999999,160333,0.282,0,1.52e-06,0,0.271,-11.395,0,11,0.0276,74.975,0.4370000000000001,7
0.0225,0.915,222685,0.306,1,4.52e-05,1,0.0784,-17.783,1,63,0.393,149.004,0.609,0
0.949,0.516,140893,0.43,0,0.189,0,0.381,-9.248,0,0,0.109,126.953,0.821,8
0.979,0.375,297947,0.625,0,0.889,1,0.401,-12.181,0,1,0.7070000000000001,198.335,0.489,7
0.219,0.635,293674,0.248,1,0.0,1,0.171,-20.9,1,0,0.909,81.071,0.607,10
0.0608,0.5429999999999999,256333,0.518,0,0.0796,5,0.257,-13.805,1,36,0.0331,108.396,0.394,5
0.182,0.56,195000,0.927,0,0.0,6,0.316,-5.682,0,30,0.0715,116.236,0.868,4
0.197,0.542,186867,0.5589999999999999,0,0.0,1,0.0989,-5.313,1,61,0.0258,129.898,0.295,2
0.8079999999999999,0.423,220733,0.14400000000000002,0,0.34,4,0.152,-21.201,0,27,0.0369,110.34,0.502,6
0.103,0.384,259533,0.5329999999999999,0,6.26e-06,2,0.168,-14.077,1,35,0.0456,154.299,0.5660000000000001,5
0.0027600000000000003,0.91,291213,0.6609999999999999,1,0.0,7,0.35,-2.814,1,53,0.0694,112.251,0.643,2
0.174,0.765,195491,0.713,1,0.00734,0,0.207,-4.9689999999999985,1,61,0.0378,128.007,0.177,1
0.0959,0.721,236587,0.513,1,0.0,7,0.341,-7.8820000000000014,0,58,0.121,124.02,0.31,1
0.14800000000000002,0.6629999999999999,313841,0.7090000000000001,0,0.000166,9,0.293,-11.922,0,0,0.0281,130.002,0.335,8
0.212,0.29,151040,0.305,0,0.000227,3,0.14,-12.456,1,21,0.0307,144.621,0.412,7
0.231,0.65,255400,0.449,0,0.0,0,0.0963,-8.412,1,47,0.0401,84.814,0.8340000000000001,4
0.00824,0.417,321160,0.913,0,0.0,7,0.28600000000000003,-4.825,1,40,0.0613,137.47799999999998,0.687,2
0.0601,0.314,240053,0.408,0,0.00421,5,0.149,-8.717,0,49,0.0283,138.917,0.239,1
0.00367,0.647,186467,0.759,0,1.13e-05,6,0.0704,-5.468,0,53,0.12,89.944,0.424,1
0.996,0.7509999999999999,163107,0.133,0,0.139,1,0.128,-16.975,0,2,0.0899,147.306,0.765,10
0.7809999999999999,0.331,213013,0.711,0,0.913,10,0.3,-4.01,1,0,0.0541,111.705,0.65,7
0.00456,0.848,230253,0.746,1,0.0,2,0.3,-4.424,1,41,0.233,118.141,0.626,2
0.00599,0.883,256373,0.6409999999999999,1,0.0,1,0.115,-5.619,1,45,0.197,76.995,0.256,2
0.0873,0.8,233960,0.532,0,0.0,11,0.17,-9.937,0,51,0.136,140.156,0.863,3
0.327,0.5660000000000001,285345,0.459,0,0.000253,1,0.202,-9.488,1,62,0.0289,116.916,0.151,2
0.406,0.5760000000000001,172507,0.513,0,0.0,7,0.574,-8.583,1,36,0.0291,129.81,0.585,6
0.899,0.43,148933,0.181,0,1.06e-05,4,0.0988,-12.48,1,23,0.0272,88.37,0.324,6
0.6759999999999999,0.434,207427,0.325,0,0.0,0,0.149,-9.906,1,60,0.0387,147.99,0.413,3
0.000248,0.701,156333,0.223,0,0.913,9,0.25,-13.220999999999998,1,26,0.0357,107.632,0.0759,4
0.0646,0.284,255267,0.971,0,0.0236,6,0.269,-8.261000000000001,1,37,0.0862,187.46400000000003,0.18,3
0.959,0.203,326867,0.0163,0,0.94,5,0.12,-33.331,0,33,0.0474,122.409,0.0394,4
0.7829999999999999,0.596,115307,0.565,0,0.481,8,0.265,-14.88,1,0,0.0561,118.245,0.665,7
0.0646,0.813,131773,0.762,0,2.75e-05,6,0.136,-8.167,1,40,0.0409,109.737,0.82,2
0.00131,0.303,228373,0.8270000000000001,0,0.252,7,0.091,-6.857,0,34,0.0697,126.639,0.358,6
0.985,0.8109999999999999,93707,0.103,0,0.0,7,0.229,-17.354,0,0,0.337,114.892,0.901,7
0.517,0.539,162187,0.503,0,0.000389,9,0.125,-9.407,1,23,0.0319,139.514,0.608,6
0.994,0.6,151467,0.243,0,0.992,4,0.15,-15.922,0,0,0.055,125.772,0.614,10
0.92,0.541,159067,0.33,0,0.935,7,0.145,-11.527,0,10,0.0524,173.75799999999995,0.782,7
0.565,0.39,179267,0.4320000000000001,0,0.0,10,0.0742,-7.897,0,47,0.0675,192.448,0.589,2
0.168,0.607,228427,0.6659999999999999,0,0.0,2,0.201,-4.187,0,65,0.0407,139.542,0.79,2
0.969,0.229,143227,0.0241,0,0.0623,7,0.227,-32.644,1,3,0.0493,104.508,0.243,7
0.985,0.339,181766,0.236,0,0.000503,5,0.112,-12.140999999999998,0,0,0.0508,61.538,0.156,8
0.465,0.34600000000000003,329467,0.373,0,0.0,2,0.171,-11.845999999999998,1,28,0.0319,176.97400000000005,0.452,4
0.159,0.607,317027,0.428,0,4.25e-05,0,0.101,-7.827000000000001,1,48,0.189,77.146,0.504,3
0.8759999999999999,0.6679999999999999,142093,0.205,0,0.0,7,0.195,-13.513,1,7,0.091,132.375,0.6559999999999999,7
0.991,0.672,188487,0.345,0,0.718,8,0.126,-8.32,1,0,0.0467,127.818,0.962,8
0.0971,0.298,342813,0.416,0,4.89e-06,7,0.0709,-8.355,1,47,0.0345,141.733,0.0494,3
0.0114,0.8320000000000001,146808,0.501,1,1.02e-05,11,0.0904,-8.885,1,61,0.456,157.01,0.151,1
0.0952,0.6679999999999999,200093,0.57,0,0.0469,11,0.0826,-16.897000000000002,0,43,0.0696,100.342,0.675,6
0.643,0.496,216360,0.618,0,0.0,2,0.14300000000000002,-5.214,0,34,0.0375,111.267,0.91,6
0.949,0.272,141960,0.132,0,4.51e-05,7,0.117,-16.64,1,0,0.0493,92.519,0.0781,8
0.88,0.584,165669,0.397,0,1.47e-06,10,0.108,-10.913,0,0,0.0413,127.484,0.525,8
0.994,0.479,177467,0.58,0,0.9,6,0.413,-13.865,0,1,0.0526,93.852,0.7759999999999999,8
0.0182,0.606,207617,0.613,0,0.0,4,0.125,-6.757999999999999,1,78,0.0306,123.943,0.258,0
0.855,0.478,250960,0.3,0,0.8420000000000001,5,0.131,-15.109000000000002,0,0,0.0658,151.657,0.517,7
0.461,0.505,170213,0.465,0,0.0,0,0.16899999999999998,-6.599,1,50,0.0566,141.884,0.555,2
0.7979999999999999,0.764,192907,0.234,0,0.0,4,0.109,-10.235,0,0,0.0428,120.368,0.8340000000000001,9
0.988,0.227,219387,0.102,0,0.194,3,0.161,-15.574000000000002,1,0,0.0363,96.38,0.104,8
0.71,0.845,145933,0.455,0,0.42,5,0.055,-13.668,0,2,0.0488,87.00200000000002,0.8959999999999999,10
0.768,0.282,221000,0.0502,0,0.926,10,0.159,-26.702,1,12,0.0294,83.085,0.18600000000000005,7
0.952,0.416,183707,0.325,0,7.390000000000001e-05,10,0.13,-10.717,0,0,0.0405,119.084,0.565,9
0.000128,0.603,407520,0.913,0,0.139,7,0.0341,-5.9689999999999985,1,0,0.0382,128.0,0.488,0
0.127,0.674,300200,0.785,0,7.900000000000001e-05,11,0.0764,-6.126,0,57,0.0535,105.543,0.853,2
0.008190000000000001,0.426,211800,0.588,0,0.000315,1,0.0995,-8.753,1,37,0.0606,106.026,0.7240000000000001,5
0.00181,0.84,155913,0.6920000000000001,1,0.0,8,0.344,-5.399,1,75,0.0356,100.046,0.145,0
0.0219,0.674,253533,0.672,0,0.000326,5,0.0586,-13.033,1,52,0.032,113.066,0.812,3
0.525,0.373,181347,0.388,0,0.0,9,0.267,-9.31,1,59,0.0337,77.643,0.687,6
0.59,0.177,315653,0.366,0,0.00101,4,0.115,-8.975,0,41,0.0342,140.366,0.0386,4
0.926,0.4970000000000001,200891,0.36,0,0.0173,9,0.7140000000000001,-10.19,1,0,0.0609,87.13799999999998,0.845,8
0.968,0.287,233827,0.35600000000000004,0,0.118,0,0.733,-12.675999999999998,0,0,0.0369,84.906,0.309,9
0.5710000000000001,0.8420000000000001,224640,0.521,0,0.000378,0,0.0908,-10.172,1,40,0.0934,143.82399999999996,0.905,5
0.0783,0.485,353933,0.8140000000000001,0,0.0128,0,0.273,-4.894,0,56,0.0356,123.997,0.6579999999999999,1
0.927,0.6709999999999999,189053,0.64,0,0.0121,11,0.0969,-5.565,0,0,0.044,119.783,0.7859999999999999,7
0.162,0.653,280813,0.82,0,1.31e-06,9,0.199,-4.276,1,37,0.0375,104.617,0.503,3
0.258,0.634,392747,0.764,0,0.000553,7,0.0969,-11.299,1,44,0.0683,155.226,0.7170000000000001,3
0.991,0.157,266067,0.0579,0,0.851,11,0.236,-25.678,1,0,0.0421,66.625,0.114,8
0.326,0.562,176540,0.604,1,0.0,9,0.416,-7.497999999999997,0,64,0.197,83.355,0.562,0
0.248,0.447,891373,0.672,0,0.000712,0,0.349,-9.563,1,23,0.0312,119.188,0.564,5
0.506,0.307,191080,0.809,0,0.105,2,0.944,-10.318,1,30,0.132,162.153,0.6409999999999999,5
0.746,0.748,237507,0.28800000000000003,0,0.17600000000000002,0,0.156,-16.14,1,21,0.0283,95.667,0.855,4
0.979,0.334,251373,0.138,0,0.743,0,0.0861,-18.277,1,0,0.0426,93.009,0.451,9
0.778,0.711,148440,0.213,0,0.868,6,0.0858,-16.358,1,20,0.0489,115.77,0.674,6
0.969,0.32,191379,0.13699999999999998,0,0.8290000000000001,3,0.0977,-14.418,1,0,0.0491,166.342,0.387,9
0.711,0.287,186573,0.337,0,0.887,2,0.196,-10.518,1,0,0.0481,86.155,0.375,8
0.52,0.596,214507,0.39,0,6.19e-06,8,0.117,-10.88,1,40,0.0237,83.323,0.217,4
0.743,0.716,268344,0.21600000000000005,0,1.8e-05,2,0.393,-21.318,1,0,0.935,126.073,0.513,9
0.828,0.17,199960,0.329,0,0.0,6,0.0868,-11.723,1,12,0.0314,170.076,0.241,6
0.395,0.693,275667,0.659,0,0.00485,4,0.133,-4.722,1,42,0.0299,106.247,0.541,5
0.0059700000000000005,0.929,417200,0.509,0,0.934,1,0.108,-8.057,0,46,0.116,127.013,0.485,3
0.665,0.906,153067,0.632,1,0.0,10,0.084,-4.174,0,67,0.198,138.009,0.339,0
0.945,0.612,179667,0.282,0,0.908,0,0.0819,-11.781,1,4,0.0443,87.36,0.565,8
0.981,0.498,178067,0.102,0,0.0,7,0.111,-11.698,0,26,0.0367,75.52,0.263,9
0.982,0.674,217733,0.5920000000000001,0,0.0,7,0.287,-11.789,1,0,0.7809999999999999,105.507,0.747,9
0.685,0.569,214600,0.4370000000000001,0,5.87e-06,4,0.24,-9.574,1,36,0.0385,135.481,0.284,5
0.18600000000000005,0.259,75533,0.5579999999999999,0,0.923,4,0.117,-9.042,1,27,0.0339,71.598,0.0826,5
0.0994,0.664,310333,0.622,0,0.0738,10,0.112,-8.505,1,40,0.0253,102.342,0.614,3
0.6990000000000001,0.83,294027,0.608,1,0.000202,7,0.177,-3.892,0,57,0.162,119.989,0.418,1
0.98,0.309,135667,0.11,0,0.862,0,0.0868,-21.111,1,45,0.0419,178.75099999999995,0.133,3
0.956,0.466,94093,0.0718,0,2.3e-05,2,0.101,-18.256,1,33,0.0696,70.907,0.593,5
0.282,0.642,185000,0.522,0,0.0988,7,0.113,-12.488,1,23,0.0284,127.213,0.902,6
0.83,0.693,347547,0.353,0,0.895,10,0.0806,-16.064,1,21,0.0536,82.25200000000002,0.863,6
0.0773,0.845,228000,0.332,0,0.00031800000000000003,5,0.0612,-15.047,0,21,0.0413,110.687,0.974,4
0.361,0.509,203640,0.7140000000000001,0,1.05e-06,11,0.0916,-4.96,1,40,0.028,81.976,0.308,3
0.114,0.361,282533,0.518,0,0.0,6,0.13699999999999998,-13.048,1,44,0.0565,137.65,0.23,5
0.995,0.669,204657,0.256,0,0.409,3,0.6559999999999999,-17.762,0,0,0.81,101.567,0.738,8
0.14400000000000002,0.8759999999999999,312076,0.444,0,0.000112,1,0.44,-11.819,0,30,0.252,103.684,0.804,3
0.39,0.423,226600,0.271,0,0.597,5,0.28300000000000003,-14.806,0,26,0.0354,183.532,0.332,6
0.963,0.45,238067,0.0691,0,0.0754,5,0.4,-16.899,0,0,0.03,99.306,0.395,9
0.0591,0.271,113000,0.888,0,0.0109,7,0.758,-7.499,1,29,0.07400000000000001,97.351,0.889,6
0.328,0.331,143760,0.406,0,3.32e-05,5,0.705,-5.662000000000001,1,42,0.027000000000000003,97.404,0.579,6
0.987,0.321,99360,0.113,0,0.000113,3,0.127,-18.453,0,0,0.0533,71.837,0.105,7
0.772,0.552,129533,0.166,0,0.0315,4,0.135,-19.499,1,25,0.0283,92.049,0.56,5
0.8420000000000001,0.584,193600,0.194,0,0.000892,2,0.111,-17.141,1,43,0.033,119.493,0.6409999999999999,5
0.195,0.838,267467,0.723,0,0.0,5,0.0468,-8.384,0,54,0.0447,93.302,0.934,3
0.882,0.199,172893,0.264,0,0.0178,9,0.314,-14.199000000000002,0,2,0.0305,67.916,0.359,8
0.173,0.83,286427,0.44,0,0.00242,3,0.0632,-12.065,1,24,0.141,116.288,0.943,6
0.7809999999999999,0.33,257413,0.395,0,0.0,11,0.8320000000000001,-16.897000000000002,1,37,0.0812,177.166,0.659,5
0.221,0.239,120200,0.955,0,0.0,9,0.249,-7.829,1,46,0.0897,178.007,0.508,4
0.7190000000000001,0.544,313200,0.425,0,0.0186,10,0.964,-10.231,1,47,0.0346,84.443,0.348,3
0.969,0.639,142973,0.21,0,0.0722,10,0.132,-18.402,1,0,0.0419,111.759,0.467,8
0.000333,0.477,280213,0.8590000000000001,0,0.000155,0,0.265,-8.625,1,63,0.0387,91.009,0.629,4
0.16399999999999998,0.638,96300,0.27,1,0.0,1,0.219,-14.771,1,0,0.958,166.015,0.284,10
5.31e-05,0.355,186787,0.994,0,0.00187,7,0.354,-2.947,1,45,0.131,167.972,0.19,1
0.241,0.7490000000000001,263373,0.925,1,0.0,10,0.52,-5.034,1,81,0.227,86.98899999999998,0.6409999999999999,1
0.0838,0.835,275055,0.858,1,0.041,7,0.0223,-6.44,1,46,0.0387,114.74,0.908,1
0.961,0.14800000000000002,144373,0.0996,0,0.0121,11,0.136,-16.843,1,30,0.0354,71.31,0.107,6
0.478,0.366,243013,0.8320000000000001,0,0.46,4,0.0988,-3.964,0,46,0.0573,108.755,0.35600000000000004,2
0.275,0.34,283973,0.472,0,0.0,9,0.0843,-12.939,1,57,0.0473,78.086,0.5329999999999999,6
0.209,0.5539999999999999,279267,0.496,0,6.26e-05,5,0.213,-8.044,1,40,0.0389,112.566,0.381,3
0.994,0.34600000000000003,172853,0.443,0,0.32299999999999995,11,0.0921,-6.955,0,0,0.0379,127.328,0.361,8
0.308,0.7490000000000001,234373,0.637,0,0.0,7,0.0878,-6.924,1,66,0.0764,99.951,0.7979999999999999,1
0.0564,0.55,299347,0.5670000000000001,0,5.05e-05,3,0.105,-7.242000000000001,1,44,0.0322,155.972,0.127,2
0.992,0.588,205240,0.28300000000000003,0,0.345,5,0.182,-8.262,1,0,0.142,98.992,0.652,8
0.995,0.238,176307,0.693,0,0.917,4,0.21600000000000005,-8.717,1,0,0.0581,123.65,0.359,9
0.0025800000000000003,0.341,219680,0.952,0,0.00318,9,0.0995,-7.045,1,42,0.0497,169.925,0.7140000000000001,5
0.0314,0.6459999999999999,177093,0.634,0,0.0273,8,0.0656,-7.9220000000000015,1,19,0.0317,106.312,0.8759999999999999,6
0.989,0.408,195173,0.318,0,0.121,3,0.102,-12.522,1,0,0.105,156.409,0.5870000000000001,8
0.000499,0.354,239640,0.711,1,0.000423,4,0.245,-10.134,0,47,0.149,84.26799999999999,0.518,3
0.000364,0.465,145027,0.794,0,0.0,7,0.14400000000000002,-12.067,1,42,0.0311,93.087,0.7040000000000001,4
0.0504,0.687,198987,0.8240000000000001,0,0.0,8,0.168,-6.937,1,54,0.0853,90.001,0.51,1
0.00248,0.415,238907,0.8859999999999999,0,0.0016699999999999998,2,0.514,-5.194,1,50,0.0609,122.391,0.396,1
0.145,0.6779999999999999,219920,0.775,0,0.0,9,0.281,-6.143,0,21,0.0374,81.935,0.616,4
0.365,0.349,191867,0.35600000000000004,0,0.00013700000000000002,2,0.141,-7.513,1,32,0.0281,82.461,0.305,5
0.715,0.624,242333,0.358,0,1.25e-05,0,0.0862,-17.456,0,40,0.0814,72.84100000000002,0.418,5
0.348,0.723,222040,0.727,0,0.0,0,0.315,-6.979,1,33,0.0351,100.412,0.7440000000000001,5
0.918,0.529,156840,0.3,0,0.00133,7,0.0449,-10.052,1,8,0.0429,147.224,0.5529999999999999,8
0.991,0.298,132360,0.0073599999999999985,0,0.0,1,0.12,-21.881,1,9,0.0387,83.04,0.0392,7
0.315,0.5329999999999999,193827,0.477,0,0.0,5,0.0911,-10.311,1,0,0.0369,156.185,0.96,7
0.955,0.428,170640,0.174,0,0.0693,7,0.11,-15.828,0,35,0.0363,109.891,0.28300000000000003,6
0.0007070000000000001,0.365,248587,0.7509999999999999,1,0.0,2,0.318,-5.4289999999999985,1,69,0.304,79.119,0.604,1
0.923,0.343,277827,0.53,0,0.394,3,0.0943,-7.107,1,0,0.109,70.619,0.696,8
0.645,0.625,207160,0.573,0,0.0,7,0.0799,-8.624,1,23,0.0402,143.94,0.75,6
0.565,0.358,220787,0.394,0,7.02e-06,5,0.0674,-7.782999999999999,0,37,0.0326,141.846,0.333,6
0.452,0.266,183333,0.684,0,1.3e-06,2,0.349,-8.356,1,21,0.0375,172.394,0.902,6
0.253,0.5479999999999999,194173,0.914,0,0.0,2,0.0857,-7.726,1,19,0.0454,155.53799999999995,0.852,5
0.28300000000000003,0.745,187907,0.684,0,2.52e-06,2,0.248,-3.7,0,58,0.0274,132.994,0.7809999999999999,1
0.0486,0.57,203560,0.8440000000000001,0,0.0,10,0.0936,-4.797,1,55,0.0542,124.983,0.7090000000000001,2
0.0,0.0,73887,2.01e-05,0,0.0,5,0.0,-15.776,1,60,0.0,0.0,0.0,1
0.987,0.536,1967537,0.5479999999999999,0,0.0508,6,0.722,-15.85,1,0,0.911,86.999,0.149,9
0.972,0.228,145000,0.183,0,0.0257,11,0.172,-26.148000000000003,0,0,0.0467,108.027,0.125,7
0.161,0.752,186733,0.585,0,0.0188,0,0.402,-13.004,1,30,0.112,116.641,0.957,5
0.995,0.25,416000,0.00577,0,0.944,1,0.106,-41.573,0,7,0.0481,65.0,0.219,6
0.449,0.669,210760,0.534,0,0.0,7,0.113,-6.6789999999999985,1,39,0.13,81.89399999999998,0.652,2
0.993,0.238,186174,0.229,0,0.453,2,0.7120000000000001,-20.27,0,0,0.042,79.199,0.7090000000000001,9
0.7559999999999999,0.523,207653,0.431,0,0.0,8,0.0459,-9.187,0,53,0.0426,118.687,0.435,2
0.995,0.242,80787,0.196,0,0.96,0,0.344,-21.028,1,0,0.0517,95.158,0.279,10
0.991,0.304,201552,0.187,0,0.894,9,0.109,-18.936,0,0,0.0345,87.81700000000002,0.404,9
0.00417,0.387,181693,0.851,0,0.00014199999999999998,8,0.378,-4.186,1,43,0.0373,100.973,0.47,3
0.539,0.48,207517,0.523,0,1.4e-05,1,0.118,-7.2639999999999985,1,31,0.066,199.301,0.904,3
0.28300000000000003,0.551,279933,0.7759999999999999,0,0.0757,9,0.111,-10.605,1,38,0.0293,132.957,0.6970000000000001,3
0.931,0.687,138827,0.123,0,0.0,2,0.0659,-16.825,1,28,0.325,140.63,0.594,4
0.72,0.35700000000000004,333600,0.408,0,0.0113,9,0.61,-10.084,1,30,0.0351,105.303,0.239,6
0.494,0.5770000000000001,388547,0.679,0,0.0811,11,0.124,-9.981,0,50,0.038,80.15100000000002,0.8220000000000001,5
0.994,0.643,168948,0.0882,0,4.44e-05,4,0.14800000000000002,-10.343,1,0,0.21,67.027,0.938,8
0.861,0.687,297927,0.4270000000000001,0,0.0,6,0.358,-13.289,0,0,0.917,109.347,0.0496,9
0.0112,0.805,221067,0.422,1,0.0,1,0.35100000000000003,-13.546,1,43,0.302,77.086,0.88,3
0.0439,0.672,158440,0.8,0,0.0,0,0.0451,-9.409,1,38,0.0378,89.76100000000002,0.923,5
0.86,0.5429999999999999,225067,0.13,0,3.73e-05,5,0.14400000000000002,-16.387999999999998,0,1,0.0352,86.34899999999998,0.429,8
0.268,0.424,156267,0.335,0,0.000563,11,0.132,-10.032,1,39,0.0281,88.465,0.208,6
0.00198,0.452,254387,0.911,0,0.0,4,0.108,-3.859,1,47,0.0592,144.028,0.221,2
0.000746,0.593,223933,0.539,0,0.0017,5,0.123,-14.065,0,38,0.0407,97.92,0.504,3
0.37,0.5710000000000001,201667,0.273,0,6.51e-05,8,0.0967,-13.656,1,40,0.0244,78.436,0.406,4
0.962,0.0805,217933,0.0292,0,0.103,1,0.17,-30.762,0,0,0.0408,58.434,0.0954,7
0.638,0.403,140053,0.401,0,0.0,7,0.411,-10.113,1,18,0.0337,108.682,0.67,6
0.198,0.659,381093,0.6970000000000001,0,0.0,2,0.0724,-11.970999999999998,1,41,0.0536,123.722,0.7440000000000001,5
0.161,0.65,179577,0.594,0,0.0,7,0.133,-6.374,0,76,0.0492,145.944,0.416,1
0.0111,0.436,145867,0.586,0,4.54e-06,2,0.447,-8.292,0,43,0.0308,132.778,0.674,5
0.977,0.7879999999999999,194507,0.17,0,0.259,10,0.503,-15.332,0,0,0.0635,120.733,0.8340000000000001,9
0.228,0.73,144467,0.505,0,0.0,5,0.105,-8.79,1,41,0.0362,77.007,0.635,3
0.227,0.581,190454,0.436,0,0.00455,0,0.733,-13.845999999999998,1,28,0.0299,149.05700000000004,0.512,5
0.0901,0.649,356937,0.7929999999999999,0,7.38e-06,6,0.256,-3.344,0,42,0.0266,131.785,0.417,3
0.624,0.618,179493,0.442,0,0.0291,9,0.106,-13.154000000000002,1,22,0.0313,116.113,0.403,6
0.0434,0.468,223407,0.969,0,0.0,1,0.329,-3.4,1,34,0.109,129.171,0.504,4
0.0807,0.6579999999999999,116900,0.192,1,1.92e-05,5,0.22,-17.769000000000005,0,0,0.8909999999999999,82.32700000000001,0.472,8
0.189,0.7020000000000001,160307,0.7490000000000001,0,0.0,2,0.318,-13.579,1,30,0.0304,131.9,0.969,4
0.00316,0.499,365187,0.75,0,0.0375,0,0.119,-7.005,1,46,0.0337,116.783,0.154,3
0.899,0.299,160333,0.152,0,0.006659999999999999,9,0.134,-16.195,1,34,0.0431,82.73,0.19,5
0.00274,0.449,214093,0.621,0,4.2e-06,7,0.117,-4.237,1,54,0.032,160.761,0.103,2
0.983,0.16399999999999998,331400,0.206,0,0.84,10,0.172,-21.148000000000003,1,40,0.0423,129.878,0.0537,2
0.98,0.426,184533,0.14400000000000002,0,0.000472,9,0.233,-13.004,0,10,0.0327,77.181,0.376,9
0.815,0.249,176240,0.377,0,0.0,2,0.0939,-10.016,1,31,0.0302,166.082,0.452,6
0.935,0.241,126000,0.00273,0,0.463,0,0.0568,-33.736999999999995,1,0,0.0405,69.705,0.0499,8
0.227,0.7140000000000001,182667,0.675,0,0.0,6,0.0985,-7.582000000000002,0,41,0.0328,88.53399999999998,0.893,3
0.988,0.415,234027,0.195,0,0.913,7,0.155,-16.655,0,1,0.0331,111.923,0.266,8
0.00961,0.5820000000000001,231707,0.529,0,0.000554,11,0.113,-7.637,1,62,0.0248,166.134,0.5670000000000001,2
0.767,0.4,216667,0.206,0,2.28e-06,0,0.975,-21.526,1,31,0.217,140.145,0.436,5
0.122,0.589,184013,0.541,0,0.00414,8,0.0882,-10.087,1,55,0.163,133.97,0.236,1
0.395,0.5579999999999999,49213,0.989,0,9.81e-05,1,0.375,-5.041,0,52,0.158,83.071,0.635,3
0.015,0.477,213973,0.333,0,0.624,1,0.127,-11.374,1,35,0.0287,74.633,0.25,3
0.809,0.183,519333,0.0188,0,0.198,4,0.126,-25.619,0,20,0.0361,141.082,0.0395,6
0.05,0.328,237923,0.498,0,0.00124,4,0.28800000000000003,-10.867,1,0,0.0295,139.202,0.364,8
0.0371,0.738,252933,0.868,0,0.0,1,0.294,-4.15,1,53,0.0348,130.003,0.199,2
0.127,0.545,191200,0.779,1,0.0,10,0.349,-6.513,0,57,0.19,75.844,0.325,1
0.633,0.555,151893,0.364,0,0.0,9,0.139,-12.616,1,17,0.0321,108.44,0.44,7
0.274,0.337,183800,0.466,0,0.00153,2,0.396,-14.241,1,28,0.0686,131.529,0.477,5
0.875,0.493,248347,0.189,0,2.24e-06,1,0.6579999999999999,-19.496,1,33,0.129,142.32399999999996,0.626,5
0.00915,0.667,265733,0.721,0,0.0137,7,0.105,-7.17,1,51,0.0329,110.094,0.5670000000000001,3
0.8340000000000001,0.746,182440,0.394,0,0.00393,8,0.119,-12.41,1,10,0.145,131.57299999999998,0.826,7
0.077,0.8859999999999999,158692,0.479,1,0.0,4,0.135,-8.054,0,67,0.334,130.029,0.408,1
0.281,0.52,202213,0.513,0,0.0,7,0.0976,-7.207999999999997,1,68,0.0256,77.903,0.17,1
0.192,0.84,213000,0.484,1,0.0,8,0.282,-6.899,1,64,0.241,126.023,0.512,1
0.856,0.332,373467,0.304,0,1.1e-06,6,0.648,-12.754,1,0,0.0378,150.707,0.395,8
0.0222,0.5589999999999999,229080,0.561,0,0.0,9,0.117,-6.204,1,46,0.0419,164.55200000000005,0.449,2
0.353,0.655,210840,0.629,0,0.15,5,0.193,-5.187,0,40,0.0496,202.017,0.961,2
0.154,0.779,124865,0.695,1,9.28e-05,1,0.171,-6.289,0,60,0.0871,100.029,0.397,0
0.109,0.588,191853,0.669,0,0.0,7,0.5589999999999999,-9.575,1,47,0.0272,90.791,0.925,2
0.552,0.715,100229,0.141,1,0.0,11,0.765,-22.007,0,0,0.943,118.671,0.55,8
0.7390000000000001,0.6829999999999999,152267,0.354,0,0.0176,5,0.203,-16.507,1,18,0.0738,111.73,0.5579999999999999,6
0.0161,0.605,197493,0.6509999999999999,0,0.000294,0,0.188,-5.6720000000000015,1,53,0.0234,89.991,0.61,1
0.00481,0.7340000000000001,222732,0.855,0,0.0,9,0.123,-3.2110000000000003,1,75,0.118,126.035,0.422,1
0.8909999999999999,0.626,169787,0.326,0,0.00778,10,0.225,-14.459,1,1,0.0448,153.918,0.792,9
0.6729999999999999,0.63,248867,0.161,0,3.26e-06,2,0.0801,-21.137,1,29,0.0324,136.775,0.34600000000000003,4
0.927,0.621,147267,0.172,0,6.01e-05,1,0.0932,-14.907,1,14,0.044,104.552,0.374,7
0.985,0.6679999999999999,245864,0.298,0,0.000611,4,0.201,-10.033,1,0,0.0949,136.429,0.326,8
0.0408,0.907,150115,0.539,1,0.0,4,0.253,-7.782,1,63,0.36,124.916,0.664,1
0.18,0.701,232960,0.705,0,0.0,5,0.141,-6.18,1,57,0.0357,100.669,0.71,3
0.000285,0.374,227160,0.716,0,0.00111,7,0.195,-8.656,1,49,0.034,136.757,0.35,3
0.995,0.133,378000,0.155,0,0.7879999999999999,3,0.11,-17.691,1,37,0.0476,85.53399999999998,0.0393,4
0.978,0.27,173760,0.2,0,0.903,10,0.106,-21.695,1,14,0.0361,157.19,0.792,7
0.956,0.405,489547,0.233,0,0.721,2,0.173,-18.408,1,3,0.0398,123.117,0.4270000000000001,7
0.98,0.795,167493,0.377,0,0.29600000000000004,10,0.452,-9.118,0,0,0.0903,116.453,0.858,9
0.962,0.22,529667,0.14400000000000002,0,0.642,0,0.224,-20.984,0,2,0.0433,106.822,0.14400000000000002,8
0.534,0.588,237933,0.529,0,0.0683,2,0.126,-7.837999999999999,1,46,0.0242,95.971,0.591,1
0.504,0.6559999999999999,161697,0.645,0,0.0,5,0.18,-5.442,0,69,0.0397,75.473,0.669,0
0.037000000000000005,0.295,194000,0.8959999999999999,0,0.0431,9,0.406,-9.833,1,33,0.0377,187.629,0.706,4
0.715,0.708,201686,0.456,0,0.000251,8,0.105,-9.639,1,32,0.0315,126.682,0.607,5
0.464,0.478,166600,0.635,0,0.29100000000000004,4,0.133,-5.231,1,30,0.0305,112.101,0.514,5
0.0392,0.14400000000000002,349200,0.471,0,0.445,6,0.991,-11.217,0,31,0.0334,88.249,0.15,4
0.654,0.598,161267,0.613,0,0.00108,7,0.264,-9.64,1,22,0.0309,97.919,0.778,5
0.821,0.48,247280,0.473,0,0.246,7,0.125,-12.893,1,11,0.0554,97.63,0.387,6
0.995,0.5329999999999999,124947,0.133,0,0.907,10,0.106,-26.149,0,0,0.0436,115.708,0.831,10
0.989,0.171,239023,0.174,0,0.953,3,0.105,-21.328000000000007,0,41,0.0409,94.355,0.0684,2
0.995,0.557,154867,0.0503,0,0.877,8,0.108,-24.201,1,0,0.0593,76.585,0.6759999999999999,8
0.0295,0.4370000000000001,395293,0.826,0,0.733,5,0.0969,-7.45,1,37,0.0654,120.255,0.481,6
0.916,0.278,173733,0.545,0,0.847,7,0.108,-18.644,1,42,0.0356,156.974,0.912,6
0.165,0.644,217053,0.6859999999999999,0,0.0,9,0.134,-4.177,1,49,0.0937,79.917,0.733,2
0.25,0.458,275965,0.515,0,4.75e-05,8,0.693,-8.254,1,20,0.0459,117.365,0.162,4
0.87,0.213,360467,0.111,0,0.8690000000000001,7,0.382,-18.087,1,0,0.0395,113.093,0.135,8
6.29e-05,0.322,360360,0.931,0,0.626,2,0.878,-5.794,1,40,0.0581,113.126,0.27,3
0.14400000000000002,0.892,272720,0.607,1,0.000314,9,0.0909,-7.232,0,60,0.3670000000000001,120.0,0.244,1
0.214,0.785,189067,0.544,0,3.64e-05,8,0.0282,-10.401,1,46,0.161,109.21,0.7140000000000001,2
0.172,0.691,192969,0.6679999999999999,1,0.0,0,0.36,-7.352,1,56,0.0851,74.985,0.483,1
0.851,0.388,388013,0.312,0,0.865,5,0.0333,-14.623,1,29,0.0378,122.063,0.281,7
0.599,0.5770000000000001,307880,0.7490000000000001,0,0.0112,5,0.183,-7.215,0,48,0.0279,130.969,0.261,2
0.542,0.698,141960,0.425,0,0.0,8,0.125,-10.667,0,34,0.0272,115.643,0.777,5
0.48,0.39,241293,0.315,0,0.00196,4,0.0634,-17.183,0,35,0.0377,136.361,0.173,5
0.805,0.542,352209,0.192,0,0.0,1,0.117,-12.385,1,2,0.0336,101.053,0.139,9
0.775,0.531,249960,0.265,0,0.908,5,0.0892,-20.515,1,52,0.0299,127.999,0.438,5
0.474,0.265,402667,0.594,0,0.0,3,0.38,-5.772,1,39,0.0466,97.067,0.199,2
0.797,0.47,169173,0.391,0,0.888,1,0.363,-17.84,1,5,0.126,179.415,0.517,8
0.0398,0.477,212107,0.935,0,0.00692,5,0.915,-7.744,0,47,0.0873,125.575,0.383,3
0.0848,0.7559999999999999,336800,0.773,0,0.0026,5,0.0792,-6.65,0,60,0.0306,98.384,0.954,4
3.53e-05,0.528,288613,0.754,0,0.0173,8,0.134,-11.525,1,29,0.0338,129.204,0.16,3
0.381,0.48,309293,0.448,0,3.2899999999999987e-05,7,0.304,-12.132,1,19,0.05,102.074,0.455,6
0.995,0.488,189414,0.2,0,0.919,1,0.152,-14.765999999999998,1,0,0.054000000000000006,131.945,0.828,8
0.452,0.515,141667,0.408,0,0.0,8,0.0682,-11.96,1,55,0.194,185.767,0.915,7
0.131,0.885,200267,0.68,0,1.77e-05,11,0.0875,-3.837,0,81,0.0848,97.003,0.78,0
0.196,0.463,255729,0.5660000000000001,0,0.0,8,0.284,-6.195,1,69,0.145,93.921,0.219,1
0.934,0.293,328000,0.146,0,0.0,10,0.115,-15.13,1,47,0.0328,169.543,0.23,3
0.928,0.489,448013,0.0363,0,0.0205,8,0.0815,-22.843000000000004,0,36,0.0454,101.449,0.215,6
0.5760000000000001,0.468,233933,0.459,0,0.0,11,0.985,-11.907,0,38,0.0635,139.765,0.446,4
0.994,0.818,213229,0.379,0,0.375,2,0.179,-8.834,1,0,0.16,76.669,0.925,7
0.0214,0.6509999999999999,304512,0.833,1,0.0,1,0.14,-3.3560000000000003,1,67,0.172,155.05100000000004,0.443,1
0.119,0.485,218493,0.591,0,0.00278,10,0.0787,-3.888,1,64,0.0453,160.336,0.636,1
0.954,0.4370000000000001,153267,0.35700000000000004,0,0.000105,2,0.289,-9.193,1,0,0.0368,106.459,0.638,7
0.905,0.337,248253,0.246,0,0.826,4,0.7659999999999999,-16.429000000000002,0,7,0.0498,84.045,0.118,8
0.957,0.429,204133,0.0194,0,1.18e-05,10,0.159,-25.124,0,38,0.0378,99.812,0.13,7
0.628,0.579,326133,0.302,0,4.11e-06,10,0.14300000000000002,-12.393,1,34,0.466,107.567,0.274,5
0.968,0.561,203373,0.345,0,0.438,2,0.116,-14.765999999999998,1,4,0.152,118.711,0.7979999999999999,7
0.664,0.446,179800,0.375,0,0.0801,6,0.078,-15.142,0,24,0.0312,96.022,0.536,6
0.386,0.479,234000,0.342,0,0.000241,2,0.14400000000000002,-11.339,1,31,0.0282,177.601,0.301,3
8.73e-05,0.541,183907,0.75,0,0.615,11,0.129,-6.799,0,48,0.0346,134.972,0.16399999999999998,2
0.371,0.71,131250,0.578,0,0.669,0,0.417,-6.205,0,61,0.0297,96.064,0.348,1
0.986,0.6609999999999999,201352,0.26,0,0.00252,11,0.162,-13.268,1,1,0.039,145.78,0.764,8
0.9,0.14800000000000002,1176893,0.11,0,0.8490000000000001,6,0.0761,-14.174,1,0,0.0376,71.592,0.0653,9
0.118,0.5529999999999999,218293,0.894,0,0.0,9,0.0873,-3.477,0,44,0.15,94.374,0.516,2
0.775,0.741,119773,0.48,0,2.35e-05,0,0.0386,-9.976,1,21,0.0373,98.242,0.92,6
0.0382,0.399,288667,0.831,0,9.62e-05,0,0.0721,-4.913,1,44,0.0368,81.095,0.17800000000000002,3
0.8959999999999999,0.401,55307,0.0658,0,0.301,7,0.175,-26.461,1,6,0.0543,166.171,0.25,6
0.514,0.6,159427,0.256,0,0.0,7,0.103,-12.922,1,22,0.0446,126.076,0.7090000000000001,6
5.6299999999999986e-05,0.579,246600,0.865,0,0.000221,6,0.649,-4.692,1,66,0.0302,104.99,0.358,1
0.000471,0.503,253333,0.923,0,6.21e-05,9,0.104,-5.526,0,43,0.0685,124.157,0.5589999999999999,4
0.369,0.586,165533,0.67,0,6.87e-06,7,0.212,-12.73,1,24,0.0374,132.086,0.764,4
0.989,0.135,430893,0.1,0,0.0191,5,0.182,-21.148000000000003,1,38,0.0482,178.06900000000005,0.0627,4
0.7240000000000001,0.67,191347,0.753,0,0.0872,11,0.239,-6.811,1,12,0.0488,102.848,0.906,7
0.396,0.386,226760,0.6729999999999999,0,0.0432,9,0.949,-10.275,1,22,0.0307,87.956,0.524,5
0.38,0.6890000000000001,240560,0.746,0,0.0,0,0.124,-9.522,0,29,0.0745,75.10300000000002,0.779,3
0.0137,0.754,149080,0.391,0,0.612,2,0.244,-10.373,1,43,0.0381,82.37200000000001,0.942,5
0.69,0.588,178928,0.43,0,0.000634,8,0.0681,-12.025,1,10,0.0655,93.461,0.851,6
0.802,0.383,284067,0.28,0,0.0326,2,0.224,-14.503,1,21,0.0306,110.302,0.278,5
0.659,0.467,205573,0.371,0,6.670000000000001e-05,11,0.7559999999999999,-12.514,1,57,0.0322,93.681,0.478,3
0.0519,0.5379999999999999,281733,0.603,0,0.0,1,0.0758,-9.489,1,39,0.0288,113.753,0.182,3
0.211,0.507,144267,0.718,0,0.5579999999999999,2,0.338,-8.408999999999999,1,5,0.0353,134.993,0.602,7
0.434,0.621,252933,0.812,0,3.18e-06,0,0.155,-11.791,1,25,0.0595,136.036,0.815,5
0.784,0.482,199947,0.609,0,0.000664,5,0.265,-8.881,1,0,0.0369,133.15200000000002,0.625,7
0.99,0.705,163973,0.121,0,0.16,2,0.109,-19.008,1,0,0.252,133.086,0.731,10
0.25,0.706,97446,0.122,1,0.0,7,0.871,-19.843,1,0,0.946,100.635,0.493,8
0.0393,0.637,208827,0.8370000000000001,0,0.00294,2,0.139,-8.605,1,49,0.0363,172.455,0.825,2
0.976,0.565,229080,0.532,0,0.00158,3,0.146,-8.9,1,0,0.0531,104.565,0.954,9
0.00448,0.674,187667,0.916,0,7.049999999999999e-05,8,0.128,-5.015,0,45,0.0776,128.025,0.7020000000000001,1
0.0677,0.412,300427,0.7490000000000001,0,0.0,6,0.124,-5.816,0,47,0.048,160.118,0.265,3
0.868,0.5589999999999999,268240,0.147,0,2.25e-06,2,0.135,-14.63,1,41,0.0377,93.056,0.366,3
0.431,0.609,227600,0.754,0,0.000902,2,0.112,-10.82,1,36,0.034,123.208,0.57,4
0.0165,0.703,227413,0.568,0,0.000905,6,0.303,-9.794,0,42,0.0394,124.946,0.449,2
0.934,0.446,270547,0.65,0,0.8440000000000001,7,0.573,-7.49,1,0,0.0615,130.541,0.227,8
0.213,0.46,217440,0.518,0,1.39e-06,7,0.0847,-11.574000000000002,0,33,0.0494,126.393,0.51,3
0.157,0.742,310400,0.619,0,0.0,8,0.289,-4.918,0,35,0.0302,107.984,0.655,3
0.0496,0.503,309920,0.588,0,0.0931,9,0.0706,-10.569,1,58,0.0449,62.302,0.3670000000000001,1
0.0426,0.6,237077,0.96,0,0.0,4,0.0882,-1.807,1,68,0.095,109.863,0.503,1
0.804,0.785,52065,0.201,0,0.0,2,0.121,-12.404000000000002,1,47,0.0419,112.278,0.527,3
0.8079999999999999,0.44,190467,0.368,0,3.86e-05,10,0.111,-11.454,1,48,0.0311,168.75400000000005,0.732,2
0.836,0.491,222267,0.0657,0,5.19e-06,0,0.475,-31.399,1,11,0.524,102.276,0.287,6
0.262,0.431,238067,0.446,0,2.93e-06,1,0.134,-8.493,1,45,0.0266,133.841,0.0876,3
0.847,0.317,348720,0.18600000000000005,0,0.00285,2,0.103,-10.991,1,46,0.031,110.56,0.0924,2
0.348,0.708,174933,0.5,0,0.00245,7,0.5710000000000001,-14.306,1,34,0.235,142.66899999999995,0.851,5
0.993,0.392,196440,0.0445,0,0.887,1,0.705,-29.523000000000003,0,0,0.0393,131.116,0.353,10
0.108,0.359,278373,0.648,0,0.0135,3,0.0555,-7.06,1,56,0.035,111.733,0.133,1
0.892,0.378,214667,0.28600000000000003,0,0.0,8,0.224,-9.198,1,53,0.0616,177.497,0.594,1
0.115,0.54,346640,0.5329999999999999,0,7.240000000000001e-05,7,0.151,-10.755999999999998,1,31,0.0364,80.82300000000002,0.564,5
0.889,0.5589999999999999,340173,0.309,0,0.94,0,0.108,-14.841,1,35,0.0302,116.709,0.185,4
0.7709999999999999,0.618,128387,0.598,0,0.0,3,0.402,-10.841,1,17,0.0541,147.644,0.6990000000000001,6
0.918,0.378,280773,0.473,0,0.7909999999999999,4,0.175,-15.125,1,0,0.0536,78.932,0.229,8
0.385,0.6709999999999999,265067,0.405,0,0.0,0,0.132,-10.052,1,66,0.0392,99.678,0.828,5
0.319,0.4920000000000001,328800,0.818,0,0.00361,9,0.199,-6.0829999999999975,1,40,0.0322,156.613,0.742,2
0.988,0.227,192000,0.0112,0,0.934,0,0.123,-27.94,1,24,0.043,142.384,0.202,6
0.00321,0.736,192800,0.733,1,0.0,7,0.0643,-7.205,1,43,0.139,170.00599999999997,0.266,2
0.88,0.345,172800,0.0757,0,0.0298,5,0.0973,-20.606,1,29,0.0358,88.755,0.142,5
0.0315,0.404,205497,0.491,0,0.0197,4,0.127,-12.376,0,38,0.0443,200.063,0.789,5
0.995,0.404,172467,0.5489999999999999,0,0.893,10,0.61,-13.024,1,0,0.05,87.484,0.912,9
0.943,0.0,95253,0.0308,0,0.0,9,0.14300000000000002,-22.44,1,8,0.0,0.0,0.0,7
0.28,0.758,249733,0.669,0,7.49e-05,9,0.5,-9.501,1,58,0.033,125.263,0.831,5
0.972,0.28800000000000003,283800,0.16899999999999998,0,5.73e-06,10,0.199,-15.417,1,11,0.0342,136.127,0.0885,7
0.0844,0.632,194533,0.677,0,1.18e-05,4,0.095,-5.8610000000000015,0,20,0.033,151.178,0.821,5
0.379,0.349,201627,0.271,0,0.0,7,0.177,-11.924,1,25,0.0393,174.373,0.631,7
0.984,0.28300000000000003,173440,0.0854,0,0.895,3,0.112,-15.444,1,15,0.0357,74.937,0.257,7
0.00533,0.648,230895,0.8270000000000001,0,0.338,9,0.217,-4.78,0,62,0.042,176.005,0.598,1
0.97,0.395,168373,0.18,0,0.7809999999999999,4,0.32299999999999995,-13.543,1,0,0.0467,78.762,0.33,8
0.00405,0.32,227053,0.787,0,0.105,7,0.113,-7.723,0,18,0.0819,124.452,0.385,6
0.927,0.568,137173,0.109,0,6.91e-06,5,0.241,-11.268,1,19,0.0492,100.078,0.485,7
0.67,0.413,240307,0.0563,0,0.000126,5,0.102,-22.264,0,51,0.041,124.977,0.183,4
0.249,0.645,156213,0.599,0,3.26e-05,9,0.0923,-8.548,1,40,0.0835,183.04,0.961,3
0.0114,0.6509999999999999,204093,0.895,0,0.000133,0,0.0857,-10.824000000000002,1,28,0.0312,129.63299999999998,0.861,4
0.584,0.638,149627,0.326,0,0.0,0,0.298,-10.315,1,15,0.0358,89.807,0.682,7
0.992,0.456,191267,0.0432,0,0.0,6,0.3,-20.651,1,0,0.0513,87.61399999999998,0.377,7
0.44,0.769,186443,0.4370000000000001,1,0.0,1,0.116,-6.4060000000000015,1,60,0.0363,103.921,0.737,1
0.33,0.4370000000000001,213067,0.557,0,0.0,1,0.248,-8.487,1,39,0.102,161.412,0.6829999999999999,2
0.157,0.6779999999999999,172307,0.779,0,0.0201,5,0.128,-7.1160000000000005,1,21,0.0462,78.733,0.8240000000000001,6
0.6679999999999999,0.443,481147,0.7020000000000001,0,0.0,7,0.13699999999999998,-4.871,1,21,0.0616,112.131,0.302,4
0.0629,0.573,293268,0.856,1,0.0,0,0.108,-5.754,1,52,0.199,199.952,0.687,2
0.0502,0.235,388093,0.767,0,0.145,9,0.21,-9.435,1,32,0.0879,188.904,0.459,5
0.417,0.546,193653,0.274,0,2.99e-05,2,0.109,-15.07,0,42,0.027000000000000003,66.809,0.228,5
0.547,0.7290000000000001,212627,0.546,0,0.00287,7,0.0651,-9.305,1,64,0.0285,119.941,0.406,1
0.989,0.619,192000,0.506,0,0.893,8,0.15,-12.312,1,0,0.0358,97.039,0.905,9
0.878,0.7440000000000001,61068,0.196,0,0.0,1,0.387,-18.048,1,0,0.6679999999999999,82.675,0.8390000000000001,7
0.00158,0.621,453400,0.648,0,0.8240000000000001,0,0.0532,-11.787,1,50,0.0358,137.07,0.213,3
0.534,0.521,131467,0.552,0,0.0,0,0.117,-8.36,1,10,0.0372,166.775,0.8140000000000001,6
0.939,0.275,270667,0.306,0,0.00116,2,0.111,-9.448,1,43,0.0334,117.513,0.168,3
0.111,0.872,205352,0.591,1,0.0,6,0.14400000000000002,-6.952000000000001,0,68,0.359,131.982,0.696,1
0.218,0.672,96565,0.248,1,3.03e-06,0,0.168,-18.726,1,0,0.928,79.559,0.479,8
0.033,0.752,144400,0.898,1,0.0,4,0.31,-4.096,1,51,0.29600000000000004,167.907,0.551,1
0.00143,0.585,238733,0.789,0,0.0008699999999999999,8,0.141,-2.834,1,40,0.041,120.953,0.208,2
0.00233,0.705,230827,0.6659999999999999,0,0.0149,2,0.174,-7.23,0,58,0.0303,124.032,0.6459999999999999,1
0.146,0.436,264347,0.6509999999999999,0,0.0257,9,0.194,-11.818,0,34,0.0596,106.23,0.667,6
0.851,0.191,141960,0.133,0,0.000206,10,0.17800000000000002,-19.422,1,10,0.0393,88.23899999999998,0.119,8
0.418,0.853,145200,0.401,0,0.000269,2,0.222,-12.526,1,49,0.0325,120.049,0.6629999999999999,4
0.604,0.672,229053,0.684,1,0.0,4,0.081,-5.468,1,55,0.158,180.00799999999995,0.428,1
0.992,0.35200000000000004,192800,0.191,0,0.0657,9,0.116,-12.257,1,0,0.105,171.72799999999995,0.29100000000000004,9
0.516,0.534,164960,0.36,0,0.00106,7,0.0879,-11.408,0,5,0.0335,90.683,0.612,7
0.0154,0.474,238813,0.828,0,0.547,4,0.0798,-9.361,1,41,0.069,106.854,0.415,3
0.000659,0.537,257307,0.736,1,0.00281,10,0.15,-4.721,0,45,0.0284,113.933,0.227,2
0.0431,0.7390000000000001,209142,0.754,1,0.0,8,0.0999,-5.034,1,60,0.035,150.017,0.7929999999999999,1
0.0218,0.845,246047,0.705,1,0.0,6,0.339,-4.271,0,60,0.243,132.05,0.334,1
0.586,0.75,201573,0.318,0,0.0,7,0.225,-10.154,1,27,0.0337,90.874,0.812,5
0.00857,0.424,176893,0.708,0,0.0008699999999999999,11,0.17800000000000002,-6.3320000000000025,0,54,0.0787,166.3,0.682,1
0.385,0.504,202067,0.634,1,0.000396,5,0.151,-8.582,0,47,0.394,80.99600000000002,0.463,1
0.773,0.48,208560,0.513,0,0.00439,4,0.21600000000000005,-9.029,1,18,0.0287,100.099,0.892,6
0.0933,0.205,230000,0.7709999999999999,0,6.89e-06,5,0.332,-4.266,0,34,0.0365,206.396,0.34,4
2.82e-05,0.481,326000,0.927,0,0.00432,0,0.988,-3.615,0,35,0.047,96.39,0.371,3
0.231,0.364,230713,0.88,0,1.87e-05,7,0.14800000000000002,-1.668,1,58,0.0491,141.91,0.261,3
0.000539,0.6459999999999999,400733,0.622,0,0.0629,6,0.0788,-11.653,0,42,0.0493,123.275,0.74,4
0.7909999999999999,0.29,286173,0.179,0,1.58e-05,1,0.105,-14.414,1,29,0.0356,115.963,0.116,6
0.986,0.787,162507,0.188,0,0.6920000000000001,4,0.29100000000000004,-14.933,1,0,0.217,120.416,0.787,9
0.000349,0.401,254573,0.923,0,0.269,11,0.385,-9.687,1,32,0.0473,94.194,0.815,4
0.32299999999999995,0.405,207027,0.35100000000000003,0,3.78e-05,2,0.348,-14.896,1,20,0.0293,136.167,0.305,5
0.989,0.276,208907,0.241,0,0.0402,5,0.196,-13.859000000000002,1,0,0.0286,93.629,0.403,8
0.989,0.467,101533,0.315,0,0.0022600000000000003,0,0.183,-13.073,1,0,0.0769,80.133,0.5820000000000001,7
0.00602,0.481,218269,0.894,0,0.0149,9,0.191,-7.212999999999999,1,46,0.0415,140.9,0.562,5
0.0632,0.635,203732,0.765,0,2.29e-05,9,0.376,-9.218,0,42,0.035,102.488,0.652,2
0.0924,0.7340000000000001,296213,0.6709999999999999,0,9.29e-05,5,0.122,-8.538,1,48,0.118,173.18400000000003,0.945,3
0.5770000000000001,0.77,183920,0.6809999999999999,0,0.0,5,0.166,-4.78,1,49,0.0345,116.094,0.965,2
0.789,0.339,244640,0.147,0,0.802,7,0.121,-18.134,1,28,0.0359,123.582,0.227,4
0.78,0.7070000000000001,563385,0.225,0,0.0,10,0.128,-18.669,0,0,0.961,132.74,0.504,9
0.994,0.37,128292,0.00271,0,0.927,0,0.124,-26.981,1,65,0.0477,69.348,0.245,1
0.000235,0.802,294533,0.642,0,0.8320000000000001,11,0.46,-12.996,0,42,0.0627,125.276,0.32299999999999995,3
0.93,0.556,174560,0.546,0,0.0,6,0.103,-7.535,1,1,0.29600000000000004,172.707,0.784,8
0.11,0.6779999999999999,234960,0.67,0,0.00111,7,0.398,-10.218,1,26,0.0586,128.686,0.775,5
0.977,0.3720000000000001,164400,0.248,0,0.00103,10,0.135,-15.499,1,30,0.0307,87.581,0.128,6
0.968,0.478,81200,0.305,0,0.0156,8,0.662,-17.847,0,0,0.041,97.568,0.227,8
0.991,0.237,216520,0.0184,0,0.675,4,0.184,-26.843000000000004,1,0,0.0363,78.665,0.121,10
0.252,0.552,163453,0.386,0,2.78e-06,8,0.0954,-15.39,1,24,0.0279,114.969,0.583,5
0.338,0.402,310231,0.391,0,0.0,4,0.301,-8.029,1,62,0.0435,143.381,0.208,2
0.271,0.752,143307,0.703,0,0.0,10,0.295,-8.0,1,50,0.257,91.422,0.962,3
0.98,0.5710000000000001,78000,0.0226,0,0.00115,10,0.133,-29.898000000000003,1,11,0.102,107.447,0.218,7
0.757,0.275,221733,0.366,0,0.0,10,0.121,-10.305,1,43,0.036000000000000004,122.604,0.12,2
0.00179,0.465,326800,0.736,0,0.00183,4,0.18600000000000005,-6.272,1,38,0.0285,156.064,0.752,2
0.0403,0.722,183200,0.5920000000000001,0,0.737,7,0.14300000000000002,-13.074000000000002,1,36,0.17,157.721,0.877,3
0.0246,0.733,227067,0.655,1,0.0,4,0.156,-7.574,0,65,0.0472,138.023,0.265,0
0.00498,0.423,358133,0.836,0,0.0,9,0.246,-4.754,1,55,0.0501,149.45600000000005,0.446,3
0.000485,0.433,223933,0.8909999999999999,0,9.55e-06,0,0.0953,-5.658,1,41,0.117,119.126,0.326,3
0.992,0.404,340840,0.109,0,0.693,10,0.114,-17.358,1,0,0.0374,107.942,0.35600000000000004,9
0.855,0.593,160307,0.21,0,0.0,7,0.241,-13.238,1,0,0.0353,167.83700000000005,0.8490000000000001,9
0.16399999999999998,0.807,160731,0.564,1,0.0,6,0.0804,-7.938,0,64,0.319,96.004,0.225,0
0.478,0.396,343827,0.403,0,0.0,9,0.141,-8.824,1,43,0.0468,105.65,0.239,3
0.994,0.597,205080,0.0148,0,0.92,7,0.086,-33.435,1,42,0.108,129.599,0.364,7
0.504,0.609,225280,0.477,0,0.0,5,0.085,-4.232,1,64,0.0277,134.937,0.5529999999999999,1
0.6629999999999999,0.49,276800,0.444,0,6.659999999999999e-05,2,0.116,-11.763,1,27,0.0302,138.375,0.507,5
0.937,0.252,197240,0.321,0,0.329,7,0.301,-18.189,1,0,0.0469,106.739,0.407,7
0.00122,0.48,239464,0.995,0,0.000944,9,0.335,-4.3180000000000005,1,44,0.0944,99.238,0.16,2
0.898,0.185,65440,0.305,0,0.256,5,0.474,-14.219,1,26,0.0378,127.714,0.228,6
0.8,0.519,174080,0.28300000000000003,0,0.0,6,0.29,-13.197,1,0,0.114,181.912,0.638,8
0.0425,0.742,261333,0.377,1,6.06e-06,5,0.0939,-15.479,1,35,0.565,191.424,0.52,3
0.966,0.462,114107,0.122,0,0.00184,0,0.108,-15.344,1,8,0.0696,94.019,0.213,7
0.977,0.731,162075,0.166,0,5.03e-06,11,0.695,-11.947,1,0,0.225,111.354,0.682,8
0.655,0.625,107238,0.117,1,0.0,0,0.35200000000000004,-19.169,1,0,0.966,174.875,0.468,8
0.615,0.224,39360,0.586,0,0.8440000000000001,8,0.153,-6.6229999999999976,1,24,0.0342,66.001,0.474,6
0.809,0.6779999999999999,139680,0.409,0,0.0,1,0.103,-9.654,0,48,0.208,152.865,0.695,1
0.00395,0.6559999999999999,283533,0.7240000000000001,0,4.98e-05,6,0.269,-5.465,0,48,0.124,185.748,0.62,2
0.000143,0.35600000000000004,257933,0.961,1,0.302,11,0.8059999999999999,-8.787,1,46,0.127,188.256,0.267,3
0.319,0.461,242080,0.71,0,4.97e-06,5,0.104,-6.36,1,47,0.0422,175.825,0.281,1
0.994,0.333,184293,0.177,0,0.182,8,0.34700000000000003,-9.661,1,0,0.043,127.7,0.316,9
0.785,0.264,162200,0.302,0,0.6970000000000001,3,0.698,-11.185,1,0,0.0346,105.567,0.189,8
0.332,0.487,328773,0.429,0,0.0,4,0.207,-8.716000000000001,0,52,0.0391,143.582,0.508,3
0.879,0.513,148400,0.173,0,3.72e-06,0,0.128,-13.2,1,23,0.075,101.764,0.525,7
0.912,0.565,159973,0.557,0,6.32e-06,0,0.535,-17.418,1,13,0.934,126.315,0.738,6
0.956,0.0834,251200,0.273,0,0.772,3,0.35700000000000004,-14.495,1,0,0.0399,168.673,0.0483,9
0.597,0.534,147560,0.476,0,0.0,0,0.249,-9.735,0,19,0.0505,134.369,0.418,6
0.101,0.424,218200,0.905,0,3.93e-06,4,0.29100000000000004,-8.862,1,28,0.0509,169.826,0.599,4
0.984,0.362,214467,0.303,0,0.857,10,0.391,-15.352,0,17,0.0345,103.528,0.672,7
0.000107,0.49,140040,0.8370000000000001,0,0.0032600000000000003,6,0.0746,-5.683,1,51,0.0658,90.0,0.421,1
0.0943,0.754,203973,0.677,0,7.390000000000001e-05,0,0.153,-6.555,1,54,0.0709,93.022,0.78,1
0.838,0.61,201707,0.297,0,9.04e-06,2,0.107,-14.956,1,33,0.0304,99.96,0.5429999999999999,5
0.875,0.4320000000000001,141267,0.534,0,0.77,0,0.443,-13.754,1,18,0.253,170.541,0.584,6
0.923,0.5660000000000001,493360,0.122,0,3.58e-06,11,0.0948,-17.335,0,0,0.772,81.828,0.261,8
0.0014199999999999998,0.5539999999999999,157613,0.95,0,0.0004570000000000001,2,0.14400000000000002,-4.354,1,37,0.0402,121.94,0.828,2
0.127,0.643,254653,0.73,0,0.0,11,0.217,-7.437,0,53,0.313,131.895,0.276,1
0.585,0.597,308267,0.627,0,6.979999999999999e-05,7,0.0689,-13.056,1,8,0.0962,89.15700000000002,0.961,7
0.992,0.657,194411,0.153,0,0.00159,6,0.12,-8.63,0,0,0.489,89.447,0.721,8
0.795,0.597,272200,0.308,0,4.03e-05,7,0.0469,-16.527,1,47,0.0452,75.414,0.413,5
0.996,0.7859999999999999,187507,0.499,0,0.449,3,0.508,-9.757,1,0,0.338,122.804,0.8809999999999999,9
0.00302,0.804,383600,0.782,0,0.0872,6,0.662,-6.224,0,52,0.0606,116.806,0.34600000000000003,4
0.8690000000000001,0.221,51600,0.0315,0,0.89,10,0.232,-35.022,1,0,0.0401,46.368,0.688,9
0.0294,0.394,266440,0.8240000000000001,0,0.00013000000000000002,9,0.0749,-10.793,0,25,0.0668,147.702,0.375,4
0.248,0.624,282480,0.976,0,0.00209,4,0.247,-5.513,0,46,0.106,95.309,0.313,4
0.589,0.625,201907,0.8190000000000001,0,0.0,2,0.201,-6.142,1,45,0.0361,139.642,0.733,4
0.0707,0.442,228373,0.591,0,0.391,11,0.133,-9.595,0,49,0.0279,89.60700000000001,0.419,5
0.992,0.595,175987,0.384,0,0.22,11,0.293,-14.242,1,0,0.0645,88.7,0.6409999999999999,9
0.4970000000000001,0.477,114467,0.507,0,0.0,5,0.36,-11.802,1,38,0.0328,126.419,0.8640000000000001,6
0.993,0.4320000000000001,196255,0.489,0,0.602,5,0.278,-11.541,1,0,0.39,80.263,0.649,8
0.597,0.479,1536320,0.759,0,0.306,1,0.165,-9.639,1,18,0.0562,110.453,0.387,5
0.987,0.39,197750,0.217,0,0.769,8,0.32299999999999995,-11.819,0,0,0.0393,175.993,0.852,8
0.243,0.464,177000,0.895,0,0.0,5,0.0687,-4.16,0,40,0.145,164.40400000000002,0.674,2
0.0882,0.392,199400,0.802,0,0.639,9,0.108,-8.914,1,24,0.0493,124.45,0.585,6
0.797,0.685,266194,0.307,0,0.28,0,0.0988,-17.283,1,59,0.0305,114.981,0.5589999999999999,4
0.133,0.5770000000000001,234107,0.468,0,0.0131,4,0.305,-15.437,1,30,0.0282,112.989,0.944,4
0.8370000000000001,0.318,871280,0.154,0,0.314,9,0.109,-14.291,0,0,0.0399,127.972,0.212,7
0.134,0.705,223493,0.805,0,0.000152,4,0.3670000000000001,-4.884,0,49,0.0593,120.021,0.8859999999999999,1
0.203,0.589,300493,0.54,0,0.0,10,0.0819,-5.056,1,61,0.0227,83.98100000000002,0.36,1
0.8370000000000001,0.627,105960,0.6579999999999999,0,0.0,5,0.722,-11.671,1,18,0.912,63.631,0.894,6
0.0275,0.519,210800,0.584,0,0.0,8,0.111,-9.67,1,50,0.027000000000000003,101.632,0.336,5
0.0214,0.459,191216,0.878,0,6.14e-06,9,0.127,-8.061,1,55,0.0641,152.372,0.913,4
0.514,0.578,136027,0.902,0,0.0,7,0.0616,-5.015,1,30,0.04,130.112,0.943,6
0.0423,0.648,214133,0.391,0,1.23e-05,11,0.0278,-15.719,1,29,0.0257,94.906,0.911,5
0.158,0.8009999999999999,293493,0.542,0,0.000621,7,0.0462,-9.765,0,43,0.0679,74.736,0.917,4
0.527,0.308,688453,0.563,1,4.58e-06,0,0.134,-9.169,1,56,0.0719,85.90100000000002,0.109,1
0.0899,0.906,159760,0.833,0,0.0,5,0.154,-3.027,0,77,0.0729,104.017,0.752,1
0.00037,0.417,383933,0.7390000000000001,0,0.00919,0,0.0692,-7.02,1,50,0.029,146.289,0.126,3
0.213,0.27,243093,0.407,0,0.222,3,0.274,-10.51,1,0,0.0286,83.815,0.181,9
0.0272,0.608,208253,0.7140000000000001,0,0.0,10,0.14,-5.5779999999999985,1,47,0.0322,108.019,0.336,1
0.6579999999999999,0.644,129293,0.343,0,0.0,0,0.0813,-11.85,1,14,0.0584,100.006,0.853,8
0.984,0.361,286893,0.149,0,6.4e-05,10,0.139,-15.768,1,0,0.0569,104.877,0.185,7
0.244,0.6459999999999999,193453,0.478,0,7.329999999999999e-05,6,0.127,-7.516,1,56,0.0561,92.133,0.341,2
0.0624,0.452,136307,0.917,0,0.000112,8,0.139,-7.467,1,43,0.0521,156.95600000000005,0.7020000000000001,2
0.617,0.534,135333,0.755,0,0.0,7,0.342,-6.724,1,22,0.06,158.007,0.963,6
0.885,0.115,124056,0.00112,0,0.911,5,0.106,-37.826,1,62,0.0488,80.667,0.0489,1
0.464,0.644,175533,0.375,0,1.16e-06,0,0.209,-13.095999999999998,1,26,0.0296,103.671,0.449,4
0.89,0.57,182307,0.368,0,0.0,7,0.105,-10.568,1,41,0.0393,98.178,0.362,6
0.85,0.696,153506,0.512,0,0.0,5,0.119,-6.43,0,0,0.115,134.539,0.655,8
0.99,0.391,192120,0.35,0,0.0161,10,0.279,-10.834,1,0,0.0407,114.735,0.718,9
0.924,0.519,209840,0.163,0,7.02e-06,9,0.0757,-17.692999999999994,1,10,0.043,105.019,0.405,7
0.562,0.482,444413,0.509,0,0.00103,7,0.938,-9.398,1,43,0.0395,126.858,0.327,3
0.994,0.6759999999999999,158493,0.221,0,8.73e-06,3,0.17,-9.743,1,9,0.0804,113.183,0.532,9
0.0603,0.687,205733,0.7929999999999999,1,0.0,2,0.5820000000000001,-4.254,1,75,0.166,107.045,0.7509999999999999,2
0.0319,0.546,406733,0.748,0,9.76e-05,0,0.207,-7.262,1,39,0.0411,94.93,0.83,3
0.996,0.509,197480,0.105,0,0.0454,8,0.209,-10.308,0,0,0.168,178.392,0.6509999999999999,7
0.62,0.669,180427,0.408,0,0.0174,11,0.105,-14.476,0,42,0.0396,101.379,0.459,7
0.983,0.609,142320,0.38,0,7.26e-05,2,0.294,-7.644,1,0,0.181,157.476,0.866,9
0.477,0.5429999999999999,287000,0.633,0,2.14e-05,2,0.16,-11.693,1,53,0.05,151.609,0.613,4
0.007409999999999998,0.544,321173,0.742,0,0.0,9,0.34600000000000003,-7.73,1,47,0.0802,115.298,0.669,3
0.99,0.629,233493,0.431,0,0.0126,5,0.261,-7.49,0,0,0.0361,121.874,0.6,9
0.969,0.36,114560,0.512,0,0.0367,7,0.31,-10.156,1,0,0.0619,172.953,0.687,7
0.27,0.476,245992,0.453,0,0.000253,11,0.107,-13.593,0,33,0.0306,176.067,0.41,3
0.939,0.355,139800,0.152,0,6.14e-05,8,0.0853,-20.315,1,0,0.0604,101.183,0.2,8
0.892,0.541,168287,0.382,0,0.0,10,0.15,-9.305,1,43,0.0639,169.245,0.884,3
0.949,0.312,210827,0.308,0,0.947,10,0.244,-14.787,1,0,0.0317,104.317,0.471,7
0.996,0.475,379680,0.0075099999999999984,0,0.91,5,0.0651,-29.303,1,38,0.0568,100.729,0.135,3
0.011,0.535,158573,0.81,0,0.0747,2,0.471,-11.159,1,41,0.0319,114.667,0.917,4
0.569,0.17,571773,0.4370000000000001,0,0.8809999999999999,7,0.513,-9.835,0,34,0.0372,80.34899999999998,0.0679,7
0.28800000000000003,0.72,295307,0.6579999999999999,1,0.0,0,0.218,-8.318,1,32,0.289,111.983,0.727,3
0.8759999999999999,0.469,186160,0.621,0,0.0246,1,0.7120000000000001,-9.828,0,46,0.0313,138.931,0.6829999999999999,3
0.498,0.581,199200,0.311,0,4.78e-05,2,0.111,-12.055,1,30,0.0239,76.465,0.441,4
0.965,0.297,233627,0.297,0,0.000237,1,0.452,-12.234000000000002,1,6,0.041,109.109,0.0907,7
0.0424,0.598,147493,0.797,0,0.000407,7,0.0717,-6.7929999999999975,1,67,0.0332,123.566,0.622,5
0.251,0.614,252640,0.545,0,0.0419,7,0.122,-9.456,1,48,0.0283,88.771,0.37,4
0.7809999999999999,0.38,151640,0.171,0,0.0,2,0.14400000000000002,-10.442,1,6,0.0268,91.57,0.224,7
0.995,0.7390000000000001,198680,0.237,0,0.8540000000000001,1,0.182,-12.395,1,0,0.039,77.255,0.691,9
0.0867,0.575,142733,0.8220000000000001,0,0.0,11,0.0825,-8.906,0,55,0.0376,97.87,0.858,4
0.524,0.6709999999999999,207413,0.363,0,0.0242,11,0.113,-8.441,1,43,0.031,78.477,0.451,2
0.071,0.828,132813,0.5379999999999999,0,0.0,0,0.116,-6.067,0,70,0.341,145.071,0.56,0
0.967,0.519,273267,0.0954,0,2.7e-05,5,0.114,-14.672,1,35,0.0343,97.995,0.218,5
0.626,0.466,269893,0.496,0,6.22e-06,1,0.117,-6.606,1,68,0.0302,74.747,0.35200000000000004,1
0.0148,0.628,213573,0.6729999999999999,0,1.29e-06,4,0.335,-12.029000000000002,1,24,0.0326,119.266,0.72,4
0.893,0.5820000000000001,113893,0.428,0,0.0,1,0.0971,-9.934,1,18,0.0404,172.794,0.7929999999999999,7
0.993,0.473,180493,0.299,0,0.6729999999999999,9,0.249,-8.074,1,0,0.232,165.46400000000003,0.557,9
0.339,0.7190000000000001,317733,0.979,0,0.00701,11,0.103,-4.984,0,34,0.182,131.36,0.665,4
0.0351,0.38,214431,0.489,0,0.00243,0,0.081,-7.027,1,59,0.0362,127.097,0.337,1
0.253,0.7759999999999999,217200,0.635,0,0.0,2,0.0817,-6.3210000000000015,1,48,0.0282,111.192,0.825,5
0.994,0.484,130133,0.13,0,0.937,11,0.117,-20.592,0,0,0.222,137.44299999999998,0.157,7
0.65,0.361,119000,0.72,0,0.0,10,0.782,-9.583,1,25,0.0679,66.436,0.5920000000000001,6
0.782,0.604,240093,0.257,0,0.0,3,0.14300000000000002,-15.194,1,7,0.128,119.473,0.57,6
0.955,0.408,217227,0.187,0,0.000575,9,0.0766,-15.354,1,30,0.035,139.822,0.243,6
0.989,0.677,174840,0.189,0,0.32,4,0.103,-14.157,0,0,0.0575,112.825,0.647,10
0.0454,0.695,263200,0.643,1,0.0,1,0.525,-7.968,1,43,0.377,94.895,0.371,3
0.35200000000000004,0.83,212400,0.6729999999999999,0,0.915,0,0.17,-8.107999999999999,1,46,0.0459,109.944,0.797,1
0.96,0.476,392853,0.0686,0,0.0125,5,0.11,-17.528,0,0,0.0373,82.479,0.13,9
0.921,0.341,391787,0.362,0,0.277,6,0.276,-10.199,0,0,0.0367,100.574,0.223,8
0.202,0.505,167853,0.561,0,0.0,7,0.63,-10.81,1,32,0.0281,131.382,0.29100000000000004,5
0.657,0.598,147133,0.774,1,4.44e-05,6,0.575,-7.727,0,50,0.35600000000000004,92.286,0.752,2
0.043,0.302,361413,0.685,0,0.0193,7,0.0885,-5.165,0,51,0.043,147.82299999999995,0.0668,1
0.87,0.529,234600,0.35700000000000004,0,0.000382,3,0.104,-11.276,1,0,0.0282,90.782,0.535,10
3.33e-05,0.436,255080,0.8759999999999999,0,0.000104,10,0.205,-4.902,0,32,0.0647,157.04399999999995,0.512,3
0.936,0.8079999999999999,170933,0.398,0,0.328,4,0.173,-13.283,0,0,0.102,114.891,0.6679999999999999,10
0.21,0.59,320733,0.706,0,0.0,11,0.0877,-9.878,0,29,0.0724,145.045,0.836,5
0.55,0.485,265613,0.491,0,0.000499,0,0.113,-11.675,0,22,0.0351,142.857,0.623,5
0.0537,0.547,173347,0.627,0,0.0,0,0.0668,-12.991,1,14,0.0331,138.349,0.804,6
0.239,0.324,223200,0.514,0,4.97e-06,7,0.107,-6.228,1,39,0.0338,184.975,0.21600000000000005,2
1.6800000000000002e-05,0.611,356533,0.946,0,0.8490000000000001,2,0.0562,-11.507,1,31,0.0333,120.255,0.455,4
0.944,0.33,186000,0.398,0,0.000362,8,0.517,-12.182,0,0,0.0595,79.617,0.897,7
0.16899999999999998,0.665,389200,0.7290000000000001,0,0.000537,10,0.321,-11.15,0,24,0.039,99.703,0.932,6
0.8490000000000001,0.32299999999999995,194848,0.405,0,0.000544,10,0.138,-8.533,0,80,0.0413,145.10399999999996,0.274,1
0.0278,0.479,296012,0.622,0,0.000608,2,0.28300000000000003,-10.638,1,29,0.0724,124.913,0.504,4
0.99,0.36,95773,0.29,0,0.904,0,0.119,-20.812,0,26,0.0492,109.293,0.968,7
0.992,0.224,204080,0.406,0,0.155,8,0.28300000000000003,-10.451,1,0,0.0435,78.52600000000002,0.417,8
0.992,0.337,37613,0.421,0,0.8290000000000001,4,0.16899999999999998,-19.223,0,22,0.0435,110.028,0.789,7
0.145,0.108,159600,0.212,0,0.8420000000000001,7,0.117,-17.88,1,14,0.0392,90.35,0.111,7
0.981,0.546,191867,0.109,0,0.00019,6,0.119,-15.239,1,1,0.0304,84.999,0.308,9
0.836,0.565,221467,0.493,0,0.0224,2,0.111,-5.729,0,8,0.0548,152.43,0.622,7
0.551,0.7859999999999999,128250,0.71,0,0.0,9,0.14,-3.21,1,62,0.0372,114.996,0.968,1
0.926,0.359,194000,0.232,0,0.0,11,0.0975,-15.124,1,0,0.0509,119.749,0.383,9
0.326,0.624,268800,0.6,1,0.0,1,0.138,-7.935,1,55,0.289,73.059,0.436,1
0.94,0.472,189880,0.15,0,0.0,4,0.13,-14.665,1,3,0.0928,159.283,0.438,8
0.868,0.518,143760,0.53,0,0.00464,2,0.0986,-10.723,1,38,0.0353,175.933,0.931,7
0.993,0.422,182467,0.458,0,0.91,1,0.224,-12.928,0,2,0.162,197.82,0.804,9
0.987,0.684,181591,0.0076900000000000015,0,0.0,3,0.0726,-12.983,1,0,0.743,62.402,0.942,8
0.92,0.0842,210840,0.314,0,0.8590000000000001,0,0.523,-11.835,1,16,0.0315,79.20100000000002,0.146,7
0.128,0.617,213493,0.645,0,6.879999999999999e-05,9,0.102,-7.2029999999999985,1,42,0.0338,96.017,0.802,3
0.903,0.18,255400,0.0607,0,0.209,0,0.463,-25.49,1,15,0.0388,124.965,0.0394,7
0.0617,0.458,214775,0.752,1,0.0,4,0.0987,-6.436,0,63,0.0546,94.933,0.353,0
0.878,0.448,251760,0.238,0,0.872,0,0.131,-21.636,1,22,0.0346,129.287,0.516,5
0.728,0.0,422510,0.0163,0,0.326,1,0.111,-24.419,1,59,0.0,0.0,0.0,2
0.99,0.5820000000000001,116093,0.0453,0,0.757,8,0.121,-23.816,1,23,0.0477,72.225,0.0787,7
0.993,0.3670000000000001,366507,0.0127,0,0.916,9,0.105,-34.859,1,39,0.052000000000000005,65.16,0.16899999999999998,3
0.873,0.519,185293,0.5,0,0.0,0,0.158,-9.486,1,0,0.035,100.085,0.615,7
0.645,0.259,372533,0.274,0,0.0445,10,0.15,-11.365,1,20,0.0319,68.445,0.289,5
0.19,0.5660000000000001,130289,0.667,0,0.00161,10,0.188,-11.232,1,18,0.0333,95.986,0.939,6
0.527,0.627,256406,0.228,0,0.0,7,0.404,-19.367,1,0,0.962,167.829,0.384,9
0.7390000000000001,0.618,182533,0.217,0,0.0,11,0.123,-13.528,1,23,0.0499,120.641,0.465,6
0.993,0.218,152533,0.0427,0,0.884,4,0.62,-25.61,1,32,0.0402,68.241,0.0388,4
0.0784,0.385,213667,0.498,0,0.000182,9,0.102,-8.127,1,52,0.0286,86.101,0.747,3
0.201,0.225,390147,0.889,0,0.7340000000000001,7,0.379,-4.371,1,55,0.0337,96.02,0.599,5
0.818,0.5539999999999999,179600,0.118,0,5.92e-06,1,0.103,-19.177,1,15,0.0394,102.137,0.5379999999999999,7
0.182,0.519,224714,0.809,0,0.51,1,0.0951,-6.074,1,57,0.0646,111.986,0.284,1
0.809,0.5660000000000001,136907,0.438,0,0.0,0,0.212,-7.564,0,72,0.0367,117.127,0.6920000000000001,0
0.995,0.453,262867,0.0299,0,0.888,10,0.124,-22.882,1,0,0.0437,95.509,0.121,8
0.987,0.273,304093,0.00441,0,0.487,4,0.109,-25.505,0,1,0.0465,62.478,0.0936,7
0.638,0.597,185507,0.414,0,0.006940000000000001,7,0.0576,-11.343,1,44,0.0822,132.999,0.6,2
0.584,0.57,255413,0.6920000000000001,0,0.0112,0,0.203,-9.551,1,38,0.0303,163.972,0.693,4
0.244,0.295,207507,0.921,0,1.95e-06,2,0.172,-5.343,1,33,0.119,168.683,0.643,4
0.74,0.348,249627,0.6709999999999999,0,2.46e-05,2,0.944,-7.53,1,41,0.0362,132.309,0.354,2
0.872,0.517,272640,0.578,0,2.37e-06,5,0.373,-6.6320000000000014,1,0,0.0526,140.175,0.726,7
0.000427,0.472,192612,0.627,0,0.574,0,0.0798,-6.895,1,67,0.0289,157.909,0.172,1
0.923,0.711,730573,0.0955,0,0.0,2,0.371,-19.791,1,0,0.932,128.497,0.374,8
0.64,0.745,179827,0.812,0,1.4300000000000005e-05,2,0.257,-9.005,1,34,0.0384,103.684,0.964,7
0.424,0.407,306133,0.121,0,0.000146,8,0.08900000000000001,-21.502,1,34,0.0281,76.233,0.133,3
0.114,0.746,265933,0.595,0,0.098,6,0.0844,-7.457000000000002,1,53,0.037000000000000005,125.016,0.648,1
0.173,0.68,190720,0.738,0,0.00036,6,0.37,-4.881,0,59,0.0331,105.015,0.675,1
0.7290000000000001,0.654,257013,0.277,0,0.0,5,0.693,-13.129,0,14,0.388,142.895,0.642,7
0.995,0.402,227547,0.315,0,0.647,9,0.161,-14.019,1,0,0.0404,114.36,0.44,8
0.927,0.131,1756320,0.0792,0,0.768,2,0.447,-21.803,1,0,0.0356,83.921,0.0385,8
0.228,0.589,237240,0.748,0,3.12e-06,8,0.254,-6.902,1,38,0.0273,91.962,0.534,3
0.000362,0.8590000000000001,252520,0.599,1,8.2e-06,9,0.13,-5.254,1,68,0.0614,140.005,0.319,1
0.7859999999999999,0.498,218573,0.149,0,0.0,2,0.0858,-19.468,1,39,0.0299,95.868,0.318,6
0.0534,0.65,205618,0.627,0,0.0,0,0.07,-5.004,1,47,0.0257,132.08,0.597,3
0.8759999999999999,0.632,150507,0.33,0,8.19e-06,9,0.106,-10.939,0,48,0.0328,109.826,0.805,3
0.00693,0.325,492307,0.8690000000000001,0,0.000124,1,0.224,-5.46,0,48,0.132,159.22899999999996,0.34700000000000003,2
0.00228,0.6829999999999999,281773,0.74,1,0.0,11,0.238,-6.041,0,64,0.0462,129.515,0.65,3
0.944,0.225,199027,0.232,0,1.05e-05,0,0.106,-13.696,1,31,0.0318,88.5,0.0686,7
0.224,0.602,408200,0.51,0,0.13699999999999998,4,0.992,-10.707,0,43,0.0422,151.29,0.6759999999999999,5
0.636,0.471,264267,0.843,0,0.0402,7,0.773,-5.702000000000001,1,44,0.041,156.695,0.632,5
0.0643,0.838,293867,0.515,1,4.16e-06,6,0.113,-6.698,1,38,0.3,91.108,0.861,3
0.983,0.368,148933,0.102,0,0.894,5,0.0955,-21.976,1,18,0.0348,68.825,0.383,6
0.0665,0.483,187667,0.35100000000000003,0,0.00919,8,0.306,-13.231,1,25,0.152,110.833,0.426,5
0.613,0.624,168568,0.386,0,0.0,0,0.116,-15.151,1,0,0.0376,124.744,0.856,8
0.339,0.759,289200,0.521,1,0.0,11,0.109,-8.482000000000001,1,41,0.452,91.222,0.779,3
0.994,0.6940000000000001,191315,0.0555,0,0.0412,5,0.203,-14.194,0,0,0.269,66.146,0.5,8
0.114,0.61,397067,0.505,0,0.00117,7,0.191,-17.173,1,41,0.0325,136.721,0.675,4
0.523,0.55,241627,0.534,0,1.42e-06,6,0.0585,-10.326,1,41,0.0397,143.73,0.194,4
0.5710000000000001,0.494,197307,0.7,0,0.000224,9,0.161,-9.661,1,28,0.0478,112.031,0.7040000000000001,6
0.0532,0.5579999999999999,244267,0.935,0,0.0827,6,0.131,-5.71,1,39,0.0438,137.58100000000002,0.468,4
0.705,0.416,156667,0.32299999999999995,0,0.0,0,0.12,-12.03,1,35,0.0465,146.121,0.564,4
0.97,0.133,260373,0.0717,0,0.954,2,0.5670000000000001,-27.606,0,0,0.041,67.443,0.0392,8
0.0121,0.454,258360,0.893,0,0.0,9,0.103,-5.431,1,42,0.0394,124.429,0.329,3
0.16,0.483,230093,0.785,0,0.0,10,0.0767,-6.265,0,40,0.042,160.086,0.738,2
0.469,0.518,380027,0.7290000000000001,0,0.8029999999999999,2,0.302,-11.856,1,39,0.174,90.661,0.369,3
0.987,0.61,190813,0.293,0,0.773,1,0.14800000000000002,-11.815,0,0,0.0641,134.864,0.914,8
0.123,0.49,240440,0.725,1,2.68e-05,10,0.0983,-3.304,1,73,0.0392,123.28,0.335,2
0.0836,0.6,310533,0.672,0,0.0,7,0.07400000000000001,-7.66,1,26,0.0588,169.90900000000005,0.969,5
0.0754,0.443,265664,0.669,0,0.0,9,0.0683,-3.244,1,56,0.0274,92.641,0.426,4
0.989,0.342,143147,0.055,0,0.924,10,0.0958,-26.693,0,0,0.0412,72.665,0.183,8
0.107,0.67,214802,0.585,0,1.11e-06,6,0.131,-4.8610000000000015,0,69,0.0354,110.03,0.447,1
0.29600000000000004,0.6709999999999999,165787,0.5710000000000001,0,0.000164,0,0.0373,-11.025,1,38,0.0372,127.678,0.414,6
0.993,0.632,196893,0.13,0,0.8859999999999999,8,0.109,-21.251,0,0,0.0584,106.732,0.606,8
0.763,0.7070000000000001,267848,0.217,0,0.0,3,0.19,-20.121,0,0,0.958,98.8,0.4320000000000001,9
0.0319,0.804,169345,0.66,1,0.0,10,0.103,-4.86,0,70,0.0726,94.053,0.257,1
0.93,0.72,177733,0.195,0,0.000402,2,0.202,-15.559,1,18,0.0353,113.548,0.5329999999999999,6
0.417,0.902,286000,0.7559999999999999,0,0.0,9,0.0591,-4.547,1,43,0.28,97.434,0.598,3
0.135,0.6409999999999999,263347,0.7040000000000001,1,0.0,11,0.269,-7.827000000000001,1,39,0.29100000000000004,97.491,0.76,3
0.00702,0.67,206693,0.826,0,0.815,2,0.0993,-6.765,1,46,0.0459,110.684,0.552,2
0.045,0.711,336640,0.594,0,3.8e-05,2,0.125,-7.496,0,58,0.0382,142.389,0.531,3
0.537,0.539,162800,0.564,0,0.0,0,0.402,-12.224,1,41,0.0319,139.116,0.928,5
0.0617,0.602,371253,0.675,1,0.0,8,0.1,-8.817,1,43,0.461,91.496,0.361,3
0.977,0.698,158307,0.272,0,0.000379,4,0.0685,-11.609000000000002,1,18,0.0528,104.513,0.594,9
0.000315,0.696,235333,0.6809999999999999,1,0.000196,11,0.0595,-5.76,0,45,0.172,94.293,0.937,2
0.995,0.578,66867,0.383,0,0.927,0,0.111,-17.69,1,0,0.0538,99.082,0.622,8
0.995,0.181,160500,0.0287,0,0.935,8,0.0969,-33.787,0,67,0.0378,107.222,0.111,1
0.7809999999999999,0.5770000000000001,139240,0.17800000000000002,0,0.0,6,0.149,-18.346,1,30,0.0483,107.016,0.449,6
0.00158,0.637,254760,0.821,1,0.08900000000000001,1,0.276,-5.7079999999999975,1,46,0.0686,115.109,0.308,2
0.7240000000000001,0.266,198133,0.526,0,6.11e-05,2,0.0549,-7.15,0,21,0.0337,135.134,0.445,6
0.993,0.5,215427,0.292,0,2.35e-05,2,0.197,-16.25,1,1,0.135,84.78200000000002,0.44,8
0.232,0.6559999999999999,125640,0.848,0,2.32e-06,4,0.0534,-6.386,0,13,0.0848,92.71,0.831,7
0.0409,0.514,226587,0.918,0,0.0,7,0.342,-4.306,1,58,0.0365,150.035,0.64,1
0.946,0.628,189267,0.321,0,0.0,3,0.631,-9.045,0,0,0.5489999999999999,85.321,0.804,10
0.0615,0.8390000000000001,191987,0.816,1,0.00105,3,0.16,-4.447,0,43,0.0365,120.022,0.915,2
0.994,0.482,125733,0.0606,0,0.902,7,0.12,-22.595,1,0,0.0377,101.768,0.179,8
0.213,0.563,248486,0.741,0,0.0,2,0.0982,-5.728,1,59,0.031,104.006,0.397,1
0.605,0.546,192893,0.265,0,0.0347,0,0.0672,-14.524,1,48,0.0411,130.358,0.435,2
0.239,0.551,155333,0.575,0,0.0,2,0.112,-8.208,0,58,0.0332,137.054,0.516,6
0.0879,0.715,113137,0.129,1,3.06e-05,0,0.16399999999999998,-21.063,1,0,0.79,126.724,0.521,8
0.00502,0.485,163687,0.951,0,1.96e-06,7,0.376,-4.119,1,0,0.104,103.274,0.374,8
0.224,0.628,217573,0.779,0,0.7759999999999999,0,0.151,-11.841,1,59,0.0831,180.837,0.936,5
0.995,0.493,24587,0.198,0,0.961,5,0.197,-17.725,1,0,0.0395,64.822,0.502,8
0.4,0.63,225053,0.53,0,0.0,0,0.177,-7.258999999999999,1,78,0.0434,108.038,0.417,1
0.369,0.861,225181,0.602,0,0.0644,2,0.0751,-7.314,0,61,0.0617,114.978,0.684,1
0.853,0.44,176771,0.128,0,0.0,5,0.285,-14.499,1,11,0.0471,117.034,0.306,6
0.438,0.62,158773,0.635,0,0.0,9,0.604,-6.3260000000000005,1,58,0.201,107.033,0.416,5
0.258,0.8370000000000001,138800,0.6709999999999999,0,0.8320000000000001,5,0.106,-7.016,1,32,0.0408,126.715,0.972,6
0.473,0.622,159293,0.509,0,0.0177,0,0.294,-12.74,1,21,0.0326,146.218,0.64,7
0.872,0.684,116627,0.247,0,0.000166,5,0.113,-13.71,1,51,0.0281,106.522,0.768,2
0.608,0.534,273933,0.524,0,0.0,2,0.0942,-7.5939999999999985,1,53,0.0318,107.877,0.165,3
0.000333,0.212,233640,0.948,0,0.0075,1,0.333,-5.349,1,45,0.0469,191.277,0.602,4
0.0229,0.934,181714,0.505,1,0.0,11,0.0867,-7.648,1,65,0.168,139.93,0.691,1
