0.0221,0.384,340195,0.984,0,0.0161,2,0.187,-4.886,1,43,0.132,132.368,0.107,2
0.989,0.473,184267,0.15,0,0.000213,9,0.259,-18.97,1,3,0.0838,123.539,0.368,9
0.887,0.458,223347,0.394,0,8.909999999999997e-05,1,0.049,-10.816,0,1,0.0521,110.467,0.698,8
0.417,0.635,193200,0.907,0,2.09e-05,0,0.0725,-7.276,0,33,0.0383,107.681,0.812,4
0.00393,0.8059999999999999,214800,0.5710000000000001,0,0.0,10,0.34,-5.9860000000000015,1,50,0.0397,124.1,0.722,2
0.86,0.147,172520,0.0393,0,0.944,5,0.131,-24.563,1,57,0.0387,138.47799999999998,0.0386,3
0.037000000000000005,0.519,306187,0.6679999999999999,0,0.0,0,0.17,-5.8439999999999985,1,55,0.028,141.965,0.424,1
0.982,0.268,199840,0.222,0,0.471,5,0.109,-13.058,0,0,0.0363,78.324,0.208,7
0.995,0.721,202608,0.272,0,0.0567,2,0.133,-8.626,0,0,0.71,118.746,0.787,8
0.193,0.901,321307,0.5920000000000001,1,3.48e-05,1,0.262,-5.808,1,52,0.49,88.729,0.22,3
0.00029,0.696,177400,0.639,0,0.5329999999999999,6,0.103,-10.037,1,46,0.0818,138.783,0.9,1
0.215,0.679,248773,0.485,0,0.0,0,0.0901,-7.8370000000000015,1,51,0.0278,97.356,0.64,2
0.991,0.536,198040,0.252,0,0.716,0,0.248,-16.069000000000006,1,1,0.0299,129.78,0.389,8
0.59,0.5760000000000001,234987,0.444,0,0.0,7,0.0917,-12.003,0,46,0.111,87.413,0.703,7
0.134,0.6940000000000001,104200,0.11,1,0.0,0,0.591,-20.886,1,0,0.944,104.45,0.565,8
0.629,0.764,207920,0.426,0,0.000119,2,0.132,-11.045,1,59,0.0405,131.12,0.726,6
0.636,0.698,160000,0.6609999999999999,0,0.0,7,0.228,-9.674,1,54,0.0416,131.808,0.8240000000000001,2
0.96,0.499,179440,0.411,0,0.44,6,0.132,-6.892,1,0,0.15,88.175,0.915,8
0.0415,0.51,199929,0.774,0,0.0,2,0.177,-9.934,1,5,0.0408,175.019,0.415,9
0.935,0.416,156400,0.15,0,0.0,0,0.0945,-12.47,1,13,0.0304,87.35799999999998,0.24,7
0.154,0.742,141329,0.6629999999999999,0,0.0,10,0.197,-5.06,0,52,0.0321,113.005,0.913,6
0.6920000000000001,0.484,272293,0.38,0,0.0,2,0.161,-10.936,1,35,0.0336,120.031,0.156,4
0.379,0.47,278907,0.8059999999999999,0,0.0624,2,0.86,-7.165,1,48,0.0369,132.359,0.787,5
0.99,0.258,218480,0.246,0,0.799,5,0.408,-15.836,0,0,0.0362,146.20600000000005,0.3,9
0.306,0.573,170120,0.438,0,0.0,7,0.223,-9.9,1,34,0.026,111.803,0.551,6
0.0672,0.406,227733,0.925,0,0.0,5,0.14,-4.2010000000000005,0,44,0.0486,109.724,0.407,3
0.145,0.653,208053,0.923,0,0.0,8,0.13699999999999998,-2.1630000000000003,0,69,0.0621,114.902,0.6920000000000001,0
0.0938,0.16399999999999998,219613,0.494,0,9.18e-05,7,0.35,-12.81,1,42,0.0393,180.491,0.584,4
0.289,0.623,330627,0.586,0,0.0,4,0.307,-11.96,1,29,0.0278,106.882,0.546,3
0.0040100000000000005,0.647,575120,0.7609999999999999,0,0.7559999999999999,1,0.149,-6.737,0,54,0.0324,124.679,0.841,1
0.996,0.423,174747,0.0205,0,0.782,8,0.0819,-27.343000000000004,1,0,0.134,69.442,0.621,10
0.532,0.508,236240,0.6709999999999999,0,0.003820000000000001,7,0.309,-6.619,1,24,0.0696,132.116,0.573,5
0.551,0.769,290493,0.68,0,0.0,0,0.0558,-8.372,0,51,0.0458,167.003,0.8390000000000001,2
0.0112,0.16399999999999998,291360,0.8590000000000001,0,0.0,4,0.179,-4.0310000000000015,1,62,0.0425,175.118,0.128,2
0.987,0.363,222080,0.0414,0,0.000305,7,0.0908,-21.556,1,20,0.0423,96.215,0.196,5
0.0623,0.7759999999999999,201395,0.665,0,0.145,9,0.121,-7.454,0,65,0.145,142.935,0.381,0
0.229,0.287,197427,0.225,0,0.0225,11,0.392,-17.746,0,40,0.0306,92.201,0.496,5
0.6829999999999999,0.384,155013,0.574,0,0.8109999999999999,10,0.3670000000000001,-8.868,1,9,0.0385,105.956,0.889,8
0.981,0.0916,588640,0.0532,0,0.835,4,0.171,-24.707,1,0,0.0425,71.04,0.0367,7
0.00395,0.6759999999999999,235020,0.925,0,6.7e-06,8,0.279,-2.451,1,57,0.109,163.953,0.797,1
0.301,0.528,217893,0.406,0,0.246,0,0.0864,-13.996,1,33,0.0474,104.439,0.378,5
0.847,0.13699999999999998,193548,0.154,0,0.8590000000000001,0,0.106,-25.122,1,64,0.0444,168.831,0.0451,0
0.862,0.0892,172333,0.0316,0,0.951,5,0.154,-26.033,1,44,0.0385,166.233,0.0388,3
0.95,0.529,184373,0.127,0,0.809,3,0.222,-14.287,1,0,0.0391,85.929,0.458,9
0.991,0.375,184057,0.28600000000000003,0,0.00725,5,0.197,-10.014,1,0,0.0458,126.307,0.2,7
0.53,0.338,132613,0.5760000000000001,0,0.0,6,0.38,-6.1610000000000005,0,46,0.0372,116.237,0.662,2
0.0597,0.396,207213,0.7959999999999999,0,0.0,5,0.407,-3.253,1,59,0.0357,154.037,0.362,2
0.428,0.512,218627,0.755,0,0.133,7,0.439,-7.693,1,37,0.0305,99.797,0.736,5
0.725,0.599,173147,0.16899999999999998,0,2.94e-06,7,0.0709,-15.045,0,18,0.111,79.863,0.355,7
0.306,0.66,250533,0.44,0,0.000251,0,0.0853,-12.958,1,41,0.0431,132.937,0.484,4
0.845,0.496,103107,0.825,0,0.977,11,0.675,-15.431,0,36,0.041,140.0,0.187,3
0.945,0.508,129660,0.261,0,0.000327,4,0.354,-13.433,1,0,0.0542,120.589,0.513,7
6.59e-06,0.502,271587,0.7709999999999999,0,0.848,0,0.0929,-9.059,0,39,0.0252,131.999,0.633,2
6.28e-05,0.37,343600,0.981,0,0.00225,5,0.331,-3.2960000000000003,1,61,0.0633,155.17700000000005,0.413,2
0.913,0.171,188667,0.145,0,1.53e-05,5,0.0722,-15.724,0,0,0.0372,73.10300000000002,0.119,8
0.948,0.415,188377,0.264,0,6.31e-06,4,0.106,-8.741,1,64,0.0475,92.879,0.35700000000000004,1
0.964,0.742,191400,0.193,0,0.0338,0,0.333,-12.964,0,0,0.0937,103.117,0.921,8
0.00146,0.688,241987,0.68,0,0.000584,6,0.608,-14.34,1,46,0.0585,128.111,0.482,4
0.0109,0.7829999999999999,193467,0.584,0,2.91e-06,7,0.108,-6.572,1,53,0.0409,120.031,0.632,1
0.0368,0.8859999999999999,213173,0.775,1,0.0,7,0.525,-5.752999999999999,1,47,0.243,119.914,0.736,2
0.995,0.465,147173,0.389,0,0.506,11,0.11,-14.77,1,9,0.0395,125.01,0.741,6
0.353,0.698,202093,0.5660000000000001,0,1.48e-06,10,0.0683,-6.151,1,44,0.0444,165.987,0.965,1
0.205,0.562,220947,0.5479999999999999,0,0.0,5,0.0942,-8.222000000000001,0,57,0.0299,75.097,0.65,2
0.00106,0.259,225867,0.988,1,0.00379,1,0.0393,-3.845,1,38,0.179,100.288,0.287,2
0.0133,0.407,302987,0.612,0,0.151,11,0.133,-8.386000000000001,0,35,0.0331,149.356,0.313,5
0.986,0.58,167880,0.363,0,7.66e-06,10,0.0761,-3.054,1,3,0.0719,74.895,0.503,9
0.484,0.375,216053,0.866,0,2.02e-05,5,0.887,-4.59,1,38,0.0713,166.18400000000003,0.907,3
0.764,0.521,107400,0.716,0,0.94,3,0.123,-5.438,1,17,0.0339,97.229,0.976,6
0.852,0.498,195027,0.212,0,0.004070000000000001,7,0.0839,-18.364,1,34,0.0493,79.54899999999998,0.466,4
0.181,0.7929999999999999,240307,0.5589999999999999,0,0.00262,6,0.109,-8.707,0,41,0.0434,125.193,0.55,4
0.238,0.67,173493,0.5579999999999999,0,0.0,2,0.106,-9.159,1,67,0.0251,80.51100000000002,0.63,3
0.693,0.6509999999999999,302467,0.513,0,0.00136,10,0.08900000000000001,-11.137,1,41,0.07200000000000001,100.397,0.72,3
0.992,0.317,63293,0.076,0,0.894,10,0.12,-32.098,1,0,0.0317,135.225,0.441,8
0.231,0.297,379240,0.728,0,0.124,0,0.6659999999999999,-6.312,1,46,0.0347,134.186,0.37,2
0.0739,0.51,195892,0.586,0,0.7709999999999999,4,0.0736,-15.723,0,0,0.0363,101.888,0.6679999999999999,8
0.206,0.93,138547,0.451,0,0.0006360000000000001,7,0.109,-7.735,1,23,0.1,114.91,0.911,6
0.05,0.58,297147,0.627,0,1.68e-06,11,0.297,-8.017000000000001,1,63,0.0316,82.15100000000002,0.825,3
0.775,0.5660000000000001,139427,0.5429999999999999,0,0.00279,4,0.204,-11.796,0,40,0.0353,120.9,0.7440000000000001,6
0.000129,0.436,185600,0.935,0,0.00014099999999999998,2,0.0821,-3.946,1,59,0.0538,194.902,0.901,2
0.0983,0.737,209813,0.895,0,5.73e-05,9,0.14,-7.121,1,43,0.026,112.16,0.95,3
0.000171,0.489,245827,0.954,0,0.866,9,0.332,-7.025,0,34,0.0525,119.976,0.674,3
0.417,0.5379999999999999,165790,0.969,0,0.00154,11,0.119,-5.626,0,69,0.0906,138.65200000000002,0.928,5
0.0946,0.622,280173,0.816,0,1.09e-06,9,0.304,-8.289,0,30,0.0358,127.042,0.67,3
0.0498,0.721,294800,0.923,0,0.000224,1,0.28600000000000003,-8.19,1,30,0.0881,122.865,0.882,3
0.119,0.8270000000000001,253600,0.746,0,5.7e-05,10,0.0618,-9.614,0,24,0.0595,105.899,0.921,4
0.201,0.7070000000000001,171840,0.608,1,0.0,5,0.121,-3.841,1,62,0.213,129.872,0.607,1
0.525,0.627,178680,0.3670000000000001,0,0.0,10,0.299,-9.498,0,52,0.0451,104.391,0.593,2
0.991,0.439,189280,0.295,0,0.222,0,0.17800000000000002,-11.834,1,0,0.0671,75.47399999999998,0.71,8
0.0197,0.605,199933,0.63,0,3.14e-05,4,0.0446,-12.543,1,28,0.0616,125.906,0.53,5
0.851,0.335,193267,0.584,0,0.105,10,0.0946,-11.59,1,10,0.0606,149.143,0.28600000000000003,7
0.481,0.475,212573,0.259,0,0.0109,11,0.0745,-17.807000000000006,0,35,0.0325,121.476,0.41,5
0.265,0.518,113893,0.782,0,0.654,9,0.0769,-9.753,1,50,0.0631,163.64700000000005,0.861,6
0.8109999999999999,0.728,185091,0.6679999999999999,1,0.0,2,0.117,-8.386000000000001,0,65,0.14300000000000002,82.96700000000001,0.857,1
0.4320000000000001,0.395,181644,0.456,0,0.0,7,0.108,-5.358,1,62,0.0456,103.85,0.0608,1
0.503,0.405,157960,0.644,0,0.0,0,0.0681,-7.115,0,41,0.0495,111.667,0.52,6
0.981,0.601,138933,0.126,0,0.132,2,0.122,-18.448,1,40,0.0339,112.251,0.215,4
0.23,0.589,214107,0.7340000000000001,0,0.0,7,0.139,-9.271,1,33,0.0275,131.464,0.8140000000000001,4
0.184,0.494,260013,0.495,0,0.0,7,0.127,-8.855,1,46,0.0312,126.515,0.233,3
0.987,0.547,171128,0.152,0,0.00149,4,0.331,-16.567,1,0,0.0803,56.738,0.5660000000000001,9
0.8290000000000001,0.343,301648,0.0213,0,0.684,7,0.121,-28.714,0,47,0.0386,111.372,0.54,5
0.974,0.154,220307,0.0985,0,0.797,1,0.107,-25.792,1,10,0.0371,145.421,0.0345,7
0.986,0.431,168960,0.253,0,0.875,5,0.104,-16.827,1,8,0.0395,76.36399999999998,0.659,7
0.96,0.513,290253,0.34600000000000003,0,0.873,5,0.116,-13.836,0,19,0.0414,122.204,0.615,7
0.877,0.24,188324,0.116,0,0.00092,0,0.1,-13.216,1,69,0.0329,77.34899999999998,0.0937,1
0.155,0.253,183613,0.55,0,2.05e-05,2,0.0786,-7.7429999999999986,1,38,0.0305,100.011,0.643,5
0.379,0.443,293067,0.447,0,2.09e-05,3,0.126,-13.304,1,24,0.0407,123.532,0.189,5
0.0604,0.688,222173,0.716,0,0.00106,11,0.102,-8.562999999999999,1,41,0.0294,118.599,0.243,5
0.0323,0.75,233987,0.914,0,0.0,11,0.107,-1.819,0,51,0.0518,125.034,0.866,1
0.006509999999999999,0.353,133520,0.974,0,7.42e-06,2,0.277,-2.191,1,31,0.0467,188.433,0.923,5
0.106,0.416,380600,0.88,0,0.417,11,0.303,-7.922999999999999,0,29,0.0604,103.158,0.597,5
0.959,0.426,237267,0.175,0,0.0,5,0.151,-15.995,1,22,0.041,116.034,0.454,7
0.794,0.179,334107,0.5329999999999999,0,0.504,2,0.227,-4.29,1,23,0.0307,75.458,0.113,6
0.8690000000000001,0.933,199720,0.48,0,0.893,2,0.136,-12.986,1,31,0.134,101.951,0.675,5
0.29,0.818,150187,0.5760000000000001,1,0.0,0,0.105,-7.587999999999999,0,63,0.162,96.189,0.285,1
0.409,0.82,258280,0.635,1,0.0,5,0.244,-5.749,0,75,0.0772,101.024,0.528,0
0.8270000000000001,0.867,276760,0.503,0,0.464,8,0.184,-8.431000000000001,1,51,0.0334,111.016,0.474,1
0.767,0.222,355634,0.0555,0,0.923,0,0.118,-22.118,1,53,0.0321,98.941,0.033,3
0.0073799999999999985,0.8640000000000001,237467,0.8190000000000001,1,0.0,11,0.905,-3.117,0,34,0.0925,112.979,0.721,2
0.411,0.399,329493,0.364,0,0.104,2,0.14400000000000002,-12.274,1,23,0.0303,136.05100000000002,0.385,6
0.988,0.41,29200,0.135,0,0.95,1,0.113,-21.629,0,0,0.0584,74.759,0.742,7
0.12,0.8690000000000001,249800,0.691,0,0.0,7,0.102,-6.872000000000001,1,63,0.192,95.019,0.875,1
0.605,0.259,170160,0.171,0,0.86,3,0.212,-16.331,1,7,0.0332,78.933,0.158,6
0.0483,0.5670000000000001,196067,0.946,0,0.0,2,0.0891,-0.795,0,42,0.0365,101.782,0.74,3
0.008140000000000001,0.506,202813,0.964,0,0.0159,4,0.304,-3.881,0,49,0.0398,122.785,0.696,3
0.506,0.551,183320,0.488,0,9.29e-06,10,0.124,-7.327000000000001,1,23,0.0321,147.727,0.317,6
0.8640000000000001,0.595,228440,0.274,0,2.6e-05,8,0.295,-12.243,1,37,0.0266,102.181,0.275,4
0.026,0.387,278013,0.846,0,4.06e-05,10,0.146,-6.905,0,43,0.0945,127.057,0.37,2
0.985,0.631,164467,0.289,0,0.114,0,0.215,-16.549,1,8,0.0316,130.174,0.867,8
0.84,0.713,191137,0.331,0,0.7759999999999999,2,0.14,-11.033,1,0,0.0533,77.07600000000002,0.7040000000000001,8
0.621,0.395,237400,0.768,0,0.934,10,0.598,-5.75,1,0,0.114,203.83900000000003,0.486,8
0.785,0.384,156147,0.434,0,0.926,10,0.204,-7.435,1,17,0.0308,56.20399999999999,0.325,6
0.0945,0.39,200307,0.647,0,0.00114,10,0.0947,-6.504,1,41,0.0327,111.215,0.158,5
0.145,0.491,245674,0.464,1,1.57e-06,5,0.107,-7.188,0,68,0.0875,124.352,0.183,0
0.8590000000000001,0.612,356693,0.0795,0,0.363,5,0.139,-17.730999999999995,0,21,0.0382,74.205,0.295,6
0.0008449999999999999,0.655,271667,0.8909999999999999,0,1.31e-06,9,0.284,-5.172999999999999,0,32,0.0567,136.525,0.936,4
0.967,0.573,192400,0.337,0,0.0,1,0.0962,-7.216,1,0,0.0447,132.309,0.773,9
0.95,0.637,160720,0.495,0,0.393,2,0.28800000000000003,-4.942,1,0,0.0398,121.217,0.813,9
0.0132,0.0,360072,0.53,0,0.84,1,0.491,-19.052,1,46,0.0,0.0,0.0,2
0.863,0.675,174693,0.4270000000000001,0,0.276,7,0.0693,-9.681,1,0,0.324,163.77200000000005,0.945,9
0.311,0.525,195707,0.508,0,1.32e-05,2,0.469,-10.399,0,20,0.053,164.134,0.669,5
0.445,0.542,269813,0.627,0,0.0,7,0.0929,-7.46,1,50,0.033,136.839,0.117,3
0.959,0.255,151893,0.13699999999999998,0,0.0,7,0.13,-13.916,1,21,0.0313,86.20200000000001,0.265,7
0.0069700000000000005,0.236,208587,0.7979999999999999,0,1.3e-05,9,0.314,-6.395,1,22,0.054000000000000006,145.209,0.583,5
0.848,0.522,37440,0.445,0,0.000227,8,0.206,-16.359,1,18,0.118,134.74,0.7140000000000001,9
0.195,0.838,171280,0.665,0,0.00683,9,0.122,-6.159,0,44,0.0491,104.998,0.764,3
0.428,0.53,202785,0.843,1,0.0,1,0.16399999999999998,-2.271,1,62,0.39,199.946,0.919,1
0.0194,0.665,213560,0.8440000000000001,0,0.000162,5,0.0708,-6.632999999999999,0,44,0.0675,117.976,0.773,3
0.000193,0.333,242440,0.883,0,0.259,0,0.313,-4.4860000000000015,1,48,0.0403,148.81799999999996,0.6729999999999999,2
0.7609999999999999,0.5489999999999999,164440,0.289,0,0.0,0,0.0694,-16.129,1,21,0.0486,111.828,0.45,6
0.738,0.391,112733,0.752,0,1.7100000000000002e-05,0,0.0537,-9.683,1,37,0.0383,186.574,0.956,7
0.0245,0.501,324467,0.537,0,0.0,4,0.064,-8.398,1,43,0.0328,147.995,0.348,2
0.904,0.142,486627,0.102,0,0.821,3,0.328,-17.56,0,0,0.0341,67.595,0.0508,7
0.335,0.205,238933,0.17,0,0.000362,1,0.361,-20.692,1,46,0.0351,126.962,0.175,6
0.994,0.196,117653,0.0502,0,0.887,8,0.14400000000000002,-29.045,1,0,0.0357,73.584,0.152,8
0.989,0.299,206947,0.159,0,0.882,8,0.123,-20.6,0,9,0.0328,134.446,0.111,9
0.954,0.46,65027,0.23,0,0.000487,11,0.0995,-18.505,1,3,0.146,97.935,0.522,8
0.938,0.223,181600,0.293,0,0.903,7,0.634,-13.982,1,27,0.0335,73.906,0.154,7
0.025,0.838,256493,0.453,0,2.42e-05,8,0.116,-11.536,1,55,0.31,78.837,0.815,2
0.189,0.861,185373,0.321,0,0.326,10,0.513,-15.157,0,0,0.617,132.612,0.853,8
0.0069,0.239,384400,0.471,0,0.14800000000000002,9,0.118,-13.404000000000002,1,34,0.0333,106.999,0.501,3
0.882,0.52,227613,0.0817,0,2.1600000000000007e-05,9,0.111,-18.061,1,39,0.0438,107.998,0.272,7
0.529,0.32,241000,0.405,0,0.928,9,0.112,-16.387999999999998,1,25,0.0329,96.605,0.747,5
0.225,0.6,245493,0.6629999999999999,0,0.0,3,0.119,-5.8020000000000005,1,81,0.0477,121.07,0.28600000000000003,1
0.436,0.66,418493,0.406,0,0.000243,1,0.197,-13.341,0,54,0.0435,137.635,0.447,2
0.476,0.648,280507,0.194,0,0.0102,5,0.09,-13.318,0,48,0.037000000000000005,173.231,0.304,3
0.46,0.809,198973,0.547,1,0.0,9,0.0543,-7.3039999999999985,1,28,0.0609,95.012,0.7170000000000001,0
0.0103,0.562,272467,0.652,1,0.0,1,0.557,-9.253,0,46,0.426,177.987,0.545,3
0.00502,0.777,293067,0.677,0,0.0,10,0.105,-8.094,0,32,0.0479,102.247,0.687,3
0.49,0.5760000000000001,178093,0.805,0,1.41e-06,7,0.0638,-11.101,1,27,0.101,90.23,0.74,5
0.926,0.17600000000000002,258227,0.0943,0,0.889,2,0.218,-12.231,1,41,0.0341,144.632,0.062,3
0.96,0.106,671733,0.184,0,0.826,6,0.104,-18.056,1,0,0.0395,76.389,0.039,8
0.67,0.915,155040,0.434,0,6.46e-06,10,0.106,-10.711,0,14,0.0438,106.171,0.8420000000000001,7
0.994,0.266,36973,0.345,0,0.91,4,0.16,-17.299,0,22,0.0379,167.857,0.961,7
0.878,0.0839,315307,0.0304,0,0.926,6,0.0978,-21.898000000000003,1,0,0.045,171.09599999999998,0.0309,9
0.893,0.6609999999999999,324600,0.123,0,0.000338,5,0.114,-19.353,0,40,0.0451,130.055,0.374,6
0.452,0.373,310467,0.385,0,0.0,5,0.753,-13.44,1,28,0.394,82.70700000000002,0.371,5
0.433,0.6,163093,0.909,0,0.0,1,0.337,-5.154,0,32,0.0742,141.678,0.94,5
0.992,0.326,208889,0.374,0,0.596,6,0.6629999999999999,-12.16,0,0,0.0669,84.344,0.474,8
0.988,0.7240000000000001,192387,0.451,0,0.6859999999999999,7,0.606,-7.609,1,2,0.16399999999999998,125.952,0.7020000000000001,9
0.51,0.49,298627,0.449,0,0.114,5,0.0658,-10.348,0,30,0.0453,169.46900000000005,0.688,5
0.255,0.7,209067,0.535,0,0.395,7,0.13699999999999998,-11.97,1,33,0.05,119.46,0.654,5
0.866,0.581,254745,0.168,0,0.242,4,0.12,-12.571,1,1,0.0326,106.086,0.239,9
0.34700000000000003,0.628,99500,0.226,1,0.0,11,0.161,-13.976,0,0,0.946,174.83,0.6559999999999999,9
0.99,0.516,195467,0.447,0,0.16399999999999998,2,0.213,-11.354,1,0,0.0323,90.211,0.675,9
0.927,0.7340000000000001,175693,0.474,0,0.0762,10,0.737,-10.544,1,2,0.256,132.78799999999998,0.902,10
0.728,0.647,239040,0.732,0,0.0,0,0.59,-4.87,1,68,0.0369,158.046,0.908,2
0.91,0.421,109627,0.18,0,0.0,7,0.514,-16.649,1,1,0.0402,132.674,0.607,7
0.0511,0.63,151000,0.928,0,0.0,0,0.163,-3.2310000000000003,1,46,0.0715,104.974,0.594,2
0.607,0.5479999999999999,305751,0.387,0,0.0,2,0.381,-7.33,1,34,0.0294,85.573,0.57,6
0.007390000000000002,0.888,123373,0.522,1,0.0,1,0.0452,-8.936,1,73,0.43,144.011,0.623,1
0.00248,0.586,300467,0.785,0,0.0861,0,0.0777,-10.614,1,40,0.034,115.788,0.5429999999999999,4
0.0274,0.56,283600,0.8690000000000001,0,0.0,8,0.0492,-9.602,0,41,0.0568,125.56,0.52,3
0.86,0.5820000000000001,164707,0.229,0,4.53e-06,0,0.229,-15.007,1,34,0.0544,104.884,0.389,4
0.326,0.738,246973,0.7170000000000001,0,3.79e-05,6,0.133,-9.623,1,44,0.0545,95.949,0.915,4
0.00352,0.416,211733,0.792,0,0.105,6,0.402,-11.885,1,30,0.0604,104.708,0.52,4
0.000891,0.369,245333,0.797,0,0.371,6,0.0482,-5.794,1,40,0.0594,196.174,0.342,2
0.274,0.669,203067,0.669,0,0.0,0,0.289,-4.185,1,66,0.085,95.023,0.546,1
0.995,0.336,197347,0.141,0,0.922,11,0.29600000000000004,-15.88,1,0,0.0676,173.91099999999997,0.423,7
0.856,0.602,219027,0.183,0,0.0,0,0.442,-24.088,0,19,0.732,116.602,0.5479999999999999,7
0.0965,0.851,257853,0.8079999999999999,0,0.00156,0,0.136,-7.135,0,22,0.0413,113.625,0.964,4
1.04e-05,0.568,260333,0.932,0,0.101,0,0.0664,-3.671,1,46,0.0522,140.109,0.6679999999999999,2
0.933,0.281,172960,0.14300000000000002,0,0.0,1,0.329,-14.482,1,33,0.0332,80.374,0.269,4
0.995,0.28,182413,0.0241,0,0.915,8,0.2,-24.95,1,0,0.0496,69.805,0.195,8
0.0020800000000000003,0.487,222013,0.905,0,0.00345,2,0.117,-4.337,0,53,0.0562,145.025,0.317,2
0.4270000000000001,0.736,154600,0.653,0,1.13e-05,9,0.447,-6.121,1,31,0.0378,99.38,0.8859999999999999,4
0.888,0.482,185533,0.214,0,0.0029,10,0.287,-15.021,1,28,0.0277,88.649,0.442,5
0.0402,0.377,143173,0.444,0,0.0,4,0.139,-9.085,1,25,0.0352,132.74200000000002,0.518,6
0.0624,0.545,204173,0.861,0,0.0,3,0.131,-4.819,0,50,0.034,105.017,0.279,2
0.993,0.423,192587,0.409,0,3.07e-06,0,0.342,-11.573,0,0,0.0364,100.719,0.617,9
0.00397,0.363,330227,0.905,0,0.000402,1,0.375,-7.7810000000000015,1,51,0.0519,81.292,0.53,3
0.851,0.393,230000,0.815,0,0.4370000000000001,10,0.116,-9.605,0,45,0.16899999999999998,120.501,0.22,6
0.995,0.657,164387,0.119,0,0.964,4,0.104,-17.413,1,30,0.0882,136.624,0.655,4
0.191,0.501,379827,0.8029999999999999,0,9.63e-06,4,0.0767,-7.423999999999999,1,44,0.0756,157.488,0.39,3
0.384,0.401,271025,0.67,0,0.66,11,0.0837,-8.766,1,56,0.0397,77.708,0.192,1
0.0517,0.731,214600,0.818,1,0.0,1,0.0743,-4.564,0,55,0.0638,120.993,0.812,1
0.36,0.5670000000000001,115518,0.687,0,0.00293,1,0.474,-9.041,0,72,0.125,128.201,0.396,1
0.8809999999999999,0.7,157707,0.273,0,0.00417,7,0.0722,-11.826,0,0,0.0892,135.713,0.843,8
0.0193,0.7490000000000001,269554,0.794,1,0.0,0,0.5429999999999999,-5.063,1,74,0.064,135.959,0.46,1
0.947,0.438,291173,0.106,0,0.000103,0,0.147,-14.939,1,38,0.0353,118.785,0.0508,7
0.183,0.588,275493,0.873,0,0.000522,7,0.229,-6.021,1,28,0.048,145.66299999999995,0.444,4
0.6409999999999999,0.35100000000000003,206493,0.747,0,0.000966,9,0.141,-7.063,1,42,0.0435,77.829,0.645,2
0.315,0.616,196018,0.833,0,0.0,3,0.175,-3.314,0,68,0.067,97.898,0.595,1
0.446,0.212,201133,0.568,0,0.0,10,0.0879,-7.466,1,37,0.0335,188.046,0.337,6
0.805,0.542,242360,0.536,0,3.33e-06,5,0.306,-8.708,0,23,0.0387,116.202,0.916,7
0.00169,0.214,177560,0.8640000000000001,0,0.171,0,0.578,-5.931,1,25,0.0467,186.792,0.7340000000000001,4
0.995,0.67,117867,0.193,0,0.0,7,0.17,-16.969,0,0,0.177,121.957,0.754,10
0.35600000000000004,0.456,197840,0.482,0,0.0,10,0.344,-10.654000000000002,1,53,0.0312,105.879,0.393,6
0.944,0.565,996000,0.3,0,0.0,10,0.214,-23.942,1,0,0.908,60.708,0.399,8
0.101,0.636,178973,0.8009999999999999,0,1.06e-06,7,0.195,-5.247999999999998,1,28,0.0265,124.999,0.908,4
0.924,0.54,158613,0.188,0,0.0,0,0.11,-14.698,1,18,0.0317,81.125,0.325,6
0.355,0.7040000000000001,290493,0.8109999999999999,0,0.000189,9,0.13,-5.308,1,59,0.0277,91.97,0.578,2
0.967,0.16899999999999998,222640,0.16,0,0.000195,3,0.319,-15.169,1,8,0.0361,170.234,0.0783,7
0.00316,0.622,143627,0.846,0,0.0,11,0.0989,-4.831,0,44,0.0311,110.683,0.914,2
0.131,0.454,201800,0.962,0,0.000126,6,0.416,-7.2010000000000005,1,29,0.0537,154.64700000000005,0.767,5
0.96,0.802,219507,0.109,0,0.0,9,0.109,-13.215,1,60,0.0402,109.043,0.326,2
0.106,0.6629999999999999,301293,0.511,0,1.05e-05,0,0.0769,-8.744,1,30,0.0293,125.22,0.687,4
0.878,0.505,512106,0.268,0,0.0102,2,0.16899999999999998,-12.630999999999998,1,24,0.0422,78.08800000000002,0.47,7
0.238,0.851,259600,0.688,0,1.93e-05,11,0.105,-4.038,1,86,0.0565,103.982,0.732,1
0.7340000000000001,0.449,161600,0.269,0,0.0,11,0.443,-12.425,0,19,0.0344,85.725,0.451,5
0.984,0.381,208562,0.102,0,0.00106,4,0.399,-15.925,0,0,0.0369,94.366,0.252,8
0.184,0.568,301960,0.799,0,0.00123,2,0.635,-7.302,1,23,0.0543,99.072,0.755,5
0.7509999999999999,0.8079999999999999,297947,0.513,0,0.000253,4,0.0516,-9.344,0,55,0.0435,92.545,0.877,3
0.987,0.22,752107,0.149,0,0.885,2,0.117,-18.183,0,0,0.0385,74.10300000000002,0.13,7
0.989,0.715,208550,0.171,0,0.00137,4,0.102,-7.16,0,0,0.433,72.85600000000002,0.536,8
0.995,0.297,189800,0.0948,0,0.875,10,0.0688,-23.398000000000003,1,29,0.0498,100.61,0.311,7
0.00707,0.458,458600,0.73,0,0.0136,2,0.0939,-6.778,1,28,0.0282,121.337,0.8370000000000001,5
0.368,0.547,186267,0.534,0,0.0,2,0.32,-7.101,1,3,0.0313,136.45,0.954,8
0.36,0.5710000000000001,256267,0.8290000000000001,0,0.44,2,0.118,-6.858,1,43,0.0319,98.412,0.765,5
0.965,0.624,165600,0.37,0,0.466,8,0.0639,-12.871,1,9,0.0862,180.046,0.96,9
0.7340000000000001,0.603,147987,0.429,0,0.0,2,0.265,-9.668,1,47,0.25,144.7,0.799,2
0.118,0.619,184360,0.718,0,0.0,2,0.0646,-11.35,1,29,0.0363,88.57,0.813,5
0.0447,0.609,217120,0.5870000000000001,0,0.958,3,0.162,-11.445,1,38,0.0286,113.006,0.428,2
0.809,0.451,162175,0.0583,0,0.00515,4,0.112,-16.371,1,36,0.0319,80.13600000000002,0.29100000000000004,5
0.98,0.325,176080,0.114,0,0.117,0,0.125,-16.861,1,2,0.0459,170.021,0.5429999999999999,9
0.99,0.282,277133,0.152,0,0.905,2,0.0676,-20.094,1,49,0.0349,84.109,0.051,2
0.204,0.685,221027,0.731,0,0.0,5,0.0722,-5.119,0,67,0.093,177.912,0.7859999999999999,1
0.334,0.627,230107,0.385,0,0.0,9,0.182,-13.655,0,52,0.0537,205.726,0.7659999999999999,4
0.0682,0.687,291800,0.565,1,0.599,7,0.101,-9.613,1,60,0.0316,97.084,0.613,3
0.142,0.7509999999999999,232150,0.7190000000000001,0,0.0,6,0.14800000000000002,-5.198,0,70,0.0373,98.01,0.4370000000000001,1
0.139,0.253,277827,0.7759999999999999,0,0.00108,6,0.967,-13.589,0,33,0.0506,147.409,0.542,4
0.845,0.184,326347,0.12,0,0.625,4,0.14,-20.99,0,23,0.0485,120.617,0.0379,4
0.28600000000000003,0.6509999999999999,200893,0.6409999999999999,0,0.00132,7,0.0997,-9.697,1,40,0.0369,93.534,0.629,3
0.483,0.488,380333,0.417,0,0.000749,9,0.0945,-11.96,0,47,0.0297,116.244,0.121,3
0.93,0.579,270507,0.141,0,0.0,2,0.805,-19.64,1,0,0.583,71.242,0.397,7
0.0321,0.705,179427,0.753,0,6.69e-06,1,0.0655,-3.114,0,43,0.0384,128.047,0.906,2
0.982,0.084,427360,0.00835,0,0.943,8,0.0597,-33.475,0,49,0.041,83.285,0.0679,4
0.995,0.517,169173,0.271,0,0.0,6,0.368,-15.487,0,0,0.0551,90.39,0.767,10
0.102,0.8170000000000001,211827,0.623,0,0.0,7,0.0517,-5.716,1,39,0.0674,135.632,0.949,2
0.907,0.416,219240,0.465,0,0.000291,5,0.0956,-10.311,1,25,0.0606,131.002,0.308,4
0.624,0.519,133067,0.499,0,5.86e-06,10,0.0983,-13.986,1,30,0.0327,98.136,0.8859999999999999,7
0.8590000000000001,0.377,229507,0.124,0,7.97e-06,1,0.13,-19.974,0,32,0.0491,87.98100000000002,0.231,4
0.133,0.523,255387,0.382,0,0.0,8,0.11,-8.386000000000001,1,49,0.0274,77.925,0.274,1
0.861,0.299,239480,0.183,0,0.00209,10,0.104,-17.887,0,25,0.0341,180.253,0.159,6
0.981,0.371,267319,0.411,0,0.0006309999999999999,0,0.349,-8.022,1,0,0.0553,77.39399999999998,0.395,9
0.408,0.647,289893,0.482,1,0.0222,2,0.199,-6.631,1,47,0.0262,125.816,0.359,2
0.0199,0.62,236067,0.72,0,0.0176,6,0.404,-11.575,0,51,0.0419,119.964,0.853,3
0.162,0.675,297333,0.7190000000000001,0,0.0125,7,0.8909999999999999,-11.786,1,20,0.0298,126.852,0.961,6
0.6809999999999999,0.16699999999999998,164893,0.303,0,0.000378,0,0.362,-13.3,1,0,0.0493,180.904,0.0703,8
0.504,0.407,264467,0.0926,0,0.127,7,0.117,-20.77,1,53,0.0318,161.916,0.205,3
0.000131,0.479,212240,0.831,0,0.863,9,0.194,-7.957999999999997,1,36,0.0357,103.058,0.5760000000000001,3
0.35600000000000004,0.669,145900,0.38,1,0.0,5,0.34700000000000003,-14.338,1,0,0.948,80.845,0.552,7
0.0218,0.493,171267,0.7959999999999999,0,5.660000000000003e-05,8,0.174,-8.892000000000003,0,32,0.0368,148.165,0.898,5
0.235,0.624,234267,0.7609999999999999,0,0.00015,11,0.162,-8.427999999999999,0,36,0.0293,88.542,0.7190000000000001,3
0.00221,0.485,183267,0.769,0,0.494,6,0.246,-5.931,0,39,0.028,111.013,0.7929999999999999,3
0.991,0.513,180507,0.446,0,0.772,2,0.183,-12.693,1,0,0.17600000000000002,76.575,0.912,9
0.0343,0.61,119333,0.748,1,0.0,5,0.0621,-4.232,1,69,0.127,68.398,0.741,1
0.96,0.324,172413,0.109,0,0.00321,5,0.117,-16.607,0,19,0.0358,69.274,0.316,6
0.00372,0.581,205333,0.937,0,0.011,2,0.368,-6.5779999999999985,1,35,0.0765,119.125,0.229,4
0.225,0.433,153240,0.7609999999999999,0,0.00428,0,0.674,-13.668,1,25,0.063,159.365,0.7859999999999999,5
0.403,0.473,219187,0.211,0,0.0,9,0.426,-18.017,0,47,0.0449,109.81,0.25,5
0.0883,0.899,76440,0.431,0,0.000147,0,0.128,-10.249,1,33,0.0446,99.979,0.951,2
0.7290000000000001,0.625,213853,0.44,0,0.00162,10,0.079,-12.576,1,35,0.236,142.894,0.7879999999999999,5
0.863,0.5579999999999999,155507,0.435,0,0.00389,6,0.138,-9.325,1,5,0.0271,133.832,0.708,7
0.277,0.545,347160,0.6679999999999999,0,0.0,1,0.0472,-11.08,1,39,0.0446,100.626,0.49,3
0.00129,0.564,303467,0.8340000000000001,1,0.0,2,0.8859999999999999,-6.978,1,54,0.0384,93.906,0.534,3
0.0195,0.453,273480,0.987,0,0.28300000000000003,8,0.268,-4.485,1,72,0.0889,123.544,0.316,4
0.99,0.152,153280,0.0214,0,0.8590000000000001,6,0.0543,-29.64,0,0,0.0393,75.266,0.0351,8
0.833,0.588,173160,0.159,0,0.0,8,0.0582,-12.082,1,0,0.0327,78.221,0.366,10
0.000114,0.313,208920,0.99,0,0.746,9,0.33,-5.385,1,30,0.151,103.335,0.0367,4
0.967,0.4970000000000001,132360,0.185,0,0.00902,7,0.17,-16.04,1,0,0.0912,96.932,0.252,8
0.964,0.122,346840,0.121,0,0.948,0,0.0955,-24.50800000000001,1,40,0.0402,77.747,0.0321,2
0.986,0.334,96133,0.157,0,0.928,6,0.105,-19.931,1,0,0.0397,121.23,0.361,10
0.929,0.311,153373,0.0897,0,0.917,0,0.147,-16.256,0,33,0.0321,86.73299999999998,0.0747,4
0.00947,0.593,368693,0.7120000000000001,0,0.218,7,0.061,-12.946,1,34,0.0411,131.412,0.45,4
0.337,0.665,227387,0.696,1,0.0,0,0.106,-5.763,1,71,0.0521,90.116,0.711,2
0.996,0.262,169307,0.515,0,0.966,3,0.303,-12.606,0,0,0.0685,74.955,0.795,10
0.99,0.411,108280,0.416,0,0.468,7,0.187,-8.496,0,0,0.0882,165.46099999999996,0.6709999999999999,8
0.591,0.613,224144,0.34700000000000003,0,0.0,5,0.0959,-6.4860000000000015,1,72,0.034,109.764,0.25,1
0.875,0.34,78000,0.254,0,0.916,3,0.119,-26.119,1,23,0.0406,140.842,0.975,6
0.1,0.687,190707,0.845,0,0.0,7,0.0472,-4.37,1,58,0.0576,87.97200000000002,0.809,1
0.992,0.456,161400,0.203,0,0.84,8,0.14400000000000002,-18.601,1,1,0.0351,97.335,0.14,7
0.975,0.799,166467,0.188,0,0.882,8,0.142,-15.313,1,4,0.0467,97.91,0.454,7
0.239,0.6409999999999999,276600,0.669,0,3e-06,0,0.117,-5.558,1,52,0.0318,134.925,0.55,2
0.614,0.552,291493,0.423,0,2.27e-06,4,0.273,-10.989,0,0,0.154,111.081,0.696,8
0.102,0.877,198217,0.8390000000000001,1,0.0,8,0.0735,-3.988,1,50,0.275,71.977,0.926,2
0.622,0.659,119093,0.29,0,0.226,11,0.201,-17.838,0,18,0.0365,116.309,0.6659999999999999,6
0.942,0.345,671467,0.241,0,0.878,3,0.364,-11.205,1,0,0.0378,132.66299999999998,0.281,8
0.757,0.54,102800,0.41,0,0.0,3,0.515,-12.332,1,12,0.363,66.42,0.8640000000000001,7
0.241,0.366,290440,0.674,0,0.000169,0,0.0849,-10.359000000000002,1,32,0.0522,145.33100000000005,0.545,5
0.787,0.637,163133,0.429,0,0.0,8,0.332,-12.836,1,28,0.0578,143.57399999999996,0.934,7
0.565,0.728,109800,0.14300000000000002,1,0.0,0,0.489,-19.115,1,0,0.928,100.122,0.565,8
0.98,0.364,262467,0.16399999999999998,0,6.620000000000001e-05,0,0.173,-16.232,1,0,0.0414,108.295,0.135,7
0.156,0.368,196933,0.45,0,0.0,5,0.107,-7.121,1,44,0.0276,139.217,0.184,3
0.976,0.546,209533,0.34600000000000003,0,0.555,7,0.272,-13.326,0,3,0.0339,98.087,0.81,7
0.8290000000000001,0.816,174933,0.479,0,0.006670000000000001,7,0.0723,-9.199,1,19,0.0452,132.642,0.92,7
0.0374,0.652,251493,0.6709999999999999,0,0.0,9,0.0856,-5.553,0,55,0.0372,123.004,0.635,2
0.823,0.623,172533,0.0986,0,0.0,1,0.23,-10.503,1,38,0.0413,123.772,0.524,8
0.000181,0.54,180554,0.949,0,2.39e-05,7,0.746,-4.23,0,54,0.0702,103.458,0.747,1
0.8340000000000001,0.5870000000000001,317240,0.187,0,0.00481,5,0.163,-17.915,0,5,0.0407,134.539,0.6509999999999999,7
0.984,0.345,192840,0.155,0,0.968,7,0.111,-20.186,0,0,0.0872,178.736,0.718,7
0.926,0.669,218400,0.246,0,0.0194,7,0.108,-13.997,1,44,0.0311,122.005,0.17,2
0.763,0.528,427267,0.542,0,0.00676,3,0.0546,-9.372,1,37,0.0477,125.467,0.652,7
0.0168,0.6809999999999999,252173,0.879,1,3.65e-06,0,0.309,-4.029,0,40,0.0627,85.711,0.5579999999999999,3
0.936,0.28,198773,0.152,0,1.03e-05,5,0.107,-14.809,1,14,0.0352,126.358,0.127,7
0.994,0.713,182267,0.0686,0,0.932,3,0.111,-20.811,0,0,0.0868,71.40899999999998,0.698,7
0.0142,0.916,319413,0.7040000000000001,0,0.0114,4,0.0613,-10.923,0,45,0.0942,127.051,0.476,4
0.0431,0.599,202213,0.8740000000000001,0,0.000729,4,0.177,-6.06,1,21,0.136,185.876,0.924,4
0.8290000000000001,0.585,273000,0.304,0,0.0215,1,0.159,-17.307000000000002,1,22,0.0333,144.192,0.603,6
0.00895,0.311,317987,0.882,0,0.205,2,0.253,-3.26,1,55,0.215,162.189,0.435,3
0.604,0.35,188107,0.664,0,0.0,11,0.0877,-4.955,0,60,0.0892,171.644,0.5710000000000001,2
0.604,0.461,196840,0.185,0,0.0,2,0.121,-18.087,1,32,0.0502,95.509,0.405,6
2.28e-05,0.358,198600,0.985,0,0.0,4,0.411,-4.067,1,41,0.198,184.814,0.524,2
0.405,0.836,183760,0.393,0,0.0111,7,0.511,-14.243,1,29,0.0439,126.675,0.893,5
0.482,0.608,285520,0.858,0,0.0,3,0.146,-4.439,1,56,0.0381,151.985,0.727,3
0.278,0.765,153351,0.542,1,1.87e-05,1,0.609,-6.755,1,69,0.39,171.945,0.7340000000000001,1
0.799,0.485,209933,0.389,1,0.0,0,0.146,-10.765,1,71,0.298,93.175,0.391,0
0.742,0.343,133200,0.447,0,0.0,2,0.308,-10.238,1,28,0.0327,90.833,0.536,6
0.855,0.433,161400,0.476,0,0.0,2,0.314,-7.688,0,8,0.0741,144.111,0.821,7
0.443,0.82,231240,0.809,1,0.00175,4,0.0613,-6.759,0,69,0.251,83.01100000000002,0.737,2
0.203,0.507,208107,0.394,0,2.12e-05,2,0.0992,-15.026,1,20,0.0277,142.05100000000004,0.846,5
0.86,0.398,138893,0.201,0,1.31e-06,9,0.386,-13.479,0,27,0.0369,81.61399999999998,0.228,6
0.102,0.5760000000000001,176040,0.889,0,8.900000000000001e-06,10,0.0539,-7.4929999999999986,1,31,0.0433,121.065,0.8140000000000001,5
0.00085,0.383,214797,0.9,0,1.94e-06,7,0.271,-5.42,1,65,0.134,183.96,0.28600000000000003,1
0.789,0.672,56067,0.52,0,0.238,0,0.122,-7.806,1,14,0.0469,112.335,0.244,6
0.885,0.5770000000000001,175960,0.334,0,1.59e-06,4,0.224,-9.128,1,4,0.0582,92.863,0.57,7
0.6609999999999999,0.621,101800,0.162,1,0.0,2,0.4320000000000001,-15.19,1,0,0.944,180.009,0.619,9
0.126,0.665,162933,0.747,0,0.0,0,0.0721,-6.745,1,39,0.0309,90.628,0.669,5
0.975,0.552,197027,0.246,0,0.6970000000000001,0,0.0835,-10.728,1,0,0.0938,202.378,0.6709999999999999,10
0.24,0.481,140293,0.8240000000000001,0,0.0644,10,0.519,-9.508,0,32,0.215,113.789,0.54,3
0.048,0.8290000000000001,166296,0.398,0,0.00499,1,0.0798,-16.918,1,0,0.0517,124.878,0.44,8
0.515,0.759,237507,0.245,1,0.000154,6,0.102,-6.545,1,61,0.138,96.992,0.209,1
0.0326,0.303,344600,0.665,0,0.00592,5,0.214,-7.27,0,36,0.0452,133.441,0.436,5
0.919,0.35700000000000004,183867,0.19,0,1.24e-06,7,0.153,-16.004,1,20,0.0698,177.77,0.471,7
0.205,0.5539999999999999,140280,0.742,0,0.0,6,0.076,-7.098,0,40,0.0331,94.969,0.746,5
0.0384,0.388,143360,0.903,0,0.000418,5,0.315,-7.798999999999999,0,38,0.0511,184.734,0.7090000000000001,3
0.00855,0.506,262333,0.946,0,0.897,9,0.335,-7.12,1,35,0.0347,131.166,0.7170000000000001,3
0.326,0.441,166213,0.568,0,0.0,4,0.368,-8.833,1,58,0.0298,130.131,0.721,5
0.0969,0.5479999999999999,179960,0.723,0,1.28e-05,6,0.337,-6.002000000000002,1,52,0.0375,125.088,0.499,1
0.63,0.514,284973,0.358,0,0.0174,4,0.109,-8.453,1,33,0.0307,128.076,0.106,5
0.119,0.5579999999999999,182467,0.561,0,0.000391,4,0.195,-12.156,0,23,0.0561,124.751,0.401,6
0.703,0.5329999999999999,265585,0.456,0,0.0,2,0.18,-6.392,1,64,0.0265,136.11700000000002,0.289,3
0.0218,0.812,198320,0.67,0,0.0,5,0.0518,-6.385,0,64,0.0565,137.03799999999998,0.439,2
0.00212,0.6920000000000001,282867,0.773,0,0.0558,9,0.097,-6.689,0,29,0.0362,133.613,0.856,4
0.0398,0.8909999999999999,190512,0.78,0,0.0,2,0.0548,-6.416,0,58,0.0701,95.998,0.931,1
0.78,0.85,139187,0.315,0,0.000741,2,0.07400000000000001,-7.9060000000000015,1,1,0.0353,92.904,0.6559999999999999,7
0.968,0.882,163493,0.4320000000000001,0,0.26,0,0.101,-6.4129999999999985,1,0,0.158,119.261,0.899,9
0.7290000000000001,0.545,170173,0.629,0,0.0016300000000000002,10,0.33,-10.182,1,2,0.0921,94.676,0.6679999999999999,8
0.0663,0.589,240508,0.826,0,0.000735,0,0.3670000000000001,-4.577,0,62,0.0776,117.099,0.215,1
0.0421,0.7,373693,0.499,0,0.194,5,0.0916,-14.390999999999998,0,38,0.0747,110.121,0.594,4
0.8240000000000001,0.5,117880,0.22,0,0.00135,4,0.105,-11.996,1,22,0.0308,127.512,0.495,6
0.14,0.448,313480,0.5710000000000001,0,0.007809999999999998,2,0.108,-9.5,0,35,0.0372,77.471,0.317,6
0.795,0.473,209400,0.371,0,0.0,4,0.109,-10.219,0,78,0.0405,75.208,0.413,1
0.983,0.584,261227,0.0337,0,0.934,1,0.183,-19.716,1,23,0.0672,97.905,0.0466,7
0.915,0.615,280040,0.336,0,0.0127,5,0.0933,-10.56,0,26,0.0423,84.736,0.6859999999999999,7
0.0571,0.604,200547,0.855,0,3.65e-06,7,0.343,-3.097,1,48,0.038,99.96,0.51,2
0.98,0.36,148133,0.112,0,0.0,9,0.134,-20.447,0,0,0.2,182.644,0.239,7
0.7809999999999999,0.752,263160,0.491,0,0.0461,9,0.103,-8.331,0,23,0.0427,89.914,0.929,5
0.0949,0.624,113006,0.239,1,0.0,0,0.0936,-19.054,1,0,0.919,78.498,0.8390000000000001,10
0.7509999999999999,0.621,58420,0.21,0,0.0,6,0.727,-16.785999999999998,1,10,0.958,173.13299999999995,0.627,7
0.948,0.6990000000000001,226240,0.153,0,0.774,2,0.111,-20.742,1,30,0.0332,108.656,0.605,5
0.263,0.775,232773,0.35600000000000004,0,0.0,2,0.0367,-13.842,1,29,0.238,135.27100000000002,0.659,4
0.8140000000000001,0.396,178760,0.481,0,0.0,10,0.136,-8.581,0,17,0.0422,101.654,0.477,7
0.966,0.376,158082,0.125,0,0.0,3,0.321,-12.356,1,1,0.0348,130.536,0.21600000000000005,7
0.748,0.845,156147,0.49,0,6.63e-06,9,0.103,-9.07,1,25,0.0452,116.666,0.79,5
0.0133,0.75,198240,0.545,0,0.000701,4,0.0702,-14.331,1,39,0.0392,127.117,0.8640000000000001,5
0.887,0.43,365312,0.7709999999999999,0,0.562,9,0.418,-5.585,1,0,0.0491,140.58,0.6859999999999999,8
0.0628,0.48,302360,0.8029999999999999,0,0.0,7,0.19,-8.059,1,33,0.0677,125.446,0.815,5
0.0333,0.8109999999999999,266440,0.6779999999999999,1,0.00123,8,0.105,-7.357,1,53,0.0561,91.976,0.426,2
0.968,0.597,255280,0.199,0,0.655,0,0.155,-15.06,0,28,0.0408,89.069,0.398,7
0.381,0.7090000000000001,185387,0.7659999999999999,0,0.0,2,0.943,-8.423,1,26,0.0318,101.604,0.895,5
0.332,0.6,247173,0.44,0,0.0,0,0.14800000000000002,-10.79,1,40,0.0291,80.334,0.381,2
0.862,0.145,253093,0.16,0,0.911,8,0.145,-20.63,1,0,0.0342,74.309,0.0627,8
0.685,0.629,131100,0.294,0,0.0,0,0.166,-17.031,1,1,0.964,170.415,0.546,7
0.939,0.38,385160,0.249,0,0.674,0,0.0802,-14.278,1,0,0.036000000000000004,137.376,0.387,7
0.8290000000000001,0.448,198813,0.334,0,2.34e-05,9,0.125,-8.568999999999999,1,26,0.0358,121.991,0.333,6
0.867,0.512,324307,0.116,0,0.000901,7,0.654,-20.226,1,11,0.0395,138.779,0.428,7
0.443,0.634,168883,0.501,0,0.006409999999999999,3,0.0944,-4.944,1,4,0.0484,118.639,0.34,7
0.705,0.72,287933,0.521,0,0.36,7,0.214,-12.468,1,65,0.0302,106.055,0.823,4
0.421,0.425,231267,0.882,0,0.0,8,0.0708,-5.226,1,34,0.0997,100.982,0.517,5
0.992,0.468,190441,0.159,0,0.000925,5,0.175,-8.684,1,0,0.0481,139.444,0.599,8
3.69e-06,0.262,184040,0.969,0,0.00213,4,0.133,-4.675,1,57,0.0894,158.433,0.263,3
4.84e-06,0.37,196600,0.8540000000000001,0,0.845,2,0.0617,-5.91,1,36,0.0288,97.51,0.568,3
0.524,0.605,650013,0.256,0,0.583,10,0.104,-13.619000000000002,0,43,0.0433,141.24200000000005,0.508,3
0.7809999999999999,0.485,196267,0.333,0,0.00156,6,0.117,-13.418,1,41,0.0289,100.895,0.527,5
0.0127,0.5820000000000001,207000,0.72,1,0.0353,10,0.363,-9.722,0,42,0.231,89.273,0.541,2
0.987,0.35,460987,0.0862,0,0.00156,2,0.0651,-20.401,1,0,0.0428,92.328,0.14800000000000002,7
0.449,0.61,165960,0.376,0,2.18e-06,2,0.198,-9.194,0,51,0.0287,93.706,0.565,2
0.13,0.8290000000000001,237133,0.555,1,0.0,11,0.0407,-10.124,1,37,0.452,97.647,0.945,3
0.855,0.401,333530,0.0325,0,0.0,8,0.108,-19.801,1,5,0.0368,84.69200000000002,0.16699999999999998,9
0.682,0.494,274693,0.632,0,0.0,5,0.0869,-6.89,1,78,0.0342,147.873,0.0797,1
0.489,0.9,302867,0.403,1,0.0288,3,0.0839,-11.43,1,39,0.0431,84.01299999999998,0.768,3
0.227,0.511,193187,0.7979999999999999,0,6.51e-06,7,0.184,-4.314,1,60,0.0498,183.303,0.607,1
0.498,0.331,255173,0.4270000000000001,0,0.0,3,0.108,-7.431,1,59,0.0302,157.938,0.141,1
0.945,0.875,187427,0.431,0,0.29100000000000004,7,0.123,-12.093,0,0,0.0559,114.497,0.969,8
0.0408,0.8740000000000001,171200,0.406,0,0.07200000000000001,7,0.0558,-10.053,1,34,0.0388,111.775,0.583,3
0.995,0.58,162606,0.276,0,0.888,5,0.627,-13.189,1,0,0.15,85.324,0.593,8
0.14300000000000002,0.547,206520,0.612,0,0.0,6,0.135,-5.484,1,46,0.029,133.765,0.552,1
0.5429999999999999,0.416,170400,0.449,0,0.0,7,0.0618,-12.549,1,19,0.035,199.943,0.8079999999999999,5
0.261,0.451,225813,0.8440000000000001,0,0.85,9,0.107,-9.692,1,33,0.0672,122.168,0.201,5
0.89,0.579,159800,0.293,0,0.0,10,0.236,-12.056,1,9,0.0527,158.628,0.8140000000000001,9
0.35600000000000004,0.601,176093,0.645,0,0.0,4,0.194,-8.802999999999997,0,31,0.0391,164.532,0.962,4
0.7,0.452,200653,0.687,0,0.8270000000000001,0,0.5920000000000001,-8.987,0,28,0.0333,120.727,0.919,5
0.317,0.601,179773,0.48,0,1.41e-06,0,0.0893,-11.134,1,39,0.307,197.593,0.965,3
0.909,0.339,156667,0.29,0,0.000585,11,0.199,-14.984000000000002,0,0,0.0532,182.33900000000003,0.404,7
0.983,0.342,613107,0.146,0,0.89,3,0.0935,-22.249,1,0,0.0385,137.181,0.192,10
0.8809999999999999,0.6940000000000001,41507,0.112,0,0.0,8,0.16399999999999998,-23.435,1,31,0.581,120.325,0.777,9
0.731,0.66,140973,0.181,0,0.0235,11,0.106,-19.592,1,44,0.0296,102.654,0.39,5
0.984,0.528,287613,0.0847,0,0.893,0,0.131,-16.575,0,47,0.0405,111.49,0.0431,7
0.8809999999999999,0.227,321067,0.264,0,0.9,0,0.114,-14.905,1,58,0.0325,84.986,0.228,2
0.294,0.62,462373,0.7859999999999999,0,0.7170000000000001,1,0.112,-11.184,1,37,0.0417,120.444,0.688,4
0.46,0.453,155533,0.747,0,0.0133,0,0.236,-10.895,1,36,0.0481,169.21099999999996,0.6759999999999999,5
0.991,0.701,311813,0.13699999999999998,0,0.912,0,0.155,-16.397000000000002,1,26,0.0417,92.341,0.68,7
0.7759999999999999,0.7440000000000001,130360,0.225,0,2.15e-05,0,0.111,-17.33,0,16,0.0433,130.778,0.845,6
0.777,0.64,163427,0.392,0,0.0264,2,0.269,-13.168,1,17,0.0282,121.536,0.851,6
0.271,0.677,286733,0.506,0,0.742,10,0.103,-10.788,1,41,0.0291,123.766,0.628,4
0.448,0.5479999999999999,134446,0.675,0,8.53e-05,4,0.297,-7.318,0,4,0.0364,168.891,0.965,7
0.943,0.141,172440,0.117,0,0.0153,8,0.101,-17.995,1,8,0.0404,88.54,0.0663,7
0.98,0.217,420467,0.0687,0,0.0006230000000000001,5,0.0935,-19.64,1,31,0.0454,140.09,0.0484,6
0.951,0.149,155913,0.139,0,0.53,10,0.105,-14.056,1,0,0.0411,172.543,0.612,7
0.0146,0.526,273200,0.917,0,0.0988,7,0.136,-7.3679999999999986,1,38,0.0915,119.477,0.419,5
0.243,0.838,192107,0.5870000000000001,0,0.0,6,0.0965,-12.586,1,44,0.189,149.936,0.835,4
8.759999999999999e-05,0.73,243750,0.511,0,0.273,1,0.247,-5.198,1,51,0.0712,128.025,0.644,1
0.314,0.57,220347,0.499,0,0.0,8,0.11,-6.5120000000000005,1,52,0.0266,147.875,0.0866,1
0.609,0.61,190307,0.449,0,0.0,2,0.113,-11.883,1,42,0.0502,121.831,0.529,5
0.8959999999999999,0.565,110675,0.505,0,0.0008710000000000001,10,0.206,-8.708,1,14,0.0505,148.94299999999996,0.878,7
0.7340000000000001,0.462,439440,0.425,0,0.0,8,0.278,-10.02,1,28,0.0462,81.581,0.537,7
0.529,0.77,153608,0.654,0,0.0,7,0.0648,-6.5829999999999975,1,38,0.0613,114.043,0.883,6
0.8190000000000001,0.462,195080,0.358,0,0.000254,9,0.14800000000000002,-12.225,1,32,0.0286,99.117,0.389,6
0.99,0.711,186760,0.33,0,0.256,0,0.116,-15.23,1,0,0.0459,116.517,0.8240000000000001,8
0.994,0.493,203925,0.211,0,0.202,7,0.213,-10.027,1,0,0.0558,101.62,0.613,9
0.101,0.625,237107,0.737,1,0.0,8,0.25,-6.385,1,41,0.0989,153.954,0.147,2
0.229,0.9,173693,0.5379999999999999,0,0.843,7,0.287,-7.879,1,63,0.0343,95.508,0.713,2
0.000937,0.59,196067,0.8859999999999999,0,0.037000000000000005,8,0.338,-8.344,1,42,0.0364,95.163,0.391,4
0.00316,0.433,258027,0.667,0,0.018000000000000002,2,0.0658,-6.431,0,50,0.0263,91.017,0.243,2
0.933,0.35,140773,0.313,0,2.61e-05,1,0.113,-11.353,1,43,0.031,99.457,0.557,3
0.395,0.6729999999999999,139160,0.53,0,3.32e-05,4,0.1,-10.603,1,37,0.055,89.874,0.968,3
0.986,0.7609999999999999,157760,0.387,0,0.0,9,0.0783,-12.719,1,0,0.0659,106.68,0.884,10
0.392,0.485,154467,0.706,0,0.0,8,0.0991,-7.387,1,21,0.0319,135.255,0.912,6
0.000945,0.223,208667,0.706,0,0.0068,9,0.109,-12.012,1,52,0.0581,112.889,0.297,3
0.532,0.328,240173,0.498,0,7.94e-05,4,0.117,-10.898,0,60,0.126,175.918,0.36,1
0.0433,0.4,98027,0.929,0,0.000207,1,0.32,-5.399,1,31,0.0963,126.601,0.401,4
0.979,0.477,89200,0.0655,0,2.98e-06,7,0.161,-20.38,1,0,0.102,124.222,0.337,8
0.493,0.557,156400,0.447,0,4.94e-06,8,0.163,-10.49,1,35,0.0335,109.644,0.329,6
0.944,0.264,290227,0.192,0,0.963,5,0.122,-19.306,1,47,0.0351,128.464,0.0908,2
0.000111,0.485,316733,0.583,0,0.0894,9,0.073,-13.232,1,31,0.038,131.501,0.133,4
0.103,0.541,275696,0.6609999999999999,0,0.0,1,0.0779,-5.837999999999999,1,70,0.0889,149.92600000000004,0.285,1
0.99,0.563,197187,0.254,0,0.00886,11,0.0651,-8.869,1,0,0.0491,108.009,0.757,8
0.0631,0.361,333560,0.782,0,4.68e-05,2,0.867,-6.916,1,29,0.0357,141.18,0.425,4
0.387,0.349,298773,0.34600000000000003,0,0.135,5,0.101,-12.393,1,20,0.0284,107.164,0.107,5
0.879,0.59,115000,0.416,0,0.0116,6,0.118,-9.83,1,21,0.0297,116.307,0.961,5
0.00528,0.35200000000000004,325507,0.909,0,0.112,8,0.932,-11.912,1,25,0.113,147.726,0.615,4
0.6759999999999999,0.57,250093,0.483,0,0.0,7,0.0367,-7.624,1,0,0.0605,130.002,0.799,9
0.993,0.35100000000000003,191040,0.0729,0,0.906,2,0.218,-21.121,0,0,0.0425,126.879,0.498,8
0.994,0.846,206414,0.0654,0,0.0,11,0.1,-8.571,0,0,0.417,90.862,0.672,7
0.746,0.158,640693,0.339,0,0.919,2,0.13,-13.767,1,0,0.055,75.862,0.128,8
0.475,0.6509999999999999,251347,0.515,0,2.11e-06,2,0.122,-9.237,1,43,0.0366,157.174,0.895,2
0.812,0.386,293027,0.334,0,0.000297,9,0.563,-13.267,0,18,0.0681,171.49900000000005,0.412,6
0.975,0.488,310667,0.0871,0,0.634,7,0.0925,-14.736,1,12,0.0406,106.581,0.181,7
0.49,0.5489999999999999,221600,0.369,0,0.000174,9,0.0853,-13.51,1,50,0.0292,144.512,0.6629999999999999,3
0.499,0.338,330813,0.329,0,0.0,8,0.156,-13.214,1,30,0.0349,109.287,0.239,5
0.764,0.737,138400,0.371,0,0.486,7,0.141,-8.892000000000003,1,29,0.0389,136.534,0.532,6
0.991,0.447,48427,0.255,0,0.897,1,0.135,-13.874,1,0,0.0465,81.483,0.578,10
0.0624,0.376,450960,0.516,0,0.00157,10,0.0538,-11.165,1,30,0.0484,110.84,0.333,3
0.0739,0.645,181947,0.6970000000000001,0,0.000842,5,0.575,-4.7330000000000005,0,42,0.0285,130.001,0.25,2
0.024,0.7040000000000001,118500,0.265,1,0.0,0,0.263,-17.035,1,0,0.951,106.517,0.65,10
0.00919,0.491,237933,0.899,0,0.0325,11,0.045,-10.331,0,23,0.0365,94.647,0.551,4
0.28600000000000003,0.605,245400,0.584,0,0.0,11,0.235,-7.0429999999999975,0,61,0.197,125.802,0.464,2
0.995,0.7020000000000001,188296,0.0808,0,0.00956,5,0.121,-11.184,1,0,0.2,99.268,0.815,8
0.217,0.877,162053,0.517,1,0.0,2,0.14300000000000002,-5.426,0,72,0.0706,119.996,0.255,1
0.962,0.101,200342,0.0724,0,0.8420000000000001,1,0.109,-31.13,1,62,0.0416,78.438,0.0352,1
0.215,0.723,182067,0.873,0,2.13e-06,9,0.0792,-6.749,0,45,0.0524,111.793,0.934,5
0.000396,0.536,261160,0.737,0,0.273,11,0.142,-10.609000000000002,0,45,0.0399,120.568,0.746,3
0.297,0.602,339613,0.41,0,1.84e-05,9,0.223,-13.337,0,36,0.0298,136.293,0.342,5
6.3e-06,0.326,213640,0.972,0,1.22e-05,3,0.16,-2.92,1,49,0.0688,170.87900000000005,0.5379999999999999,2
0.517,0.321,164467,0.493,0,0.0,0,0.129,-10.951,1,19,0.0296,178.46599999999995,0.6990000000000001,6
0.325,0.92,192680,0.461,0,0.0206,11,0.0608,-9.101,0,47,0.203,119.478,0.8059999999999999,5
0.0524,0.875,234565,0.244,0,0.000254,1,0.12,-16.186,1,7,0.0639,116.742,0.37,6
0.603,0.39,311587,0.546,0,0.0466,3,0.141,-8.674,0,20,0.0408,118.512,0.197,5
0.8240000000000001,0.6679999999999999,188400,0.308,0,0.6990000000000001,7,0.0925,-15.669,0,6,0.0375,113.088,0.608,7
0.0893,0.649,175733,0.596,0,6.69e-06,7,0.0624,-12.043,1,38,0.0318,170.134,0.924,3
0.836,0.5720000000000001,422293,0.279,0,0.193,9,0.133,-11.989,1,14,0.0415,120.85,0.342,6
0.299,0.746,256840,0.7509999999999999,0,0.0008619999999999999,7,0.122,-6.135,1,47,0.0401,104.992,0.376,2
0.419,0.597,157680,0.856,0,0.0,1,0.0509,-8.84,1,18,0.0566,126.854,0.659,6
0.056,0.486,220693,0.573,0,0.0,0,0.14300000000000002,-8.695,1,47,0.038,98.424,0.904,3
0.0167,0.429,232173,0.685,0,0.0,1,0.119,-5.05,1,44,0.0528,182.578,0.75,2
0.911,0.488,197947,0.14800000000000002,0,1.7e-05,0,0.0689,-13.97,1,3,0.0491,161.639,0.669,9
0.935,0.458,188533,0.28,0,1.35e-05,7,0.932,-12.095,1,37,0.312,78.671,0.383,2
0.0693,0.496,221107,0.613,0,1e-05,10,0.071,-5.981,1,45,0.0615,183.937,0.28,2
0.978,0.447,191733,0.0433,0,6.15e-06,7,0.0843,-13.787,0,6,0.0369,114.877,0.223,8
0.295,0.605,252813,0.7559999999999999,0,4.75e-05,8,0.0761,-7.155,1,31,0.0357,81.102,0.855,5
0.802,0.485,281013,0.3720000000000001,0,0.0,2,0.0961,-6.849,1,51,0.0303,143.504,0.14,3
0.156,0.7609999999999999,296400,0.615,0,0.00176,5,0.119,-10.932,0,36,0.206,109.372,0.6679999999999999,4
0.996,0.625,199267,0.269,0,0.868,4,0.117,-15.96,0,0,0.107,88.352,0.934,8
0.379,0.578,229667,0.539,0,0.0139,4,0.0864,-14.07,1,29,0.0334,81.283,0.6709999999999999,3
0.197,0.6509999999999999,193813,0.431,0,0.0,5,0.118,-10.997,1,21,0.0499,149.894,0.8290000000000001,4
0.0489,0.525,204093,0.621,0,0.0,7,0.294,-7.364,1,61,0.116,191.9,0.591,1
0.759,0.408,220907,0.124,0,0.0,7,0.133,-17.456,1,27,0.0417,102.1,0.232,6
0.301,0.289,474893,0.662,0,0.815,0,0.17600000000000002,-7.454,1,42,0.048,162.086,0.479,2
0.979,0.48,178533,0.121,0,0.00405,6,0.5489999999999999,-20.725,1,0,0.0569,105.688,0.4320000000000001,8
0.198,0.5720000000000001,288707,0.482,0,0.0,0,0.0842,-12.06,1,55,0.0448,149.804,0.693,5
0.24,0.7090000000000001,346467,0.449,0,0.0,4,0.134,-7.251,0,49,0.04,113.023,0.204,2
0.947,0.507,33467,0.284,0,0.893,0,0.5760000000000001,-19.222,0,0,0.138,173.766,0.564,8
0.0463,0.879,248307,0.6890000000000001,0,0.00103,8,0.118,-6.845,1,27,0.0572,127.758,0.937,4
0.932,0.534,254198,0.327,0,0.099,3,0.113,-14.934,1,1,0.103,130.60399999999998,0.445,8
0.166,0.653,289973,0.598,0,0.539,11,0.607,-12.919,0,34,0.0336,103.088,0.552,4
0.0111,0.235,250093,0.953,0,0.0,5,0.334,-3.946,1,44,0.127,191.109,0.373,2
0.983,0.856,196707,0.198,0,0.0158,8,0.179,-19.272,1,0,0.0855,121.111,0.853,9
0.053,0.748,239440,0.529,0,0.0,7,0.338,-6.641,1,46,0.0323,97.017,0.317,2
0.383,0.565,408053,0.884,0,0.208,9,0.38,-8.633,1,46,0.0618,82.914,0.67,4
0.43,0.312,221960,0.7,0,1.22e-05,0,0.8270000000000001,-10.876,1,50,0.0613,139.588,0.199,4
0.0132,0.565,273573,0.902,0,0.0,7,0.0561,-7.579,0,65,0.0725,133.11,0.544,3
0.0443,0.456,232667,0.877,0,0.021,11,0.471,-7.854,0,40,0.0706,123.221,0.525,5
0.0676,0.516,195733,0.78,0,0.0,6,0.27,-5.622000000000001,1,43,0.0262,95.967,0.632,2
0.7,0.708,136000,0.8320000000000001,0,0.0,7,0.149,-5.0680000000000005,0,13,0.0327,137.107,0.912,6
0.769,0.597,179320,0.66,0,0.0,10,0.115,-3.878,1,61,0.193,183.717,0.967,1
0.987,0.327,101160,0.17800000000000002,0,0.0269,7,0.331,-14.58,1,0,0.0515,89.86,0.081,7
0.794,0.624,307827,0.461,0,0.0,1,0.775,-12.145,0,0,0.14300000000000002,82.97399999999998,0.805,8
0.0212,0.937,253400,0.278,0,3.96e-06,3,0.0288,-15.843,0,36,0.0997,98.011,0.7959999999999999,3
0.000236,0.458,257733,0.541,0,0.00183,2,0.0371,-12.130999999999998,1,24,0.0485,133.57299999999998,0.5770000000000001,5
0.937,0.8029999999999999,204693,0.16,0,0.0,5,0.0878,-13.315,1,15,0.0918,105.596,0.65,7
0.221,0.52,220347,0.257,0,0.759,1,0.684,-20.075,1,9,0.0486,139.675,0.13,6
0.993,0.4370000000000001,176280,0.342,0,0.949,1,0.112,-12.7,0,0,0.0348,138.623,0.8540000000000001,9
0.974,0.69,181360,0.263,0,0.000508,10,0.139,-11.783,0,0,0.0932,125.178,0.8640000000000001,9
0.544,0.5710000000000001,209307,0.792,0,0.0,10,0.14800000000000002,-3.875,1,41,0.0464,83.163,0.804,3
0.155,0.7509999999999999,283547,0.412,0,0.0309,8,0.0468,-12.77,0,42,0.0273,106.991,0.55,4
0.575,0.693,174933,0.687,0,0.0,5,0.398,-12.909,1,55,0.0973,108.854,0.6990000000000001,6
0.177,0.7829999999999999,261893,0.573,0,8.499999999999999e-05,7,0.043,-8.521,1,55,0.0462,122.744,0.789,4
0.0119,0.794,192382,0.447,1,0.000179,7,0.109,-9.253,1,59,0.152,139.94899999999998,0.189,1
0.933,0.393,144773,0.261,0,0.98,5,0.129,-16.397000000000002,1,14,0.0362,116.823,0.495,6
0.103,0.622,220293,0.807,0,0.0,5,0.306,-6.752000000000002,0,38,0.408,174.06,0.892,3
0.989,0.161,222027,0.109,0,0.0681,3,0.189,-18.212,1,4,0.0407,85.525,0.0691,7
0.898,0.418,221040,0.0751,0,0.371,0,0.314,-19.856,1,21,0.043,113.147,0.5720000000000001,6
0.0171,0.58,195667,0.981,0,1.07e-05,8,0.386,-2.603,0,63,0.06,134.007,0.861,2
0.405,0.7240000000000001,143000,0.606,0,0.0,0,0.054000000000000006,-9.015,1,47,0.0497,124.412,0.956,6
0.996,0.315,155107,0.0239,0,0.937,2,0.0902,-25.763,1,0,0.0427,68.05,0.136,10
0.8440000000000001,0.6609999999999999,188400,0.342,0,0.000128,9,0.26,-16.361,0,59,0.043,146.118,0.588,7
0.114,0.556,568067,0.486,0,0.00544,10,0.0606,-12.037,1,40,0.0373,122.021,0.396,5
0.91,0.476,161200,0.139,0,0.423,0,0.0697,-15.765999999999998,1,31,0.0456,104.98,0.632,6
0.971,0.435,91893,0.0737,0,6.979999999999999e-05,1,0.16399999999999998,-12.813,1,0,0.0495,89.26700000000002,0.5429999999999999,7
0.405,0.425,190253,0.903,0,0.0128,1,0.117,-4.801,1,67,0.0732,108.748,0.769,6
0.403,0.514,360836,0.307,0,0.448,7,0.0926,-12.92,1,19,0.0358,92.265,0.207,6
0.955,0.5920000000000001,148600,0.28600000000000003,0,0.301,7,0.0597,-8.69,1,0,0.0615,136.56,0.7140000000000001,8
0.7070000000000001,0.797,166667,0.32,0,0.0,2,0.0886,-11.665,1,34,0.0782,125.999,0.879,7
0.7859999999999999,0.583,180373,0.141,0,0.919,6,0.134,-18.288,0,5,0.0451,141.217,0.391,7
0.153,0.851,562067,0.954,0,0.0,1,0.319,-4.994,1,34,0.0961,105.406,0.86,3
0.162,0.236,298493,0.759,0,0.113,2,0.0691,-10.165,0,27,0.0511,164.53099999999995,0.747,5
0.518,0.248,174467,0.145,0,0.542,6,0.125,-16.572,1,32,0.0368,63.037,0.0766,6
0.0542,0.464,175040,0.349,0,0.0618,10,0.0985,-13.193,0,31,0.0326,151.089,0.5489999999999999,4
0.995,0.695,173507,0.134,0,0.9,2,0.16399999999999998,-18.068,1,0,0.0556,119.78,0.8909999999999999,9
0.83,0.62,144733,0.368,0,0.0,4,0.107,-15.523,0,22,0.15,95.125,0.439,6
0.0599,0.32,147107,0.237,0,0.805,2,0.0779,-19.018,1,21,0.0337,87.65299999999998,0.051,6
0.995,0.764,194347,0.42,0,0.00541,1,0.183,-13.569,1,0,0.0339,96.161,0.961,7
0.368,0.551,135520,0.395,0,0.88,0,0.0932,-14.755,1,52,0.0501,92.929,0.261,6
0.0158,0.721,314954,0.34600000000000003,1,0.0,9,0.197,-17.798,1,0,0.929,125.238,0.547,10
0.0024,0.784,233707,0.41,0,0.2,1,0.0564,-13.057,1,36,0.107,145.453,0.833,5
0.468,0.726,210493,0.537,0,0.0,2,0.192,-5.772,0,71,0.0286,124.953,0.454,1
0.00017,0.574,271360,0.887,0,4.8e-05,7,0.16399999999999998,-7.132999999999999,1,35,0.0446,90.836,0.485,4
0.132,0.6859999999999999,224627,0.94,0,0.0,0,0.269,-2.397,1,0,0.132,92.97,0.705,0
0.0168,0.617,218867,0.768,0,1.65e-06,0,0.5760000000000001,-8.911,1,50,0.0628,138.861,0.67,5
0.969,0.593,65907,0.405,0,0.006229999999999999,0,0.5589999999999999,-14.928,1,1,0.123,83.499,0.464,7
0.943,0.35100000000000003,140526,0.0006450000000000001,0,0.779,10,0.103,-18.965,1,20,0.0704,168.21,0.36,4
0.00219,0.335,559893,0.647,0,0.0925,3,0.168,-11.885,0,24,0.0617,101.08,0.292,4
0.038,0.377,550480,0.8909999999999999,0,0.17600000000000002,9,0.345,-6.807,1,47,0.0631,103.243,0.639,3
0.947,0.6679999999999999,163507,0.14,0,2.61e-06,0,0.326,-17.412,1,36,0.0316,128.095,0.635,5
5.570000000000001e-05,0.565,183707,0.7340000000000001,0,0.789,11,0.0713,-11.535,0,33,0.031,116.645,0.8809999999999999,6
0.853,0.196,226333,0.0492,0,0.139,8,0.1,-23.371,1,13,0.0424,74.053,0.0354,7
0.984,0.371,361280,0.168,0,0.345,10,0.0957,-16.199,1,0,0.0468,132.719,0.438,9
0.00507,0.67,359227,0.5710000000000001,0,7.23e-05,9,0.124,-9.976,1,52,0.0255,109.905,0.899,4
0.00348,0.48,104333,0.708,0,0.00265,8,0.0569,-10.102,1,33,0.0395,145.565,0.728,3
0.925,0.383,238827,0.0911,0,1.08e-06,0,0.138,-15.16,1,8,0.034,79.063,0.196,7
0.474,0.7809999999999999,281560,0.445,0,0.0,2,0.184,-6.061,1,65,0.0295,78.998,0.591,1
0.159,0.7829999999999999,188738,0.479,0,0.0,1,0.07400000000000001,-9.105,1,56,0.173,102.707,0.317,1
0.473,0.772,381107,0.679,0,0.0215,9,0.165,-10.47,1,48,0.0421,123.597,0.8859999999999999,4
0.0602,0.394,252720,0.888,0,0.00161,8,0.404,-7.105,0,34,0.053,145.89600000000004,0.677,4
0.8,0.272,99933,0.253,0,0.0,3,0.52,-12.199000000000002,1,10,0.0343,176.72099999999998,0.552,6
0.7929999999999999,0.7120000000000001,140387,0.506,0,1.11e-06,9,0.115,-9.415,1,12,0.0313,127.255,0.966,6
0.996,0.464,202014,0.389,0,0.889,0,0.132,-11.549,1,0,0.049,86.991,0.6809999999999999,7
0.897,0.118,391523,0.276,0,0.0187,10,0.33,-16.575,1,0,0.0457,91.534,0.0387,9
0.187,0.703,225533,0.512,0,0.0,0,0.0838,-13.285,1,43,0.0859,108.122,0.691,4
0.87,0.375,1453075,0.423,0,0.00418,0,0.956,-12.958,1,18,0.086,111.24,0.523,6
0.99,0.598,189315,0.324,0,0.233,10,0.101,-9.298,1,0,0.0849,80.36399999999998,0.645,7
0.989,0.332,193413,0.31,0,0.423,11,0.14300000000000002,-11.161,1,0,0.0777,175.608,0.358,8
0.0396,0.698,102186,0.24,1,0.0,9,0.111,-18.623,1,0,0.948,86.86,0.711,10
8.240000000000001e-05,0.474,214693,0.91,0,0.000952,8,0.224,-7.621,1,35,0.0479,143.364,0.536,4
0.368,0.54,241600,0.677,0,0.0,9,0.224,-6.349,1,58,0.0286,98.339,0.748,4
0.32,0.327,508107,0.418,0,0.389,9,0.287,-10.595,1,36,0.0286,112.092,0.252,5
0.014,0.547,286147,0.769,0,6.3e-06,2,0.123,-7.9529999999999985,1,42,0.0297,93.154,0.407,2
0.165,0.569,171133,0.715,0,0.0,6,0.0587,-4.083,1,48,0.062,118.594,0.586,2
0.916,0.422,267493,0.0223,0,5.92e-06,10,0.0898,-23.715,1,52,0.0418,129.827,0.322,3
0.565,0.716,146947,0.486,0,6.25e-05,1,0.0774,-12.466,1,29,0.0256,94.642,0.8270000000000001,5
0.69,0.119,195120,0.322,0,0.888,9,0.0994,-12.25,1,49,0.0349,83.529,0.125,3
0.0111,0.631,205200,0.784,0,7.23e-05,8,0.0932,-4.017,1,50,0.0343,110.066,0.47,1
0.6809999999999999,0.594,181973,0.13,0,0.000666,0,0.122,-17.71,1,10,0.0372,72.31,0.298,7
0.278,0.601,378400,0.68,0,0.81,1,0.0998,-12.306,0,35,0.0342,103.404,0.905,5
0.971,0.3670000000000001,183600,0.0972,0,0.509,3,0.182,-13.663,0,4,0.0303,77.422,0.316,7
0.267,0.542,262413,0.44,0,2.48e-06,10,0.147,-11.161,0,52,0.0257,78.325,0.341,4
0.665,0.677,248640,0.117,0,0.000328,1,0.0759,-16.104,1,34,0.0421,150.852,0.29600000000000004,2
0.821,0.627,132400,0.795,0,0.0,7,0.105,-0.395,1,0,0.136,100.715,0.975,9
0.609,0.589,175133,0.468,0,2.35e-06,6,0.17,-12.601,1,29,0.0306,83.51,0.5489999999999999,5
0.993,0.287,135533,0.339,0,0.00687,1,0.43,-9.773,1,1,0.044,89.09899999999998,0.63,9
0.396,0.461,192840,0.75,0,0.0278,9,0.26,-8.995,1,41,0.0633,134.599,0.782,5
0.00269,0.7120000000000001,330200,0.679,1,0.0,11,0.196,-8.137,1,33,0.247,170.076,0.491,3
0.912,0.376,362467,0.105,0,0.00372,5,0.456,-20.182,0,14,0.0364,80.583,0.306,7
0.0651,0.634,97107,0.121,1,0.000167,0,0.365,-22.799,1,0,0.923,161.782,0.4970000000000001,8
0.0552,0.373,202200,0.63,0,0.0,7,0.107,-5.131,1,60,0.0461,115.942,0.35200000000000004,1
0.25,0.5529999999999999,353027,0.62,0,2.54e-05,11,0.969,-8.859,0,39,0.0536,123.982,0.628,5
0.604,0.459,215107,0.575,0,0.0,3,0.0885,-4.8580000000000005,1,88,0.0573,111.881,0.183,1
0.0696,0.853,186181,0.604,0,1.65e-06,3,0.135,-5.794,0,60,0.0511,116.0,0.86,1
0.0358,0.5870000000000001,243307,0.701,0,0.0,2,0.183,-3.77,1,46,0.0258,94.981,0.273,2
0.0867,0.5770000000000001,171984,0.852,1,0.0,1,0.34,-5.059,1,52,0.289,80.916,0.573,1
0.813,0.7509999999999999,153493,0.199,0,0.8270000000000001,2,0.151,-12.233,1,20,0.0745,139.356,0.884,7
0.343,0.371,232600,0.6809999999999999,0,0.116,1,0.7759999999999999,-8.822000000000003,0,57,0.122,108.079,0.838,2
0.287,0.349,158600,0.5760000000000001,0,0.0,10,0.6559999999999999,-8.383,1,42,0.115,167.62099999999995,0.644,2
0.835,0.722,125307,0.5670000000000001,0,0.0,2,0.132,-7.3679999999999986,1,28,0.0398,143.893,0.5,7
0.589,0.698,289067,0.89,0,0.0,0,0.326,-2.935,0,45,0.0461,98.521,0.963,2
0.99,0.629,137979,0.362,0,6.1e-05,8,0.182,-9.684,0,0,0.435,133.81,0.7170000000000001,8
0.125,0.399,297929,0.845,0,0.00109,2,0.334,-8.736,1,55,0.0369,105.911,0.359,5
0.00457,0.38,220250,0.8220000000000001,0,1.77e-05,7,0.109,-5.095,1,52,0.105,153.115,0.5579999999999999,1
0.076,0.464,219773,0.479,0,0.00036,7,0.129,-10.702,1,31,0.0299,82.727,0.636,5
0.18600000000000005,0.598,203507,0.504,0,0.000221,9,0.34,-9.874,1,68,0.0731,163.954,0.252,1
0.85,0.552,247107,0.29,0,0.0,10,0.227,-5.617000000000001,1,68,0.0448,78.842,0.481,1
0.8440000000000001,0.568,247507,0.253,0,0.429,11,0.106,-12.720999999999998,1,58,0.0316,142.093,0.597,2
0.96,0.382,96000,0.382,0,0.0313,2,0.591,-12.965,1,0,0.0644,107.35,0.359,7
0.0156,0.525,208787,0.915,0,0.0,0,0.66,-4.351,0,58,0.0789,149.042,0.623,1
0.00331,0.238,51920,0.969,0,0.0229,6,0.8740000000000001,-3.935,1,0,0.0683,146.342,0.487,8
0.611,0.4970000000000001,273667,0.317,0,0.0,11,0.7859999999999999,-18.446,0,38,0.0834,75.523,0.3,6
0.684,0.22,162280,0.299,0,0.00201,10,0.358,-11.92,1,13,0.0299,92.266,0.149,6
0.992,0.32299999999999995,164320,0.106,0,0.918,8,0.182,-25.138,1,0,0.0483,71.432,0.255,10
0.214,0.218,250867,0.4,0,0.625,5,0.105,-13.476,1,35,0.034,164.35299999999995,0.37,5
0.966,0.195,247933,0.0936,0,0.0631,4,0.266,-18.083,0,11,0.0375,168.91099999999997,0.132,7
0.0149,0.924,238267,0.612,1,2.71e-05,7,0.0589,-4.209,1,47,0.191,99.023,0.667,2
0.134,0.718,309640,0.438,0,0.0,6,0.0687,-8.642000000000001,1,45,0.0332,119.994,0.537,4
0.992,0.362,157467,0.474,0,0.9,6,0.153,-12.064,0,0,0.0359,89.01299999999998,0.718,8
0.165,0.7170000000000001,119300,0.0828,1,0.0,11,0.298,-23.844,0,0,0.957,127.428,0.523,8
0.0376,0.556,277973,0.774,0,0.00315,3,0.0538,-6.3420000000000005,0,40,0.0419,103.188,0.614,2
0.7090000000000001,0.317,173707,0.362,0,0.00134,4,0.0874,-14.019,0,37,0.0338,72.081,0.188,5
0.0314,0.264,215427,0.7829999999999999,0,0.0,0,0.469,-6.035,1,41,0.0455,91.81,0.32,2
0.996,0.319,326067,0.155,0,0.917,4,0.126,-18.728,1,0,0.036000000000000004,66.947,0.0488,10
0.403,0.787,124232,0.433,1,0.0,11,0.0713,-12.083,0,62,0.645,169.99,0.2,1
0.457,0.764,254600,0.626,0,6.35e-06,0,0.172,-8.274,1,60,0.0288,118.324,0.961,4
0.0524,0.7809999999999999,241253,0.807,1,0.0,0,0.122,-5.574,1,56,0.261,90.008,0.605,2
0.868,0.371,220065,0.256,0,0.00507,0,0.112,-16.7,1,65,0.227,195.674,0.171,0
0.0175,0.53,140507,0.861,0,0.0177,7,0.0857,-4.67,1,41,0.0372,130.476,0.8440000000000001,4
0.993,0.787,194239,0.152,0,0.000563,0,0.139,-8.007,1,0,0.168,124.019,0.73,7
0.58,0.657,209493,0.511,0,0.0,7,0.118,-9.088,1,52,0.0363,128.358,0.589,3
0.679,0.459,164293,0.5589999999999999,0,0.908,7,0.341,-10.233,0,42,0.0301,77.872,0.8909999999999999,6
0.675,0.17,87133,0.28800000000000003,0,0.892,7,0.108,-14.528,1,0,0.0367,64.998,0.264,7
0.408,0.532,350333,0.5529999999999999,0,0.0,2,0.32299999999999995,-9.584,0,37,0.0423,121.657,0.8440000000000001,7
0.0193,0.622,185960,0.8759999999999999,0,0.006840000000000001,10,0.0987,-6.31,1,39,0.0305,104.97,0.867,3
0.959,0.4,211932,0.127,0,0.00176,1,0.109,-16.209,1,0,0.0834,131.828,0.133,10
0.7959999999999999,0.383,387422,0.635,0,3.02e-05,3,0.355,-9.755,1,19,0.118,89.635,0.8170000000000001,6
0.953,0.371,278773,0.328,0,0.894,7,0.183,-13.46,0,0,0.0379,135.68200000000002,0.465,8
0.073,0.7,217427,0.967,0,0.0,8,0.333,-3.462,0,60,0.0463,136.045,0.962,2
0.06,0.584,329400,0.521,0,7.56e-05,4,0.22,-5.782,1,65,0.0295,160.058,0.317,3
0.985,0.261,251469,0.0424,0,0.7170000000000001,2,0.23,-28.544,1,0,0.0478,64.90100000000001,0.0478,9
0.86,0.511,230653,0.955,0,0.933,7,0.0889,-4.635,1,6,0.0519,103.67,0.8320000000000001,7
0.982,0.398,328960,0.0879,0,0.937,7,0.147,-20.669,1,0,0.0432,91.054,0.379,8
0.8220000000000001,0.494,134560,0.192,0,0.0,4,0.036000000000000004,-18.691,1,29,0.122,79.962,0.5479999999999999,4
0.5870000000000001,0.7070000000000001,209133,0.192,0,0.247,0,0.0804,-15.326,1,18,0.0333,129.018,0.292,6
0.0234,0.495,303267,0.479,0,0.00242,2,0.086,-14.630999999999998,1,30,0.0428,115.487,0.564,5
0.000136,0.493,318120,0.914,0,1.05e-06,8,0.964,-5.894,1,40,0.0557,91.045,0.74,2
0.166,0.621,235293,0.27,0,3.71e-06,4,0.163,-13.837,1,23,0.0437,76.26100000000002,0.679,4
0.7909999999999999,0.74,244619,0.578,0,0.0,2,0.139,-8.045,1,27,0.0401,99.316,0.948,4
0.0506,0.5489999999999999,360907,0.805,1,0.649,0,0.0762,-6.779,1,38,0.0917,150.234,0.289,3
0.976,0.181,394667,0.022,0,0.887,1,0.153,-24.884,1,26,0.0388,85.876,0.0378,6
0.846,0.198,200160,0.479,0,0.00914,1,0.121,-13.888,1,22,0.0397,76.086,0.575,5
0.5870000000000001,0.8029999999999999,290173,0.47,0,0.091,6,0.0723,-7.232,0,62,0.0387,121.226,0.887,1
0.993,0.596,182000,0.181,0,0.8959999999999999,4,0.128,-15.61,1,0,0.085,127.083,0.6409999999999999,9
0.995,0.405,352907,0.00783,0,0.91,10,0.0954,-31.035,1,5,0.0518,115.894,0.165,10
0.569,0.5579999999999999,186507,0.7440000000000001,0,0.000148,4,0.24,-7.791,0,48,0.037000000000000005,128.94899999999998,0.54,6
0.326,0.494,222507,0.5329999999999999,0,0.00159,2,0.131,-9.06,1,39,0.029,93.257,0.313,4
0.6679999999999999,0.556,137640,0.657,0,2.92e-05,7,0.116,-8.789,1,35,0.031,120.403,0.835,6
0.772,0.619,132027,0.295,0,0.146,11,0.136,-14.742,0,24,0.0519,147.97799999999995,0.807,6
0.75,0.561,178867,0.3,0,0.0,3,0.28300000000000003,-13.995,1,38,0.0422,109.795,0.563,5
0.0341,0.5820000000000001,241908,0.925,0,0.000116,7,0.579,-3.15,0,56,0.182,171.543,0.701,2
0.385,0.336,157760,0.636,0,0.909,0,0.414,-13.785,1,52,0.0374,152.423,0.521,2
0.996,0.6509999999999999,167893,0.21600000000000005,0,0.899,6,0.108,-18.251,1,0,0.0601,118.449,0.579,10
0.721,0.349,181067,0.611,0,0.469,8,0.0713,-12.768,0,5,0.126,83.932,0.295,7
0.0197,0.665,121227,0.905,1,0.0,10,0.209,-4.224,0,43,0.267,130.864,0.532,1
0.313,0.7040000000000001,199773,0.42,0,0.0,1,0.0841,-14.21,0,39,0.0386,102.939,0.593,4
0.00356,0.272,258880,0.925,0,0.00198,9,0.0742,-6.126,1,37,0.0545,106.505,0.425,4
0.92,0.3,333987,0.284,0,0.00149,3,0.1,-13.061,0,48,0.0307,188.203,0.173,1
0.99,0.5329999999999999,239113,0.384,0,0.0276,5,0.0843,-8.532,1,18,0.0483,124.543,0.6709999999999999,7
0.688,0.433,115613,0.8170000000000001,0,4.9000000000000005e-06,10,0.092,-3.986,1,23,0.0486,122.511,0.826,6
0.984,0.481,202960,0.115,0,0.314,2,0.157,-21.831,1,43,0.0485,93.691,0.58,3
0.816,0.611,134600,0.29600000000000004,0,0.0,10,0.0869,-10.304,1,7,0.0443,82.67399999999998,0.326,7
0.802,0.79,184000,0.16699999999999998,0,0.0,8,0.132,-12.845,1,8,0.0842,115.674,0.745,9
0.973,0.481,197547,0.0286,0,1.95e-06,9,0.123,-24.899,0,17,0.0311,101.772,0.174,8
0.976,0.387,289133,0.0699,0,0.909,5,0.109,-22.585,0,8,0.0468,68.244,0.145,7
0.946,0.581,85733,0.0419,0,0.978,6,0.0833,-32.4,0,32,0.0361,113.885,0.7559999999999999,4
0.0948,0.6859999999999999,214634,0.83,0,1.33e-06,8,0.182,-4.437,1,77,0.0369,123.032,0.486,1
0.933,0.555,166470,0.209,0,0.00468,9,0.46,-10.837,1,0,0.0595,119.142,0.792,8
0.541,0.619,178867,0.358,0,0.00263,7,0.0778,-15.817,1,43,0.0263,109.01,0.421,5
0.561,0.5660000000000001,178733,0.638,0,0.00371,9,0.231,-8.634,1,28,0.03,120.633,0.8140000000000001,5
0.0233,0.8759999999999999,352546,0.799,0,0.00413,8,0.0657,-6.2879999999999985,1,50,0.0912,122.936,0.645,3
0.0198,0.685,196307,0.307,0,0.00375,9,0.108,-19.125,0,41,0.0696,128.994,0.8320000000000001,3
0.103,0.8,236440,0.613,0,0.00129,0,0.0532,-9.203,1,25,0.0956,97.944,0.738,4
0.00205,0.421,188867,0.79,0,0.000309,10,0.14800000000000002,-6.227,1,66,0.0538,162.024,0.279,1
0.00117,0.5710000000000001,281027,0.93,0,0.000236,10,0.224,-5.3870000000000005,0,48,0.0478,113.033,0.525,2
0.963,0.419,163720,0.443,0,0.00131,10,0.24,-9.56,1,0,0.0396,80.255,0.33,9
0.0123,0.5920000000000001,225542,0.991,0,3.8e-06,1,0.361,-1.827,1,54,0.14400000000000002,175.047,0.523,1
0.938,0.4,258133,0.0897,0,0.000521,0,0.0847,-19.012,1,27,0.0288,70.387,0.24,5
0.00154,0.519,164907,0.8,0,0.000602,1,0.221,-7.249,1,43,0.0253,159.988,0.809,5
0.947,0.312,185027,0.109,0,0.000165,2,0.196,-15.37,1,26,0.0363,106.365,0.208,6
0.00508,0.272,426840,0.949,0,0.541,1,0.263,-12.78,1,34,0.12,116.324,0.103,3
0.975,0.557,188320,0.7040000000000001,0,0.108,4,0.213,-9.558,1,0,0.0399,98.399,0.928,9
0.959,0.532,377547,0.0358,0,0.78,0,0.14400000000000002,-18.644,0,38,0.0406,112.589,0.28300000000000003,6
0.0767,0.813,193707,0.664,0,1.59e-06,7,0.0339,-10.185,1,36,0.342,118.458,0.852,4
0.557,0.906,173230,0.541,0,1.9e-06,11,0.116,-6.947,1,65,0.0415,124.998,0.7879999999999999,0
0.978,0.249,206427,0.0943,0,0.00107,10,0.104,-17.396,1,28,0.0375,136.86700000000002,0.0493,5
0.519,0.629,290973,0.703,0,0.0,2,0.11,-4.875,1,70,0.0504,144.016,0.402,3
0.6779999999999999,0.312,221947,0.472,0,0.0,2,0.107,-7.3439999999999985,1,48,0.0415,82.25299999999999,0.34600000000000003,1
0.918,0.557,225227,0.129,0,0.0,0,0.0783,-11.082,1,6,0.0315,97.602,0.515,9
0.7979999999999999,0.5589999999999999,187773,0.399,0,0.0,3,0.238,-4.73,1,58,0.0341,90.037,0.841,2
0.921,0.365,197707,0.136,0,0.0,0,0.103,-12.42,1,43,0.0436,64.212,0.255,7
0.00155,0.322,246507,0.457,0,0.393,7,0.0781,-13.746,1,40,0.0343,168.072,0.723,5
0.364,0.6509999999999999,276400,0.5820000000000001,0,0.00359,2,0.0403,-12.847,1,37,0.0409,90.839,0.954,5
0.0521,0.449,138160,0.89,0,7.7e-05,8,0.112,-9.5,1,53,0.05,156.983,0.695,3
0.969,0.716,199018,0.202,0,0.226,5,0.122,-17.48,1,1,0.0592,107.158,0.414,8
0.995,0.141,156552,0.0025800000000000003,0,0.591,4,0.114,-28.678,0,0,0.0419,74.366,0.128,8
0.159,0.579,235560,0.872,0,0.0,0,0.0935,-6.126,1,57,0.159,76.214,0.7609999999999999,5
0.173,0.685,243933,0.685,0,0.0,11,0.201,-8.103,1,63,0.0254,106.987,0.925,5
0.6709999999999999,0.29,278867,0.359,0,0.000307,10,0.0683,-10.733,1,45,0.0284,202.562,0.402,4
0.0268,0.747,283827,0.75,0,0.0,9,0.395,-7.037000000000001,0,42,0.0531,120.693,0.943,4
0.948,0.331,55200,0.00136,0,0.903,3,0.119,-21.291,1,36,0.0612,78.829,0.601,7
0.959,0.486,241960,0.274,0,0.8809999999999999,0,0.102,-13.220999999999998,1,5,0.0399,142.11700000000005,0.495,7
0.944,0.755,158427,0.545,0,0.000118,9,0.14400000000000002,-10.027,0,66,0.0646,149.80700000000004,0.964,3
0.0282,0.713,338732,0.677,0,5.99e-05,6,0.14400000000000002,-6.761,1,46,0.0253,124.152,0.522,2
0.0105,0.652,187373,0.8640000000000001,0,0.0,1,0.835,-5.254,1,52,0.035,126.014,0.591,2
0.943,0.235,274773,0.0668,0,0.795,7,0.122,-21.193,1,33,0.0334,93.645,0.109,4
0.00117,0.8170000000000001,244067,0.635,1,0.0,5,0.151,-4.795,1,41,0.3,89.32600000000002,0.7879999999999999,2
0.6579999999999999,0.564,169040,0.416,0,0.0138,4,0.127,-14.64,0,32,0.0421,109.286,0.504,4
0.203,0.541,201627,0.812,0,0.0,4,0.42,-3.764,1,68,0.0336,141.056,0.607,2
0.000144,0.64,209213,0.5579999999999999,1,0.865,1,0.103,-7.0779999999999985,1,67,0.0271,115.007,0.207,1
0.0417,0.7829999999999999,216493,0.614,0,0.0,5,0.0938,-5.935,0,53,0.29,65.005,0.768,1
0.425,0.602,249000,0.506,0,0.0,8,0.125,-7.5779999999999985,1,63,0.024,95.006,0.531,2
0.989,0.438,193840,0.0809,0,0.0,0,0.156,-12.879,1,0,0.0775,79.583,0.371,7
0.975,0.7859999999999999,183933,0.397,0,0.556,9,0.0915,-13.428,0,0,0.0916,95.092,0.913,8
0.004520000000000001,0.563,213053,0.934,0,0.000807,8,0.103,-3.629,1,50,0.0646,143.964,0.518,2
0.0581,0.7040000000000001,291400,0.799,1,1.29e-05,1,0.26,-5.942,0,42,0.3,89.36200000000002,0.435,3
0.787,0.294,260467,0.312,0,0.000389,1,0.0809,-15.785,1,31,0.0309,180.968,0.391,5
0.8,0.612,69240,0.501,0,3.21e-06,6,0.7809999999999999,-13.787,1,38,0.936,56.863,0.464,3
0.385,0.7140000000000001,232133,0.654,1,0.0,5,0.0895,-6.8679999999999986,0,55,0.316,150.991,0.723,1
0.96,0.412,175000,0.271,0,0.0,0,0.696,-17.985,0,0,0.106,80.79899999999998,0.452,7
0.34700000000000003,0.38,204027,0.7959999999999999,0,0.000156,10,0.972,-10.525,1,24,0.18,135.559,0.908,6
0.334,0.698,105400,0.236,1,0.0,1,0.165,-16.34,1,0,0.933,56.822,0.617,8
0.7759999999999999,0.545,161960,0.659,0,0.4,4,0.165,-11.749,0,36,0.0652,184.117,0.825,3
0.813,0.5670000000000001,93947,0.328,0,0.0,9,0.225,-8.504,1,1,0.0586,125.551,0.797,7
0.685,0.406,328893,0.359,0,3.67e-06,7,0.122,-6.145,1,70,0.0293,109.246,0.202,1
0.579,0.595,431907,0.57,0,0.0001,0,0.0907,-8.8,0,40,0.0264,129.083,0.6459999999999999,3
0.147,0.433,256293,0.908,0,0.0,8,0.412,-3.834,1,50,0.061,169.92700000000005,0.75,1
0.918,0.703,136920,0.117,0,0.0,2,0.0703,-16.819000000000006,1,24,0.184,140.614,0.586,4
0.0305,0.723,236933,0.909,0,0.515,9,0.0701,-9.168,0,33,0.0427,126.849,0.731,4
0.946,0.684,154707,0.266,0,0.11,8,0.189,-12.169,1,8,0.0561,85.485,0.45,7
0.325,0.7020000000000001,312453,0.503,0,1.21e-06,4,0.101,-10.48,0,43,0.0945,111.011,0.513,2
0.0189,0.848,109217,0.7390000000000001,0,0.388,8,0.528,-4.924,1,0,0.245,150.035,0.509,8
0.445,0.8320000000000001,180611,0.782,0,0.0,0,0.0385,-4.94,1,47,0.202,142.675,0.963,3
0.0113,0.612,321867,0.685,1,1.39e-05,10,0.33,-8.264,0,37,0.061,140.023,0.6940000000000001,3
0.971,0.31,910800,0.17800000000000002,0,0.83,2,0.104,-16.857,0,0,0.0429,92.698,0.228,8
0.0423,0.508,244720,0.907,0,6.829999999999999e-05,6,0.221,-3.443,0,54,0.0565,104.997,0.5870000000000001,1
0.242,0.674,209867,0.188,0,0.0163,9,0.0434,-21.337,1,29,0.4970000000000001,181.126,0.7959999999999999,5
0.309,0.596,191200,0.667,0,8.290000000000001e-05,0,0.278,-8.296,1,35,0.033,165.451,0.934,3
0.915,0.424,145613,0.25,0,0.0,3,0.128,-12.125,1,17,0.0258,88.905,0.304,6
0.969,0.0672,166560,0.0119,0,0.944,6,0.12,-41.808,1,52,0.0457,70.521,0.0701,4
0.378,0.638,203667,0.5760000000000001,0,1.16e-05,2,0.0608,-9.27,1,53,0.0851,187.948,0.787,2
0.6709999999999999,0.635,156067,0.583,0,6.21e-05,2,0.431,-10.629,1,30,0.0273,119.636,0.66,6
0.669,0.519,190867,0.463,0,0.0287,4,0.211,-11.99,0,41,0.0341,91.397,0.359,3
0.8809999999999999,0.434,174253,0.162,0,0.00432,9,0.117,-15.328,1,29,0.032,119.42,0.255,6
0.0956,0.674,207627,0.536,0,4.53e-05,4,0.133,-7.957000000000002,1,46,0.0855,85.93299999999998,0.452,3
0.05,0.5760000000000001,331333,0.687,0,0.0199,0,0.129,-10.941,1,44,0.0391,111.034,0.73,5
0.974,0.343,190359,0.392,0,0.779,4,0.139,-11.487,1,0,0.11,71.51899999999998,0.625,8
0.00318,0.475,208240,0.8959999999999999,0,0.0,6,0.29,-4.749,1,45,0.035,169.99900000000005,0.868,1
0.946,0.693,169867,0.319,0,0.0121,8,0.4970000000000001,-11.152,0,7,0.0545,107.014,0.648,10
0.994,0.494,204319,0.165,0,3.65e-05,5,0.262,-11.423,1,0,0.0682,126.919,0.622,8
0.315,0.591,250000,0.732,0,0.000117,0,0.28,-10.987,1,49,0.183,127.617,0.7809999999999999,4
0.0852,0.7829999999999999,271960,0.782,0,2.860000000000001e-05,5,0.103,-7.23,0,57,0.0348,131.285,0.888,1
0.976,0.584,199293,0.201,0,0.0,9,0.6890000000000001,-13.271,0,7,0.0575,82.54899999999998,0.58,10
0.481,0.635,172000,0.527,0,0.0,0,0.198,-7.824,1,17,0.0559,108.741,0.65,6
0.008740000000000001,0.75,176813,0.52,0,0.000305,10,0.171,-12.592,1,26,0.0355,120.243,0.8029999999999999,4
0.0377,0.6809999999999999,490800,0.732,0,0.0395,9,0.0955,-11.718,1,30,0.0461,119.175,0.755,5
0.0139,0.545,232507,0.7809999999999999,1,0.0,10,0.161,-3.616,1,70,0.185,150.097,0.277,1
0.45,0.56,177693,0.785,0,0.0,5,0.145,-7.6110000000000015,1,32,0.12,138.778,0.933,5
0.201,0.7240000000000001,251560,0.579,0,0.00856,10,0.0724,-10.933,0,58,0.0575,94.92,0.833,2
0.419,0.506,160093,0.41,0,0.0,0,0.0622,-10.497,1,32,0.0303,122.866,0.616,5
0.911,0.594,164680,0.118,0,0.0,4,0.111,-20.388,1,43,0.0316,96.252,0.57,2
0.8420000000000001,0.154,182178,0.225,0,9.59e-06,7,0.382,-15.552,0,0,0.0341,81.094,0.0819,8
0.00964,0.627,230040,0.6890000000000001,0,0.525,10,0.308,-12.465,0,48,0.0339,107.651,0.73,4
0.0526,0.443,205387,0.797,0,0.0,11,0.0997,-5.329,0,62,0.0351,123.428,0.521,5
0.053,0.206,258813,0.4,0,0.638,11,0.111,-9.813,0,57,0.0324,133.442,0.196,3
0.269,0.7829999999999999,224200,0.6759999999999999,0,0.0,0,0.5,-7.737,1,56,0.0469,124.922,0.8240000000000001,3
0.95,0.67,179331,0.459,0,0.921,11,0.114,-4.896,1,0,0.0426,91.635,0.8140000000000001,8
0.988,0.521,179467,0.0889,0,0.8370000000000001,1,0.097,-24.154,1,0,0.134,169.63,0.545,7
0.984,0.3670000000000001,216720,0.227,0,0.00227,3,0.214,-12.03,1,22,0.0311,131.95600000000002,0.594,6
0.757,0.72,111900,0.0821,1,0.0,0,0.509,-20.711,1,0,0.948,113.004,0.441,8
0.322,0.359,276387,0.662,0,0.000219,3,0.141,-8.422,1,19,0.054000000000000006,133.736,0.311,5
0.2,0.7,250707,0.774,0,0.0,5,0.404,-4.9830000000000005,0,61,0.0466,90.0,0.652,2
0.59,0.433,340267,0.248,0,0.0,0,0.123,-12.084,1,26,0.0713,61.569,0.247,7
0.989,0.7390000000000001,188440,0.3,0,0.902,5,0.112,-13.495,0,0,0.0512,109.436,0.784,8
0.35700000000000004,0.608,220040,0.54,0,0.0,5,0.444,-6.033,1,38,0.0502,158.644,0.8809999999999999,3
0.929,0.305,601440,0.101,0,0.056,5,0.226,-18.046,1,9,0.041,80.53399999999998,0.304,6
0.0308,0.606,148333,0.7120000000000001,0,0.000741,7,0.0588,-9.628,1,47,0.0338,123.401,0.625,5
0.00184,0.7140000000000001,229707,0.7509999999999999,0,0.588,5,0.0949,-15.693,1,56,0.044,130.072,0.738,3
0.007559999999999998,0.615,413011,0.54,0,0.736,9,0.373,-10.279000000000002,1,26,0.0438,149.389,0.448,4
0.000624,0.238,371533,0.82,0,3.37e-05,4,0.6940000000000001,-11.509,1,39,0.0636,121.455,0.42,4
0.539,0.419,191308,0.453,0,0.0,8,0.0971,-7.685,1,70,0.0437,140.327,0.35600000000000004,1
0.0315,0.609,170400,0.848,0,0.081,2,0.122,-5.7920000000000025,1,48,0.034,164.013,0.773,3
0.94,0.612,257427,0.153,0,0.0,8,0.128,-12.435,1,16,0.0362,78.7,0.314,7
0.345,0.732,226293,0.584,1,0.0199,7,0.185,-10.981,1,38,0.33,97.38,0.565,3
0.000641,0.613,212267,0.721,0,1.6e-05,1,0.13,-6.8679999999999986,1,40,0.0252,107.956,0.763,3
0.965,0.7559999999999999,164165,0.29,0,0.0,5,0.0528,-12.675999999999998,1,0,0.0616,84.26,0.86,10
0.805,0.519,147980,0.404,0,0.000389,9,0.115,-13.072,1,19,0.0366,95.25,0.72,6
0.958,0.455,224933,0.0872,0,0.0,5,0.124,-10.146,1,37,0.0262,81.117,0.228,3
0.000102,0.399,272267,0.937,1,0.000542,7,0.608,-4.311,1,50,0.0969,136.46,0.29,2
0.6779999999999999,0.194,182133,0.539,0,0.7290000000000001,7,0.218,-11.942,1,3,0.0383,161.819,0.612,7
0.672,0.601,176498,0.621,0,0.0,5,0.116,-3.829,1,67,0.0319,157.238,0.825,1
0.00111,0.358,152965,0.956,0,8.53e-06,4,0.25,-5.782,0,31,0.0826,150.165,0.251,4
0.995,0.804,163813,0.0304,0,0.945,4,0.108,-20.706,1,0,0.0648,112.446,0.625,10
0.14,0.7909999999999999,98600,0.177,1,1.03e-06,1,0.316,-20.883000000000006,1,0,0.7090000000000001,109.717,0.588,8
0.647,0.5670000000000001,296067,0.858,0,0.0,5,0.227,-5.4289999999999985,1,42,0.038,94.856,0.8029999999999999,3
0.0344,0.4370000000000001,207147,0.669,0,0.00395,4,0.34700000000000003,-6.524,1,52,0.0395,173.67,0.514,6
0.984,0.221,782840,0.0258,0,0.958,2,0.091,-21.695,1,0,0.0349,82.652,0.0394,7
0.118,0.696,180000,0.6679999999999999,0,1.54e-06,7,0.119,-6.902,1,35,0.0317,127.437,0.8909999999999999,3
0.889,0.626,186697,0.516,0,0.0,3,0.127,-11.524,1,0,0.0949,103.825,0.6709999999999999,7
0.434,0.653,238147,0.4370000000000001,0,6.74e-05,2,0.0689,-12.640999999999998,1,55,0.028,96.469,0.63,5
0.0327,0.6759999999999999,245493,0.777,1,0.0,2,0.262,-4.459,1,47,0.171,92.687,0.3720000000000001,2
0.8909999999999999,0.583,362907,0.484,0,5.94e-06,0,0.0874,-11.694,1,0,0.3,126.825,0.78,7
0.16,0.6709999999999999,292600,0.303,0,3.78e-05,8,0.0695,-19.035,1,28,0.0504,84.568,0.778,4
0.532,0.321,252827,0.335,0,1.15e-05,9,0.153,-13.95,0,43,0.0319,142.343,0.209,5
0.000611,0.537,213067,0.7490000000000001,0,0.525,2,0.197,-6.335,1,61,0.0284,124.232,0.7340000000000001,2
0.0115,0.527,241307,0.942,0,0.0,1,0.188,-5.64,0,77,0.0366,148.72299999999996,0.495,4
0.0629,0.456,180707,0.456,0,0.096,0,0.0819,-14.182,1,13,0.0358,96.596,0.399,6
0.708,0.684,123133,0.498,0,0.0,4,0.365,-10.836,1,50,0.03,131.855,0.905,2
0.66,0.21600000000000005,143947,0.0711,0,2.32e-05,1,0.102,-20.934,1,21,0.0301,102.206,0.14,6
0.322,0.667,241160,0.61,1,0.000203,1,0.426,-7.0539999999999985,1,72,0.217,99.991,0.465,1
0.459,0.682,238013,0.375,0,0.0511,6,0.109,-12.155,1,42,0.0431,122.143,0.234,2
0.95,0.546,135333,0.539,0,0.00281,0,0.107,-6.353,1,0,0.0499,114.993,0.74,8
0.0306,0.747,213132,0.524,1,0.0,10,0.2,-6.807,0,76,0.245,140.053,0.363,1
0.193,0.64,267027,0.723,0,0.0038,0,0.0506,-7.423999999999999,1,32,0.0247,105.062,0.7140000000000001,4
0.00088,0.583,229267,0.8909999999999999,0,0.00016299999999999998,9,0.103,-4.565,0,50,0.0345,136.79399999999998,0.8140000000000001,4
0.925,0.418,37573,0.438,0,0.0,0,0.895,-19.272,1,0,0.94,196.493,0.6559999999999999,7
0.0446,0.639,231413,0.488,0,0.0,4,0.371,-12.562,0,41,0.0414,101.42,0.541,3
0.962,0.5820000000000001,115880,0.28600000000000003,0,0.0,9,0.138,-14.509,1,0,0.8490000000000001,167.687,0.181,7
0.199,0.411,186560,0.763,0,0.00447,9,0.329,-6.738,0,54,0.0541,121.57,0.462,6
0.321,0.802,245347,0.7559999999999999,0,0.0,0,0.183,-4.881,1,46,0.0713,91.995,0.7020000000000001,2
0.983,0.598,202710,0.18,0,0.9,4,0.11,-16.183,1,45,0.0311,107.935,0.233,4
0.96,0.446,176093,0.142,0,0.00114,9,0.101,-13.498,1,58,0.0335,135.724,0.156,5
0.00168,0.5670000000000001,323333,0.659,0,0.00158,0,0.0513,-10.635,1,33,0.0499,90.519,0.61,3
0.988,0.266,383813,0.203,0,0.9,8,0.0859,-20.657,1,1,0.0331,85.822,0.344,10
0.944,0.71,157080,0.315,0,0.81,1,0.084,-14.719,1,25,0.213,166.169,0.364,4
0.71,0.695,154871,0.8690000000000001,1,0.0,5,0.343,-6.914,1,62,0.0264,123.991,0.92,1
0.992,0.247,368222,0.0025,0,0.8959999999999999,1,0.0946,-40.722,0,30,0.0383,74.707,0.121,4
0.995,0.402,188627,0.0552,0,0.93,11,0.125,-21.028,1,0,0.056,71.688,0.342,9
0.977,0.757,180147,0.49,0,0.043,10,0.0885,-9.198,1,0,0.035,105.734,0.836,10
0.948,0.7,170493,0.518,0,0.0,7,0.29600000000000004,-11.155,1,0,0.363,83.32799999999997,0.9,10
0.138,0.667,308200,0.363,0,7.02e-06,4,0.41,-13.498,1,46,0.0275,109.208,0.224,4
0.944,0.7490000000000001,168373,0.154,0,5.01e-06,8,0.0446,-11.630999999999998,1,17,0.0421,123.993,0.5529999999999999,7
0.434,0.57,145053,0.44,0,0.0,5,0.193,-12.11,1,31,0.0241,153.346,0.882,5
0.105,0.7709999999999999,194000,0.35700000000000004,0,0.000168,0,0.0463,-9.917,1,32,0.0302,97.956,0.8690000000000001,5
0.236,0.617,143747,0.888,0,0.00016299999999999998,5,0.107,-7.417000000000002,1,30,0.032,103.762,0.973,6
0.928,0.322,54079,0.338,0,0.0,0,0.5920000000000001,-15.212,1,0,0.0316,97.519,0.228,8
0.996,0.355,408520,0.007559999999999998,0,0.872,1,0.123,-32.631,0,1,0.0444,131.812,0.194,8
0.541,0.535,185600,0.481,0,1.44e-05,2,0.0716,-11.709,1,17,0.0356,102.574,0.532,6
0.906,0.368,250453,0.17,0,0.0,0,0.14800000000000002,-12.865,1,33,0.0364,69.569,0.111,5
0.129,0.662,278040,0.7020000000000001,0,6.4e-05,4,0.0868,-8.232000000000001,0,30,0.0691,77.943,0.544,5
0.0523,0.723,201893,0.857,0,2.660000000000001e-05,7,0.149,-9.989,1,43,0.241,129.87,0.642,3
0.88,0.156,348680,0.175,0,0.527,4,0.11,-15.484000000000002,0,24,0.0355,79.785,0.0877,6
0.14800000000000002,0.733,240507,0.813,1,0.0,1,0.179,-3.402,0,52,0.225,85.06700000000002,0.696,2
0.0312,0.7020000000000001,154120,0.772,0,0.00837,9,0.0809,-9.677,1,67,0.0277,141.694,0.973,6
0.884,0.83,173853,0.382,0,0.301,2,0.11,-11.231,0,28,0.0566,121.12,0.54,3
0.7829999999999999,0.8759999999999999,120520,0.209,0,4.33e-06,3,0.0486,-12.41,1,13,0.0778,124.304,0.6609999999999999,6
0.962,0.122,401787,0.0909,0,0.883,5,0.108,-22.364,1,0,0.0423,56.745,0.0327,8
0.18,0.778,320040,0.818,0,0.000644,5,0.0647,-9.526,0,42,0.0461,119.039,0.921,4
0.0755,0.31,140199,0.416,0,3.34e-05,5,0.18,-10.429,1,72,0.0346,129.925,0.207,0
0.0216,0.691,326267,0.522,0,0.0141,6,0.125,-8.024,0,46,0.0908,133.995,0.187,1
0.0137,0.603,160991,0.852,0,0.0,7,0.513,-5.166,1,65,0.0463,124.091,0.655,1
0.956,0.38,232560,0.0651,0,2.69e-05,4,0.3,-25.826,0,0,0.0657,73.334,0.16899999999999998,8
0.0373,0.525,266267,0.907,0,3.6e-05,7,0.309,-4.301,1,62,0.0963,123.102,0.607,5
0.303,0.471,239893,0.679,0,1.7800000000000002e-05,9,0.108,-8.213,0,47,0.032,102.591,0.331,3
0.421,0.6629999999999999,243293,0.733,0,5.58e-06,7,0.058,-6.689,1,40,0.0365,107.312,0.528,4
0.996,0.386,56507,0.0076,0,0.883,2,0.14,-30.032,1,0,0.0422,76.125,0.609,10
0.0282,0.226,340933,0.981,0,0.0111,7,0.8909999999999999,-5.689,1,32,0.136,141.697,0.0377,4
0.941,0.375,365867,0.26,0,0.000422,10,0.18,-14.834,1,0,0.0555,75.933,0.277,7
0.0373,0.866,247067,0.454,1,1.49e-06,0,0.275,-9.383,1,67,0.0414,99.985,0.368,2
8.3e-05,0.403,202493,0.8909999999999999,0,0.211,2,0.0859,-11.498,0,47,0.0547,128.933,0.515,3
0.792,0.488,159733,0.285,0,0.0,5,0.117,-11.613,0,41,0.0278,91.607,0.607,3
0.000342,0.537,179813,0.882,0,9.06e-05,0,0.12,-2.306,1,63,0.0403,145.72899999999996,0.81,2
0.149,0.6409999999999999,96674,0.14400000000000002,1,6.85e-06,7,0.276,-21.505,1,0,0.939,85.891,0.406,8
0.984,0.44,258693,0.0466,0,0.00947,9,0.0836,-18.849,1,12,0.0358,94.568,0.426,7
0.324,0.473,176467,0.804,0,2.12e-06,5,0.393,-7.697,1,49,0.0473,140.55,0.735,5
0.995,0.28600000000000003,212507,0.0422,0,0.899,10,0.0922,-27.181,1,0,0.0378,137.657,0.106,8
0.0255,0.579,236760,0.634,1,2.7399999999999995e-05,10,0.526,-8.972999999999997,0,30,0.43,87.805,0.7190000000000001,3
0.0699,0.546,304307,0.624,0,0.328,0,0.16899999999999998,-9.418,1,49,0.0403,146.435,0.266,4
0.97,0.7490000000000001,208327,0.112,0,0.888,7,0.12,-19.548,1,0,0.0782,96.528,0.424,8
0.933,0.622,185227,0.235,0,3.06e-05,4,0.317,-9.394,1,1,0.038,93.933,0.4270000000000001,8
0.826,0.113,180733,0.232,0,0.865,7,0.0725,-16.874000000000002,1,12,0.0437,81.189,0.126,6
0.466,0.816,186787,0.623,0,0.0,10,0.33,-5.065,1,39,0.19,109.916,0.892,3
0.977,0.13,396307,0.0623,0,0.962,7,0.0837,-27.275,1,10,0.0419,69.175,0.0546,8
0.929,0.316,200453,0.389,0,3.68e-06,7,0.457,-14.115,0,0,0.0441,127.106,0.319,8
0.00705,0.851,237640,0.629,0,0.000372,1,0.0746,-8.385,1,70,0.175,125.984,0.789,2
0.00812,0.192,387200,0.51,0,0.0032600000000000003,5,0.0771,-9.287,1,30,0.0333,154.645,0.249,5
0.975,0.279,207987,0.377,0,0.895,2,0.112,-16.798,1,0,0.0675,73.063,0.667,8
0.981,0.495,193533,0.0419,0,0.846,0,0.08199999999999999,-26.18,1,14,0.0407,64.046,0.191,7
0.0827,0.583,165587,0.639,0,0.0,7,0.363,-11.071,0,48,0.0305,128.252,0.655,5
0.5489999999999999,0.63,161187,0.6990000000000001,0,0.0,2,0.0608,-12.153,1,43,0.0517,164.37900000000005,0.961,4
0.0149,0.6920000000000001,190453,0.911,0,7.340000000000001e-05,9,0.112,-5.098,0,59,0.177,138.975,0.8009999999999999,2
0.581,0.287,363640,0.498,1,7.56e-05,6,0.322,-7.523,0,63,0.177,171.725,0.0634,1
0.628,0.459,242933,0.328,0,1.25e-06,8,0.0912,-10.638,1,50,0.0272,162.04,0.244,2
0.35100000000000003,0.7290000000000001,205057,0.6890000000000001,0,2.1e-05,9,0.219,-6.901,1,38,0.0246,90.082,0.595,4
0.402,0.7140000000000001,272987,0.486,0,0.00033,0,0.0662,-10.799,1,34,0.0449,158.159,0.962,3
0.841,0.165,206533,0.259,0,0.901,0,0.166,-15.794,0,2,0.0366,85.141,0.0765,7
0.35700000000000004,0.388,388040,0.349,0,0.00026000000000000003,5,0.209,-19.032,0,28,0.067,205.758,0.701,7
0.747,0.726,123133,0.47,0,0.00954,4,0.107,-12.762,1,25,0.0342,123.787,0.942,7
0.259,0.5820000000000001,199813,0.5529999999999999,0,1.27e-05,8,0.0681,-7.1179999999999986,1,56,0.0229,92.969,0.56,2
0.35600000000000004,0.528,131318,0.528,0,0.0,2,0.114,-10.412,1,12,0.0329,142.745,0.974,8
0.0215,0.6659999999999999,178960,0.767,0,0.006659999999999999,7,0.0842,-9.133,1,38,0.0619,89.80799999999998,0.598,3
0.93,0.18,177644,0.404,0,0.0265,0,0.157,-6.968,0,5,0.0337,72.868,0.462,7
0.586,0.5920000000000001,144240,0.345,0,0.0,1,0.155,-7.56,1,5,0.0271,131.91899999999998,0.588,7
0.993,0.593,186000,0.3720000000000001,0,0.931,4,0.116,-14.67,0,0,0.0456,140.964,0.8009999999999999,7
0.757,0.473,144373,0.421,0,0.0,3,0.145,-10.234,0,53,0.0558,161.584,0.682,3
0.000114,0.506,243107,0.7240000000000001,0,0.628,0,0.151,-7.086,1,52,0.0281,102.037,0.0697,2
0.0326,0.773,199387,0.813,0,3.77e-05,4,0.192,-4.609,0,59,0.0797,127.931,0.708,2
0.977,0.173,541600,0.134,0,0.000583,4,0.261,-18.05,0,0,0.0438,169.518,0.0403,7
0.138,0.602,206707,0.79,0,0.0,5,0.361,-6.728,0,31,0.0394,125.649,0.615,5
0.7,0.622,152200,0.613,0,0.0253,3,0.0577,-11.45,1,13,0.104,83.15899999999998,0.778,6
0.388,0.583,253093,0.339,0,0.0,2,0.0473,-13.15,1,31,0.0558,140.756,0.804,6
0.0333,0.7440000000000001,213533,0.633,1,0.0,2,0.14400000000000002,-7.732,1,53,0.113,120.011,0.5489999999999999,1
0.0908,0.546,137240,0.8640000000000001,0,0.008140000000000001,7,0.277,-7.6320000000000014,1,43,0.0393,145.65200000000004,0.863,2
0.923,0.358,208560,0.121,0,0.597,9,0.418,-16.784000000000002,0,15,0.0402,141.477,0.292,6
0.992,0.799,148653,0.145,0,0.0524,3,0.275,-17.519000000000002,1,0,0.0689,104.152,0.7909999999999999,9
0.00148,0.628,314440,0.97,1,0.0,1,0.852,-4.398,1,39,0.226,192.867,0.482,3
0.7829999999999999,0.677,131213,0.474,0,2.05e-06,0,0.282,-8.881,1,11,0.0269,101.502,0.963,7
0.78,0.7809999999999999,171789,0.452,1,3e-06,5,0.0902,-9.798,0,64,0.26,163.899,0.463,1
0.0658,0.43,234467,0.635,0,0.00185,0,0.0981,-6.7170000000000005,1,43,0.0374,145.474,0.163,4
0.353,0.679,263732,0.395,0,8.75e-05,2,0.173,-10.052,1,54,0.0318,119.8,0.21600000000000005,2
0.0468,0.443,233000,0.623,0,0.0,0,0.247,-6.7170000000000005,0,72,0.0718,79.365,0.156,1
0.986,0.424,187427,0.0467,0,0.118,5,0.46,-18.176,1,6,0.0405,112.791,0.212,9
0.805,0.6679999999999999,149867,0.0423,0,0.0,2,0.433,-16.374000000000002,1,40,0.369,129.482,0.564,3
0.0119,0.531,218587,0.915,0,0.0,11,0.14,-4.237,1,61,0.0369,134.322,0.8109999999999999,2
0.00774,0.831,399499,0.608,0,0.27,8,0.0708,-7.727,0,23,0.124,103.224,0.507,4
0.112,0.826,287000,0.9,0,0.00136,9,0.0875,-4.383,0,54,0.0411,132.099,0.954,2
0.6579999999999999,0.742,140000,0.316,0,0.936,5,0.117,-19.494,1,8,0.0367,124.357,0.797,7
0.698,0.329,221480,0.778,0,1.3800000000000007e-05,9,0.136,-1.036,1,31,0.0468,103.814,0.667,5
0.282,0.706,209165,0.457,0,0.008490000000000001,4,0.0614,-9.359,1,58,0.0383,78.014,0.723,1
0.983,0.728,157246,0.159,0,0.000423,2,0.115,-10.325,1,1,0.475,122.18,0.65,9
0.993,0.327,198347,0.522,0,0.329,9,0.0594,-7.923999999999999,1,0,0.0569,201.335,0.8029999999999999,9
0.00247,0.614,256853,0.7070000000000001,1,0.0975,1,0.101,-5.484,1,51,0.0519,159.976,0.711,2
0.995,0.258,206347,0.329,0,0.613,7,0.24,-13.115,1,0,0.0398,95.287,0.4920000000000001,9
0.3,0.76,226446,0.633,1,2.61e-05,6,0.0943,-7.263,1,56,0.279,155.03,0.578,1
0.8109999999999999,0.562,230427,0.309,0,2.44e-06,10,0.252,-15.356,1,0,0.468,206.22,0.6509999999999999,7
0.467,0.525,189440,0.325,0,1.03e-05,7,0.103,-14.464,1,34,0.0273,160.207,0.557,5
0.902,0.171,65093,0.13699999999999998,0,0.151,2,0.442,-21.9,1,5,0.0396,114.452,0.0727,7
0.00627,0.529,171427,0.898,0,0.728,2,0.0668,-5.249,1,53,0.0786,108.599,0.434,3
0.968,0.226,179973,0.19,0,0.00179,0,0.284,-12.696,1,0,0.0458,76.398,0.404,9
0.767,0.618,166173,0.228,0,2.54e-05,10,0.125,-17.91,1,29,0.0326,117.6,0.652,5
0.0265,0.843,288627,0.574,1,0.0,5,0.155,-7.794,1,35,0.276,79.943,0.349,3
0.917,0.201,179267,0.0911,0,1.2e-06,7,0.179,-19.173,1,3,0.0461,83.87899999999998,0.124,7
0.948,0.24,177690,0.232,0,3.06e-05,0,0.11,-8.934,1,58,0.0351,74.612,0.182,1
0.989,0.319,493267,0.0838,0,0.8809999999999999,6,0.114,-22.555,1,0,0.0416,124.22,0.165,8
0.941,0.672,165093,0.381,0,0.327,5,0.0991,-11.678,0,7,0.171,109.939,0.737,7
0.79,0.488,358187,0.363,0,0.181,6,0.14800000000000002,-11.679,1,23,0.0347,87.65299999999998,0.474,5
0.285,0.77,113000,0.129,1,0.0,11,0.441,-18.99,0,0,0.937,107.026,0.723,9
0.00197,0.769,280600,0.691,1,0.0,4,0.298,-4.59,0,59,0.0563,96.792,0.6809999999999999,3
0.996,0.428,136267,0.0188,0,0.944,9,0.0695,-28.288,1,0,0.0494,161.838,0.562,10
0.181,0.647,304800,0.8540000000000001,0,9.88e-06,7,0.0714,-7.864,1,37,0.0586,90.424,0.664,5
0.772,0.431,244040,0.103,0,3.92e-05,2,0.13,-21.779,1,22,0.0371,76.648,0.174,5
0.221,0.6920000000000001,225667,0.512,1,0.0,1,0.336,-8.345,0,62,0.0451,139.953,0.477,1
0.0246,0.56,227333,0.8959999999999999,0,0.000108,9,0.376,-11.274,1,26,0.0441,106.125,0.458,4
0.8290000000000001,0.41,254133,0.214,0,0.0165,2,0.0851,-16.48,0,48,0.0289,92.839,0.18,6
0.338,0.292,272200,0.33,0,0.000143,7,0.087,-18.288,1,35,0.0385,133.495,0.213,6
0.005,0.6729999999999999,294293,0.858,0,1.92e-05,11,0.274,-6.511,1,44,0.027000000000000003,116.477,0.959,3
