0.0338,0.6629999999999999,220800,0.861,0,0.0,7,0.08199999999999999,-3.398,0,51,0.109,119.963,0.654,1
0.984,0.625,50560,0.0869,0,0.18,4,0.0835,-21.57,0,2,0.0569,114.178,0.748,7
0.992,0.649,173160,0.0909,0,0.0043100000000000005,2,0.121,-12.938,0,10,0.0441,108.512,0.37,9
0.792,0.58,182200,0.159,0,1.26e-06,7,0.108,-22.087,1,59,0.0569,151.41899999999995,0.424,3
0.0249,0.461,243507,0.936,0,8.63e-06,9,0.222,-5.296,1,53,0.0678,184.18400000000003,0.484,2
0.7979999999999999,0.14400000000000002,257640,0.239,0,0.91,4,0.289,-20.38,1,49,0.0544,142.711,0.0505,3
0.0005009999999999999,0.654,217293,0.703,0,0.0,2,0.113,-6.9110000000000005,1,43,0.0295,112.474,0.555,2
7.890000000000001e-05,0.317,163842,0.953,0,0.00195,1,0.11,-5.88,1,46,0.105,187.519,0.161,3
0.16899999999999998,0.645,66773,0.119,0,0.68,1,0.0978,-22.221,1,30,0.0356,126.421,0.423,5
0.264,0.391,141333,0.883,0,0.0,7,0.157,-5.973,1,48,0.0442,75.442,0.927,4
0.954,0.238,169453,0.0372,0,0.00133,1,0.515,-28.545,1,0,0.0437,97.636,0.0867,8
0.98,0.257,411960,0.0471,0,0.532,7,0.126,-25.496,0,0,0.0423,67.60300000000001,0.134,9
0.395,0.458,349213,0.705,1,0.0195,4,0.601,-5.462999999999999,0,43,0.0672,157.97,0.15,1
0.326,0.627,171200,0.295,0,8.82e-05,2,0.037000000000000005,-13.872,1,22,0.0347,91.762,0.767,6
0.7290000000000001,0.6920000000000001,288507,0.461,0,0.0,5,0.0766,-11.513,1,36,0.034,156.446,0.904,3
0.0453,0.648,179053,0.897,0,0.0,8,0.114,-2.057,1,55,0.193,162.014,0.86,1
0.773,0.674,741440,0.308,0,0.111,0,0.189,-12.603,0,11,0.0398,114.02,0.449,6
0.08800000000000001,0.409,290587,0.89,0,0.107,0,0.0935,-6.839,1,57,0.0558,100.409,0.268,4
0.0471,0.6579999999999999,199895,0.765,0,1.02e-05,11,0.0936,-7.002000000000002,0,62,0.0469,119.974,0.222,0
0.0537,0.633,219520,0.7929999999999999,0,0.0,10,0.16,-4.126,1,64,0.055,103.97,0.414,1
0.00607,0.462,288810,0.41,0,0.0,0,0.113,-14.155,1,25,0.0298,130.034,0.124,4
0.0354,0.894,285373,0.514,0,6.36e-05,0,0.153,-14.14,1,40,0.0648,119.174,0.89,4
0.989,0.6859999999999999,132240,0.314,0,0.00442,1,0.127,-9.847,1,3,0.112,133.14700000000002,0.753,9
0.006370000000000001,0.787,221280,0.425,0,0.00169,10,0.196,-5.692,0,54,0.0641,99.225,0.711,2
0.0967,0.684,97127,0.14800000000000002,1,2.98e-05,4,0.173,-20.832,0,0,0.947,80.579,0.517,8
0.892,0.524,347813,0.197,0,0.8809999999999999,7,0.0672,-17.525,1,20,0.0459,137.326,0.5489999999999999,7
1.25e-05,0.183,217293,0.967,0,0.166,2,0.344,-9.616,1,29,0.104,134.054,0.0423,4
0.519,0.601,217000,0.677,0,2.77e-06,7,0.153,-10.564,1,64,0.0285,137.813,0.677,4
0.00237,0.644,190067,0.755,0,7.64e-06,1,0.0859,-5.325,1,77,0.0448,102.861,0.334,1
0.701,0.622,264787,0.425,0,2.4e-05,9,0.106,-9.112,1,30,0.0332,100.43,0.539,5
0.252,0.348,262067,0.465,0,0.0559,4,0.0695,-17.081,0,25,0.0343,115.623,0.748,5
0.28600000000000003,0.604,175027,0.451,0,3.77e-06,4,0.185,-9.617,1,36,0.038,134.959,0.627,5
0.236,0.274,714133,0.41,0,0.00134,7,0.97,-15.906,0,41,0.0442,144.662,0.0695,4
0.39,0.378,253173,0.515,0,0.0,11,0.0637,-7.277,1,55,0.0339,72.743,0.315,1
0.153,0.8959999999999999,326809,0.765,0,0.635,3,0.114,-7.335,0,45,0.0419,120.003,0.657,1
0.971,0.501,472907,0.157,0,0.708,3,0.145,-18.872,1,0,0.0395,107.043,0.536,8
0.674,0.333,356027,0.259,0,0.638,7,0.0905,-16.070999999999998,1,31,0.0394,152.138,0.499,6
0.6940000000000001,0.608,160733,0.435,0,0.0,7,0.136,-10.720999999999998,0,25,0.041,137.359,0.964,7
0.302,0.633,211965,0.853,1,0.0,8,0.152,-6.4910000000000005,1,54,0.389,130.018,0.544,1
3.620000000000001e-05,0.231,255960,0.866,0,0.000552,9,0.29,-5.131,1,69,0.0517,138.311,0.191,1
0.172,0.653,211440,0.467,0,0.0,11,0.147,-7.891,0,51,0.0786,158.97899999999996,0.866,2
0.994,0.279,119520,0.0342,0,0.911,11,0.104,-29.696,0,37,0.0361,87.781,0.16899999999999998,3
0.0162,0.693,240400,0.885,0,2.13e-06,2,0.328,-9.998,1,40,0.0659,105.636,0.63,4
0.986,0.289,200240,0.0909,0,0.153,11,0.0936,-24.36,0,19,0.0398,56.298,0.14800000000000002,6
0.00165,0.677,303827,0.866,0,0.662,1,0.412,-6.403,1,52,0.0392,128.005,0.0386,1
0.88,0.5429999999999999,223707,0.195,0,0.0,5,0.151,-14.17,1,15,0.0544,110.31,0.5539999999999999,6
0.6859999999999999,0.482,295117,0.949,0,0.000128,10,0.457,-5.0760000000000005,1,10,0.0924,145.083,0.639,6
0.317,0.621,422240,0.374,0,0.00378,7,0.0715,-11.06,1,49,0.0243,97.078,0.298,2
0.0,0.0,60372,0.0,0,0.0,0,0.0,-60.0,0,35,0.0,0.0,0.0,3
0.939,0.287,66867,0.424,0,0.00215,9,0.92,-12.762,1,3,0.0411,85.494,0.35100000000000003,8
0.606,0.591,159867,0.324,0,0.000144,2,0.172,-13.218,0,52,0.0302,104.15,0.617,6
0.264,0.537,549373,0.195,0,0.18,7,0.0974,-17.58,1,40,0.0421,58.245,0.389,5
0.701,0.5589999999999999,245907,0.333,0,0.229,9,0.051,-11.233,1,20,0.0447,150.873,0.894,5
0.125,0.445,180067,0.856,0,0.0307,1,0.28300000000000003,-6.349,1,25,0.0277,140.377,0.897,4
0.076,0.612,250985,0.841,0,0.7879999999999999,2,0.0522,-11.261,1,35,0.0608,89.935,0.7709999999999999,5
0.909,0.7829999999999999,96000,0.319,0,0.157,6,0.326,-16.088,1,68,0.285,80.102,0.525,1
0.00135,0.325,214413,0.852,0,0.0405,4,0.13,-6.447,1,31,0.138,187.405,0.738,4
0.3,0.7509999999999999,211160,0.8340000000000001,0,1.77e-05,1,0.355,-5.444,0,78,0.0437,95.053,0.894,2
0.992,0.303,183467,0.142,0,4.09e-05,5,0.158,-15.611,1,14,0.0465,79.729,0.349,7
0.856,0.422,306200,0.275,0,0.623,5,0.921,-13.872,1,0,0.0418,118.943,0.32,9
0.209,0.515,150627,0.604,0,2.53e-06,2,0.0756,-9.213,1,28,0.031,93.091,0.6459999999999999,6
0.218,0.71,208267,0.7879999999999999,0,5.870000000000001e-05,7,0.35700000000000004,-9.783,1,36,0.0376,125.008,0.841,4
0.0021,0.411,227974,0.773,0,2.66e-06,1,0.233,-3.238,1,37,0.0349,111.531,0.487,3
0.00168,0.634,349507,0.84,0,0.0237,6,0.207,-5.933,1,56,0.0351,97.998,0.393,2
0.748,0.517,200417,0.446,0,0.0,5,0.0914,-5.3439999999999985,1,59,0.0324,71.633,0.532,1
0.99,0.394,187347,0.028,0,0.893,8,0.112,-25.047,1,0,0.0696,71.098,0.52,7
0.0891,0.5670000000000001,213773,0.7170000000000001,0,4.32e-06,1,0.386,-14.029000000000002,1,33,0.0413,135.092,0.399,4
0.994,0.7,108225,0.383,0,0.226,6,0.174,-9.721,1,0,0.322,105.341,0.711,8
0.6940000000000001,0.7709999999999999,252653,0.458,0,0.00013700000000000002,7,0.0784,-7.652,1,53,0.0327,109.089,0.7070000000000001,2
0.974,0.299,193960,0.16699999999999998,0,0.0131,1,0.504,-15.526,1,1,0.0381,83.579,0.103,8
0.378,0.488,284067,0.3,0,0.0284,9,0.355,-16.839000000000002,0,12,0.106,96.293,0.484,6
0.987,0.273,320387,0.21,0,0.000145,8,0.956,-16.586,1,0,0.0513,91.916,0.18,7
0.0897,0.8190000000000001,265107,0.35700000000000004,0,0.0688,11,0.134,-16.115,1,32,0.0509,128.808,0.7829999999999999,4
0.25,0.593,282227,0.8590000000000001,0,1.43e-06,3,0.118,-5.816,0,38,0.039,111.548,0.7809999999999999,5
0.0152,0.708,247840,0.6809999999999999,0,3.43e-05,1,0.0373,-11.226,1,51,0.0422,111.574,0.8140000000000001,4
0.0317,0.893,333093,0.79,0,0.0326,0,0.0328,-7.925,1,25,0.0693,115.455,0.893,5
0.0898,0.7859999999999999,316733,0.289,0,0.00183,4,0.106,-16.759,0,28,0.0679,90.871,0.7509999999999999,4
0.429,0.78,185093,0.259,0,0.27,7,0.396,-10.89,1,36,0.0767,122.99,0.7020000000000001,7
0.867,0.562,296000,0.7190000000000001,0,2.01e-05,0,0.94,-8.538,1,26,0.0475,162.19899999999996,0.623,4
0.8009999999999999,0.705,53147,0.197,0,0.0,8,0.147,-28.316,1,0,0.8440000000000001,81.895,0.616,8
0.115,0.614,168667,0.5770000000000001,0,0.000203,11,0.103,-12.287,1,27,0.149,177.02900000000002,0.72,4
0.861,0.362,165933,0.368,0,4.99e-06,11,0.0937,-12.878,0,59,0.042,82.751,0.393,4
0.0494,0.38,294867,0.596,0,0.000559,4,0.6659999999999999,-10.242,0,36,0.0701,183.182,0.51,5
0.977,0.182,63496,0.202,0,0.0358,8,0.111,-28.542,1,58,0.0908,57.069,0.0365,1
0.804,0.6409999999999999,155773,0.198,0,0.0,7,0.24,-12.77,1,25,0.0872,112.542,0.4370000000000001,7
0.126,0.481,197600,0.818,0,0.0,7,0.4,-2.684,1,55,0.0833,79.842,0.633,1
0.000374,0.375,178267,0.773,0,0.913,2,0.0933,-11.313,1,33,0.0596,148.576,0.535,4
0.00999,0.536,494933,0.718,0,0.15,11,0.327,-8.401,0,40,0.0309,105.231,0.464,6
0.214,0.7809999999999999,165587,0.5329999999999999,0,5.96e-05,4,0.154,-11.379,1,49,0.0312,130.97,0.889,3
0.705,0.605,344760,0.62,0,0.266,5,0.0406,-7.919,0,23,0.0361,103.59,0.941,5
0.395,0.6759999999999999,193840,0.612,0,0.0,7,0.332,-7.445,1,17,0.11,88.223,0.765,6
0.007240000000000002,0.562,148653,0.516,0,0.107,2,0.0826,-12.981,1,20,0.034,124.392,0.723,6
0.0405,0.722,212493,0.488,1,3.28e-06,8,0.322,-7.5470000000000015,1,57,0.398,80.093,0.6609999999999999,1
0.151,0.8390000000000001,227760,0.938,0,0.0,7,0.0549,-2.427,1,48,0.271,170.19,0.8909999999999999,2
0.723,0.311,167653,0.4,0,0.0,3,0.127,-13.444,1,16,0.0342,77.6,0.54,6
0.915,0.5660000000000001,184480,0.16,0,1.54e-06,2,0.1,-15.821,0,24,0.0424,79.217,0.187,5
0.959,0.682,85853,0.102,0,0.0,9,0.141,-17.333,1,0,0.206,64.943,0.636,7
0.0343,0.479,204507,0.71,0,3.64e-05,2,0.112,-10.331,1,31,0.0369,101.607,0.597,4
0.841,0.534,189213,0.479,0,0.122,11,0.235,-9.35,1,0,0.0578,136.911,0.947,8
0.249,0.561,225480,0.636,0,0.0036,0,0.0588,-9.525,1,46,0.0264,98.565,0.6990000000000001,5
0.895,0.17,290867,0.0977,0,0.0218,0,0.19,-21.673,1,0,0.0402,82.477,0.304,9
0.00265,0.545,186493,0.6859999999999999,0,0.0,10,0.477,-4.081,1,51,0.0665,127.996,0.486,1
0.95,0.243,347533,0.302,0,0.0842,0,0.5589999999999999,-12.81,1,0,0.0404,83.208,0.328,9
0.972,0.623,172467,0.41,0,0.0319,6,0.474,-9.965,1,13,0.041,99.753,0.659,6
0.0308,0.5660000000000001,269547,0.935,0,0.0,2,0.132,-6.064,1,29,0.105,123.628,0.425,4
0.984,0.5329999999999999,154400,0.212,0,0.00579,8,0.215,-13.36,0,0,0.0565,112.903,0.534,8
0.306,0.535,230233,0.431,0,0.0,0,0.101,-8.071,1,70,0.0374,129.797,0.0954,0
0.897,0.136,274307,0.0108,0,0.813,1,0.147,-35.954,1,40,0.0343,88.529,0.0312,4
0.00175,0.5770000000000001,222840,0.915,0,0.000585,6,0.0914,-5.034,1,50,0.0513,94.561,0.476,2
0.000849,0.443,231653,0.996,0,0.002,7,0.353,-2.994,1,46,0.0823,157.99,0.4370000000000001,1
0.993,0.597,174800,0.0842,0,5.9e-05,9,0.28800000000000003,-20.011,1,7,0.0371,105.208,0.5579999999999999,8
0.14300000000000002,0.763,222133,0.701,0,0.0,5,0.198,-9.51,1,35,0.0461,109.974,0.8059999999999999,4
0.797,0.6709999999999999,241667,0.248,0,9.9e-06,10,0.124,-12.177,1,57,0.0322,120.093,0.214,3
0.82,0.5760000000000001,176440,0.442,0,0.0,7,0.249,-9.02,0,8,0.0311,90.176,0.647,6
0.16,0.484,206293,0.603,0,0.00875,11,0.123,-10.42,0,42,0.0652,99.346,0.846,5
0.989,0.209,298000,0.289,0,0.0822,5,0.141,-16.273,1,0,0.04,94.854,0.0851,7
0.39,0.458,316773,0.39,0,0.00366,7,0.294,-11.931,1,26,0.0331,94.379,0.26,6
0.6459999999999999,0.457,149933,0.318,0,0.0,7,0.426,-16.287,0,5,0.0612,105.341,0.504,7
0.981,0.309,204773,0.0676,0,0.234,0,0.0962,-20.201,1,37,0.0353,112.021,0.0996,5
0.0508,0.899,219920,0.364,1,0.0,9,0.097,-5.4620000000000015,0,42,0.106,100.013,0.7490000000000001,2
0.423,0.5720000000000001,239720,0.653,0,0.6559999999999999,0,0.101,-12.11,0,36,0.0251,110.049,0.532,4
0.775,0.285,197747,0.339,0,0.0,7,0.0496,-9.852,1,20,0.0437,169.438,0.42,7
0.306,0.622,239387,0.383,0,8.599999999999999e-06,2,0.0529,-11.868,1,45,0.0289,103.877,0.481,4
0.986,0.393,199558,0.208,0,0.0,7,0.598,-9.972,1,0,0.0551,81.348,0.218,9
0.958,0.789,154000,0.236,0,0.396,7,0.114,-13.053,1,0,0.0678,117.421,0.843,10
0.000554,0.645,246760,0.8590000000000001,0,0.0,2,0.337,-4.904,1,53,0.0562,120.063,0.596,1
0.746,0.358,218440,0.387,0,0.0121,7,0.119,-14.342,1,64,0.0324,181.183,0.495,5
0.607,0.598,279000,0.56,0,0.0432,0,0.196,-11.679,1,65,0.0375,115.01,0.221,1
0.022,0.488,306787,0.907,0,0.00193,3,0.975,-4.668,0,21,0.0733,99.673,0.52,4
0.922,0.473,168253,0.0874,0,0.928,0,0.111,-21.968000000000004,1,35,0.0425,134.368,0.336,7
0.6659999999999999,0.455,88267,0.308,0,0.000115,2,0.108,-18.488,1,29,0.0316,173.731,0.741,5
0.118,0.463,255987,0.4270000000000001,0,0.0464,7,0.602,-13.508,1,44,0.0501,93.994,0.116,5
0.975,0.595,189690,0.192,0,0.000187,11,0.151,-9.23,0,0,0.219,67.971,0.809,7
0.308,0.507,268960,0.411,0,0.0,10,0.106,-8.657,1,55,0.0276,102.806,0.184,2
0.00286,0.466,229960,0.951,0,0.00507,0,0.328,-3.395,1,36,0.0542,128.704,0.6459999999999999,4
0.0214,0.484,190093,0.8109999999999999,0,0.00199,2,0.301,-9.492,1,37,0.0435,80.003,0.415,3
0.879,0.467,243897,0.199,0,0.14300000000000002,5,0.14300000000000002,-17.39,0,5,0.0467,146.586,0.466,7
0.0034,0.457,272240,0.91,0,0.0,7,0.365,-4.254,1,45,0.0438,83.959,0.5379999999999999,2
0.7240000000000001,0.596,179107,0.328,0,0.0,9,0.583,-11.37,1,40,0.0383,89.32,0.758,3
0.994,0.32299999999999995,155733,0.187,0,0.885,9,0.145,-19.848,1,0,0.0371,113.941,0.647,7
0.105,0.752,283413,0.669,0,0.765,9,0.14,-8.432,1,30,0.0887,147.761,0.6729999999999999,4
0.614,0.516,196352,0.414,0,0.0,9,0.0851,-6.335,0,60,0.0351,110.126,0.358,1
0.981,0.618,165600,0.168,0,0.00628,2,0.0899,-15.034,1,22,0.0343,109.167,0.385,8
0.0472,0.581,256800,0.6809999999999999,0,0.0,7,0.104,-4.4689999999999985,1,56,0.0435,176.03400000000005,0.634,2
0.82,0.297,592293,0.294,0,0.0,1,0.369,-16.349,1,16,0.13,73.804,0.325,6
0.978,0.426,215347,0.342,0,0.812,5,0.45,-16.722,0,0,0.0591,89.48700000000002,0.6,9
0.982,0.26,1041520,0.00397,0,0.913,2,0.102,-31.095,1,52,0.0406,82.86200000000002,0.0368,5
0.989,0.6559999999999999,212227,0.302,0,0.506,2,0.135,-10.297,1,0,0.217,178.997,0.934,7
0.7120000000000001,0.531,232333,0.579,0,1.02e-05,9,0.0645,-10.642,0,52,0.0425,88.77799999999998,0.862,2
0.623,0.365,364573,0.16899999999999998,0,0.0187,4,0.0989,-17.187,0,20,0.0319,107.665,0.17600000000000002,5
9.56e-05,0.278,260800,0.957,0,0.0896,2,0.312,-5.839,1,33,0.153,138.41299999999998,0.264,3
0.226,0.562,133320,0.423,0,5.31e-05,2,0.158,-9.447,1,43,0.0259,108.614,0.097,5
0.928,0.391,173800,0.229,0,4.46e-06,7,0.508,-10.517,0,24,0.039,78.009,0.304,7
0.155,0.51,245827,0.863,0,2.93e-06,4,0.375,-4.56,0,49,0.402,85.59899999999998,0.628,2
9.65e-05,0.542,265027,0.977,0,0.716,11,0.0679,-6.822,0,36,0.0616,120.107,0.598,4
0.00441,0.5489999999999999,164455,0.754,1,0.0,9,0.423,-6.011,1,58,0.0366,110.046,0.443,1
0.915,0.608,274081,0.171,0,0.188,7,0.111,-16.822,1,58,0.0314,142.827,0.3,1
0.0493,0.657,307867,0.836,1,0.00366,11,0.3670000000000001,-6.075,0,52,0.196,107.352,0.049,1
0.989,0.149,365773,0.245,0,0.835,10,0.0807,-15.244000000000002,1,0,0.0457,172.683,0.0358,8
0.13699999999999998,0.453,514867,0.562,0,0.0029,5,0.0463,-10.233,0,51,0.045,156.654,0.463,2
0.025,0.453,245933,0.804,0,0.000906,2,0.193,-9.719,1,33,0.0441,107.882,0.575,4
0.955,0.465,284862,0.242,0,0.0223,9,0.126,-10.46,1,59,0.0298,102.812,0.315,2
0.00195,0.6629999999999999,172667,0.904,1,0.0,9,0.192,-2.48,0,51,0.205,75.487,0.4270000000000001,1
0.982,0.585,160923,0.503,0,0.0402,1,0.125,-11.708,1,0,0.054000000000000006,152.55200000000005,0.96,8
0.95,0.272,279507,0.153,0,0.892,10,0.312,-20.058,1,34,0.0364,101.712,0.471,4
0.007559999999999998,0.29,216960,0.939,1,0.00257,9,0.327,-3.519,1,46,0.0693,76.99600000000002,0.222,4
0.7240000000000001,0.608,152053,0.246,0,0.0,4,0.234,-11.967,0,18,0.0519,117.725,0.585,6
0.607,0.6709999999999999,203113,0.763,1,2.1600000000000007e-05,8,0.495,-5.877000000000002,1,64,0.305,149.87,0.469,1
0.778,0.7340000000000001,354627,0.705,0,0.0,2,0.14400000000000002,-11.75,0,33,0.0524,129.917,0.85,4
0.305,0.498,319200,0.5760000000000001,0,1.73e-05,8,0.544,-9.853,0,44,0.0411,94.232,0.847,3
0.772,0.5720000000000001,162227,0.185,0,0.0,2,0.11,-20.913,0,19,0.048,82.176,0.509,6
0.867,0.247,243667,0.12,0,0.00642,7,0.103,-15.154000000000002,1,48,0.0329,171.437,0.14,5
0.451,0.444,201667,0.205,0,0.812,10,0.0837,-16.059,1,12,0.0287,92.364,0.725,6
0.925,0.6579999999999999,198766,0.439,0,0.00063,10,0.129,-9.751,1,4,0.0513,147.554,0.85,7
0.521,0.401,165333,0.677,0,0.0,5,0.213,-9.325,1,34,0.0382,90.356,0.949,5
0.174,0.619,281560,0.89,0,0.0,5,0.124,-4.705,1,34,0.0308,127.101,0.909,3
0.0883,0.615,182120,0.732,0,5.94e-06,6,0.107,-8.74,1,49,0.0348,127.881,0.557,1
0.0906,0.813,310080,0.5539999999999999,0,1.23e-06,10,0.0629,-9.105,1,49,0.04,103.953,0.782,2
0.223,0.539,230107,0.82,0,1.05e-06,9,0.154,-3.913,1,43,0.0363,104.033,0.56,2
0.8009999999999999,0.349,179242,0.307,0,0.0,10,0.0968,-7.197,1,60,0.0402,80.964,0.447,1
0.956,0.514,259120,0.273,0,0.0,4,0.0829,-8.322000000000001,1,30,0.0376,92.879,0.496,7
0.107,0.495,133933,0.925,0,0.0,2,0.0876,-4.752,1,39,0.0546,94.072,0.7509999999999999,3
0.823,0.578,157173,0.867,0,0.0554,9,0.4270000000000001,-6.602,1,29,0.175,114.286,0.598,5
0.0134,0.716,149800,0.7390000000000001,0,0.005520000000000001,2,0.071,-6.289,1,33,0.0333,121.179,0.97,5
0.00131,0.529,323960,0.843,0,0.231,7,0.18,-11.934,0,43,0.0548,111.364,0.212,4
0.282,0.495,328573,0.772,1,0.0,8,0.119,-4.851,1,48,0.425,71.295,0.748,1
0.9,0.5429999999999999,276693,0.244,0,0.73,0,0.0635,-17.825,1,34,0.0402,119.942,0.634,6
0.0938,0.434,376667,0.78,0,0.205,7,0.159,-11.097,1,45,0.0346,95.388,0.929,5
0.932,0.303,173705,0.384,0,0.867,4,0.329,-12.372,0,0,0.0434,62.394,0.221,9
0.773,0.195,161973,0.083,0,0.00221,4,0.14300000000000002,-18.719,1,17,0.041,176.713,0.174,7
0.415,0.27,257333,0.366,0,0.227,5,0.12,-12.526,1,35,0.0381,123.216,0.0752,4
0.995,0.644,167560,0.262,0,7.66e-06,9,0.127,-15.243,0,0,0.0767,64.835,0.81,10
0.193,0.494,237573,0.452,0,0.0,10,0.08900000000000001,-6.724,0,49,0.0308,116.293,0.173,1
0.603,0.659,177867,0.635,0,0.0214,10,0.172,-10.569,0,45,0.202,144.965,0.413,6
0.136,0.324,290840,0.579,0,1.24e-06,2,0.112,-7.963999999999999,1,44,0.0473,144.859,0.401,2
0.0658,0.732,215693,0.539,0,0.00224,7,0.192,-12.217,1,33,0.0287,122.532,0.889,3
0.994,0.405,135173,0.251,0,0.951,0,0.35600000000000004,-15.838,1,38,0.0397,171.704,0.7440000000000001,5
0.74,0.701,266240,0.547,0,6.620000000000001e-05,3,0.0714,-12.254,0,37,0.0383,157.096,0.906,4
0.695,0.4970000000000001,129893,0.37,0,3.57e-06,3,0.16399999999999998,-12.282,1,18,0.0282,83.625,0.574,6
0.628,0.542,121333,0.6990000000000001,0,0.0,4,0.053,-5.829,1,40,0.0318,138.38299999999998,0.8270000000000001,5
0.835,0.612,142867,0.362,0,0.0,2,0.345,-15.082,0,1,0.0794,150.154,0.8270000000000001,7
0.0791,0.362,185200,0.882,0,0.0,3,0.15,-3.717,1,75,0.0973,199.811,0.8640000000000001,1
0.000563,0.417,167091,0.73,0,3.31e-06,5,0.0766,-6.774,1,56,0.0363,81.179,0.43,1
0.000976,0.307,274893,0.973,0,0.000115,4,0.956,-5.0939999999999985,0,25,0.0934,133.004,0.369,5
0.245,0.525,285187,0.795,0,0.0,9,0.098,-4.6960000000000015,1,43,0.0402,137.881,0.25,2
0.142,0.703,227133,0.882,0,2.53e-06,5,0.08900000000000001,-4.332,1,51,0.232,127.956,0.594,1
0.935,0.76,191293,0.223,0,0.0004969999999999999,0,0.101,-15.595999999999998,0,0,0.0696,132.72899999999998,0.696,9
0.8190000000000001,0.563,142440,0.214,0,0.644,7,0.156,-21.989,1,36,0.134,171.641,0.856,6
0.99,0.63,150427,0.255,0,0.688,5,0.14300000000000002,-15.005,1,0,0.0778,106.486,0.496,7
0.985,0.39,296200,0.0928,0,0.000196,9,0.336,-16.801,1,0,0.103,178.425,0.211,7
0.994,0.573,196207,0.101,0,0.91,10,0.0905,-19.828,1,5,0.0389,71.43,0.294,7
0.894,0.206,539413,0.241,0,0.867,0,0.299,-18.11,1,20,0.0433,73.35600000000002,0.145,7
0.3720000000000001,0.5920000000000001,151747,0.5710000000000001,0,0.0,7,0.408,-8.406,1,30,0.0357,129.26,0.879,6
0.9,0.419,446907,0.309,0,0.885,2,0.149,-10.497,0,0,0.0457,78.404,0.5529999999999999,8
0.754,0.535,198853,0.452,0,0.0,7,0.0631,-9.349,1,40,0.0361,79.075,0.7,5
0.101,0.7,97199,0.166,1,2.15e-05,5,0.25,-21.142,0,0,0.921,88.765,0.501,8
0.00127,0.435,177333,0.518,0,0.258,10,0.256,-10.723,1,23,0.0432,124.092,0.583,4
0.231,0.581,252494,0.505,1,0.0,4,0.142,-5.434,1,46,0.0309,135.594,0.131,3
0.0142,0.595,239880,0.754,1,0.0,11,0.247,-5.827000000000001,0,59,0.181,83.155,0.647,2
0.214,0.261,441373,0.778,0,2.65e-06,9,0.251,-7.249,1,27,0.0506,141.065,0.532,5
0.0478,0.654,193760,0.856,0,0.0,10,0.304,-6.072,1,51,0.0445,178.02900000000002,0.825,1
0.0426,0.472,235733,0.574,0,0.0129,10,0.0942,-13.724,1,33,0.0381,123.709,0.695,3
0.333,0.4970000000000001,244267,0.434,0,3.11e-06,0,0.108,-5.73,1,57,0.0296,115.749,0.266,1
0.0601,0.644,285373,0.904,0,2.77e-06,9,0.297,-9.198,0,42,0.0582,146.95,0.838,4
0.98,0.277,321880,0.01,0,0.848,4,0.131,-32.893,0,56,0.0359,102.397,0.0353,1
0.247,0.913,161052,0.285,0,3e-05,1,0.108,-11.15,1,36,0.0654,116.361,0.931,6
0.000343,0.478,217707,0.927,0,0.0,0,0.359,-4.266,1,45,0.047,125.346,0.775,2
0.21,0.691,334773,0.428,0,0.0,3,0.264,-9.722,0,33,0.0356,119.86,0.101,3
0.49,0.631,202267,0.391,0,0.5479999999999999,7,0.264,-13.652,1,48,0.0294,120.8,0.534,3
0.156,0.7509999999999999,190802,0.713,0,9.59e-05,1,0.0508,-7.332999999999997,1,57,0.0544,100.856,0.906,1
0.494,0.6759999999999999,107900,0.12,1,0.0,2,0.491,-20.046,1,0,0.964,145.026,0.6579999999999999,8
0.929,0.631,181440,0.168,0,4.52e-06,4,0.12,-13.792,1,0,0.0378,102.016,0.513,8
0.0852,0.479,242667,0.638,0,0.0,0,0.6890000000000001,-11.253,1,34,0.0382,127.464,0.5589999999999999,3
0.00634,0.753,203453,0.7090000000000001,0,0.0008960000000000002,1,0.0967,-5.1320000000000014,0,53,0.0347,99.966,0.5720000000000001,1
0.261,0.64,224360,0.496,0,0.00239,6,0.117,-13.354,1,30,0.0341,154.179,0.867,3
0.35,0.5720000000000001,333307,0.706,0,0.0,9,0.159,-8.707,0,63,0.0283,113.595,0.6709999999999999,4
0.265,0.782,180234,0.644,1,0.0,1,0.122,-5.559,0,73,0.162,129.972,0.434,0
0.35100000000000003,0.644,251489,0.795,0,0.0031,7,0.106,-12.102,1,32,0.0528,112.069,0.534,4
0.8759999999999999,0.706,109067,0.465,0,1.15e-05,4,0.0536,-9.398,1,34,0.0437,93.215,0.8759999999999999,6
0.833,0.504,203347,0.0329,0,0.0,11,0.0745,-21.102,1,0,0.0884,138.725,0.278,7
0.927,0.0668,1757800,0.0807,0,0.755,2,0.498,-21.74,1,0,0.037000000000000005,68.967,0.0388,8
0.996,0.7290000000000001,149747,0.234,0,0.843,7,0.311,-16.480999999999998,1,0,0.101,120.432,0.616,10
0.000367,0.475,142560,0.936,0,5.44e-06,6,0.233,-7.178,1,19,0.0736,187.363,0.293,5
0.241,0.764,200840,0.336,0,9.29e-06,9,0.118,-16.024,1,54,0.0302,130.565,0.6970000000000001,4
7.31e-05,0.541,255693,0.505,0,0.00362,7,0.266,-7.226,0,54,0.0237,77.119,0.398,2
0.774,0.542,194533,0.34600000000000003,0,4.33e-05,0,0.0651,-15.528,1,32,0.0338,148.984,0.8340000000000001,6
0.96,0.487,148213,0.223,0,0.007109999999999998,0,0.121,-17.7,0,43,0.3670000000000001,175.357,0.6409999999999999,2
0.0285,0.902,263280,0.358,0,0.00992,9,0.0917,-9.032,0,46,0.15,116.025,0.773,2
0.933,0.522,170000,0.293,0,8.669999999999999e-05,4,0.715,-11.082,1,31,0.0508,63.942,0.298,5
0.0659,0.6679999999999999,97400,0.189,1,0.0,1,0.0852,-19.551,1,0,0.923,147.775,0.759,8
0.0376,0.632,96400,0.253,1,0.0,5,0.371,-21.91800000000001,1,0,0.958,167.27200000000005,0.484,10
0.979,0.206,397707,0.21,0,0.0168,5,0.254,-15.044,1,0,0.0476,174.648,0.0688,7
0.994,0.465,195760,0.107,0,0.0178,3,0.111,-19.134,0,0,0.0357,80.544,0.477,8
0.0863,0.7070000000000001,238627,0.813,0,0.0,11,0.168,-4.515,0,72,0.0571,124.921,0.722,2
0.21,0.569,241413,0.86,0,3.1e-06,5,0.241,-5.827000000000001,1,41,0.028,103.018,0.181,3
0.189,0.408,253640,0.7070000000000001,0,0.0,1,0.626,-5.4,1,61,0.0341,161.96200000000005,0.333,0
0.993,0.391,138039,0.0721,0,0.938,7,0.119,-22.686,0,31,0.0562,127.65,0.188,3
0.0985,0.377,192827,0.7340000000000001,0,0.0,9,0.0942,-3.645,1,54,0.0334,169.988,0.393,2
0.00393,0.339,237987,0.969,0,2.89e-06,9,0.36,-5.056,1,44,0.175,105.126,0.256,2
0.0145,0.887,190560,0.87,0,0.0,2,0.015,-5.267,1,65,0.119,126.048,0.838,2
0.0223,0.858,203528,0.598,1,0.0,1,0.174,-7.407,0,68,0.35700000000000004,157.03,0.85,0
0.855,0.615,165133,0.248,0,2.23e-06,5,0.123,-10.868,1,7,0.03,106.973,0.485,7
0.175,0.6709999999999999,178338,0.29,0,0.7490000000000001,7,0.1,-17.840999999999994,1,0,0.0304,99.907,0.27,8
0.208,0.616,159160,0.636,0,0.0,1,0.517,-7.055,1,59,0.0325,110.618,0.654,1
0.000278,0.478,263546,0.76,0,0.774,11,0.331,-8.875,1,42,0.0525,113.206,0.451,3
0.993,0.561,110387,0.254,0,1.24e-05,10,0.222,-19.743,0,0,0.898,209.555,0.45,7
0.275,0.773,275827,0.6729999999999999,1,0.0,1,0.112,-5.697,1,66,0.223,143.957,0.5920000000000001,1
9.43e-05,0.27,204533,0.928,0,0.5820000000000001,11,0.66,-7.2189999999999985,1,37,0.141,114.832,0.198,2
0.0494,0.573,276480,0.772,0,0.00014,7,0.0605,-8.235,1,32,0.0745,161.454,0.861,5
0.142,0.624,300510,0.542,0,0.0034700000000000004,10,0.1,-9.685,1,41,0.0358,86.994,0.408,3
0.579,0.328,254293,0.219,0,0.0991,9,0.104,-18.595,1,57,0.0337,138.02200000000002,0.0387,2
0.958,0.494,245134,0.211,0,0.0699,2,0.121,-12.776,1,0,0.0534,95.391,0.132,9
0.488,0.541,156013,0.813,0,0.0,3,0.241,-3.846,1,49,0.0645,107.972,0.662,5
0.209,0.487,288600,0.5529999999999999,0,2.81e-05,6,0.0992,-11.197,0,70,0.0425,126.043,0.6990000000000001,3
0.967,0.193,171307,0.264,0,0.899,4,0.168,-12.393,0,0,0.0319,140.884,0.158,7
0.0273,0.336,168200,0.983,0,0.667,0,0.782,-3.102,1,39,0.0916,98.077,0.293,3
0.132,0.715,260974,0.794,1,0.0,10,0.361,-5.426,1,51,0.163,119.994,0.604,1
0.0173,0.621,308893,0.722,0,3.74e-05,7,0.0808,-7.002000000000002,1,48,0.0542,94.985,0.451,1
0.00227,0.213,110413,0.821,0,0.845,1,0.0896,-11.623,1,45,0.085,190.095,0.266,4
0.207,0.649,191560,0.898,0,0.0103,2,0.193,-6.018,0,42,0.0428,111.151,0.797,4
0.841,0.556,150600,0.62,0,0.0,6,0.287,-7.806,1,4,0.0513,155.045,0.889,7
0.992,0.232,203593,0.552,0,0.0401,9,0.8909999999999999,-7.432,1,0,0.0336,128.131,0.182,8
0.835,0.361,207720,0.23,0,0.517,2,0.111,-15.517,1,54,0.0359,163.35399999999996,0.415,2
0.304,0.638,369067,0.762,0,9e-05,2,0.112,-9.685,1,41,0.0381,92.046,0.726,3
0.259,0.613,208867,0.489,0,0.0,11,0.0696,-13.509,0,45,0.0503,145.278,0.898,5
0.99,0.493,190000,0.0638,0,0.000717,5,0.109,-14.735,1,41,0.0382,82.454,0.381,3
0.00379,0.608,306320,0.92,0,0.00625,7,0.35700000000000004,-11.807,1,44,0.051,119.123,0.58,4
0.00199,0.369,158093,0.8390000000000001,0,0.0,0,0.0625,-8.095,1,37,0.0765,81.369,0.7190000000000001,3
0.117,0.65,268813,0.8009999999999999,1,0.000231,8,0.34700000000000003,-2.178,1,63,0.0694,124.123,0.35600000000000004,1
0.0133,0.418,276685,0.72,0,0.000108,4,0.213,-5.934,1,56,0.0338,134.937,0.219,1
0.635,0.637,270333,0.561,0,0.0,10,0.161,-9.959,1,34,0.0365,133.14600000000002,0.743,5
0.204,0.477,33600,0.8759999999999999,0,0.0,4,0.89,-14.728,0,32,0.612,156.873,0.493,5
0.967,0.444,164000,0.117,1,0.0,10,0.0969,-13.153,1,0,0.0373,85.93700000000004,0.205,8
0.305,0.7609999999999999,386267,0.293,0,0.0,2,0.0479,-11.004,0,30,0.0442,111.927,0.458,3
0.825,0.37,185933,0.295,0,0.00134,7,0.174,-14.284,1,34,0.0354,162.97299999999996,0.5920000000000001,5
0.0269,0.573,229373,0.8290000000000001,0,0.0,0,0.113,-5.606,1,46,0.0408,128.039,0.397,1
0.0056,0.329,91600,0.952,0,0.602,1,0.0702,-6.862,0,41,0.0686,155.313,0.298,3
0.754,0.8079999999999999,149933,0.203,0,0.0,5,0.221,-12.28,1,10,0.0497,123.07,0.564,6
0.909,0.266,166347,0.221,0,2.6e-06,5,0.0995,-17.15,1,46,0.0398,138.39700000000002,0.198,3
0.721,0.659,506307,0.377,0,0.000324,8,0.0385,-14.363,1,33,0.261,111.372,0.638,6
0.513,0.691,32354,0.183,0,0.0,5,0.633,-20.019,0,0,0.777,148.28799999999995,0.344,8
0.588,0.769,172360,0.271,0,2.54e-05,0,0.076,-19.886,1,31,0.0507,135.719,0.8220000000000001,4
0.8290000000000001,0.426,180517,0.251,0,0.0,7,0.0642,-13.674,1,22,0.0306,109.392,0.475,6
0.579,0.682,155440,0.722,0,0.0,10,0.0324,-4.4,1,40,0.0326,117.358,0.931,3
0.459,0.635,190608,0.111,1,0.0,1,0.336,-18.491,0,0,0.961,167.44099999999997,0.502,8
0.758,0.8370000000000001,198120,0.27,0,0.748,3,0.107,-11.712,1,39,0.0403,125.506,0.765,3
0.977,0.306,626160,0.128,0,0.7090000000000001,3,0.081,-18.698,1,0,0.04,134.312,0.271,9
0.258,0.6509999999999999,209840,0.6829999999999999,0,2.92e-05,0,0.277,-10.22,1,23,0.0464,132.52,0.949,5
0.0,0.0,253719,0.0,0,0.0,0,0.0,-60.0,0,12,0.0,0.0,0.0,6
0.986,0.297,1147000,0.102,0,0.928,7,0.0498,-23.43,1,38,0.0364,102.533,0.042,4
0.298,0.857,334040,0.684,0,0.0025800000000000003,4,0.0909,-7.267,1,35,0.128,105.29,0.7120000000000001,4
0.992,0.165,186733,0.0747,0,0.7390000000000001,7,0.107,-23.522,1,34,0.0382,130.41899999999998,0.0671,6
0.615,0.782,206467,0.581,0,0.00486,9,0.0752,-9.718,1,25,0.0269,104.624,0.631,4
0.275,0.456,209800,0.609,0,0.0198,11,0.108,-11.767,1,57,0.068,84.441,0.682,4
0.917,0.531,267520,0.583,0,0.0,4,0.138,-5.0310000000000015,1,0,0.0674,104.876,0.5920000000000001,8
0.436,0.6990000000000001,275804,0.775,0,3e-05,9,0.682,-11.079,0,31,0.0848,148.101,0.905,5
0.97,0.232,74027,0.326,0,0.8959999999999999,7,0.125,-15.599,1,0,0.0409,117.765,0.251,8
0.14,0.8490000000000001,388960,0.463,0,4.09e-05,6,0.0337,-11.92,1,23,0.189,119.98,0.8590000000000001,4
0.947,0.431,396560,0.224,0,0.515,7,0.0694,-16.394000000000002,0,22,0.0437,118.883,0.174,6
0.6970000000000001,0.41,318846,0.37,0,0.000144,4,0.211,-15.757,0,55,0.0766,76.926,0.33,5
0.992,0.329,266356,0.187,0,0.0593,5,0.123,-16.349,1,0,0.0457,137.88299999999998,0.159,8
0.816,0.414,1327244,0.602,0,0.0456,7,0.955,-8.191,0,19,0.0882,122.891,0.39,6
0.977,0.482,184187,0.108,0,0.835,3,0.152,-17.732,1,45,0.0309,81.046,0.118,2
0.017,0.782,219413,0.412,1,0.000116,1,0.182,-13.809,1,42,0.35200000000000004,170.697,0.645,4
0.988,0.242,624188,0.309,0,0.904,6,0.112,-15.947,0,39,0.0442,153.19,0.0619,4
0.987,0.524,187120,0.207,0,0.945,9,0.108,-17.656,0,14,0.0328,116.828,0.269,6
0.0353,0.152,127067,0.991,0,0.7809999999999999,4,0.132,-9.184,1,39,0.0866,185.099,0.421,4
0.359,0.733,236293,0.794,0,0.0,5,0.16,-4.328,1,63,0.0447,140.186,0.857,1
0.906,0.644,276720,0.314,0,0.000547,8,0.0873,-14.51,1,41,0.0556,147.709,0.613,6
0.972,0.631,208640,0.35,0,7.37e-06,7,0.457,-12.209,1,25,0.14400000000000002,73.667,0.5529999999999999,6
0.888,0.241,202253,0.175,0,0.00015,4,0.18600000000000005,-14.025,0,18,0.0321,167.722,0.187,6
0.926,0.514,78480,0.477,0,0.421,8,0.394,-18.42,0,0,0.0439,90.551,0.969,7
0.995,0.544,172173,0.515,0,0.674,3,0.382,-8.626,1,0,0.0287,101.572,0.845,9
0.677,0.389,200933,0.584,0,1.45e-06,2,0.104,-6.806,1,41,0.0349,167.692,0.591,3
0.32299999999999995,0.8029999999999999,179080,0.901,0,0.0,1,0.142,-4.192,0,46,0.0625,104.002,0.8370000000000001,2
0.214,0.53,160160,0.6679999999999999,0,0.0,4,0.695,-6.309,1,33,0.0324,150.743,0.8109999999999999,6
0.0784,0.4970000000000001,173760,0.973,0,8.09e-06,7,0.0946,-2.949,1,54,0.462,166.829,0.212,1
0.977,0.536,181520,0.279,0,2.27e-05,2,0.264,-9.96,1,7,0.0587,114.726,0.532,9
0.962,0.537,172933,0.235,0,1.4e-06,0,0.147,-13.379,1,0,0.0346,86.726,0.58,8
0.588,0.404,73293,0.18600000000000005,0,0.000136,0,0.156,-19.566,1,0,0.0576,95.584,0.281,8
0.989,0.485,219160,0.166,0,0.696,4,0.108,-17.206,1,0,0.051,129.34,0.466,8
0.757,0.49,250046,0.361,0,7.64e-05,4,0.0478,-13.677,1,44,0.0737,156.964,0.583,5
0.941,0.4920000000000001,285022,0.264,0,6.06e-06,4,0.241,-13.1,1,31,0.0308,109.057,0.515,5
0.000598,0.573,223867,0.8059999999999999,0,5.28e-06,2,0.142,-5.1720000000000015,1,56,0.0326,101.998,0.589,2
0.305,0.315,216800,0.218,0,0.0012,0,0.226,-15.215,1,55,0.0731,175.861,0.156,5
0.92,0.606,194013,0.447,0,0.0204,1,0.091,-9.443,1,0,0.037000000000000005,147.714,0.825,9
0.007659999999999998,0.941,169600,0.721,1,0.0,2,0.0485,-4.921,1,47,0.155,99.042,0.7070000000000001,2
0.919,0.161,335840,0.04,0,0.0207,9,0.104,-32.083,1,0,0.0421,65.032,0.146,7
0.147,0.504,311720,0.733,0,1.3699999999999998e-05,9,0.183,-8.969,1,26,0.0466,105.162,0.7140000000000001,5
0.0305,0.752,248933,0.894,0,8.11e-06,0,0.196,-4.55,1,55,0.0422,119.79,0.475,2
0.98,0.628,160693,0.208,0,0.938,5,0.14,-18.304,1,7,0.0558,134.126,0.44,10
0.988,0.624,180227,0.13,0,0.0,7,0.32299999999999995,-15.988,1,0,0.17,78.28,0.574,10
0.159,0.496,542560,0.597,1,1.4800000000000002e-05,9,0.201,-7.932,1,35,0.433,105.522,0.188,2
0.00618,0.258,452333,0.6629999999999999,0,0.00228,9,0.0437,-8.25,1,56,0.0288,145.894,0.503,5
0.8059999999999999,0.564,186027,0.465,0,0.0,6,0.0868,-6.6560000000000015,1,47,0.0475,118.713,0.544,7
0.989,0.311,409745,0.152,0,0.555,5,0.102,-15.543,0,0,0.0359,106.586,0.2,9
0.00872,0.75,208933,0.506,0,0.0,7,0.123,-12.812,1,55,0.304,121.765,0.78,2
0.0263,0.8,218573,0.743,0,0.0,2,0.0698,-7.931,1,44,0.0519,110.059,0.76,3
0.16699999999999998,0.917,211413,0.823,0,0.000945,7,0.0258,-8.445,0,42,0.0368,132.56,0.969,5
0.6829999999999999,0.7190000000000001,165827,0.55,0,0.00016299999999999998,5,0.0328,-7.307,1,4,0.0852,117.578,0.889,9
0.506,0.491,192520,0.212,0,0.00134,8,0.0563,-10.478,1,45,0.0281,81.582,0.302,2
0.958,0.0674,730533,0.0124,0,0.935,1,0.0763,-30.441,1,0,0.0458,74.884,0.0356,7
0.0641,0.595,204812,0.8959999999999999,0,5.820000000000001e-05,10,0.0748,-2.951,1,69,0.047,118.001,0.5670000000000001,1
0.529,0.475,228000,0.6629999999999999,0,0.0,1,0.0928,-7.415,1,50,0.0359,177.44,0.475,2
0.765,0.773,155627,0.445,0,0.624,4,0.0529,-16.601,1,35,0.0413,115.987,0.899,4
0.194,0.5429999999999999,279453,0.923,1,0.00446,9,0.43,-3.992,1,43,0.0768,134.997,0.366,1
0.928,0.309,334360,0.25,0,0.000251,0,0.595,-15.832,0,1,0.0701,60.929,0.146,8
0.772,0.446,202093,0.3670000000000001,0,0.0,1,0.524,-11.104,1,42,0.0285,106.488,0.321,6
0.5710000000000001,0.613,20373,0.21600000000000005,0,0.00199,5,0.433,-17.25,1,0,0.117,109.192,0.945,9
0.616,0.787,187320,0.6409999999999999,0,0.0,9,0.102,-8.692,1,11,0.104,118.219,0.847,6
0.0627,0.63,199587,0.754,0,0.0,7,0.28800000000000003,-5.374,1,39,0.0308,112.587,0.607,2
0.00345,0.6,215267,0.8690000000000001,0,0.441,0,0.311,-5.126,1,51,0.0302,117.064,0.56,4
0.972,0.284,222267,0.0829,0,0.000989,7,0.188,-18.983,1,3,0.0393,133.058,0.0399,7
0.177,0.8690000000000001,231533,0.454,0,0.0155,1,0.0443,-11.34,1,36,0.168,78.194,0.963,4
0.509,0.377,186000,0.42,0,0.0,2,0.314,-12.399,1,30,0.0272,178.90099999999995,0.6579999999999999,3
0.542,0.556,238748,0.426,0,0.0,2,0.312,-12.543,1,44,0.0278,106.029,0.469,3
0.00123,0.644,189910,0.928,1,0.0,6,0.0793,-2.966,0,64,0.0939,95.059,0.5710000000000001,1
0.525,0.946,183907,0.319,0,0.0,0,0.0806,-11.496,1,26,0.0752,112.924,0.96,4
0.657,0.544,205640,0.173,0,0.319,6,0.0505,-16.484,0,25,0.0406,102.037,0.444,5
0.994,0.27,255040,0.146,0,0.000117,3,0.121,-16.569000000000006,1,0,0.0647,74.37,0.255,9
0.64,0.621,158867,0.395,0,0.0,9,0.33,-12.138,1,43,0.0311,98.146,0.589,4
0.0753,0.406,153480,0.7340000000000001,0,0.0139,6,0.185,-12.844,1,31,0.0662,130.743,0.524,6
0.000496,0.462,268787,0.7190000000000001,0,0.1,2,0.111,-13.082,1,41,0.0333,142.214,0.924,5
0.00606,0.358,208360,0.8290000000000001,0,0.00104,1,0.18600000000000005,-8.431000000000001,1,24,0.053,151.865,0.61,4
0.601,0.621,222600,0.768,0,0.0,7,0.16699999999999998,-10.054,1,36,0.031,164.954,0.969,4
0.222,0.599,223680,0.622,0,0.0,6,0.536,-7.019,1,47,0.128,117.574,0.907,6
0.46,0.597,299320,0.44,0,0.0,3,0.139,-10.227,1,30,0.0385,126.631,0.578,5
0.926,0.655,174211,0.562,0,0.899,1,0.28,-11.724,1,1,0.0508,95.346,0.885,9
0.00799,0.344,353307,0.585,0,0.000898,7,0.0921,-4.61,0,31,0.0324,122.599,0.395,6
0.174,0.627,199440,0.479,0,0.0,5,0.16,-7.596,1,48,0.0426,106.356,0.695,2
0.132,0.6709999999999999,202707,0.516,0,0.0,2,0.292,-7.647,1,40,0.0236,93.663,0.476,3
0.568,0.659,219533,0.482,0,0.00015800000000000002,10,0.0868,-6.107,1,10,0.0303,99.237,0.657,6
0.992,0.388,213533,0.253,0,0.8809999999999999,4,0.142,-19.618,1,0,0.0318,143.622,0.441,10
0.928,0.293,436240,0.055,0,0.0289,7,0.349,-17.977,1,4,0.0436,83.155,0.353,8
0.96,0.721,155109,0.255,0,0.0,2,0.244,-12.463,1,0,0.31,128.438,0.894,9
0.99,0.395,304667,0.269,0,0.8340000000000001,2,0.0961,-15.769,0,0,0.0288,91.106,0.423,7
0.436,0.547,219867,0.49,0,0.0246,0,0.0781,-9.244,1,37,0.0509,112.478,0.4370000000000001,5
0.86,0.5429999999999999,152893,0.623,1,0.0,4,0.931,-6.178,1,55,0.0504,84.97200000000002,0.6629999999999999,1
1.4300000000000005e-05,0.479,263667,0.8859999999999999,0,0.6,9,0.0793,-4.642,1,42,0.0351,100.436,0.489,4
0.0178,0.602,206373,0.863,0,0.0,5,0.389,-5.422999999999999,0,54,0.0773,150.183,0.732,1
0.000169,0.393,294000,0.91,0,0.441,11,0.205,-14.856,0,26,0.0757,102.48,0.377,4
0.8440000000000001,0.514,151707,0.157,0,0.826,10,0.104,-23.462,0,3,0.041,91.818,0.7040000000000001,7
0.2,0.393,286253,0.634,0,0.000166,4,0.198,-6.629,0,52,0.0378,85.76700000000002,0.395,1
0.952,0.264,245640,0.253,0,1.77e-05,0,0.544,-15.57,0,0,0.0688,76.952,0.219,8
0.98,0.45,189960,0.219,0,0.628,9,0.269,-14.817,1,0,0.0367,104.815,0.521,8
0.695,0.49,239640,0.445,0,1.16e-05,9,0.106,-7.19,0,57,0.0469,159.31799999999996,0.54,2
0.996,0.334,190693,0.0165,0,0.942,7,0.182,-29.612,1,0,0.0391,70.13600000000001,0.126,8
0.7440000000000001,0.688,164427,0.721,0,0.0,6,0.28,-7.769,1,42,0.309,90.551,0.901,2
0.841,0.537,215333,0.385,0,0.0,3,0.0948,-6.216,1,55,0.0391,169.98,0.5539999999999999,2
0.0353,0.35200000000000004,311627,0.804,0,0.0258,7,0.229,-9.727,1,33,0.039,169.69,0.632,5
0.498,0.578,289213,0.5710000000000001,0,3.39e-06,4,0.113,-7.64,1,43,0.0944,97.164,0.551,5
0.981,0.726,152253,0.248,0,0.000161,7,0.0854,-7.907999999999999,1,0,0.13699999999999998,119.363,0.941,7
0.0899,0.802,250227,0.599,0,0.504,7,0.121,-7.563,1,48,0.0396,117.203,0.952,2
0.008490000000000001,0.899,419973,0.527,0,0.0,4,0.0732,-8.199,0,41,0.0758,127.124,0.573,2
0.7979999999999999,0.622,202160,0.24,0,0.0,5,0.142,-14.067,0,62,0.0363,132.234,0.5870000000000001,6
0.753,0.442,392840,0.374,0,0.912,5,0.615,-19.553,1,34,0.0383,133.285,0.472,6
0.476,0.396,219067,0.698,0,0.6729999999999999,3,0.0607,-7.388,1,40,0.0339,131.191,0.386,2
0.438,0.403,416547,0.599,0,3.73e-05,0,0.259,-8.919,1,32,0.0442,147.783,0.565,4
0.462,0.713,255733,0.315,0,0.0165,10,0.116,-14.384,0,30,0.0405,79.682,0.8320000000000001,4
0.0384,0.569,309773,0.452,0,0.402,5,0.0435,-16.027,0,24,0.0338,76.348,0.628,4
0.782,0.29100000000000004,213640,0.173,0,0.0,9,0.106,-13.543,1,9,0.0394,111.416,0.0924,8
0.446,0.68,339880,0.504,0,0.00273,4,0.0778,-11.15,0,33,0.0359,95.241,0.785,5
0.7170000000000001,0.403,147400,0.653,0,0.0,11,0.203,-13.305,0,35,0.037000000000000005,93.421,0.7390000000000001,6
0.0555,0.936,198493,0.828,1,0.0,10,0.067,-5.1110000000000015,0,49,0.147,98.0,0.37,1
0.00244,0.882,329000,0.589,0,0.000981,11,0.214,-7.604,0,48,0.0596,111.142,0.809,1
0.964,0.581,55067,0.0902,0,0.0,2,0.757,-28.287,1,11,0.114,111.643,0.5589999999999999,7
0.446,0.647,182627,0.736,0,0.0,11,0.6579999999999999,-7.42,1,36,0.0364,108.118,0.972,5
0.0505,0.7440000000000001,247480,0.602,1,6.32e-06,10,0.111,-8.817,1,42,0.0734,83.985,0.606,2
0.109,0.64,202560,0.906,1,0.00013000000000000002,2,0.33,-2.82,1,42,0.25,88.50299999999999,0.78,2
0.8290000000000001,0.47,248693,0.263,0,0.0016,10,0.14,-14.741,1,44,0.0311,94.147,0.369,3
0.0164,0.498,288667,0.941,1,0.0,1,0.483,-7.725,1,43,0.423,161.045,0.7959999999999999,3
0.274,0.731,277693,0.73,0,0.00358,11,0.256,-8.434,0,37,0.0783,110.952,0.579,3
0.994,0.823,161000,0.249,0,0.00415,5,0.117,-8.785,0,0,0.128,121.628,0.77,9
0.96,0.215,20760,0.00135,0,0.0020800000000000003,10,0.133,-41.75100000000001,0,0,0.0435,168.315,0.0,8
0.7070000000000001,0.524,194693,0.355,0,0.0,8,0.0909,-13.227,1,24,0.0361,171.71,0.614,4
0.0417,0.506,187360,0.895,0,5.47e-06,4,0.252,-4.069,1,66,0.0363,140.04399999999998,0.8059999999999999,2
0.954,0.626,376227,0.179,0,0.853,0,0.107,-21.943,0,30,0.0602,141.327,0.623,6
0.91,0.563,145000,0.254,0,0.00691,1,0.0946,-16.022000000000002,1,17,0.0264,94.639,0.487,6
0.428,0.6890000000000001,122000,0.171,1,0.0,0,0.598,-20.539,1,0,0.933,86.98700000000002,0.835,10
0.14800000000000002,0.254,450427,0.374,0,3.85e-06,1,0.101,-13.703,1,35,0.0427,95.808,0.0884,3
0.321,0.7120000000000001,189100,0.154,1,0.0,7,0.1,-18.272,1,0,0.5760000000000001,106.125,0.713,8
0.00473,0.362,275560,0.8809999999999999,0,0.00446,3,0.127,-3.222,0,37,0.0575,118.599,0.304,2
0.455,0.27,151560,0.599,0,2.92e-06,0,0.116,-4.63,1,54,0.0327,136.16899999999998,0.7,4
0.5489999999999999,0.748,297960,0.616,0,0.00309,7,0.0326,-9.597,0,27,0.0488,94.79,0.845,5
0.314,0.7959999999999999,231933,0.477,0,0.0,1,0.12,-7.1610000000000005,1,68,0.108,119.928,0.685,2
0.146,0.885,298867,0.664,0,0.0506,1,0.0767,-11.806,1,66,0.0527,121.633,0.901,4
0.0877,0.444,207076,0.792,0,3.01e-06,0,0.14,-5.065,1,53,0.0345,171.82299999999995,0.488,2
4.14e-05,0.7290000000000001,215200,0.675,0,0.00126,5,0.0867,-5.292000000000002,0,72,0.0286,125.036,0.74,1
0.74,0.535,77400,0.284,0,1.16e-06,5,0.181,-22.38300000000001,1,33,0.759,89.434,0.0634,4
0.995,0.8759999999999999,183493,0.213,0,0.89,2,0.17,-11.192,1,0,0.141,117.207,0.882,9
0.0209,0.557,179080,0.7759999999999999,1,5.12e-05,6,0.135,-4.912,0,41,0.152,94.314,0.4920000000000001,2
0.00019,0.259,250307,0.952,0,0.0,10,0.405,-4.175,1,44,0.134,107.977,0.212,2
0.988,0.3720000000000001,279880,0.118,0,0.000206,3,0.063,-15.140999999999998,0,0,0.0426,93.477,0.214,9
0.667,0.426,154867,0.202,0,0.0,6,0.14,-11.975,1,11,0.0303,171.905,0.637,7
0.339,0.634,131627,0.495,0,0.0,0,0.299,-11.078,0,33,0.198,140.702,0.965,7
0.0612,0.7879999999999999,177314,0.436,1,0.0,1,0.0979,-9.435,1,64,0.364,129.852,0.341,0
0.964,0.748,281333,0.271,0,0.02,5,0.09,-12.194,1,45,0.0401,110.793,0.715,4
0.6659999999999999,0.591,241373,0.6409999999999999,0,0.0251,2,0.0828,-10.955,1,34,0.0429,80.917,0.7170000000000001,4
0.214,0.555,251904,0.8079999999999999,0,0.0,10,0.177,-4.0539999999999985,1,41,0.0608,181.186,0.84,2
0.303,0.665,299427,0.899,0,2.21e-06,6,0.445,-7.75,1,55,0.0877,165.16,0.873,3
0.897,0.732,195443,0.848,0,0.917,7,0.0958,-8.495,1,0,0.0792,173.02700000000004,0.933,7
0.188,0.7190000000000001,324587,0.368,0,0.0,3,0.221,-17.455,0,13,0.924,124.939,0.698,9
0.909,0.674,252960,0.232,0,0.349,3,0.117,-18.447,1,32,0.0385,77.855,0.521,6
0.0063,0.501,249400,0.687,0,0.0,4,0.138,-4.399,1,53,0.0289,89.00200000000002,0.486,2
0.00773,0.406,331200,0.507,0,0.185,5,0.14800000000000002,-15.737,1,28,0.111,160.793,0.589,5
0.453,0.648,311082,0.639,1,0.0,10,0.28300000000000003,-6.415,0,71,0.123,94.033,0.44,1
0.000203,0.379,219867,0.823,0,0.0063100000000000005,2,0.871,-10.902,0,43,0.07400000000000001,152.15200000000004,0.51,4
0.933,0.426,289880,0.191,0,0.0,7,0.118,-13.997,1,29,0.0404,133.154,0.221,5
0.959,0.41,175293,0.0292,0,2.68e-05,10,0.104,-26.837,1,0,0.059,103.457,0.0872,7
0.0167,0.6559999999999999,268947,0.564,1,1.39e-06,1,0.165,-8.925,0,64,0.0883,150.014,0.25,1
0.8109999999999999,0.738,295467,0.501,0,0.00544,9,0.08900000000000001,-13.031,0,21,0.037000000000000005,145.825,0.918,6
0.307,0.609,120500,0.175,0,0.0,7,0.325,-21.073,1,0,0.691,85.119,0.495,8
0.13699999999999998,0.503,159480,0.5760000000000001,1,0.0,6,0.145,-9.227,0,47,0.388,93.413,0.862,2
0.861,0.151,419800,0.172,0,0.688,5,0.281,-22.207,1,0,0.0369,83.7,0.0392,8
0.00975,0.779,310960,0.797,0,0.0249,1,0.171,-7.081,1,44,0.0581,115.244,0.96,4
0.994,0.459,196027,0.402,0,0.918,2,0.184,-13.302,1,0,0.136,137.039,0.362,7
0.968,0.28800000000000003,413733,0.0301,0,0.122,5,0.0697,-22.586,1,16,0.0389,87.928,0.0775,6
0.98,0.51,181987,0.192,0,0.106,2,0.15,-10.84,0,0,0.145,97.698,0.769,8
0.8420000000000001,0.4920000000000001,205333,0.45,0,0.000298,7,0.568,-12.872,1,13,0.0851,109.04,0.593,9
0.865,0.7240000000000001,141027,0.364,0,0.0,0,0.263,-10.957,1,22,0.043,96.262,0.7979999999999999,5
0.0516,0.8140000000000001,235680,0.384,0,0.00305,1,0.0968,-7.9529999999999985,1,45,0.292,157.99200000000005,0.537,2
0.0446,0.47,267789,0.652,0,0.0635,3,0.311,-6.501,1,55,0.0335,139.975,0.524,1
0.274,0.7959999999999999,197360,0.482,0,0.000352,10,0.159,-9.732,1,40,0.0536,112.625,0.969,3
0.991,0.7120000000000001,197092,0.623,0,0.5660000000000001,4,0.303,-9.828,1,7,0.04,134.58,0.926,9
0.933,0.451,170707,0.149,0,0.00444,5,0.185,-17.025,0,31,0.0325,103.054,0.0875,4
0.991,0.4970000000000001,64880,0.212,0,0.8109999999999999,1,0.103,-22.366,1,23,0.0474,106.966,0.615,6
0.995,0.336,196120,0.255,0,0.0,3,0.237,-10.765999999999998,1,0,0.0652,79.218,0.245,8
0.409,0.81,222867,0.723,0,0.0,4,0.13699999999999998,-5.2,0,57,0.194,92.993,0.738,2
0.857,0.535,165680,0.41,0,0.0,11,0.0624,-10.719,1,43,0.031,165.226,0.8009999999999999,4
0.0696,0.602,233230,0.872,0,0.0178,4,0.0484,-5.023,0,43,0.102,118.026,0.475,1
0.594,0.43,195333,0.173,0,0.000111,8,0.224,-18.597,1,58,0.0321,72.10300000000002,0.365,4
0.000328,0.383,231097,0.946,1,1.13e-06,1,0.0537,-8.122,0,54,0.0789,108.591,0.534,2
0.7340000000000001,0.33,422518,0.342,0,0.6709999999999999,11,0.129,-14.09,1,40,0.0404,142.95,0.0795,5
0.37,0.6559999999999999,290093,0.619,0,0.00159,2,0.0295,-9.483,0,24,0.0384,92.131,0.873,5
0.0008640000000000001,0.381,228253,0.981,0,0.18600000000000005,7,0.995,-5.989,1,30,0.0721,134.499,0.193,5
0.833,0.453,200640,0.254,0,2.1600000000000007e-05,11,0.684,-19.446,1,0,0.411,140.259,0.402,7
0.892,0.208,270107,0.245,0,0.0442,2,0.149,-19.683,1,0,0.0498,84.04899999999998,0.206,8
0.0254,0.936,161013,0.495,1,0.0,1,0.087,-6.062,1,65,0.229,139.951,0.299,1
0.194,0.643,250227,0.828,0,0.000122,7,0.067,-10.199,0,29,0.0438,86.20299999999996,0.7959999999999999,4
0.284,0.682,163280,0.612,0,0.0,8,0.0783,-7.004,0,60,0.0381,127.647,0.845,6
0.838,0.6459999999999999,154000,0.0828,0,1.2e-05,10,0.0934,-16.205,1,67,0.0435,108.826,0.293,1
0.994,0.383,205932,0.247,0,0.738,0,0.117,-11.425,1,0,0.14400000000000002,82.87100000000002,0.468,8
0.00903,0.615,346160,0.752,0,1.62e-06,9,0.0625,-11.653,0,35,0.0429,149.681,0.8759999999999999,4
0.918,0.45,125307,0.112,0,0.28800000000000003,2,0.14800000000000002,-18.968,1,32,0.0365,76.098,0.204,6
0.0646,0.851,244467,0.75,0,0.0,11,0.261,-5.789,0,35,0.119,127.885,0.623,3
0.11,0.812,199560,0.448,0,0.00123,5,0.0541,-11.048,1,47,0.0505,116.56,0.8740000000000001,2
0.772,0.5710000000000001,137200,0.49,0,0.0666,1,0.622,-16.425,1,3,0.16,113.74,0.528,8
0.861,0.722,190013,0.341,0,0.00115,7,0.14400000000000002,-12.059,0,19,0.0381,115.493,0.669,7
0.971,0.46,162586,0.256,0,0.103,4,0.115,-14.835,1,0,0.0312,107.321,0.5329999999999999,8
0.00257,0.507,273493,0.875,0,0.0,7,0.34600000000000003,-7.697,1,61,0.0389,160.079,0.647,2
0.0997,0.385,223097,0.377,0,0.0,7,0.155,-7.34,1,55,0.0388,114.72,0.398,1
0.675,0.8170000000000001,202000,0.21600000000000005,0,0.19,0,0.0995,-16.691,1,46,0.0368,89.56200000000004,0.7120000000000001,4
0.63,0.728,135467,0.7340000000000001,0,3.5600000000000005e-05,11,0.13699999999999998,-3.234,1,58,0.0318,135.078,0.965,7
0.0764,0.605,223333,0.914,0,2.04e-06,4,0.0804,-6.577000000000001,1,22,0.0546,140.727,0.828,5
0.0721,0.49,177633,0.6609999999999999,0,0.0,2,0.0887,-7.227,1,50,0.0301,177.889,0.225,2
0.152,0.6659999999999999,200213,0.81,0,0.0,8,0.0613,-4.574,1,58,0.0458,99.023,0.8109999999999999,1
0.993,0.4970000000000001,440333,0.127,0,0.8590000000000001,5,0.147,-29.50800000000001,0,38,0.051,134.90200000000002,0.0402,3
0.99,0.485,207560,0.183,0,0.952,11,0.127,-16.949,0,3,0.0332,72.441,0.185,7
0.963,0.615,158573,0.4270000000000001,0,0.333,2,0.386,-12.474,1,0,0.0507,115.523,0.903,8
0.302,0.878,189040,0.607,1,4.120000000000001e-05,11,0.13699999999999998,-5.097,0,44,0.327,92.338,0.718,3
0.0433,0.35100000000000003,249907,0.964,0,6.85e-06,9,0.0834,-3.871,0,33,0.0556,164.873,0.612,4
0.962,0.488,172280,0.179,0,0.125,3,0.18,-11.296,1,11,0.0294,79.764,0.177,7
0.217,0.604,234933,0.53,0,0.0,7,0.125,-7.597,1,54,0.0332,117.941,0.17600000000000002,3
0.0305,0.6759999999999999,220373,0.8809999999999999,0,0.0694,0,0.0571,-5.89,1,37,0.0293,106.048,0.904,3
0.6409999999999999,0.401,175133,0.594,0,0.0,5,0.619,-5.789,1,40,0.0549,173.122,0.905,6
0.354,0.636,250027,0.376,0,8.27e-05,2,0.0826,-12.380999999999998,1,66,0.0275,88.012,0.472,3
0.0517,0.722,268040,0.774,0,0.341,7,0.108,-6.199,1,38,0.0866,94.855,0.49,3
0.8640000000000001,0.6940000000000001,191707,0.364,0,0.000252,5,0.0752,-7.153,1,21,0.0299,98.636,0.7909999999999999,5
0.501,0.0879,239533,0.233,0,0.863,0,0.156,-15.546,1,32,0.0429,51.569,0.0434,4
0.0787,0.5589999999999999,225427,0.795,0,4.83e-06,7,0.102,-6.255,1,60,0.052000000000000005,160.039,0.5529999999999999,1
0.909,0.421,472707,0.0947,0,0.4370000000000001,10,0.0681,-19.838,1,0,0.04,146.114,0.496,9
0.0152,0.435,256600,0.7290000000000001,0,2.63e-05,1,0.11,-4.8180000000000005,0,61,0.0307,188.017,0.524,2
0.98,0.4270000000000001,188453,0.243,0,0.534,8,0.113,-15.328,1,0,0.0488,71.547,0.504,9
0.24,0.7340000000000001,348227,0.468,0,6.04e-06,2,0.0684,-13.479,0,32,0.0351,97.119,0.81,4
0.0497,0.313,52520,0.853,0,0.731,7,0.235,-7.127999999999999,1,17,0.105,168.54,0.281,6
0.978,0.419,192013,0.443,0,0.0,0,0.198,-6.028,0,0,0.0389,85.13600000000002,0.838,9
0.8140000000000001,0.315,155240,0.282,0,0.0,7,0.269,-11.411,0,3,0.0407,208.959,0.733,7
0.963,0.565,80933,0.306,0,0.0,0,0.0603,-11.069,0,9,0.154,172.359,0.5329999999999999,8
0.0417,0.7070000000000001,204973,0.924,0,0.000157,2,0.134,-11.844,1,49,0.0518,115.091,0.903,4
0.168,0.338,446227,0.5660000000000001,0,0.000726,2,0.313,-9.792,1,38,0.0278,145.716,0.452,2
0.00254,0.35200000000000004,343160,0.65,0,0.28600000000000003,5,0.174,-13.169,1,52,0.0415,123.607,0.464,3
0.6970000000000001,0.598,173880,0.413,0,0.0,2,0.0629,-6.777,1,32,0.055,98.907,0.906,4
0.995,0.7959999999999999,169275,0.269,0,0.139,4,0.135,-10.689,1,0,0.058,139.679,0.961,8
0.5770000000000001,0.598,157840,0.535,0,0.629,4,0.101,-11.049,1,17,0.0492,127.02,0.411,6
0.326,0.8009999999999999,218673,0.7809999999999999,1,0.0,10,0.191,-6.175,0,60,0.34600000000000003,113.775,0.667,1
0.465,0.602,287387,0.7979999999999999,0,8.78e-05,3,0.119,-5.227,0,50,0.0465,109.924,0.928,4
0.151,0.7290000000000001,259307,0.442,1,0.0,11,0.189,-8.106,0,66,0.285,81.029,0.757,3
0.929,0.745,196960,0.545,0,0.256,6,0.0871,-8.566,0,0,0.0388,100.801,0.802,9
0.995,0.535,188067,0.151,0,0.0,10,0.376,-16.059,0,0,0.0675,81.78699999999998,0.487,10
0.649,0.5720000000000001,225027,0.214,0,0.129,7,0.125,-15.625,1,74,0.0293,95.542,0.485,5
0.964,0.5579999999999999,75360,0.222,0,0.0,0,0.636,-11.62,1,0,0.0332,123.898,0.602,8
0.174,0.8029999999999999,214760,0.672,0,0.0016699999999999998,7,0.051,-9.285,0,48,0.035,111.179,0.772,4
0.344,0.631,233440,0.302,0,0.00866,9,0.158,-13.428,0,32,0.0334,115.164,0.14800000000000002,5
0.297,0.556,289133,0.418,0,0.00012,4,0.345,-9.5,0,43,0.0435,135.114,0.418,4
0.0173,0.29100000000000004,615307,0.3720000000000001,0,0.00043,9,0.221,-11.079,1,30,0.0377,76.97800000000002,0.165,5
0.816,0.238,192093,0.292,0,0.8740000000000001,9,0.233,-14.294,1,38,0.0337,169.666,0.242,5
0.953,0.447,190533,0.602,0,0.000439,7,0.0923,-2.715,1,3,0.0277,81.204,0.621,10
0.708,0.5589999999999999,270680,0.301,0,0.0005610000000000001,2,0.152,-10.522,1,52,0.0294,125.584,0.25,3
0.00117,0.293,221480,0.954,0,0.0027600000000000003,5,0.0636,-6.144,1,39,0.267,89.12799999999999,0.151,3
0.8859999999999999,0.6940000000000001,95453,0.575,0,5.84e-05,0,0.0471,-8.95,1,18,0.0408,96.505,0.963,6
0.212,0.7929999999999999,215560,0.447,0,0.00325,7,0.0874,-12.972,1,41,0.0574,148.083,0.498,3
0.000167,0.471,318027,0.994,0,0.0004440000000000001,2,0.315,-3.379,0,46,0.131,120.012,0.0662,2
0.986,0.529,201987,0.519,0,0.918,9,0.101,-11.737,0,0,0.0502,96.467,0.933,9
0.568,0.531,275296,0.47,0,0.0,10,0.0521,-11.54,1,43,0.0326,81.282,0.865,3
0.0833,0.733,197307,0.552,0,7.59e-06,7,0.141,-7.404,1,75,0.0993,125.311,0.279,0
0.989,0.51,188253,0.608,0,0.8240000000000001,3,0.135,-4.842,1,1,0.0605,147.355,0.8540000000000001,10
0.99,0.625,120493,0.16899999999999998,0,0.00655,1,0.419,-19.406,1,0,0.17800000000000002,120.064,0.7809999999999999,9
0.221,0.625,128200,0.38,0,2.33e-05,7,0.0901,-11.507,1,31,0.0308,94.205,0.366,5
0.103,0.765,250747,0.54,0,0.0,0,0.373,-12.114,1,54,0.0984,129.48,0.7879999999999999,4
0.056,0.718,219173,0.947,0,0.0,0,0.353,-2.673,0,42,0.136,93.033,0.747,2
0.984,0.516,168773,0.459,0,0.856,7,0.224,-10.358,1,0,0.0372,110.713,0.792,8
0.762,0.619,322467,0.25,0,4.27e-06,10,0.0948,-15.591,0,31,0.0317,89.179,0.414,4
0.0833,0.485,261720,0.589,0,0.00432,7,0.0893,-7.673999999999999,1,47,0.0322,137.996,0.19,1
0.524,0.6920000000000001,190800,0.809,0,0.0,2,0.147,-4.198,1,82,0.0602,123.911,0.8640000000000001,1
0.901,0.508,160200,0.414,0,0.0027,4,0.147,-14.157,1,35,0.0358,122.666,0.736,3
0.669,0.439,198560,0.308,0,0.0,4,0.269,-11.23,1,43,0.0309,138.2,0.304,3
0.815,0.7170000000000001,195400,0.412,0,0.457,0,0.0675,-8.107000000000001,1,14,0.051,120.804,0.758,6
0.99,0.516,195987,0.0895,0,0.0,11,0.218,-12.366,1,0,0.112,63.897,0.675,9
0.331,0.331,234213,0.706,0,2.01e-06,9,0.101,-5.8870000000000005,0,42,0.0528,170.08900000000003,0.414,2
0.0932,0.642,244573,0.477,0,0.0,0,0.236,-12.898,0,42,0.039,129.99,0.787,3
0.14,0.615,181160,0.731,0,0.0194,7,0.417,-11.157,1,24,0.0333,146.58100000000005,0.915,5
0.867,0.726,168507,0.28,0,0.000509,10,0.255,-11.784,1,25,0.0479,96.286,0.805,9
0.695,0.591,322973,0.397,0,8.79e-06,5,0.121,-11.571,1,47,0.051,164.025,0.5479999999999999,3
0.995,0.412,167800,0.0636,0,0.934,4,0.107,-25.12,1,0,0.043,96.598,0.254,8
0.975,0.5670000000000001,307800,0.0709,0,0.000653,8,0.358,-20.518,1,0,0.0432,79.913,0.569,9
0.534,0.775,220387,0.528,0,0.0,3,0.0907,-6.523,1,53,0.0434,119.988,0.795,1
0.317,0.513,974107,0.787,0,0.226,9,0.956,-11.47,1,28,0.0501,101.398,0.705,3
0.976,0.262,247293,0.157,0,0.647,11,0.207,-17.533,0,0,0.0386,127.05,0.199,8
0.967,0.613,157307,0.496,0,0.0,3,0.129,-11.483,1,31,0.237,122.764,0.76,6
0.0399,0.621,158667,0.8540000000000001,0,0.0,11,0.435,-10.168,0,21,0.0526,95.02,0.6940000000000001,4
0.489,0.8140000000000001,182840,0.517,0,1.91e-06,6,0.0374,-8.766,0,36,0.0724,88.805,0.944,5
0.5529999999999999,0.6459999999999999,239533,0.82,0,0.0,0,0.0758,-10.164,1,26,0.104,148.72,0.627,5
0.445,0.63,133333,0.448,0,1.4300000000000005e-05,5,0.271,-15.015,1,48,0.0271,104.024,0.753,6
0.785,0.847,141919,0.469,0,0.000148,10,0.109,-10.018,0,13,0.076,102.337,0.755,7
0.122,0.947,224333,0.479,0,5.74e-06,9,0.141,-13.161,1,33,0.122,116.064,0.898,3
0.0174,0.584,278400,0.789,0,2.14e-06,5,0.7240000000000001,-9.027,1,49,0.0444,118.208,0.547,4
0.27,0.68,257733,0.7170000000000001,0,0.0,0,0.075,-5.184,1,52,0.0286,129.035,0.664,1
0.978,0.433,183493,0.189,0,0.000801,4,0.0951,-10.808,1,0,0.0455,143.433,0.481,10
0.0255,0.273,439373,0.5710000000000001,0,0.236,9,0.124,-9.428,1,20,0.0463,136.783,0.128,6
0.0177,0.655,299067,0.8440000000000001,0,7.43e-05,11,0.111,-11.172,0,23,0.0344,121.906,0.628,4
0.000776,0.385,285160,0.482,0,0.000245,0,0.078,-14.444,1,40,0.0385,156.884,0.569,4
0.081,0.595,251973,0.48,1,0.0,4,0.0938,-9.455,0,50,0.0926,145.567,0.299,1
0.956,0.241,153573,0.31,0,0.000165,8,0.31,-11.425,1,2,0.035,111.418,0.324,10
0.308,0.927,293907,0.544,0,1.03e-05,3,0.312,-14.621,1,58,0.0769,124.283,0.961,3
0.152,0.551,260827,0.825,0,6.2e-06,5,0.0999,-6.24,0,68,0.044,164.857,0.933,2
0.8220000000000001,0.53,109293,0.462,0,0.0072099999999999985,3,0.0861,-14.496,0,0,0.108,77.682,0.962,8
0.171,0.512,551573,0.7090000000000001,0,0.00117,9,0.0754,-9.219,0,30,0.0459,137.261,0.731,5
0.37,0.7020000000000001,234627,0.441,0,0.00592,0,0.0945,-14.052,1,23,0.0286,115.887,0.677,5
0.79,0.544,159813,0.5670000000000001,0,3.85e-06,11,0.363,-10.8,0,51,0.0753,78.227,0.5589999999999999,2
0.257,0.748,192606,0.578,1,0.0,9,0.13,-5.72,1,71,0.194,140.016,0.166,1
0.441,0.452,164093,0.672,0,0.847,7,0.527,-11.025,1,31,0.0407,90.038,0.528,5
0.995,0.4320000000000001,252867,0.466,0,0.196,2,0.185,-11.755,1,0,0.0445,125.905,0.68,8
0.8590000000000001,0.322,175240,0.157,0,0.237,5,0.122,-20.243,1,24,0.0291,84.676,0.349,5
0.301,0.7859999999999999,371893,0.665,1,0.0,6,0.0828,-6.8260000000000005,0,42,0.301,77.553,0.736,3
0.189,0.573,288947,0.642,0,0.0,11,0.221,-6.8729999999999976,1,63,0.0272,140.264,0.4920000000000001,2
0.231,0.419,251693,0.745,0,0.0,0,0.123,-5.477,1,54,0.0408,155.875,0.259,1
0.987,0.495,191773,0.0967,0,0.0155,7,0.135,-15.429,0,1,0.0356,94.158,0.221,8
0.504,0.434,219400,0.561,0,0.89,9,0.934,-13.008,0,23,0.0306,129.60399999999998,0.902,5
0.71,0.534,168053,0.823,0,0.00314,2,0.4,-4.809,1,8,0.156,133.884,0.7829999999999999,7
0.00017,0.541,289800,0.721,0,0.8859999999999999,10,0.201,-7.869,1,22,0.0284,134.232,0.307,4
0.359,0.486,241627,0.467,0,0.0,8,0.11,-10.765,1,37,0.0287,157.532,0.28600000000000003,3
0.995,0.292,343027,0.317,0,0.872,4,0.835,-12.358,0,0,0.0777,74.782,0.461,8
0.977,0.589,161680,0.177,0,0.7140000000000001,3,0.0958,-14.890999999999998,1,63,0.0325,88.40899999999998,0.311,2
0.975,0.809,147453,0.19,0,5.460000000000001e-05,10,0.132,-19.115,0,0,0.233,117.427,0.9,10
0.007790000000000002,0.447,262973,0.534,0,0.000125,6,0.0933,-7.502000000000002,1,56,0.0345,79.99,0.373,3
0.54,0.8009999999999999,243933,0.526,0,0.0,9,0.0972,-11.837,1,30,0.0458,115.371,0.7759999999999999,4
0.993,0.419,192157,0.299,0,0.0113,7,0.0961,-13.623,1,0,0.0491,118.674,0.635,9
0.583,0.466,171773,0.6559999999999999,0,0.252,2,0.173,-9.141,1,29,0.0408,137.332,0.7170000000000001,5
0.961,0.274,233253,0.0569,0,9.12e-05,9,0.0839,-22.094,0,23,0.0398,73.737,0.18600000000000005,6
0.612,0.747,278347,0.446,0,0.000109,7,0.179,-13.258,0,51,0.0989,96.636,0.787,1
0.085,0.595,269360,0.7759999999999999,0,0.00604,5,0.165,-7.388,0,22,0.127,125.75,0.58,4
0.5,0.845,415400,0.6459999999999999,0,0.0,10,0.0706,-9.261,0,42,0.18600000000000005,98.291,0.77,3
0.835,0.362,152707,0.375,0,3.2e-05,3,0.124,-7.71,1,26,0.0285,105.165,0.4370000000000001,6
0.966,0.562,179053,0.214,0,0.236,5,0.108,-17.585,0,4,0.0745,82.70100000000002,0.642,7
0.21,0.521,239827,0.512,0,0.0,4,0.128,-8.391,0,53,0.0394,155.89600000000004,0.499,2
0.966,0.344,145160,0.0934,0,0.8909999999999999,2,0.0828,-23.872,0,30,0.0476,86.887,0.556,4
0.0593,0.7240000000000001,106982,0.123,1,0.0,5,0.166,-21.103,0,0,0.851,118.98,0.467,8
0.5579999999999999,0.552,253573,0.425,0,1.85e-06,0,0.117,-8.144,1,39,0.0272,131.914,0.0793,4
0.99,0.57,157273,0.419,0,2.25e-06,10,0.364,-12.111,1,0,0.0985,123.91,0.925,9
0.989,0.379,291040,0.0453,0,0.933,3,0.196,-26.237,1,0,0.0524,79.086,0.136,8
0.00331,0.542,215753,0.777,0,0.0,6,0.17800000000000002,-5.5820000000000025,0,69,0.033,94.069,0.503,1
0.8320000000000001,0.569,361893,0.201,0,0.0613,8,0.113,-17.118,1,26,0.0485,137.03799999999998,0.573,7
0.603,0.726,143227,0.408,1,0.0,11,0.225,-6.606,0,77,0.0614,115.918,0.459,1
0.0268,0.637,95200,0.236,1,0.0,4,0.348,-20.966,1,0,0.959,166.123,0.421,10
0.0948,0.7979999999999999,162080,0.922,0,0.000234,0,0.0698,-3.382,1,47,0.0364,96.4,0.805,2
4.15e-05,0.28300000000000003,79267,0.985,0,0.5489999999999999,5,0.33,-9.712,0,26,0.0706,90.046,0.161,4
0.976,0.379,80080,0.615,0,0.848,10,0.265,-13.688,1,0,0.0669,114.991,0.16699999999999998,8
0.132,0.527,208440,0.823,0,0.0,7,0.21600000000000005,-3.892,1,42,0.0349,97.978,0.634,1
0.885,0.682,167065,0.7070000000000001,0,0.00988,11,0.124,-8.263,0,8,0.0557,127.025,0.632,7
0.0141,0.742,230747,0.706,1,0.005679999999999999,0,0.133,-4.6,0,56,0.0433,128.03,0.478,1
0.985,0.248,182920,0.151,0,0.782,7,0.151,-17.823,1,4,0.0379,87.68799999999996,0.141,9
0.882,0.336,428533,0.17600000000000002,0,0.855,7,0.116,-21.215,0,32,0.0444,112.204,0.0748,4
0.7170000000000001,0.7040000000000001,126493,0.234,0,0.0,8,0.0642,-21.506,1,46,0.0322,102.423,0.742,6
0.625,0.8079999999999999,224187,0.515,0,0.451,7,0.187,-11.362,1,31,0.0757,90.32,0.846,5
0.332,0.7170000000000001,178933,0.409,0,3.52e-06,3,0.15,-11.880999999999998,1,43,0.0345,97.437,0.935,3
0.935,0.424,144693,0.242,0,0.00102,10,0.122,-14.055,1,9,0.0315,99.745,0.293,6
0.763,0.547,304627,0.436,0,0.0,1,0.0417,-13.367,0,24,0.0375,146.11,0.434,4
0.292,0.473,268373,0.536,0,0.0,1,0.107,-8.517000000000001,1,41,0.0251,82.76899999999998,0.21600000000000005,3
0.995,0.578,250009,0.388,0,0.00205,5,0.12,-12.532,1,0,0.0332,110.648,0.7929999999999999,8
0.189,0.799,280853,0.878,0,0.000105,1,0.14,-7.109,1,70,0.0434,104.284,0.816,3
0.505,0.585,236240,0.338,0,0.000125,2,0.136,-10.887,0,32,0.0335,138.131,0.477,5
0.596,0.6829999999999999,184907,0.392,0,3.43e-06,10,0.227,-13.213,1,45,0.0293,99.79,0.679,5
0.984,0.466,137267,0.213,0,9.58e-05,0,0.428,-12.009,0,35,0.0448,97.075,0.693,8
0.765,0.5720000000000001,249668,0.209,0,0.0,8,0.35600000000000004,-10.413,1,74,0.0313,80.069,0.446,1
0.583,0.54,805933,0.292,0,0.00715,5,0.189,-11.531,1,18,0.0394,126.885,0.5329999999999999,7
0.435,0.544,195267,0.721,0,0.000805,9,0.452,-13.429,1,53,0.0441,100.359,0.7390000000000001,5
0.988,0.487,195187,0.157,0,0.922,1,0.114,-17.698,1,0,0.0436,71.312,0.343,8
0.696,0.61,522707,0.371,0,0.0,8,0.0697,-10.807,1,19,0.0333,114.792,0.851,7
0.807,0.764,161707,0.232,0,0.0,7,0.294,-16.893,1,37,0.0349,121.56,0.62,6
0.134,0.578,232760,0.513,0,0.688,1,0.106,-9.868,0,58,0.0301,162.015,0.398,1
0.977,0.375,178240,0.368,0,0.157,5,0.358,-18.07,1,0,0.0515,101.155,0.373,8
0.947,0.392,298600,0.269,0,0.00475,2,0.247,-14.791,1,0,0.0769,78.10300000000002,0.414,7
0.581,0.47,159280,0.342,0,0.0,9,0.0274,-13.805,0,20,0.0507,182.918,0.35700000000000004,6
0.782,0.652,218867,0.132,0,0.0,5,0.201,-16.439,1,9,0.0522,71.477,0.583,6
0.00861,0.713,308827,0.945,1,0.0,6,0.349,-3.689,0,34,0.317,169.942,0.777,3
0.818,0.563,318947,0.42,0,2.24e-05,7,0.122,-12.566,1,55,0.0311,139.373,0.46,4
0.16399999999999998,0.809,199120,0.542,0,0.0537,0,0.157,-11.703,0,45,0.0502,156.445,0.963,2
0.0694,0.716,279640,0.58,0,6.71e-06,10,0.906,-12.747,0,55,0.239,99.077,0.7070000000000001,3
0.969,0.348,204093,0.0444,0,2.61e-05,1,0.103,-19.378,1,4,0.0346,66.2,0.108,7
0.4320000000000001,0.563,202333,0.524,0,0.0,6,0.272,-7.62,1,36,0.0225,86.49600000000002,0.252,3
0.0103,0.736,337800,0.604,0,5.98e-05,7,0.13,-11.026,1,46,0.163,172.959,0.685,3
0.0295,0.799,295600,0.797,0,2.380000000000001e-05,10,0.269,-8.121,0,37,0.0474,97.053,0.795,3
0.995,0.464,428293,0.0191,0,0.926,1,0.13699999999999998,-21.568,0,0,0.0527,136.938,0.0368,8
0.481,0.5479999999999999,169467,0.564,0,6.69e-06,9,0.0417,-10.662,1,18,0.0313,141.498,0.5870000000000001,6
0.996,0.302,199600,0.23,0,0.875,9,0.556,-13.661,1,0,0.0593,80.327,0.504,9
0.74,0.778,148773,0.224,0,0.0,10,0.34600000000000003,-12.77,1,15,0.0481,118.021,0.962,7
0.971,0.316,96040,0.5820000000000001,0,0.00034500000000000004,7,0.7170000000000001,-9.494,1,0,0.458,72.51100000000002,0.489,7
0.00155,0.544,227027,0.802,0,7.340000000000001e-05,4,0.122,-4.152,1,62,0.0282,130.02200000000002,0.59,2
0.0494,0.9,246307,0.813,0,0.0,6,0.332,-3.048,0,33,0.294,98.154,0.8079999999999999,4
0.0336,0.835,267080,0.669,0,6.92e-05,6,0.0535,-5.5820000000000025,0,63,0.0643,122.668,0.542,2
0.524,0.494,292075,0.674,0,0.693,4,0.0696,-4.392,0,62,0.122,84.006,0.5660000000000001,1
0.956,0.444,136627,0.197,0,0.435,11,0.0744,-17.226,1,0,0.04,80.495,0.305,10
0.601,0.58,274293,0.294,0,0.0,2,0.151,-13.76,1,9,0.0387,146.47,0.152,8
0.831,0.597,156773,0.363,0,1.53e-05,0,0.156,-14.995,1,10,0.0996,125.125,0.545,7
0.00566,0.512,253133,0.616,1,0.0,1,0.5429999999999999,-11.272,1,34,0.13,111.242,0.924,3
0.274,0.59,280787,0.5870000000000001,1,0.0,5,0.16699999999999998,-5.919,1,66,0.0457,88.015,0.3670000000000001,1
0.299,0.774,245080,0.623,1,0.0,1,0.385,-10.372,1,53,0.324,86.23299999999998,0.928,3
0.882,0.7879999999999999,193760,0.395,0,0.8440000000000001,10,0.124,-14.032,1,6,0.301,113.336,0.6759999999999999,10
0.00286,0.713,135065,0.6809999999999999,1,0.0,11,0.29100000000000004,-7.645,0,67,0.35100000000000003,159.107,0.635,0
0.924,0.584,225693,0.208,0,0.0409,2,0.07400000000000001,-15.563,1,35,0.0316,112.681,0.391,5
0.615,0.735,211666,0.8240000000000001,0,0.0,10,0.158,-4.143,0,74,0.036000000000000004,100.202,0.726,2
0.000362,0.305,224533,0.7040000000000001,0,0.0585,3,0.0755,-6.96,1,16,0.0318,87.738,0.374,6
0.963,0.799,157680,0.154,0,0.0,3,0.0777,-12.773,1,3,0.0655,97.153,0.642,7
0.986,0.607,190613,0.156,0,0.0,10,0.0617,-15.917,1,3,0.0822,83.318,0.6559999999999999,9
0.585,0.613,396827,0.472,0,0.35700000000000004,3,0.0696,-10.239,1,25,0.0294,106.087,0.418,5
0.0218,0.746,318760,0.8079999999999999,0,0.7140000000000001,1,0.0438,-8.929,1,36,0.0375,126.946,0.754,3
0.8029999999999999,0.184,413876,0.488,0,0.871,9,0.327,-15.959,0,31,0.0453,88.29899999999998,0.24,4
0.201,0.598,290533,0.531,0,0.0,6,0.0264,-13.194,1,41,0.0378,81.482,0.438,4
0.995,0.569,213307,0.381,0,0.0109,5,0.123,-9.301,1,0,0.0359,112.347,0.755,8
0.306,0.655,212893,0.373,0,1.25e-05,9,0.107,-13.954,1,48,0.0347,75.351,0.502,5
0.0303,0.522,388339,0.711,0,0.000965,5,0.371,-10.21,1,37,0.0302,87.98899999999998,0.462,3
0.469,0.253,414933,0.43,0,0.000189,6,0.165,-16.715,0,38,0.0521,85.84200000000001,0.4320000000000001,6
0.0291,0.638,262027,0.8759999999999999,0,2.1e-05,0,0.129,-6.2010000000000005,1,39,0.0316,101.913,0.449,2
0.612,0.514,201666,0.217,0,0.741,2,0.14300000000000002,-17.707,1,27,0.0476,148.773,0.878,5
0.0524,0.759,217440,0.46,1,0.0,0,0.14400000000000002,-12.436,1,33,0.503,164.07,0.941,3
0.973,0.466,347893,0.17600000000000002,0,0.935,0,0.103,-22.113000000000003,1,7,0.0522,98.736,0.711,8
0.05,0.863,189013,0.705,1,2.21e-05,8,0.524,-6.202000000000001,1,53,0.31,145.099,0.599,1
0.336,0.764,216387,0.628,0,0.0,0,0.0977,-10.961,1,66,0.048,109.008,0.823,5
0.7909999999999999,0.718,166200,0.5379999999999999,0,1.39e-06,5,0.104,-8.862,1,37,0.0301,101.051,0.961,3
0.958,0.68,189587,0.393,0,0.0,2,0.119,-9.21,1,14,0.039,83.77,0.76,8
0.408,0.4970000000000001,390987,0.73,0,2.14e-06,0,0.0928,-8.514,0,62,0.0511,131.188,0.7040000000000001,5
0.079,0.69,96803,0.277,1,0.0,6,0.48,-16.417,0,0,0.959,140.879,0.35600000000000004,10
0.147,0.5770000000000001,199693,0.893,0,0.802,2,0.0864,-5.113,1,47,0.087,142.424,0.86,4
0.0621,0.625,233827,0.825,0,0.0,7,0.0753,-5.757999999999999,1,60,0.0481,100.004,0.341,1
0.6409999999999999,0.438,213733,0.35,0,6.4e-05,10,0.115,-11.088,1,58,0.0302,163.11700000000005,0.568,3
0.529,0.489,240173,0.322,0,0.000208,3,0.239,-11.586,1,51,0.0261,75.5,0.219,3
0.00719,0.654,200307,0.81,0,0.00251,4,0.165,-6.26,0,77,0.0288,114.623,0.6609999999999999,2
0.958,0.506,197600,0.449,0,0.38,0,0.14,-9.421,1,1,0.156,178.30900000000003,0.667,9
0.7609999999999999,0.491,164107,0.101,0,0.0,0,0.102,-17.673,1,13,0.058,80.42399999999998,0.333,6
0.974,0.545,88453,0.0857,0,0.00334,8,0.103,-18.765,1,8,0.043,120.957,0.298,7
0.994,0.8320000000000001,164185,0.209,0,0.389,10,0.239,-8.475,1,0,0.08900000000000001,91.29,0.8420000000000001,8
0.978,0.585,190400,0.103,0,1.0800000000000003e-05,7,0.172,-13.569,0,0,0.0362,91.076,0.583,8
0.863,0.476,145640,0.229,0,0.00675,0,0.214,-15.157,1,13,0.0362,123.508,0.551,6
0.00355,0.364,140786,0.657,0,0.000378,7,0.338,-9.073,1,24,0.0407,107.101,0.515,5
0.0175,0.611,253333,0.667,0,0.0844,2,0.241,-7.801,1,69,0.0342,119.996,0.7929999999999999,0
0.992,0.285,44040,0.0892,0,0.8740000000000001,6,0.122,-28.054,0,0,0.0358,66.789,0.589,10
0.774,0.382,178813,0.306,0,0.222,2,0.07200000000000001,-10.697,1,8,0.0546,81.961,0.69,7
0.15,0.865,364760,0.5589999999999999,0,0.000794,10,0.106,-7.0310000000000015,1,36,0.046,110.417,0.821,4
0.972,0.386,578867,0.21,0,0.855,4,0.0844,-17.807000000000006,0,0,0.0421,114.206,0.112,7
0.975,0.319,51880,0.377,0,0.951,0,0.194,-15.663,1,0,0.0359,114.915,0.551,7
0.7509999999999999,0.5579999999999999,179760,0.624,0,0.0,5,0.327,-12.612,0,41,0.0427,141.16299999999995,0.752,6
0.911,0.197,175040,0.0566,0,0.0,6,0.101,-20.402,1,12,0.0418,75.01,0.127,8
0.945,0.7440000000000001,207060,0.113,0,0.0,9,0.206,-21.485,1,5,0.953,82.97,0.226,7
0.847,0.784,111438,0.528,0,0.000108,10,0.0765,-6.749,1,0,0.0283,106.534,0.7240000000000001,8
0.0285,0.754,124600,0.303,1,0.0,8,0.349,-19.636,1,0,0.946,91.423,0.619,10
0.0552,0.563,274333,0.537,0,0.0,2,0.17800000000000002,-11.389,1,34,0.0314,134.188,0.637,4
0.33,0.474,290160,0.428,0,0.000601,10,0.16899999999999998,-12.011,0,27,0.0731,185.174,0.7120000000000001,7
0.0115,0.511,245533,0.845,0,0.000303,4,0.386,-6.8320000000000025,0,36,0.0311,108.979,0.86,5
0.205,0.591,195960,0.818,0,0.0,9,0.104,-6.93,0,43,0.0595,104.96,0.605,2
0.000781,0.524,259933,0.958,0,0.0,9,0.306,-3.91,0,55,0.0682,92.84,0.505,2
0.00636,0.496,255973,0.823,0,0.0,11,0.564,-2.699,1,46,0.0316,112.912,0.3670000000000001,2
0.413,0.504,151653,0.6509999999999999,0,0.218,9,0.581,-7.114,0,25,0.0335,109.649,0.443,5
0.257,0.168,306000,0.449,0,0.8140000000000001,10,0.0821,-7.765,1,0,0.0374,93.949,0.0704,9
0.8590000000000001,0.485,171600,0.179,0,9.57e-06,4,0.118,-16.377,1,18,0.0303,75.346,0.235,6
0.0227,0.7390000000000001,189000,0.742,0,1.39e-06,7,0.229,-4.586,1,67,0.0329,124.016,0.659,1
0.987,0.725,192006,0.459,0,0.038,9,0.32299999999999995,-8.033999999999999,0,0,0.0352,110.166,0.8220000000000001,7
0.0202,0.752,186160,0.496,0,1.33e-05,0,0.0729,-5.4979999999999976,1,48,0.0446,104.949,0.677,2
0.0027600000000000003,0.477,248813,0.777,0,1.76e-05,3,0.397,-5.867000000000001,1,51,0.062,141.046,0.289,1
0.0653,0.423,448080,0.627,0,0.0177,6,0.34,-6.612,0,33,0.0374,127.653,0.524,5
0.0073700000000000015,0.6509999999999999,285733,0.949,0,0.125,4,0.28600000000000003,-6.566,0,68,0.0403,113.257,0.61,4
0.993,0.252,216067,0.0726,0,0.943,8,0.111,-16.851,1,0,0.04,68.258,0.198,8
0.309,0.6579999999999999,233200,0.454,0,0.0,7,0.422,-8.676,1,37,0.25,137.398,0.752,2
0.0172,0.8190000000000001,217000,0.7190000000000001,1,1.11e-05,1,0.107,-8.084,1,62,0.168,149.97,0.575,1
0.995,0.534,172453,0.171,0,0.257,4,0.13699999999999998,-13.742,1,0,0.0513,120.444,0.589,8
0.0736,0.825,286200,0.639,1,0.0224,4,0.0612,-6.607,1,54,0.189,97.389,0.866,3
0.506,0.674,344493,0.792,0,0.0665,4,0.898,-8.486,0,26,0.0466,115.876,0.7829999999999999,3
0.866,0.627,223187,0.237,0,0.000341,5,0.195,-15.515999999999998,1,17,0.0423,114.486,0.636,6
0.614,0.322,159693,0.688,0,0.00253,0,0.0918,-11.034,1,4,0.0816,209.989,0.5589999999999999,7
0.679,0.399,315000,0.5710000000000001,0,1.06e-05,2,0.23,-11.986,1,48,0.0777,75.53699999999998,0.227,5
0.0383,0.6679999999999999,231467,0.7390000000000001,0,0.0,4,0.13,-4.919,1,65,0.0308,131.918,0.5710000000000001,2
0.0454,0.58,278893,0.893,0,0.13,2,0.0733,-8.684,1,25,0.0332,104.759,0.306,4
0.984,0.359,104555,0.314,0,0.0,8,0.69,-9.855,1,0,0.0413,79.043,0.302,8
0.908,0.441,184613,0.3670000000000001,0,0.000288,5,0.32,-11.656,0,0,0.301,165.31099999999995,0.7140000000000001,8
0.0444,0.7120000000000001,324573,0.6809999999999999,0,0.000235,0,0.0592,-6.351,0,58,0.0294,125.497,0.809,5
0.0447,0.7120000000000001,206903,0.799,0,6.4e-05,7,0.37,-4.564,0,69,0.0703,83.99600000000002,0.591,1
0.0328,0.5329999999999999,273933,0.894,0,0.000306,0,0.3,-4.773,1,53,0.0387,101.305,0.917,4
0.0639,0.652,188707,0.8590000000000001,0,0.0,2,0.0777,-3.746,1,63,0.0358,109.971,0.491,1
0.000199,0.34600000000000003,315747,0.915,0,7.79e-05,5,0.117,-5.098,0,41,0.0747,155.93200000000004,0.0927,2
0.935,0.428,151533,0.517,0,2.68e-05,7,0.187,-8.068,0,36,0.0862,105.435,0.504,2
0.847,0.7859999999999999,147840,0.375,0,0.0,6,0.109,-7.471,1,58,0.0445,124.992,0.71,0
0.496,0.387,379933,0.41,0,0.142,8,0.89,-13.817,1,22,0.0669,171.71599999999995,0.804,6
0.0192,0.643,232375,0.604,0,2.49e-06,10,0.18,-7.055,1,47,0.0423,133.85299999999998,0.477,1
0.921,0.552,192354,0.269,0,3.23e-06,7,0.6809999999999999,-18.035,1,19,0.389,114.175,0.3720000000000001,6
0.986,0.614,136880,0.0782,0,0.0,8,0.117,-17.979,0,0,0.14300000000000002,116.969,0.224,7
0.0106,0.598,187813,0.914,0,1.22e-06,4,0.369,-3.752,1,59,0.0878,103.972,0.531,1
0.000143,0.726,194760,0.919,0,0.7090000000000001,8,0.0795,-13.836,1,49,0.045,120.952,0.332,3
0.765,0.6859999999999999,177240,0.494,0,0.00289,3,0.0662,-8.592,1,7,0.0625,113.42,0.87,6
0.989,0.494,190173,0.103,0,0.131,7,0.101,-16.504,0,2,0.0729,76.373,0.297,9
0.00136,0.779,354240,0.35700000000000004,0,0.8190000000000001,2,0.115,-11.287,1,27,0.0496,110.832,0.353,4
0.0358,0.726,258160,0.96,0,6.38e-05,3,0.0374,-3.429,0,37,0.0459,137.914,0.856,3
0.124,0.674,347427,0.481,0,9.81e-06,6,0.0308,-12.909,1,34,0.0372,151.303,0.778,3
0.995,0.638,140853,0.121,0,0.49,7,0.0947,-22.245,0,0,0.201,123.87,0.537,10
0.855,0.319,332973,0.329,0,1.86e-06,2,0.0864,-7.433,1,45,0.0324,128.659,0.205,3
0.855,0.469,142533,0.0559,0,1.02e-06,3,0.184,-19.415,1,20,0.0736,94.53,0.378,7
0.99,0.281,341573,0.224,0,0.0112,8,0.0854,-17.469,0,12,0.071,171.671,0.0757,8
0.955,0.391,263200,0.114,0,0.91,8,0.68,-23.387,1,19,0.124,70.714,0.523,6
0.5479999999999999,0.629,208133,0.193,0,0.0,9,0.102,-14.140999999999998,1,31,0.0277,78.717,0.314,4
0.00502,0.7809999999999999,333787,0.447,0,0.0008039999999999999,10,0.0352,-13.725,0,32,0.195,89.264,0.736,4
0.208,0.252,361400,0.5710000000000001,0,0.00658,3,0.99,-14.005999999999998,1,21,0.0686,75.279,0.242,5
0.982,0.507,169880,0.214,0,0.0,6,0.0997,-13.12,1,0,0.0661,73.387,0.5670000000000001,7
0.29,0.66,222733,0.534,0,0.000709,3,0.171,-10.379,1,25,0.0391,133.895,0.524,5
0.8740000000000001,0.411,257827,0.36,0,0.872,9,0.092,-18.146,0,33,0.0669,73.411,0.552,6
0.7,0.36,273507,0.34600000000000003,0,0.000961,0,0.6579999999999999,-12.892,0,38,0.0389,123.908,0.193,5
0.0962,0.284,278787,0.5670000000000001,0,0.00596,1,0.0867,-12.58,1,34,0.0537,202.013,0.495,3
0.104,0.721,275067,0.469,1,0.000111,1,0.0724,-9.563,1,48,0.193,86.811,0.6940000000000001,2
0.377,0.648,349933,0.631,1,0.0,4,0.12,-5.662000000000001,0,69,0.103,105.989,0.142,1
0.448,0.44,222333,0.933,0,0.3720000000000001,2,0.0712,-4.796,1,40,0.0388,102.98,0.626,2
0.982,0.207,298773,0.125,0,0.636,9,0.6859999999999999,-20.706,1,34,0.0514,62.475,0.0733,6
0.0615,0.6920000000000001,157560,0.818,0,0.753,2,0.0867,-3.891,0,24,0.038,96.165,0.598,6
0.153,0.8370000000000001,272560,0.168,0,0.0533,7,0.0679,-17.893,1,7,0.121,95.57,0.629,7
0.8029999999999999,0.612,228267,0.787,0,0.0,1,0.7809999999999999,-12.617,1,23,0.949,132.39,0.172,4
0.659,0.489,148400,0.369,0,0.0,7,0.0987,-9.968,0,30,0.0466,117.656,0.614,7
0.747,0.487,231040,0.232,0,7.200000000000001e-06,2,0.115,-12.486,0,38,0.0291,140.173,0.249,3
0.973,0.609,195027,0.105,0,0.00511,2,0.116,-15.246,0,6,0.0344,108.679,0.616,9
0.0196,0.396,417227,0.614,0,0.195,0,0.0725,-8.729,1,31,0.0491,136.584,0.537,5
0.000598,0.35700000000000004,289893,0.812,1,0.0175,4,0.125,-6.522,1,48,0.0445,110.788,0.108,3
0.994,0.4370000000000001,439637,0.14400000000000002,0,0.888,2,0.107,-15.798,1,1,0.0343,108.322,0.0708,7
0.965,0.413,200347,0.159,0,1.92e-06,0,0.103,-16.373,1,0,0.0555,77.887,0.35600000000000004,8
0.929,0.493,310666,0.0784,0,0.000132,2,0.102,-22.269,0,9,0.0453,60.236,0.331,7
0.996,0.179,353147,0.026,0,0.89,0,0.0836,-30.937,0,56,0.0385,77.116,0.068,2
0.996,0.58,147267,0.117,0,0.934,5,0.13699999999999998,-25.096,1,0,0.129,130.235,0.7759999999999999,10
0.34700000000000003,0.512,276400,0.459,0,9.09e-06,3,0.127,-8.459,0,51,0.0299,111.91,0.12,1
0.278,0.462,457600,0.471,0,0.0474,8,0.0988,-12.844,1,52,0.0451,154.468,0.7659999999999999,3
0.727,0.21600000000000005,230806,0.384,0,0.00021,9,0.0754,-6.371,1,48,0.0301,177.45,0.199,2
1.65e-05,0.401,227080,0.914,0,0.68,2,0.384,-5.466,1,45,0.0436,116.113,0.502,2
0.0731,0.831,208893,0.782,0,0.0171,4,0.032,-10.48,0,65,0.0595,107.877,0.631,5
0.00216,0.474,132733,0.994,1,0.126,8,0.314,-1.884,1,58,0.103,171.433,0.847,2
0.00024700000000000004,0.201,308600,0.945,0,0.000866,11,0.23,-7.602,1,31,0.489,165.237,0.0758,4
0.981,0.602,264040,0.119,0,0.0,1,0.0896,-14.899,1,42,0.0516,109.229,0.355,3
0.983,0.611,141627,0.5429999999999999,0,0.907,0,0.194,-10.52,0,0,0.035,96.321,0.937,8
0.0815,0.5710000000000001,205560,0.612,0,0.0,5,0.35700000000000004,-5.654,1,41,0.035,95.081,0.612,5
0.199,0.74,334160,0.6859999999999999,0,0.0,9,0.205,-9.501,1,25,0.0438,123.078,0.933,4
0.6,0.518,308133,0.25,0,0.000601,9,0.139,-17.864,1,59,0.0269,87.689,0.642,6
0.401,0.504,235013,0.635,0,1.98e-06,2,0.0847,-11.249,1,44,0.39,80.086,0.762,3
0.179,0.7929999999999999,359600,0.349,0,0.722,11,0.0523,-15.42,0,33,0.0333,100.123,0.685,4
0.0532,0.418,221467,0.602,0,0.0,9,0.537,-9.87,0,26,0.197,84.756,0.512,6
0.765,0.56,613040,0.38,0,0.71,0,0.0638,-11.762,1,34,0.0346,80.69800000000002,0.389,5
0.4970000000000001,0.5720000000000001,182773,0.485,0,0.00267,1,0.0804,-12.531,0,10,0.0707,83.213,0.7440000000000001,7
0.743,0.535,311152,0.245,0,0.00338,5,0.298,-12.53,1,67,0.0363,130.13299999999998,0.238,1
0.35700000000000004,0.623,355840,0.711,0,0.0,0,0.355,-9.292,1,18,0.0303,104.632,0.787,6
0.0475,0.8370000000000001,284120,0.604,1,0.0163,2,0.0999,-8.131,1,49,0.0897,93.238,0.302,2
0.953,0.624,229067,0.158,0,0.00135,9,0.112,-13.059,1,63,0.0289,85.492,0.303,5
0.494,0.26,321893,0.328,0,0.000168,4,0.11,-12.086,0,45,0.0342,91.374,0.162,3
0.511,0.416,154406,0.412,1,0.000423,9,0.241,-11.262,1,62,0.0361,116.84,0.409,1
0.27,0.706,99200,0.0885,1,0.0,11,0.228,-17.794,0,0,0.927,105.431,0.69,9
0.142,0.64,271573,0.6509999999999999,0,0.28,4,0.0341,-14.981,0,71,0.0517,111.676,0.8009999999999999,6
0.278,0.804,227253,0.6829999999999999,0,0.0050100000000000006,3,0.0535,-9.058,1,47,0.0732,118.224,0.87,1
0.428,0.593,120867,0.7170000000000001,0,0.0,0,0.08199999999999999,-7.104,0,12,0.0639,123.916,0.865,7
4.09e-05,0.201,191733,0.952,0,0.0,1,0.228,-5.872000000000001,0,33,0.14400000000000002,179.104,0.392,4
0.711,0.539,132213,0.299,0,0.0,0,0.524,-11.132,1,7,0.0568,93.637,0.74,6
0.0311,0.904,226864,0.813,1,0.0069700000000000005,4,0.0471,-7.105,0,67,0.121,125.461,0.81,2
0.102,0.454,471813,0.561,0,0.35200000000000004,11,0.262,-11.527,0,15,0.0789,115.354,0.718,6
0.133,0.708,113100,0.14400000000000002,1,0.000516,0,0.375,-22.077,1,0,0.941,131.594,0.485,8
0.449,0.7509999999999999,197360,0.7959999999999999,0,0.000207,9,0.338,-8.823,1,47,0.0604,138.64,0.815,5
0.902,0.0811,935360,0.0122,0,0.308,4,0.0648,-32.654,0,63,0.0511,74.554,0.0384,1
0.459,0.6990000000000001,245827,0.408,0,0.000352,8,0.7509999999999999,-14.477,1,32,0.215,67.661,0.7809999999999999,4
0.85,0.241,249227,0.51,0,0.789,3,0.341,-14.143,1,10,0.0546,80.09,0.336,7
0.8220000000000001,0.468,233333,0.475,0,0.0611,9,0.1,-14.318,0,35,0.0624,136.718,0.733,7
0.258,0.639,316920,0.6779999999999999,0,0.000374,6,0.224,-8.589,1,38,0.034,120.435,0.168,3
0.228,0.573,198147,0.545,0,0.000169,6,0.0466,-12.636,1,59,0.0436,94.404,0.95,5
0.974,0.467,242564,0.157,0,1.46e-06,11,0.0816,-9.649,1,64,0.0336,108.13,0.277,1
0.0225,0.722,214587,0.838,1,0.00145,11,0.0747,-8.235,0,42,0.0855,119.033,0.523,2
0.746,0.37,558773,0.28300000000000003,0,0.0868,11,0.22,-12.562,1,41,0.0303,117.199,0.0702,4
0.992,0.377,1271200,0.093,0,0.8759999999999999,7,0.111,-20.963,0,0,0.0388,101.72,0.14,7
0.908,0.446,159600,0.218,0,0.000181,2,0.192,-11.738,1,20,0.0381,102.35,0.13699999999999998,6
0.000387,0.48,204636,0.648,0,0.0,0,0.118,-10.809,1,53,0.0293,165.012,0.672,1
0.00104,0.384,328000,0.799,0,0.00183,7,0.225,-9.582,1,29,0.062,117.535,0.546,4
0.135,0.71,184040,0.375,0,0.915,0,0.0925,-8.371,0,43,0.0664,169.928,0.867,2
7.92e-05,0.525,191000,0.504,0,0.0114,4,0.104,-13.362,0,54,0.0264,96.056,0.465,4
0.883,0.409,213573,0.227,0,0.0,5,0.188,-10.673,1,12,0.0328,109.931,0.371,7
0.3,0.815,345241,0.715,1,4.83e-06,4,0.091,-4.65,0,87,0.207,176.007,0.7859999999999999,0
0.833,0.691,144789,0.333,0,5.11e-05,5,0.0856,-12.451,0,24,0.0351,122.916,0.779,6
0.00221,0.618,179947,0.955,0,3.09e-06,4,0.486,-3.836,1,69,0.0798,150.034,0.79,2
0.682,0.65,103300,0.122,1,0.0,2,0.552,-17.527,1,0,0.962,160.524,0.6409999999999999,8
0.708,0.4270000000000001,188773,0.282,0,0.0,7,0.162,-13.652,1,30,0.0272,79.95,0.208,6
0.7829999999999999,0.33,51600,0.0632,0,0.407,9,0.292,-24.765,0,0,0.104,82.385,0.237,8
0.581,0.44,183547,0.573,0,0.0,10,0.0777,-5.42,1,55,0.0365,178.192,0.442,2
0.818,0.34,132714,0.172,0,8e-06,10,0.14400000000000002,-13.476,1,4,0.0298,85.39200000000002,0.201,8
0.993,0.537,191133,0.309,0,0.455,0,0.259,-11.202,1,0,0.0481,77.16199999999998,0.912,8
0.439,0.611,270827,0.835,0,0.447,10,0.0749,-5.12,1,35,0.0467,108.828,0.963,3
0.359,0.6459999999999999,223013,0.677,1,0.0,7,0.314,-6.519,1,39,0.304,100.814,0.787,2
0.995,0.804,156613,0.338,0,0.946,1,0.123,-18.092,1,0,0.184,118.711,0.905,10
0.516,0.634,170107,0.654,0,2.37e-05,2,0.0758,-7.907,0,31,0.0321,136.07399999999998,0.851,5
0.624,0.677,189373,0.8809999999999999,0,0.159,5,0.17800000000000002,-12.711,1,23,0.059,118.513,0.92,4
0.237,0.386,374973,0.552,0,4.9000000000000005e-06,9,0.939,-9.792,1,31,0.0663,136.153,0.478,5
0.823,0.5429999999999999,300307,0.136,0,0.494,5,0.112,-21.081,1,52,0.0326,95.404,0.276,3
0.121,0.443,203160,0.772,1,2.7600000000000014e-05,1,0.123,-8.277000000000001,1,47,0.049,174.52,0.505,3
0.00677,0.711,376533,0.618,0,0.00916,7,0.116,-10.742,1,54,0.0332,116.809,0.5329999999999999,3
0.988,0.354,145800,0.114,0,6.56e-05,11,0.1,-18.225,1,0,0.036000000000000004,101.495,0.531,8
0.0834,0.833,219867,0.679,0,0.0025800000000000003,8,0.0769,-4.496,1,65,0.0365,109.916,0.975,3
0.0453,0.603,268307,0.8270000000000001,0,0.619,6,0.0833,-7.372000000000001,1,59,0.0714,144.99200000000005,0.311,1
0.0716,0.674,227267,0.799,0,0.0,4,0.135,-7.269,1,37,0.0356,119.498,0.731,4
0.578,0.6629999999999999,53573,0.626,1,0.0,1,0.469,-10.536,1,50,0.639,148.08700000000005,0.8370000000000001,2
0.00137,0.657,208707,0.737,0,2.86e-06,8,0.254,-8.621,1,42,0.0239,105.197,0.65,3
0.000849,0.25,145373,0.62,0,0.0848,0,0.175,-10.915,1,43,0.0611,114.098,0.319,3
0.995,0.358,90933,0.193,0,0.885,11,0.189,-19.492,0,0,0.0398,87.527,0.405,10
0.0702,0.7290000000000001,209160,0.65,0,6.69e-05,5,0.0829,-3.539,1,69,0.0313,110.02,0.34700000000000003,1
0.0106,0.418,521440,0.884,0,1.29e-05,9,0.858,-7.829,1,29,0.0904,124.732,0.509,5
0.118,0.77,188707,0.655,1,0.0234,2,0.125,-5.369,1,62,0.0316,129.964,0.639,1
6.979999999999999e-05,0.642,277867,0.794,0,0.348,8,0.146,-7.907999999999999,1,45,0.0309,119.55,0.785,2
0.823,0.5429999999999999,120867,0.114,0,4.22e-05,2,0.108,-21.445,1,43,0.0338,75.652,0.404,4
0.936,0.603,139080,0.242,0,7.759999999999999e-05,5,0.0944,-12.725,1,17,0.0335,118.407,0.28300000000000003,7
0.00109,0.556,310307,0.85,0,0.0,8,0.278,-6.329,0,55,0.0417,155.875,0.516,1
0.4370000000000001,0.626,137853,0.765,0,0.0809,5,0.131,-7.667999999999997,1,21,0.0378,115.953,0.83,6
0.687,0.4320000000000001,341773,0.389,0,0.0107,7,0.0788,-6.517,1,35,0.0255,139.506,0.158,5
0.985,0.272,128667,0.0339,0,0.000401,3,0.113,-20.963,1,0,0.0363,105.149,0.149,9
0.7959999999999999,0.218,205867,0.276,0,0.09,5,0.163,-12.727,1,22,0.0315,71.756,0.0716,5
0.988,0.483,253453,0.0341,0,0.879,2,0.127,-21.339,0,18,0.0351,67.97399999999999,0.289,7
0.0838,0.43,381240,0.6509999999999999,0,0.0429,0,0.184,-10.184,1,32,0.0371,120.36,0.535,5
0.705,0.44,215013,0.484,0,0.000911,5,0.0851,-10.087,1,14,0.0301,131.3,0.526,6
0.792,0.597,186453,0.445,0,0.163,5,0.0862,-11.316,1,9,0.0383,77.132,0.905,8
0.8059999999999999,0.195,189320,0.234,0,1.01e-05,0,0.149,-13.007,1,28,0.0373,69.932,0.146,5
0.00922,0.669,160240,0.693,0,0.000114,11,0.0614,-5.018,0,52,0.0451,110.392,0.523,2
0.0892,0.568,174760,0.7190000000000001,0,1.84e-06,8,0.233,-5.4060000000000015,1,65,0.0354,106.036,0.539,2
0.95,0.387,167907,0.245,0,0.8690000000000001,8,0.639,-21.768,1,0,0.0411,127.284,0.45,8
0.000271,0.585,158550,0.98,0,2.49e-05,1,0.0273,-2.79,1,42,0.12,94.775,0.47,3
0.0398,0.7879999999999999,325000,0.642,0,0.000243,7,0.0529,-9.467,1,36,0.0392,106.041,0.9,3
0.994,0.496,186445,0.184,0,0.5379999999999999,7,0.204,-12.894,0,0,0.0288,80.075,0.387,8
0.984,0.383,200281,0.0931,0,0.0407,2,0.117,-16.753,0,0,0.0459,86.84299999999998,0.319,8
0.0464,0.63,221000,0.782,1,0.0,6,0.0944,-4.046,0,58,0.225,150.076,0.657,1
0.934,0.413,203213,0.0677,0,2.410000000000001e-05,7,0.142,-18.675,1,12,0.04,137.511,0.201,8
0.208,0.314,328560,0.665,0,0.21600000000000005,11,0.0751,-13.868,0,45,0.039,141.906,0.182,3
0.0279,0.5870000000000001,275000,0.919,0,1.61e-06,2,0.933,-6.962999999999999,1,24,0.0366,132.28799999999998,0.584,5
7.879999999999999e-05,0.247,190693,0.997,0,0.00837,5,0.381,-3.741,1,45,0.23,109.973,0.0697,2
0.00154,0.602,180800,0.894,0,0.0,4,0.433,-3.975,1,67,0.032,125.988,0.643,2
0.0664,0.861,207200,0.5539999999999999,0,0.0,7,0.0643,-9.381,0,34,0.224,84.96799999999998,0.778,3
0.994,0.348,529187,0.117,0,0.8959999999999999,3,0.0712,-18.645,1,0,0.0363,137.446,0.343,8
0.7190000000000001,0.464,171200,0.396,0,0.17,8,0.237,-9.647,1,2,0.032,95.863,0.303,7
0.00939,0.665,169027,0.875,0,0.0,1,0.0897,-4.272,1,57,0.0426,122.008,0.66,1
0.669,0.556,113067,0.242,0,0.0,10,0.211,-10.792,1,47,0.136,167.80700000000004,0.682,1
0.56,0.784,277927,0.669,0,1.2e-06,4,0.226,-10.577,1,32,0.0642,90.139,0.966,4
0.913,0.258,182933,0.132,0,0.00243,1,0.14800000000000002,-17.171,0,7,0.0336,72.657,0.161,7
0.000138,0.448,208467,0.8859999999999999,0,0.0,10,0.925,-5.587999999999999,0,47,0.0529,169.98,0.398,2
0.00102,0.197,234600,0.993,0,0.838,4,0.32299999999999995,-7.731,1,35,0.06,179.544,0.603,4
0.00575,0.502,235613,0.966,0,1.56e-06,0,0.117,-3.876,1,62,0.0946,159.94799999999995,0.638,1
0.526,0.448,272080,0.42,0,0.00055,8,0.223,-9.948,1,37,0.0797,183.337,0.325,5
0.599,0.505,233800,0.4270000000000001,0,0.8270000000000001,0,0.103,-14.12,1,18,0.0338,114.157,0.606,7
0.8109999999999999,0.6970000000000001,165853,0.504,0,0.00406,2,0.121,-12.353,0,29,0.0487,130.38,0.913,6
0.142,0.526,272893,0.8490000000000001,0,0.0069,9,0.095,-9.436,1,27,0.047,122.901,0.609,4
0.871,0.244,184480,0.44,0,8.65e-05,7,0.3720000000000001,-7.777,1,56,0.0475,82.02,0.113,4
0.275,0.52,282320,0.453,0,0.000215,11,0.16,-6.393,1,38,0.0264,130.359,0.345,3
0.993,0.508,179440,0.181,0,0.972,11,0.206,-15.005999999999998,1,0,0.183,69.25399999999999,0.605,10
0.987,0.242,115627,0.149,0,0.877,0,0.134,-26.742,1,0,0.0369,88.18799999999996,0.279,10
0.139,0.487,267374,0.821,0,0.904,7,0.89,-12.854,1,28,0.0765,118.521,0.525,5
0.294,0.643,188893,0.79,0,0.0,4,0.107,-6.079,1,77,0.0462,95.987,0.8,0
0.708,0.65,180133,0.624,0,0.053,0,0.262,-5.78,1,0,0.0364,103.94,0.871,7
0.962,0.762,184533,0.35,0,0.8859999999999999,8,0.0619,-13.771,1,6,0.0614,110.263,0.897,7
0.8270000000000001,0.618,208986,0.121,0,0.0,3,0.28300000000000003,-19.592,1,21,0.0447,133.418,0.605,6
0.68,0.6629999999999999,257907,0.3,0,4.89e-06,0,0.0856,-14.94,1,42,0.0323,132.56,0.374,4
0.894,0.608,179667,0.52,0,1.18e-05,2,0.115,-12.626,1,45,0.035,90.184,0.934,4
0.411,0.517,195280,0.685,0,0.0,9,0.0728,-8.666,1,37,0.027000000000000003,74.119,0.945,6
0.995,0.239,201627,0.519,0,0.889,11,0.439,-8.642000000000001,0,0,0.0401,82.544,0.701,9
0.6890000000000001,0.612,392653,0.741,0,9.59e-05,5,0.0556,-5.9929999999999986,0,49,0.0363,92.254,0.948,4
0.34,0.396,174333,0.546,0,0.00744,11,0.162,-10.234,0,31,0.0364,135.148,0.503,6
0.442,0.7390000000000001,147987,0.405,1,0.211,0,0.158,-10.897,1,59,0.0852,157.09,0.127,1
0.994,0.7929999999999999,186493,0.358,0,0.00548,2,0.158,-8.282,1,0,0.0688,118.742,0.629,9
0.19,0.395,257690,0.922,1,0.0,1,0.134,-2.176,1,70,0.375,162.361,0.5579999999999999,2
0.931,0.649,170560,0.255,0,0.0,7,0.424,-14.572,1,18,0.0467,127.138,0.515,6
0.0666,0.487,169933,0.464,0,0.0053100000000000005,4,0.105,-9.821,1,65,0.03,121.242,0.851,6
0.703,0.586,210827,0.431,0,0.0,4,0.14400000000000002,-13.005999999999998,1,27,0.0323,142.387,0.608,4
0.943,0.487,164000,0.245,0,0.0,7,0.118,-12.101,1,49,0.0339,95.249,0.521,6
0.149,0.6559999999999999,307435,0.662,0,8e-06,1,0.16,-1.3869999999999998,1,77,0.191,189.983,0.573,1
0.007109999999999998,0.435,122373,0.5539999999999999,0,0.914,4,0.161,-12.065,0,25,0.0308,134.115,0.754,6
0.335,0.732,263400,0.835,0,2.43e-06,5,0.0354,-3.279,0,57,0.0819,80.696,0.892,2
0.00914,0.77,226800,0.91,0,0.0787,0,0.27,-3.332,1,39,0.0381,135.049,0.8809999999999999,3
0.995,0.35,179003,0.377,0,0.8809999999999999,9,0.131,-12.959,0,0,0.0427,92.615,0.51,7
0.778,0.425,155067,0.3670000000000001,0,0.0154,0,0.314,-10.18,0,11,0.0362,89.314,0.747,7
0.151,0.495,273267,0.8109999999999999,0,0.785,9,0.66,-6.879,1,26,0.0392,126.69,0.964,5
0.953,0.425,459667,0.32299999999999995,0,0.25,10,0.0926,-16.559,1,14,0.0358,133.804,0.399,7
0.655,0.741,242040,0.271,0,3.39e-05,5,0.0985,-16.989,1,40,0.0289,104.404,0.762,4
0.0782,0.603,324587,0.8490000000000001,0,0.000505,5,0.0986,-6.527,1,42,0.0647,122.557,0.667,2
0.393,0.662,196733,0.488,0,5.99e-05,2,0.0539,-15.39,1,53,0.0354,102.657,0.6659999999999999,5
0.000654,0.633,162693,0.5539999999999999,1,0.000814,1,0.16399999999999998,-9.405,1,40,0.0331,158.174,0.8370000000000001,3
0.103,0.532,200627,0.892,0,1.42e-05,0,0.249,-4.642,1,21,0.0551,134.037,0.7959999999999999,6
0.933,0.611,218093,0.281,0,0.0,2,0.189,-14.178,1,24,0.0409,96.872,0.469,6
0.993,0.655,183600,0.319,0,0.000302,11,0.102,-7.66,0,0,0.0588,120.004,0.5760000000000001,9
0.995,0.7490000000000001,186493,0.165,0,0.8170000000000001,0,0.109,-14.165,1,0,0.0819,115.674,0.627,10
0.267,0.565,343067,0.45,0,0.0964,2,0.139,-14.915,1,47,0.0322,100.878,0.5,5
0.742,0.466,171227,0.416,0,5.04e-06,5,0.249,-8.249,1,45,0.026,98.78,0.516,6
0.916,0.272,219573,0.208,0,0.00305,1,0.14400000000000002,-12.098,1,30,0.0293,81.891,0.147,6
0.995,0.6829999999999999,165956,0.423,0,0.8959999999999999,10,0.292,-10.793,1,0,0.052000000000000005,85.156,0.97,8
0.799,0.159,228693,0.269,0,4.12e-06,0,0.16399999999999998,-11.761,1,48,0.0319,79.416,0.151,7
0.0933,0.404,403040,0.6709999999999999,0,1.45e-06,8,0.376,-5.8660000000000005,1,37,0.046,121.426,0.318,2
0.768,0.69,113107,0.77,0,0.000152,8,0.174,-10.525,1,16,0.0352,147.844,0.966,6
0.8809999999999999,0.426,54547,0.823,0,0.0,11,0.71,-10.849,1,13,0.911,171.037,0.507,6
0.8079999999999999,0.284,157333,0.273,0,0.0,0,0.0972,-13.751,1,10,0.0292,168.553,0.6829999999999999,7
0.447,0.363,330133,0.767,0,0.00461,5,0.174,-10.286,1,32,0.0416,108.886,0.398,5
0.471,0.6559999999999999,203347,0.353,0,1.57e-05,1,0.0946,-19.724,1,30,0.0643,100.824,0.24,5
0.259,0.7909999999999999,211440,0.721,0,0.0,6,0.104,-5.587999999999999,0,54,0.0939,87.03399999999998,0.66,1
0.0246,0.585,252933,0.804,0,1.03e-06,4,0.179,-6.205,0,50,0.044,111.115,0.6729999999999999,4
0.929,0.624,216747,0.304,0,0.173,8,0.0693,-14.496,1,49,0.0822,80.582,0.8740000000000001,9
0.718,0.5579999999999999,177476,0.5760000000000001,0,1.29e-05,9,0.184,-8.722000000000001,1,1,0.218,90.656,0.595,8
0.888,0.5529999999999999,155240,0.28,0,0.0912,0,0.615,-10.885,0,24,0.0673,176.26,0.906,4
0.99,0.722,183507,0.47,0,0.898,4,0.4920000000000001,-7.61,1,0,0.0502,122.604,0.944,9
0.994,0.535,71693,0.209,0,0.428,4,0.106,-17.927,1,3,0.921,73.169,0.551,7
0.198,0.748,250400,0.6709999999999999,1,0.0,11,0.106,-6.632999999999999,0,34,0.198,90.0,0.841,3
0.0231,0.467,196467,0.715,0,0.0,0,0.14400000000000002,-5.0760000000000005,1,61,0.0327,156.095,0.374,1
0.0175,0.399,486078,0.905,0,0.905,2,0.232,-6.154,1,0,0.0441,160.715,0.528,9
0.631,0.197,214204,0.402,0,0.742,5,0.0495,-11.015,1,1,0.0417,67.066,0.233,7
0.513,0.4370000000000001,338427,0.375,0,3.3e-06,0,0.0846,-11.731,1,21,0.0307,170.24400000000003,0.51,5
