0.334,0.589,224320,0.442,0,0.000424,4,0.0987,-8.517000000000001,1,65,0.0291,122.688,0.0904,2
0.994,0.475,194000,0.107,0,0.95,0,0.297,-17.46,1,0,0.032,73.018,0.368,8
0.157,0.7240000000000001,241147,0.317,0,1.21e-06,2,0.0807,-20.662,1,25,0.0303,106.247,0.765,4
0.0394,0.402,211547,0.8590000000000001,0,0.0,1,0.0745,-4.41,0,66,0.0466,95.31,0.514,2
0.768,0.407,180898,0.565,0,0.000228,7,0.0853,-10.29,0,6,0.0534,136.724,0.8029999999999999,9
0.00513,0.477,292850,0.8490000000000001,0,3.67e-05,11,0.526,-6.422999999999999,0,37,0.0282,106.778,0.626,3
0.0234,0.584,287733,0.509,0,0.00017,8,0.0808,-10.338,1,52,0.0279,138.02200000000002,0.387,2
0.0705,0.727,208400,0.456,1,0.0,9,0.124,-7.26,1,68,0.285,111.331,0.5479999999999999,1
0.0008869999999999998,0.503,169960,0.8909999999999999,0,0.0,4,0.0651,-6.365,1,54,0.0982,168.33599999999996,0.87,2
0.872,0.639,175200,0.439,0,0.0,0,0.0918,-7.157,1,57,0.0489,133.87,0.51,1
0.8190000000000001,0.47,308773,0.231,0,0.0,8,0.237,-8.209,1,6,0.0697,78.52,0.478,7
0.5539999999999999,0.775,196998,0.271,0,0.00285,1,0.112,-9.131,0,69,0.092,104.001,0.204,1
0.5539999999999999,0.591,227933,0.607,0,0.0,0,0.102,-7.626,1,42,0.0274,118.084,0.365,2
0.0469,0.867,300067,0.715,0,0.385,9,0.0527,-11.903,1,21,0.0478,114.276,0.957,4
0.0369,0.97,206107,0.738,1,0.000384,1,0.324,-3.381,0,41,0.132,107.166,0.961,2
0.108,0.838,225147,0.703,0,2.93e-05,9,0.0601,-12.205,1,29,0.0493,126.534,0.887,5
0.8390000000000001,0.5820000000000001,194507,0.177,0,0.000192,0,0.161,-15.107,1,7,0.0784,109.123,0.596,10
0.114,0.775,323253,0.655,1,0.00016,5,0.035,-7.332999999999997,1,69,0.102,114.503,0.34600000000000003,1
0.0981,0.7120000000000001,271080,0.5579999999999999,0,0.0,1,0.0618,-10.362,1,33,0.0661,96.018,0.831,4
0.8590000000000001,0.5,284827,0.236,0,0.0092,2,0.258,-12.615,1,32,0.0329,138.233,0.202,5
0.923,0.5870000000000001,168307,0.0799,0,0.0162,10,0.11,-20.891,0,21,0.0326,112.541,0.297,7
0.00839,0.383,112067,0.94,0,0.0,9,0.113,-9.718,1,22,0.0785,105.876,0.418,4
0.00108,0.555,145267,0.284,0,0.13,11,0.111,-15.655,0,43,0.0273,88.307,0.398,4
0.32,0.773,211436,0.508,1,0.102,9,0.106,-8.583,0,50,0.0558,133.966,0.496,1
0.199,0.6659999999999999,549813,0.526,0,0.7879999999999999,10,0.07200000000000001,-10.704,0,34,0.0408,90.115,0.835,5
0.199,0.53,237613,0.526,0,3.52e-06,7,0.232,-8.349,1,55,0.0263,79.025,0.32299999999999995,1
0.964,0.279,116333,0.134,0,0.0251,3,0.359,-14.629,1,1,0.0436,92.638,0.14,7
0.409,0.59,134227,0.586,0,0.7609999999999999,0,0.163,-7.6389999999999985,1,12,0.0299,132.513,0.939,6
0.000209,0.325,357467,0.845,0,0.000277,11,0.109,-10.193,0,38,0.0561,112.632,0.0982,4
0.0304,0.631,231659,0.732,1,0.0,1,0.261,-4.706,1,58,0.203,151.779,0.5489999999999999,1
0.972,0.753,193867,0.187,0,0.887,2,0.146,-15.207,0,2,0.0433,122.738,0.5720000000000001,9
0.872,0.648,175227,0.481,0,0.871,0,0.103,-10.219,1,4,0.0431,88.43799999999996,0.7440000000000001,7
0.0949,0.848,170227,0.745,1,0.0,6,0.0796,-3.052,0,71,0.221,137.024,0.516,0
0.936,0.406,184999,0.363,0,0.0,1,0.601,-12.328,1,0,0.0405,118.327,0.557,9
0.969,0.575,47320,0.182,0,0.986,7,0.375,-23.637,1,45,0.0681,100.037,0.263,1
0.987,0.687,173293,0.644,0,0.63,0,0.31,-7.124,1,0,0.0405,103.144,0.962,9
0.976,0.4370000000000001,173507,0.0372,0,0.382,3,0.0957,-18.598,1,2,0.0414,93.841,0.33,7
0.754,0.546,131493,0.401,0,3.5000000000000016e-06,0,0.0752,-7.601,1,12,0.0346,107.309,0.625,7
0.0277,0.28300000000000003,315307,0.875,0,0.00376,9,0.868,-10.794,1,41,0.108,168.30900000000003,0.562,5
0.413,0.918,122344,0.489,0,0.000655,9,0.0795,-13.85,0,53,0.193,100.406,0.962,6
0.5820000000000001,0.501,217429,0.4,0,0.0,0,0.0692,-4.76,1,71,0.0352,73.054,0.556,1
0.168,0.34,212427,0.613,0,0.0,4,0.095,-6.629,0,29,0.0279,180.33,0.628,6
0.489,0.615,186133,0.38,0,0.000382,5,0.24,-11.465,1,38,0.0245,87.315,0.503,4
0.441,0.7190000000000001,124600,0.276,0,0.0,4,0.188,-16.592,0,2,0.936,122.295,0.434,7
0.8390000000000001,0.209,295773,0.0797,0,0.888,10,0.11,-31.606,0,35,0.0335,173.234,0.208,3
0.996,0.402,180320,0.106,0,0.484,2,0.116,-16.596,0,0,0.0635,171.583,0.595,10
0.145,0.339,282755,0.645,0,0.764,4,0.103,-6.605,1,33,0.03,81.46300000000002,0.278,3
0.0248,0.591,265880,0.863,0,0.453,4,0.114,-8.226,1,47,0.0321,139.97299999999998,0.434,2
0.000285,0.361,148069,0.985,0,5.520000000000003e-05,4,0.26,-4.44,1,41,0.126,143.14,0.237,3
0.183,0.525,219440,0.535,0,0.0,9,0.111,-9.348,1,52,0.0328,80.809,0.5329999999999999,3
0.237,0.452,213253,0.34600000000000003,0,0.0,2,0.162,-9.755,1,58,0.0264,163.90099999999995,0.349,2
0.703,0.738,142547,0.695,0,0.0008730000000000001,0,0.158,-8.107999999999999,1,40,0.0325,131.341,0.965,6
0.161,0.68,404080,0.5329999999999999,0,0.753,10,0.319,-10.572,0,52,0.0391,99.946,0.412,1
0.953,0.6990000000000001,206425,0.596,0,0.27,11,0.0905,-13.311,1,39,0.163,86.584,0.675,5
0.995,0.414,153933,0.359,0,0.241,6,0.196,-11.359000000000002,1,0,0.0395,85.485,0.482,9
0.875,0.481,100027,0.145,0,0.0,4,0.395,-18.394,0,0,0.0491,106.19,0.429,8
0.955,0.777,169920,0.508,0,0.897,8,0.115,-11.817,1,7,0.0887,113.2,0.962,9
0.98,0.525,299840,0.0189,0,0.894,9,0.0611,-18.435,1,39,0.0759,152.437,0.385,3
0.00688,0.552,201947,0.954,0,0.0383,8,0.0853,-4.118,1,42,0.0807,96.568,0.638,1
0.867,0.271,993680,0.125,0,0.7070000000000001,0,0.0987,-19.684,1,26,0.0568,83.488,0.0951,6
0.121,0.831,173867,0.789,0,0.0,0,0.328,-5.4979999999999976,1,62,0.0661,101.035,0.8270000000000001,2
0.98,0.461,287500,0.0526,0,0.914,4,0.101,-28.439,0,34,0.0477,62.701,0.226,6
0.16,0.66,172507,0.591,0,0.848,4,0.632,-8.497,0,59,0.026,100.034,0.8490000000000001,1
0.0666,0.5770000000000001,203800,0.51,0,0.51,9,0.241,-13.74,1,55,0.0364,154.645,0.851,5
0.953,0.516,158840,0.226,0,0.24,7,0.107,-13.583,0,14,0.117,79.304,0.599,7
0.993,0.4,208427,0.241,0,0.887,0,0.135,-12.389,1,0,0.0441,91.289,0.642,9
0.91,0.399,381173,0.239,0,0.935,9,0.337,-20.916,0,18,0.036000000000000004,104.659,0.119,6
0.0471,0.5720000000000001,226909,0.498,0,4.67e-06,2,0.247,-10.484000000000002,0,61,0.431,109.192,0.5489999999999999,1
0.885,0.53,144800,0.408,0,1.13e-06,0,0.0555,-10.283,1,44,0.279,200.098,0.738,3
0.991,0.324,125360,0.248,0,0.0343,4,0.0846,-15.552,1,0,0.0459,106.73,0.0857,7
0.8,0.512,120299,0.391,0,0.00298,10,0.727,-17.31,0,6,0.031,90.866,0.517,6
0.588,0.727,158053,0.919,0,0.0,10,0.241,-4.667,1,46,0.112,169.989,0.947,2
0.027000000000000003,0.947,155572,0.58,1,0.0,1,0.0616,-7.635,1,65,0.46,127.046,0.778,0
0.982,0.645,152456,0.0405,0,0.0,3,0.0625,-9.025,1,0,0.523,80.828,0.8590000000000001,8
0.928,0.594,194840,0.251,0,0.279,0,0.359,-12.267,1,1,0.194,202.044,0.947,9
0.0575,0.799,272000,0.68,0,1.02e-05,9,0.0276,-7.0,0,37,0.0347,111.635,0.728,6
0.995,0.371,274560,0.00246,0,0.963,5,0.0895,-31.159,0,46,0.0565,73.543,0.163,2
0.374,0.453,177027,0.378,0,0.0,2,0.374,-10.877,1,21,0.032,88.417,0.508,6
0.996,0.332,189880,0.0661,0,0.53,11,0.0894,-16.792,1,0,0.0592,73.908,0.299,9
0.000297,0.551,436000,0.6829999999999999,0,0.305,0,0.105,-7.308,1,53,0.0345,100.03,0.179,3
0.452,0.684,305400,0.475,0,7.95e-06,11,0.0484,-13.463,0,47,0.0424,133.07,0.491,4
0.14,0.462,266707,0.502,0,1.91e-05,2,0.0836,-8.825,1,24,0.029,142.945,0.574,5
0.975,0.504,276107,0.495,0,0.0791,6,0.429,-13.315,1,0,0.309,137.825,0.872,8
0.0607,0.455,194836,0.49,0,4.66e-06,10,0.0777,-9.886,0,22,0.0655,83.456,0.765,6
0.738,0.66,151693,0.8009999999999999,0,1.04e-05,4,0.627,-8.446,1,41,0.115,104.374,0.867,6
0.906,0.456,186733,0.142,0,0.0,5,0.135,-15.93,1,1,0.0482,130.38,0.368,7
0.0429,0.61,184000,0.69,0,6.759999999999999e-05,2,0.166,-2.656,0,58,0.091,179.94400000000005,0.318,1
0.000211,0.442,210867,0.94,0,0.000121,7,0.0973,-4.396,1,52,0.0767,155.921,0.289,2
0.0839,0.5870000000000001,276107,0.679,0,0.00031600000000000004,2,0.413,-6.26,1,35,0.0927,180.18400000000003,0.65,2
0.99,0.5479999999999999,154560,0.171,0,0.941,6,0.108,-22.029,1,0,0.0763,90.243,0.916,9
0.758,0.569,217440,0.363,0,0.733,8,0.121,-14.122,1,36,0.031,123.817,0.332,6
0.836,0.439,296731,0.259,0,0.006529999999999999,9,0.151,-14.334,1,31,0.0406,181.485,0.205,5
0.211,0.5670000000000001,212787,0.653,0,0.000489,0,0.0639,-11.524,0,60,0.0336,142.218,0.78,4
0.982,0.325,216503,0.0566,0,0.000339,8,0.423,-15.800999999999998,1,0,0.0675,68.60300000000001,0.215,8
0.366,0.792,256227,0.4920000000000001,0,6.92e-06,9,0.179,-10.642,0,39,0.0298,133.80200000000002,0.6809999999999999,3
0.987,0.422,133267,0.358,0,0.632,6,0.179,-11.69,1,3,0.047,120.406,0.562,9
0.0714,0.499,202467,0.92,0,0.0,3,0.116,-4.723,0,38,0.0589,105.018,0.315,2
0.65,0.397,177707,0.397,0,7.67e-06,4,0.261,-5.752000000000002,1,48,0.0463,79.03399999999998,0.675,6
0.726,0.8079999999999999,150953,0.454,0,4.55e-05,3,0.0813,-6.886,1,34,0.0695,95.201,0.888,3
0.948,0.315,185493,0.0696,0,0.879,7,0.24,-23.285,1,42,0.0511,127.781,0.398,4
0.684,0.584,166067,0.481,0,0.0,5,0.274,-8.415,1,29,0.0265,136.84,0.818,6
0.5329999999999999,0.52,159027,0.371,0,0.00121,0,0.0277,-10.375,1,14,0.0404,108.267,0.431,6
0.0348,0.687,244747,0.603,0,0.0004480000000000001,4,0.172,-8.384,0,47,0.0238,106.952,0.759,3
0.00268,0.364,419893,0.8109999999999999,1,0.0093,11,0.106,-7.237,1,53,0.0621,120.758,0.151,3
0.894,0.5579999999999999,352160,0.229,0,1.61e-06,0,0.13699999999999998,-13.37,1,0,0.0868,121.987,0.464,8
0.846,0.376,303360,0.8340000000000001,0,0.000528,0,0.0901,-7.609,0,0,0.0702,83.92,0.6829999999999999,8
0.5489999999999999,0.81,181427,0.268,0,0.00886,3,0.0943,-16.733,1,52,0.0291,99.686,0.625,4
0.76,0.385,287667,0.218,0,2.73e-06,9,0.684,-16.99,1,44,0.0332,172.926,0.343,3
0.0106,0.595,225348,0.534,1,0.00157,1,0.107,-8.747,1,72,0.318,162.066,0.134,0
0.0664,0.374,284680,0.563,0,0.0,4,0.073,-10.428,1,35,0.0612,143.05100000000004,0.46,5
0.345,0.6890000000000001,163973,0.57,0,0.0,5,0.122,-7.992000000000001,0,32,0.0914,136.988,0.753,5
0.184,0.962,117307,0.563,1,0.0,2,0.059,-6.372000000000001,1,63,0.246,131.023,0.899,1
0.531,0.762,216589,0.41,0,0.722,7,0.377,-14.91,1,34,0.0419,138.546,0.5660000000000001,5
0.995,0.722,176627,0.295,0,0.335,10,0.125,-12.87,1,0,0.474,113.936,0.7609999999999999,9
0.815,0.366,190467,0.363,0,0.0,7,0.292,-12.214,1,44,0.048,94.247,0.645,3
0.606,0.6729999999999999,285520,0.61,1,0.0177,4,0.116,-8.386000000000001,0,63,0.191,152.062,0.759,1
0.8079999999999999,0.53,484947,0.19,0,0.535,0,0.106,-18.392,1,11,0.0667,164.173,0.473,7
0.738,0.711,235926,0.272,0,0.0,9,0.284,-15.925999999999998,1,0,0.95,131.791,0.44,9
0.401,0.6709999999999999,222573,0.617,0,0.0,10,0.119,-8.72,1,74,0.0561,147.986,0.62,1
0.995,0.386,369555,0.649,0,0.877,5,0.687,-12.089,0,1,0.142,99.771,0.6779999999999999,9
0.281,0.404,227267,0.51,0,6.32e-06,9,0.0789,-11.353,1,52,0.0321,80.643,0.526,3
0.0317,0.484,249522,0.852,0,0.0,11,0.0547,-4.442,0,62,0.274,103.578,0.7659999999999999,2
0.003,0.463,222600,0.959,0,0.0,0,0.16,-3.724,0,37,0.0438,94.35,0.5529999999999999,3
0.16,0.528,311867,0.5920000000000001,0,0.000916,9,0.223,-13.59,1,49,0.0321,150.187,0.728,3
0.381,0.7,588933,0.383,0,0.519,5,0.135,-12.67,1,31,0.0476,115.472,0.191,5
0.7829999999999999,0.503,196587,0.27,0,0.0702,0,0.25,-16.141,1,28,0.036000000000000004,95.482,0.726,7
0.000675,0.523,178827,0.958,0,0.0,9,0.199,-4.324,1,44,0.0509,94.095,0.415,2
0.475,0.7659999999999999,196467,0.705,0,0.0,9,0.213,-13.793,1,45,0.319,110.867,0.777,4
0.159,0.52,203333,0.835,0,0.0,11,0.14800000000000002,-6.7879999999999985,1,31,0.0365,136.687,0.568,3
0.0443,0.527,627680,0.35600000000000004,0,0.127,10,0.329,-15.047,1,9,0.0545,102.328,0.7190000000000001,7
0.14800000000000002,0.725,324043,0.653,0,0.555,6,0.122,-8.094,0,51,0.0323,119.993,0.166,1
0.531,0.6559999999999999,156100,0.262,0,0.0,0,0.0821,-21.798,1,0,0.955,79.01,0.5489999999999999,9
0.995,0.339,312107,0.0776,0,0.953,6,0.271,-22.638,1,0,0.0507,74.926,0.334,8
0.894,0.598,216933,0.251,0,0.00247,7,0.0996,-13.057,1,59,0.0365,122.838,0.179,3
0.959,0.568,204746,0.146,0,0.00733,4,0.618,-11.328,1,0,0.0892,93.044,0.8190000000000001,8
0.00372,0.675,201040,0.601,0,0.0,11,0.0458,-4.7330000000000005,0,54,0.116,127.938,0.931,1
0.6890000000000001,0.667,291667,0.338,0,0.0,1,0.0379,-13.115,0,40,0.0318,88.20100000000002,0.441,4
0.7440000000000001,0.614,188000,0.349,0,0.0,5,0.165,-14.592,1,19,0.0379,131.817,0.726,6
0.991,0.8109999999999999,168120,0.184,0,0.00278,5,0.189,-11.763,0,0,0.092,115.183,0.901,10
0.332,0.8270000000000001,373293,0.928,0,0.0,7,0.0576,-7.266,1,49,0.133,115.023,0.261,4
0.908,0.423,133187,0.364,0,8.35e-06,7,0.211,-13.093,1,42,0.0341,107.899,0.573,6
0.00811,0.5429999999999999,236973,0.79,0,0.0,11,0.238,-5.932,1,63,0.0358,80.923,0.339,3
0.103,0.597,251053,0.904,1,0.0,10,0.177,-3.459,0,45,0.123,88.975,0.741,2
0.99,0.284,176680,0.4270000000000001,0,0.0,7,0.425,-10.444,1,0,0.0444,79.735,0.685,9
0.855,0.54,232933,0.0945,0,0.0,4,0.195,-14.574000000000002,1,35,0.0314,103.533,0.202,3
0.8420000000000001,0.546,176173,0.208,0,0.0,6,0.157,-12.195,1,0,0.0601,94.06,0.6709999999999999,10
0.635,0.6709999999999999,316747,0.802,0,0.0006900000000000001,8,0.119,-5.7920000000000025,0,61,0.0691,104.401,0.4920000000000001,4
0.995,0.377,206786,0.141,0,0.455,3,0.0884,-12.993,1,0,0.0535,79.96300000000002,0.425,8
0.995,0.78,175360,0.213,0,3.88e-06,1,0.0671,-14.915,1,0,0.0415,110.482,0.579,9
0.0957,0.602,323240,0.893,0,0.27,1,0.171,-8.641,1,48,0.0483,109.716,0.528,3
0.925,0.411,269920,0.203,0,0.8,7,0.119,-19.197,1,0,0.0602,122.955,0.417,9
0.964,0.615,183430,0.507,0,0.926,2,0.128,-7.752999999999999,1,0,0.0737,126.844,0.653,8
0.913,0.244,158733,0.298,0,0.0,8,0.251,-10.562,1,0,0.0334,86.18,0.228,7
0.5720000000000001,0.529,183840,0.392,0,0.00605,4,0.152,-11.809,0,37,0.0303,117.761,0.631,6
0.7240000000000001,0.46,220320,0.297,0,3.96e-05,2,0.0799,-13.927,1,25,0.0485,134.224,0.337,6
0.471,0.508,523760,0.253,0,0.246,3,0.121,-17.518,1,37,0.0487,95.527,0.579,6
0.7170000000000001,0.542,411293,0.378,0,0.0034700000000000004,2,0.083,-14.487,1,29,0.036000000000000004,112.017,0.383,6
0.0158,0.5660000000000001,204816,0.911,0,9.88e-06,7,0.0559,-2.593,1,25,0.0498,126.714,0.61,6
0.342,0.63,303373,0.6409999999999999,0,0.0,10,0.588,-6.67,0,47,0.369,79.523,0.541,3
0.95,0.295,326933,0.271,0,0.894,9,0.174,-10.894,1,3,0.0329,77.313,0.184,7
2.54e-05,0.412,638973,0.354,0,0.8059999999999999,11,0.081,-16.952,0,22,0.0344,116.876,0.468,5
0.693,0.747,169640,0.598,0,0.0,0,0.0506,-6.256,0,12,0.0534,142.77700000000004,0.92,6
0.19,0.7070000000000001,185227,0.6579999999999999,0,0.5429999999999999,3,0.0908,-13.442,0,35,0.0296,117.73,0.955,3
0.695,0.7859999999999999,176480,0.362,0,0.408,7,0.0897,-13.785,0,56,0.0373,115.022,0.642,1
0.424,0.532,172013,0.342,0,4.01e-05,10,0.0889,-15.45,0,24,0.0433,173.34,0.877,5
0.991,0.424,184895,0.152,0,0.00197,2,0.188,-9.935,0,0,0.0663,74.507,0.491,8
3.510000000000001e-05,0.482,235160,0.916,0,0.000588,5,0.0474,-4.557,1,57,0.0473,96.101,0.385,2
2.28e-05,0.109,600000,0.501,0,0.715,1,0.493,-28.708,1,67,0.13,92.535,0.0625,1
0.628,0.653,195289,0.585,0,0.00026000000000000003,4,0.118,-8.068,0,32,0.0656,75.288,0.6659999999999999,5
0.182,0.557,312307,0.45,0,0.000251,9,0.141,-8.186,1,42,0.0278,133.875,0.161,5
0.627,0.544,147942,0.413,0,1.52e-06,7,0.433,-5.8820000000000014,1,35,0.0597,108.851,0.623,6
0.00356,0.528,276560,0.775,0,0.542,1,0.778,-4.877,1,51,0.0285,140.015,0.261,1
0.35600000000000004,0.557,173373,0.325,0,0.0,0,0.113,-11.515,1,46,0.0275,81.638,0.153,3
0.979,0.446,181293,0.257,0,0.8640000000000001,4,0.11,-18.006,0,0,0.038,85.50299999999999,0.228,9
0.0534,0.563,291027,0.413,0,0.7170000000000001,9,0.141,-12.589,0,46,0.0268,149.997,0.225,2
0.934,0.506,191533,0.934,1,3.14e-06,1,0.6509999999999999,-9.513,1,22,0.945,172.72799999999995,0.22,4
0.605,0.675,139840,0.596,0,0.0,0,0.672,-8.857999999999997,1,11,0.111,105.112,0.903,6
0.958,0.473,226800,0.444,0,0.942,8,0.182,-15.204,1,7,0.0333,86.331,0.636,7
0.984,0.449,101400,0.0456,0,0.0,9,0.145,-22.856,0,1,0.0402,70.697,0.459,7
0.007109999999999998,0.754,346600,0.61,0,0.436,6,0.0651,-8.533999999999999,1,38,0.0456,118.685,0.35,3
0.994,0.7290000000000001,128120,0.255,0,0.92,11,0.213,-16.533,1,0,0.0945,100.82,0.961,8
0.992,0.365,172640,0.236,0,0.149,1,0.159,-12.425,1,0,0.0405,186.17,0.589,8
0.196,0.6779999999999999,325267,0.6559999999999999,0,0.014,9,0.114,-11.907,0,42,0.047,146.56,0.906,5
0.98,0.277,201107,0.0762,0,0.000605,9,0.11,-19.369,0,25,0.0518,85.21,0.209,6
0.836,0.21600000000000005,172893,0.109,0,0.81,7,0.0858,-11.877,0,8,0.0344,116.293,0.0555,6
0.52,0.6409999999999999,116387,0.501,0,0.0,5,0.175,-12.627,1,40,0.0359,96.923,0.846,4
0.000106,0.247,131867,0.875,0,0.07,11,0.171,-6.4570000000000025,1,39,0.101,189.757,0.8420000000000001,5
0.0547,0.7609999999999999,164267,0.728,0,0.109,9,0.0846,-8.199,0,41,0.0428,125.79,0.597,3
0.00535,0.493,238500,0.877,0,0.00428,1,0.0942,-5.907,1,47,0.04,141.963,0.189,1
0.00173,0.472,321280,0.8440000000000001,0,0.0,10,0.24,-6.5779999999999985,1,64,0.054000000000000006,140.034,0.34,1
0.994,0.454,92733,0.0393,0,0.895,3,0.12,-29.324,0,1,0.0638,53.465,0.442,9
0.0591,0.5329999999999999,220333,0.949,0,3.95e-06,9,0.107,-6.444,1,26,0.0676,177.417,0.79,5
0.961,0.35100000000000003,236427,0.0847,0,0.259,5,0.145,-15.851,1,14,0.0372,113.286,0.0915,6
0.75,0.396,405613,0.0941,0,0.000955,3,0.111,-16.491,0,30,0.0417,177.843,0.213,7
0.617,0.5529999999999999,157413,0.431,0,0.000161,4,0.268,-12.39,1,28,0.0301,142.02700000000004,0.4270000000000001,4
0.79,0.569,258387,0.31,0,0.0,3,0.341,-13.287,1,36,0.0371,97.244,0.5870000000000001,6
0.8640000000000001,0.4,212393,0.166,0,2.56e-06,8,0.14300000000000002,-12.975,1,18,0.0314,103.469,0.265,6
0.498,0.4970000000000001,157973,0.55,0,0.0,0,0.201,-5.029,1,14,0.0293,116.798,0.71,6
0.134,0.594,191440,0.727,0,9.35e-05,0,0.254,-2.91,1,28,0.0373,106.897,0.769,3
0.931,0.363,153227,0.0479,0,0.939,2,0.14300000000000002,-29.101,1,30,0.0392,126.688,0.322,4
0.978,0.614,141600,0.14300000000000002,0,0.00024900000000000004,5,0.0916,-19.37,1,15,0.0478,93.153,0.58,6
0.993,0.713,203473,0.058,0,0.487,8,0.149,-12.718,0,0,0.588,69.153,0.8,7
0.000257,0.334,126240,0.815,0,0.867,4,0.399,-11.035,1,40,0.0473,152.68,0.5529999999999999,3
0.0526,0.26,319267,0.833,0,0.67,0,0.7290000000000001,-7.865,1,29,0.06,116.645,0.28800000000000003,5
0.00361,0.562,198107,0.768,0,0.0,1,0.0742,-5.006,0,65,0.0488,139.968,0.218,1
0.82,0.634,285242,0.44,0,4.08e-06,2,0.0926,-7.186,1,50,0.025,98.047,0.337,1
0.25,0.472,252587,0.447,0,1.55e-05,0,0.13,-14.569,1,33,0.028,131.234,0.434,5
0.0733,0.562,325160,0.669,0,0.000404,2,0.114,-4.1389999999999985,1,49,0.039,146.82,0.22,2
0.108,0.644,241360,0.951,0,0.0172,7,0.657,-9.867,1,37,0.0406,128.091,0.971,4
0.89,0.583,442720,0.333,0,0.229,2,0.127,-11.626,0,14,0.037000000000000005,131.292,0.491,7
0.5489999999999999,0.472,122533,0.307,0,0.0,1,0.118,-8.472000000000001,1,23,0.0253,99.277,0.626,6
0.436,0.7,222227,0.7290000000000001,0,0.00209,9,0.0967,-10.157,0,59,0.0878,127.988,0.735,2
0.922,0.688,130960,0.18600000000000005,0,0.0,11,0.116,-15.015,0,25,0.24,121.35,0.741,4
0.106,0.865,214893,0.877,0,1.21e-06,11,0.597,-6.339,0,54,0.239,100.177,0.942,2
0.81,0.604,290893,0.274,0,0.847,1,0.378,-19.637,1,5,0.29100000000000004,171.157,0.687,8
0.35600000000000004,0.401,193907,0.8809999999999999,0,0.0,9,0.165,-6.089,1,46,0.0923,160.45600000000005,0.88,4
0.993,0.621,295947,0.18600000000000005,0,0.0377,8,0.13,-22.526,1,0,0.7070000000000001,114.425,0.303,7
0.266,0.8109999999999999,271333,0.7829999999999999,0,0.162,10,0.156,-6.973,0,46,0.0791,92.914,0.9,2
0.975,0.684,141987,0.159,0,0.0,5,0.185,-18.561,1,0,0.289,79.08800000000002,0.675,9
0.223,0.713,96100,0.223,1,2.57e-06,1,0.0418,-19.326,1,0,0.946,52.807,0.453,8
0.664,0.452,197387,0.348,0,0.8390000000000001,0,0.6970000000000001,-13.288,1,32,0.0696,52.039,0.241,5
0.8420000000000001,0.5329999999999999,101173,0.179,0,0.00439,9,0.114,-16.179000000000002,0,37,0.0306,108.317,0.684,5
0.971,0.4370000000000001,380827,0.45,0,0.392,4,0.626,-12.236,1,0,0.0604,143.775,0.8959999999999999,8
0.0423,0.612,568666,0.872,0,0.223,11,0.32299999999999995,-9.583,0,28,0.042,126.875,0.494,5
0.976,0.524,124520,0.508,0,4.42e-05,7,0.0971,-7.2429999999999986,1,0,0.219,165.74900000000005,0.688,10
0.621,0.534,111733,0.483,0,7.77e-06,0,0.109,-11.049,0,36,0.0931,107.304,0.5720000000000001,5
4.51e-05,0.211,243840,0.921,0,0.0,0,0.1,-4.468,1,51,0.0729,171.9,0.35100000000000003,2
0.954,0.384,153453,0.0398,0,0.0,0,0.0981,-22.91800000000001,1,32,0.0481,137.622,0.31,4
0.5720000000000001,0.454,264267,0.378,0,5.78e-06,9,0.0956,-8.986,1,57,0.061,169.757,0.272,1
0.4,0.642,206507,0.477,0,0.0177,5,0.14300000000000002,-15.201,0,42,0.0349,90.638,0.932,3
0.0355,0.403,292973,0.648,0,0.00481,2,0.116,-4.958,1,40,0.0274,145.716,0.145,2
0.789,0.419,144400,0.424,0,0.0068,4,0.339,-13.626,1,21,0.0366,147.611,0.6709999999999999,6
0.932,0.35100000000000003,238333,0.194,0,0.91,2,0.1,-16.13,1,5,0.0375,75.25399999999998,0.17800000000000002,8
0.0041600000000000005,0.852,263933,0.746,1,1.4499999999999993e-05,6,0.336,-4.459,1,43,0.312,98.813,0.638,3
0.5579999999999999,0.78,198840,0.606,0,9.99e-06,5,0.119,-6.8820000000000014,1,21,0.0806,108.006,0.96,5
0.00845,0.7070000000000001,335653,0.607,0,0.457,6,0.154,-7.0420000000000025,0,39,0.0386,117.977,0.369,2
0.5379999999999999,0.7659999999999999,230493,0.863,0,0.0,5,0.103,-3.455,1,54,0.0847,134.461,0.963,1
0.664,0.562,208960,0.383,0,0.0,6,0.259,-6.063,1,66,0.0337,135.15,0.4970000000000001,1
0.6779999999999999,0.183,93356,0.162,0,0.022,4,0.119,-22.191,0,53,0.151,34.717,0.0839,5
0.556,0.573,141533,0.643,0,1.9e-06,7,0.314,-4.538,1,25,0.0268,133.983,0.8029999999999999,6
0.862,0.7340000000000001,109948,0.35700000000000004,0,0.915,10,0.134,-8.727,1,61,0.0435,85.006,0.648,1
0.0691,0.528,303600,0.848,0,1.54e-06,9,0.208,-5.122999999999998,0,29,0.0343,116.188,0.747,4
0.246,0.64,201573,0.609,0,0.0,0,0.0996,-7.298999999999999,1,58,0.0251,109.969,0.4320000000000001,1
0.84,0.52,186467,0.208,0,4.63e-06,0,0.0996,-17.092,1,43,0.0319,90.1,0.282,5
0.978,0.453,166053,0.038,0,5.43e-06,10,0.108,-17.511,1,23,0.0458,166.03099999999995,0.17800000000000002,7
0.877,0.464,252760,0.321,0,0.0,2,0.0789,-11.12,1,66,0.0418,93.528,0.306,1
0.105,0.627,237413,0.705,0,0.0113,9,0.226,-9.337,1,38,0.0341,121.938,0.8009999999999999,4
0.00362,0.73,237827,0.637,1,0.0,1,0.0642,-6.4170000000000025,1,55,0.0837,127.026,0.56,1
0.145,0.772,180720,0.701,0,0.545,7,0.0859,-6.136,1,43,0.138,165.778,0.907,2
0.386,0.67,217733,0.556,0,0.00028,7,0.0905,-7.8370000000000015,1,34,0.025,110.654,0.892,4
0.994,0.381,212000,0.0338,0,0.927,0,0.158,-23.149,0,0,0.0369,76.431,0.116,10
0.388,0.764,169533,0.417,0,5.97e-06,0,0.361,-11.362,1,25,0.07400000000000001,112.198,0.742,6
0.846,0.738,120434,0.495,0,0.00555,5,0.193,-9.16,0,0,0.103,100.353,0.7090000000000001,8
0.451,0.477,159227,0.468,0,0.0486,7,0.18,-11.205,1,12,0.0274,83.82799999999997,0.6509999999999999,7
0.7979999999999999,0.62,487280,0.203,0,0.501,8,0.0649,-15.599,0,29,0.0341,116.8,0.27,6
0.703,0.547,200640,0.243,0,0.0,9,0.163,-16.039,1,56,0.0321,134.077,0.292,4
0.0442,0.7829999999999999,293867,0.457,1,0.0,4,0.121,-9.747,0,52,0.18,91.996,0.539,3
0.991,0.406,116867,0.0404,0,0.907,1,0.304,-24.583,1,0,0.0401,136.737,0.0925,8
0.991,0.37,209998,0.105,0,0.0855,10,0.363,-17.767,1,1,0.0403,111.571,0.518,8
0.399,0.737,174107,0.7340000000000001,0,0.0,7,0.32299999999999995,-4.71,1,63,0.156,91.999,0.35700000000000004,1
0.124,0.715,108800,0.147,1,0.000364,0,0.0931,-20.276,1,0,0.929,126.562,0.639,8
0.00478,0.358,357027,0.857,0,5.2e-05,4,0.0586,-12.569,0,51,0.0581,93.156,0.2,4
0.0402,0.742,260320,0.72,1,0.0008460000000000001,0,0.0839,-2.8760000000000003,1,63,0.116,77.01100000000002,0.97,1
0.234,0.767,171375,0.481,1,0.0,0,0.269,-8.52,0,73,0.0803,150.076,0.7609999999999999,0
0.511,0.71,177093,0.7340000000000001,0,0.838,0,0.0701,-14.932,0,52,0.052000000000000005,147.97899999999996,0.4,3
0.5720000000000001,0.628,244960,0.831,0,1.11e-06,8,0.5770000000000001,-4.562,1,31,0.094,94.892,0.639,4
0.236,0.637,99800,0.151,1,0.0,1,0.0823,-20.952,0,0,0.925,83.869,0.599,8
0.99,0.134,50213,0.0913,0,0.932,7,0.11,-31.768,1,0,0.0327,184.033,0.3720000000000001,8
0.0215,0.307,173093,0.847,0,0.0,11,0.0783,-4.215,1,59,0.0551,93.072,0.34,1
0.52,0.306,230027,0.627,0,3.77e-06,0,0.7440000000000001,-11.771,0,38,0.0641,148.875,0.48,3
0.95,0.5579999999999999,50560,0.6609999999999999,0,0.514,4,0.1,-9.189,0,6,0.0513,109.078,0.961,9
0.177,0.5589999999999999,181360,0.473,0,1.5e-06,0,0.108,-4.147,1,74,0.0364,69.973,0.341,1
0.306,0.721,114313,0.504,0,0.0,6,0.116,-3.544,0,61,0.0474,140.005,0.0723,1
0.0772,0.452,332267,0.8909999999999999,0,0.847,0,0.192,-9.846,1,34,0.0372,161.596,0.54,5
0.982,0.637,169973,0.211,0,0.0,10,0.0927,-14.646,1,0,0.134,115.78,0.644,9
0.00991,0.353,316853,0.865,0,0.147,2,0.314,-4.598,1,52,0.233,164.042,0.46,1
0.29600000000000004,0.644,270293,0.823,0,0.00115,9,0.126,-8.092,1,59,0.0578,133.39,0.917,5
0.0899,0.738,262907,0.516,0,0.0,8,0.0666,-8.861,0,52,0.026,104.925,0.8690000000000001,4
0.845,0.607,288240,0.328,0,0.807,11,0.205,-13.43,0,14,0.109,116.529,0.578,6
0.111,0.5,327240,0.933,0,2.89e-05,4,0.588,-4.561,1,44,0.0483,93.895,0.8270000000000001,3
0.28600000000000003,0.65,199000,0.417,1,3.3100000000000005e-05,2,0.104,-12.413,0,45,0.0574,98.415,0.475,2
0.8959999999999999,0.6629999999999999,148000,0.341,0,0.503,0,0.118,-8.82,1,48,0.0326,127.974,0.192,2
0.0745,0.647,256197,0.684,0,0.0,7,0.147,-9.995,1,3,0.0393,179.96200000000005,0.868,9
0.0807,0.598,218133,0.905,0,1.52e-05,2,0.206,-6.122000000000001,1,45,0.0395,133.259,0.6940000000000001,4
0.943,0.19,294440,0.199,0,0.8690000000000001,1,0.127,-19.602,1,32,0.0327,153.287,0.126,3
0.992,0.371,184346,0.277,0,0.0155,0,0.0989,-12.474,0,0,0.0362,61.701,0.451,8
0.127,0.395,198467,0.674,0,3.37e-05,5,0.332,-4.626,1,60,0.028,185.647,0.585,1
0.993,0.6859999999999999,166400,0.458,0,0.645,4,0.213,-9.815,1,29,0.0342,110.406,0.742,9
0.6779999999999999,0.6459999999999999,176253,0.831,0,2.71e-05,3,0.5710000000000001,-11.085,1,25,0.0507,135.59799999999998,0.8109999999999999,6
2.58e-05,0.475,177427,0.753,0,0.0968,9,0.212,-5.058,0,52,0.214,162.92,0.672,1
0.000519,0.531,268005,0.575,0,0.00106,9,0.0899,-11.189,0,45,0.0458,134.741,0.5920000000000001,3
0.00145,0.488,220333,0.642,0,0.239,6,0.0817,-12.578,1,47,0.0319,124.624,0.523,3
0.00148,0.695,152607,0.6809999999999999,0,0.78,7,0.111,-13.172,1,0,0.0355,141.77700000000004,0.963,8
0.779,0.463,248321,0.459,0,0.0562,5,0.628,-8.492,0,0,0.14400000000000002,74.952,0.72,7
0.97,0.736,208067,0.289,0,0.368,5,0.246,-14.591,1,30,0.0407,96.594,0.7859999999999999,8
0.416,0.485,271000,0.4320000000000001,0,0.00674,0,0.197,-8.261000000000001,0,42,0.0324,74.76899999999998,0.214,5
0.624,0.629,176213,0.713,0,0.0,8,0.059,-4.642,1,51,0.037000000000000005,146.265,0.982,1
4.24e-05,0.5760000000000001,186893,0.918,0,0.0026,7,0.116,-6.41,1,47,0.0729,176.53799999999995,0.675,2
0.7809999999999999,0.388,217827,0.28600000000000003,0,0.0,0,0.0647,-13.287,1,48,0.0347,200.733,0.26,4
0.951,0.14800000000000002,121000,0.17600000000000002,0,0.91,7,0.0697,-14.058,0,27,0.0321,137.73,0.157,5
0.735,0.475,141440,0.474,0,2.63e-06,5,0.303,-9.3,1,31,0.0383,127.338,0.703,6
0.472,0.7140000000000001,212467,0.562,0,0.00031800000000000003,2,0.0799,-11.811,1,30,0.0397,125.309,0.778,5
0.731,0.552,120827,0.506,0,0.00284,0,0.0599,-13.531,1,0,0.0442,87.854,0.865,7
0.809,0.616,850037,0.235,0,0.0,0,0.28,-18.508,1,0,0.965,71.914,0.623,9
0.987,0.171,452707,0.0115,0,0.848,3,0.0991,-30.173,1,53,0.0436,72.404,0.083,1
0.918,0.578,165133,0.234,0,0.000391,0,0.0784,-12.305,1,15,0.102,172.403,0.928,9
0.995,0.158,359133,0.35600000000000004,0,0.0024,2,0.677,-15.642,1,0,0.103,74.035,0.181,7
0.128,0.569,245200,0.507,0,0.0,0,0.0999,-7.191,1,54,0.0239,135.977,0.15,2
0.685,0.696,181093,0.522,0,0.195,9,0.166,-13.219,0,43,0.0393,156.47799999999995,0.8809999999999999,5
0.318,0.741,189080,0.57,0,0.0,7,0.0808,-8.773,1,43,0.0423,151.368,0.705,3
0.00912,0.5920000000000001,95507,0.964,0,0.0,0,0.27,-3.672,1,41,0.0817,101.252,0.585,2
0.0192,0.583,246533,0.922,0,3.19e-05,11,0.614,-3.843,1,47,0.0387,101.989,0.4,2
0.926,0.57,161373,0.378,0,0.000532,6,0.541,-12.678,1,11,0.038,112.425,0.604,9
0.637,0.421,248827,0.277,0,7.18e-05,11,0.103,-10.34,1,61,0.0368,115.153,0.13,1
0.382,0.5710000000000001,343981,0.753,0,0.0,2,0.6559999999999999,-7.345,1,53,0.0364,105.022,0.384,2
1.97e-05,0.142,198067,0.99,1,0.851,5,0.0828,-9.916,1,34,0.135,179.577,0.154,3
0.955,0.361,288973,0.123,0,0.0396,5,0.121,-21.083,1,0,0.0458,119.973,0.278,9
0.981,0.41,125240,0.027000000000000003,0,0.0,4,0.093,-20.634,1,4,0.0324,76.67,0.113,7
0.000475,0.337,505547,0.938,0,0.238,5,0.18600000000000005,-5.266,1,40,0.0532,105.377,0.648,2
0.583,0.674,202400,0.55,0,1.93e-06,9,0.102,-14.459,1,38,0.116,78.94800000000002,0.614,3
0.7290000000000001,0.412,210029,0.38,0,0.0,8,0.364,-10.348,0,30,0.0269,77.608,0.112,4
0.0013800000000000002,0.188,283467,0.952,0,0.0008560000000000001,0,0.381,-4.499,1,56,0.201,155.97299999999996,0.152,2
0.7190000000000001,0.603,121973,0.34600000000000003,0,0.0,0,0.618,-12.913,0,42,0.295,122.008,0.75,2
0.161,0.262,233227,0.5670000000000001,0,0.263,9,0.225,-11.075,1,55,0.0344,172.857,0.377,3
0.329,0.674,191933,0.569,0,0.00971,11,0.18,-12.311,1,41,0.0723,162.905,0.961,4
0.821,0.602,260627,0.523,0,0.614,10,0.17600000000000002,-9.475,1,14,0.121,93.07,0.758,6
0.17,0.728,103800,0.0929,1,0.0,6,0.257,-19.21,1,0,0.959,65.67699999999999,0.7509999999999999,8
0.141,0.31,194360,0.872,0,2.35e-05,5,0.754,-7.442,1,24,0.0556,158.558,0.404,4
0.7609999999999999,0.59,242573,0.38,0,0.163,0,0.0654,-7.028,0,3,0.0413,131.028,0.415,7
0.21600000000000005,0.75,196440,0.537,0,0.43,4,0.135,-10.271,1,51,0.0277,112.264,0.7759999999999999,4
0.172,0.685,290946,0.7609999999999999,0,0.6759999999999999,11,0.11,-10.157,0,41,0.0323,101.012,0.696,3
0.387,0.7170000000000001,432160,0.39,0,0.0,1,0.0607,-14.879,1,40,0.0537,143.965,0.657,4
0.659,0.574,280453,0.802,0,5.07e-06,7,0.0765,-3.976,1,69,0.0316,93.536,0.7390000000000001,1
0.993,0.361,186360,0.0644,0,1.11e-06,5,0.113,-13.668,0,0,0.0408,143.621,0.29100000000000004,9
0.774,0.774,210627,0.471,0,0.0,3,0.16399999999999998,-4.259,1,55,0.0339,95.864,0.964,2
0.503,0.7070000000000001,209293,0.544,0,1.31e-06,8,0.0893,-8.357000000000001,1,25,0.0531,97.86,0.962,4
0.858,0.325,220761,0.251,0,1.31e-05,0,0.245,-15.220999999999998,1,0,0.0345,71.432,0.28,8
0.907,0.818,178333,0.303,0,0.00982,10,0.292,-13.237,1,0,0.042,106.798,0.6970000000000001,10
0.000195,0.265,92800,0.938,1,0.0304,0,0.34700000000000003,-4.96,1,26,0.0716,161.54,0.777,4
0.0898,0.304,362627,0.517,0,0.482,7,0.339,-10.031,1,22,0.0286,92.048,0.174,6
0.725,0.613,165600,0.234,0,0.0004,7,0.118,-13.003,0,36,0.109,119.122,0.745,7
0.00566,0.627,291800,0.872,1,0.0,11,0.522,-4.388,0,48,0.158,93.728,0.5479999999999999,1
0.135,0.505,291200,0.7290000000000001,1,0.0,9,0.727,-4.558,0,42,0.335,77.561,0.393,2
0.957,0.677,196867,0.21,0,0.000344,8,0.0917,-9.53,1,0,0.0424,99.381,0.648,8
0.895,0.0702,429733,0.104,0,0.452,7,0.163,-20.319000000000006,1,0,0.0452,70.395,0.0364,7
0.799,0.484,194600,0.31,0,0.0,7,0.0944,-15.187,0,16,0.0523,124.321,0.368,6
0.983,0.23,390320,0.0456,0,0.0712,2,0.11,-26.277,1,0,0.0467,107.81,0.0394,8
0.163,0.637,207573,0.528,0,0.0,1,0.122,-9.837,1,64,0.0394,106.949,0.7809999999999999,5
0.797,0.5329999999999999,176013,0.235,0,0.0,1,0.3,-11.1,0,11,0.0425,86.971,0.3670000000000001,7
0.5660000000000001,0.672,219077,0.408,0,3.59e-06,2,0.0766,-5.98,1,62,0.0272,99.989,0.858,1
0.0675,0.693,244928,0.439,1,0.496,4,0.112,-11.646,1,55,0.0276,113.942,0.273,1
0.8170000000000001,0.529,202160,0.616,0,3.68e-05,11,0.14400000000000002,-12.128,0,0,0.109,134.77100000000002,0.912,8
0.0113,0.688,210653,0.48,0,0.299,1,0.0521,-10.669,1,33,0.14300000000000002,154.717,0.7979999999999999,5
0.984,0.7240000000000001,205373,0.0542,0,0.8959999999999999,8,0.108,-19.512,1,36,0.0484,119.471,0.542,7
0.000175,0.83,268440,0.6659999999999999,0,2.35e-05,7,0.177,-8.838,1,29,0.166,77.982,0.8959999999999999,3
0.532,0.41,200520,0.58,0,6.52e-06,7,0.095,-4.681,1,46,0.0399,171.899,0.12,1
0.684,0.407,241227,0.406,0,0.0,5,0.0814,-13.685,0,30,0.0775,171.797,0.797,7
0.987,0.8290000000000001,154387,0.396,0,0.871,10,0.0822,-14.53,1,0,0.0483,118.572,0.904,9
0.0098,0.626,180320,0.877,0,0.0022600000000000003,9,0.17800000000000002,-7.272,1,27,0.0587,131.231,0.812,5
0.21600000000000005,0.597,234623,0.687,0,0.0,4,0.107,-6.5360000000000005,1,65,0.0466,94.749,0.502,1
0.344,0.856,216240,0.47,0,0.0,7,0.124,-8.467,1,59,0.084,133.02,0.929,1
0.257,0.655,217093,0.972,0,0.297,7,0.165,-3.502,1,25,0.0362,135.922,0.973,5
0.0609,0.758,300667,0.741,1,0.0,1,0.277,-6.4860000000000015,1,37,0.303,91.079,0.521,3
0.0314,0.5770000000000001,244693,0.8270000000000001,0,0.0,7,0.0764,-5.919,1,41,0.138,144.717,0.767,4
0.0584,0.617,217603,0.5670000000000001,1,0.0,0,0.0933,-4.188,1,72,0.0828,90.246,0.505,1
0.0729,0.68,255600,0.608,0,0.0,2,0.0911,-12.575,1,55,0.0499,137.481,0.904,5
0.493,0.7609999999999999,279560,0.419,0,0.0,11,0.501,-15.932,1,50,0.0714,135.597,0.835,2
0.0433,0.612,100400,0.17800000000000002,1,4.49e-06,0,0.13699999999999998,-23.007,1,0,0.94,172.127,0.43,8
0.129,0.4970000000000001,291800,0.507,0,0.00031800000000000003,9,0.122,-11.696,1,31,0.0381,122.186,0.733,5
0.7609999999999999,0.507,333573,0.58,0,0.857,1,0.109,-10.635,1,0,0.34,166.425,0.8170000000000001,8
0.0504,0.633,330933,0.931,0,0.109,1,0.375,-7.752000000000002,1,54,0.0686,109.116,0.6759999999999999,4
0.368,0.7290000000000001,106961,0.138,1,0.0,7,0.235,-17.801,1,0,0.917,99.491,0.7879999999999999,9
0.09,0.364,231373,0.528,0,0.000742,2,0.457,-14.828,0,34,0.0362,135.255,0.309,5
0.00533,0.706,270493,0.747,1,0.0,9,0.204,-3.901,0,53,0.28600000000000003,95.547,0.505,3
0.0319,0.228,182427,0.905,0,1.35e-05,3,0.113,-7.0470000000000015,0,31,0.0575,155.18,0.423,4
0.114,0.556,568067,0.486,0,0.00544,10,0.0606,-12.037,1,30,0.0373,122.021,0.396,5
0.5489999999999999,0.735,206973,0.276,0,0.000201,0,0.1,-18.071,1,53,0.044,142.97899999999996,0.966,5
0.0467,0.317,378227,0.431,0,0.0457,2,0.239,-14.338,1,22,0.0415,132.65200000000002,0.133,5
0.226,0.77,190107,0.7090000000000001,0,0.0148,5,0.0583,-12.005,0,37,0.0558,134.94799999999998,0.907,5
0.8740000000000001,0.29600000000000004,212133,0.4370000000000001,0,0.728,9,0.35,-12.465,1,11,0.0419,97.547,0.308,7
0.654,0.445,137173,0.29100000000000004,0,0.00171,0,0.16699999999999998,-15.371,1,24,0.0848,136.405,0.4320000000000001,7
0.219,0.728,166200,0.579,0,0.0,2,0.0722,-10.044,1,37,0.0331,133.685,0.723,6
0.0283,0.7040000000000001,256453,0.852,0,0.35200000000000004,0,0.625,-6.521,1,46,0.0302,122.969,0.96,2
0.986,0.409,120467,0.0619,0,0.000102,3,0.16399999999999998,-15.058,1,34,0.0404,131.987,0.24,5
0.923,0.444,366600,0.105,0,3e-06,5,0.121,-17.271,1,42,0.0696,202.689,0.453,3
0.414,0.457,531160,0.665,0,0.0,2,0.0948,-13.722,1,45,0.0821,126.33,0.667,5
0.223,0.6829999999999999,280333,0.494,0,0.0,2,0.069,-10.265,1,42,0.0402,108.105,0.8390000000000001,3
0.8390000000000001,0.445,96690,0.38,0,0.104,8,0.14400000000000002,-13.578,1,19,0.0391,128.965,0.625,4
0.0993,0.865,216347,0.627,0,0.0173,9,0.0505,-11.4,0,59,0.0987,90.035,0.855,2
0.667,0.508,121160,0.8740000000000001,0,0.0,9,0.198,-0.764,0,24,0.207,152.642,0.888,7
0.232,0.64,243107,0.7879999999999999,0,0.0,7,0.14400000000000002,-9.012,1,63,0.035,128.961,0.774,3
0.934,0.506,377649,0.101,0,0.88,2,0.11,-28.362,0,0,0.0462,119.143,0.234,8
0.787,0.231,174227,0.246,0,0.055,9,0.105,-17.727,1,19,0.0312,87.15,0.404,6
0.79,0.343,234933,0.141,0,1.51e-06,10,0.154,-13.894,1,34,0.031,129.686,0.317,4
0.00187,0.514,177667,0.957,0,0.0,7,0.412,-3.505,0,54,0.0477,142.018,0.428,1
0.68,0.679,194400,0.565,0,2.64e-05,3,0.0509,-12.405,1,42,0.0896,115.432,0.965,4
0.127,0.473,153613,0.6659999999999999,0,0.0,1,0.313,-10.26,1,21,0.0343,95.249,0.8640000000000001,6
0.109,0.843,297507,0.848,1,0.0,11,0.0714,-5.492000000000001,0,47,0.24,121.009,0.287,1
0.989,0.55,190000,0.627,0,0.936,3,0.243,-7.6179999999999986,1,0,0.0441,118.754,0.9,10
0.984,0.0843,465240,0.0312,0,0.797,6,0.127,-27.784,0,22,0.0419,83.38600000000002,0.0275,5
0.0562,0.482,267293,0.8079999999999999,0,0.0,0,0.202,-7.176,1,59,0.065,79.59899999999998,0.438,3
0.299,0.741,95900,0.111,1,0.0,11,0.309,-19.517,0,0,0.944,92.917,0.621,9
0.000359,0.335,160893,0.931,0,0.0919,9,0.14300000000000002,-5.187,0,22,0.146,149.514,0.408,4
0.391,0.457,337267,0.275,0,8.58e-06,10,0.0676,-16.495,1,25,0.0372,62.442,0.172,4
0.852,0.8140000000000001,168800,0.225,0,0.0,3,0.0812,-14.82,1,18,0.103,100.007,0.779,7
0.994,0.322,92280,0.341,0,0.00845,1,0.675,-16.590999999999998,1,0,0.404,102.806,0.609,9
2.99e-05,0.315,109400,0.838,0,2.5e-05,9,0.249,-11.729,1,29,0.0673,145.143,0.478,4
0.462,0.675,217093,0.509,0,3.24e-05,5,0.325,-8.927999999999997,1,50,0.0476,100.22,0.643,2
0.621,0.8440000000000001,197680,0.375,0,5.16e-06,2,0.0198,-14.473,1,54,0.0625,106.137,0.982,3
0.977,0.685,198008,0.464,0,0.0164,2,0.114,-9.716,1,0,0.0733,129.39,0.8440000000000001,8
0.8290000000000001,0.5529999999999999,138067,0.546,0,0.0006309999999999999,7,0.413,-8.437999999999999,1,18,0.0242,97.966,0.815,6
0.00126,0.447,194333,0.965,0,0.6579999999999999,1,0.102,-3.08,1,26,0.0438,104.279,0.43,4
0.0984,0.763,268910,0.742,0,0.0,6,0.38,-10.975,0,64,0.188,98.145,0.483,3
0.0328,0.518,210867,0.537,0,0.0,8,0.11,-12.518,1,39,0.03,101.525,0.45,5
0.0913,0.6940000000000001,237240,0.787,0,0.0106,2,0.0562,-9.569,1,46,0.0363,111.157,0.667,3
0.402,0.606,277280,0.565,0,1.64e-05,6,0.0699,-7.4129999999999985,1,50,0.0331,161.988,0.68,1
0.14,0.612,161600,0.602,0,0.00123,6,0.142,-16.594,0,40,0.0532,109.267,0.8690000000000001,5
0.8370000000000001,0.574,198533,0.307,0,0.00227,1,0.265,-11.265999999999998,1,11,0.0428,121.885,0.607,6
0.8140000000000001,0.698,206193,0.387,0,0.0,5,0.204,-8.41,1,35,0.0373,95.406,0.973,3
0.117,0.606,278827,0.652,0,0.0,10,0.145,-6.3889999999999985,1,58,0.0296,133.9,0.289,2
0.903,0.693,204507,0.4,0,0.8029999999999999,2,0.0986,-11.630999999999998,1,58,0.0319,117.954,0.573,1
0.6,0.7,337200,0.393,0,6.08e-06,2,0.113,-10.88,1,56,0.0471,79.638,0.477,3
0.0101,0.826,251040,0.6559999999999999,0,0.000113,9,0.0272,-8.529,1,58,0.0617,129.963,0.852,2
0.589,0.625,199393,0.5870000000000001,0,0.0,6,0.404,-7.0520000000000005,0,0,0.0353,136.951,0.6829999999999999,10
0.667,0.539,195040,0.433,0,0.0,7,0.118,-5.9570000000000025,1,40,0.113,171.38,0.954,2
0.8390000000000001,0.826,240427,0.299,0,0.0232,11,0.105,-14.101,1,34,0.0343,123.147,0.6940000000000001,3
0.815,0.7390000000000001,181812,0.245,0,9.9e-05,10,0.224,-16.27,1,37,0.0364,120.81,0.774,4
0.0354,0.445,259293,0.522,0,0.0,7,0.109,-5.904,1,60,0.0305,75.977,0.168,1
5.4299999999999985e-05,0.487,197040,0.994,0,0.00265,7,0.151,-3.633,1,42,0.175,106.965,0.0723,2
0.223,0.815,177667,0.518,0,0.0,7,0.104,-6.5939999999999985,0,83,0.0897,151.891,0.877,1
0.00784,0.532,238200,0.599,0,0.0,6,0.14,-6.5429999999999975,1,53,0.0333,130.019,0.113,1
0.7440000000000001,0.486,196333,0.41,0,0.00106,4,0.0775,-14.328,1,24,0.0457,88.824,0.926,5
0.00032,0.3670000000000001,348040,0.769,0,0.628,9,0.0631,-7.257999999999999,1,51,0.0317,173.18599999999995,0.7,3
0.201,0.8640000000000001,192932,0.477,1,0.0,10,0.182,-5.7860000000000005,1,79,0.224,86.46,0.5,0
0.967,0.836,172533,0.471,0,0.102,5,0.149,-11.44,1,0,0.0362,113.809,0.937,10
1.84e-05,0.407,231493,0.935,0,3.09e-06,1,0.45,-3.425,0,41,0.0547,154.987,0.402,2
0.203,0.627,218693,0.92,0,2.53e-06,9,0.2,-4.892,0,31,0.0518,136.931,0.952,5
0.95,0.636,145867,0.151,0,1.11e-05,4,0.223,-10.716,1,31,0.0305,100.181,0.51,4
0.994,0.408,197424,0.14,0,0.0091,1,0.187,-8.902999999999997,1,0,0.0846,68.074,0.5820000000000001,8
0.562,0.508,331907,0.476,0,0.0,2,0.0858,-9.666,1,24,0.0549,143.827,0.532,5
0.978,0.623,173427,0.292,0,0.0,4,0.341,-11.501,1,0,0.0558,61.28,0.934,10
0.586,0.387,198853,0.534,0,0.00084,11,0.607,-11.809,0,41,0.0331,92.475,0.3720000000000001,5
0.825,0.8440000000000001,180627,0.561,0,0.000919,6,0.103,-7.677,0,44,0.0378,121.755,0.936,2
0.00939,0.6409999999999999,275800,0.925,0,0.7120000000000001,7,0.27,-3.621,1,25,0.0531,135.923,0.8240000000000001,5
0.962,0.456,102040,0.476,0,0.000226,10,0.292,-8.728,1,0,0.0871,95.751,0.368,7
0.0887,0.5579999999999999,256960,0.924,0,0.0032600000000000003,2,0.263,-2.312,1,61,0.0367,117.111,0.344,2
0.221,0.63,220693,0.655,0,0.00124,7,0.114,-9.725,1,43,0.0241,97.817,0.91,2
0.118,0.512,158893,0.905,0,0.0,1,0.953,-7.02,1,44,0.0493,112.993,0.685,5
0.994,0.573,96307,0.363,0,0.627,2,0.233,-11.372,0,0,0.0416,100.18,0.423,7
0.006809999999999999,0.731,391000,0.4270000000000001,0,0.0056700000000000006,5,0.161,-10.466,0,52,0.0589,82.208,0.507,2
0.799,0.736,157653,0.321,0,0.00897,6,0.0619,-13.474,1,59,0.0444,84.928,0.342,5
0.979,0.436,185627,0.279,0,0.889,2,0.182,-16.549,1,0,0.0735,65.252,0.532,7
0.00365,0.239,276600,0.977,0,0.903,9,0.361,-7.382999999999999,1,28,0.07400000000000001,132.463,0.332,4
0.0799,0.755,132493,0.812,0,0.8540000000000001,11,0.0892,-8.522,0,33,0.0495,132.836,0.5670000000000001,3
0.413,0.479,164600,0.369,0,0.0,7,0.0752,-10.148,1,21,0.0374,155.922,0.5870000000000001,5
0.983,0.438,180800,0.299,0,0.9,8,0.0842,-9.037,1,31,0.053,81.369,0.0396,6
0.107,0.645,591707,0.924,0,0.0266,10,0.0982,-7.697,0,49,0.0569,90.852,0.89,2
0.836,0.7120000000000001,238693,0.333,0,0.0073700000000000015,5,0.151,-16.781,1,42,0.0462,141.329,0.606,3
0.245,0.929,356000,0.7340000000000001,1,0.0,11,0.108,-2.889,0,47,0.289,99.002,0.7509999999999999,2
0.991,0.561,206213,0.405,0,0.7759999999999999,3,0.115,-8.87,0,0,0.127,75.842,0.528,9
0.951,0.541,77973,0.57,0,5.610000000000002e-05,8,0.269,-6.7120000000000015,1,44,0.0492,105.556,0.852,2
0.982,0.279,831667,0.211,0,0.878,10,0.665,-20.096,1,5,0.0366,80.954,0.0594,10
0.17600000000000002,0.711,167907,0.642,0,0.0,0,0.0814,-8.908999999999997,1,59,0.0319,125.831,0.762,3
0.516,0.5870000000000001,355640,0.456,0,0.0,9,0.104,-7.011,1,54,0.0262,134.11,0.14400000000000002,2
0.962,0.525,53673,0.212,0,0.911,5,0.124,-12.601,1,0,0.0627,111.823,0.561,7
0.0904,0.727,260720,0.7929999999999999,0,1.42e-05,4,0.287,-8.005,1,39,0.124,101.812,0.818,2
0.0278,0.677,253640,0.71,0,0.0,9,0.127,-6.3420000000000005,1,46,0.33,120.756,0.557,2
0.867,0.614,148733,0.7929999999999999,0,0.0061600000000000005,1,0.7509999999999999,-5.322,1,2,0.0477,146.32299999999995,0.963,7
0.00118,0.365,208573,0.94,1,0.0446,6,0.306,-5.831,0,36,0.0461,137.316,0.466,3
0.635,0.66,123800,0.259,0,0.0,7,0.433,-22.999,1,0,0.944,82.3,0.531,7
0.00835,0.631,240600,0.932,0,0.0034200000000000003,1,0.43,-3.54,1,38,0.0758,124.99,0.826,3
0.13699999999999998,0.752,209068,0.8420000000000001,0,0.0,2,0.17800000000000002,-2.447,1,51,0.0535,119.88,0.85,1
0.501,0.4320000000000001,346960,0.551,0,1.77e-06,0,0.472,-8.096,1,59,0.0289,136.465,0.253,3
0.8170000000000001,0.534,76240,0.201,0,0.0904,0,0.0745,-19.847,0,20,0.0327,106.104,0.726,9
0.7290000000000001,0.482,784507,0.605,0,4.620000000000001e-05,5,0.363,-9.164,1,24,0.0554,128.406,0.562,7
0.5489999999999999,0.685,120000,0.128,0,0.0,5,0.504,-24.525,0,0,0.898,142.873,0.528,7
0.0692,0.939,195815,0.438,1,0.0,1,0.138,-5.857,1,61,0.126,118.007,0.625,0
0.987,0.378,205000,0.113,0,0.934,7,0.13,-19.274,1,8,0.0377,72.904,0.129,7
0.394,0.501,191726,0.6890000000000001,0,3.33e-05,6,0.0955,-7.0870000000000015,1,56,0.0288,105.538,0.616,5
0.0191,0.5820000000000001,185653,0.903,0,0.0,11,0.374,-2.155,1,62,0.0576,144.97299999999996,0.639,1
0.994,0.82,175213,0.152,0,7.47e-05,9,0.29100000000000004,-15.577,1,0,0.194,111.901,0.6940000000000001,10
0.00162,0.433,258000,0.935,0,0.00569,2,0.407,-7.937,1,34,0.0507,141.605,0.62,4
0.907,0.16699999999999998,641573,0.17600000000000002,0,0.884,10,0.237,-19.054,0,0,0.0461,78.67,0.0591,9
0.917,0.34600000000000003,179027,0.758,0,0.821,1,0.131,-13.611,1,0,0.0409,110.13,0.705,7
0.98,0.529,304307,0.14,0,5.2e-06,7,0.413,-22.688,1,0,0.482,116.021,0.47,7
0.903,0.491,146240,0.404,0,0.92,2,0.177,-15.203,0,0,0.0403,130.345,0.537,9
0.901,0.6579999999999999,195453,0.245,0,0.748,0,0.104,-13.583,1,22,0.0508,69.781,0.495,7
0.7509999999999999,0.362,206493,0.204,0,3.35e-06,8,0.121,-16.026,1,27,0.0443,120.459,0.301,7
0.843,0.239,153573,0.285,0,0.0,9,0.301,-13.851,0,35,0.033,78.498,0.227,6
0.957,0.151,206280,0.16399999999999998,0,0.8490000000000001,5,0.145,-13.455,1,20,0.0328,84.87200000000001,0.0741,7
0.613,0.375,228933,0.14,0,0.0,0,0.385,-13.171,1,8,0.0338,134.322,0.273,6
0.64,0.426,206960,0.132,0,0.0,7,0.262,-16.651,1,46,0.026,81.642,0.307,5
0.115,0.289,253040,0.255,0,0.0,3,0.125,-10.153,1,47,0.0291,92.472,0.3670000000000001,2
0.152,0.754,242573,0.6459999999999999,0,1.85e-05,7,0.108,-5.795,1,85,0.317,176.08900000000003,0.429,1
0.993,0.463,191867,0.579,0,0.18600000000000005,5,0.154,-9.406,0,0,0.0414,75.569,0.563,7
0.00525,0.395,140787,0.966,0,0.000453,9,0.22,-5.0280000000000005,1,44,0.0989,142.882,0.343,2
0.0699,0.5589999999999999,262907,0.402,0,0.00105,10,0.15,-14.504,0,42,0.0564,76.831,0.449,5
0.034,0.467,231733,0.481,0,0.0102,11,0.106,-10.17,1,54,0.0233,80.043,0.328,3
0.62,0.603,264240,0.674,0,0.0026100000000000003,10,0.26,-6.808,1,61,0.0295,121.261,0.5589999999999999,4
0.481,0.5870000000000001,249533,0.603,0,0.0,9,0.35100000000000003,-11.067,1,24,0.032,145.363,0.789,5
0.942,0.568,198120,0.241,0,1.17e-06,10,0.462,-8.852,1,33,0.0446,139.754,0.69,6
0.252,0.7040000000000001,215493,0.6729999999999999,0,3.1e-05,1,0.062,-6.021,1,37,0.141,82.654,0.7040000000000001,2
0.674,0.6920000000000001,244560,0.185,0,9.34e-06,2,0.168,-18.75,1,33,0.0313,113.692,0.319,4
0.287,0.405,257827,0.35600000000000004,0,0.0025800000000000003,2,0.125,-8.962,1,22,0.0533,168.537,0.282,6
0.0867,0.713,304147,0.647,1,0.0,7,0.636,-8.22,1,65,0.439,94.036,0.6940000000000001,3
0.122,0.611,227973,0.754,0,4.92e-05,10,0.0471,-9.162,1,38,0.0414,128.97899999999998,0.637,5
0.248,0.632,253755,0.716,0,0.0,9,0.08900000000000001,-2.6830000000000003,1,65,0.0262,101.411,0.598,1
0.138,0.888,282520,0.574,0,7.159999999999999e-05,9,0.211,-6.2860000000000005,1,54,0.172,104.716,0.696,3
6.18e-05,0.7829999999999999,223507,0.509,0,0.139,11,0.14300000000000002,-5.284,1,42,0.0393,140.029,0.454,2
0.797,0.266,198840,0.215,0,2.17e-05,0,0.412,-14.248,1,14,0.0354,117.531,0.207,6
0.7909999999999999,0.76,160183,0.481,0,1.01e-06,3,0.0628,-8.936,1,37,0.066,127.62,0.967,3
0.205,0.75,299773,0.409,0,0.136,8,0.0816,-15.248,1,53,0.0468,98.075,0.458,3
0.898,0.5660000000000001,50560,0.325,0,0.168,7,0.674,-17.574,1,0,0.407,127.977,0.769,8
0.958,0.638,265800,0.183,0,0.05,2,0.129,-15.713,1,0,0.0411,134.371,0.555,7
0.0247,0.853,197013,0.7659999999999999,0,3.4e-06,1,0.272,-3.527,0,67,0.0401,96.01,0.835,1
0.251,0.425,212733,0.7559999999999999,0,0.0161,2,0.17,-7.99,1,35,0.049,119.747,0.7909999999999999,3
0.94,0.276,149133,0.235,0,1.01e-05,0,0.132,-14.352,1,60,0.0315,170.55,0.472,5
0.457,0.728,141413,0.628,0,3.05e-05,10,0.687,-12.02,0,51,0.129,78.957,0.971,3
0.982,0.487,223343,0.446,0,0.926,5,0.312,-8.995,1,0,0.0424,141.27100000000004,0.7090000000000001,8
0.256,0.711,275067,0.684,0,0.000264,2,0.304,-7.186,1,63,0.0286,124.851,0.76,5
0.0911,0.7829999999999999,220827,0.8140000000000001,1,0.0,1,0.354,-7.672999999999999,0,40,0.281,86.90799999999999,0.517,3
0.992,0.21,178402,0.00385,0,0.95,9,0.0738,-37.141,0,66,0.0348,107.116,0.114,1
0.991,0.459,106200,0.301,0,0.299,0,0.109,-21.019,0,0,0.278,122.901,0.426,7
0.225,0.251,276867,0.251,0,0.7609999999999999,2,0.2,-19.192,1,33,0.0559,90.527,0.177,3
0.133,0.665,225760,0.878,0,0.397,7,0.0827,-7.94,1,40,0.0435,158.127,0.7120000000000001,4
0.000301,0.295,470133,0.926,0,0.375,4,0.0522,-5.7029999999999985,1,48,0.0851,78.711,0.52,4
0.26,0.561,240867,0.5429999999999999,0,0.0,1,0.124,-8.498,1,64,0.0324,139.803,0.243,3
0.453,0.612,222333,0.45,0,0.0,9,0.198,-15.416,1,30,0.0294,111.805,0.8009999999999999,4
0.861,0.471,127040,0.244,0,0.0,0,0.208,-13.679,0,0,0.0384,119.698,0.521,7
0.0423,0.5589999999999999,325973,0.287,0,0.274,5,0.0874,-15.979,0,44,0.0277,93.037,0.175,3
0.000405,0.451,252387,0.985,0,2.73e-06,0,0.308,-5.445,1,0,0.0538,135.184,0.482,9
0.941,0.645,203267,0.185,0,0.7759999999999999,3,0.126,-21.876,1,26,0.0325,113.12,0.276,5
0.0117,0.731,264400,0.6509999999999999,0,0.0,0,0.052000000000000005,-8.755,1,50,0.0705,77.866,0.615,3
0.981,0.555,209587,0.172,0,0.0,2,0.129,-13.279000000000002,1,0,0.0804,116.539,0.691,9
0.637,0.395,196302,0.816,0,0.0,6,0.151,-5.2429999999999986,1,32,0.142,172.827,0.815,4
0.691,0.716,151792,0.329,0,0.0,7,0.0708,-7.529,1,0,0.0438,107.954,0.73,7
0.467,0.442,233693,0.382,0,0.0216,7,0.121,-5.295,1,26,0.0317,119.947,0.199,5
0.0115,0.8420000000000001,232587,0.6809999999999999,0,2.65e-06,4,0.113,-8.149,0,60,0.0544,96.017,0.238,2
0.984,0.329,270600,0.0818,0,0.269,3,0.0874,-20.436,1,1,0.0455,118.256,0.229,8
0.00206,0.479,163800,0.944,0,0.0283,9,0.35600000000000004,-5.167000000000002,1,53,0.115,153.45,0.5720000000000001,6
0.944,0.344,187600,0.057,0,0.000654,0,0.149,-18.311,1,31,0.0318,85.62200000000001,0.109,6
0.4970000000000001,0.652,108000,0.112,1,0.0,11,0.556,-20.248,0,0,0.965,78.968,0.564,8
0.995,0.273,84293,0.0188,0,0.772,3,0.135,-33.861999999999995,1,10,0.0327,72.493,0.118,7
0.99,0.63,204200,0.218,0,0.907,11,0.11,-16.331,0,0,0.111,70.05199999999999,0.8109999999999999,8
0.994,0.6940000000000001,96013,0.17,0,0.48,11,0.111,-21.081,1,3,0.9,82.056,0.358,7
0.0147,0.653,237200,0.773,0,0.0425,7,0.235,-5.5070000000000014,1,44,0.14,92.024,0.547,3
4.52e-05,0.415,168406,0.6579999999999999,0,0.000735,4,0.17600000000000002,-12.050999999999998,0,23,0.0696,163.015,0.45,5
0.858,0.585,188760,0.309,0,0.267,7,0.0876,-13.67,1,34,0.0245,96.106,0.52,5
0.0465,0.649,320507,0.805,0,3.51e-06,7,0.123,-10.53,1,36,0.0455,104.968,0.64,3
0.982,0.3,180307,0.156,0,0.298,8,0.173,-18.115,1,1,0.0388,57.245,0.0522,7
0.904,0.621,319440,0.256,0,0.0398,0,0.362,-12.781,1,12,0.0341,101.821,0.546,7
0.5329999999999999,0.635,234650,0.847,1,0.0,7,0.154,-3.152,1,65,0.447,166.072,0.568,1
0.754,0.399,252893,0.412,0,0.0,7,0.845,-16.278,1,30,0.0956,75.09899999999998,0.535,5
0.207,0.795,228080,0.728,1,0.0,9,0.237,-4.712,0,62,0.0544,146.97899999999996,0.5820000000000001,1
0.0147,0.6,212493,0.895,1,4.36e-05,7,0.156,-4.063,1,41,0.0525,145.829,0.453,2
0.000596,0.295,167067,0.41,0,0.0276,11,0.101,-12.014,1,50,0.0443,121.398,0.312,2
0.8540000000000001,0.705,152040,0.411,0,0.0,5,0.224,-12.542,1,11,0.0521,129.768,0.738,6
0.934,0.375,157760,0.232,0,0.000371,0,0.672,-15.494000000000002,0,15,0.0611,127.181,0.445,7
0.921,0.305,249067,0.106,0,0.00102,1,0.0942,-16.709,1,38,0.0317,96.477,0.201,3
0.995,0.461,161507,0.0302,0,0.324,6,0.119,-19.962,1,1,0.0583,102.508,0.477,7
0.962,0.569,250107,0.13699999999999998,0,0.921,0,0.113,-13.429,0,31,0.0409,61.262,0.113,7
0.898,0.526,274373,0.737,0,0.0,9,0.7090000000000001,-7.1229999999999976,1,41,0.893,89.124,0.674,2
0.000474,0.202,188827,0.938,0,0.264,11,0.116,-6.033,0,35,0.0845,156.79,0.383,2
0.949,0.28300000000000003,983187,0.161,0,0.612,9,0.36,-16.002,0,16,0.0399,108.094,0.0399,6
0.29600000000000004,0.7709999999999999,194400,0.248,0,0.00011,7,0.139,-16.992,0,37,0.0393,82.038,0.8370000000000001,3
0.155,0.579,228820,0.925,0,8.85e-06,0,0.234,-2.217,1,36,0.044,114.288,0.815,3
0.6459999999999999,0.623,204200,0.59,0,0.0,4,0.295,-5.0139999999999985,1,68,0.028,137.071,0.579,2
0.995,0.279,205172,0.206,0,0.314,9,0.218,-10.159,1,0,0.0373,72.786,0.389,8
0.207,0.7509999999999999,173733,0.529,0,0.0,10,0.0465,-7.478,1,42,0.0427,99.976,0.956,2
0.0526,0.654,123859,0.28600000000000003,1,0.0,10,0.272,-18.168,0,0,0.949,86.10700000000001,0.489,10
0.000946,0.448,256347,0.805,0,6.12e-05,10,0.134,-4.194,1,50,0.0365,125.998,0.201,1
0.994,0.503,242960,0.127,0,0.941,3,0.11,-24.987,1,0,0.0421,113.812,0.807,8
0.0016699999999999998,0.481,210720,0.8490000000000001,0,1.49e-06,4,0.121,-5.131,1,65,0.0385,205.57,0.723,1
0.8740000000000001,0.659,552027,0.313,0,0.7959999999999999,5,0.274,-9.889,1,10,0.0431,100.672,0.507,7
0.192,0.537,273907,0.687,0,0.00299,2,0.959,-9.049,1,28,0.0296,108.029,0.812,5
0.894,0.483,209787,0.61,0,8.15e-06,11,0.106,-6.901,1,0,0.0437,118.269,0.568,8
0.0007650000000000001,0.649,284667,0.8140000000000001,0,0.000542,6,0.23,-8.906,0,46,0.0983,94.719,0.464,3
0.00428,0.467,220707,0.774,0,0.00134,4,0.158,-10.617,0,43,0.0515,109.529,0.324,3
0.701,0.507,122333,0.289,0,0.0,8,0.103,-11.668,1,25,0.0488,170.96599999999995,0.8540000000000001,6
0.304,0.319,152493,0.321,0,0.0,9,0.14400000000000002,-11.911,1,30,0.0289,106.762,0.252,5
0.7929999999999999,0.71,195493,0.177,0,0.111,0,0.114,-16.924,1,29,0.0385,80.28699999999998,0.486,5
0.13699999999999998,0.866,379267,0.73,0,0.0,5,0.0843,-8.201,1,68,0.0767,118.523,0.625,4
0.0372,0.501,171493,0.762,1,0.0,7,0.422,-5.439,1,55,0.389,166.05599999999995,0.412,1
0.00474,0.369,243907,0.4370000000000001,0,0.000364,9,0.0858,-15.298,1,21,0.0291,106.887,0.453,5
0.993,0.6970000000000001,175493,0.0813,0,0.000758,11,0.102,-17.791,0,0,0.053,120.054,0.634,9
0.0116,0.911,127613,0.378,1,1.53e-06,0,0.15,-7.822,1,66,0.411,120.044,0.19,1
0.171,0.6559999999999999,247507,0.551,0,0.000155,2,0.0676,-14.140999999999998,1,45,0.0889,125.659,0.773,4
0.21600000000000005,0.691,261133,0.931,0,0.6559999999999999,7,0.631,-7.457000000000002,1,39,0.121,150.093,0.684,4
0.994,0.682,191463,0.179,0,0.234,8,0.157,-11.806,1,0,0.503,97.501,0.769,7
0.556,0.501,186160,0.293,0,0.0,1,0.194,-12.475,1,27,0.0279,104.125,0.441,5
0.623,0.431,284773,0.0979,0,0.000617,5,0.109,-19.436,1,39,0.029,80.455,0.17800000000000002,4
0.0153,0.627,125013,0.748,0,0.516,4,0.29600000000000004,-8.342,0,26,0.0263,88.486,0.964,6
0.994,0.7,180000,0.0282,0,0.353,11,0.126,-27.874,0,0,0.28300000000000003,114.343,0.743,9
0.964,0.515,239053,0.485,0,0.823,10,0.115,-11.303,0,44,0.0323,91.185,0.2,2
0.175,0.397,207000,0.937,0,0.282,3,0.214,-5.345,0,27,0.0761,88.613,0.7929999999999999,5
0.982,0.428,146826,0.321,0,0.838,1,0.297,-7.454,1,0,0.0364,85.22200000000002,0.518,7
0.324,0.445,358870,0.446,0,0.119,9,0.106,-8.87,1,58,0.0286,92.463,0.0384,1
0.6759999999999999,0.72,201000,0.509,0,6.459999999999997e-05,8,0.162,-8.957,1,31,0.0439,133.38,0.787,6
0.936,0.527,208760,0.243,0,0.107,6,0.0723,-11.274,1,0,0.0629,130.148,0.481,8
0.6940000000000001,0.6609999999999999,167933,0.35100000000000003,0,0.0,4,0.08900000000000001,-13.982,1,33,0.036000000000000004,124.932,0.833,6
0.758,0.564,197627,0.244,0,0.000607,3,0.106,-11.149,1,49,0.0329,78.07600000000002,0.34600000000000003,2
0.0257,0.5760000000000001,151133,0.7140000000000001,0,0.0,9,0.182,-12.836,0,36,0.0551,81.348,0.507,4
0.174,0.475,346427,0.853,0,3.21e-05,6,0.631,-5.063,1,42,0.0564,88.066,0.5529999999999999,1
0.0138,0.5710000000000001,188176,0.5479999999999999,0,0.614,0,0.177,-6.483,1,58,0.377,70.001,0.488,1
0.345,0.6809999999999999,302667,0.6779999999999999,0,0.000106,0,0.067,-7.148,1,39,0.0266,82.948,0.462,4
0.936,0.58,315333,0.518,0,0.636,3,0.17,-9.248,1,11,0.0417,122.42,0.8109999999999999,7
0.993,0.277,84947,0.163,0,0.913,3,0.227,-21.374,1,18,0.0587,173.827,0.313,8
0.6409999999999999,0.782,162573,0.334,0,0.000241,10,0.16,-11.527,1,35,0.0369,121.137,0.718,7
0.0292,0.474,195987,0.594,0,0.0,11,0.133,-5.756,1,73,0.0289,86.131,0.503,1
0.00815,0.39,185787,0.865,0,4.47e-05,5,0.0802,-3.985,0,49,0.0366,168.108,0.379,1
7.670000000000001e-05,0.179,82120,0.979,0,0.416,10,0.155,-7.735,1,27,0.155,136.812,0.0491,4
0.165,0.325,190173,0.816,0,0.0,2,0.0729,-3.714,1,56,0.0633,207.673,0.579,2
0.992,0.77,160907,0.324,0,0.894,7,0.317,-6.148,1,0,0.0409,123.009,0.769,10
0.0169,0.74,207039,0.498,0,0.00282,11,0.319,-6.684,0,78,0.0456,98.016,0.652,1
0.00193,0.6609999999999999,188987,0.76,0,0.0589,0,0.116,-4.882,1,44,0.0334,131.0,0.425,1
0.843,0.71,198766,0.329,0,1.65e-05,6,0.0939,-8.295,1,0,0.0516,100.34,0.7290000000000001,8
0.985,0.415,172867,0.0388,0,0.458,10,0.0906,-18.555,1,22,0.0354,137.172,0.555,7
0.0123,0.7909999999999999,255533,0.6409999999999999,1,6.26e-06,2,0.265,-5.9460000000000015,1,43,0.173,87.402,0.604,2
0.0342,0.513,202067,0.536,0,0.0124,2,0.384,-8.557,1,41,0.0246,99.809,0.7140000000000001,2
0.361,0.546,166693,0.399,0,3.18e-06,4,0.0995,-9.378,1,50,0.027000000000000003,97.142,0.301,6
0.931,0.609,420000,0.252,0,0.551,7,0.272,-16.798,0,17,0.053,95.875,0.532,7
0.0278,0.6609999999999999,315998,0.755,1,0.0,6,0.114,-7.767,0,49,0.261,95.765,0.8740000000000001,4
0.759,0.603,312640,0.396,0,0.856,11,0.275,-12.765,1,47,0.034,95.0,0.198,2
0.0206,0.551,261533,0.703,0,0.000408,7,0.0969,-8.168,1,46,0.0365,76.51,0.475,3
0.0032700000000000003,0.598,264200,0.86,0,0.0,4,0.239,-4.589,1,42,0.0658,110.745,0.28300000000000003,2
0.223,0.6829999999999999,102600,0.0705,1,0.0,7,0.399,-22.414,1,0,0.946,100.394,0.383,8
0.978,0.275,608320,0.172,0,0.919,0,0.0867,-18.012999999999995,1,0,0.0337,97.238,0.0808,7
0.894,0.501,256933,0.269,0,0.0,3,0.391,-17.715999999999994,1,27,0.652,87.88,0.491,9
0.0347,0.682,276173,0.7090000000000001,0,0.00823,7,0.0526,-15.446,1,24,0.04,117.023,0.674,4
0.371,0.607,156893,0.8759999999999999,0,0.0,7,0.519,-4.117,1,61,0.0382,121.043,0.8859999999999999,2
0.0317,0.7709999999999999,203627,0.693,1,0.0,7,0.342,-7.483,1,49,0.293,97.163,0.525,2
0.475,0.391,120880,0.166,0,0.0269,8,0.259,-18.386,0,24,0.0389,180.326,0.7340000000000001,4
0.747,0.5660000000000001,174040,0.552,0,0.937,8,0.194,-6.074,1,5,0.0353,98.757,0.836,7
0.8290000000000001,0.5589999999999999,215420,0.251,0,0.00573,0,0.0866,-14.288,1,40,0.0262,109.551,0.285,5
0.547,0.564,267560,0.195,0,0.00107,2,0.053,-12.303,1,15,0.0333,74.60300000000002,0.501,6
0.723,0.523,245160,0.31,0,0.0197,4,0.115,-10.652,0,0,0.0302,133.914,0.289,9
0.691,0.442,198507,0.119,0,0.0,5,0.154,-14.687,0,14,0.03,106.449,0.436,7
0.807,0.581,184040,0.257,0,0.547,1,0.588,-19.916,1,0,0.555,136.489,0.382,8
0.599,0.7340000000000001,164933,0.358,0,0.272,9,0.0971,-16.500999999999998,1,40,0.0353,132.224,0.977,3
0.992,0.314,207307,0.104,0,0.921,10,0.303,-20.027,1,0,0.0403,78.572,0.31,8
0.212,0.6579999999999999,202480,0.508,0,0.0,4,0.115,-9.838,1,41,0.0547,85.29,0.425,4
0.8809999999999999,0.473,396613,0.08800000000000001,0,0.7290000000000001,1,0.12,-23.065,1,7,0.0603,103.694,0.306,7
0.7959999999999999,0.769,141893,0.425,0,0.000556,0,0.108,-12.653,1,21,0.0765,104.698,0.929,6
0.799,0.403,167533,0.263,0,0.00383,2,0.218,-19.718,1,44,0.0314,94.913,0.853,2
0.723,0.483,209107,0.384,0,2.37e-05,4,0.0712,-11.602,1,47,0.0284,130.644,0.289,2
0.5479999999999999,0.5670000000000001,187246,0.332,0,0.131,6,0.108,-8.98,0,20,0.0285,146.845,0.316,5
0.206,0.804,322627,0.393,0,0.0,11,0.165,-6.627999999999999,0,49,0.0458,119.877,0.401,2
0.306,0.5710000000000001,172173,0.467,0,0.0,7,0.235,-10.456,1,23,0.0377,133.967,0.838,7
0.0965,0.7509999999999999,226467,0.746,0,3.13e-06,11,0.996,-7.002000000000002,1,56,0.029,105.98,0.304,3
0.00082,0.564,214160,0.858,0,3.12e-05,8,0.0881,-3.019,1,42,0.038,117.829,0.318,2
0.892,0.546,189467,0.524,0,0.000916,9,0.461,-7.704,1,3,0.0364,121.723,0.685,9
0.00442,0.6679999999999999,212080,0.98,0,0.00241,10,0.273,-3.5780000000000003,0,46,0.0364,138.925,0.871,3
0.924,0.499,193840,0.0748,0,0.014,1,0.55,-13.552,1,3,0.044,113.268,0.429,10
0.589,0.278,200213,0.5820000000000001,0,7.56e-06,0,0.691,-7.612999999999999,1,42,0.0362,172.549,0.503,4
0.0676,0.3720000000000001,430133,0.505,0,0.00503,9,0.273,-11.746,1,43,0.061,129.847,0.221,5
0.22,0.546,414827,0.7959999999999999,0,0.0193,0,0.0686,-10.077,1,28,0.0783,90.1,0.502,5
0.879,0.5720000000000001,132893,0.28,0,0.00783,0,0.133,-15.968,0,27,0.191,59.559,0.664,6
0.821,0.6970000000000001,147947,0.3670000000000001,0,0.0,7,0.626,-14.095999999999998,1,26,0.0404,123.52,0.56,7
0.000387,0.883,246000,0.298,0,0.0,6,0.0685,-16.936,0,33,0.29100000000000004,85.661,0.524,4
0.12,0.444,279867,0.484,0,0.0,9,0.135,-8.311,1,52,0.0289,147.715,0.263,1
0.952,0.732,187833,0.225,0,0.0,9,0.303,-10.684,1,0,0.263,88.69,0.444,8
0.961,0.789,49996,0.17800000000000002,0,0.0,10,0.145,-21.511,0,0,0.8290000000000001,106.895,0.885,8
0.977,0.35200000000000004,504733,0.284,0,0.862,10,0.112,-14.515999999999998,1,0,0.0382,115.984,0.209,10
0.0529,0.715,277640,0.5489999999999999,0,0.5539999999999999,4,0.399,-9.468,0,45,0.0488,141.795,0.7340000000000001,5
0.942,0.155,250200,0.16399999999999998,0,0.319,3,0.14800000000000002,-20.934,1,12,0.0391,134.61,0.248,7
1.7899999999999998e-05,0.257,406524,0.99,1,0.0785,9,0.952,-5.817,1,30,0.2,116.602,0.069,4
0.965,0.64,182400,0.23,0,5.36e-05,8,0.101,-10.651,1,4,0.0624,88.868,0.6629999999999999,9
0.5589999999999999,0.8490000000000001,144200,0.454,0,1.65e-05,8,0.105,-7.147,1,42,0.0871,139.11,0.983,3
0.0397,0.7070000000000001,243357,0.622,1,0.0,0,0.149,-6.9510000000000005,1,89,0.031,142.942,0.223,0
0.7809999999999999,0.6729999999999999,150000,0.5720000000000001,0,2.14e-05,1,0.141,-10.685,1,27,0.258,103.641,0.907,5
0.0208,0.5870000000000001,129120,0.573,0,0.315,4,0.199,-8.073,1,36,0.0383,137.315,0.6859999999999999,6
0.261,0.451,227176,0.8759999999999999,1,0.0,10,0.098,-5.205,0,56,0.414,87.306,0.227,1
0.713,0.529,253520,0.395,0,0.863,5,0.153,-16.865,0,19,0.0497,124.179,0.872,6
0.244,0.752,218627,0.442,0,0.0,5,0.0909,-15.342,1,48,0.0714,89.156,0.934,4
0.472,0.626,165427,0.0769,0,0.00165,4,0.0992,-15.145,0,26,0.041,83.335,0.155,6
0.757,0.399,164160,0.0576,0,0.649,5,0.117,-27.829,1,37,0.0403,108.704,0.17,5
0.00534,0.332,289667,0.774,0,0.155,10,0.134,-8.323,0,36,0.0765,128.241,0.14800000000000002,3
0.369,0.535,266013,0.648,0,0.0,0,0.075,-5.8420000000000005,1,60,0.0364,142.486,0.311,1
0.414,0.421,341627,0.6609999999999999,0,1.16e-06,9,0.0962,-13.126,1,66,0.0433,100.965,0.5539999999999999,5
0.005379999999999999,0.591,270733,0.7809999999999999,0,0.00508,2,0.0551,-5.915,1,23,0.0423,131.404,0.895,5
0.26,0.598,184013,0.687,0,0.0,7,0.112,-9.021,1,61,0.0955,75.169,0.626,1
0.575,0.727,109705,0.542,0,0.0,1,0.0986,-7.729,1,47,0.0538,120.057,0.5579999999999999,2
0.976,0.643,180187,0.477,0,0.0414,6,0.0319,-5.197,1,0,0.0689,156.56799999999996,0.861,9
0.023,0.855,283573,0.8809999999999999,1,0.000333,7,0.466,-11.657,1,26,0.188,126.619,0.659,4
0.039,0.536,204778,0.782,0,3.64e-05,7,0.0691,-4.1389999999999985,0,59,0.0485,154.93,0.405,1
0.966,0.628,150960,0.625,0,0.911,7,0.156,-13.811,0,0,0.0733,123.275,0.368,8
0.969,0.5539999999999999,149667,0.246,0,2.92e-05,7,0.128,-10.961,1,37,0.0303,128.903,0.388,4
0.0224,0.688,113200,0.272,1,0.0,5,0.182,-19.301,1,0,0.933,86.475,0.631,10
0.968,0.767,178773,0.524,0,0.162,11,0.115,-11.432,1,2,0.0589,113.091,0.8640000000000001,10
0.78,0.585,367400,0.375,0,0.00365,2,0.0806,-12.171,0,47,0.0504,72.59,0.665,6
0.0267,0.531,329627,0.625,0,0.726,8,0.212,-13.603,1,29,0.0354,127.822,0.8140000000000001,4
0.00502,0.826,235497,0.8170000000000001,0,1.09e-05,2,0.294,-4.081,1,72,0.0921,97.053,0.168,1
0.7559999999999999,0.36,308747,0.595,0,0.618,2,0.14400000000000002,-10.074,1,29,0.0337,134.097,0.273,6
0.0975,0.401,156520,0.672,0,4.38e-05,11,0.0906,-6.73,1,32,0.184,166.34,0.701,6
0.429,0.757,228733,0.794,0,1.04e-06,8,0.0411,-4.351,1,45,0.0574,99.84,0.903,3
0.536,0.628,198560,0.397,0,8.28e-05,10,0.0867,-6.5429999999999975,1,35,0.145,107.961,0.969,3
0.99,0.31,298587,0.145,0,0.275,0,0.076,-19.276,1,55,0.0303,162.808,0.32299999999999995,1
0.368,0.884,159101,0.534,0,0.0,5,0.0408,-8.681000000000001,1,34,0.0446,109.333,0.947,5
0.0917,0.51,242507,0.802,0,0.0136,5,0.109,-4.9030000000000005,1,64,0.0561,185.927,0.24,1
0.399,0.5870000000000001,221173,0.5589999999999999,0,6.69e-06,1,0.0992,-7.742000000000001,1,70,0.0321,92.036,0.19,1
0.258,0.394,186267,0.826,0,4.9700000000000015e-05,7,0.103,-7.427,1,28,0.0405,138.57299999999998,0.746,6
0.904,0.6809999999999999,131031,0.391,0,1.86e-05,9,0.0748,-14.781,1,0,0.309,119.703,0.743,8
0.133,0.609,110300,0.172,1,1.5e-06,0,0.114,-19.355,1,0,0.915,203.144,0.648,8
0.31,0.701,191213,0.442,0,0.0,5,0.0694,-8.294,1,35,0.0295,110.589,0.612,4
0.244,0.258,158174,0.46,0,0.0,0,0.0811,-9.682,1,26,0.0398,170.752,0.317,5
0.0318,0.5529999999999999,496267,0.38,0,0.0686,5,0.112,-14.353,1,21,0.0381,128.06,0.35600000000000004,5
0.000515,0.945,96563,0.65,1,0.0,1,0.135,-7.0710000000000015,1,74,0.154,129.007,0.804,0
0.019,0.484,188693,0.879,0,3.02e-06,9,0.35700000000000004,-9.197,0,23,0.0956,124.397,0.488,5
0.0549,0.53,141453,0.916,0,0.000302,1,0.3,-5.643,1,43,0.081,98.722,0.905,6
0.947,0.436,309480,0.462,0,0.000479,7,0.134,-9.314,0,6,0.0557,99.933,0.541,7
0.994,0.595,206495,0.0308,0,0.00315,9,0.182,-15.966,1,0,0.208,104.296,0.547,8
0.307,0.294,354573,0.486,0,0.0401,0,0.197,-10.37,1,21,0.0308,107.91,0.115,5
0.141,0.539,234667,0.957,1,5.62e-05,2,0.396,-3.207,1,42,0.103,120.481,0.477,3
0.231,0.534,211013,0.537,0,0.858,11,0.274,-13.203,0,20,0.0371,157.497,0.6729999999999999,5
0.952,0.787,154160,0.337,0,0.708,7,0.0589,-9.294,1,0,0.246,109.088,0.84,8
0.911,0.594,158240,0.421,0,0.00918,6,0.0829,-12.161,1,11,0.0322,105.651,0.648,9
0.989,0.325,585360,0.22,0,0.924,3,0.0982,-14.717,1,1,0.0401,88.37799999999999,0.161,8
0.00209,0.857,128072,0.654,1,0.0,8,0.115,-6.303,1,68,0.326,88.015,0.446,0
0.49,0.61,204200,0.526,0,1.05e-06,2,0.0771,-8.343,0,24,0.0498,153.966,0.79,5
0.153,0.821,244027,0.379,0,0.0,4,0.0839,-15.489,0,54,0.0334,109.123,0.914,4
0.0249,0.6729999999999999,256960,0.539,0,0.0,5,0.188,-7.648,0,44,0.0293,117.689,0.333,3
0.6409999999999999,0.721,256800,0.67,0,0.00963,4,0.0998,-5.981,0,34,0.0425,156.628,0.727,5
0.989,0.499,178400,0.219,0,0.257,8,0.149,-17.113,1,3,0.0522,129.575,0.471,8
0.996,0.454,187693,0.541,0,0.958,3,0.7020000000000001,-14.28,0,0,0.8590000000000001,67.332,0.5529999999999999,10
0.738,0.555,184080,0.398,0,0.000467,7,0.0586,-11.204,0,0,0.0644,86.17299999999999,0.962,7
0.905,0.495,363413,0.8759999999999999,0,0.0,1,0.693,-11.494000000000002,1,23,0.96,77.555,0.13,4
0.002,0.542,262227,0.7509999999999999,1,0.0,1,0.0963,-6.78,1,36,0.115,162.097,0.491,2
0.921,0.5589999999999999,164560,0.541,0,0.887,8,0.416,-6.569,1,1,0.033,116.923,0.736,8
0.109,0.344,154400,0.912,0,0.0973,0,0.19,-11.219,1,52,0.16399999999999998,170.842,0.273,4
6.579999999999999e-05,0.59,226667,0.685,0,3.08e-05,0,0.165,-5.216,1,50,0.0282,112.411,0.425,2
0.344,0.307,288813,0.454,0,0.06,6,0.0792,-13.152,0,22,0.1,202.045,0.224,5
0.135,0.608,199933,0.6679999999999999,0,0.0,1,0.0768,-12.294,1,22,0.106,138.291,0.657,5
0.0218,0.43,483920,0.565,0,0.004520000000000001,0,0.1,-10.616,1,40,0.028,83.016,0.362,4
0.6970000000000001,0.7140000000000001,259040,0.434,0,0.0,4,0.0919,-11.542,1,69,0.0396,123.942,0.35200000000000004,1
0.8490000000000001,0.483,185280,0.145,0,3.5000000000000016e-06,1,0.214,-14.423,1,57,0.039,72.863,0.284,7
0.845,0.42,138907,0.299,0,0.000769,0,0.185,-10.178,1,16,0.0347,167.514,0.481,6
0.000909,0.521,239987,0.8540000000000001,0,0.108,7,0.106,-9.245,1,42,0.046,141.847,0.777,5
0.682,0.411,331773,0.507,0,0.000162,8,0.752,-11.974,1,18,0.069,140.012,0.7509999999999999,7
0.6829999999999999,0.7509999999999999,274733,0.518,0,3.92e-05,0,0.0465,-9.705,1,44,0.0466,93.122,0.87,3
0.964,0.753,127240,0.171,0,0.0242,2,0.0943,-18.067,1,26,0.053,134.467,0.957,5
0.972,0.7340000000000001,206467,0.238,0,0.0452,7,0.22,-8.939,0,5,0.0851,107.381,0.731,10
0.311,0.727,100854,0.203,1,0.0,11,0.35700000000000004,-15.634,0,0,0.941,61.563,0.7829999999999999,9
0.0196,0.42,203667,0.949,0,0.0,10,0.284,-3.902,1,49,0.0823,163.945,0.594,2
0.989,0.411,110827,0.174,0,0.8690000000000001,10,0.111,-31.06900000000001,1,0,0.0855,179.112,0.632,7
0.7659999999999999,0.599,160360,0.546,0,1.91e-06,10,0.104,-8.866,1,52,0.0328,85.321,0.493,3
0.99,0.387,65720,0.239,0,0.906,6,0.168,-20.502,1,0,0.0501,106.457,0.8909999999999999,10
0.993,0.282,198520,0.125,0,0.911,7,0.154,-21.638,0,12,0.0381,74.436,0.471,8
0.6,0.526,515867,0.509,0,0.0,7,0.14400000000000002,-10.893,1,71,0.0628,138.31799999999998,0.4970000000000001,4
0.272,0.82,195573,0.7879999999999999,0,1.65e-06,6,0.0404,-5.478,0,64,0.191,93.961,0.648,2
0.366,0.626,199200,0.411,0,0.0,8,0.0374,-11.162,1,43,0.0318,103.369,0.665,4
0.573,0.527,195267,0.224,0,6.28e-06,2,0.28300000000000003,-11.76,1,63,0.0282,86.23,0.314,3
0.281,0.5870000000000001,186400,0.378,0,0.000505,4,0.0911,-8.916,0,31,0.0349,106.86,0.6459999999999999,5
0.847,0.325,193427,0.3670000000000001,0,0.934,5,0.251,-10.898,1,3,0.0403,133.341,0.465,8
0.648,0.763,176333,0.32299999999999995,0,0.0,9,0.596,-12.272,1,44,0.418,102.757,0.716,3
0.0893,0.635,189840,0.926,0,4.53e-06,0,0.0928,-5.589,1,66,0.151,100.048,0.7609999999999999,1
0.44,0.648,206160,0.382,0,5.06e-05,2,0.102,-13.955,0,31,0.0298,125.916,0.416,5
0.608,0.503,207067,0.513,0,9.39e-06,2,0.0845,-6.921,1,50,0.0277,133.149,0.344,1
0.993,0.473,353160,0.192,0,0.907,0,0.171,-18.96,1,0,0.0509,130.22899999999998,0.159,8
0.934,0.153,500000,0.0443,0,0.943,8,0.0826,-31.263,1,61,0.0416,135.762,0.0352,0
0.838,0.292,70067,0.127,0,0.875,2,0.377,-21.934,0,0,0.0364,113.471,0.0739,8
0.0281,0.688,237013,0.74,0,0.000101,2,0.0851,-10.276,1,27,0.0287,122.695,0.934,4
0.986,0.225,115840,0.332,0,0.28,1,0.349,-8.731,1,10,0.0326,83.6,0.157,7
0.898,0.3,158613,0.0948,0,0.0,0,0.0676,-20.218,1,0,0.0396,82.274,0.252,7
0.00128,0.412,171562,0.778,0,0.732,0,0.0753,-7.776,0,51,0.033,89.99700000000001,0.307,1
0.0008210000000000001,0.361,150267,0.0851,0,0.391,1,0.625,-32.574,1,42,0.0981,99.798,0.0383,3
0.723,0.331,165213,0.277,0,0.00263,7,0.181,-11.035,1,54,0.0295,112.78,0.366,6
0.836,0.501,149680,0.264,0,0.884,4,0.13,-11.962,0,12,0.0274,85.726,0.227,6
0.213,0.855,172000,0.872,0,0.000109,2,0.0281,-5.424,1,48,0.0408,103.314,0.947,2
0.648,0.578,277867,0.618,0,0.246,4,0.184,-9.527,1,40,0.0327,106.821,0.721,2
0.000266,0.233,203240,0.98,0,0.00809,0,0.0992,-3.234,0,50,0.14800000000000002,186.771,0.244,2
0.754,0.478,569973,0.361,0,0.0135,10,0.8029999999999999,-19.304,1,8,0.0494,141.393,0.726,7
0.15,0.746,214907,0.848,0,2.18e-06,2,0.37,-4.638,1,66,0.0331,138.047,0.7559999999999999,2
0.00024900000000000004,0.269,299533,0.853,0,0.000246,7,0.118,-4.647,0,41,0.0854,141.58100000000005,0.179,2
0.451,0.563,192293,0.389,0,0.00186,5,0.101,-13.172,1,38,0.03,125.514,0.423,3
0.0232,0.455,310680,0.952,0,5.65e-05,1,0.0662,-6.3820000000000014,0,67,0.0787,90.365,0.332,1
0.254,0.449,206107,0.28600000000000003,0,0.0,0,0.121,-16.175,1,43,0.0279,78.63600000000002,0.35100000000000003,5
0.0009789999999999998,0.5429999999999999,169960,0.7559999999999999,0,0.000338,9,0.0864,-8.655,1,56,0.0307,145.09799999999996,0.332,1
0.0696,0.81,130747,0.623,1,0.0,6,0.095,-5.505,1,40,0.338,92.661,0.616,2
0.974,0.7190000000000001,107160,0.11,0,0.000426,2,0.248,-18.492,1,0,0.184,75.36399999999998,0.481,7
0.133,0.5539999999999999,213893,0.815,0,0.0,7,0.0778,-7.954,1,35,0.0256,99.333,0.618,3
0.84,0.526,158387,0.501,0,0.0,0,0.139,-8.088,1,39,0.0367,113.546,0.762,5
0.779,0.529,188800,0.457,0,0.0,0,0.339,-11.018,1,26,0.0283,106.816,0.736,3
0.0158,0.442,266213,0.807,1,6.43e-06,6,0.217,-4.753,1,54,0.265,84.649,0.446,2
0.374,0.747,215760,0.8340000000000001,1,0.0,3,0.0586,-2.867,0,77,0.045,128.005,0.687,1
0.921,0.34600000000000003,214827,0.197,0,2.05e-06,10,0.134,-14.640999999999998,1,55,0.0393,176.646,0.257,3
0.609,0.65,133533,0.29,0,0.0,0,0.329,-10.413,1,14,0.0308,104.25,0.826,7
0.858,0.28600000000000003,229666,0.0764,0,0.8809999999999999,9,0.174,-22.154,0,23,0.0394,84.01700000000002,0.183,6
0.00402,0.594,196080,0.865,0,0.0,0,0.233,-3.838,0,42,0.032,135.034,0.6809999999999999,1
0.981,0.285,304467,0.336,0,0.816,7,0.343,-13.997,1,22,0.0395,90.081,0.2,5
0.0091,0.679,334800,0.8220000000000001,0,0.871,9,0.0388,-6.117000000000001,1,66,0.0498,130.036,0.32,3
0.421,0.331,307427,0.436,0,0.0085,6,0.53,-12.365,1,25,0.0367,126.419,0.395,6
0.631,0.622,365000,0.664,0,1e-06,11,0.0518,-10.703,0,34,0.0422,89.603,0.915,4
0.215,0.684,281227,0.7829999999999999,0,0.0,10,0.343,-5.602,0,33,0.145,87.04,0.54,3
0.0446,0.711,304027,0.608,0,7.56e-05,8,0.123,-4.008,0,59,0.0754,82.448,0.7909999999999999,3
0.944,0.71,237122,0.325,0,0.00363,5,0.504,-10.791,1,0,0.0491,99.849,0.385,7
0.985,0.451,191501,0.264,0,0.0257,5,0.203,-13.458,0,0,0.0397,100.826,0.762,8
0.294,0.685,184160,0.594,0,3.69e-06,2,0.358,-10.906,1,60,0.0289,121.761,0.853,4
0.0189,0.5870000000000001,405493,0.73,1,0.0219,0,0.104,-12.647,1,29,0.0446,129.215,0.388,4
0.0747,0.708,96855,0.21600000000000005,1,0.008709999999999999,0,0.0839,-21.232,1,0,0.6609999999999999,111.866,0.414,8
0.117,0.537,231387,0.89,0,2.05e-05,5,0.279,-5.191,1,53,0.0488,114.088,0.597,1
0.00268,0.385,189427,0.672,0,0.0,5,0.174,-5.53,1,21,0.0302,137.851,0.604,6
0.8690000000000001,0.664,119227,0.0687,0,0.838,2,0.0585,-21.092,1,38,0.0349,89.884,0.193,4
0.0542,0.655,274560,0.7909999999999999,0,0.000164,11,0.184,-8.301,0,22,0.0688,181.993,0.843,5
0.98,0.242,155107,0.191,0,1.6e-06,10,0.0946,-15.75,1,17,0.031,177.512,0.117,7
0.0649,0.477,396187,0.479,0,0.029,7,0.0906,-11.887,0,65,0.0483,122.531,0.662,5
0.985,0.565,208467,0.313,0,0.505,10,0.125,-12.532,0,1,0.0284,106.559,0.503,7
0.0049700000000000005,0.625,198267,0.951,0,0.0,3,0.106,-5.209,1,61,0.0494,128.01,0.721,2
0.994,0.586,190200,0.185,0,0.493,11,0.117,-15.527,1,0,0.0555,127.19,0.682,8
0.0425,0.757,487240,0.659,0,0.12,3,0.065,-10.724,0,38,0.0343,131.881,0.932,4
0.219,0.443,231040,0.8590000000000001,0,0.0,9,0.289,-7.193,0,41,0.0442,150.589,0.601,3
0.636,0.579,192360,0.42,0,0.0,9,0.114,-10.417,1,28,0.0237,83.06299999999997,0.411,6
0.395,0.746,152333,0.334,0,0.00793,6,0.258,-13.418,1,50,0.13,126.099,0.68,6
0.17,0.64,243573,0.878,0,0.000232,2,0.0632,-6.481,1,39,0.0335,115.7,0.795,5
0.215,0.7190000000000001,230440,0.181,1,0.0,7,0.596,-22.574,1,0,0.908,111.943,0.823,10
0.6809999999999999,0.5379999999999999,247270,0.14,0,0.000446,9,0.0893,-15.451,1,24,0.109,180.935,0.482,6
0.0029,0.319,290693,0.789,0,0.7859999999999999,4,0.328,-12.73,1,50,0.0467,146.752,0.5920000000000001,4
0.981,0.343,228013,0.131,0,0.903,9,0.07,-20.507,1,51,0.0319,104.798,0.177,4
0.526,0.475,313333,0.426,0,0.000576,9,0.0688,-11.879,1,38,0.045,139.056,0.37,5
0.371,0.451,138960,0.203,0,0.0,7,0.192,-18.199,1,46,0.0366,141.951,0.723,4
0.165,0.7390000000000001,415133,0.984,0,0.00028700000000000004,7,0.0294,-4.52,0,43,0.0829,144.877,0.721,5
0.868,0.7090000000000001,157333,0.226,0,0.0,7,0.154,-15.48,1,25,0.0337,128.736,0.7559999999999999,6
0.655,0.487,283742,0.74,0,0.0,10,0.102,-4.412,1,53,0.0298,131.965,0.303,1
0.000103,0.401,345840,0.966,0,0.00462,2,0.067,-5.766,1,48,0.0393,94.017,0.195,1
0.452,0.7390000000000001,137293,0.743,0,0.0,7,0.331,-5.926,0,39,0.0321,111.07,0.922,6
0.355,0.626,184267,0.457,0,9.2e-06,4,0.0668,-13.785,1,44,0.0384,102.166,0.474,5
0.0464,0.6659999999999999,229067,0.54,0,0.00368,0,0.0801,-7.158,1,0,0.0258,96.891,0.513,10
0.916,0.222,222960,0.135,0,0.0104,9,0.11,-17.067,1,27,0.0381,120.47,0.0658,6
0.79,0.41,175293,0.485,0,0.0,7,0.156,-10.448,1,54,0.049,140.893,0.552,5
0.8540000000000001,0.133,221747,0.339,0,0.0422,9,0.101,-10.315,1,54,0.0339,144.726,0.0291,1
0.145,0.843,316307,0.376,0,0.00471,2,0.16699999999999998,-9.653,1,43,0.382,80.098,0.5579999999999999,2
0.984,0.816,186947,0.341,0,0.0009880000000000002,1,0.4370000000000001,-8.388,0,0,0.0745,103.813,0.935,7
0.5720000000000001,0.157,196307,0.29100000000000004,0,0.922,2,0.106,-10.041,0,38,0.0373,149.955,0.227,5
0.737,0.564,144707,0.8320000000000001,0,0.007640000000000002,5,0.245,-11.206,1,24,0.0532,181.071,0.897,5
0.182,0.448,158400,0.316,0,0.0,3,0.109,-13.422,1,60,0.0557,151.25799999999995,0.784,5
0.985,0.5529999999999999,187840,0.1,0,0.00244,8,0.244,-11.886,1,13,0.0315,82.041,0.234,9
0.17600000000000002,0.613,275773,0.464,0,0.0,1,0.103,-8.918,1,41,0.0241,139.80200000000002,0.17600000000000002,3
0.6859999999999999,0.515,147413,0.396,0,0.0,0,0.235,-8.224,1,20,0.0285,75.994,0.877,6
0.0694,0.805,183200,0.5539999999999999,1,1.1e-05,7,0.0718,-6.232,0,63,0.071,100.949,0.316,0
0.0814,0.66,160440,0.378,0,4.67e-05,9,0.11,-12.857,1,37,0.0292,135.391,0.737,3
0.000152,0.349,257813,0.934,0,0.623,3,0.281,-5.518,0,58,0.0644,124.055,0.0788,2
0.203,0.7809999999999999,179467,0.696,1,0.0,6,0.13,-5.553,0,61,0.313,74.998,0.6920000000000001,1
0.117,0.551,185667,0.875,0,0.0,2,0.5770000000000001,-5.099,1,34,0.0338,137.929,0.912,4
0.93,0.847,155820,0.17600000000000002,0,0.315,2,0.0548,-11.772,0,1,0.113,129.403,0.6679999999999999,9
0.000453,0.3720000000000001,258733,0.865,0,0.0,2,0.234,-4.918,1,71,0.0381,174.53,0.478,3
0.993,0.628,192905,0.0643,0,0.856,6,0.24,-14.814,1,0,0.54,68.35600000000001,0.345,9
0.608,0.394,306293,0.6990000000000001,0,0.313,1,0.124,-12.854,0,26,0.0554,136.037,0.116,6
0.785,0.537,125307,0.517,0,0.0,4,0.29100000000000004,-7.837999999999999,0,10,0.0267,106.462,0.794,6
0.794,0.685,163133,0.466,0,2.06e-06,0,0.0915,-9.074,1,70,0.0304,79.936,0.353,1
0.0411,0.586,138840,0.919,0,0.102,11,0.298,-5.3729999999999976,1,29,0.0445,123.466,0.971,6
0.507,0.883,101853,0.368,0,0.000556,7,0.0366,-8.934,1,43,0.0785,107.312,0.76,2
0.173,0.6579999999999999,173067,0.877,0,0.0,7,0.0962,-2.0980000000000003,1,61,0.0323,105.586,0.821,2
0.329,0.6859999999999999,197876,0.693,0,0.0,0,0.136,-6.245,0,70,0.131,124.206,0.6990000000000001,1
0.916,0.52,158000,0.145,0,0.0,5,0.126,-11.975,1,17,0.0282,94.11,0.231,7
0.177,0.532,284960,0.458,0,4.74e-05,2,0.204,-11.686,1,26,0.0268,141.505,0.456,4
0.21,0.5770000000000001,253867,0.391,0,7.2e-05,7,0.393,-10.591,1,43,0.0243,89.676,0.253,2
0.416,0.8290000000000001,97300,0.257,0,0.0,10,0.226,-22.619,1,0,0.951,39.816,0.502,9
0.154,0.594,372493,0.465,0,0.0,6,0.0797,-12.130999999999998,0,34,0.0324,108.55,0.727,4
6.57e-05,0.499,200293,0.935,0,0.0221,9,0.0695,-3.141,1,48,0.0631,136.911,0.378,2
0.135,0.6940000000000001,234573,0.561,0,4.66e-06,2,0.306,-12.594,1,27,0.0495,120.325,0.644,4
0.268,0.883,259547,0.8959999999999999,0,1.04e-06,0,0.0564,-3.695,1,44,0.208,93.928,0.748,2
0.949,0.426,71706,0.43,0,0.0427,0,0.268,-2.515,1,26,0.0325,133.786,0.306,6
0.0643,0.451,220373,0.588,0,0.0,11,0.171,-7.973,0,57,0.2,171.84900000000005,0.332,1
0.855,0.652,875307,0.455,1,0.0,8,0.171,-8.673,1,56,0.115,83.15100000000002,0.325,1
0.939,0.493,104838,0.306,0,0.0,7,0.73,-9.04,1,0,0.129,80.52,0.725,9
0.815,0.453,470004,0.113,0,0.00715,8,0.204,-19.357,0,9,0.039,140.52200000000002,0.105,7
0.7490000000000001,0.8340000000000001,213666,0.375,0,0.0201,1,0.107,-10.91,0,55,0.0588,116.024,0.334,1
0.129,0.467,218813,0.475,0,0.0117,5,0.7559999999999999,-10.83,1,22,0.0449,140.18,0.805,5
0.972,0.345,379707,0.0474,0,1.34e-05,4,0.084,-19.972,1,18,0.0699,87.056,0.18,7
3.69e-05,0.574,237360,0.943,0,0.0317,11,0.366,-5.238,1,52,0.0769,112.009,0.72,3
0.6629999999999999,0.569,418000,0.37,0,0.000445,5,0.117,-16.56,0,15,0.0455,139.58100000000002,0.8909999999999999,7
0.214,0.489,242333,0.238,0,0.00033,2,0.135,-14.859000000000002,0,33,0.0305,112.375,0.202,5
0.845,0.131,86373,0.118,0,0.987,7,0.245,-23.872,1,25,0.0378,76.751,0.3670000000000001,9
0.16,0.525,257346,0.501,0,0.025,1,0.146,-14.192,1,56,0.0318,108.291,0.333,5
0.0472,0.8490000000000001,237653,0.534,1,0.0,4,0.25,-6.365,1,59,0.0699,102.014,0.599,1
0.825,0.563,97760,0.679,0,0.0,0,0.336,-6.191,1,35,0.0441,123.38,0.76,6
0.994,0.258,185107,0.201,0,0.161,4,0.257,-11.716,1,3,0.0371,76.208,0.417,8
0.208,0.74,347373,0.7829999999999999,1,0.0,10,0.27,-6.403,0,39,0.298,93.187,0.779,3
0.73,0.529,154760,0.198,0,0.0384,0,0.101,-17.65,1,15,0.0419,95.921,0.5870000000000001,7
0.994,0.7290000000000001,186636,0.185,0,0.0815,4,0.13,-8.622,0,0,0.407,153.191,0.8079999999999999,7
0.0357,0.765,98600,0.25,0,0.0,1,0.246,-18.096,1,0,0.908,91.967,0.794,8
0.6559999999999999,0.358,197267,0.279,0,0.0643,3,0.316,-11.495,1,3,0.0372,85.419,0.263,7
0.858,0.319,340558,0.188,0,3.34e-06,3,0.136,-12.955,1,54,0.0314,109.464,0.14300000000000002,3
0.146,0.653,366373,0.506,0,9.43e-05,10,0.0845,-8.755,1,53,0.0267,98.391,0.447,3
0.0369,0.8140000000000001,240000,0.667,1,0.0,6,0.11,-4.785,0,58,0.36,80.031,0.376,1
0.338,0.474,226821,0.301,0,0.0,10,0.0944,-15.428,0,32,0.0426,107.939,0.638,5
0.0366,0.8109999999999999,252533,0.867,0,5.13e-05,11,0.219,-4.255,0,54,0.0442,110.711,0.962,2
0.615,0.467,320267,0.324,0,0.0248,2,0.118,-10.451,1,74,0.0255,94.301,0.166,3
0.528,0.388,132493,0.461,0,0.0,9,0.402,-9.134,0,19,0.0479,69.389,0.754,6
0.561,0.723,204680,0.5479999999999999,0,0.00116,0,0.109,-6.2429999999999986,0,63,0.0321,87.397,0.8059999999999999,3
0.799,0.4320000000000001,196093,0.201,0,0.0,8,0.149,-16.415,1,37,0.0428,184.264,0.404,4
0.91,0.374,260547,0.0801,0,1.15e-05,10,0.135,-17.783,1,23,0.0361,96.982,0.121,7
0.0599,0.467,292867,0.955,0,3.93e-06,4,0.299,-8.285,1,33,0.0527,82.09200000000001,0.396,4
0.0227,0.8270000000000001,236120,0.5529999999999999,1,1.52e-05,1,0.17600000000000002,-5.296,1,64,0.032,110.015,0.0631,1
0.0923,0.6629999999999999,252013,0.612,0,0.0,9,0.162,-9.488,1,37,0.0287,106.08,0.4370000000000001,4
0.0433,0.445,287297,0.94,0,0.00284,9,0.423,-10.656,0,42,0.0573,98.472,0.557,5
0.362,0.789,159403,0.462,0,7.49e-06,7,0.0868,-14.007,1,34,0.0599,147.944,0.961,4
0.991,0.584,142176,0.499,0,0.183,4,0.447,-9.043,1,0,0.112,175.644,0.963,7
0.231,0.87,224537,0.472,0,0.0148,6,0.0776,-13.101,0,24,0.0441,121.113,0.951,4
0.35700000000000004,0.421,170200,0.753,0,0.0,7,0.138,-5.336,1,29,0.0324,158.194,0.657,4
0.156,0.31,108867,0.25,0,0.0,0,0.0747,-14.852,1,21,0.0502,179.419,0.301,7
0.632,0.5920000000000001,291067,0.469,0,4.45e-05,0,0.215,-12.970999999999998,1,30,0.0287,105.148,0.519,4
0.581,0.17,162173,0.304,0,0.723,0,0.119,-15.274,1,34,0.0329,181.243,0.191,6
0.988,0.611,180280,0.8270000000000001,0,4.36e-06,0,0.652,-8.502,0,2,0.483,78.569,0.813,8
0.607,0.8140000000000001,216907,0.619,1,0.0,11,0.0829,-7.82,0,56,0.218,124.073,0.625,1
0.301,0.701,236547,0.79,0,6.06e-05,9,0.179,-6.16,1,45,0.0725,99.104,0.421,4
0.394,0.5870000000000001,121227,0.506,0,0.0034100000000000003,11,0.0519,-13.937,0,7,0.0678,122.827,0.32299999999999995,7
0.601,0.872,206093,0.627,0,0.008490000000000001,9,0.0769,-8.495,0,48,0.0378,100.012,0.8140000000000001,1
0.00806,0.49,227533,0.44,1,0.00103,10,0.18600000000000005,-7.76,1,58,0.353,173.095,0.091,1
0.976,0.596,205374,0.502,0,0.86,10,0.103,-14.575,1,13,0.0275,96.856,0.728,6
0.0193,0.63,272493,0.873,0,0.0312,5,0.506,-10.619000000000002,0,28,0.0886,122.868,0.474,4
0.991,0.413,205360,0.209,0,0.856,3,0.0905,-15.905,1,0,0.0684,174.942,0.7090000000000001,7
0.962,0.407,201533,0.119,0,0.00713,0,0.122,-14.228,1,14,0.0293,74.806,0.235,8
0.988,0.0848,288947,0.0948,0,0.912,0,0.133,-17.849,0,0,0.0397,71.529,0.0371,8
0.925,0.395,267493,0.354,0,0.00124,7,0.337,-15.538,1,35,0.0348,78.286,0.489,4
0.0816,0.691,247907,0.4320000000000001,0,0.0,0,0.0637,-10.097,1,46,0.0252,82.03,0.471,3
0.0139,0.5379999999999999,186733,0.863,0,0.0,1,0.0874,-4.4830000000000005,1,78,0.0481,77.001,0.637,1
0.787,0.602,408467,0.455,0,0.7929999999999999,7,0.0679,-15.298,1,44,0.0392,92.037,0.754,5
0.836,0.581,145453,0.5329999999999999,0,0.0,3,0.232,-9.145,1,12,0.0624,97.338,0.688,7
0.0274,0.376,589787,0.804,0,0.784,6,0.282,-8.591000000000001,0,41,0.076,163.231,0.607,5
0.688,0.358,360827,0.706,0,3.48e-05,7,0.274,-12.126,1,35,0.133,168.426,0.298,5
0.446,0.597,176320,0.715,0,0.454,7,0.424,-13.671,1,33,0.0482,106.983,0.772,5
0.000354,0.629,236520,0.8909999999999999,0,0.0459,2,0.251,-4.912,1,46,0.213,109.91,0.518,1
0.913,0.513,233360,0.28600000000000003,0,0.0672,1,0.496,-7.07,1,2,0.0347,104.885,0.35700000000000004,9
0.0778,0.627,410000,0.574,0,0.222,7,0.117,-11.017,1,36,0.136,150.452,0.8959999999999999,5
0.945,0.441,116720,0.28300000000000003,0,0.928,4,0.19,-11.717,1,32,0.05,93.856,0.165,3
0.652,0.516,131160,0.684,0,0.0,8,0.685,-5.659,1,47,0.0797,161.167,0.84,4
0.8220000000000001,0.389,254240,0.246,0,0.000202,3,0.105,-12.545,1,44,0.0311,135.641,0.26,6
0.000651,0.2,184427,0.863,0,0.0,5,0.339,-3.424,1,57,0.0626,93.977,0.468,2
0.275,0.679,277040,0.789,0,0.0,5,0.165,-9.164,1,45,0.0495,175.98,0.971,3
0.16399999999999998,0.58,191533,0.232,0,0.0,0,0.111,-17.008,1,31,0.0271,78.702,0.732,6
0.883,0.8240000000000001,283893,0.273,0,0.075,2,0.115,-17.147000000000002,1,39,0.0564,114.713,0.928,3
0.609,0.46,193320,0.315,0,1.4800000000000002e-05,4,0.17,-13.173,1,31,0.03,104.908,0.449,5
0.995,0.7070000000000001,181651,0.0843,0,0.131,11,0.123,-10.317,1,0,0.5429999999999999,72.08,0.899,7
0.0606,0.5539999999999999,224773,0.398,0,5.97e-05,0,0.0528,-16.320999999999998,1,36,0.0274,110.432,0.65,4
0.888,0.395,191867,0.373,0,0.0,9,0.43,-10.659,1,20,0.0828,180.866,0.7090000000000001,8
0.116,0.8170000000000001,207080,0.7020000000000001,0,1.18e-06,10,0.0549,-9.259,1,38,0.105,109.972,0.964,3
0.299,0.5870000000000001,260747,0.8420000000000001,0,0.51,1,0.268,-10.463,1,54,0.0302,85.29700000000003,0.794,5
0.989,0.35,654587,0.196,0,0.514,5,0.18600000000000005,-15.47,1,0,0.0482,90.054,0.069,7
0.675,0.7,174520,0.474,0,0.0,7,0.438,-7.28,1,0,0.122,114.939,0.848,9
0.000231,0.304,98707,0.98,0,0.00333,9,0.149,-5.2620000000000005,0,26,0.239,147.029,0.0399,4
0.994,0.32299999999999995,177240,0.11,0,0.18,10,0.11,-19.864,0,0,0.0577,74.438,0.364,8
0.0542,0.7040000000000001,242200,0.627,0,0.0153,9,0.0846,-11.073,0,44,0.0331,107.543,0.851,5
0.016,0.83,313553,0.5379999999999999,0,0.774,11,0.0739,-14.309,0,36,0.0478,132.312,0.96,4
0.984,0.474,193608,0.442,0,0.204,2,0.132,-8.084,1,0,0.0414,85.277,0.794,8
0.376,0.807,171333,0.433,0,1.03e-05,8,0.122,-12.178,0,32,0.139,136.773,0.961,4
0.28300000000000003,0.5920000000000001,248693,0.415,1,0.0,7,0.0883,-10.019,0,48,0.13,126.475,0.339,1
0.645,0.519,248893,0.737,0,1.77e-06,10,0.271,-8.7,1,54,0.0437,82.999,0.6679999999999999,3
0.8190000000000001,0.675,409427,0.364,0,0.000525,10,0.0653,-14.929,0,28,0.0269,105.706,0.726,6
0.65,0.465,241773,0.43,0,0.8690000000000001,2,0.377,-17.528,1,20,0.0749,170.52599999999995,0.5429999999999999,4
0.838,0.525,66067,0.387,0,0.952,3,0.146,-15.107,1,0,0.0393,110.069,0.7759999999999999,9
0.0202,0.828,243867,0.5710000000000001,0,0.0,5,0.117,-8.799,1,48,0.146,145.905,0.631,3
0.00393,0.458,219973,0.574,0,0.0168,7,0.609,-15.923,1,30,0.0343,130.039,0.387,4
0.0173,0.363,254827,0.58,0,0.000188,0,0.0832,-10.467,1,25,0.0599,174.293,0.526,5
0.307,0.627,163707,0.45,0,0.0,6,0.109,-11.083,1,45,0.0309,128.54399999999998,0.382,2
2.8e-06,0.195,246413,0.665,0,0.928,0,0.0723,-9.097,1,46,0.0345,89.005,0.358,3
0.151,0.706,330783,0.688,1,0.0,1,0.466,-6.357,1,67,0.269,125.966,0.313,1
0.35700000000000004,0.76,243440,0.428,0,0.000351,9,0.0753,-8.767999999999999,1,60,0.0347,108.574,0.459,1
0.506,0.736,202280,0.449,0,6.63e-05,10,0.117,-7.956,0,66,0.0633,147.971,0.487,1
0.0693,0.7909999999999999,213000,0.949,0,0.5579999999999999,1,0.0653,-5.1770000000000005,0,38,0.0988,92.05,0.831,2
0.127,0.303,226960,0.8959999999999999,0,0.26,5,0.271,-6.557,1,32,0.0517,107.169,0.388,6
0.721,0.261,189160,0.486,0,0.000417,5,0.138,-10.136,1,32,0.0307,101.334,0.451,6
0.464,0.399,751813,0.265,0,0.0201,3,0.378,-16.925,1,32,0.0479,116.27,0.107,5
0.21,0.6509999999999999,175000,0.309,0,0.0,11,0.0994,-12.794,0,48,0.032,120.134,0.65,1
0.000588,0.44,181493,0.968,0,4.98e-05,2,0.166,-5.7170000000000005,1,43,0.149,166.88299999999995,0.324,2
0.679,0.5579999999999999,232573,0.387,0,3.11e-06,8,0.0809,-9.4,1,44,0.0307,81.896,0.581,3
0.0645,0.853,245067,0.6890000000000001,0,2.99e-06,10,0.0415,-5.364,0,60,0.0564,125.01,0.948,2
0.905,0.5870000000000001,160040,0.174,0,0.000573,0,0.695,-10.9,0,0,0.513,72.681,0.411,8
8.18e-05,0.446,279000,0.904,0,0.000712,0,0.0656,-5.8679999999999986,0,48,0.046,133.759,0.643,4
0.149,0.6859999999999999,470507,0.755,0,0.063,1,0.111,-8.304,0,51,0.0488,119.895,0.6859999999999999,5
0.152,0.555,238600,0.726,0,0.000178,2,0.14800000000000002,-8.939,1,55,0.0368,107.719,0.505,2
0.679,0.297,178240,0.337,0,0.106,0,0.136,-14.401,1,27,0.034,78.405,0.328,5
0.977,0.458,181880,0.177,0,0.0503,7,0.0903,-16.373,0,1,0.0805,139.444,0.667,9
0.746,0.517,131427,0.362,0,0.000656,9,0.16899999999999998,-10.944,1,37,0.0351,144.673,0.787,4
0.29,0.638,230267,0.72,0,0.000817,5,0.132,-6.846,1,49,0.0275,123.689,0.8240000000000001,3
3.44e-06,0.406,154707,0.585,1,0.374,0,0.077,-13.407,1,40,0.0395,62.236,0.672,4
0.193,0.528,220933,0.878,0,0.000191,7,0.369,-5.172999999999999,1,44,0.07200000000000001,165.984,0.772,1
0.8859999999999999,0.395,200478,0.73,0,0.000103,6,0.241,-3.678,0,0,0.141,83.74600000000002,0.569,8
0.339,0.541,235160,0.7829999999999999,0,0.0,6,0.7020000000000001,-11.35,1,25,0.251,76.127,0.413,4
0.0751,0.516,175320,0.501,0,3.74e-06,4,0.0693,-12.743,1,47,0.0691,188.676,0.94,4
0.995,0.473,146440,0.16899999999999998,0,0.956,5,0.119,-18.467,1,16,0.0558,123.27,0.5479999999999999,7
0.979,0.565,183533,0.364,0,9.79e-06,0,0.446,-11.364,1,13,0.0866,90.362,0.7140000000000001,8
0.522,0.424,122560,0.17,0,0.00241,9,0.45,-15.462,0,36,0.0337,89.274,0.192,4
0.0391,0.552,204360,0.831,0,2.93e-06,8,0.0632,-5.2170000000000005,1,65,0.0298,129.889,0.14400000000000002,1
0.889,0.758,144400,0.266,0,0.0,6,0.271,-10.970999999999998,0,7,0.0368,126.037,0.745,7
5.25e-05,0.433,210027,0.8340000000000001,0,0.0,5,0.121,-3.987,1,41,0.0445,159.98,0.495,2
0.34600000000000003,0.8959999999999999,213989,0.675,1,8.11e-06,1,0.262,-3.908,1,70,0.124,131.999,0.659,1
0.525,0.711,101319,0.122,1,2.410000000000001e-05,5,0.16,-20.298,1,0,0.7090000000000001,127.266,0.625,8
0.0626,0.6970000000000001,181149,0.655,0,0.774,1,0.353,-9.781,0,59,0.15,86.969,0.415,1
0.981,0.527,152547,0.478,0,0.888,8,0.0887,-7.398,1,34,0.0617,203.12,0.8640000000000001,10
0.287,0.535,223387,0.56,0,0.0,4,0.209,-6.586,1,67,0.0901,164.17,0.785,1
0.994,0.485,202987,0.404,0,0.0915,10,0.17600000000000002,-13.12,0,0,0.0388,138.011,0.8240000000000001,9
0.7170000000000001,0.303,248840,0.361,0,4.66e-06,2,0.0644,-12.668,1,26,0.0327,84.954,0.251,6
0.268,0.774,155707,0.672,0,0.0,7,0.0497,-6.839,1,45,0.0365,114.564,0.941,2
0.995,0.461,117613,0.185,0,0.852,8,0.106,-22.507,0,0,0.0559,71.092,0.6890000000000001,10
0.0244,0.711,205000,0.8009999999999999,0,0.000113,6,0.135,-3.742,1,70,0.029,105.006,0.956,1
0.154,0.927,244520,0.5579999999999999,0,0.000267,8,0.0623,-2.352,0,51,0.046,92.906,0.975,2
0.86,0.612,139653,0.306,0,0.705,7,0.13699999999999998,-12.595,1,48,0.0302,117.711,0.376,6
0.0514,0.654,177787,0.636,1,0.0,1,0.519,-7.991,0,47,0.234,161.475,0.457,2
0.523,0.112,186040,0.275,0,0.0902,2,0.0822,-16.129,0,13,0.04,178.986,0.601,7
0.276,0.691,214347,0.518,0,2.55e-05,2,0.0863,-8.982000000000003,0,50,0.0281,85.02799999999998,0.735,2
