0.519,0.61,214413,0.6409999999999999,1,0.0,9,0.902,-4.352,0,65,0.268,67.413,0.852,1
0.691,0.515,147440,0.4920000000000001,0,1.86e-05,8,0.0418,-8.744,1,13,0.124,143.004,0.6679999999999999,7
0.509,0.6709999999999999,135987,0.617,0,9.87e-05,10,0.104,-10.994000000000002,1,23,0.0334,127.594,0.8909999999999999,6
0.4920000000000001,0.448,242773,0.524,0,1.12e-06,9,0.129,-7.3370000000000015,0,40,0.0266,71.17399999999998,0.35600000000000004,2
0.825,0.35700000000000004,165840,0.439,0,1.17e-06,1,0.35700000000000004,-5.77,0,11,0.0282,94.779,0.526,6
0.16899999999999998,0.436,281890,0.706,0,0.0,9,0.857,-12.733,1,25,0.189,127.786,0.431,5
0.777,0.234,269667,0.205,0,0.00223,7,0.306,-16.224,0,25,0.0361,89.40100000000002,0.174,7
0.243,0.83,218600,0.616,0,0.0,4,0.0477,-7.382999999999999,0,54,0.0499,123.965,0.386,1
0.598,0.276,138880,0.387,0,0.0,7,0.33,-10.261,1,0,0.0366,201.752,0.523,9
0.117,0.708,213747,0.647,0,0.0,11,0.111,-6.127999999999999,1,70,0.0298,129.95,0.654,1
0.245,0.747,151147,0.847,0,9.52e-05,7,0.119,-5.525,1,15,0.0273,124.246,0.966,6
0.8590000000000001,0.382,697027,0.177,0,0.328,11,0.0898,-17.319000000000006,1,0,0.0446,92.524,0.183,8
0.0635,0.743,231693,0.78,0,0.0,7,0.126,-9.212,1,63,0.0722,109.044,0.597,3
0.189,0.083,114679,0.353,0,0.993,3,0.454,-25.84,0,66,0.0462,166.299,0.0282,1
0.118,0.552,197933,0.8059999999999999,0,0.0913,2,0.115,-8.616,1,58,0.0288,89.992,0.792,2
0.165,0.484,307000,0.531,0,2.09e-06,9,0.0969,-5.8660000000000005,0,46,0.0299,123.35,0.246,1
0.988,0.404,158173,0.0807,0,0.0,2,0.145,-22.099,0,0,0.0683,111.004,0.0836,7
0.179,0.89,309893,0.541,1,0.0,2,0.16699999999999998,-3.672,1,57,0.418,113.411,0.428,2
0.0398,0.369,185520,0.795,0,0.792,4,0.122,-8.838,1,25,0.185,103.331,0.39,5
0.0659,0.47,205442,0.696,0,3.85e-05,9,0.0962,-4.749,1,61,0.104,169.976,0.802,1
0.965,0.594,198426,0.212,0,0.934,2,0.11,-17.112000000000002,0,0,0.0508,110.141,0.619,8
0.655,0.222,164640,0.434,0,2.83e-06,5,0.29100000000000004,-8.043,1,15,0.0321,200.355,0.478,6
0.151,0.662,207533,0.7140000000000001,0,8.31e-06,10,0.126,-7.2810000000000015,1,38,0.0313,76.66,0.6509999999999999,3
0.755,0.0765,43013,0.0957,0,0.321,7,0.721,-35.379,1,7,0.057,78.72800000000002,0.0764,6
0.00012,0.5489999999999999,129667,0.981,0,3.81e-06,0,0.41,-4.308,1,53,0.118,120.866,0.593,2
0.0493,0.593,241720,0.845,0,0.0,9,0.0929,-5.08,1,42,0.0908,96.047,0.728,2
0.977,0.063,541800,0.0233,0,0.921,6,0.18,-27.782,0,40,0.042,68.444,0.0334,4
0.7490000000000001,0.496,131947,0.267,0,0.0,7,0.0543,-19.356,0,25,0.0461,124.833,0.62,6
0.0255,0.514,210233,0.679,0,0.0,6,0.0594,-6.117000000000001,1,55,0.0273,164.109,0.496,2
0.0736,0.706,103800,0.215,1,0.0,9,0.322,-18.726,0,0,0.949,67.692,0.705,10
0.472,0.388,295067,0.579,0,0.00055,5,0.219,-6.983,1,63,0.0286,70.66199999999998,0.381,3
0.669,0.7170000000000001,187481,0.6509999999999999,0,0.0,7,0.104,-6.0760000000000005,0,0,0.173,95.43,0.957,9
0.375,0.731,250307,0.4,0,6.8e-05,0,0.299,-13.311,1,31,0.0356,114.424,0.463,4
1.92e-06,0.219,212987,0.908,0,0.933,7,0.319,-8.505,1,44,0.1,121.476,0.208,3
0.936,0.258,228213,0.159,0,0.959,10,0.113,-14.334,1,49,0.0299,61.355,0.0869,2
0.0053,0.701,189640,0.618,0,0.00027,7,0.142,-5.7360000000000015,1,48,0.0759,98.818,0.5429999999999999,2
0.158,0.628,222480,0.665,0,0.00278,4,0.177,-6.626,1,48,0.112,72.032,0.447,1
0.00254,0.354,253200,0.9,0,0.0104,6,0.248,-12.372,0,30,0.0604,98.297,0.682,4
0.107,0.55,388000,0.915,0,0.000114,0,0.944,-10.941,1,33,0.0976,113.658,0.35700000000000004,4
0.208,0.514,233818,0.632,0,0.0132,2,0.115,-6.305,1,63,0.0501,94.569,0.31,1
0.8290000000000001,0.485,149613,0.38,0,0.0,3,0.103,-11.773,1,66,0.034,92.933,0.531,6
0.454,0.316,134893,0.46,0,0.88,3,0.118,-9.33,1,21,0.0437,117.815,0.0838,6
0.0307,0.385,169057,0.951,0,1.36e-05,2,0.113,-4.198,1,51,0.0735,192.322,0.797,2
0.8170000000000001,0.434,140200,0.336,0,0.0,7,0.199,-13.413,1,35,0.0483,135.924,0.604,7
0.182,0.414,361160,0.648,0,1.0800000000000003e-05,3,0.275,-11.275,1,32,0.0543,111.65,0.562,6
0.147,0.496,198680,0.731,0,1.29e-06,2,0.207,-5.283,1,48,0.0688,96.997,0.29600000000000004,2
0.205,0.545,267627,0.606,0,0.914,5,0.0676,-7.942,0,36,0.0319,82.995,0.407,3
0.162,0.799,227833,0.586,0,2.03e-06,11,0.193,-6.735,1,60,0.0377,120.97,0.5489999999999999,1
0.957,0.0559,171719,0.338,0,1.0,10,0.112,-31.434,0,71,0.104,58.227,0.0212,1
0.5770000000000001,0.597,197960,0.914,0,0.000886,11,0.127,-4.892,1,22,0.0375,100.926,0.6409999999999999,4
0.8590000000000001,0.5329999999999999,155733,0.292,0,1.59e-06,2,0.0966,-9.592,1,10,0.0288,95.154,0.547,6
0.253,0.4,222528,0.526,0,0.0,10,0.0862,-7.382999999999999,1,44,0.122,77.516,0.632,3
0.625,0.6559999999999999,118413,0.563,0,0.0,5,0.0521,-6.8439999999999985,1,18,0.0652,204.346,0.966,7
0.163,0.627,173840,0.787,0,4.12e-06,6,0.0894,-6.6670000000000025,1,30,0.0399,137.811,0.963,4
0.173,0.511,207667,0.644,0,6.17e-05,4,0.0928,-12.191,1,57,0.0352,128.067,0.828,5
0.573,0.6629999999999999,246333,0.317,0,0.0321,6,0.117,-12.597,0,35,0.0645,134.02,0.857,3
0.007140000000000001,0.8590000000000001,226800,0.772,1,0.0,7,0.0463,-8.67,1,33,0.306,91.5,0.7759999999999999,3
0.845,0.5379999999999999,143800,0.268,0,0.477,8,0.103,-11.755,1,26,0.0241,95.239,0.392,6
0.95,0.588,195840,0.0929,0,0.00539,11,0.128,-14.300999999999998,1,56,0.0443,152.139,0.502,1
0.949,0.5920000000000001,169773,0.17600000000000002,0,0.0635,0,0.0715,-15.828,1,6,0.0404,97.312,0.6609999999999999,9
0.0987,0.516,200573,0.486,0,1.48e-06,3,0.14300000000000002,-11.81,0,36,0.0272,132.542,0.471,4
0.6,0.21,157149,0.309,0,0.44,7,0.112,-14.295,1,20,0.0339,83.542,0.547,6
0.228,0.481,82680,0.498,0,0.0,8,0.0724,-5.445,1,24,0.0757,179.81099999999995,0.884,6
0.275,0.642,283747,0.7559999999999999,0,0.0281,0,0.103,-7.049,1,56,0.0466,153.983,0.192,2
0.00722,0.38,249667,0.6629999999999999,0,0.7909999999999999,1,0.191,-10.476,1,55,0.0456,173.139,0.429,2
0.899,0.425,378760,0.299,0,0.7,9,0.736,-13.243,1,0,0.0574,127.038,0.298,7
0.0693,0.595,224093,0.923,1,0.0,7,0.505,-3.449,1,51,0.14400000000000002,125.029,0.782,1
7.68e-05,0.384,182067,0.967,0,0.0243,5,0.0306,-4.197,1,36,0.0964,154.623,0.7070000000000001,2
0.000165,0.434,290467,0.972,1,0.000223,2,0.0482,-5.72,1,45,0.152,90.73,0.141,3
0.722,0.493,319373,0.467,0,3.33e-06,7,0.523,-12.783,1,36,0.0388,115.904,0.379,5
0.187,0.588,212907,0.795,0,0.0,7,0.101,-5.267,1,47,0.0815,79.933,0.725,1
0.129,0.569,218973,0.91,0,3.52e-05,10,0.371,-5.5539999999999985,1,26,0.0786,147.3,0.6579999999999999,4
0.258,0.4370000000000001,268827,0.685,0,0.00151,0,0.677,-8.908,1,25,0.0832,99.468,0.502,6
0.872,0.674,94200,0.134,0,0.0,0,0.0651,-16.919,1,0,0.206,87.715,0.746,7
0.992,0.494,136733,0.0162,0,1.75e-06,7,0.09,-18.573,0,28,0.0524,131.408,0.4,7
0.00116,0.588,300027,0.923,1,0.368,1,0.0984,-6.942,1,43,0.0874,89.97399999999998,0.551,2
0.385,0.268,121360,0.493,0,0.735,7,0.452,-8.307,1,2,0.0354,176.673,0.551,9
0.0437,0.685,260707,0.836,0,3.87e-06,1,0.0175,-4.783,1,45,0.0554,93.023,0.848,3
0.426,0.644,215400,0.472,0,0.00157,7,0.0994,-10.888,1,24,0.0387,145.17700000000005,0.6729999999999999,4
0.0623,0.742,149760,0.616,1,0.0,1,0.111,-6.285,1,60,0.179,150.855,0.396,1
0.958,0.249,217400,0.0409,0,0.000211,9,0.134,-24.59,0,1,0.0395,79.768,0.0589,8
0.174,0.631,214467,0.37,0,0.0,0,0.076,-13.002,1,32,0.0272,127.996,0.277,3
0.00491,0.7,321960,0.738,0,1.1e-05,2,0.35,-4.697,1,46,0.265,171.40400000000002,0.0588,2
0.19,0.7170000000000001,201460,0.575,1,0.0,0,0.106,-5.8210000000000015,0,53,0.204,109.648,0.193,1
0.7879999999999999,0.192,169693,0.0808,0,4.44e-05,0,0.146,-23.771,0,15,0.0403,171.597,0.149,6
0.0722,0.7829999999999999,130320,0.42,0,0.0316,11,0.0692,-11.05,0,55,0.103,131.75,0.716,6
0.979,0.459,181689,0.366,0,0.000237,8,0.105,-9.526,0,0,0.0328,67.277,0.7879999999999999,7
0.0877,0.5489999999999999,182493,0.7240000000000001,0,0.0,2,0.488,-6.81,1,43,0.0424,103.015,0.922,3
0.974,0.34600000000000003,172760,0.162,0,0.0315,2,0.1,-13.491,1,0,0.0546,73.09899999999998,0.402,7
0.6659999999999999,0.435,176560,0.16699999999999998,0,1.09e-05,6,0.247,-13.658,1,18,0.0376,101.812,0.478,6
0.5820000000000001,0.45,159893,0.604,0,0.0187,5,0.084,-8.472000000000001,1,26,0.0541,195.081,0.596,6
0.0199,0.816,258187,0.568,0,0.000822,10,0.267,-12.672,0,36,0.22,99.19,0.764,4
0.983,0.373,162400,0.0904,0,0.00384,4,0.0896,-15.435,0,8,0.0463,140.656,0.151,7
0.994,0.5660000000000001,139987,0.0252,0,0.8170000000000001,6,0.154,-24.415,1,0,0.0271,46.947,0.405,9
0.13699999999999998,0.845,196827,0.591,0,0.65,9,0.129,-14.87,1,37,0.0627,115.139,0.765,3
0.994,0.268,199928,0.336,0,0.912,7,0.27,-14.936,1,0,0.0596,73.058,0.621,9
0.0363,0.8420000000000001,362667,0.913,0,0.373,6,0.0892,-5.975,0,49,0.0483,122.219,0.8009999999999999,3
0.919,0.4320000000000001,176973,0.213,0,1.14e-06,0,0.386,-9.622,1,3,0.0322,95.477,0.544,7
0.8370000000000001,0.455,281293,0.206,0,0.375,2,0.0667,-16.499000000000002,0,20,0.0562,170.50099999999995,0.499,7
0.0809,0.63,349507,0.484,0,0.539,3,0.0795,-7.233,0,44,0.0259,125.121,0.247,2
0.99,0.542,190803,0.381,0,0.885,7,0.123,-12.811,1,0,0.0784,81.708,0.7509999999999999,8
0.0928,0.544,215933,0.758,0,0.000232,0,0.113,-5.854,1,51,0.0319,141.804,0.537,1
0.927,0.784,160040,0.319,0,0.000362,3,0.0709,-9.077,1,6,0.0577,127.8,0.465,7
0.496,0.682,155550,0.524,0,0.0,11,0.105,-6.649,1,43,0.0311,87.03200000000002,0.738,3
0.885,0.445,219733,0.337,0,0.000399,0,0.14400000000000002,-6.852,0,34,0.0283,100.247,0.315,5
0.622,0.809,195560,0.3670000000000001,0,0.0125,0,0.465,-11.838,1,28,0.0876,79.32,0.601,6
0.102,0.601,239547,0.7490000000000001,1,0.0,9,0.0877,-4.635,0,59,0.0456,160.34,0.338,2
0.974,0.215,257760,0.16899999999999998,0,0.0585,9,0.0907,-17.88,1,64,0.0402,132.925,0.0547,2
0.0497,0.75,245481,0.8740000000000001,0,0.0,7,0.332,-4.6080000000000005,1,58,0.0444,100.038,0.773,2
0.0379,0.517,165133,0.88,0,0.37,1,0.17,-10.337,1,32,0.0398,116.24,0.6779999999999999,4
0.923,0.122,101333,0.0543,0,0.846,6,0.155,-21.424,1,11,0.0418,172.954,0.0999,7
0.0329,0.865,459667,0.746,0,0.00396,7,0.141,-8.58,1,53,0.0486,132.846,0.961,2
0.539,0.77,165040,0.451,0,0.0,7,0.128,-15.541,1,25,0.158,134.683,0.836,6
0.7859999999999999,0.81,154893,0.199,0,4.71e-06,8,0.16699999999999998,-15.523,1,20,0.036000000000000004,96.833,0.7509999999999999,7
0.7140000000000001,0.522,132865,0.8029999999999999,0,3.06e-06,9,0.0821,-9.831,1,30,0.157,181.868,0.759,6
0.929,0.568,113842,0.452,0,2.89e-06,5,0.179,-10.451,0,0,0.0391,94.064,0.789,8
0.693,0.653,120427,0.234,0,0.0,0,0.0837,-13.822,1,12,0.341,172.14,0.867,6
0.789,0.5870000000000001,289933,0.441,0,0.8390000000000001,5,0.0905,-10.952,0,10,0.0891,158.571,0.857,6
0.179,0.7759999999999999,236107,0.556,0,1.48e-06,6,0.12,-5.648,0,58,0.0346,103.055,0.964,2
0.00593,0.745,236600,0.695,0,0.0,2,0.0615,-5.0760000000000005,1,54,0.0271,102.014,0.519,2
0.0906,0.67,181908,0.474,1,0.0299,1,0.0762,-7.245,1,57,0.383,94.973,0.268,1
0.223,0.6609999999999999,307525,0.828,0,9.97e-05,5,0.376,-11.376,0,37,0.0343,108.265,0.858,3
0.8690000000000001,0.537,171533,0.354,0,0.759,1,0.16,-16.294,1,20,0.0488,159.22899999999996,0.456,6
0.919,0.7929999999999999,143640,0.0928,0,6.72e-06,8,0.0948,-15.303,1,13,0.0452,88.361,0.441,9
0.995,0.436,224133,0.00518,0,0.932,7,0.0788,-36.593,1,47,0.067,135.286,0.275,2
0.902,0.55,199866,0.0548,0,0.895,9,0.106,-30.269,1,50,0.0549,164.282,0.265,1
0.00252,0.478,278400,0.928,0,0.0417,9,0.105,-6.127000000000002,1,41,0.321,173.704,0.4,3
0.8340000000000001,0.461,205453,0.267,0,2.03e-05,0,0.107,-8.514,1,71,0.0278,87.91799999999998,0.481,1
0.8859999999999999,0.22,143000,0.193,0,0.000155,8,0.105,-12.931,1,9,0.0343,171.454,0.231,7
0.759,0.802,177347,0.443,0,0.0,7,0.0354,-4.893,1,52,0.0549,108.503,0.965,2
0.00248,0.412,526800,0.777,0,0.784,0,0.851,-11.422,0,26,0.0319,129.283,0.6459999999999999,4
0.983,0.249,266160,0.162,0,0.851,5,0.147,-16.226,1,42,0.0345,90.6,0.0811,3
0.82,0.463,183983,0.4320000000000001,0,0.0,5,0.101,-9.14,1,3,0.0295,105.846,0.7709999999999999,8
0.415,0.5589999999999999,217427,0.303,0,0.0,2,0.158,-12.173,1,45,0.0444,112.306,0.502,6
0.5870000000000001,0.476,286760,0.384,0,0.0,0,0.0908,-10.689,0,40,0.0306,111.598,0.249,3
0.99,0.18,254107,0.112,0,3.8e-05,9,0.0982,-20.895,1,0,0.043,169.813,0.0391,7
0.988,0.391,432733,0.11,0,0.353,4,0.287,-17.88,1,0,0.0399,144.796,0.454,8
0.612,0.818,102493,0.314,0,0.0,4,0.385,-12.528,1,50,0.0863,86.529,0.778,4
0.335,0.7440000000000001,201213,0.8190000000000001,0,1.15e-05,5,0.266,-6.385,1,23,0.0734,110.963,0.757,5
0.0303,0.274,189440,0.92,0,0.000412,6,0.115,-4.096,1,67,0.0489,153.986,0.0397,2
0.0156,0.67,158773,0.847,0,0.0,9,0.22,-3.723,1,62,0.043,150.109,0.613,1
0.956,0.458,379627,0.118,0,0.87,0,0.172,-15.937,0,16,0.0297,66.205,0.105,6
0.397,0.581,310507,0.264,0,0.0,7,0.162,-13.887,1,21,0.0254,95.408,0.36,4
0.993,0.207,313613,0.136,0,0.903,2,0.384,-23.674,0,0,0.0509,70.824,0.0395,7
0.115,0.6679999999999999,259293,0.913,0,3.46e-06,9,0.459,-5.476,1,31,0.0449,107.663,0.823,3
0.0049700000000000005,0.32,178293,0.943,1,0.192,6,0.0984,-5.789,0,51,0.126,166.524,0.49,3
0.99,0.199,237253,0.175,0,0.000153,10,0.132,-14.979,0,2,0.0351,81.247,0.138,7
0.000256,0.445,113640,0.879,0,0.0123,6,0.241,-4.5760000000000005,0,31,0.0384,186.846,0.8640000000000001,5
0.00339,0.545,238587,0.979,0,0.000118,4,0.0775,-2.8,0,75,0.153,135.002,0.309,1
0.0167,0.586,223613,0.941,0,0.000776,5,0.068,-5.1389999999999985,1,74,0.0375,135.44799999999998,0.831,5
0.0954,0.565,121413,0.765,0,0.8170000000000001,8,0.391,-8.46,1,18,0.0316,151.84799999999996,0.964,6
0.932,0.555,195147,0.627,0,0.925,7,0.326,-7.1960000000000015,1,0,0.0354,111.17,0.86,9
0.923,0.37,140960,0.187,0,0.00152,9,0.616,-11.654000000000002,0,5,0.0303,144.94899999999996,0.156,7
0.996,0.604,161160,0.165,0,0.531,0,0.0934,-9.838,1,0,0.0651,126.009,0.327,10
0.765,0.51,183627,0.431,0,0.0,0,0.102,-7.28,1,41,0.0667,191.979,0.965,3
0.00256,0.526,217173,0.555,0,0.0159,9,0.0933,-11.909,1,21,0.0384,152.09,0.501,5
0.000371,0.464,240400,0.848,0,0.0422,9,0.107,-4.069,1,45,0.0405,142.105,0.298,2
0.994,0.401,192867,0.16699999999999998,0,0.0185,7,0.29,-15.82,1,7,0.0839,85.837,0.321,9
0.88,0.434,172613,0.232,0,1.93e-05,0,0.14,-12.985,1,37,0.0321,98.624,0.4320000000000001,5
0.6609999999999999,0.648,247573,0.264,0,0.0,0,0.111,-13.579,1,27,0.202,105.477,0.384,5
0.627,0.408,132773,0.499,0,2.61e-06,9,0.259,-9.506,1,35,0.0811,165.822,0.908,5
0.989,0.487,89400,0.0226,0,0.588,4,0.0801,-21.484,1,0,0.0748,65.002,0.969,8
0.203,0.679,201427,0.779,0,0.0,9,0.219,-5.124,1,48,0.0334,110.557,0.703,2
0.0725,0.805,168933,0.496,1,0.016,8,0.103,-7.294,1,64,0.103,159.917,0.299,1
0.306,0.593,497080,0.8590000000000001,0,0.339,0,0.79,-5.159,1,28,0.0385,96.436,0.951,6
0.642,0.679,91840,0.518,0,0.284,0,0.249,-11.52,0,41,0.0572,155.062,0.515,6
0.8390000000000001,0.574,179747,0.223,0,0.0,4,0.196,-15.505,1,0,0.0445,106.785,0.603,9
0.281,0.804,296293,0.5720000000000001,0,0.0005009999999999999,9,0.133,-5.8439999999999985,0,57,0.039,120.993,0.631,1
8.78e-06,0.509,189760,0.91,1,0.102,11,0.404,-6.5310000000000015,0,57,0.038,101.174,0.358,3
0.00137,0.7490000000000001,175787,0.795,0,0.0,8,0.0499,-7.06,1,49,0.0518,124.997,0.488,1
0.42,0.677,192800,0.7759999999999999,0,0.0006889999999999999,5,0.0954,-5.933,1,67,0.0386,121.834,0.642,1
0.000755,0.421,217573,0.8909999999999999,0,0.0168,7,0.195,-5.886,1,36,0.0574,91.193,0.498,3
0.000874,0.503,259600,0.626,0,9.78e-05,8,0.071,-11.140999999999998,1,25,0.0353,88.633,0.563,4
0.992,0.245,76951,0.177,0,0.022,1,0.0929,-19.114,1,21,0.0342,128.774,0.0735,6
0.35100000000000003,0.648,220840,0.607,0,0.475,8,0.969,-14.527,1,26,0.08800000000000001,108.0,0.8190000000000001,7
0.32299999999999995,0.713,385333,0.205,0,0.00625,5,0.109,-15.696,0,51,0.0439,154.049,0.314,2
0.0557,0.603,238413,0.764,1,0.0,7,0.621,-7.407,1,72,0.287,119.942,0.382,0
0.0302,0.649,294384,0.929,0,0.77,3,0.339,-13.082,1,34,0.0439,131.711,0.517,4
0.000114,0.555,254200,0.8390000000000001,0,0.0574,5,0.102,-3.583,1,57,0.0483,124.877,0.637,2
0.209,0.493,268040,0.405,0,0.0,9,0.322,-19.44,1,35,0.0622,111.545,0.612,4
0.889,0.532,218360,0.433,0,0.179,3,0.1,-13.338,1,38,0.0318,127.644,0.524,5
0.0492,0.645,250837,0.821,0,0.0,11,0.193,-3.679,1,70,0.213,179.968,0.8440000000000001,1
0.715,0.7440000000000001,312640,0.738,0,0.007409999999999998,10,0.0672,-4.751,0,47,0.0333,147.046,0.89,5
0.142,0.521,380467,0.387,0,0.0006799999999999999,7,0.112,-12.204,1,54,0.0289,130.216,0.29100000000000004,5
0.229,0.377,208659,0.5760000000000001,0,1.07e-05,11,0.161,-4.9510000000000005,1,55,0.0639,206.235,0.265,1
0.108,0.6859999999999999,205707,0.722,0,0.0,2,0.494,-5.4,1,70,0.256,94.006,0.515,2
0.984,0.233,206132,0.436,0,0.00141,5,0.8220000000000001,-8.756,0,0,0.106,168.702,0.318,9
0.198,0.556,251760,0.623,0,0.0,0,0.0582,-7.258999999999999,0,34,0.0305,103.903,0.451,5
0.995,0.62,196526,0.0936,0,0.55,2,0.226,-10.545,1,0,0.185,73.12899999999998,0.812,8
0.000926,0.201,203933,0.647,0,7.900000000000001e-05,10,0.17600000000000002,-6.8420000000000005,1,47,0.0363,115.609,0.32,2
0.183,0.302,337600,0.775,0,0.0216,0,0.251,-6.778,1,21,0.11,179.528,0.578,5
0.516,0.506,352827,0.652,0,1.98e-05,0,0.895,-13.022,1,14,0.0518,77.438,0.818,6
0.443,0.16,188400,0.234,0,1.6e-05,6,0.16699999999999998,-15.459,1,26,0.0367,77.607,0.355,7
0.408,0.799,148707,0.805,0,0.0,2,0.0982,-5.614,1,29,0.0379,105.145,0.966,4
0.404,0.6709999999999999,162000,0.132,0,0.00256,9,0.118,-15.01,0,12,0.0413,86.48700000000002,0.609,7
0.979,0.517,187760,0.28300000000000003,0,4.3e-05,7,0.443,-11.983,1,2,0.0364,90.833,0.527,9
0.00702,0.599,270840,0.816,0,2.8e-06,6,0.508,-5.002,0,57,0.0514,126.02,0.595,1
0.00834,0.298,257867,0.327,0,0.86,6,0.0724,-16.515,0,54,0.031,175.898,0.454,5
0.769,0.275,192161,0.232,0,0.00278,0,0.428,-16.512,0,43,0.0418,83.935,0.0586,4
0.87,0.342,200587,0.249,0,5.09e-05,1,0.152,-11.812,1,56,0.0277,94.746,0.203,1
0.145,0.0,108387,7.329999999999999e-05,0,0.7340000000000001,8,0.139,-29.554,1,62,0.0,0.0,0.0,1
0.795,0.6920000000000001,141087,0.368,0,1.27e-06,7,0.17800000000000002,-10.253,1,1,0.0383,123.249,0.816,8
0.773,0.463,206867,0.361,0,0.0,0,0.0961,-8.282,1,53,0.0308,134.563,0.335,3
0.282,0.5479999999999999,230600,0.6459999999999999,0,0.0,8,0.337,-12.438,1,38,0.0465,81.521,0.884,4
0.513,0.545,179413,0.5710000000000001,0,0.000124,7,0.647,-10.936,1,24,0.0404,129.841,0.6559999999999999,6
0.005229999999999999,0.34600000000000003,247118,0.41,0,0.488,0,0.277,-10.56,1,0,0.032,175.021,0.354,8
0.794,0.423,318360,0.23,1,0.0,9,0.0872,-14.205,1,53,0.0859,80.854,0.211,1
0.986,0.847,164165,0.218,0,0.777,5,0.129,-13.996,1,0,0.12,113.959,0.7040000000000001,8
0.888,0.336,250520,0.28,0,0.00228,7,0.111,-13.741,1,44,0.0322,147.644,0.162,1
0.0030800000000000003,0.512,257653,0.625,0,0.000164,11,0.34600000000000003,-6.7639999999999985,1,65,0.0508,129.935,0.201,1
0.355,0.628,259733,0.6509999999999999,1,0.0,1,0.315,-5.5360000000000005,0,38,0.28,87.956,0.293,3
0.928,0.326,447400,0.242,0,0.898,10,0.314,-12.828,1,0,0.0424,113.713,0.31,8
0.273,0.444,231307,0.889,0,0.000278,7,0.193,-3.756,1,49,0.105,169.907,0.633,3
0.0222,0.6629999999999999,183173,0.735,0,2.17e-06,1,0.124,-5.14,0,32,0.0395,90.101,0.5660000000000001,3
0.652,0.5479999999999999,184493,0.534,0,0.0,5,0.0765,-8.931000000000003,1,17,0.0283,109.052,0.6829999999999999,5
0.0007599999999999999,0.505,223373,0.755,0,0.0725,8,0.348,-7.568,1,47,0.0315,157.993,0.532,2
0.116,0.13699999999999998,50373,0.999,0,0.932,6,0.441,-8.133,0,0,0.061,178.291,0.0405,8
0.0771,0.493,221425,0.735,0,0.0,1,0.107,-6.0120000000000005,1,42,0.0432,164.05900000000003,0.626,2
0.0125,0.584,202813,0.8959999999999999,0,0.007809999999999998,9,0.333,-7.017,0,35,0.0963,127.674,0.306,4
0.897,0.475,171560,0.475,0,0.685,5,0.378,-13.888,0,15,0.0445,74.101,0.797,7
0.865,0.525,169093,0.15,0,0.0,9,0.187,-12.001,1,0,0.0338,121.988,0.444,8
0.000301,0.769,255147,0.7070000000000001,0,0.0245,0,0.0478,-8.862,1,44,0.0426,117.954,0.93,3
0.912,0.376,429040,0.278,0,0.8859999999999999,0,0.0728,-8.597000000000001,0,40,0.0416,62.055,0.199,7
0.0014199999999999998,0.51,222173,0.892,0,7.04e-05,0,0.104,-4.296,1,42,0.0389,99.441,0.461,1
0.873,0.355,267493,0.342,0,0.879,3,0.0904,-13.785,1,38,0.0571,64.006,0.408,3
0.647,0.304,195640,0.4,0,0.0,5,0.203,-8.062999999999999,1,47,0.0285,98.22,0.396,2
0.214,0.344,234320,0.627,0,0.182,11,0.209,-7.996,0,31,0.0295,83.008,0.504,4
0.284,0.479,158773,0.7909999999999999,0,0.591,9,0.0676,-4.877,1,32,0.0666,144.216,0.835,5
0.051,0.5479999999999999,173653,0.768,0,0.006659999999999999,2,0.0564,-7.891,1,43,0.027000000000000003,100.863,0.8690000000000001,6
0.455,0.482,258667,0.32299999999999995,0,0.0,6,0.142,-11.649,1,20,0.0472,123.363,0.376,6
0.537,0.608,237920,0.569,0,0.0,0,0.097,-7.227,1,54,0.0284,159.845,0.238,1
0.218,0.846,854333,0.409,0,0.833,0,0.116,-8.592,0,30,0.109,103.383,0.82,5
0.995,0.204,150440,0.0431,0,0.913,5,0.197,-28.5,1,0,0.0353,85.88,0.19,8
0.682,0.636,143867,0.34700000000000003,0,1.3e-06,8,0.134,-13.737,0,24,0.0334,122.882,0.8640000000000001,6
0.977,0.68,174933,0.0957,0,0.878,0,0.109,-21.367,1,9,0.0478,113.021,0.374,7
0.993,0.453,244902,0.111,0,0.8759999999999999,5,0.0986,-21.699,0,16,0.0341,107.067,0.184,8
0.35200000000000004,0.784,289173,0.603,0,0.438,4,0.0666,-14.893,0,30,0.0522,120.577,0.245,4
0.00108,0.768,257520,0.821,0,0.0248,9,0.166,-4.026,0,40,0.0294,131.97899999999998,0.7559999999999999,2
0.805,0.73,151800,0.251,0,1.02e-05,6,0.0669,-10.475,1,5,0.027000000000000003,107.014,0.506,7
0.747,0.264,188360,0.278,0,3.05e-05,2,0.309,-12.785,1,0,0.0341,133.309,0.308,8
0.28,0.475,230973,0.4970000000000001,0,0.00151,0,0.326,-11.748,1,44,0.0503,111.081,0.0737,3
0.873,0.72,185200,0.7929999999999999,0,0.00316,10,0.475,-10.372,1,0,0.0476,127.2,0.48,8
0.0061,0.398,175120,0.99,0,0.00292,4,0.314,-3.208,0,32,0.0841,99.785,0.706,3
0.126,0.698,100100,0.334,1,0.0,5,0.34,-13.874,0,0,0.953,101.887,0.46,10
0.774,0.416,145360,0.88,0,1.23e-05,2,0.942,-6.356,1,20,0.29,107.657,0.737,6
0.831,0.532,189707,0.314,0,0.0,6,0.0923,-14.545,0,23,0.0446,110.329,0.179,4
0.395,0.325,291733,0.565,0,0.245,7,0.112,-7.303,1,46,0.0306,138.30200000000002,0.0881,2
0.0587,0.585,277133,0.737,0,1.48e-06,2,0.35200000000000004,-7.474,1,41,0.0388,126.62,0.629,4
0.467,0.403,132293,0.448,0,0.000223,0,0.115,-10.903,1,24,0.0293,104.302,0.5479999999999999,6
0.168,0.612,252133,0.313,0,1.56e-05,3,0.14400000000000002,-12.136,0,36,0.256,85.876,0.306,2
0.974,0.316,557867,0.0779,0,0.623,8,0.706,-21.44,1,38,0.0492,175.21900000000005,0.145,4
0.667,0.626,277327,0.32299999999999995,0,0.0,4,0.0605,-9.607,1,66,0.0339,130.086,0.234,1
0.907,0.298,199827,0.232,0,0.0,9,0.14400000000000002,-16.314,0,29,0.0401,87.34,0.199,6
0.957,0.154,225867,0.121,0,0.00065,7,0.132,-16.517,1,22,0.0325,175.37900000000005,0.0564,7
0.0657,0.259,162293,0.737,0,5.36e-06,4,0.0521,-11.487,1,50,0.0401,175.06799999999996,0.8590000000000001,3
0.516,0.474,125267,0.442,0,0.0,11,0.294,-15.785,0,35,0.458,179.57,0.742,3
0.731,0.732,161200,0.359,0,0.0227,7,0.0958,-10.425999999999998,1,15,0.0473,136.268,0.939,7
0.214,0.625,239173,0.6459999999999999,0,0.0533,9,0.0525,-13.592,0,53,0.0389,103.893,0.826,4
0.0303,0.557,259413,0.845,0,0.00851,8,0.354,-2.926,0,60,0.0346,123.997,0.508,1
0.209,0.66,180640,0.449,0,0.0,7,0.111,-6.573,1,72,0.0442,133.984,0.237,1
0.472,0.6459999999999999,184360,0.253,0,8.51e-05,2,0.273,-14.005,0,20,0.0685,86.975,0.34600000000000003,7
0.133,0.7909999999999999,338320,0.569,0,0.00035,2,0.139,-10.372,0,49,0.0553,123.977,0.889,5
0.632,0.657,349893,0.517,0,0.00139,5,0.241,-7.25,1,39,0.0417,81.915,0.574,5
0.173,0.637,261853,0.569,1,0.0,6,0.18,-5.858,1,59,0.55,140.269,0.14800000000000002,1
0.0434,0.272,263960,0.802,0,0.0,5,0.209,-4.613,0,38,0.151,151.17700000000005,0.41,5
0.928,0.259,321667,0.202,0,0.8240000000000001,9,0.0885,-16.56,0,0,0.0432,199.453,0.362,8
0.0243,0.454,266947,0.889,0,0.0,9,0.34,-5.718,1,24,0.0616,112.285,0.584,5
0.309,0.7170000000000001,460760,0.557,0,0.0529,11,0.0833,-11.359000000000002,1,46,0.0332,105.672,0.805,4
0.483,0.653,295027,0.7040000000000001,0,0.0211,2,0.298,-6.819,1,27,0.0493,116.009,0.649,6
0.96,0.34700000000000003,176907,0.215,0,0.00028700000000000004,3,0.622,-16.972,1,1,0.0451,133.549,0.157,7
0.993,0.695,201369,0.0732,0,0.00645,5,0.156,-11.226,0,0,0.241,137.974,0.552,9
0.0043100000000000005,0.498,225867,0.6779999999999999,1,0.000951,9,0.142,-7.407,0,50,0.141,172.19099999999997,0.205,1
0.163,0.368,183973,0.316,0,0.0156,2,0.22,-14.137,1,31,0.0421,110.528,0.222,5
0.989,0.226,870773,0.0886,0,0.897,9,0.289,-20.875,0,0,0.0375,79.456,0.0718,9
0.993,0.421,365587,0.0877,0,0.00867,4,0.35700000000000004,-19.475,0,1,0.0425,60.49800000000001,0.196,9
0.384,0.555,170427,0.569,0,0.0278,1,0.7190000000000001,-7.739,0,46,0.0361,109.027,0.7440000000000001,2
0.00184,0.542,262995,0.938,0,0.0,1,0.0693,-5.155,0,32,0.0654,85.137,0.62,4
0.215,0.653,217067,0.8140000000000001,0,9.95e-05,0,0.116,-7.995,1,31,0.0352,125.36,0.477,5
0.117,0.853,241960,0.8390000000000001,0,0.0228,11,0.111,-6.311,0,50,0.0702,105.045,0.836,2
0.382,0.735,277975,0.555,0,0.856,1,0.0952,-8.84,0,61,0.0366,100.01,0.523,2
0.782,0.518,134211,0.231,0,0.0,0,0.49,-13.574000000000002,1,25,0.035,112.99,0.8109999999999999,6
0.799,0.736,191600,0.201,0,0.0,2,0.142,-12.385,0,15,0.0363,119.467,0.564,6
0.75,0.605,256400,0.5710000000000001,0,3.87e-05,5,0.101,-6.431,1,35,0.0339,132.7,0.233,4
0.131,0.8440000000000001,374493,0.728,0,0.000875,4,0.0407,-11.979,0,24,0.0557,122.361,0.973,5
0.936,0.0,211880,0.202,0,0.0137,6,0.12,-12.399,1,3,0.0,0.0,0.0,9
0.305,0.8809999999999999,285696,0.57,0,0.00916,9,0.15,-9.373,0,30,0.172,107.387,0.551,4
0.158,0.755,153547,0.721,0,0.000924,2,0.0399,-7.622000000000001,1,25,0.0495,134.763,0.8079999999999999,6
0.738,0.318,160813,0.383,0,0.0013,9,0.17600000000000002,-11.943,0,19,0.0337,127.699,0.632,6
0.35700000000000004,0.525,302027,0.446,0,0.0,8,0.161,-8.797,1,45,0.0308,133.865,0.134,2
0.986,0.847,181507,0.245,0,0.0133,3,0.112,-12.628,1,0,0.311,113.327,0.8759999999999999,10
0.994,0.315,102680,0.0144,0,0.805,2,0.0868,-25.802,1,5,0.0451,74.111,0.18600000000000005,7
0.35200000000000004,0.569,208792,0.469,0,0.0,9,0.171,-7.63,1,48,0.255,165.62099999999995,0.574,2
0.928,0.626,138600,0.04,0,0.00178,4,0.11,-19.994,1,61,0.0405,117.136,0.418,5
0.00727,0.5770000000000001,225867,0.7879999999999999,0,1.27e-05,4,0.0637,-6.813,1,54,0.0309,105.428,0.914,4
0.8340000000000001,0.88,140773,0.304,0,0.9,0,0.0756,-13.821,1,26,0.0483,119.265,0.615,6
0.278,0.289,185027,0.433,0,0.0,10,0.5479999999999999,-9.782,1,38,0.0299,102.396,0.309,6
0.966,0.224,167867,0.204,0,4.45e-06,3,0.14300000000000002,-16.838,1,9,0.0339,169.36700000000005,0.219,6
0.00464,0.916,249267,0.662,0,0.00346,9,0.138,-16.404,0,49,0.605,135.65,0.406,4
0.4920000000000001,0.7609999999999999,184427,0.5870000000000001,0,8.71e-06,11,0.358,-10.843,1,32,0.0389,135.727,0.915,5
0.00188,0.6579999999999999,121880,0.7090000000000001,0,0.00447,8,0.0657,-6.7360000000000015,1,37,0.0904,129.69899999999998,0.855,2
0.0725,0.693,238120,0.364,0,0.0,2,0.358,-14.226,1,32,0.0293,100.958,0.899,4
0.0245,0.36,214787,0.878,0,0.0133,4,0.0766,-9.013,1,25,0.0737,188.412,0.696,4
0.394,0.528,245867,0.465,0,1.21e-05,1,0.254,-8.527999999999999,1,60,0.0438,165.794,0.482,2
0.0204,0.4370000000000001,333800,0.782,0,0.301,2,0.953,-6.005,1,28,0.0565,122.164,0.669,4
0.981,0.425,206440,0.236,0,0.701,11,0.154,-12.705,1,0,0.07400000000000001,207.163,0.895,8
0.00113,0.496,139872,0.865,0,0.0,0,0.425,-4.266,1,40,0.0311,127.789,0.629,3
0.888,0.813,169067,0.255,0,0.0,7,0.0788,-10.784,1,3,0.0786,120.447,0.7759999999999999,9
0.0206,0.73,156893,0.5660000000000001,1,0.0,9,0.337,-8.425,1,48,0.272,87.051,0.631,2
0.995,0.21,332427,0.161,0,0.861,9,0.101,-19.578,0,0,0.0384,172.08700000000005,0.182,8
0.282,0.425,164089,0.448,0,0.00024700000000000004,9,0.0495,-13.851,1,31,0.0337,152.259,0.5770000000000001,4
0.419,0.512,350102,0.403,0,0.103,1,0.108,-12.550999999999998,1,21,0.0499,111.227,0.395,6
0.0013,0.7509999999999999,282240,0.7559999999999999,0,0.00368,0,0.053,-10.363,1,38,0.0361,113.909,0.775,3
0.0263,0.845,189907,0.8270000000000001,0,0.000376,8,0.329,-5.6179999999999986,1,48,0.0424,118.903,0.962,3
0.189,0.557,171493,0.807,0,0.0,7,0.234,-5.428,1,59,0.0825,81.045,0.578,1
0.027000000000000003,0.779,224120,0.753,0,6.91e-05,9,0.0665,-8.318999999999999,0,33,0.0307,106.233,0.7509999999999999,4
0.361,0.504,195560,0.4,0,0.00015800000000000002,9,0.211,-13.031,1,56,0.0279,89.42200000000004,0.475,2
0.0423,0.597,238333,0.755,1,0.0,4,0.5820000000000001,-2.209,0,64,0.052000000000000005,89.146,0.0467,1
0.8540000000000001,0.65,156560,0.326,0,3.78e-05,9,0.334,-15.050999999999998,1,42,0.0446,120.747,0.591,4
0.5539999999999999,0.631,101813,0.557,0,3.82e-06,3,0.0806,-8.932,1,18,0.0287,140.648,0.964,6
0.8059999999999999,0.612,258307,0.475,0,8.5e-06,0,0.108,-8.899,0,37,0.0529,122.727,0.441,3
0.736,0.657,236042,0.149,0,0.000185,2,0.112,-18.918,1,37,0.0305,113.539,0.21,3
0.136,0.875,48107,0.482,0,1.5399999999999998e-05,1,0.34600000000000003,-14.403,1,36,0.379,99.868,0.66,4
0.0207,0.627,315440,0.883,0,0.00346,5,0.32299999999999995,-8.988,0,55,0.0947,149.024,0.252,3
0.428,0.589,179096,0.518,0,0.0,9,0.0794,-8.822000000000003,1,52,0.256,169.75,0.88,1
0.6729999999999999,0.672,112707,0.775,0,3.43e-06,4,0.115,-9.098,0,45,0.0454,102.119,0.883,7
0.111,0.461,166092,0.955,0,0.532,11,0.952,-6.684,1,45,0.0489,160.07299999999995,0.725,2
0.63,0.723,137587,0.677,0,0.0,7,0.329,-7.2189999999999985,1,41,0.069,86.851,0.909,5
0.984,0.0789,346600,0.0271,0,0.813,2,0.073,-27.237,1,45,0.0447,80.161,0.0373,2
0.995,0.499,201440,0.119,0,0.0945,4,0.102,-13.743,1,0,0.0375,70.895,0.26,9
0.8590000000000001,0.672,226600,0.52,0,0.0,8,0.115,-7.747000000000001,1,77,0.0353,120.001,0.37,1
0.857,0.529,171493,0.227,0,0.0,10,0.8440000000000001,-15.495,1,20,0.106,105.457,0.377,6
0.258,0.47,409529,0.299,0,0.00698,8,0.281,-17.808,1,7,0.0548,183.158,0.6759999999999999,6
0.18600000000000005,0.5479999999999999,204052,0.439,0,3.87e-05,2,0.154,-14.319,0,40,0.0284,128.382,0.63,5
0.736,0.257,162493,0.338,0,0.0,4,0.252,-12.902,1,70,0.0357,207.356,0.544,6
0.612,0.361,267267,0.6609999999999999,0,0.0163,10,0.312,-8.367,1,67,0.0625,97.595,0.239,1
0.897,0.369,154573,0.841,0,0.0007570000000000001,2,0.29100000000000004,-4.154,0,0,0.103,81.582,0.77,8
0.853,0.5660000000000001,171493,0.471,0,0.8909999999999999,2,0.107,-9.226,0,2,0.0368,101.263,0.502,9
0.977,0.389,192413,0.399,0,0.4270000000000001,5,0.223,-11.753,1,0,0.152,73.758,0.34,8
0.00328,0.758,248533,0.8270000000000001,0,0.000165,4,0.0951,-6.151,0,49,0.0774,97.515,0.506,1
0.626,0.535,127733,0.424,0,0.0,9,0.191,-7.491,1,62,0.0314,97.506,0.539,6
0.0507,0.7290000000000001,263693,0.971,0,0.625,6,0.314,-10.788,1,31,0.0407,117.643,0.696,4
0.993,0.534,170307,0.413,0,1.7100000000000002e-05,9,0.158,-7.29,1,0,0.0422,74.67699999999998,0.632,8
0.000161,0.5720000000000001,225293,0.983,0,4.61e-06,8,0.312,-2.8480000000000003,1,50,0.0828,127.97,0.552,1
0.608,0.5589999999999999,245452,0.446,0,0.000131,10,0.0902,-8.805,1,52,0.0349,131.792,0.239,4
0.6729999999999999,0.4320000000000001,681400,0.605,0,0.0,4,0.129,-6.941,1,51,0.0306,109.227,0.647,6
0.219,0.767,180400,0.626,0,1.06e-05,0,0.0652,-4.995,0,49,0.0606,144.776,0.882,5
0.000181,0.391,210933,0.958,0,0.0008990000000000002,10,0.122,-5.494,1,53,0.0832,89.88,0.326,3
0.316,0.672,200213,0.485,0,0.0,5,0.107,-6.148,1,52,0.0333,102.76,0.7390000000000001,4
0.8859999999999999,0.41,145720,0.5579999999999999,0,0.0,3,0.108,-10.874,1,15,0.0589,117.851,0.633,6
0.815,0.534,195720,0.453,0,0.3,10,0.0822,-12.997,1,7,0.0414,116.673,0.624,6
0.606,0.733,246755,0.62,0,0.305,1,0.117,-10.525,1,61,0.075,111.039,0.247,1
0.008740000000000001,0.431,157280,0.758,0,0.0,1,0.37,-14.38,0,24,0.0766,138.359,0.6,5
0.989,0.7909999999999999,202213,0.28,0,0.0249,4,0.27,-13.988,1,0,0.121,118.829,0.675,8
0.0706,0.708,265760,0.892,0,0.0,4,0.114,-1.964,0,52,0.0349,108.031,0.623,2
0.7120000000000001,0.8440000000000001,191133,0.5,0,0.0232,4,0.0767,-10.2,0,9,0.0635,138.447,0.887,6
0.995,0.421,274907,0.0273,0,0.948,2,0.0936,-27.402,0,45,0.0447,127.412,0.177,6
0.265,0.588,115200,0.7090000000000001,0,0.0,0,0.194,-9.87,1,15,0.03,135.511,0.877,6
0.0839,0.589,205293,0.561,0,3.2200000000000003e-05,9,0.0365,-13.899,1,30,0.0351,122.07,0.866,4
0.388,0.485,138491,0.61,0,0.0128,8,0.21600000000000005,-9.574,1,36,0.301,172.395,0.7140000000000001,7
0.539,0.537,199133,0.484,0,3.53e-05,4,0.127,-11.564,1,32,0.0291,109.589,0.557,5
0.991,0.26,413400,0.045,0,0.0151,0,0.139,-22.002,1,9,0.0618,59.489,0.0994,7
0.000679,0.5529999999999999,224800,0.89,0,0.0107,1,0.16899999999999998,-6.815,1,42,0.0453,109.988,0.667,3
0.914,0.5489999999999999,203800,0.365,0,0.904,2,0.112,-8.695,0,0,0.0371,136.83100000000002,0.608,8
0.7809999999999999,0.639,136613,0.625,0,0.0,3,0.0696,-7.263,1,17,0.042,105.586,0.879,6
0.828,0.696,210467,0.229,0,1.34e-05,7,0.152,-7.911,1,67,0.0331,113.273,0.603,1
0.6920000000000001,0.507,190813,0.419,0,0.0,10,0.145,-4.5710000000000015,1,50,0.0309,89.197,0.8420000000000001,2
0.68,0.451,374867,0.222,0,0.00108,5,0.0689,-15.66,1,25,0.04,104.132,0.33,5
0.489,0.5539999999999999,277267,0.703,0,0.0,10,0.828,-12.437,1,26,0.383,126.799,0.391,6
0.971,0.61,180637,0.205,0,0.898,1,0.11,-19.745,0,0,0.0804,134.35399999999998,0.882,7
0.8340000000000001,0.366,230560,0.28300000000000003,0,0.161,2,0.12,-14.745,0,26,0.0307,97.527,0.133,3
0.525,0.501,149680,0.299,0,0.0,7,0.405,-10.398,1,10,0.0256,97.014,0.493,6
0.982,0.638,221880,0.196,0,0.544,8,0.261,-13.279000000000002,1,0,0.0905,110.257,0.64,9
0.903,0.679,164490,0.442,0,0.0,4,0.128,-12.63,1,0,0.466,112.733,0.764,10
0.297,0.633,211160,0.6729999999999999,1,0.0,6,0.206,-6.403,0,70,0.258,86.77600000000002,0.659,1
0.747,0.521,294973,0.392,1,8.81e-06,3,0.198,-7.88,1,60,0.17,91.939,0.166,1
0.797,0.508,183200,0.394,0,0.393,7,0.0773,-14.837,1,37,0.0275,99.928,0.349,5
0.256,0.596,86697,0.17,0,4.39e-05,7,0.0772,-19.58,1,51,0.043,128.585,0.486,5
0.241,0.746,246493,0.635,0,0.0,6,0.0926,-5.767,1,48,0.149,92.993,0.701,2
0.588,0.4970000000000001,137613,0.768,0,0.0,9,0.151,-6.4979999999999976,1,46,0.0361,126.763,0.8740000000000001,2
5.05e-05,0.212,155267,0.84,0,0.758,4,0.215,-8.908999999999997,1,31,0.0529,181.137,0.479,3
0.064,0.7979999999999999,304960,0.952,0,0.000513,11,0.287,-4.78,0,60,0.0401,132.031,0.843,3
0.0574,0.343,284760,0.649,0,0.0,11,0.198,-9.963,1,23,0.112,167.06799999999996,0.517,5
0.107,0.6729999999999999,240280,0.722,0,0.0,6,0.305,-8.536,0,47,0.0309,102.695,0.816,4
0.393,0.5710000000000001,234827,0.481,0,1.67e-05,4,0.17600000000000002,-10.783,1,20,0.0244,101.001,0.5710000000000001,6
0.7390000000000001,0.501,321080,0.318,0,0.000528,7,0.376,-13.753,1,46,0.0509,121.633,0.285,2
0.0565,0.611,261200,0.565,0,1.17e-06,0,0.28,-12.979,1,25,0.0253,107.413,0.688,4
0.127,0.684,166893,0.741,0,0.0,5,0.348,-3.892,1,57,0.0276,83.999,0.821,2
0.16,0.627,239933,0.843,0,0.000192,11,0.0554,-7.677,0,41,0.0952,106.817,0.494,5
0.8059999999999999,0.328,299333,0.129,0,3.61e-06,5,0.105,-13.523,1,53,0.0286,84.73,0.114,3
0.78,0.578,181893,0.271,0,8.75e-05,10,0.112,-17.192999999999998,1,18,0.113,86.542,0.68,7
0.953,0.5539999999999999,159000,0.208,0,0.0,3,0.306,-14.831,1,14,0.0518,111.737,0.537,7
0.8909999999999999,0.29100000000000004,208533,0.262,0,0.0,5,0.196,-12.52,0,21,0.0346,88.057,0.19,7
0.606,0.634,284670,0.275,0,0.0,0,0.241,-15.518,1,0,0.963,166.021,0.32,9
7.329999999999999e-05,0.461,96667,0.952,0,0.589,11,0.31,-4.428,1,40,0.103,160.293,0.409,3
0.935,0.7140000000000001,327200,0.139,0,7.42e-05,11,0.11,-23.086,1,6,0.935,124.567,0.455,7
0.101,0.309,394400,0.596,0,0.0,5,0.21,-5.599,1,73,0.0293,164.58700000000005,0.161,3
0.979,0.33,221200,0.031,0,0.0813,5,0.0882,-25.504,0,8,0.0367,140.804,0.383,7
0.986,0.379,430520,0.195,0,0.652,5,0.403,-17.346,0,0,0.0452,139.291,0.0986,9
0.115,0.703,178547,0.516,0,0.046,0,0.128,-10.231,1,34,0.0371,115.265,0.8220000000000001,4
0.993,0.711,259584,0.157,0,0.931,5,0.14400000000000002,-18.429,1,2,0.0614,105.823,0.557,7
0.5329999999999999,0.53,148427,0.27,0,4.38e-06,10,0.348,-11.203,1,21,0.0359,107.783,0.44,6
0.7979999999999999,0.6829999999999999,167893,0.21,0,0.0,4,0.127,-13.235,1,3,0.0306,126.159,0.684,7
0.8340000000000001,0.606,322293,0.23,0,0.00191,2,0.179,-15.116,1,33,0.0364,107.887,0.264,6
0.917,0.21600000000000005,704640,0.134,0,0.685,2,0.192,-20.053,1,34,0.055,80.861,0.124,5
0.994,0.479,197933,0.172,0,0.92,2,0.138,-22.54300000000001,1,49,0.0634,199.596,0.715,1
0.94,0.6809999999999999,178867,0.201,0,2.25e-05,7,0.084,-14.562,0,9,0.0967,140.175,0.894,9
0.314,0.472,273600,0.8759999999999999,0,0.000341,7,0.746,-8.491,1,34,0.234,76.987,0.648,5
0.412,0.52,296533,0.8490000000000001,1,9.95e-06,3,0.385,-5.0939999999999985,0,43,0.345,77.92399999999998,0.563,3
0.98,0.226,283227,0.255,0,1.33e-05,1,0.109,-13.74,1,0,0.0488,74.212,0.119,8
0.0507,0.523,189747,0.722,0,0.0,7,0.0884,-6.205,1,56,0.0544,160.066,0.501,1
0.0743,0.583,215400,0.635,0,0.00165,7,0.0983,-12.788,1,43,0.0627,150.144,0.555,4
0.932,0.374,158360,0.516,0,0.03,5,0.236,-14.109000000000002,1,0,0.0446,134.099,0.456,8
0.914,0.487,248600,0.19,0,0.000182,10,0.149,-14.046,1,27,0.0305,121.501,0.183,4
0.7340000000000001,0.344,228627,0.388,0,0.0431,0,0.057,-10.425,1,33,0.0263,97.056,0.598,6
0.376,0.6629999999999999,210120,0.703,0,0.0,2,0.21,-3.763,0,49,0.0537,195.969,0.932,2
0.012,0.476,204200,0.923,0,0.0157,0,0.165,-3.905,0,54,0.101,147.935,0.373,1
0.317,0.6679999999999999,170760,0.71,0,0.0,0,0.328,-3.641,0,3,0.0578,117.758,0.529,8
0.594,0.735,178533,0.371,0,1.95e-06,11,0.275,-13.85,0,44,0.0366,75.773,0.96,3
0.986,0.218,521947,0.0954,0,0.871,7,0.146,-20.411,1,0,0.0366,103.594,0.0731,8
0.155,0.6859999999999999,158293,0.816,0,0.0,3,0.252,-5.9529999999999985,1,51,0.0318,113.939,0.871,1
0.7490000000000001,0.412,155493,0.633,0,0.0,11,0.388,-6.2410000000000005,0,48,0.0604,90.126,0.799,6
0.961,0.361,332467,0.158,0,0.87,10,0.141,-11.942,1,0,0.0326,75.906,0.173,9
0.04,0.556,383960,0.475,0,0.000802,4,0.118,-8.486,1,34,0.0351,110.388,0.419,5
0.7,0.7979999999999999,143933,0.556,0,0.0,7,0.0498,-8.85,1,35,0.0432,108.122,0.7929999999999999,5
0.995,0.374,260173,0.0674,0,0.914,8,0.134,-23.824,0,5,0.0498,69.718,0.0901,8
0.0244,0.557,164671,0.78,0,0.0116,4,0.136,-6.7010000000000005,0,42,0.0513,149.018,0.838,2
0.0447,0.499,146133,0.8340000000000001,0,0.0,9,0.121,-8.412,1,30,0.0634,111.856,0.4970000000000001,4
0.334,0.762,278627,0.527,0,2.48e-05,0,0.182,-12.822,1,33,0.0605,99.012,0.816,4
0.0364,0.938,211733,0.628,0,0.0,4,0.33,-7.5870000000000015,0,43,0.158,119.996,0.758,3
0.8140000000000001,0.145,1297000,0.0577,0,0.934,8,0.195,-20.824,1,1,0.0384,75.679,0.0506,8
0.805,0.48,162667,0.39,0,0.0,7,0.119,-8.764,1,22,0.0434,119.47,0.5720000000000001,6
0.995,0.54,171933,0.195,0,0.778,10,0.131,-17.282,1,0,0.125,136.757,0.772,8
0.29,0.647,219080,0.482,0,0.0,5,0.232,-8.591000000000001,1,65,0.0262,142.648,0.4370000000000001,4
0.0747,0.8420000000000001,179507,0.498,1,0.0,1,0.123,-6.837999999999999,0,55,0.505,150.933,0.32,1
0.925,0.585,429973,0.136,0,0.528,5,0.103,-22.015,0,16,0.0436,82.63,0.506,7
0.883,0.629,140555,0.482,0,0.0032600000000000003,4,0.375,-5.252999999999999,1,37,0.0263,95.265,0.575,6
0.4320000000000001,0.638,171627,0.488,0,0.0,0,0.14800000000000002,-9.308,1,38,0.0298,118.223,0.735,6
6.8e-05,0.536,268080,0.804,0,0.0606,2,0.253,-6.175,0,47,0.0344,136.65,0.747,4
0.461,0.612,149640,0.197,0,5.09e-06,5,0.0516,-14.878,1,62,0.0438,117.91,0.25,6
0.767,0.737,206635,0.528,1,4.92e-06,3,0.0782,-9.583,0,54,0.0981,126.006,0.332,1
0.608,0.72,226160,0.342,0,0.0,6,0.0535,-14.909,1,32,0.0821,84.708,0.846,4
0.7290000000000001,0.207,189907,0.6,0,0.000204,2,0.146,-8.548,0,19,0.0331,74.128,0.114,7
0.8909999999999999,0.217,238960,0.073,0,0.928,4,0.0987,-21.94400000000001,1,39,0.0408,53.857,0.0324,3
0.994,0.499,194493,0.458,0,0.419,11,0.204,-11.144,1,0,0.032,158.75799999999995,0.629,7
0.985,0.416,185760,0.399,0,0.005,1,0.5529999999999999,-12.977,1,0,0.0518,119.603,0.539,8
0.051,0.507,211720,0.915,0,0.000495,2,0.29100000000000004,-4.579,1,48,0.0953,164.96599999999995,0.61,3
0.0068200000000000005,0.337,260133,0.989,0,0.000111,2,0.0837,-6.3870000000000005,1,31,0.07400000000000001,133.218,0.326,5
0.133,0.453,183373,0.701,0,0.0,4,0.0865,-7.697999999999999,0,46,0.0424,93.575,0.38,3
0.16399999999999998,0.677,162333,0.748,0,0.00014,8,0.0956,-9.409,1,37,0.0707,120.846,0.866,4
0.0987,0.527,281413,0.605,0,0.903,0,0.0837,-6.117000000000001,0,48,0.0397,176.116,0.601,2
0.8690000000000001,0.4970000000000001,265573,0.525,0,0.0386,2,0.297,-8.241,0,51,0.0405,122.643,0.249,2
0.986,0.519,76840,0.107,0,0.000985,0,0.12,-18.323,0,0,0.0651,105.089,0.545,8
0.0862,0.731,178987,0.75,0,0.000388,2,0.202,-10.457,1,61,0.0321,135.406,0.639,4
0.995,0.379,114333,0.0245,0,0.687,1,0.209,-21.287,1,0,0.0345,85.689,0.319,8
0.378,0.487,301667,0.317,0,0.0,5,0.6940000000000001,-14.414,1,55,0.0373,130.509,0.304,3
0.0791,0.711,263933,0.745,0,0.0,2,0.0446,-8.573,1,33,0.0451,91.173,0.763,3
0.985,0.477,179867,0.14400000000000002,0,0.974,8,0.15,-16.208,0,21,0.0322,116.084,0.117,7
0.911,0.531,144041,0.487,1,0.00201,2,0.222,-10.321,0,67,0.22,75.487,0.7490000000000001,1
0.862,0.373,579267,0.269,0,0.0051,0,0.212,-13.114,1,0,0.0383,135.464,0.455,8
0.911,0.609,237573,0.281,0,0.0885,7,0.07200000000000001,-10.677,1,21,0.0334,90.823,0.552,7
0.0552,0.518,241280,0.872,0,0.00107,2,0.117,-4.2860000000000005,0,53,0.0317,140.349,0.468,4
0.184,0.649,411707,0.308,0,3.12e-05,3,0.389,-17.602,0,19,0.95,90.818,0.612,9
0.0791,0.381,265582,0.917,0,0.0,2,0.0886,-5.816,1,35,0.0669,114.949,0.6920000000000001,5
0.312,0.816,289000,0.507,0,0.0,6,0.0422,-11.94,0,23,0.0623,127.751,0.914,4
0.4270000000000001,0.483,188640,0.267,0,0.0,7,0.345,-18.436,1,32,0.0283,140.22,0.6459999999999999,5
0.294,0.215,350733,0.664,0,3.83e-05,8,0.14800000000000002,-7.269,1,37,0.0379,173.99400000000003,0.418,4
0.0749,0.7909999999999999,308373,0.535,0,1.96e-06,9,0.156,-13.261,0,61,0.0355,127.488,0.963,4
0.248,0.747,158709,0.4970000000000001,0,0.0,4,0.138,-6.5420000000000025,0,79,0.0401,142.046,0.0663,0
0.29100000000000004,0.474,221800,0.7659999999999999,0,1.3800000000000007e-05,4,0.685,-3.419,1,45,0.0291,149.988,0.402,2
0.985,0.528,204800,0.209,0,0.315,8,0.109,-13.537,1,0,0.195,145.909,0.74,7
0.619,0.649,152000,0.609,0,0.0,7,0.149,-11.84,1,19,0.0404,79.749,0.865,5
0.0032600000000000003,0.461,83693,0.956,0,0.0,2,0.142,-7.385,0,31,0.0692,92.262,0.575,4
0.475,0.67,184333,0.607,0,0.0,1,0.126,-6.827000000000001,1,47,0.0496,80.396,0.375,2
0.0437,0.381,240533,0.909,0,0.0,11,0.957,-6.153,1,45,0.0704,91.048,0.475,4
0.0673,0.982,331147,0.979,0,1.24e-05,9,0.34600000000000003,-6.325,1,24,0.0682,119.659,0.412,4
0.36,0.7290000000000001,138432,0.624,0,0.0,7,0.0849,-6.009,1,66,0.0521,78.626,0.867,1
0.882,0.56,68507,0.0734,0,0.008329999999999999,2,0.13699999999999998,-25.874,1,0,0.182,133.70600000000002,0.152,7
0.00427,0.498,258573,0.647,0,9.87e-06,1,0.146,-7.631,1,55,0.0358,163.87,0.257,2
0.923,0.43,174907,0.279,0,0.0127,1,0.21,-16.477,1,6,0.08,183.135,0.713,8
0.28300000000000003,0.617,186497,0.64,1,1.02e-06,8,0.16399999999999998,-5.601,1,67,0.042,156.98,0.34600000000000003,1
0.491,0.358,278427,0.804,0,0.0,1,0.6,-10.697,1,33,0.232,136.83700000000002,0.501,4
0.993,0.332,394306,0.13,0,0.318,4,0.322,-14.265999999999998,1,18,0.0588,78.816,0.321,9
0.013,0.401,276667,0.487,0,0.0,0,0.224,-13.212,1,37,0.0359,112.024,0.187,4
0.992,0.715,170737,0.0711,0,0.0,1,0.274,-13.765999999999998,1,0,0.266,79.432,0.329,9
0.7929999999999999,0.298,217200,0.246,0,0.0379,1,0.0893,-16.912,1,26,0.0424,74.548,0.382,5
0.015,0.575,218787,0.604,0,0.0,7,0.0725,-7.223,1,52,0.0452,74.97399999999998,0.517,1
0.0669,0.56,202600,0.865,0,0.0,2,0.648,-6.121,1,42,0.0465,98.38,0.545,5
0.838,0.416,180387,0.25,0,0.0,10,0.109,-16.336,1,23,0.0726,115.522,0.5870000000000001,6
0.953,0.388,125867,0.063,0,0.00851,0,0.0996,-16.075,1,22,0.039,65.824,0.28600000000000003,6
0.00955,0.306,428080,0.865,0,0.217,1,0.244,-7.923999999999999,1,28,0.0808,141.066,0.35100000000000003,5
0.841,0.657,134133,0.451,0,0.0825,0,0.3,-6.602,1,0,0.0838,126.638,0.708,8
0.952,0.735,195605,0.399,0,0.00758,5,0.0571,-8.332,1,2,0.0589,127.768,0.947,9
0.332,0.491,114600,0.7659999999999999,0,5.37e-06,0,0.448,-10.684,1,25,0.0432,165.59900000000005,0.904,6
0.135,0.6779999999999999,196933,0.621,0,0.000468,1,0.207,-13.454,1,45,0.0537,120.7,0.804,4
0.105,0.892,255467,0.452,1,7.29e-06,4,0.0685,-7.8820000000000014,0,45,0.35100000000000003,102.052,0.392,2
0.81,0.7090000000000001,206681,0.775,0,0.0,9,0.133,-5.811,1,52,0.0544,149.946,0.8959999999999999,2
0.974,0.318,334452,0.263,0,0.664,2,0.552,-11.608,1,0,0.0431,108.743,0.204,8
0.0656,0.6890000000000001,291133,0.562,0,0.0,7,0.0885,-7.047999999999999,0,58,0.0637,133.987,0.21,2
0.992,0.328,190041,0.0489,0,0.894,3,0.211,-26.196,1,0,0.0496,62.361,0.279,8
0.154,0.742,141329,0.6629999999999999,0,0.0,10,0.197,-5.06,0,22,0.0321,113.005,0.913,6
0.0402,0.235,119333,0.961,0,0.0425,2,0.0972,-4.784,1,36,0.105,179.303,0.74,4
0.99,0.245,476133,0.264,0,0.893,10,0.0785,-17.090999999999998,0,2,0.0371,90.792,0.0746,10
0.45,0.401,328507,0.364,0,0.0503,5,0.162,-10.836,1,69,0.033,129.57,0.224,1
0.24,0.44,267467,0.765,0,4.73e-05,3,0.349,-5.973,1,52,0.0287,184.257,0.792,3
0.989,0.631,174933,0.0732,0,0.644,2,0.116,-21.64,1,0,0.0899,124.38,0.615,9
0.0618,0.74,135133,0.601,0,0.000595,1,0.277,-14.515999999999998,1,32,0.0688,120.196,0.8490000000000001,4
0.105,0.406,246373,0.7609999999999999,0,0.0,0,0.155,-7.294,1,24,0.0763,133.51,0.302,5
0.929,0.386,181240,0.00701,0,0.86,5,0.0891,-35.704,1,8,0.0502,110.583,0.284,7
0.381,0.619,304133,0.624,0,0.0383,0,0.0951,-9.922,0,27,0.0485,96.903,0.633,4
0.826,0.384,153600,0.206,0,0.0,0,0.5529999999999999,-11.961,0,52,0.0319,170.16299999999995,0.667,3
0.768,0.383,330281,0.14300000000000002,0,0.917,9,0.0904,-18.666,1,29,0.0295,102.8,0.166,5
0.116,0.8859999999999999,145272,0.893,0,0.0737,6,0.145,-2.713,0,66,0.0612,116.01,0.8140000000000001,1
0.6459999999999999,0.26,140733,0.932,0,0.0137,4,0.863,-16.511,0,23,0.5579999999999999,81.77199999999998,0.0206,5
0.304,0.613,137733,0.488,0,0.0047,1,0.202,-15.68,0,34,0.0499,100.76,0.682,5
0.964,0.245,305987,0.0573,0,0.0123,0,0.107,-22.532,1,38,0.0357,167.93900000000005,0.107,3
0.995,0.407,283933,0.7240000000000001,0,0.9,0,0.607,-15.059,0,17,0.26,120.738,0.0433,6
0.797,0.619,163520,0.52,0,1.6e-05,2,0.208,-6.331,1,8,0.0659,134.77100000000002,0.802,6
0.172,0.675,148973,0.794,0,0.0,7,0.136,-6.174,1,55,0.0396,145.951,0.964,1
0.215,0.53,275401,0.828,1,0.0,7,0.135,-6.017,0,64,0.134,189.995,0.471,1
0.486,0.657,354333,0.382,0,0.0,4,0.0813,-11.215,1,36,0.0382,127.934,0.343,3
0.324,0.7290000000000001,116200,0.182,1,0.0,6,0.314,-20.623,0,0,0.878,111.999,0.778,10
0.000429,0.487,352427,0.949,0,2.9100000000000013e-05,2,0.231,-4.217,0,46,0.0798,110.02,0.406,2
0.17,0.486,477573,0.584,0,0.6859999999999999,1,0.0686,-14.626,0,6,0.0596,129.899,0.737,7
0.62,0.445,172187,0.339,0,0.0,1,0.234,-13.153,1,38,0.0464,109.437,0.413,6
0.161,0.529,195720,0.69,1,0.0,2,0.498,-7.87,1,62,0.74,170.54,0.311,1
0.56,0.545,115533,0.611,0,5.18e-05,4,0.156,-12.048,0,23,0.16399999999999998,80.036,0.745,6
0.243,0.624,225027,0.488,0,0.00156,10,0.0828,-12.697,1,34,0.0292,106.195,0.731,5
0.000425,0.481,203707,0.624,0,0.0022600000000000003,4,0.687,-12.496,1,24,0.0364,112.414,0.848,5
0.97,0.0834,118387,0.00109,0,0.836,8,0.115,-37.547,1,61,0.0463,84.354,0.0386,1
0.6459999999999999,0.466,185733,0.244,0,5.46e-06,9,0.103,-12.83,1,44,0.0935,171.717,0.6629999999999999,3
0.00625,0.6940000000000001,228010,0.947,0,0.256,2,0.117,-1.721,1,48,0.081,130.024,0.28800000000000003,1
0.916,0.16399999999999998,243467,0.0573,0,0.000891,3,0.14400000000000002,-30.127,1,0,0.0522,87.04899999999998,0.0393,8
0.8640000000000001,0.638,187013,0.16899999999999998,0,0.0,8,0.236,-14.023,1,0,0.0466,141.114,0.684,8
0.993,0.314,39627,0.16899999999999998,0,0.86,0,0.0948,-20.015,1,1,0.0311,72.931,0.521,7
0.995,0.622,160813,0.264,0,0.94,5,0.109,-19.105,0,0,0.0438,121.195,0.841,10
0.399,0.757,171733,0.484,0,5.89e-05,5,0.163,-12.382,1,22,0.0952,113.657,0.759,6
0.315,0.804,525267,0.53,0,0.00489,2,0.081,-12.854,1,33,0.0694,91.173,0.381,5
0.068,0.633,248560,0.461,0,0.0,9,0.13,-11.208,1,63,0.0294,144.51,0.26,3
0.00379,0.737,316813,0.88,0,0.00351,6,0.417,-6.449,1,67,0.0433,115.998,0.329,2
0.0875,0.305,203893,0.939,0,0.0,9,0.353,-9.067,1,22,0.0692,180.232,0.501,4
0.388,0.723,330160,0.7390000000000001,0,8.9e-05,10,0.149,-6.087999999999999,1,34,0.033,92.9,0.927,4
0.26,0.628,302267,0.517,0,0.0,6,0.0609,-10.168,1,37,0.0428,135.752,0.376,3
0.799,0.26,72680,0.0112,0,0.994,0,0.1,-36.756,0,50,0.0317,80.305,0.0379,2
0.139,0.7390000000000001,350000,0.951,0,0.0062,1,0.462,-8.863,1,48,0.0496,103.17,0.551,4
0.758,0.539,271667,0.281,0,0.0,7,0.146,-10.282,1,37,0.0266,101.032,0.274,3
0.925,0.586,192347,0.168,0,0.914,4,0.13,-20.662,0,8,0.0337,112.523,0.395,6
0.0263,0.8059999999999999,444560,0.45,0,0.021,9,0.0974,-13.608,1,43,0.0501,114.815,0.7,3
0.000298,0.5489999999999999,224307,0.81,0,2.89e-06,11,0.156,-4.001,0,51,0.0328,133.985,0.41,2
0.754,0.551,118733,0.557,0,0.0,1,0.182,-14.428,1,31,0.18,87.62700000000002,0.468,4
4.86e-05,0.38,264360,0.643,0,2.67e-05,0,0.244,-8.304,1,41,0.0287,113.674,0.297,3
0.046,0.292,368200,0.626,0,0.249,0,0.16,-12.514,1,45,0.0702,179.93,0.7979999999999999,5
0.0285,0.479,185733,0.8590000000000001,1,0.0,1,0.152,-5.28,1,48,0.368,118.253,0.261,1
0.223,0.472,232267,0.961,0,0.0008029999999999999,11,0.426,-5.555,1,44,0.0903,105.244,0.35100000000000003,2
0.0005639999999999999,0.374,213520,0.312,0,0.0,6,0.384,-15.073,1,29,0.0547,119.396,0.15,5
0.0598,0.454,267227,0.909,0,0.0,2,0.984,-6.007999999999999,1,46,0.134,120.407,0.376,3
0.916,0.473,219067,0.455,0,0.904,0,0.514,-15.419,1,25,0.0452,112.665,0.328,6
0.7909999999999999,0.618,246600,0.911,0,5.6299999999999986e-05,3,0.703,-4.222,1,48,0.0922,127.344,0.7120000000000001,6
0.485,0.3720000000000001,232387,0.155,0,0.645,11,0.701,-23.564,0,7,0.0721,76.25399999999998,0.428,6
0.17800000000000002,0.431,280733,0.634,0,3.99e-05,9,0.048,-7.834,1,21,0.0327,178.041,0.8690000000000001,4
0.299,0.708,110000,0.132,1,0.0,11,0.166,-17.273,0,0,0.913,105.493,0.731,9
0.995,0.3720000000000001,275413,0.0322,0,0.932,8,0.0987,-22.267,1,0,0.0421,71.063,0.145,7
0.931,0.727,79280,0.127,0,0.0,6,0.16899999999999998,-15.99,0,0,0.927,119.65,0.396,7
0.727,0.477,286920,0.381,0,0.0,5,0.0615,-10.237,0,42,0.0342,121.568,0.329,2
0.977,0.419,178599,0.132,0,0.894,7,0.111,-20.248,1,0,0.0491,128.14700000000002,0.4270000000000001,7
0.115,0.8690000000000001,252267,0.348,0,0.0459,2,0.0366,-11.791,1,42,0.16,76.702,0.964,4
0.7659999999999999,0.299,281267,0.31,0,0.649,2,0.155,-14.62,1,0,0.0349,104.672,0.421,7
0.000129,0.325,223880,0.929,0,2.22e-06,11,0.184,-5.625,0,31,0.0695,133.358,0.198,3
0.0604,0.364,207400,0.467,0,0.0,11,0.217,-13.155,0,23,0.0496,177.05,0.6,6
0.017,0.5820000000000001,164893,0.545,0,4.05e-06,4,0.229,-11.677,0,55,0.0298,101.691,0.721,6
0.453,0.632,235533,0.7120000000000001,0,0.00024700000000000004,1,0.113,-9.439,1,43,0.0434,74.132,0.175,3
0.784,0.594,153867,0.301,0,0.0,11,0.284,-8.765,1,13,0.08,116.859,0.691,6
0.94,0.302,153933,0.173,0,6.57e-05,6,0.134,-16.07,1,38,0.0335,92.023,0.359,6
0.992,0.6,175067,0.107,0,0.004370000000000001,9,0.124,-19.139,1,0,0.0404,104.976,0.458,8
0.857,0.444,173338,0.47,0,0.929,8,0.0901,-8.876,0,48,0.0314,146.31799999999996,0.086,1
0.22,0.915,228973,0.639,0,0.0,2,0.312,-14.095,1,35,0.34,101.821,0.551,4
0.987,0.728,169920,0.196,0,0.00557,0,0.293,-14.291,1,0,0.0434,109.776,0.453,9
0.8109999999999999,0.445,182973,0.466,0,0.0,6,0.269,-12.207,0,25,0.0424,152.062,0.872,7
0.994,0.429,85933,0.42,0,0.892,4,0.277,-17.805999999999994,1,18,0.0411,118.559,0.968,7
0.82,0.261,193013,0.236,0,0.0,4,0.084,-15.147,1,32,0.0867,207.246,0.417,4
0.000232,0.39,165147,0.957,1,0.00288,6,0.0429,-5.4979999999999976,1,50,0.0458,179.054,0.893,2
0.0351,0.447,440013,0.625,1,0.000727,10,0.243,-8.212,0,63,0.32299999999999995,67.104,0.261,1
0.206,0.215,298981,0.4370000000000001,0,0.5760000000000001,2,0.0696,-8.103,1,52,0.0309,127.595,0.0445,1
0.541,0.585,148627,0.192,0,0.0,7,0.362,-12.259,1,14,0.0419,114.22,0.498,7
0.948,0.4920000000000001,351493,0.136,0,0.893,7,0.0726,-18.839,1,57,0.0463,135.786,0.445,4
0.0375,0.443,231907,0.703,0,0.0,9,0.0643,-12.839,1,38,0.0714,122.946,0.595,4
0.63,0.498,151467,0.332,0,0.0,2,0.142,-15.35,1,19,0.0361,107.922,0.636,6
0.885,0.264,211093,0.32,0,0.00141,9,0.134,-11.716,1,64,0.0325,138.108,0.171,5
0.00889,0.581,179600,0.498,0,0.0,7,0.217,-14.220999999999998,1,21,0.0363,121.686,0.693,4
0.992,0.375,213867,0.0323,0,0.866,5,0.124,-22.45300000000001,0,45,0.0366,94.579,0.358,3
0.426,0.599,233427,0.464,0,0.327,2,0.135,-12.800999999999998,0,17,0.0427,138.018,0.748,7
0.355,0.728,192640,0.481,0,6.78e-06,0,0.254,-9.577,1,54,0.0335,125.998,0.802,1
0.459,0.8320000000000001,235892,0.619,0,0.000244,7,0.325,-6.648,1,21,0.0661,112.127,0.921,5
0.639,0.565,98013,0.155,0,0.0,7,0.507,-16.061,1,24,0.0313,71.35600000000002,0.732,5
0.7829999999999999,0.578,231413,0.536,0,0.00348,3,0.119,-9.097,1,30,0.339,131.958,0.64,5
0.338,0.846,229000,0.706,0,0.0,0,0.086,-4.6110000000000015,1,40,0.265,82.131,0.923,2
0.202,0.384,224133,0.516,0,0.18,9,0.114,-12.032,0,61,0.0345,118.129,0.371,5
0.992,0.528,188907,0.239,0,0.938,5,0.207,-13.351,1,0,0.108,68.21600000000001,0.847,7
3.5600000000000005e-05,0.378,234093,0.959,0,0.000138,6,0.102,-4.615,1,44,0.062,174.93200000000004,0.338,2
0.0121,0.628,208800,0.903,0,0.0407,2,0.14400000000000002,-5.779,1,39,0.0875,165.933,0.517,2
0.632,0.446,280640,0.249,0,0.00324,10,0.122,-10.715,0,39,0.0278,106.028,0.107,2
0.898,0.36,132165,0.0209,0,0.888,7,0.0918,-21.083,0,18,0.0336,79.459,0.149,6
0.802,0.735,205200,0.412,0,0.000536,1,0.0753,-7.332000000000002,1,0,0.0782,92.088,0.611,9
0.73,0.672,181840,0.871,0,1.7e-05,1,0.35100000000000003,-7.916,0,27,0.0445,114.962,0.6559999999999999,4
0.0122,0.441,208253,0.921,0,0.0,11,0.107,-2.835,0,49,0.0431,164.063,0.443,1
0.000479,0.628,285200,0.8009999999999999,0,0.0897,4,0.396,-7.926,1,61,0.0282,125.954,0.843,3
0.0951,0.561,209229,0.536,0,0.0,6,0.114,-6.227,1,80,0.0346,150.01,0.378,1
0.988,0.312,42133,0.0689,0,0.952,0,0.0907,-28.161,1,0,0.0398,78.142,0.815,10
0.922,0.371,500467,0.0654,0,0.447,2,0.151,-27.587,1,0,0.054000000000000006,86.074,0.268,8
0.000102,0.552,227200,0.932,1,0.0,0,0.119,-3.782,1,62,0.0426,103.108,0.518,2
0.996,0.41,139500,0.0735,0,0.963,10,0.159,-30.013,1,66,0.0687,132.722,0.252,0
0.969,0.621,149200,0.17,0,0.000118,7,0.105,-17.399,1,39,0.0954,107.857,0.46,3
0.8240000000000001,0.523,192920,0.26,0,1.28e-05,1,0.138,-12.904000000000002,1,45,0.027000000000000003,95.354,0.16399999999999998,3
0.708,0.431,168867,0.379,0,1.74e-05,5,0.181,-9.59,0,56,0.0262,86.17200000000004,0.665,6
0.007240000000000002,0.537,161773,0.7759999999999999,0,0.000266,9,0.369,-10.291,1,31,0.0318,118.196,0.83,4
0.131,0.535,382093,0.393,0,0.507,2,0.0658,-7.72,0,58,0.036000000000000004,199.959,0.715,1
0.987,0.12,81013,0.0716,0,0.00024700000000000004,9,0.0776,-25.301,0,21,0.0361,77.423,0.158,6
0.174,0.399,166574,0.645,0,0.845,2,0.122,-6.56,1,3,0.054000000000000006,151.812,0.8759999999999999,8
0.961,0.475,147067,0.0703,0,0.8909999999999999,0,0.13,-22.699,0,29,0.0465,153.597,0.4970000000000001,6
0.0282,0.282,342200,0.7070000000000001,0,9.46e-05,2,0.204,-10.247,1,27,0.0709,141.25,0.545,6
0.992,0.384,176936,0.41,0,0.843,6,0.525,-13.297,1,0,0.0869,69.358,0.528,8
0.00971,0.435,265253,0.754,0,0.000421,1,0.102,-6.937,0,45,0.0497,109.165,0.208,2
0.117,0.67,280333,0.481,0,4.34e-06,7,0.0433,-11.894,1,27,0.0337,122.398,0.775,4
0.233,0.487,279200,0.716,0,0.00445,9,0.113,-17.689,0,52,0.0463,120.795,0.8190000000000001,5
0.989,0.578,177320,0.27,0,0.6559999999999999,6,0.232,-10.800999999999998,1,0,0.128,140.395,0.8390000000000001,8
0.995,0.634,183803,0.113,0,8.77e-05,7,0.128,-7.49,0,0,0.0795,134.254,0.59,8
0.986,0.361,130480,0.292,0,0.887,1,0.151,-16.073,0,1,0.0362,72.153,0.338,7
0.564,0.63,190920,0.384,0,5.4899999999999986e-05,0,0.0993,-14.651,1,27,0.0394,88.586,0.614,6
0.649,0.58,217861,0.206,0,0.132,0,0.192,-18.449,1,0,0.0266,81.94200000000002,0.62,8
0.845,0.5820000000000001,330667,0.336,0,0.0381,0,0.228,-14.114,0,10,0.0626,96.999,0.517,6
0.456,0.5539999999999999,277777,0.337,0,6.18e-06,9,0.115,-9.503,1,67,0.197,173.877,0.13699999999999998,1
0.00198,0.812,429560,0.698,0,0.0869,4,0.33,-8.887,0,41,0.126,98.211,0.29100000000000004,4
0.8270000000000001,0.5920000000000001,125373,0.524,0,0.0,6,0.0844,-14.939,1,17,0.0893,171.232,0.954,7
0.414,0.619,291198,0.34700000000000003,0,0.0,9,0.076,-10.686,1,59,0.0354,74.00399999999998,0.39,1
0.0932,0.75,209467,0.62,0,0.0135,7,0.0612,-8.72,1,63,0.0257,103.538,0.93,5
0.917,0.583,115187,0.391,0,4.36e-06,9,0.563,-12.644,1,17,0.0378,115.166,0.6829999999999999,6
0.00487,0.8440000000000001,254707,0.846,1,0.0,7,0.0784,-5.167000000000002,1,57,0.17600000000000002,144.079,0.91,2
0.0806,0.7559999999999999,189093,0.61,0,7.890000000000001e-05,5,0.114,-13.002,1,65,0.0709,173.81799999999996,0.863,4
0.99,0.409,268053,0.0407,0,0.942,3,0.105,-24.605,1,0,0.0364,70.07,0.212,8
0.8140000000000001,0.5770000000000001,186373,0.252,0,0.0,5,0.07400000000000001,-13.473,1,2,0.0682,149.374,0.8140000000000001,9
0.0012,0.591,158592,0.6659999999999999,0,0.000686,11,0.08800000000000001,-8.062000000000001,0,41,0.0463,97.696,0.451,2
0.984,0.652,92467,0.311,0,1.05e-06,0,0.223,-16.512,1,34,0.926,81.65899999999998,0.5670000000000001,4
0.505,0.399,166347,0.371,0,0.000589,0,0.209,-11.378,1,28,0.0319,116.032,0.317,5
0.165,0.679,295293,0.6729999999999999,0,0.78,4,0.684,-8.05,0,48,0.224,170.175,0.908,3
0.945,0.464,254027,0.0059,0,0.904,1,0.139,-22.41,1,44,0.0608,95.178,0.297,4
0.0191,0.627,413520,0.961,0,0.0666,1,0.831,-7.7639999999999985,1,31,0.0945,138.81,0.287,4
0.73,0.203,146387,0.18600000000000005,0,6.54e-05,6,0.277,-17.641,0,7,0.037000000000000005,178.665,0.251,6
0.583,0.132,398307,0.302,0,0.639,8,0.188,-12.36,0,40,0.0397,144.69,0.0368,3
0.006840000000000001,0.6409999999999999,200867,0.875,0,0.00303,8,0.13699999999999998,-10.762,0,36,0.0357,125.04,0.626,4
0.054000000000000006,0.733,105800,0.19,1,0.0049700000000000005,0,0.0706,-20.631,1,0,0.8340000000000001,104.924,0.509,8
0.8490000000000001,0.481,115760,0.4970000000000001,0,0.0,10,0.136,-12.797,1,14,0.18600000000000005,166.049,0.7559999999999999,6
0.981,0.603,147893,0.125,0,0.0,7,0.0949,-15.172,1,14,0.0339,120.269,0.469,7
0.0247,0.61,180347,0.8759999999999999,0,0.0,0,0.31,-4.244,1,57,0.0394,115.05,0.7829999999999999,1
0.536,0.511,320720,0.547,0,1.02e-06,11,0.584,-10.864,1,47,0.0469,74.622,0.3720000000000001,4
0.11,0.551,141280,0.941,0,0.0,7,0.266,-4.31,1,51,0.0461,83.53,0.915,4
0.809,0.6559999999999999,231507,0.102,0,0.7879999999999999,4,0.0874,-20.337,0,34,0.0373,118.373,0.595,3
0.6970000000000001,0.5529999999999999,196373,0.586,1,0.0,11,0.0813,-6.319,1,82,0.0362,126.684,0.443,1
0.102,0.308,392893,0.59,0,0.371,2,0.112,-11.703,1,34,0.0345,145.75799999999995,0.496,6
0.0201,0.67,265813,0.6759999999999999,0,0.0,8,0.11,-4.725,1,70,0.037000000000000005,114.974,0.349,1
0.528,0.818,288053,0.723,0,0.000591,7,0.0905,-6.702000000000001,0,49,0.0296,98.049,0.748,2
0.457,0.67,230467,0.821,1,0.8859999999999999,9,0.345,-6.761,1,28,0.128,90.532,0.7070000000000001,4
0.682,0.674,318200,0.772,0,0.0,0,0.278,-4.922,1,28,0.0435,96.1,0.949,5
0.409,0.373,522200,0.477,0,0.000425,0,0.0811,-8.052,1,50,0.0271,143.869,0.095,1
0.884,0.43,200467,0.326,0,0.00274,9,0.0967,-10.62,1,31,0.0393,91.335,0.339,5
0.878,0.383,178133,0.243,0,8.93e-06,10,0.16899999999999998,-14.271,1,23,0.0397,93.361,0.324,7
0.97,0.33,311000,0.0469,0,0.000155,9,0.0929,-20.649,0,1,0.0393,101.687,0.177,7
0.0166,0.524,244600,0.634,0,6.78e-05,2,0.0895,-8.968,1,51,0.0249,96.289,0.634,3
0.306,0.495,525387,0.8220000000000001,0,0.0337,8,0.454,-7.963999999999999,1,14,0.179,94.887,0.721,7
0.194,0.78,281293,0.79,0,0.0,6,0.224,-8.861,1,31,0.058,110.03,0.7759999999999999,3
0.00237,0.7829999999999999,509539,0.745,0,0.17,4,0.102,-11.5,0,55,0.0839,133.19299999999998,0.888,1
0.973,0.227,227427,0.0589,0,3.41e-05,5,0.244,-20.789,1,1,0.0513,184.825,0.0665,7
0.967,0.196,308680,0.0516,0,0.887,7,0.109,-30.3,1,0,0.0415,81.758,0.0393,8
0.0701,0.569,174427,0.5,0,1.39e-05,9,0.202,-12.469,1,37,0.0324,95.999,0.769,4
0.967,0.399,228120,0.29100000000000004,0,0.853,5,0.197,-17.902,0,15,0.0329,184.397,0.8009999999999999,7
0.15,0.635,184000,0.655,0,0.5529999999999999,0,0.129,-9.521,1,54,0.0484,91.026,0.271,2
0.8690000000000001,0.22,675933,0.147,0,0.769,10,0.194,-18.812,1,0,0.0383,105.085,0.116,9
0.442,0.544,253893,0.384,0,0.0,11,0.289,-10.812,1,42,0.0246,97.286,0.271,4
0.0681,0.736,218674,0.491,1,0.0,10,0.5710000000000001,-6.892,0,64,0.439,141.97899999999996,0.203,1
0.192,0.635,262693,0.647,0,0.0,5,0.154,-5.865,1,69,0.0351,104.054,0.203,2
0.705,0.659,229533,0.293,0,1.16e-05,5,0.092,-11.365,1,33,0.0241,89.927,0.358,4
0.622,0.424,200000,0.321,0,0.0196,7,0.0903,-13.162,1,69,0.0312,133.126,0.405,5
0.384,0.182,278827,0.246,0,0.787,8,0.0825,-11.855,1,37,0.0364,77.145,0.0747,4
0.978,0.303,604213,0.128,0,0.8809999999999999,0,0.097,-20.79,1,0,0.0329,98.957,0.0727,8
0.994,0.493,200760,0.264,0,5.09e-06,7,0.17600000000000002,-12.082,1,0,0.0513,79.949,0.695,9
0.621,0.733,265131,0.206,0,0.0,4,0.206,-20.213,1,0,0.962,82.744,0.397,9
0.00867,0.557,234693,0.833,0,0.0,7,0.0621,-4.671,1,56,0.073,125.909,0.449,1
2.730000000000001e-05,0.24,282560,0.958,0,0.0354,11,0.769,-10.151,0,46,0.1,161.887,0.0718,4
0.615,0.531,694400,0.117,0,2.32e-05,2,0.334,-15.927,1,17,0.0455,137.688,0.194,6
0.606,0.5760000000000001,197846,0.482,0,0.0,2,0.225,-5.722,1,41,0.0428,94.853,0.6459999999999999,3
0.519,0.557,222667,0.545,0,0.00126,4,0.3720000000000001,-8.022,0,29,0.031,116.524,0.49,4
0.0888,0.701,194840,0.417,0,0.000648,6,0.375,-7.818,0,64,0.0329,95.003,0.18600000000000005,1
0.944,0.187,164125,0.0911,0,0.921,0,0.104,-28.802,1,70,0.0489,66.282,0.359,1
0.987,0.253,99867,0.0278,0,0.0225,3,0.108,-27.835,1,5,0.0366,168.975,0.284,7
0.688,0.696,174160,0.602,0,0.0,7,0.189,-5.714,1,12,0.0259,98.149,0.933,6
0.0445,0.682,306923,0.867,0,0.0,2,0.759,-3.542,1,50,0.0349,115.053,0.745,1
0.0861,0.691,259227,0.555,0,0.000753,4,0.226,-11.106,0,30,0.033,97.245,0.84,4
0.879,0.446,205267,0.262,0,0.00105,5,0.145,-18.398,1,30,0.0322,118.166,0.14,5
0.0862,0.277,298160,0.633,0,0.00182,9,0.0647,-7.709,1,46,0.0374,135.352,0.345,5
0.569,0.312,184137,0.247,0,0.0,9,0.111,-15.372,0,12,0.0403,182.5,0.733,7
0.0389,0.78,201667,0.919,1,1.77e-05,9,0.025,-4.751,1,40,0.156,100.006,0.902,3
0.79,0.768,221947,0.529,0,0.0,1,0.2,-6.757999999999999,1,66,0.0405,119.953,0.517,1
0.987,0.473,197851,0.306,0,0.917,0,0.231,-15.307,0,0,0.132,68.107,0.552,9
0.7090000000000001,0.337,158827,0.897,0,0.000108,5,0.72,-8.07,1,19,0.14400000000000002,108.654,0.541,6
0.7909999999999999,0.53,285053,0.329,0,0.00192,1,0.755,-13.754,1,22,0.0467,100.498,0.5589999999999999,6
0.971,0.177,201053,0.35600000000000004,0,0.187,1,0.279,-10.753,1,0,0.0373,85.286,0.358,9
0.586,0.6509999999999999,85467,0.153,0,0.000585,5,0.181,-19.424,0,4,0.0346,127.429,0.615,7
0.0144,0.77,325636,0.636,0,0.00213,4,0.114,-13.366,0,33,0.262,111.856,0.647,3
0.0639,0.8909999999999999,253987,0.399,0,1.93e-05,4,0.0842,-10.092,0,56,0.348,133.217,0.821,5
0.988,0.443,497733,0.117,0,0.861,1,0.238,-17.453,1,5,0.0401,99.278,0.119,10
0.16699999999999998,0.71,232533,0.477,0,1.24e-06,1,0.128,-7.44,1,53,0.0397,94.932,0.14300000000000002,2
0.992,0.59,211017,0.225,0,0.913,9,0.104,-12.505999999999998,1,0,0.0358,93.71,0.682,8
0.0119,0.578,157425,0.862,0,1.7899999999999998e-05,8,0.0744,-3.059,0,62,0.0405,100.049,0.547,1
0.941,0.215,73613,0.263,0,3.69e-05,5,0.104,-12.682,1,15,0.0308,80.064,0.443,7
0.941,0.7490000000000001,72120,0.07400000000000001,0,0.000175,3,0.0963,-13.149,1,2,0.0685,131.963,0.873,7
0.049,0.753,159889,0.503,0,0.0,2,0.15,-6.212999999999999,1,66,0.0406,136.892,0.648,0
0.0939,0.59,200267,0.6709999999999999,0,0.0,1,0.248,-12.484000000000002,1,65,0.154,109.333,0.736,5
0.00264,0.433,261520,0.946,0,0.0,10,0.198,-5.138,0,65,0.0398,95.169,0.578,3
0.955,0.229,150987,0.153,0,0.0353,0,0.627,-15.593,1,0,0.0419,52.67,0.156,7
0.0173,0.431,184560,0.423,0,0.0,7,0.162,-10.857,1,39,0.0318,132.02700000000002,0.312,3
0.6679999999999999,0.6679999999999999,133400,0.594,0,1.64e-06,4,0.117,-11.531,1,24,0.08199999999999999,125.891,0.922,5
0.252,0.8109999999999999,224360,0.575,0,1.8e-06,7,0.0865,-8.347999999999999,1,49,0.185,139.899,0.804,2
0.995,0.5489999999999999,195408,0.0784,0,0.117,11,0.0969,-11.508,1,0,0.223,79.17,0.598,8
0.937,0.575,158093,0.14400000000000002,0,0.0,5,0.368,-13.837,1,5,0.0852,124.644,0.5760000000000001,8
0.000696,0.518,238173,0.797,0,0.0,6,0.107,-5.153,1,70,0.0309,132.915,0.293,2
0.988,0.244,30707,0.151,0,0.946,6,0.116,-12.535,0,46,0.0353,83.772,0.563,1
0.8340000000000001,0.561,317250,0.269,0,0.0,2,0.258,-9.446,1,47,0.0592,137.395,0.42,2
0.0304,0.459,286427,0.8690000000000001,0,0.0,10,0.121,-4.562,0,41,0.0699,90.046,0.7909999999999999,2
0.008459999999999999,0.336,568867,0.529,0,0.0223,7,0.183,-9.83,1,27,0.0329,153.45,0.448,5
0.354,0.643,250840,0.534,0,0.000517,5,0.0511,-12.095,1,32,0.0266,75.64399999999998,0.6729999999999999,4
0.995,0.6679999999999999,172507,0.306,0,0.914,2,0.355,-17.954,0,0,0.109,126.966,0.86,9
0.992,0.7340000000000001,156507,0.373,0,0.0319,1,0.655,-9.905,1,0,0.0908,115.415,0.8959999999999999,9
0.00028,0.475,213741,0.987,0,2.4e-06,5,0.335,-3.515,0,54,0.121,162.005,0.632,1
0.993,0.327,319440,0.0193,0,0.9,1,0.0927,-28.132,1,9,0.0508,76.097,0.0406,9
0.0244,0.528,198843,0.6779999999999999,0,0.000283,1,0.0738,-5.309,1,54,0.0279,126.03,0.16,1
0.264,0.8759999999999999,232027,0.742,0,0.0,11,0.297,-5.358,0,41,0.329,97.754,0.895,3
0.7909999999999999,0.754,152267,0.463,0,0.0,10,0.0965,-6.462999999999999,1,31,0.0731,119.271,0.947,6
0.94,0.399,464027,0.1,0,0.35200000000000004,2,0.0879,-18.811,1,0,0.0549,92.263,0.149,8
5.93e-06,0.4370000000000001,205440,0.99,0,0.0142,2,0.183,-3.704,1,42,0.0533,92.87,0.34,3
0.612,0.784,251867,0.942,0,8.06e-06,6,0.114,-7.091,1,31,0.225,106.126,0.846,4
0.919,0.59,210067,0.127,0,0.0,7,0.0982,-17.314,1,20,0.067,124.941,0.226,7
0.0698,0.76,187547,0.943,1,0.0,1,0.525,-2.7030000000000003,1,60,0.0363,127.976,0.6859999999999999,1
0.0573,0.605,175720,0.408,0,7.47e-06,7,0.199,-8.795,0,60,0.0334,76.553,0.0642,0
0.00135,0.616,177760,0.871,0,0.0,0,0.426,-4.128,1,48,0.049,119.967,0.679,2
0.2,0.489,244987,0.561,0,4.56e-05,4,0.179,-7.933,1,56,0.0274,83.45700000000002,0.238,2
0.183,0.818,279413,0.512,0,4.2e-06,0,0.0439,-12.491,1,53,0.0363,117.842,0.96,4
0.00399,0.495,229240,0.969,0,2.55e-05,2,0.404,-4.994,1,59,0.0427,156.135,0.966,4
0.6829999999999999,0.528,185667,0.435,0,0.0,8,0.12,-8.217,1,14,0.0385,94.236,0.565,7
0.6,0.483,206493,0.368,0,0.0,6,0.0882,-5.72,0,69,0.03,66.943,0.3670000000000001,1
0.989,0.69,164987,0.119,0,0.00188,5,0.332,-15.029000000000002,1,0,0.057,96.84,0.521,10
0.995,0.285,27307,0.218,0,0.938,5,0.101,-18.886,1,0,0.0657,86.932,0.382,8
0.691,0.5589999999999999,272387,0.754,0,0.0,0,0.0938,-5.283,1,40,0.0442,87.76100000000002,0.731,3
0.588,0.332,265400,0.464,0,2.83e-06,7,0.929,-8.136000000000001,1,47,0.0295,135.72799999999998,0.151,2
0.947,0.621,545427,0.0236,0,0.0571,7,0.146,-22.903,1,12,0.0422,117.398,0.235,7
0.76,0.478,253600,0.266,0,0.0109,4,0.0873,-13.434,1,36,0.045,118.613,0.279,5
0.928,0.477,238576,0.128,0,0.0,2,0.0875,-14.567,1,73,0.0707,88.917,0.38,1
0.363,0.777,155693,0.599,0,7.18e-05,0,0.206,-12.896,1,28,0.0495,154.69799999999995,0.965,4
0.58,0.4370000000000001,242747,0.384,0,0.0297,9,0.154,-14.893,1,21,0.0539,95.164,0.227,6
0.995,0.453,170096,0.109,0,0.414,3,0.107,-15.331,0,0,0.0965,168.885,0.485,8
0.0467,0.41,184307,0.892,0,0.0,11,0.246,-4.289,1,57,0.124,99.016,0.451,1
0.976,0.231,447013,0.0452,0,0.0138,2,0.21600000000000005,-18.811,1,7,0.0441,78.26899999999998,0.0387,7
0.13699999999999998,0.605,167890,0.415,0,0.0,11,0.34600000000000003,-11.448,0,63,0.42,118.033,0.383,1
0.17600000000000002,0.7190000000000001,308040,0.961,0,0.72,11,0.0828,-4.613,0,48,0.0649,120.015,0.458,2
0.99,0.0819,269507,0.0129,0,0.8759999999999999,7,0.096,-28.303,1,2,0.0428,70.80199999999998,0.0342,7
0.279,0.578,237227,0.609,0,0.000111,8,0.16899999999999998,-9.053,1,22,0.0261,110.857,0.615,5
0.393,0.731,120133,0.469,0,0.0,9,0.26,-13.462,1,9,0.0425,124.981,0.7509999999999999,6
0.133,0.6579999999999999,399107,0.595,0,0.00035800000000000003,4,0.0978,-8.704,0,40,0.0251,103.975,0.256,3
0.885,0.32299999999999995,258893,0.142,0,0.0,10,0.08,-9.918,0,32,0.0322,71.832,0.16899999999999998,7
0.305,0.584,86693,0.284,0,0.000903,7,0.162,-12.714,1,39,0.0409,139.08700000000002,0.386,5
0.857,0.475,139400,0.705,0,0.383,0,0.152,-8.084,1,39,0.0358,125.695,0.838,5
0.957,0.675,111615,0.917,0,0.462,9,0.182,-7.96,1,14,0.0859,185.779,0.897,7
0.121,0.698,253831,0.664,1,0.00131,7,0.331,-7.8279999999999985,1,63,0.0778,96.001,0.623,1
0.947,0.125,272107,0.069,0,0.895,0,0.107,-26.712,0,34,0.0436,96.061,0.0836,4
0.0057,0.32,222813,0.887,0,0.0,9,0.495,-4.141,0,23,0.0496,156.344,0.635,4
0.29100000000000004,0.542,306503,0.621,0,7.74e-06,3,0.161,-12.498,1,40,0.0525,156.10399999999996,0.642,3
0.0019,0.5579999999999999,179173,0.742,0,5.69e-05,6,0.0556,-4.5310000000000015,1,55,0.0369,139.933,0.265,2
0.066,0.34600000000000003,269773,0.597,1,2.34e-06,11,0.101,-6.563,0,54,0.0801,70.809,0.324,1
0.42,0.696,239160,0.638,0,0.0,8,0.0672,-6.442,1,38,0.0391,143.686,0.789,3
0.199,0.634,202440,0.64,0,0.00029,0,0.0697,-6.5539999999999985,0,48,0.0264,121.429,0.464,5
0.14300000000000002,0.675,202227,0.8859999999999999,0,0.0013,9,0.227,-4.312,1,24,0.0295,118.747,0.954,5
0.994,0.5720000000000001,174507,0.25,0,0.767,9,0.38,-12.847,1,0,0.12,168.14700000000005,0.961,10
0.0108,0.478,217760,0.92,0,0.00123,2,0.2,-9.286,1,46,0.0555,131.857,0.508,4
4.78e-05,0.256,597720,0.955,0,0.836,4,0.0877,-2.224,0,40,0.0733,164.39700000000005,0.396,2
0.196,0.616,240600,0.7609999999999999,0,0.0025,3,0.374,-9.199,1,62,0.126,145.07399999999996,0.708,5
0.947,0.6709999999999999,172293,0.379,0,0.359,10,0.349,-17.668,1,0,0.0477,95.283,0.789,8
0.951,0.284,190960,0.369,0,0.000857,6,0.194,-15.825,1,12,0.0393,147.84799999999996,0.7120000000000001,6
4.7e-05,0.493,205507,0.938,0,0.0339,11,0.0851,-6.526,1,48,0.105,136.52100000000002,0.5670000000000001,3
0.000519,0.326,135160,0.906,0,0.00963,9,0.146,-4.229,1,42,0.0473,139.093,0.312,2
0.00444,0.391,220507,0.932,1,0.0,11,0.948,-4.828,1,40,0.126,119.918,0.503,2
0.605,0.638,145400,0.488,0,0.0,10,0.122,-13.271,1,30,0.0314,118.889,0.836,6
0.753,0.249,171800,0.5379999999999999,0,0.109,7,0.342,-8.791,1,17,0.0524,72.457,0.451,6
0.5920000000000001,0.394,31124,0.948,1,4.69e-06,11,0.385,-4.164,0,46,0.446,92.019,0.514,3
0.0137,0.612,136093,0.659,1,0.0,6,0.417,-6.995,0,66,0.406,99.137,0.393,3
0.563,0.513,209025,0.393,0,0.894,2,0.907,-13.338,1,57,0.0305,82.616,0.513,1
0.816,0.698,148813,0.146,0,0.0296,10,0.303,-14.876,1,24,0.0423,113.264,0.5710000000000001,8
0.103,0.247,159200,0.752,0,0.0,9,0.107,-4.966,0,38,0.0559,83.149,0.593,6
0.866,0.632,189314,0.321,0,0.0151,0,0.465,-9.713,1,0,0.136,124.147,0.746,8
0.181,0.8170000000000001,212600,0.728,0,0.0,0,0.0674,-5.149,1,46,0.104,114.732,0.8740000000000001,2
0.605,0.552,144173,0.534,0,4.15e-05,4,0.0648,-7.218,0,21,0.0257,107.456,0.499,6
0.878,0.5760000000000001,314400,0.863,0,0.0,4,0.7959999999999999,-6.6679999999999975,1,44,0.914,115.815,0.433,2
0.946,0.4970000000000001,284333,0.0371,0,0.133,6,0.174,-26.201,0,38,0.0332,102.734,0.0386,3
0.14300000000000002,0.399,363667,0.815,0,0.0122,0,0.251,-11.524,1,21,0.0338,97.523,0.643,5
0.308,0.6,161027,0.807,0,2.32e-05,5,0.0731,-8.181000000000001,1,11,0.0588,116.727,0.888,7
0.526,0.6679999999999999,161613,0.677,0,2.43e-05,0,0.129,-8.154,1,50,0.0318,131.767,0.963,3
0.0177,0.7490000000000001,293667,0.679,1,9.33e-06,5,0.406,-5.8889999999999985,0,49,0.238,85.04,0.672,3
0.158,0.894,168160,0.625,1,0.0,8,0.171,-6.7029999999999985,1,60,0.302,150.026,0.428,1
0.000937,0.261,195720,0.992,0,0.0,9,0.039,-4.46,1,49,0.14400000000000002,177.446,0.5329999999999999,3
0.994,0.6659999999999999,176453,0.173,0,0.14,6,0.156,-21.289,1,0,0.121,140.69799999999998,0.65,9
0.0687,0.743,302627,0.331,0,0.0104,0,0.0395,-14.102,1,33,0.0275,110.749,0.387,3
0.0273,0.467,161800,0.784,0,8.56e-05,11,0.3,-12.843,0,41,0.0333,130.846,0.961,4
0.0222,0.5870000000000001,262573,0.7909999999999999,0,0.000115,5,0.0376,-5.1389999999999985,0,39,0.0301,105.591,0.349,4
0.0186,0.4,216653,0.754,0,0.0,7,0.316,-3.899,1,55,0.0348,160.031,0.231,2
0.35200000000000004,0.609,199947,0.635,0,1.56e-05,4,0.0891,-7.134,1,43,0.0305,119.939,0.537,2
0.287,0.341,263827,0.5870000000000001,0,1.58e-05,5,0.12,-8.886000000000003,1,30,0.0349,203.585,0.737,4
0.206,0.435,322107,0.465,0,3.62e-06,2,0.943,-14.709,1,44,0.0354,140.892,0.705,3
0.915,0.6609999999999999,154667,0.14800000000000002,0,8.95e-06,9,0.188,-12.962,1,3,0.0341,100.166,0.544,9
0.649,0.443,152707,0.285,0,0.00192,10,0.188,-11.666,1,14,0.0342,68.654,0.17,7
0.131,0.745,218213,0.682,0,0.0,5,0.119,-5.85,0,58,0.0964,135.065,0.198,1
0.442,0.586,212040,0.531,0,0.014,4,0.125,-11.477,1,26,0.029,88.559,0.74,5
0.6659999999999999,0.613,254547,0.443,0,0.0,5,0.514,-9.242,0,15,0.463,143.827,0.8370000000000001,7
0.0736,0.328,242040,0.871,0,0.0,9,0.983,-4.09,1,34,0.068,167.329,0.53,3
0.00487,0.585,182800,0.782,0,3.15e-05,4,0.196,-9.219,1,24,0.0348,126.08,0.7170000000000001,6
0.0879,0.936,225173,0.675,0,0.0,6,0.0854,-6.0760000000000005,0,65,0.0475,125.024,0.902,2
0.992,0.45,192000,0.16,0,0.521,8,0.183,-15.466,1,0,0.17800000000000002,169.28599999999997,0.588,10
0.904,0.343,259280,0.181,0,0.0,5,0.45,-12.428,1,19,0.0323,142.86,0.314,6
0.963,0.509,170453,0.069,0,0.000202,8,0.32299999999999995,-19.483,1,0,0.0651,78.669,0.521,7
0.0672,0.45,289320,0.731,0,8.43e-05,2,0.2,-11.959,0,33,0.0375,136.086,0.782,4
0.147,0.608,177907,0.941,0,0.0035,2,0.219,-4.105,0,49,0.0609,129.343,0.8270000000000001,2
0.6659999999999999,0.354,882507,0.82,0,0.868,5,0.695,-8.102,0,2,0.201,182.167,0.547,7
0.966,0.32299999999999995,249600,0.224,0,0.00546,0,0.206,-17.938,1,0,0.12,181.511,0.261,7
0.491,0.496,324827,0.4370000000000001,0,4.94e-06,9,0.0998,-12.61,1,55,0.0345,93.078,0.547,5
0.989,0.279,181547,0.00461,0,0.982,2,0.0638,-36.886,0,53,0.0439,69.813,0.039,1
0.0511,0.389,330600,0.936,0,0.00171,2,0.0745,-5.649,1,39,0.0476,179.17,0.58,3
0.754,0.395,315507,0.491,0,0.261,0,0.132,-10.813,1,36,0.029,97.081,0.451,5
0.826,0.899,207813,0.504,1,0.0,8,0.052000000000000005,-6.757999999999999,0,61,0.5,129.89,0.537,1
0.94,0.187,268333,0.125,0,0.000816,3,0.227,-18.25,0,26,0.0332,82.869,0.187,6
0.799,0.211,60533,0.223,0,0.000684,9,0.237,-16.422,0,26,0.0371,71.083,0.28,5
0.414,0.7090000000000001,189013,0.723,0,0.0,0,0.127,-5.7970000000000015,1,49,0.036000000000000004,83.48100000000002,0.6940000000000001,3
0.00266,0.475,177120,0.759,0,0.316,9,0.0496,-5.496,1,27,0.0348,148.106,0.711,5
0.0453,0.617,220627,0.7340000000000001,0,0.00192,9,0.228,-6.282,1,38,0.0255,114.946,0.66,3
0.994,0.408,190107,0.145,0,4.73e-05,10,0.138,-10.99,1,26,0.0501,68.8,0.294,10
0.0691,0.748,206080,0.637,0,0.0,2,0.0554,-9.36,1,36,0.0297,115.543,0.856,4
0.622,0.642,189333,0.607,0,0.0008439999999999999,9,0.12,-11.684,1,26,0.0375,126.71,0.772,5
0.924,0.417,176067,0.153,0,0.0,0,0.14,-16.358,1,28,0.0285,96.435,0.307,6
0.772,0.604,121560,0.626,0,0.0,4,0.204,-8.132,1,13,0.0543,182.807,0.873,7
0.732,0.364,555827,0.177,0,0.5710000000000001,1,0.0998,-13.918,1,44,0.0289,72.52600000000002,0.0343,2
0.982,0.483,410133,0.101,0,0.809,9,0.0637,-18.848,1,0,0.0517,137.939,0.35700000000000004,7
0.0346,0.797,241933,0.983,0,0.36,6,0.316,-6.35,1,45,0.166,99.096,0.374,3
0.0236,0.775,234627,0.72,1,0.0,11,0.114,-5.353,0,66,0.193,155.086,0.49,0
0.00197,0.664,239400,0.74,0,0.0415,7,0.259,-6.806,1,35,0.0623,93.988,0.5760000000000001,3
0.8190000000000001,0.464,156307,0.332,0,0.000128,11,0.131,-12.215,0,31,0.0323,79.587,0.395,6
0.444,0.407,176427,0.627,0,0.0149,7,0.134,-9.289,1,49,0.0276,84.476,0.51,1
0.312,0.39,390107,0.713,0,0.0,0,0.5529999999999999,-5.928,1,12,0.0789,136.655,0.612,6
0.189,0.415,176800,0.256,0,0.0,3,0.151,-19.376,1,55,0.0305,82.124,0.634,5
0.00731,0.354,173800,0.7,0,2.23e-06,11,0.147,-7.079,1,23,0.0402,123.359,0.393,6
0.458,0.374,252707,0.37,0,0.115,0,0.265,-14.374,1,32,0.0669,84.79,0.277,5
0.228,0.54,313573,0.8029999999999999,0,0.000334,0,0.0682,-9.407,1,39,0.0471,137.171,0.78,3
0.000525,0.349,239933,0.964,0,3.7000000000000006e-06,5,0.197,-4.527,1,43,0.0979,162.03799999999995,0.36,2
0.00508,0.247,222867,0.971,0,0.00634,9,0.281,-4.895,1,26,0.136,150.648,0.248,4
0.261,0.544,557600,0.532,0,0.006,5,0.95,-13.146,0,29,0.0509,106.697,0.725,5
0.253,0.569,374280,0.708,0,0.0029100000000000003,7,0.0358,-8.283,1,36,0.0533,95.761,0.722,5
0.00121,0.5429999999999999,189467,0.99,0,0.0,1,0.416,-3.116,1,56,0.15,111.98,0.2,2
0.991,0.816,196000,0.326,0,0.405,7,0.264,-7.064,0,0,0.166,121.27,0.645,9
0.748,0.39,266920,0.384,0,0.0,9,0.08,-7.252000000000002,1,67,0.039,96.132,0.154,1
0.926,0.585,162267,0.208,0,0.0262,2,0.108,-14.774,1,32,0.0319,132.954,0.542,3
0.993,0.455,218653,0.273,0,0.907,8,0.117,-18.379,1,0,0.0679,74.238,0.911,8
0.963,0.584,161045,0.301,0,1.62e-06,6,0.311,-5.015,1,0,0.0405,99.452,0.752,9
0.92,0.123,385800,0.0144,0,0.304,9,0.081,-31.756,0,39,0.0437,70.916,0.0526,3
0.0236,0.853,166458,0.852,1,0.0,1,0.342,-5.063,1,78,0.201,98.022,0.8320000000000001,0
0.00826,0.428,278918,0.902,0,0.00293,9,0.0763,-6.39,1,36,0.0537,136.09799999999998,0.6890000000000001,4
0.8859999999999999,0.569,153173,0.315,0,0.00921,4,0.926,-19.148,1,24,0.0945,105.75,0.833,5
0.0019,0.451,259867,0.973,0,0.122,9,0.0893,-3.615,1,46,0.1,140.642,0.652,2
0.899,0.425,412907,0.297,0,0.203,5,0.127,-10.104,1,0,0.0367,90.44,0.23,8
0.179,0.672,174333,0.47,0,0.000211,0,0.245,-13.14,1,21,0.0665,109.134,0.7190000000000001,5
0.393,0.616,243933,0.46,0,0.0,7,0.418,-9.855,0,30,0.0288,83.38600000000002,0.564,4
0.993,0.642,116840,0.284,0,1.58e-05,11,0.133,-16.506,1,0,0.0892,68.865,0.84,10
0.0802,0.35600000000000004,853399,0.552,0,0.0492,0,0.128,-13.307,1,20,0.059,136.257,0.339,5
0.108,0.794,234373,0.735,0,0.00578,0,0.112,-4.204,1,69,0.054000000000000006,107.374,0.223,1
0.964,0.1,219440,0.0164,0,8.240000000000001e-05,5,0.0541,-25.716,1,23,0.0367,76.016,0.0945,7
0.897,0.156,309093,0.162,0,0.691,2,0.111,-17.101,0,62,0.036000000000000004,73.407,0.077,2
0.743,0.465,413467,0.3,0,0.0423,0,0.101,-16.207,0,43,0.0317,152.168,0.672,6
0.913,0.355,201053,0.175,0,0.831,2,0.0761,-14.16,1,0,0.0414,84.99700000000001,0.5539999999999999,9
0.0867,0.853,224293,0.578,1,0.0,11,0.112,-8.459,1,48,0.298,91.946,0.488,2
0.0502,0.965,323267,0.449,1,1.17e-06,0,0.267,-15.225,1,55,0.237,105.392,0.722,3
0.7440000000000001,0.531,316427,0.374,0,0.222,0,0.16399999999999998,-12.343,0,10,0.0338,86.26,0.619,7
0.627,0.481,277133,0.189,0,5.95e-05,0,0.502,-10.92,1,26,0.0395,74.426,0.252,7
0.152,0.64,239707,0.6629999999999999,0,1.37e-06,9,0.116,-11.08,0,48,0.0267,113.758,0.6890000000000001,3
0.616,0.475,145773,0.435,0,0.0,3,0.122,-13.828,1,29,0.0502,126.458,0.581,5
0.923,0.29100000000000004,148049,0.168,0,1.15e-06,5,0.302,-15.048,1,13,0.0308,181.151,0.586,6
0.29600000000000004,0.6859999999999999,218533,0.773,0,1.1e-05,9,0.0792,-8.722000000000001,1,28,0.0282,124.63,0.964,3
0.99,0.389,175701,0.166,0,0.503,7,0.745,-14.848,1,1,0.07400000000000001,70.018,0.355,10
0.00603,0.7340000000000001,541827,0.6409999999999999,0,0.3720000000000001,5,0.0602,-8.471,0,51,0.0662,103.813,0.868,5
0.247,0.476,242467,0.407,0,0.0,4,0.14400000000000002,-9.239,0,59,0.0368,178.25799999999995,0.226,2
0.16,0.552,176133,0.748,0,0.0,9,0.121,-6.181,1,51,0.0593,81.578,0.371,3
0.222,0.557,250080,0.628,0,0.0,7,0.7070000000000001,-6.642,1,50,0.0405,109.456,0.617,1
0.0887,0.7879999999999999,274467,0.358,0,0.343,7,0.0928,-11.297,1,40,0.0963,83.956,0.5429999999999999,2
0.944,0.597,463347,0.26,0,0.815,0,0.208,-12.295,0,18,0.0486,135.15200000000002,0.242,7
0.898,0.344,208813,0.071,0,3.79e-06,0,0.122,-25.424,0,21,0.0328,85.999,0.337,6
0.959,0.332,628933,0.284,0,0.5329999999999999,0,0.102,-14.300999999999998,0,0,0.0551,71.883,0.0588,8
0.99,0.203,187250,0.00588,0,0.8290000000000001,5,0.118,-34.66,1,67,0.0391,69.468,0.0418,1
0.721,0.402,188560,0.187,0,0.000113,7,0.0714,-14.209,1,44,0.0368,136.789,0.199,3
0.985,0.359,188400,0.138,0,0.8340000000000001,5,0.29100000000000004,-20.879,1,36,0.041,155.745,0.506,4
0.21600000000000005,0.3720000000000001,226360,0.642,0,0.0,9,0.114,-4.819,0,55,0.14800000000000002,67.839,0.647,1
0.982,0.215,165133,0.28600000000000003,0,0.848,2,0.888,-13.428,0,0,0.0392,89.24600000000002,0.28300000000000003,8
0.444,0.583,157813,0.8,0,0.843,11,0.201,-8.505,0,48,0.0349,144.024,0.253,1
0.563,0.691,200200,0.504,0,1.18e-06,6,0.207,-8.89,1,0,0.0264,119.931,0.581,8
0.982,0.259,388493,0.0488,0,0.0414,7,0.106,-23.911,1,26,0.0453,85.271,0.0559,6
0.952,0.177,183027,0.0392,0,2.4e-05,8,0.121,-22.417,1,9,0.0343,70.446,0.113,7
0.986,0.6459999999999999,272733,0.0518,0,1.88e-06,0,0.122,-21.249,1,9,0.0555,90.652,0.354,7
0.993,0.581,171433,0.368,0,6.36e-05,4,0.321,-11.277,1,0,0.0703,117.34,0.612,8
0.906,0.342,293415,0.488,0,0.198,9,0.29,-9.576,1,24,0.0294,146.67600000000004,0.534,5
0.314,0.522,139040,0.7559999999999999,0,0.0,0,0.947,-9.413,0,34,0.0406,151.028,0.962,3
0.949,0.311,179000,0.109,0,0.882,9,0.127,-17.777,1,52,0.0347,137.049,0.0775,1
0.979,0.0895,259307,0.173,0,0.947,2,0.253,-20.371,0,4,0.0424,168.638,0.0375,7
0.103,0.5489999999999999,201960,0.804,0,0.0,7,0.18,-6.115,1,50,0.366,190.479,0.7070000000000001,3
0.87,0.4370000000000001,84160,0.124,0,0.0,9,0.8290000000000001,-19.691,0,0,0.146,108.07,0.652,7
0.06,0.747,210267,0.657,0,0.0109,4,0.052000000000000005,-8.262,0,40,0.0264,101.975,0.7659999999999999,5
0.982,0.5760000000000001,181840,0.156,0,0.00808,4,0.115,-14.689,0,0,0.071,76.54,0.746,8
0.276,0.503,214067,0.201,0,1.55e-06,8,0.117,-17.024,1,24,0.0312,125.155,0.303,5
0.836,0.604,180960,0.354,0,0.00474,9,0.103,-14.07,1,57,0.0313,137.349,0.635,5
0.937,0.331,826613,0.18600000000000005,0,0.8740000000000001,3,0.0625,-11.715,1,0,0.0355,77.06,0.211,8
0.0501,0.899,238400,0.804,1,5.41e-06,1,0.106,-6.185,1,36,0.0512,122.012,0.7170000000000001,2
0.995,0.7559999999999999,142624,0.331,0,0.938,5,0.528,-14.018,1,0,0.316,143.295,0.934,9
0.017,0.294,226587,0.919,0,0.221,9,0.041,-4.8660000000000005,1,45,0.0526,169.921,0.7290000000000001,6
0.121,0.7929999999999999,319920,0.7859999999999999,0,0.0187,11,0.0673,-7.449,0,38,0.175,126.548,0.83,5
0.272,0.8059999999999999,231613,0.7659999999999999,0,0.44,1,0.13699999999999998,-14.255,0,19,0.0999,139.42700000000002,0.852,5
0.972,0.6459999999999999,198707,0.0924,0,0.00761,5,0.122,-14.786,1,0,0.0492,119.494,0.551,8
0.00289,0.644,288307,0.5479999999999999,1,0.0,10,0.0453,-4.936,0,52,0.349,169.884,0.262,3
0.18,0.7390000000000001,189962,0.48,0,0.865,0,0.22,-17.227999999999998,0,0,0.0498,95.907,0.841,8
0.738,0.537,168200,0.493,0,0.0,8,0.08900000000000001,-10.151,1,35,0.0413,112.677,0.536,6
0.34,0.84,236640,0.888,1,0.0,1,0.303,-4.78,1,41,0.262,98.532,0.648,2
0.991,0.442,38533,0.29,0,0.913,0,0.16399999999999998,-13.97,1,0,0.0429,83.93299999999998,0.682,8
0.623,0.645,226733,0.802,0,0.0,3,0.121,-1.337,1,52,0.0312,136.014,0.964,2
0.133,0.8140000000000001,457400,0.454,0,0.8390000000000001,10,0.0863,-10.802,1,50,0.0413,99.265,0.903,5
0.992,0.601,111333,0.198,0,8.18e-05,6,0.385,-19.337,0,0,0.0777,122.35,0.8420000000000001,10
0.0115,0.562,352867,0.528,0,0.00064,9,0.33,-11.893,0,41,0.0292,85.194,0.384,3
0.0482,0.5329999999999999,303853,0.501,0,0.000101,7,0.118,-10.505,1,46,0.0358,78.692,0.374,5
0.943,0.7290000000000001,178933,0.7120000000000001,0,0.0,10,0.14,-1.649,1,6,0.0769,103.235,0.8340000000000001,9
0.6459999999999999,0.66,129800,0.422,0,1.66e-05,2,0.125,-10.449000000000002,1,17,0.0274,109.346,0.84,7
0.929,0.586,23373,0.13,0,0.000534,2,0.885,-18.791,1,0,0.0562,78.592,0.664,9
0.97,0.374,95495,0.269,0,0.00129,0,0.301,-12.223,1,0,0.0818,78.233,0.316,8
0.813,0.536,217200,0.269,0,0.0,4,0.262,-9.982,1,8,0.047,117.359,0.485,7
0.000115,0.424,345760,0.8809999999999999,0,0.00016299999999999998,10,0.309,-6.4,0,42,0.0428,75.421,0.528,3
0.00147,0.7020000000000001,288533,0.626,1,3.24e-06,1,0.13699999999999998,-8.327,1,35,0.274,179.347,0.371,3
0.8540000000000001,0.5489999999999999,155867,0.226,0,0.00648,10,0.0837,-16.432000000000002,1,36,0.0342,88.266,0.52,3
0.7090000000000001,0.584,154173,0.262,0,0.0489,1,0.248,-12.178,1,10,0.056,70.322,0.471,6
0.933,0.381,197959,0.539,0,0.7959999999999999,5,0.261,-9.51,1,0,0.0857,86.09100000000002,0.655,8
0.0123,0.612,210773,0.494,0,2.7e-05,11,0.102,-10.365,0,50,0.0606,147.964,0.147,1
0.00585,0.502,250533,0.591,0,1.9e-05,7,0.0725,-4.522,1,51,0.0242,81.782,0.16899999999999998,3
0.00182,0.53,188383,0.5589999999999999,0,0.0,8,0.175,-11.958,1,3,0.0409,180.11,0.765,9
0.73,0.68,60627,0.107,0,0.0,7,0.11,-17.4,1,7,0.877,67.657,0.487,7
0.0034200000000000003,0.405,209187,0.595,0,0.0,2,0.29,-4.727,1,45,0.0354,176.543,0.513,2
0.375,0.411,402761,0.466,0,8.47e-05,4,0.142,-11.537,0,51,0.0332,136.093,0.158,6
0.978,0.484,151560,0.512,0,0.888,8,0.124,-6.565,1,1,0.0539,202.963,0.893,9
0.494,0.436,267200,0.5670000000000001,0,5.93e-05,1,0.622,-10.469,0,27,0.0553,141.489,0.716,5
0.000283,0.5589999999999999,301067,0.953,0,0.188,2,0.187,-4.657,1,47,0.0568,130.053,0.236,3
0.987,0.264,254417,0.0987,0,0.917,0,0.0906,-20.682,1,1,0.0436,136.845,0.0375,7
0.845,0.398,162173,0.38,0,0.34600000000000003,8,0.0993,-13.229,1,11,0.0345,114.923,0.677,7
0.991,0.287,249867,0.201,0,1.29e-06,7,0.18,-14.046,1,0,0.0387,131.244,0.138,8
0.994,0.597,181427,0.0771,0,0.815,5,0.181,-16.207,1,0,0.435,77.96600000000002,0.807,8
0.973,0.25,756750,0.229,0,2.9600000000000005e-05,3,0.6759999999999999,-19.199,0,0,0.093,87.27,0.139,8
0.985,0.47,564507,0.104,0,0.91,0,0.155,-19.671,1,0,0.0524,79.609,0.306,8
0.773,0.738,177493,0.238,0,0.0,10,0.119,-13.251,1,0,0.0588,98.604,0.5760000000000001,10
0.84,0.521,177667,0.0808,0,4.64e-06,0,0.35600000000000004,-20.737,1,30,0.0568,77.921,0.279,6
0.941,0.217,394307,0.108,0,0.0809,8,0.111,-21.459,1,4,0.0446,108.186,0.0701,8
0.0922,0.626,147702,0.509,0,0.0196,5,0.198,-12.787,1,17,0.0352,88.65299999999998,0.767,6
0.917,0.463,220027,0.258,0,9.7e-06,0,0.107,-10.963,1,34,0.0289,101.817,0.419,3
0.995,0.4920000000000001,196600,0.13,0,0.479,5,0.0836,-13.003,1,0,0.0363,74.678,0.34600000000000003,8
0.0648,0.593,186173,0.8270000000000001,0,0.000467,9,0.0842,-9.841,1,37,0.0288,140.335,0.988,4
0.8140000000000001,0.624,189600,0.199,0,1.03e-05,7,0.0787,-14.98,1,21,0.036000000000000004,115.994,0.343,6
0.614,0.5870000000000001,423053,0.541,0,0.14,2,0.994,-11.681,1,25,0.0452,128.036,0.526,5
0.338,0.762,153347,0.6659999999999999,0,0.0,2,0.039,-8.675,1,36,0.0446,88.295,0.895,5
0.54,0.7140000000000001,257533,0.5529999999999999,0,3.1e-05,11,0.0771,-10.44,1,29,0.0272,104.561,0.57,3
0.995,0.276,190027,0.145,0,0.952,9,0.153,-21.852,1,0,0.0857,72.646,0.302,8
0.911,0.233,751653,0.235,0,0.918,9,0.101,-20.332,1,29,0.0457,132.61,0.0389,5
0.963,0.634,284240,0.363,0,0.8220000000000001,7,0.103,-12.753,1,43,0.0298,108.988,0.341,2
0.132,0.335,303467,0.923,0,0.0,11,0.343,-4.049,1,31,0.0493,66.318,0.528,6
0.565,0.631,198351,0.609,0,0.0,1,0.635,-7.394,1,69,0.0886,119.636,0.38,1
0.252,0.67,194840,0.453,0,0.33,0,0.117,-11.265,1,78,0.295,135.055,0.68,1
0.247,0.517,200400,0.557,0,3.03e-05,1,0.154,-13.595,1,34,0.0774,103.769,0.802,4
0.0271,0.6890000000000001,114933,0.96,0,0.911,1,0.0994,-9.531,1,9,0.0493,100.539,0.5820000000000001,6
0.0848,0.35600000000000004,326893,0.8340000000000001,0,0.0,0,0.963,-11.429,1,53,0.406,146.356,0.355,3
0.0775,0.528,145267,0.508,0,0.7440000000000001,5,0.18600000000000005,-11.291,1,0,0.0315,125.8,0.964,7
0.000583,0.353,417227,0.7979999999999999,0,0.284,4,0.13,-5.881,1,44,0.0421,136.127,0.594,3
0.331,0.381,211560,0.373,0,0.6659999999999999,7,0.0719,-12.163,1,29,0.0382,147.494,0.345,5
0.236,0.703,169773,0.604,0,0.0,3,0.163,-11.321,1,44,0.0315,133.05200000000002,0.64,3
0.0774,0.8690000000000001,212776,0.805,0,0.0,8,0.0686,-5.722,1,74,0.0393,125.235,0.889,1
0.835,0.349,200707,0.257,0,0.247,7,0.421,-12.508,1,8,0.0331,92.088,0.318,7
0.8,0.695,280000,0.336,0,0.00264,9,0.701,-12.999,1,72,0.0313,79.109,0.422,3
0.000113,0.451,245933,0.748,0,0.00216,2,0.123,-8.261000000000001,1,31,0.0389,125.702,0.467,4
0.583,0.65,271415,0.243,0,0.0164,5,0.109,-16.442,1,41,0.0312,91.21,0.631,5
0.086,0.667,152507,0.696,0,0.0,9,0.1,-11.613,1,44,0.0338,143.05100000000004,0.89,4
0.0686,0.272,187293,0.926,1,5.63e-06,6,0.158,-12.194,1,24,0.0535,101.399,0.198,4
0.655,0.7909999999999999,132907,0.507,0,0.0,7,0.0943,-10.726,1,22,0.117,125.491,0.964,8
0.6990000000000001,0.758,182891,0.489,0,3.88e-06,9,0.16699999999999998,-8.001,1,40,0.0365,97.574,0.934,4
0.243,0.7190000000000001,270293,0.67,0,0.0223,9,0.0618,-9.113,1,28,0.0903,144.041,0.96,6
0.269,0.5870000000000001,244160,0.489,0,9.92e-05,2,0.0954,-12.269,1,51,0.0363,116.867,0.409,1
0.0168,0.68,192760,0.635,0,0.00109,9,0.081,-9.606,0,36,0.0458,124.372,0.843,5
0.731,0.365,130560,0.179,0,0.457,4,0.118,-22.325,0,41,0.0323,107.928,0.305,6
0.6,0.5379999999999999,283493,0.535,0,0.000126,1,0.122,-11.327,1,31,0.0756,173.67,0.835,5
0.07400000000000001,0.912,400751,0.7809999999999999,0,0.762,7,0.348,-7.018,0,60,0.0444,119.978,0.89,1
0.757,0.7120000000000001,231119,0.207,0,1.19e-05,11,0.142,-23.195,0,0,0.965,67.91199999999999,0.534,9
