0.0014199999999999998,0.449,327787,0.813,1,0.000172,8,0.106,-5.478,1,60,0.129,177.96200000000005,0.452,1
0.778,0.48,565133,0.324,0,0.0385,5,0.335,-20.555,1,14,0.0444,141.582,0.745,7
0.152,0.8109999999999999,275480,0.792,0,0.0131,11,0.396,-7.1,0,57,0.0454,128.02100000000002,0.653,2
0.00033,0.542,183480,0.942,0,6.15e-06,7,0.0926,-4.168,0,57,0.0721,129.998,0.274,1
0.667,0.343,126373,0.295,0,0.835,0,0.0946,-18.524,1,50,0.0375,171.668,0.261,5
0.22,0.48,168520,0.908,0,0.00483,5,0.271,-6.53,1,28,0.0394,136.917,0.657,5
0.415,0.502,157333,0.564,0,1.76e-06,2,0.158,-8.431000000000001,1,33,0.0292,81.133,0.79,6
0.8590000000000001,0.477,188533,0.129,0,0.0,0,0.145,-19.926,1,25,0.0419,170.032,0.638,6
0.608,0.636,216787,0.648,0,0.000147,10,0.07200000000000001,-5.716,1,54,0.033,96.882,0.5589999999999999,2
0.00852,0.4270000000000001,267000,0.93,0,0.000699,5,0.984,-10.817,0,44,0.0606,111.252,0.453,4
0.972,0.273,235600,0.142,0,5.08e-05,7,0.255,-17.684,1,0,0.0637,169.74200000000005,0.0988,7
0.69,0.7959999999999999,177141,0.53,0,0.0,8,0.0646,-5.9670000000000005,1,70,0.0558,105.031,0.754,1
0.281,0.83,190746,0.574,1,0.0,11,0.124,-6.892,1,70,0.701,143.892,0.5379999999999999,0
0.00718,0.8640000000000001,118933,0.672,1,0.0,1,0.215,-5.167999999999998,0,57,0.261,84.823,0.562,2
0.988,0.275,194821,0.139,0,6.07e-06,10,0.22,-14.672,0,0,0.044,76.59,0.228,8
0.962,0.722,208144,0.175,0,1.2e-06,9,0.293,-11.146,1,0,0.412,151.77100000000004,0.726,7
0.638,0.6829999999999999,150960,0.414,0,0.0,5,0.32,-9.511,1,14,0.0291,101.512,0.737,6
0.0787,0.28800000000000003,242733,0.927,0,0.081,7,0.388,-10.055,1,34,0.0578,100.509,0.185,4
0.883,0.35200000000000004,227267,0.201,0,0.0448,2,0.1,-21.378,1,21,0.0315,106.822,0.326,6
0.8059999999999999,0.307,248000,0.384,0,3.91e-05,8,0.112,-10.524,1,27,0.03,119.854,0.269,6
0.459,0.653,309056,0.7070000000000001,0,3.3600000000000004e-05,9,0.504,-11.716,0,35,0.0417,147.11,0.961,5
0.8590000000000001,0.621,248493,0.397,0,0.691,5,0.117,-17.812,1,25,0.0861,112.805,0.355,6
0.992,0.324,244333,0.008620000000000001,0,0.937,9,0.0887,-36.959,1,41,0.0424,98.009,0.229,3
0.417,0.534,350840,0.379,0,0.000376,7,0.138,-10.002,1,34,0.0294,134.86700000000002,0.312,5
0.8590000000000001,0.758,195400,0.254,0,0.00109,8,0.171,-11.88,1,15,0.0445,123.542,0.468,9
0.8290000000000001,0.5489999999999999,163093,0.161,0,0.0,6,0.145,-15.327,1,0,0.279,133.036,0.458,7
0.00853,0.504,181200,0.895,0,0.00173,5,0.232,-6.399,0,36,0.275,201.858,0.725,3
0.573,0.416,264200,0.508,0,0.0576,2,0.835,-10.324000000000002,1,48,0.0365,81.001,0.255,2
0.755,0.578,281987,0.5660000000000001,0,0.537,0,0.0987,-8.732999999999999,1,35,0.0531,125.03,0.83,6
9.52e-05,0.28300000000000003,236613,0.957,0,0.0,5,0.287,-4.845,0,49,0.0729,110.027,0.431,2
0.733,0.289,218640,0.245,0,2.02e-05,5,0.19,-13.21,1,15,0.035,124.958,0.171,7
0.96,0.28600000000000003,176520,0.308,0,1.3e-05,8,0.365,-11.895,1,0,0.0322,65.712,0.238,7
0.222,0.602,282640,0.759,0,8.01e-05,7,0.0553,-7.124,1,30,0.0382,133.80200000000002,0.7070000000000001,5
0.126,0.772,153679,0.696,0,0.7859999999999999,7,0.0612,-6.348,1,0,0.0676,94.868,0.647,7
0.416,0.8390000000000001,181307,0.52,0,1.6e-05,2,0.0832,-9.232,1,38,0.0576,110.431,0.969,3
0.0355,0.473,225733,0.927,0,9.36e-05,3,0.339,-6.36,1,38,0.0846,189.137,0.759,3
0.00188,0.499,184320,0.887,0,0.381,10,0.231,-5.738,0,40,0.048,139.332,0.369,2
0.7020000000000001,0.58,139000,0.219,0,0.0,5,0.126,-16.185,1,18,0.0333,128.058,0.7120000000000001,6
0.951,0.465,192773,0.334,0,0.0322,4,0.135,-10.992,0,0,0.0849,134.225,0.475,7
0.171,0.5539999999999999,119867,0.915,0,0.8059999999999999,9,0.322,-6.487,0,24,0.0515,164.02200000000005,0.851,6
0.000429,0.487,352427,0.949,0,2.9100000000000013e-05,2,0.231,-4.217,0,68,0.0798,110.02,0.406,2
0.695,0.528,156200,0.348,0,0.0,10,0.122,-13.897,1,0,0.0614,120.852,0.6990000000000001,8
0.8909999999999999,0.748,177160,0.695,0,0.509,9,0.108,-5.712999999999999,0,34,0.0438,133.382,0.951,5
0.407,0.735,215733,0.232,0,8.15e-06,6,0.224,-16.71,1,26,0.0297,95.988,0.465,4
0.393,0.68,188309,0.664,0,0.00283,0,0.17800000000000002,-7.636,0,0,0.0345,126.746,0.962,8
0.0471,0.406,242000,0.73,0,0.0,9,0.229,-6.278,1,59,0.0315,170.032,0.207,2
0.0009,0.289,112307,0.909,0,0.0,11,0.947,-5.046,0,36,0.105,134.953,0.523,4
0.81,0.615,168907,0.28800000000000003,0,0.0,0,0.104,-14.923,1,22,0.0363,109.338,0.7759999999999999,5
0.879,0.439,199467,0.31,0,0.0049,0,0.179,-12.625,1,27,0.035,139.126,0.358,5
0.204,0.589,252200,0.82,0,0.0188,2,0.423,-9.602,1,63,0.0369,117.307,0.787,5
0.878,0.271,148360,0.315,0,0.000462,2,0.312,-12.353,1,19,0.0383,182.764,0.458,6
0.976,0.309,890000,0.258,0,0.69,9,0.0924,-15.327,1,50,0.0459,74.568,0.115,1
0.21,0.65,272027,0.529,0,0.000121,9,0.0929,-11.505,1,29,0.03,107.965,0.257,4
0.961,0.209,796213,0.201,0,0.93,9,0.127,-16.455,0,0,0.0424,115.086,0.0391,7
0.115,0.604,285280,0.605,0,1.22e-05,4,0.305,-8.516,1,59,0.0352,147.925,0.647,2
0.0329,0.36,182680,0.895,0,1.18e-06,9,0.06,-3.795,1,55,0.117,168.21400000000003,0.424,2
0.856,0.292,192933,0.172,0,2.9600000000000005e-05,3,0.133,-19.478,1,34,0.0384,119.17,0.235,3
0.983,0.417,293813,0.514,0,0.0116,4,0.377,-10.566,1,0,0.0347,144.929,0.775,8
0.807,0.303,1073293,0.058,0,0.00815,3,0.108,-17.837,1,0,0.0359,131.733,0.0759,8
0.0661,0.279,415307,0.591,0,0.22,2,0.234,-10.889,1,34,0.0305,160.643,0.54,5
0.0968,0.73,210133,0.612,0,0.0,8,0.12,-7.7879999999999985,1,32,0.0276,131.30100000000002,0.861,3
0.977,0.447,214672,0.397,0,0.919,7,0.519,-11.991,1,0,0.0337,87.01799999999999,0.528,8
0.465,0.547,170560,0.383,0,0.00365,2,0.191,-17.096,0,11,0.0602,83.197,0.75,7
0.92,0.415,168840,0.226,0,0.916,5,0.101,-17.155,1,28,0.0417,174.037,0.454,4
0.966,0.573,196773,0.278,0,0.134,6,0.657,-10.8,1,0,0.28300000000000003,117.001,0.748,8
0.993,0.516,198053,0.146,0,0.0223,2,0.172,-8.985,1,19,0.0454,71.14399999999998,0.412,10
0.725,0.746,163893,0.532,0,6.67e-06,10,0.101,-8.336,1,72,0.0649,121.375,0.976,1
0.029,0.918,214040,0.36,0,0.0,5,0.0799,-9.952,0,45,0.275,91.959,0.243,3
0.85,0.561,102800,0.64,0,6.33e-06,5,0.927,-13.327,1,33,0.872,93.148,0.496,3
0.521,0.439,146889,0.409,0,0.0232,0,0.1,-13.494000000000002,0,9,0.0726,175.321,0.841,6
0.0243,0.6459999999999999,221520,0.644,0,0.0,2,0.0888,-6.763,1,73,0.031,99.999,0.251,1
0.991,0.2,206853,0.226,0,0.0044,3,0.0981,-12.729,1,0,0.0416,181.642,0.145,7
0.985,0.687,174933,0.212,0,0.000503,7,0.0972,-9.349,1,2,0.0874,131.751,0.802,10
0.885,0.638,164000,0.152,0,0.0,10,0.0932,-14.543,1,28,0.0628,126.079,0.328,7
0.802,0.561,255333,0.32,0,0.0,10,0.0701,-11.409,1,51,0.0314,139.856,0.35600000000000004,4
0.232,0.482,348947,0.575,0,0.00202,0,0.111,-10.074,1,27,0.147,106.961,0.494,7
0.5820000000000001,0.685,203279,0.418,1,0.0,0,0.0853,-11.849,1,62,0.488,84.898,0.21,1
0.8190000000000001,0.327,205822,0.387,0,0.0,4,0.0669,-11.585,0,12,0.08199999999999999,132.20600000000002,0.369,7
0.51,0.573,543560,0.35200000000000004,0,8.65e-06,10,0.0951,-10.57,1,27,0.0357,61.669,0.375,6
0.976,0.243,154246,0.123,0,0.879,8,0.17600000000000002,-20.642,1,60,0.0421,111.435,0.0501,1
0.0297,0.747,262840,0.928,0,1.75e-06,5,0.113,-6.107,0,59,0.0824,100.065,0.87,2
0.862,0.7070000000000001,164133,0.0835,0,0.0,8,0.38,-22.766,1,7,0.7490000000000001,111.779,0.482,7
0.995,0.675,167507,0.109,0,0.954,10,0.109,-19.363,1,0,0.0527,116.617,0.6940000000000001,10
0.0107,0.453,230893,0.974,0,0.344,4,0.978,-3.885,1,28,0.0956,119.106,0.307,4
0.677,0.664,383533,0.75,0,0.0163,5,0.0576,-6.439,1,44,0.0405,172.271,0.954,4
6.48e-05,0.528,240080,0.954,0,0.000232,7,0.13,-6.604,1,38,0.0888,162.0,0.632,2
0.8029999999999999,0.777,136133,0.525,0,0.0,0,0.059,-6.034,1,0,0.0777,94.756,0.833,7
0.00108,0.7759999999999999,448480,0.703,0,0.88,8,0.35200000000000004,-16.542,0,40,0.0498,125.938,0.922,4
0.555,0.6990000000000001,136760,0.434,0,3.48e-06,7,0.248,-9.4,1,41,0.0325,104.956,0.977,2
0.329,0.569,303787,0.629,0,3.47e-06,7,0.349,-13.648,1,28,0.08,78.973,0.6679999999999999,3
0.991,0.243,108069,0.00384,0,0.969,0,0.0848,-41.378,1,60,0.0397,114.566,0.196,1
0.981,0.29600000000000004,441307,0.0448,0,0.88,6,0.0909,-23.941,0,2,0.0384,79.898,0.107,7
0.456,0.535,282693,0.445,0,0.0677,4,0.112,-9.155,1,67,0.0292,146.099,0.136,1
0.7859999999999999,0.726,190627,0.664,0,0.847,5,0.315,-8.339,1,0,0.0382,119.213,0.9,8
0.794,0.42,263440,0.263,0,2.86e-06,2,0.12,-17.183,1,33,0.0442,81.98899999999998,0.536,6
0.23,0.6809999999999999,193093,0.655,0,0.0,7,0.289,-9.017,1,37,0.0472,116.555,0.701,2
0.978,0.6940000000000001,156000,0.32299999999999995,0,0.607,2,0.292,-10.911,1,0,0.0588,125.092,0.951,9
0.5720000000000001,0.392,153027,0.4920000000000001,0,0.959,7,0.109,-14.757,0,56,0.057,80.016,0.175,2
0.239,0.604,214667,0.574,0,0.0,0,0.0797,-13.452,0,24,0.0363,102.124,0.8959999999999999,5
0.946,0.14300000000000002,215173,0.155,0,0.907,8,0.179,-18.096,1,17,0.0364,83.553,0.0758,6
0.339,0.733,202933,0.654,0,0.004370000000000001,1,0.0752,-7.871,0,23,0.133,115.906,0.871,5
0.982,0.525,177800,0.294,0,0.00675,5,0.32,-7.965,1,0,0.0408,117.838,0.391,8
0.455,0.625,91507,0.606,0,0.0,5,0.343,-13.44,1,31,0.0386,146.561,0.6629999999999999,4
0.204,0.6759999999999999,147640,0.815,0,0.0,7,0.132,-6.192,1,43,0.037000000000000005,145.969,0.965,3
0.116,0.757,384640,0.645,0,0.00157,7,0.14800000000000002,-13.640999999999998,1,43,0.0726,102.76,0.8590000000000001,3
2.17e-06,0.21600000000000005,109000,0.948,0,0.00633,11,0.249,-8.937000000000003,1,31,0.0729,149.809,0.338,4
0.241,0.784,158000,0.599,0,0.0,5,0.106,-14.624,0,45,0.0362,141.401,0.906,4
0.445,0.35600000000000004,184640,0.331,0,0.0,7,0.8909999999999999,-11.065,1,57,0.0435,111.995,0.263,4
0.5529999999999999,0.5579999999999999,108040,0.307,0,0.0116,0,0.212,-11.199000000000002,1,25,0.0309,71.889,0.317,5
0.0907,0.759,212227,0.916,0,6.23e-05,5,0.29100000000000004,-3.666,1,36,0.0325,107.765,0.961,5
0.901,0.411,176827,0.591,0,0.061,3,0.159,-9.242,1,1,0.0891,180.894,0.6970000000000001,8
0.0925,0.575,206573,0.708,0,0.007909999999999999,7,0.207,-15.104,0,47,0.0377,117.347,0.884,5
0.0102,0.53,221373,0.72,0,0.316,9,0.0831,-13.762,1,22,0.0569,121.736,0.664,5
0.851,0.463,281467,0.159,0,4.01e-06,1,0.106,-18.907,1,22,0.0409,120.132,0.287,5
0.93,0.311,805493,0.433,0,0.823,5,0.29,-11.763,1,0,0.0367,146.313,0.151,8
0.0383,0.62,192480,0.893,0,0.000304,4,0.159,-1.7180000000000002,0,60,0.0436,101.089,0.16,1
0.0546,0.7120000000000001,212354,0.598,1,0.0,7,0.154,-5.3679999999999986,0,66,0.0388,130.007,0.504,0
0.466,0.561,239667,0.319,0,0.0,9,0.0684,-13.418,0,47,0.0313,120.106,0.329,2
0.835,0.525,169987,0.317,0,0.0,10,0.0733,-14.215,1,16,0.0302,78.304,0.54,6
0.189,0.6629999999999999,282087,0.339,0,0.513,9,0.0983,-11.284,1,51,0.0459,133.97299999999998,0.149,1
0.0314,0.556,227973,0.57,0,0.000126,4,0.165,-7.723,0,31,0.0368,120.966,0.108,5
0.54,0.731,197123,0.502,0,1.91e-05,8,0.116,-6.507999999999999,1,65,0.0356,137.959,0.637,2
0.266,0.48,199907,0.626,0,5.7e-05,5,0.0857,-8.406,1,68,0.0294,75.63,0.542,5
0.425,0.66,347120,0.224,0,2.02e-06,5,0.101,-13.425999999999998,1,62,0.0307,88.01100000000002,0.382,2
0.064,0.614,206627,0.5660000000000001,0,3.75e-05,5,0.659,-10.367,0,26,0.0348,115.022,0.575,5
0.0178,0.275,219831,0.762,0,0.000311,11,0.0503,-4.438,0,40,0.041,111.894,0.607,5
0.34,0.565,220120,0.835,0,0.0,9,0.0726,-3.379,1,66,0.0335,105.007,0.763,1
0.986,0.6609999999999999,191427,0.108,0,0.696,10,0.17800000000000002,-20.662,1,19,0.0419,106.539,0.6779999999999999,10
0.949,0.541,174733,0.0805,0,0.0,0,0.368,-18.581,1,1,0.0574,133.875,0.602,8
0.0904,0.642,179304,0.762,0,1.25e-06,7,0.101,-4.355,1,64,0.0451,127.513,0.647,2
0.948,0.443,140813,0.345,0,0.0,9,0.151,-8.764,1,3,0.0736,194.592,0.7829999999999999,7
0.597,0.434,244062,0.758,0,2.93e-06,9,0.248,-4.807,0,66,0.312,178.58900000000003,0.473,1
0.279,0.481,232480,0.8909999999999999,0,1.14e-05,4,0.171,-4.093,0,27,0.0993,128.097,0.56,4
0.983,0.158,259813,0.292,0,0.899,6,0.116,-13.289,1,1,0.0326,70.623,0.163,7
0.0498,0.617,247160,0.635,0,1.44e-05,11,0.16399999999999998,-6.769,0,83,0.0317,103.019,0.446,1
0.541,0.6559999999999999,109467,0.743,0,0.0,5,0.28800000000000003,-8.69,0,18,0.0653,151.61700000000005,0.979,6
0.956,0.317,209800,0.381,0,5.2e-05,3,0.28600000000000003,-6.7360000000000015,1,40,0.0357,103.138,0.309,4
0.8859999999999999,0.21600000000000005,203733,0.124,0,0.8290000000000001,8,0.273,-20.709,1,11,0.0363,61.65,0.0639,7
0.983,0.273,188947,0.299,0,0.912,9,0.0991,-18.397,1,10,0.0291,85.27,0.287,7
0.525,0.61,209880,0.245,0,0.0,6,0.17,-16.965,1,11,0.958,61.706,0.648,9
0.311,0.8029999999999999,240133,0.413,0,0.0136,0,0.0744,-13.085,1,21,0.275,140.327,0.845,5
6.85e-06,0.344,155333,0.8190000000000001,0,0.00843,9,0.0379,-9.647,1,26,0.0538,92.063,0.932,4
0.441,0.8079999999999999,290307,0.454,0,0.00146,9,0.0751,-19.328,0,39,0.0525,106.928,0.851,4
0.815,0.261,260440,0.129,0,0.914,7,0.1,-19.887,1,40,0.0308,94.597,0.051,4
0.597,0.695,168387,0.42,0,0.0222,7,0.0839,-7.735,1,59,0.0385,124.019,0.257,1
0.479,0.617,310307,0.415,0,9.36e-06,11,0.0504,-8.466000000000001,0,40,0.048,140.08,0.384,2
0.00931,0.7859999999999999,235307,0.6890000000000001,0,1.14e-06,1,0.214,-6.113,1,55,0.315,157.935,0.8740000000000001,1
0.0413,0.449,218493,0.635,1,0.0,1,0.188,-8.301,1,67,0.275,84.414,0.608,1
0.959,0.552,36160,0.415,1,0.000239,3,0.16399999999999998,-11.996,1,60,0.0451,72.862,0.36,1
0.994,0.421,188000,0.215,0,0.9,9,0.29100000000000004,-12.866,0,0,0.0612,144.791,0.457,10
0.759,0.584,204533,0.187,0,0.00394,9,0.174,-17.208,1,44,0.0298,110.857,0.284,5
0.117,0.929,177404,0.636,1,0.0,7,0.0994,-5.3660000000000005,1,70,0.285,105.103,0.687,0
0.28600000000000003,0.8029999999999999,135419,0.515,1,0.0,6,0.115,-8.758,0,63,0.127,78.021,0.2,1
0.00795,0.526,378360,0.873,0,7.36e-06,0,0.339,-5.28,1,50,0.0754,86.31299999999996,0.629,4
0.502,0.512,137200,0.197,0,0.0,10,0.187,-9.056,1,5,0.0312,141.628,0.654,7
0.923,0.508,250200,0.466,0,0.16899999999999998,11,0.622,-11.504,1,50,0.035,119.952,0.0768,1
0.353,0.4,298641,0.602,0,0.0,7,0.191,-6.988,0,65,0.197,74.142,0.0964,1
0.979,0.364,245800,0.21,0,0.000125,10,0.177,-15.345999999999998,1,0,0.0783,85.428,0.14300000000000002,7
0.98,0.349,208440,0.0968,0,0.934,7,0.0973,-22.501,1,0,0.0335,90.112,0.14300000000000002,7
0.541,0.523,387783,0.287,0,6.96e-05,7,0.151,-11.998,1,48,0.0802,172.364,0.5820000000000001,5
0.0118,0.63,243467,0.338,0,5.82e-06,4,0.0855,-7.291,0,35,0.0277,107.961,0.154,3
0.785,0.815,207701,0.638,0,0.00243,9,0.16,-5.018,1,45,0.0523,110.779,0.84,5
0.956,0.586,185156,0.0747,0,0.00254,2,0.109,-18.372,1,23,0.0309,104.387,0.608,5
0.73,0.754,96900,0.106,1,0.0,2,0.445,-20.616,1,0,0.949,107.843,0.743,8
0.243,0.588,247000,0.405,0,1.85e-05,2,0.0946,-8.761000000000001,1,35,0.027000000000000003,74.472,0.421,5
0.579,0.6829999999999999,191627,0.435,0,0.116,5,0.0773,-13.361,1,32,0.0812,93.565,0.885,5
0.982,0.146,389427,0.263,0,0.00355,2,0.135,-12.845999999999998,1,2,0.0392,74.461,0.117,7
0.49,0.813,202227,0.62,0,0.18600000000000005,4,0.0636,-12.454,0,44,0.0274,95.274,0.97,5
0.856,0.245,370962,0.15,0,0.0,7,0.85,-16.942,1,18,0.0426,91.358,0.153,6
0.431,0.344,194240,0.784,1,2.08e-05,3,0.434,-14.996,0,34,0.28800000000000003,93.994,0.488,3
0.996,0.276,200504,0.0211,0,0.8959999999999999,7,0.244,-23.689,0,0,0.0503,109.434,0.138,9
0.35700000000000004,0.865,235800,0.519,0,0.0,1,0.211,-5.803,1,46,0.159,92.718,0.669,2
0.00559,0.361,181440,0.879,0,1.27e-05,2,0.0941,-6.662000000000001,0,49,0.102,104.164,0.206,2
0.00903,0.517,181467,0.745,0,0.228,1,0.354,-10.384,1,36,0.147,101.043,0.307,3
0.966,0.6779999999999999,172107,0.379,0,3.72e-06,5,0.0471,-3.222,1,2,0.0781,107.133,0.92,9
0.919,0.466,197467,0.368,0,0.8690000000000001,4,0.103,-16.348,0,29,0.0402,96.245,0.637,6
0.986,0.873,190589,0.0987,0,1.03e-06,9,0.121,-7.866,1,0,0.212,130.171,0.7140000000000001,8
0.0425,0.315,169827,0.5429999999999999,0,1.88e-05,1,0.142,-11.942,1,49,0.0352,158.734,0.423,4
0.421,0.688,275240,0.726,0,0.000252,0,0.275,-8.674,0,30,0.0287,115.998,0.935,5
0.992,0.496,198812,0.399,0,0.858,5,0.48,-8.547,1,0,0.123,65.053,0.7,8
0.901,0.626,179533,0.271,0,0.6629999999999999,1,0.269,-12.276,1,0,0.0686,176.44,0.906,9
0.6559999999999999,0.607,200307,0.355,0,0.0,10,0.319,-10.781,1,45,0.0625,133.531,0.974,3
0.0315,0.727,169587,0.606,1,2.15e-06,0,0.17600000000000002,-4.843,1,46,0.412,172.06799999999996,0.52,2
0.00989,0.86,231280,0.597,0,0.008870000000000001,5,0.0541,-6.033,0,27,0.0581,113.946,0.836,4
0.95,0.441,296240,0.303,0,0.0,2,0.0888,-11.063,1,19,0.0341,81.02,0.616,7
0.14300000000000002,0.732,254038,0.6679999999999999,0,0.207,2,0.17600000000000002,-6.978,0,58,0.126,140.004,0.598,1
0.017,0.7340000000000001,270741,0.836,0,1.64e-05,10,0.179,-4.803,0,83,0.0735,80.002,0.623,1
0.703,0.5329999999999999,344360,0.408,0,0.00259,7,0.0965,-10.819,1,38,0.0308,108.036,0.455,5
0.0313,0.626,198200,0.8,0,0.0,9,0.0587,-5.085,0,46,0.0611,145.839,0.737,2
0.14400000000000002,0.598,262507,0.732,1,0.0,4,0.508,-7.013,1,73,0.425,172.329,0.595,3
0.929,0.6459999999999999,182173,0.308,0,0.779,10,0.0918,-15.708,1,0,0.0575,95.219,0.583,7
0.0907,0.7509999999999999,299867,0.526,1,3.28e-06,0,0.0929,-10.579,1,37,0.522,148.063,0.939,2
0.00232,0.562,251453,0.809,0,0.000629,2,0.0732,-4.976,1,50,0.0693,127.453,0.476,1
0.0191,0.457,208960,0.948,0,0.0,10,0.0536,-3.364,1,58,0.0354,148.0,0.878,1
0.966,0.51,189307,0.527,0,0.00257,7,0.794,-8.618,1,0,0.0296,139.249,0.753,7
0.0446,0.476,201373,0.991,0,0.00574,10,0.128,-3.458,1,47,0.052000000000000005,111.03,0.453,1
0.0644,0.7240000000000001,241360,0.852,1,0.0,2,0.191,-6.568,1,37,0.391,171.19099999999997,0.708,3
0.985,0.391,826347,0.0953,0,0.88,7,0.0977,-20.215,1,5,0.0357,78.181,0.0635,10
0.000403,0.378,77773,0.648,0,1.4e-05,0,0.0775,-11.907,1,40,0.0321,156.745,0.599,3
0.995,0.431,163027,0.112,0,0.8009999999999999,1,0.199,-17.129,1,0,0.0475,100.156,0.475,8
0.463,0.5720000000000001,166960,0.452,0,0.263,9,0.155,-11.564,1,24,0.0276,109.127,0.599,6
0.989,0.595,189120,0.0425,0,0.00127,5,0.118,-19.697,1,8,0.0365,74.973,0.297,7
0.0159,0.7909999999999999,397960,0.706,0,3.5000000000000016e-06,1,0.11,-8.772,1,30,0.041,108.16,0.7859999999999999,3
0.868,0.14400000000000002,220893,0.0505,0,0.931,0,0.111,-18.826,1,50,0.0359,80.935,0.0792,4
0.7559999999999999,0.617,77640,0.7190000000000001,1,0.0,1,0.149,-7.635,0,51,0.387,84.831,0.477,1
0.995,0.405,352907,0.00783,0,0.91,10,0.0954,-31.035,1,0,0.0518,115.894,0.165,10
0.507,0.7290000000000001,153907,0.35100000000000003,0,0.166,2,0.0769,-15.222,1,15,0.0341,126.17,0.573,6
0.00073,0.287,174773,0.983,0,0.000102,9,0.444,-5.079,1,22,0.081,89.766,0.14,5
0.325,0.574,450173,0.398,0,0.0283,11,0.648,-12.857,1,47,0.0271,92.041,0.084,3
0.743,0.725,150627,0.325,0,0.0,7,0.0577,-16.342,1,36,0.17800000000000002,116.615,0.509,5
0.741,0.34,144714,0.831,0,0.0,5,0.272,-5.634,1,12,0.0471,86.837,0.966,6
0.391,0.35200000000000004,341000,0.414,0,0.00831,4,0.185,-6.6,0,58,0.0254,60.042,0.0688,1
0.0564,0.823,331581,0.295,0,0.066,9,0.136,-15.612,0,26,0.0438,116.714,0.578,4
0.897,0.358,254880,0.191,0,0.0,0,0.0768,-16.062,1,53,0.0312,74.719,0.115,4
0.986,0.58,166478,0.18,0,0.000237,5,0.0727,-15.548,1,0,0.0931,81.024,0.691,8
0.847,0.779,98100,0.28800000000000003,0,0.0,9,0.124,-20.529,1,0,0.952,55.989,0.83,10
0.956,0.6559999999999999,86453,0.3720000000000001,0,0.0,0,0.129,-12.495,1,38,0.0811,115.39,0.916,7
0.867,0.213,195493,0.138,0,0.000426,1,0.122,-17.858,0,6,0.0329,90.751,0.281,7
0.0208,0.772,268467,0.5529999999999999,1,0.0007160000000000001,7,0.355,-4.76,1,42,0.038,86.958,0.903,2
0.768,0.206,85840,0.206,0,0.894,0,0.158,-16.24,1,28,0.0446,79.361,0.0444,4
0.0213,0.7979999999999999,193911,0.568,1,0.0,5,0.0586,-9.072,0,72,0.135,148.88,0.45,1
0.00286,0.731,328360,0.578,0,0.000105,4,0.0675,-10.066,1,32,0.0921,108.59,0.6859999999999999,3
0.925,0.741,93160,0.312,0,0.0,7,0.903,-16.058,1,0,0.8390000000000001,113.987,0.917,9
0.204,0.562,237200,0.836,0,5.67e-06,7,0.0867,-8.73,1,23,0.0398,129.211,0.74,4
0.113,0.223,401440,0.662,0,0.0309,0,0.693,-6.246,1,24,0.0361,79.42399999999998,0.198,5
0.7020000000000001,0.654,410667,0.334,0,0.7140000000000001,8,0.114,-12.662,1,35,0.0521,81.544,0.6970000000000001,7
0.565,0.467,268947,0.645,0,0.0,3,0.0943,-7.9060000000000015,1,52,0.343,81.99700000000001,0.438,1
0.6629999999999999,0.728,130200,0.422,0,0.0,5,0.0832,-5.932,0,23,0.0533,116.813,0.69,7
0.925,0.469,194267,0.0378,0,0.000202,3,0.7,-21.116,1,22,0.0519,139.47,0.331,8
0.237,0.285,160747,0.922,0,0.0,2,0.159,-1.932,0,64,0.247,198.063,0.472,1
0.856,0.433,212181,0.545,0,1.93e-06,0,0.228,-5.126,1,6,0.0879,180.078,0.684,7
0.0563,0.359,358520,0.478,0,0.77,5,0.0881,-12.428,1,31,0.0281,115.029,0.21600000000000005,5
0.944,0.563,169960,0.528,0,0.0602,6,0.166,-12.567,1,12,0.0365,125.715,0.857,9
0.858,0.636,191693,0.256,0,0.393,7,0.153,-11.645,0,4,0.0326,112.503,0.544,9
0.825,0.573,125836,0.55,0,0.0,3,0.154,-7.892,1,41,0.132,118.787,0.629,2
0.46,0.667,179960,0.738,0,4.2e-06,0,0.203,-8.543,1,26,0.0302,98.796,0.841,5
0.0011,0.365,187200,0.967,1,8.22e-05,11,0.855,-5.456,1,39,0.274,146.687,0.4,2
0.16899999999999998,0.155,124128,0.99,0,0.986,1,0.419,-21.607,1,69,0.0688,132.085,1e-05,1
0.99,0.6609999999999999,171507,0.177,0,0.16699999999999998,2,0.102,-12.12,1,0,0.0525,118.906,0.6629999999999999,9
0.748,0.524,151040,0.518,0,4.84e-06,1,0.123,-6.843,1,15,0.0334,80.193,0.715,6
0.757,0.516,174274,0.438,0,0.162,7,0.0755,-13.799,1,21,0.0354,84.391,0.767,6
0.627,0.7440000000000001,239960,0.453,0,0.421,5,0.0898,-11.977,1,70,0.0348,103.773,0.122,3
0.9,0.506,160000,0.206,0,0.0,5,0.224,-15.991,1,12,0.033,83.478,0.493,7
0.8759999999999999,0.604,191267,0.363,0,0.166,10,0.165,-11.674,1,53,0.0295,88.37700000000002,0.672,1
0.4370000000000001,0.75,456640,0.58,0,0.000472,0,0.105,-12.475,1,58,0.0355,115.871,0.614,5
0.114,0.371,481942,0.6629999999999999,0,0.0838,7,0.968,-10.582,1,31,0.0413,94.782,0.637,4
0.00867,0.69,248000,0.654,0,0.0,1,0.07200000000000001,-7.852,0,30,0.0322,134.607,0.7090000000000001,3
0.4320000000000001,0.474,348067,0.675,0,0.0,7,0.981,-8.891,1,24,0.0446,129.576,0.457,5
0.959,0.335,179893,0.107,0,0.741,3,0.16699999999999998,-20.063,1,0,0.0425,127.686,0.369,9
0.00129,0.757,243133,0.83,0,0.007409999999999998,5,0.0877,-13.169,0,45,0.0413,120.883,0.925,4
0.995,0.5770000000000001,202000,0.2,0,0.12,0,0.107,-16.802,1,0,0.115,201.408,0.888,9
0.555,0.7929999999999999,201960,0.721,0,7.84e-06,10,0.0901,-9.35,1,39,0.0336,116.936,0.964,2
0.138,0.387,85496,0.959,0,0.0126,1,0.5670000000000001,-6.317,1,43,0.0415,118.175,0.6659999999999999,3
0.0434,0.265,224053,0.8270000000000001,1,0.0,7,0.117,-4.6610000000000005,1,71,0.104,82.03200000000002,0.131,1
0.7120000000000001,0.642,177360,0.518,0,0.0,9,0.123,-6.8420000000000005,0,9,0.0345,79.962,0.862,7
0.0897,0.6609999999999999,301907,0.8,0,0.000152,6,0.0535,-9.244,1,28,0.0359,119.159,0.879,4
0.112,0.5920000000000001,152960,0.662,0,0.0,11,0.117,-6.17,0,20,0.026,108.05,0.7929999999999999,6
0.0816,0.809,194347,0.562,0,0.000418,11,0.105,-7.694,0,55,0.0534,130.003,0.7979999999999999,1
0.8190000000000001,0.345,184960,0.0815,0,0.0056,7,0.16,-21.226,1,33,0.0382,170.076,0.145,4
0.105,0.343,271227,0.504,0,9.34e-05,8,0.13699999999999998,-8.187000000000001,1,61,0.0306,181.875,0.225,3
0.718,0.358,219120,0.399,0,0.0006889999999999999,7,0.438,-15.799,1,39,0.0383,119.922,0.287,5
0.922,0.5720000000000001,271227,0.0185,0,0.911,5,0.116,-30.867,1,45,0.0367,107.199,0.263,4
0.149,0.735,171942,0.29100000000000004,0,0.000221,8,0.0694,-12.181,1,24,0.0446,113.683,0.563,6
0.61,0.242,192827,0.421,0,0.0,8,0.195,-10.345999999999998,1,41,0.0468,71.89699999999998,0.316,6
0.992,0.407,182733,0.0944,0,0.611,5,0.105,-17.809,1,52,0.0288,92.145,0.199,3
0.16699999999999998,0.78,261067,0.494,0,5.91e-05,7,0.0373,-11.508,1,39,0.0504,122.76,0.855,2
0.0904,0.6779999999999999,303133,0.556,1,0.0334,0,0.0866,-7.422999999999999,1,66,0.0281,85.15799999999999,0.405,3
0.995,0.3720000000000001,190080,0.505,0,0.794,11,0.231,-9.38,1,0,0.0406,77.88,0.96,8
0.985,0.611,234960,0.151,0,4.25e-05,7,0.112,-18.482,1,7,0.0694,122.46,0.636,7
0.0288,0.772,422667,0.555,0,0.0112,0,0.0604,-9.914,1,40,0.118,91.404,0.71,4
0.248,0.451,188573,0.5379999999999999,0,0.6970000000000001,6,0.221,-14.752,0,13,0.051,120.899,0.127,6
0.28300000000000003,0.238,428200,0.563,0,0.924,0,0.123,-11.933,0,54,0.0502,118.817,0.141,2
0.233,0.489,222951,0.5770000000000001,0,0.0,10,0.123,-9.765,1,65,0.042,78.112,0.519,5
0.852,0.782,152827,0.664,0,0.03,5,0.0783,-13.267,1,16,0.0469,116.707,0.967,8
0.8909999999999999,0.33,269800,0.161,0,0.0191,2,0.101,-15.495,1,56,0.0355,67.398,0.13,2
0.992,0.573,213402,0.0933,0,7.23e-05,9,0.198,-12.907,1,0,0.234,141.315,0.778,8
0.0497,0.421,173467,0.946,0,0.0,11,0.319,-6.136,0,31,0.0997,165.546,0.484,4
0.752,0.627,204686,0.5760000000000001,0,6.56e-06,7,0.1,-12.652,1,17,0.0518,105.276,0.966,6
0.789,0.481,246373,0.177,0,0.00918,2,0.123,-18.158,1,23,0.0395,135.91899999999998,0.369,5
0.125,0.362,257573,0.457,0,0.0,11,0.107,-14.09,0,46,0.0403,140.144,0.504,2
0.7020000000000001,0.598,269533,0.425,0,0.0403,9,0.0819,-10.065,0,0,0.0378,134.62,0.478,7
0.525,0.688,238561,0.733,0,0.0175,9,0.14,-5.768,1,43,0.244,95.705,0.877,5
0.0418,0.534,180547,0.818,0,5.61e-06,6,0.0822,-5.295,1,52,0.0669,149.92600000000004,0.594,2
0.635,0.457,207909,0.669,0,0.0,6,0.0967,-6.811,0,51,0.302,174.188,0.486,2
0.813,0.696,196000,0.193,0,1.34e-05,3,0.103,-16.637,0,40,0.0299,76.55,0.701,5
0.7170000000000001,0.412,194667,0.214,0,0.0,4,0.386,-12.749,1,31,0.0266,82.805,0.402,4
6.06e-05,0.424,153587,0.958,0,1.03e-05,6,0.376,-4.167,1,39,0.0983,98.287,0.5589999999999999,3
0.987,0.355,196773,0.0546,0,0.91,2,0.0911,-29.913,0,16,0.0551,158.872,0.511,7
0.466,0.728,248960,0.464,0,9.66e-05,4,0.153,-10.34,1,47,0.0275,126.807,0.6459999999999999,2
0.991,0.3,733493,0.101,0,0.879,4,0.16699999999999998,-19.827,1,0,0.0448,72.877,0.0382,10
0.979,0.28,616640,0.158,0,0.8540000000000001,0,0.046,-17.174,0,17,0.0325,104.355,0.0979,6
0.535,0.453,303667,0.198,0,0.000134,6,0.0881,-18.395,1,31,0.0592,174.09900000000005,0.157,5
0.627,0.8190000000000001,191840,0.381,0,9.62e-06,7,0.108,-8.013,1,1,0.111,114.222,0.6509999999999999,0
0.0658,0.298,217320,0.985,0,0.000127,4,0.339,-3.953,1,42,0.11,158.31,0.154,3
0.00571,0.845,253293,0.664,0,0.000147,8,0.0485,-11.563,1,41,0.0914,127.884,0.6779999999999999,3
0.00443,0.415,336067,0.867,0,0.0033200000000000005,6,0.3720000000000001,-5.362,1,42,0.0601,126.001,0.833,5
0.83,0.435,147267,0.7979999999999999,0,0.000227,0,0.0826,-9.39,0,18,0.0618,103.602,0.809,6
0.28300000000000003,0.366,231693,0.731,0,2.06e-06,10,0.103,-7.274,1,56,0.0687,87.459,0.332,4
0.993,0.557,196754,0.199,0,0.000161,7,0.14,-10.574000000000002,1,0,0.0821,179.489,0.597,8
0.206,0.884,236501,0.936,1,0.0,1,0.262,-3.931,1,73,0.16699999999999998,120.004,0.758,0
0.0924,0.718,238707,0.6559999999999999,0,2.81e-06,1,0.218,-5.459,1,35,0.0344,136.053,0.816,2
0.188,0.57,437520,0.519,0,0.00354,4,0.306,-13.101,0,33,0.0382,133.119,0.762,5
0.643,0.721,214926,0.0965,1,0.0,11,0.51,-19.108,0,0,0.951,125.065,0.504,8
0.593,0.5479999999999999,269093,0.8140000000000001,0,1.65e-05,2,0.14300000000000002,-5.624,1,49,0.0406,98.501,0.667,4
0.996,0.307,128333,0.05,0,0.94,0,0.105,-27.964,1,71,0.0345,138.484,0.41,0
0.634,0.677,234560,0.264,0,0.103,9,0.111,-13.640999999999998,1,52,0.16399999999999998,94.032,0.468,3
0.0008810000000000002,0.7190000000000001,98000,0.439,0,0.6579999999999999,9,0.613,-9.524,1,0,0.0637,120.085,0.401,10
0.794,0.593,130546,0.229,0,0.0,9,0.16699999999999998,-8.888,1,75,0.0307,117.823,0.42,0
0.0323,0.738,186107,0.75,0,0.0,2,0.102,-5.034,0,53,0.135,96.112,0.8009999999999999,2
0.14300000000000002,0.485,223253,0.957,0,0.00108,2,0.322,-3.678,1,23,0.0685,151.39,0.894,5
0.987,0.617,205005,0.331,0,0.0063,9,0.101,-6.968,0,0,0.359,133.47299999999998,0.588,9
0.963,0.606,88067,0.17600000000000002,0,0.0163,2,0.103,-18.098,1,0,0.105,111.437,0.928,8
0.101,0.479,332427,0.534,0,0.627,1,0.0703,-9.565,1,44,0.0794,90.725,0.815,2
0.395,0.664,187680,0.594,0,0.0,11,0.35,-6.57,0,14,0.125,129.952,0.883,6
0.461,0.529,200533,0.475,0,0.0006799999999999999,7,0.0463,-8.88,1,37,0.0274,77.898,0.41,2
0.232,0.672,188573,0.43,0,0.0,2,0.0815,-14.33,0,29,0.0387,132.054,0.879,6
0.759,0.407,245541,0.0636,0,1.46e-05,2,0.0977,-12.937,0,29,0.0431,176.579,0.258,7
0.17600000000000002,0.29,213431,0.838,0,1.05e-05,4,0.305,-8.252,0,48,0.0453,184.525,0.711,5
0.915,0.165,228253,0.467,0,0.0,0,0.0907,-8.551,1,12,0.0353,171.62,0.455,7
0.093,0.431,382933,0.6509999999999999,0,0.0346,0,0.168,-10.161,1,52,0.0374,122.227,0.544,5
0.675,0.425,290613,0.547,0,0.0039,3,0.0985,-12.412,1,46,0.0322,133.19799999999998,0.68,3
0.00929,0.463,242027,0.89,0,0.5770000000000001,0,0.498,-9.943,1,41,0.029,150.066,0.912,4
0.636,0.348,111986,0.2,0,0.0,5,0.124,-13.727,0,40,0.0474,169.821,0.421,3
0.00182,0.682,134560,0.657,0,0.011,1,0.626,-7.395,1,47,0.404,123.23,0.378,2
0.252,0.5770000000000001,235640,0.703,0,0.0,0,0.938,-9.113,1,31,0.472,158.889,0.851,5
0.319,0.493,217407,0.67,0,0.0,6,0.102,-5.131,1,63,0.0298,151.989,0.451,1
0.0534,0.594,118213,0.86,0,1.36e-06,7,0.117,-4.959,1,58,0.127,150.372,0.7829999999999999,2
0.139,0.371,251760,0.547,0,0.0,4,0.37,-6.89,0,39,0.0292,79.939,0.204,3
0.504,0.243,138400,0.366,0,0.000304,9,0.0921,-10.38,1,33,0.0295,86.3,0.287,4
0.311,0.632,268027,0.631,0,0.0,5,0.142,-3.801,0,48,0.13,68.88,0.684,2
0.632,0.556,199493,0.435,0,0.000312,11,0.0867,-11.323,1,36,0.0284,84.977,0.7929999999999999,5
0.0017,0.6679999999999999,339547,0.8240000000000001,1,3.05e-06,5,0.0426,-4.164,0,71,0.13699999999999998,163.96099999999996,0.185,2
0.5920000000000001,0.8079999999999999,122024,0.561,1,2.16e-06,9,0.368,-9.062,0,61,0.0753,126.044,0.5489999999999999,0
0.948,0.484,140813,0.173,0,0.000346,0,0.306,-18.57,1,24,0.0471,105.592,0.624,6
0.0478,0.825,154619,0.596,0,0.813,2,0.0472,-12.556,0,0,0.0443,119.945,0.962,8
0.0422,0.8440000000000001,245440,0.77,1,1.38e-06,0,0.197,-8.629,1,44,0.0787,137.033,0.723,1
0.00425,0.464,293840,0.93,0,0.703,9,0.326,-5.596,1,44,0.14,155.988,0.504,2
0.0192,0.705,258640,0.7,0,0.0,0,0.0755,-7.38,1,60,0.0295,122.841,0.765,3
0.575,0.506,216853,0.209,0,0.0,0,0.135,-14.579,1,40,0.0302,73.229,0.268,4
0.413,0.459,265040,0.507,0,0.000193,9,0.103,-13.487,0,38,0.049,173.025,0.928,5
0.6629999999999999,0.682,183760,0.892,0,0.0137,5,0.111,-9.38,0,28,0.0706,117.726,0.918,4
0.157,0.809,222067,0.883,1,0.0,4,0.253,-1.356,0,40,0.303,90.848,0.8370000000000001,2
0.46,0.233,327448,0.706,0,0.0147,1,0.159,-7.445,0,54,0.0512,125.428,0.256,3
0.967,0.321,194520,0.31,0,0.00194,11,0.0835,-13.95,1,0,0.0469,76.979,0.525,8
0.921,0.516,271920,0.0584,0,0.0215,5,0.154,-17.843,0,37,0.0351,62.652,0.16399999999999998,7
0.00394,0.642,192053,0.873,0,0.0,2,0.175,-5.8210000000000015,1,67,0.0551,82.00200000000002,0.662,1
0.7340000000000001,0.399,279693,0.235,1,1.56e-06,5,0.161,-9.774,1,71,0.0334,105.645,0.197,1
0.275,0.845,325253,0.73,0,0.0,0,0.135,-5.377000000000002,1,40,0.0356,107.011,0.8640000000000001,2
0.982,0.279,198907,0.182,0,1.02e-06,10,0.316,-13.379,1,0,0.0349,91.788,0.11,7
0.974,0.594,75133,0.198,0,0.00257,4,0.155,-17.909000000000006,1,0,0.154,179.96400000000003,0.561,7
0.418,0.326,83813,0.97,0,0.0164,11,0.129,-3.194,1,35,0.111,136.489,0.841,4
0.883,0.629,165558,0.446,0,6.15e-05,5,0.147,-7.695,1,35,0.0431,124.265,0.932,3
0.957,0.682,193507,0.578,0,0.142,2,0.816,-5.285,1,0,0.0641,119.713,0.8740000000000001,9
0.135,0.7240000000000001,330707,0.458,0,0.000723,10,0.166,-11.911,1,31,0.0329,111.18,0.865,5
0.7190000000000001,0.451,272440,0.191,0,8.94e-06,5,0.158,-14.711,1,28,0.0357,88.661,0.224,5
0.35700000000000004,0.5710000000000001,250173,0.5920000000000001,0,0.0256,11,0.0913,-13.393,0,29,0.0643,83.234,0.471,4
0.0599,0.594,126500,0.947,0,4.73e-05,11,0.177,-6.138,0,22,0.0454,109.344,0.404,7
0.341,0.897,125480,0.404,0,0.000165,0,0.0798,-13.84,1,35,0.12,120.106,0.763,3
0.993,0.28800000000000003,192693,0.301,0,0.76,8,0.412,-14.56,1,0,0.165,76.654,0.5479999999999999,8
0.8690000000000001,0.5529999999999999,158733,0.115,0,0.000153,0,0.0958,-14.701,1,17,0.0292,132.91,0.27,6
0.963,0.493,202400,0.239,0,0.00264,2,0.316,-9.748,1,0,0.0282,78.8,0.254,9
0.123,0.718,97706,0.188,1,0.0,7,0.192,-18.036,1,0,0.946,119.761,0.408,8
0.991,0.14,306173,0.0797,0,0.8859999999999999,1,0.083,-26.97,1,36,0.0338,82.37100000000002,0.0465,6
0.505,0.7909999999999999,188547,0.462,0,0.0,10,0.0991,-4.023,1,63,0.0383,125.913,0.556,1
0.991,0.653,156360,0.308,0,0.000543,0,0.237,-16.464000000000002,1,0,0.18600000000000005,89.66,0.675,10
0.0047,0.541,193410,0.882,0,0.000741,5,0.131,-4.537,1,37,0.0418,131.909,0.675,4
0.8370000000000001,0.5529999999999999,141040,0.465,0,0.97,9,0.102,-9.664,1,39,0.0301,79.22399999999998,0.6509999999999999,3
0.878,0.625,191493,0.35100000000000003,0,0.938,10,0.0569,-15.884,1,48,0.0423,116.961,0.794,3
0.561,0.443,423280,0.388,0,0.000411,7,0.0618,-15.002,1,38,0.0293,134.504,0.545,6
0.0395,0.51,154173,0.4970000000000001,0,0.8540000000000001,5,0.128,-10.343,1,0,0.0281,131.862,0.936,7
0.265,0.747,307763,0.6579999999999999,0,3.98e-06,8,0.0379,-12.339,1,55,0.0784,100.066,0.772,3
0.98,0.253,506893,0.287,0,0.901,10,0.222,-13.996,1,0,0.0453,70.658,0.14400000000000002,10
0.0144,0.507,213338,0.665,0,0.0,0,0.0759,-7.598,1,67,0.0474,126.879,0.4,1
0.239,0.611,280707,0.371,0,0.0,0,0.0762,-11.699000000000002,1,38,0.0323,121.992,0.156,3
0.000248,0.534,298707,0.966,0,0.104,7,0.436,-6.597,1,46,0.0688,139.987,0.171,2
0.0137,0.316,187733,0.737,0,6.26e-06,2,0.1,-5.982,1,43,0.0376,134.879,0.685,6
0.649,0.179,154013,0.428,0,0.855,7,0.168,-11.343,1,15,0.033,155.47299999999996,0.355,6
0.994,0.787,167107,0.156,0,0.659,4,0.11,-14.056,0,0,0.157,117.167,0.8490000000000001,10
0.211,0.628,196000,0.753,0,0.0,11,0.12,-8.777999999999999,1,54,0.468,86.194,0.5589999999999999,3
0.302,0.664,348333,0.423,0,0.00304,10,0.0731,-10.367,1,50,0.0591,61.06399999999999,0.5329999999999999,4
0.0544,0.541,210960,0.925,0,0.867,5,0.298,-5.3020000000000005,1,43,0.0313,133.002,0.747,2
0.0635,0.218,212160,0.407,0,0.0053,8,0.114,-14.076,1,21,0.0335,186.4,0.624,4
0.149,0.43,337200,0.705,0,5.08e-05,3,0.838,-5.409,0,46,0.0339,118.781,0.182,3
0.173,0.46,303533,0.7,0,0.0703,3,0.0739,-11.014,1,29,0.0349,98.812,0.606,5
0.912,0.378,149560,0.253,0,0.0,8,0.109,-12.243,1,19,0.036000000000000004,100.053,0.423,6
0.573,0.7140000000000001,211080,0.53,0,4.650000000000001e-05,4,0.264,-13.451,1,21,0.0546,125.808,0.917,5
0.6920000000000001,0.721,141900,0.117,1,0.0,0,0.165,-17.464000000000002,1,0,0.961,116.298,0.654,8
0.605,0.381,453573,0.368,0,8.05e-05,6,0.107,-12.175,0,37,0.0862,74.635,0.327,2
0.971,0.464,76273,0.032,0,0.81,10,0.092,-25.001,1,40,0.0593,110.771,0.324,4
0.0485,0.462,162333,0.821,0,0.00013000000000000002,9,0.16,-8.724,1,42,0.0538,183.352,0.825,4
0.928,0.45,195758,0.189,0,0.000843,8,0.104,-11.423,1,61,0.0519,66.945,0.227,1
0.965,0.64,182400,0.23,0,5.36e-05,8,0.101,-10.651,1,50,0.0624,88.868,0.6629999999999999,9
0.298,0.349,134347,0.784,0,0.624,2,0.706,-8.275,1,25,0.0292,131.873,0.889,6
0.000484,0.41,241360,0.934,1,0.00246,2,0.113,-6.1770000000000005,1,44,0.151,120.251,0.212,3
0.233,0.648,307000,0.537,0,2.17e-05,9,0.0769,-7.782,1,31,0.0325,94.451,0.218,3
0.402,0.525,195360,0.555,0,0.0,6,0.14300000000000002,-6.415,1,57,0.0273,90.554,0.593,1
0.588,0.6890000000000001,203998,0.196,0,0.00414,0,0.102,-14.367,1,24,0.0349,129.3,0.339,6
0.863,0.685,162920,0.266,0,2.07e-06,3,0.438,-13.113,1,55,0.0746,68.7,0.557,4
0.35,0.843,210624,0.845,0,0.00168,0,0.0527,-2.344,1,79,0.0503,126.989,0.898,0
0.778,0.241,205067,0.0557,0,0.0,1,0.217,-15.845999999999998,1,46,0.0338,84.82,0.402,5
0.0295,0.47,252867,0.778,0,0.000225,5,0.354,-5.992000000000001,1,49,0.037000000000000005,152.005,0.448,1
0.0457,0.6920000000000001,192280,0.8809999999999999,0,4.26e-06,11,0.146,-2.563,0,75,0.0461,103.055,0.433,0
0.329,0.454,191067,0.445,0,0.00169,10,0.469,-6.174,1,41,0.0382,82.93700000000003,0.38,5
0.294,0.65,283283,0.6920000000000001,0,0.0181,8,0.0338,-12.472,1,34,0.0508,109.437,0.962,4
0.0587,0.508,150507,0.804,0,0.00731,7,0.105,-6.6629999999999985,1,41,0.0488,108.533,0.448,2
0.0439,0.875,191436,0.541,1,0.0,2,0.309,-6.388,0,62,0.365,84.009,0.544,0
0.464,0.547,184600,0.638,0,0.0,0,0.118,-12.429,0,32,0.0819,89.456,0.782,6
0.0123,0.752,309560,0.605,0,0.00028,7,0.0662,-12.945,1,42,0.0279,117.194,0.812,4
0.0318,0.625,274133,0.7759999999999999,0,0.0578,0,0.775,-7.388,1,25,0.0522,135.547,0.8440000000000001,5
0.784,0.546,273840,0.29100000000000004,0,0.931,7,0.0894,-12.252,1,51,0.138,169.959,0.363,1
0.247,0.725,267573,0.311,1,9.1e-05,10,0.114,-14.720999999999998,0,35,0.365,78.962,0.463,3
0.212,0.526,367600,0.5529999999999999,0,0.0008289999999999999,0,0.0662,-10.435,1,46,0.0244,99.095,0.244,2
0.348,0.735,273800,0.684,0,0.0,4,0.369,-10.498,0,31,0.451,91.168,0.58,3
0.237,0.706,130919,0.104,1,0.0,6,0.466,-17.97,0,0,0.915,136.87,0.7559999999999999,9
0.732,0.513,156773,0.551,0,4.36e-05,7,0.507,-7.616,1,12,0.136,164.674,0.845,8
0.95,0.224,427373,0.249,0,0.41,5,0.16899999999999998,-12.896,1,0,0.0449,78.34899999999998,0.166,8
0.865,0.6609999999999999,76360,0.212,0,0.0,9,0.11,-19.824,1,19,0.826,133.839,0.616,6
0.00014199999999999998,0.378,272707,0.6709999999999999,0,0.00575,0,0.0992,-7.917999999999997,1,45,0.0326,109.556,0.365,3
0.977,0.287,447013,0.236,0,0.906,7,0.0838,-12.03,0,1,0.0386,114.395,0.234,7
0.994,0.433,173493,0.298,0,0.833,2,0.0647,-20.993,0,14,0.0419,100.46,0.838,6
0.342,0.5770000000000001,189693,0.5379999999999999,0,0.0,7,0.0594,-14.188,1,49,0.0417,150.238,0.812,3
0.381,0.755,103300,0.266,1,0.0,5,0.24,-17.871,1,0,0.901,82.348,0.389,7
0.932,0.657,207000,0.363,0,0.0348,8,0.189,-12.306,1,4,0.4,161.306,0.665,10
0.606,0.775,185013,0.448,0,0.413,8,0.182,-9.521,1,4,0.042,94.855,0.78,9
0.00046,0.358,411546,0.8640000000000001,0,0.574,5,0.733,-6.422999999999999,1,12,0.0425,122.768,0.775,7
0.00169,0.361,282920,0.97,0,0.0016300000000000002,7,0.35700000000000004,-4.817,0,76,0.284,179.017,0.254,4
0.23,0.8079999999999999,223533,0.7609999999999999,0,0.0,10,0.674,-5.614,0,47,0.0512,110.965,0.92,2
0.888,0.397,145920,0.132,0,0.0,8,0.3720000000000001,-17.000999999999998,1,36,0.0345,116.196,0.5329999999999999,6
0.0193,0.8590000000000001,345717,0.75,1,0.0,8,0.0538,-8.325,0,73,0.303,98.691,0.857,4
0.8859999999999999,0.173,905667,0.182,0,0.894,3,0.224,-18.848,1,51,0.0437,70.831,0.0781,3
0.989,0.318,95067,0.0633,0,0.901,9,0.157,-19.539,1,12,0.0415,113.486,0.303,7
0.00065,0.369,370427,0.705,0,0.000123,6,0.104,-7.138,1,51,0.0402,110.42,0.561,3
0.00222,0.738,182526,0.743,0,0.0,1,0.134,-4.73,1,55,0.0574,99.975,0.711,1
0.989,0.279,202067,0.363,0,0.00402,10,0.226,-11.407,0,0,0.0417,84.02600000000002,0.439,8
0.955,0.158,174507,0.339,0,0.0292,9,0.354,-15.331,1,34,0.0354,106.045,0.0809,7
0.399,0.6779999999999999,234293,0.713,0,6.75e-06,8,0.249,-10.031,1,37,0.0352,151.609,0.941,3
0.0209,0.281,342080,0.675,0,9.84e-05,2,0.194,-11.148,1,16,0.0634,140.88299999999995,0.5670000000000001,6
0.0595,0.726,209058,0.618,0,4.4299999999999986e-05,0,0.151,-4.843,1,55,0.123,161.96200000000005,0.923,1
0.584,0.561,147400,0.284,0,1.1e-06,0,0.0432,-14.92,0,4,0.13699999999999998,97.374,0.693,7
0.0499,0.866,300133,0.775,1,0.0,0,0.179,-3.555,1,40,0.201,147.39600000000004,0.688,2
0.177,0.833,214533,0.918,1,0.0,10,0.0535,-3.053,1,51,0.17600000000000002,82.772,0.6459999999999999,2
0.742,0.605,120413,0.636,0,0.841,7,0.141,-9.467,0,41,0.0278,99.531,0.8740000000000001,2
0.79,0.177,201400,0.361,0,1.02e-05,5,0.12,-15.254,1,0,0.0357,76.811,0.242,7
0.867,0.499,155533,0.154,0,0.00825,0,0.101,-17.019000000000002,1,34,0.0327,144.00799999999995,0.368,5
0.0508,0.779,167442,0.591,1,0.0,8,0.1,-8.504,1,62,0.344,86.02,0.501,1
0.524,0.573,296333,0.79,0,2.7e-05,6,0.0955,-6.7970000000000015,1,45,0.0337,86.01700000000002,0.8690000000000001,3
0.946,0.83,207400,0.159,1,2.02e-05,1,0.362,-14.461,1,76,0.0383,104.95,0.189,1
0.973,0.205,258907,0.128,0,0.174,4,0.155,-23.18,1,0,0.0419,79.164,0.056,8
0.0634,0.716,100200,0.279,1,0.0,1,0.29600000000000004,-21.269,1,0,0.934,125.504,0.594,10
0.000157,0.513,231933,0.914,0,1.13e-06,4,0.0979,-5.723,0,41,0.0329,97.6,0.345,3
0.00612,0.16399999999999998,199809,0.848,0,0.949,1,0.81,-25.455,1,63,0.204,112.52,0.0192,1
0.95,0.815,174787,0.411,0,0.5820000000000001,10,0.138,-10.965,1,0,0.0427,106.332,0.8420000000000001,10
0.192,0.607,241987,0.68,0,0.0,3,0.131,-6.113,1,41,0.0483,154.68200000000004,0.964,2
0.246,0.537,279307,0.665,0,0.00984,0,0.625,-10.674,1,26,0.058,96.644,0.772,4
0.8270000000000001,0.444,292200,0.654,0,0.0383,8,0.068,-11.276,1,26,0.0582,66.165,0.696,5
0.373,0.524,162760,0.6679999999999999,0,0.0,7,0.159,-10.609000000000002,1,39,0.0432,126.846,0.794,5
0.398,0.7609999999999999,245400,0.716,0,0.0,10,0.0771,-5.8,0,41,0.056,119.406,0.649,3
0.127,0.789,219333,0.858,1,0.0,1,0.349,-5.5420000000000025,1,56,0.311,140.02200000000002,0.775,1
0.872,0.7,175973,0.401,0,0.00216,10,0.345,-9.467,1,8,0.0378,114.541,0.752,7
0.992,0.28600000000000003,208640,0.0231,0,0.919,6,0.213,-25.21,1,0,0.0329,75.078,0.0931,8
0.944,0.29600000000000004,140507,0.0688,0,0.000549,2,0.145,-17.313,1,0,0.0387,88.444,0.25,8
0.0598,0.698,245427,0.8009999999999999,0,3.5e-05,1,0.205,-8.366,1,60,0.0326,93.859,0.905,3
0.107,0.887,305987,0.528,0,0.00158,7,0.0613,-7.59,1,47,0.0862,144.118,0.7290000000000001,2
0.0918,0.628,303027,0.804,0,1.17e-06,11,0.393,-5.55,0,44,0.128,82.288,0.795,2
0.99,0.747,183573,0.289,0,0.0,9,0.22,-16.035999999999998,1,0,0.107,65.831,0.754,10
0.584,0.405,202173,0.21,0,0.0,2,0.139,-13.214,1,70,0.0279,100.577,0.174,4
0.482,0.394,262613,0.612,0,6.64e-06,11,0.0955,-7.342,1,30,0.0365,119.535,0.0704,5
0.8320000000000001,0.6970000000000001,154453,0.162,0,0.7559999999999999,2,0.117,-20.731,1,34,0.0319,97.918,0.516,5
0.0103,0.414,440280,0.516,0,0.0286,2,0.0907,-11.418,0,32,0.0377,127.904,0.189,4
0.026,0.477,215493,0.725,0,0.000133,2,0.214,-4.671,1,62,0.0337,101.854,0.4270000000000001,1
0.203,0.503,292493,0.888,1,0.0,9,0.268,-3.45,0,43,0.322,86.287,0.345,2
0.4320000000000001,0.778,252747,0.578,1,0.0,9,0.138,-7.22,0,45,0.274,84.48700000000002,0.758,3
0.981,0.22,84400,0.16,0,0.943,7,0.247,-19.585,1,9,0.0404,79.443,0.463,8
0.424,0.633,287960,0.431,0,0.405,0,0.1,-13.602,1,20,0.034,118.756,0.6829999999999999,5
0.000296,0.353,189360,0.991,0,6.43e-06,1,0.255,-2.931,1,44,0.0822,186.026,0.47,1
0.985,0.627,209711,0.194,0,0.006529999999999999,2,0.175,-10.313,0,0,0.062,108.552,0.484,8
0.29600000000000004,0.616,187840,0.579,0,5.27e-06,5,0.0991,-10.234,1,33,0.0304,119.787,0.512,4
0.962,0.453,180387,0.16699999999999998,0,0.871,10,0.17,-17.102999999999998,1,11,0.0308,74.189,0.172,6
0.967,0.759,165360,0.246,0,4.73e-06,0,0.155,-11.14,1,33,0.0422,126.407,0.745,4
0.701,0.491,228440,0.5489999999999999,0,0.0,1,0.306,-8.523,0,30,0.0466,95.466,0.493,5
0.104,0.365,268733,0.804,0,6.579999999999999e-05,9,0.15,-5.9220000000000015,0,64,0.105,171.597,0.5770000000000001,1
0.108,0.275,199200,0.5,0,0.902,5,0.14400000000000002,-12.276,1,34,0.03,160.002,0.28800000000000003,3
0.0522,0.8009999999999999,252613,0.5920000000000001,1,0.00289,1,0.0625,-9.868,1,39,0.438,93.54,0.512,3
0.00962,0.515,372320,0.413,0,0.0035700000000000007,0,0.0795,-12.375,0,36,0.024,76.366,0.116,5
0.0154,0.313,227067,0.866,0,0.0,9,0.334,-4.225,1,42,0.086,175.899,0.276,2
0.995,0.498,188075,0.185,0,0.117,1,0.327,-12.192,1,0,0.146,131.434,0.476,8
0.493,0.664,346080,0.578,1,0.0,7,0.333,-6.432,1,42,0.274,156.082,0.64,2
0.97,0.542,175547,0.34700000000000003,0,0.108,5,0.127,-16.293,0,0,0.0501,133.07299999999998,0.6829999999999999,8
0.797,0.27,176640,0.35100000000000003,0,8.98e-05,2,0.146,-10.882,1,7,0.0326,146.211,0.411,7
0.95,0.7040000000000001,492520,0.16,0,0.0,8,0.274,-19.325,1,1,0.909,117.605,0.446,7
0.0186,0.511,133813,0.698,0,0.000243,4,0.64,-9.389,0,27,0.048,147.491,0.914,6
0.867,0.499,95190,0.393,1,0.0327,11,0.6779999999999999,-16.936,1,0,0.0724,108.723,0.381,7
0.69,0.68,121300,0.165,0,0.0,7,0.391,-19.926,1,0,0.581,90.119,0.433,8
0.14800000000000002,0.892,165853,0.7340000000000001,0,0.0,7,0.0778,-5.29,1,52,0.0414,104.187,0.821,2
0.994,0.41,185173,0.425,0,0.85,5,0.227,-12.92,0,0,0.108,124.506,0.57,8
0.456,0.531,308933,0.856,0,0.000182,11,0.444,-4.42,0,28,0.0391,97.983,0.944,5
0.297,0.469,186733,0.7879999999999999,0,0.00661,7,0.473,-10.263,1,29,0.208,111.222,0.447,5
0.974,0.652,79720,0.13699999999999998,0,0.0104,9,0.103,-20.303,1,0,0.534,86.226,0.59,8
0.0513,0.767,213027,0.759,0,0.0,6,0.31,-6.516,1,50,0.117,89.98899999999998,0.677,2
0.718,0.396,305333,0.578,0,0.0807,1,0.937,-9.929,1,35,0.0438,81.618,0.449,3
0.7659999999999999,0.711,143000,0.327,0,1.44e-05,8,0.0542,-13.845,1,34,0.0778,78.703,0.77,5
0.969,0.284,484947,0.201,0,0.944,9,0.141,-18.227,1,0,0.0378,74.182,0.254,7
0.7909999999999999,0.493,504387,0.123,0,3.75e-06,7,0.197,-17.47,1,26,0.0317,136.643,0.366,6
0.345,0.5870000000000001,202107,0.48,0,2.65e-05,7,0.0843,-13.653,1,24,0.0926,196.788,0.877,5
0.00614,0.405,187733,0.902,0,4.05e-06,7,0.299,-11.372,1,31,0.118,97.09,0.145,4
0.0772,0.92,215920,0.695,0,0.0,11,0.11,-4.364,0,54,0.235,105.017,0.632,2
0.0531,0.0855,148413,0.768,0,0.898,8,0.374,-23.426,1,66,0.267,86.22399999999998,0.033,1
0.249,0.512,223707,0.745,0,0.000134,7,0.168,-9.236,1,50,0.0412,157.739,0.978,3
0.982,0.293,251680,0.177,0,0.628,2,0.12,-18.692,1,34,0.0604,105.462,0.733,4
0.986,0.5770000000000001,186293,0.477,0,0.00793,7,0.0916,-7.856,1,0,0.0457,118.701,0.752,8
0.0165,0.8009999999999999,193744,0.586,1,0.0,0,0.163,-6.141,0,46,0.0452,139.94899999999998,0.298,1
0.7659999999999999,0.508,198066,0.473,0,0.0678,1,0.111,-9.069,1,0,0.0331,111.46,0.404,8
0.843,0.655,169000,0.289,0,0.88,0,0.097,-12.479,1,42,0.0499,93.313,0.4320000000000001,3
0.753,0.409,204560,0.434,0,0.000662,10,0.0921,-9.341,1,2,0.0337,158.394,0.645,7
0.902,0.228,110160,0.0885,0,0.00123,2,0.179,-15.297,1,29,0.0346,105.816,0.0398,3
0.0644,0.5429999999999999,115867,0.998,0,0.0107,1,0.575,-2.827,0,33,0.0644,97.412,0.386,4
0.7020000000000001,0.5,242848,0.343,0,0.00114,7,0.113,-7.367000000000001,1,50,0.0261,136.28,0.155,2
0.16399999999999998,0.652,275893,0.8140000000000001,1,0.0,1,0.36,-4.901,1,57,0.31,91.888,0.7879999999999999,3
0.995,0.49,183327,0.262,0,0.027000000000000003,3,0.33,-14.988,1,3,0.0473,116.099,0.332,9
0.00797,0.772,198573,0.8220000000000001,0,0.00148,10,0.457,-5.649,0,61,0.123,97.718,0.526,1
0.111,0.77,284003,0.508,0,0.00468,6,0.0877,-10.621,0,45,0.0362,120.551,0.601,4
0.000202,0.54,295516,0.429,0,0.355,2,0.141,-11.822,1,56,0.0285,110.171,0.113,4
0.363,0.685,115032,0.179,1,0.0,7,0.198,-17.033,1,0,0.952,81.329,0.6759999999999999,9
0.0662,0.465,204507,0.95,0,0.00686,7,0.29600000000000004,-7.342,1,37,0.0569,74.85,0.8290000000000001,4
0.479,0.684,154093,0.732,0,5.600000000000001e-05,0,0.277,-7.19,0,17,0.0377,125.113,0.967,6
0.942,0.298,162173,0.278,0,0.929,10,0.104,-13.592,1,18,0.0284,97.532,0.156,6
0.935,0.6809999999999999,209440,0.203,0,0.00381,0,0.109,-14.467,1,40,0.0323,112.552,0.325,2
0.993,0.902,175000,0.214,0,0.8340000000000001,7,0.12,-16.151,1,0,0.359,117.265,0.967,10
0.153,0.264,240267,0.534,0,0.0,5,0.34700000000000003,-7.4,1,32,0.0331,81.516,0.158,4
0.664,0.601,194613,0.376,0,0.000108,9,0.0665,-11.497,1,28,0.0308,187.341,0.6920000000000001,5
0.358,0.77,156160,0.773,0,0.0,7,0.0478,-5.7429999999999986,1,56,0.223,112.401,0.8270000000000001,2
0.4370000000000001,0.61,182960,0.31,0,0.0,4,0.22,-14.390999999999998,1,53,0.0262,107.525,0.381,3
0.0308,0.625,216987,0.682,0,0.00606,8,0.108,-6.845,1,51,0.034,119.972,0.321,2
0.000588,0.723,262920,0.758,1,0.0,1,0.35700000000000004,-7.303,0,53,0.14800000000000002,131.05100000000002,0.628,1
0.986,0.0919,200733,0.0674,0,0.236,1,0.0852,-25.817,0,34,0.0473,76.883,0.0527,7
0.992,0.4270000000000001,160267,0.0811,0,0.926,8,0.0876,-24.952,1,3,0.045,74.84899999999998,0.298,8
0.682,0.741,237627,0.456,0,4.28e-05,7,0.147,-13.481,1,48,0.0272,102.534,0.8440000000000001,4
0.499,0.5589999999999999,354973,0.49,0,2.69e-05,5,0.365,-12.983,0,39,0.0286,80.225,0.464,4
0.537,0.7170000000000001,336868,0.5710000000000001,0,0.386,10,0.101,-8.472999999999999,1,60,0.0298,119.989,0.5489999999999999,1
0.486,0.893,155253,0.667,0,0.0,0,0.0805,-4.673,1,49,0.0341,96.62,0.953,2
0.958,0.231,139867,0.234,0,0.447,9,0.7,-19.652,0,0,0.0414,131.18200000000002,0.0635,8
0.973,0.647,185115,0.32299999999999995,0,1.84e-05,6,0.408,-10.107,0,0,0.0412,75.457,0.6559999999999999,8
0.205,0.519,283600,0.753,0,1.06e-06,6,0.12,-5.893,1,46,0.037000000000000005,85.93700000000004,0.486,2
0.0866,0.767,200627,0.8109999999999999,0,0.0,7,0.0684,-8.548,1,45,0.0766,147.423,0.858,2
0.532,0.777,281467,0.565,0,0.0,10,0.0719,-10.315,1,39,0.0318,108.062,0.825,3
0.914,0.753,164680,0.156,0,0.0,5,0.108,-15.288,0,0,0.203,97.024,0.67,8
0.231,0.564,226373,0.68,0,0.000179,2,0.247,-6.487,1,53,0.0357,89.93799999999996,0.262,1
0.108,0.735,351960,0.49,0,1.6899999999999994e-05,4,0.062,-13.186,0,40,0.0342,127.361,0.6579999999999999,5
0.114,0.67,183013,0.64,0,5.45e-06,10,0.259,-9.024,1,53,0.0268,110.14,0.633,4
0.0935,0.718,351907,0.61,0,0.000759,4,0.073,-7.517,0,41,0.0298,109.25,0.517,3
0.995,0.403,72080,0.105,0,0.879,7,0.353,-19.451,1,0,0.0527,87.213,0.348,10
0.626,0.7509999999999999,170667,0.198,0,0.0,4,0.284,-14.337,1,43,0.0374,91.27,0.43,3
0.855,0.319,144400,0.097,0,5.23e-06,9,0.23,-20.117,1,9,0.0336,84.611,0.34,7
0.000485,0.65,254973,0.912,0,0.395,7,0.13,-5.2570000000000014,0,30,0.0277,142.747,0.94,5
0.952,0.254,163547,0.173,0,0.529,10,0.0435,-20.266,1,49,0.0488,97.934,0.13,1
0.975,0.622,202760,0.155,0,0.0,4,0.26,-16.195999999999998,1,0,0.173,107.4,0.535,10
0.943,0.423,181733,0.16699999999999998,0,5.76e-06,0,0.264,-11.086,0,7,0.034,81.119,0.344,9
0.942,0.328,184333,0.424,0,0.265,9,0.223,-10.886,1,0,0.0361,61.057,0.35200000000000004,8
0.32,0.262,135053,0.117,0,0.7509999999999999,7,0.0556,-22.289,1,31,0.0344,138.129,0.149,4
0.994,0.556,170840,0.256,0,0.431,6,0.151,-14.975,1,0,0.0368,125.561,0.573,8
0.994,0.312,152000,0.0268,0,0.885,7,0.107,-26.537,0,59,0.0369,68.524,0.188,1
0.98,0.125,187693,0.191,0,0.952,2,0.111,-16.584,1,14,0.0421,66.676,0.0679,8
0.227,0.48,227467,0.7759999999999999,1,0.0265,5,0.196,-8.666,0,56,0.305,153.78,0.6629999999999999,1
0.000259,0.491,251681,0.877,0,0.0,7,0.0876,-3.758,1,66,0.0425,138.31,0.8190000000000001,3
0.746,0.112,253933,0.14300000000000002,0,0.889,9,0.091,-17.012,0,45,0.0363,78.619,0.0365,2
0.804,0.54,268800,0.145,0,8.99e-05,4,0.111,-12.775,0,48,0.0301,121.841,0.18600000000000005,2
0.393,0.7879999999999999,139187,0.715,0,3.53e-06,10,0.0613,-4.71,1,49,0.0919,79.991,0.905,2
0.333,0.8170000000000001,326307,0.628,0,0.779,9,0.024,-13.514,1,30,0.0328,124.501,0.93,4
0.976,0.0699,204173,0.0312,0,0.95,7,0.0676,-29.605,0,0,0.0515,74.965,0.035,7
0.7909999999999999,0.0,90228,0.0034200000000000003,0,1.0,8,0.111,-28.46,1,62,0.0,0.0,0.0,1
0.575,0.418,336573,0.501,0,0.000272,8,0.16,-9.929,1,15,0.0616,137.776,0.6579999999999999,7
0.00224,0.741,214307,0.657,0,0.007559999999999998,0,0.0825,-9.589,0,52,0.0374,94.211,0.25,2
0.329,0.545,166800,0.4970000000000001,0,0.00369,11,0.18600000000000005,-10.768,0,48,0.036000000000000004,154.235,0.82,2
0.0013800000000000002,0.7909999999999999,308627,0.49,1,2.89e-06,7,0.0937,-9.652,1,29,0.223,175.248,0.703,3
0.594,0.67,96800,0.0882,1,0.0,11,0.16399999999999998,-17.762,0,0,0.924,151.042,0.579,9
0.154,0.642,210827,0.6409999999999999,0,1.23e-06,2,0.0475,-12.444,1,59,0.049,120.316,0.85,5
0.0333,0.5760000000000001,344133,0.92,0,0.0149,1,0.457,-5.283,0,30,0.0703,99.147,0.768,5
0.0128,0.536,264373,0.972,0,0.878,5,0.1,-3.983,1,54,0.0415,107.994,0.482,4
0.971,0.529,181440,0.0271,0,0.000534,6,0.0994,-26.492,1,3,0.0487,114.721,0.345,7
0.521,0.6559999999999999,155987,0.32,0,0.000294,9,0.159,-12.296,1,27,0.0285,74.854,0.64,6
0.677,0.662,104893,0.444,0,0.918,2,0.059,-12.505,1,39,0.0303,106.92,0.638,4
0.117,0.517,230067,0.845,0,0.133,2,0.35700000000000004,-8.856,1,41,0.0406,125.515,0.7140000000000001,4
0.392,0.634,349385,0.597,1,7.43e-05,4,0.0986,-10.179,1,62,0.198,129.607,0.0363,1
0.359,0.599,212173,0.622,0,0.00235,0,0.114,-13.970999999999998,1,63,0.0296,122.312,0.851,2
0.000946,0.746,169360,0.755,0,0.00911,9,0.221,-7.194,1,45,0.067,117.986,0.897,1
0.994,0.841,176413,0.0667,0,0.112,0,0.109,-17.037,1,0,0.116,110.323,0.655,10
0.00561,0.6409999999999999,214627,0.833,0,0.0,0,0.159,-4.327,1,46,0.0326,138.144,0.5589999999999999,1
0.825,0.507,210987,0.447,0,0.0008230000000000001,10,0.0883,-12.054,1,30,0.0355,139.472,0.613,5
0.929,0.433,189360,0.0627,0,0.0,6,0.136,-22.462,1,37,0.173,85.21600000000002,0.5479999999999999,5
0.0553,0.607,232147,0.853,0,3e-05,9,0.301,-3.524,0,47,0.0443,116.977,0.389,2
0.965,0.693,212359,0.514,0,7.58e-06,7,0.279,-7.0360000000000005,0,3,0.0327,105.066,0.635,9
0.173,0.599,85173,0.763,0,0.000472,5,0.116,-10.249,1,50,0.081,96.144,0.8390000000000001,5
0.139,0.823,254453,0.338,0,0.00129,0,0.5,-15.899,1,61,0.0413,120.473,0.785,4
0.818,0.473,178446,0.2,0,0.0,2,0.115,-10.276,1,62,0.0357,137.189,0.18600000000000005,1
0.993,0.579,182480,0.259,0,0.109,2,0.155,-9.958,0,0,0.0333,112.61,0.596,7
0.448,0.531,179600,0.232,0,0.00058,7,0.142,-11.935,1,5,0.0348,125.029,0.5660000000000001,7
0.123,0.58,257453,0.989,0,0.00702,2,0.0836,-2.324,1,30,0.043,137.95600000000002,0.8029999999999999,4
0.00017,0.338,315507,0.974,1,0.00104,2,0.0271,-2.426,1,55,0.0648,135.472,0.459,2
0.02,0.479,348707,0.507,0,0.000165,0,0.0764,-9.236,1,34,0.0392,109.448,0.4,4
0.0397,0.263,341000,0.45,0,0.00937,1,0.14400000000000002,-13.321,0,35,0.0393,135.344,0.121,5
0.903,0.653,249427,0.146,0,0.238,7,0.126,-12.720999999999998,1,24,0.0412,129.634,0.451,7
0.06,0.78,247293,0.523,0,0.0629,9,0.24,-8.884,1,61,0.051,147.86,0.855,4
0.954,0.232,263107,0.263,0,0.0,8,0.16899999999999998,-14.758,1,0,0.0391,76.777,0.377,10
0.319,0.562,179933,0.503,0,0.0,1,0.163,-14.836,1,63,0.0335,127.827,0.846,5
0.989,0.425,186227,0.36,0,0.000469,10,0.18,-13.618,1,0,0.0634,169.98,0.693,9
0.326,0.623,361827,0.7240000000000001,0,0.0115,9,0.573,-11.598,0,48,0.0266,139.53799999999998,0.857,4
0.987,0.735,103587,0.321,0,3.44e-05,6,0.7859999999999999,-15.812,0,0,0.603,112.107,0.866,7
0.897,0.377,312080,0.147,0,1.7100000000000002e-05,6,0.122,-15.412,1,32,0.0401,138.749,0.17800000000000002,5
0.904,0.53,319166,0.292,0,0.3,0,0.5870000000000001,-12.642,0,9,0.174,75.268,0.5710000000000001,7
0.937,0.248,323987,0.17800000000000002,0,0.0354,4,0.0941,-17.233,1,22,0.0313,102.971,0.25,6
0.0847,0.568,236400,0.4,0,0.000895,9,0.294,-17.308,1,26,0.0563,170.707,0.644,4
0.451,0.648,329613,0.682,0,7.47e-05,0,0.17800000000000002,-7.34,0,55,0.0615,72.642,0.653,4
0.626,0.551,258493,0.262,0,0.0,10,0.108,-16.354,1,41,0.049,72.135,0.442,3
0.88,0.293,238920,0.02,0,0.28300000000000003,9,0.271,-23.437,1,0,0.0409,105.669,0.175,9
0.339,0.883,250387,0.631,0,5.19e-06,2,0.942,-11.473,1,64,0.42,118.084,0.782,4
0.575,0.7020000000000001,185440,0.542,0,0.0,5,0.251,-9.816,0,17,0.0479,110.575,0.872,6
0.32299999999999995,0.608,277413,0.745,0,0.00428,4,0.135,-8.772,0,49,0.0857,88.941,0.614,5
0.0427,0.438,218533,0.6890000000000001,1,0.0,3,0.14800000000000002,-4.534,1,50,0.0302,82.029,0.34600000000000003,2
0.0295,0.477,382027,0.652,0,0.0149,4,0.053,-11.095999999999998,0,28,0.0523,144.996,0.816,3
0.000482,0.51,207373,0.804,0,0.0309,7,0.319,-4.158,1,40,0.108,131.157,0.54,2
0.695,0.445,244360,0.537,1,1.6e-05,4,0.0941,-8.532,0,54,0.04,122.764,0.131,1
0.0455,0.942,205373,0.8909999999999999,0,0.0,1,0.0438,-4.105,1,39,0.121,117.013,0.928,2
0.569,0.628,230400,0.433,0,7.71e-06,1,0.104,-6.808,1,67,0.0383,88.074,0.343,1
0.389,0.544,216680,0.434,0,0.000371,0,0.235,-11.985,1,24,0.024,99.362,0.282,5
0.706,0.631,144093,0.368,0,0.878,9,0.18,-17.159000000000002,1,17,0.0887,111.766,0.965,8
0.446,0.622,239853,0.7020000000000001,0,0.0,9,0.101,-5.391,1,56,0.0524,78.513,0.611,2
0.391,0.575,149560,0.535,0,0.847,10,0.579,-9.063,1,17,0.028,82.616,0.957,6
0.863,0.162,203360,0.133,0,2.92e-06,1,0.298,-16.512999999999998,1,19,0.0328,76.227,0.168,6
0.574,0.504,192733,0.161,0,0.0,1,0.102,-16.756,1,44,0.032,138.91899999999998,0.179,5
0.887,0.611,217467,0.588,0,0.31,8,0.081,-9.515,1,17,0.0732,81.82300000000002,0.6559999999999999,9
0.986,0.401,104040,0.102,0,4.83e-06,2,0.146,-26.57,1,0,0.0673,149.469,0.297,8
0.355,0.389,232360,0.399,0,2.34e-05,7,0.209,-7.747000000000001,0,48,0.0276,114.326,0.332,2
0.939,0.14400000000000002,141199,0.136,0,0.929,5,0.29,-21.797,1,3,0.0375,81.766,0.0542,8
0.212,0.556,251200,0.376,0,1.36e-06,2,0.111,-6.739,1,34,0.0349,104.592,0.53,4
0.924,0.732,177213,0.0717,0,0.898,5,0.138,-25.083,0,4,0.0328,111.258,0.505,7
0.0222,0.595,233147,0.841,1,0.00514,1,0.175,-7.443,1,49,0.0312,129.99200000000002,0.579,1
0.984,0.365,195074,0.273,0,0.526,2,0.594,-15.38,1,0,0.0787,134.094,0.295,7
0.995,0.552,177387,0.107,0,0.951,9,0.123,-21.512,0,7,0.0475,149.433,0.163,7
0.993,0.546,169427,0.439,0,2.52e-05,8,0.726,-5.876,1,0,0.0321,116.691,0.687,9
0.991,0.387,182267,0.16399999999999998,0,0.924,8,0.256,-15.33,1,0,0.0393,65.663,0.324,9
0.962,0.268,189293,0.285,0,0.00186,10,0.329,-12.829,1,5,0.035,90.957,0.362,8
0.866,0.843,149370,0.14300000000000002,0,0.815,7,0.255,-20.629,1,17,0.153,107.66,0.638,8
0.227,0.5710000000000001,173227,0.514,0,1.01e-05,9,0.0709,-9.876,1,24,0.0481,106.363,0.6509999999999999,6
0.128,0.909,197120,0.493,0,0.000147,3,0.127,-6.688,1,69,0.0735,94.016,0.8440000000000001,1
0.95,0.384,153160,0.14400000000000002,0,0.0,8,0.153,-12.757,1,21,0.0361,123.543,0.0932,7
0.964,0.16899999999999998,111560,0.264,0,0.939,0,0.301,-19.373,1,0,0.0404,85.15799999999999,0.0347,8
0.7979999999999999,0.338,310733,0.103,0,0.00129,1,0.124,-21.472,0,44,0.0315,98.531,0.04,3
0.000784,0.546,206160,0.882,0,0.0,11,0.18600000000000005,-4.019,1,60,0.0394,139.966,0.64,2
0.941,0.324,1218320,0.132,0,0.198,3,0.119,-17.031,1,1,0.038,118.346,0.125,8
0.8640000000000001,0.54,155427,0.365,0,2.73e-06,0,0.0847,-10.057,1,0,0.0537,158.53,0.789,10
0.28800000000000003,0.5589999999999999,275267,0.51,0,5.31e-05,5,0.242,-8.294,0,56,0.0247,129.881,0.327,2
0.0022600000000000003,0.37,85447,0.976,0,0.00165,2,0.104,-6.5360000000000005,1,34,0.13699999999999998,97.832,0.4320000000000001,4
0.989,0.7170000000000001,162000,0.117,0,0.0050100000000000006,0,0.331,-17.386,0,0,0.222,119.841,0.807,9
0.526,0.26,318560,0.484,0,0.0,7,0.103,-6.121,1,47,0.0399,197.685,0.14300000000000002,2
0.000169,0.395,277173,0.711,0,0.0343,5,0.111,-5.043,1,36,0.0357,88.76899999999998,0.353,3
0.947,0.462,184893,0.257,0,1.38e-06,2,0.155,-10.28,1,16,0.0328,175.02,0.531,9
0.14300000000000002,0.677,253000,0.7559999999999999,0,0.000226,9,0.0947,-5.444,1,29,0.0352,97.86,0.76,5
0.155,0.727,274093,0.872,0,1.1e-05,9,0.253,-10.189,1,24,0.0599,92.695,0.8420000000000001,5
0.00507,0.528,278133,0.918,0,0.156,9,0.258,-6.007999999999999,0,23,0.0712,120.01,0.303,4
0.98,0.189,137227,0.29600000000000004,0,0.00112,3,0.36,-14.296,1,4,0.0409,166.919,0.0766,7
0.575,0.58,232107,0.491,0,0.0,0,0.121,-6.4620000000000015,1,60,0.0251,76.009,0.425,2
0.106,0.742,343600,0.24,0,0.6609999999999999,0,0.116,-17.495,0,52,0.0825,139.861,0.932,3
0.000942,0.422,149702,0.494,0,7.01e-05,7,0.174,-7.786,0,21,0.0528,116.642,0.723,6
0.6809999999999999,0.31,192307,0.35200000000000004,0,0.000194,10,0.197,-12.655,1,19,0.0278,74.472,0.35,7
0.0326,0.691,258293,0.732,0,0.0,5,0.0608,-3.715,0,72,0.0294,97.949,0.477,1
0.87,0.537,188107,0.634,0,0.927,9,0.359,-8.252,0,0,0.0358,127.688,0.754,8
0.634,0.574,211627,0.37,0,9.4e-05,10,0.0986,-10.803,1,68,0.0841,83.162,0.354,1
0.0102,0.53,173000,0.986,0,0.0,9,0.17,-3.07,1,39,0.13,167.112,0.691,2
0.0969,0.458,279360,0.8690000000000001,0,0.0596,9,0.35700000000000004,-8.381,1,65,0.032,91.39,0.813,5
0.633,0.429,141467,0.284,0,0.0,8,0.688,-17.125999999999998,1,30,0.0509,118.268,0.394,3
0.5489999999999999,0.855,290480,0.723,0,0.14400000000000002,0,0.083,-9.508,1,52,0.0378,109.235,0.962,4
0.933,0.679,194293,0.14400000000000002,0,0.168,3,0.0915,-14.081,1,5,0.0975,108.832,0.82,10
0.000714,0.454,170147,0.986,0,1.33e-05,2,0.276,-3.544,1,51,0.0919,159.971,0.735,2
0.757,0.475,203128,0.703,0,6.720000000000001e-05,5,0.68,-12.2,1,38,0.35600000000000004,170.74400000000003,0.745,5
0.102,0.7509999999999999,189693,0.845,0,0.0,1,0.0497,-4.444,1,50,0.134,103.995,0.927,2
0.888,0.4920000000000001,161760,0.295,0,0.000588,3,0.272,-16.143,1,15,0.0362,122.781,0.871,7
0.589,0.5379999999999999,235733,0.4970000000000001,0,0.00244,0,0.093,-10.157,1,42,0.0715,73.01899999999998,0.418,3
0.892,0.58,304933,0.405,0,0.3670000000000001,11,0.161,-9.007,0,35,0.0362,115.308,0.424,5
0.763,0.637,106507,0.59,0,0.0,0,0.24,-7.729,1,29,0.162,93.242,0.8290000000000001,7
0.0246,0.639,191653,0.795,0,0.000324,9,0.509,-3.535,1,54,0.0416,128.013,0.454,1
0.722,0.529,187733,0.431,0,2.25e-06,7,0.35600000000000004,-12.302,1,26,0.0335,114.12,0.754,5
0.287,0.489,256960,0.6759999999999999,0,0.0,0,0.389,-8.769,1,57,0.0367,89.735,0.623,2
0.008029999999999999,0.638,221027,0.7090000000000001,0,1.59e-06,7,0.335,-5.464,0,54,0.039,143.984,0.913,1
0.794,0.481,411307,0.422,0,0.0351,9,0.339,-14.62,1,22,0.045,117.835,0.446,6
0.763,0.5720000000000001,268760,0.319,0,0.0116,3,0.104,-15.754,1,52,0.0283,130.62,0.41,2
0.0879,0.7190000000000001,215042,0.674,0,3.75e-06,11,0.112,-5.122000000000001,1,64,0.0681,125.98,0.843,1
0.294,0.645,227027,0.878,0,0.0,5,0.076,-3.208,0,66,0.113,82.324,0.862,1
0.011,0.726,292045,0.691,0,0.292,8,0.0916,-8.033,1,55,0.0337,119.996,0.118,1
0.0411,0.565,243093,0.628,0,0.0,7,0.0763,-10.504,1,30,0.0416,127.394,0.8959999999999999,5
0.0537,0.6609999999999999,191040,0.73,0,3.44e-05,6,0.14,-6.779,0,61,0.0574,95.027,0.53,1
0.0146,0.5429999999999999,449733,0.73,0,0.0218,0,0.0535,-8.386000000000001,1,43,0.0651,126.117,0.74,4
0.0346,0.685,193173,0.7609999999999999,0,0.0,5,0.297,-5.331,1,41,0.0778,77.008,0.682,2
0.83,0.6,272733,0.397,0,3.75e-05,0,0.139,-11.004,1,15,0.058,95.726,0.6629999999999999,7
0.612,0.469,156907,0.64,0,0.00133,2,0.133,-6.3,0,46,0.0354,171.905,0.49,1
0.98,0.371,196000,0.193,0,0.0119,9,0.273,-17.312,0,3,0.0587,100.511,0.249,7
0.633,0.71,384467,0.387,0,0.00442,9,0.121,-13.034,0,43,0.0349,142.032,0.528,4
0.958,0.173,222093,0.0469,0,0.8490000000000001,7,0.36,-29.795,1,49,0.0369,79.98899999999998,0.0535,2
0.124,0.485,265400,0.552,1,2.88e-05,11,0.765,-11.917,0,39,0.19,144.379,0.248,3
0.289,0.797,243387,0.828,0,0.0,0,0.434,-3.972,1,60,0.115,79.992,0.5720000000000001,1
0.0205,0.623,232616,0.882,0,0.0,0,0.194,-2.574,1,61,0.0322,127.98,0.525,1
0.81,0.728,177547,0.588,0,0.000305,10,0.109,-8.37,1,7,0.0986,127.693,0.953,7
0.996,0.439,96867,0.0424,0,0.863,10,0.104,-25.192,1,0,0.0407,130.595,0.278,8
0.5329999999999999,0.5820000000000001,181693,0.32299999999999995,0,0.00015,1,0.25,-15.974,1,24,0.059,135.345,0.635,5
0.928,0.483,216000,0.157,0,0.79,2,0.401,-12.925,1,39,0.0326,98.546,0.35100000000000003,5
0.431,0.62,269027,0.514,0,0.0,8,0.14800000000000002,-7.947999999999999,1,51,0.0417,140.062,0.453,2
0.942,0.298,207773,0.333,0,0.0034200000000000003,1,0.17600000000000002,-10.732,1,0,0.0389,98.839,0.208,8
0.000671,0.509,238400,0.843,0,0.0008029999999999999,1,0.348,-3.318,0,69,0.0488,140.055,0.332,2
0.974,0.588,168066,0.133,0,0.26,8,0.122,-14.452,1,9,0.349,70.421,0.263,7
0.812,0.504,271000,0.339,0,0.00075,2,0.083,-13.007,1,46,0.0325,97.859,0.28800000000000003,2
0.927,0.327,144933,0.299,0,0.952,5,0.127,-13.765,0,36,0.0294,85.241,0.465,6
0.792,0.462,238667,0.225,0,0.0,9,0.725,-15.399,1,8,0.174,198.737,0.5760000000000001,8
0.984,0.301,398800,0.0904,0,0.306,10,0.0832,-21.271,1,0,0.0404,136.92700000000002,0.207,8
0.303,0.389,401933,0.499,0,0.79,0,0.118,-15.982,1,24,0.0371,120.037,0.743,4
0.264,0.625,365520,0.373,0,0.00274,1,0.114,-12.831,1,47,0.0256,96.233,0.211,3
0.667,0.3670000000000001,154106,0.721,0,0.825,9,0.7190000000000001,-4.56,0,11,0.0384,63.06100000000001,0.6779999999999999,7
0.255,0.41,157077,0.542,0,0.7809999999999999,5,0.133,-13.453,0,38,0.0578,122.238,0.563,5
0.005229999999999999,0.551,280867,0.674,0,0.016,11,0.342,-8.132,1,28,0.0331,123.454,0.38,4
0.99,0.442,192707,0.263,0,0.948,11,0.0743,-14.023,1,0,0.0753,129.156,0.879,7
5.19e-05,0.371,259507,0.977,1,0.0548,2,0.35200000000000004,-5.269,1,40,0.159,112.765,0.123,3
0.9,0.523,347307,0.406,0,0.0,4,0.334,-10.224,0,35,0.0272,132.064,0.16,4
0.0032700000000000003,0.815,244427,0.8320000000000001,1,0.0,6,0.132,-8.584,1,49,0.265,81.11399999999998,0.684,3
0.00543,0.622,204773,0.8079999999999999,0,5.6299999999999986e-05,5,0.215,-4.7010000000000005,1,65,0.0418,122.121,0.599,1
0.168,0.89,180436,0.331,0,0.00189,0,0.107,-12.26,0,30,0.0594,107.351,0.833,6
0.7240000000000001,0.525,181053,0.415,0,7.950000000000001e-05,2,0.0535,-9.031,1,9,0.0311,110.227,0.696,6
0.545,0.675,264200,0.44,1,6.24e-06,9,0.197,-9.298,0,71,0.349,109.823,0.0338,1
0.133,0.589,189507,0.769,0,0.00123,9,0.5660000000000001,-10.49,1,29,0.045,146.095,0.8490000000000001,6
0.00676,0.7709999999999999,298640,0.499,0,0.00207,6,0.083,-7.681,1,44,0.0769,129.887,0.963,3
0.725,0.6709999999999999,227467,0.269,0,0.0,4,0.113,-10.258,0,56,0.03,88.921,0.42,2
0.312,0.628,238173,0.873,0,0.00478,5,0.181,-7.027,0,33,0.0483,132.773,0.97,4
0.0184,0.636,157093,0.94,0,0.000182,7,0.052000000000000005,-5.158,1,28,0.0329,108.491,0.945,5
0.509,0.477,245773,0.222,0,0.0,0,0.14800000000000002,-16.88,1,40,0.0313,114.936,0.397,4
0.35600000000000004,0.575,202093,0.555,0,0.00149,9,0.154,-12.528,0,44,0.0465,115.003,0.616,3
0.76,0.725,151107,0.369,0,0.0,7,0.106,-11.572,1,0,0.0269,99.971,0.363,8
0.919,0.47,323013,0.42,0,0.0368,4,0.111,-10.883,1,51,0.0366,153.132,0.309,2
0.18600000000000005,0.331,239494,0.19,0,0.0508,3,0.101,-13.482,1,31,0.0325,195.365,0.0947,5
0.696,0.293,257220,0.29,0,0.875,2,0.1,-11.595999999999998,1,61,0.0454,128.276,0.0373,1
0.94,0.3720000000000001,588387,0.112,0,0.532,7,0.0437,-19.78,1,24,0.06,89.81200000000004,0.117,6
0.596,0.6409999999999999,154307,0.807,0,0.0,0,0.177,-5.3729999999999976,0,12,0.0295,129.464,0.964,6
0.675,0.443,536267,0.618,0,0.0,3,0.123,-6.698,1,27,0.0584,152.556,0.421,5
0.212,0.473,163640,0.521,0,4.08e-05,5,0.0749,-8.046,1,31,0.0489,156.263,0.233,5
0.852,0.748,247747,0.275,0,0.912,1,0.104,-14.947,1,32,0.0475,132.416,0.595,6
0.0475,0.594,236512,0.748,0,0.0,1,0.107,-5.651,1,66,0.0369,85.98700000000002,0.384,1
0.711,0.482,159240,0.451,0,0.00131,9,0.175,-9.285,0,42,0.0286,109.323,0.5529999999999999,6
0.224,0.44,173027,0.655,0,0.0782,8,0.179,-5.662000000000001,1,38,0.0336,101.082,0.0959,3
0.0627,0.444,329760,0.892,0,0.0354,9,0.417,-11.367,1,49,0.424,88.06299999999996,0.394,2
0.0372,0.913,250467,0.601,1,0.000226,1,0.0806,-4.803,1,45,0.107,89.97,0.789,2
0.966,0.616,1415707,0.209,0,0.0,7,0.127,-16.566,1,16,0.902,76.418,0.34600000000000003,7
0.526,0.594,159600,0.5710000000000001,0,0.163,10,0.204,-7.943,0,52,0.0285,100.827,0.674,4
0.973,0.51,164200,0.379,0,0.885,6,0.262,-10.761,1,0,0.0552,126.645,0.8859999999999999,8
0.954,0.0729,168933,0.0144,0,0.865,5,0.197,-34.972,1,0,0.0357,78.157,0.035,7
0.0584,0.403,152573,0.8959999999999999,0,0.0,9,0.27,-7.359,1,17,0.0304,135.024,0.959,6
0.119,0.925,241360,0.6409999999999999,1,0.0,7,0.106,-6.106,1,37,0.172,94.495,0.747,2
0.00419,0.33,65093,0.81,0,0.0569,2,0.0658,-7.0139999999999985,1,41,0.142,168.73,0.642,4
0.034,0.5379999999999999,257733,0.6559999999999999,0,0.00155,1,0.109,-6.1720000000000015,1,47,0.0287,127.5,0.165,2
0.855,0.604,160987,0.165,0,0.0,7,0.106,-12.427,1,11,0.0498,75.8,0.255,7
0.945,0.537,132120,0.32,0,0.0,10,0.388,-14.437,1,20,0.4270000000000001,116.772,0.7190000000000001,6
0.477,0.5589999999999999,240413,0.376,0,0.0,7,0.124,-12.201,1,27,0.0348,135.981,0.7709999999999999,6
0.996,0.416,163653,0.0802,0,0.853,8,0.153,-24.415,1,0,0.106,81.658,0.374,10
0.745,0.53,231735,0.423,0,2.72e-05,5,0.394,-13.498,0,36,0.0721,129.67700000000002,0.28600000000000003,5
0.0443,0.598,218600,0.722,0,0.0,4,0.127,-5.544,1,51,0.0367,153.924,0.752,1
0.856,0.14,25200,0.00144,0,0.991,1,0.0724,-48.245,1,0,0.0511,139.019,0.0,8
0.841,0.396,480960,0.457,0,0.000359,7,0.0754,-11.761,1,20,0.0666,168.15400000000002,0.481,8
0.58,0.4970000000000001,285027,0.0881,0,0.0,5,0.069,-20.705,1,28,0.0366,145.112,0.5539999999999999,5
0.336,0.453,398200,0.399,0,6.69e-06,6,0.0661,-8.785,1,40,0.0473,173.801,0.557,2
0.17800000000000002,0.7659999999999999,194200,0.8370000000000001,0,0.0,1,0.21600000000000005,-4.75,0,51,0.0357,108.976,0.889,2
1.6899999999999994e-05,0.507,230693,0.993,0,0.000665,5,0.0804,-3.44,1,50,0.139,108.012,0.104,2
0.00286,0.536,201280,0.871,0,8.77e-06,6,0.295,-7.564,0,37,0.0528,130.59,0.58,4
0.0127,0.544,272400,0.7559999999999999,0,0.0,9,0.187,-4.365,0,46,0.033,125.278,0.0902,2
0.943,0.534,121480,0.13699999999999998,0,0.00112,3,0.109,-15.604,1,9,0.03,100.935,0.537,7
0.0533,0.524,254040,0.904,0,0.0,8,0.7759999999999999,-2.071,1,57,0.398,161.188,0.655,2
0.946,0.772,207507,0.35700000000000004,0,0.275,10,0.187,-13.468,1,6,0.133,120.811,0.779,10
0.911,0.718,255530,0.443,1,4.71e-05,2,0.0972,-12.369000000000002,0,63,0.0458,109.041,0.442,1
0.99,0.716,137573,0.193,0,0.0004980000000000001,6,0.0995,-13.556,0,1,0.191,128.612,0.58,9
0.987,0.489,165280,0.0652,0,0.737,10,0.103,-16.655,1,0,0.0368,72.362,0.476,8
0.763,0.547,159800,0.713,0,0.0,7,0.36,-7.644,1,13,0.051,138.326,0.82,6
0.954,0.498,76067,0.238,0,0.0,11,0.29600000000000004,-16.28,1,0,0.142,121.441,0.377,7
0.879,0.344,284027,0.35100000000000003,1,0.221,2,0.0791,-12.206,1,42,0.0342,67.017,0.206,2
0.0076799999999999985,0.518,275160,0.807,0,0.0,1,0.271,-6.68,1,43,0.057,199.979,0.7809999999999999,3
0.991,0.138,181400,0.0318,0,0.735,2,0.348,-25.741,0,39,0.0363,145.92600000000004,0.0491,4
0.555,0.6609999999999999,349400,0.574,0,0.0536,7,0.166,-11.661,0,33,0.0328,126.048,0.474,5
0.7859999999999999,0.762,212000,0.406,0,1.17e-06,0,0.106,-10.749,1,10,0.0498,114.264,0.866,7
0.247,0.693,215605,0.389,0,5.64e-05,2,0.32,-12.709,1,43,0.0528,76.456,0.49,4
0.969,0.794,133333,0.199,0,0.0,9,0.142,-14.585,1,28,0.0407,109.759,0.715,7
0.75,0.174,249160,0.233,0,0.0,7,0.141,-10.041,1,30,0.0336,82.64399999999998,0.147,6
0.0217,0.956,203333,0.594,0,0.0151,2,0.095,-6.066,1,0,0.0454,109.037,0.924,9
0.964,0.716,266760,0.21,0,0.0123,4,0.0837,-19.576,0,53,0.0395,111.908,0.4320000000000001,3
0.397,0.655,114890,0.159,1,0.0,11,0.43,-18.608,0,0,0.962,91.393,0.55,8
0.742,0.366,500733,0.299,0,0.18600000000000005,7,0.307,-15.153,0,24,0.0459,179.365,0.664,6
0.988,0.526,159973,0.36,0,8.669999999999999e-05,7,0.128,-16.925,1,0,0.19,76.313,0.7909999999999999,9
0.303,0.5,246107,0.34,0,1.8e-06,0,0.0934,-12.575,0,16,0.0459,75.456,0.645,7
0.995,0.81,183493,0.139,0,0.32,11,0.127,-18.421,1,0,0.324,124.152,0.6679999999999999,9
0.794,0.634,168507,0.48,0,0.0,0,0.358,-9.771,1,1,0.0763,75.252,0.962,7
0.991,0.354,176300,0.24,0,0.116,11,0.303,-9.721,0,22,0.0331,80.078,0.491,6
0.958,0.643,210202,0.117,0,0.000342,3,0.108,-13.048,1,54,0.0355,120.611,0.501,1
0.879,0.468,207307,0.24,0,8.590000000000001e-05,0,0.0924,-15.511,1,44,0.0407,117.112,0.546,3
0.985,0.34700000000000003,114533,0.235,0,0.96,8,0.299,-19.791,0,0,0.0389,125.472,0.3,8
0.0538,0.442,217653,0.846,0,4.71e-06,4,0.282,-5.214,1,69,0.0764,128.235,0.622,2
0.317,0.402,227920,0.8170000000000001,0,0.0,1,0.105,-3.756,1,58,0.0406,177.342,0.376,3
0.773,0.63,181507,0.449,0,0.0,11,0.145,-12.585,1,26,0.04,79.061,0.8029999999999999,5
0.7240000000000001,0.525,275000,0.459,0,4.79e-06,0,0.502,-8.218,1,38,0.0702,117.647,0.264,6
0.35200000000000004,0.5820000000000001,144196,0.55,0,0.0,5,0.0466,-10.179,1,37,0.125,167.178,0.759,2
0.0439,0.379,145160,0.6629999999999999,0,0.0187,7,0.6829999999999999,-8.55,1,33,0.0346,140.804,0.402,5
0.4,0.435,232880,0.583,0,0.0,7,0.154,-6.5520000000000005,1,51,0.107,166.507,0.648,1
0.0978,0.715,232960,0.947,0,1.44e-05,0,0.142,-13.043,0,35,0.0398,115.177,0.546,4
0.8390000000000001,0.652,186600,0.303,1,0.0,7,0.0949,-14.67,1,49,0.0299,90.023,0.7490000000000001,2
0.6509999999999999,0.195,343813,0.454,0,0.000672,4,0.0791,-9.375,0,33,0.0309,75.517,0.21,3
0.181,0.334,192093,0.0321,0,0.0175,9,0.255,-29.478,0,37,0.0355,136.035,0.0846,4
0.00436,0.85,224333,0.741,0,3.33e-06,6,0.5489999999999999,-4.57,0,62,0.0918,121.17,0.765,1
0.271,0.726,175747,0.8690000000000001,0,4.41e-05,10,0.128,-6.759,1,36,0.0386,108.836,0.963,3
0.789,0.75,148533,0.243,0,1.18e-06,2,0.121,-11.374,0,41,0.0493,125.123,0.568,6
0.132,0.439,250707,0.489,0,0.000643,8,0.114,-6.2860000000000005,1,66,0.0368,143.808,0.253,1
0.163,0.467,215320,0.8270000000000001,0,0.728,2,0.359,-4.372,1,46,0.0997,125.248,0.411,2
0.701,0.574,128440,0.542,0,0.0,7,0.0798,-6.89,0,6,0.048,69.547,0.329,7
0.556,0.603,239947,0.705,0,0.000123,9,0.342,-7.5470000000000015,1,39,0.0328,90.12,0.89,4
0.161,0.46,224707,0.616,0,4.71e-05,1,0.0898,-8.828,1,35,0.0383,119.835,0.563,3
0.00201,0.7190000000000001,242680,0.847,0,0.0204,0,0.223,-6.34,0,66,0.0916,127.963,0.444,1
0.0295,0.693,100984,0.28300000000000003,1,0.0,10,0.317,-20.446,0,0,0.946,91.002,0.644,10
0.0132,0.56,244400,0.209,1,0.551,7,0.342,-13.591,1,61,0.039,140.744,0.407,3
0.591,0.7559999999999999,156453,0.721,0,0.0,6,0.315,-6.629,0,57,0.117,117.77,0.946,1
0.932,0.601,371467,0.32,0,0.0707,3,0.7290000000000001,-13.091,1,0,0.0925,85.21700000000001,0.423,8
0.00106,0.35700000000000004,208667,0.978,1,0.0,0,0.626,-5.19,1,38,0.136,137.319,0.509,2
0.7829999999999999,0.247,184040,0.397,0,0.000595,5,0.253,-13.515999999999998,1,28,0.0318,171.625,0.489,5
0.308,0.698,295867,0.828,0,0.0,6,0.0314,-5.506,1,45,0.0502,88.189,0.638,3
0.0344,0.479,245333,0.718,0,0.0,2,0.282,-4.271,1,56,0.0368,149.576,0.398,2
0.358,0.802,215000,0.772,1,0.0,1,0.0603,-4.893,0,51,0.192,96.046,0.654,2
0.963,0.422,129753,0.563,0,0.964,5,0.113,-8.66,1,20,0.0433,122.957,0.696,9
0.993,0.685,187400,0.325,0,0.77,0,0.106,-12.3,1,0,0.0589,96.346,0.7170000000000001,9
0.917,0.393,154267,0.14300000000000002,0,0.000217,4,0.156,-15.799,1,13,0.0325,81.949,0.28600000000000003,7
0.004370000000000001,0.614,233533,0.939,0,0.225,11,0.529,-7.501,0,44,0.0704,114.988,0.327,2
0.8390000000000001,0.5720000000000001,201667,0.408,0,0.0043,3,0.461,-14.563,1,52,0.036000000000000004,142.374,0.723,3
0.355,0.495,210760,0.899,0,5.73e-05,5,0.268,-7.237999999999999,1,21,0.0817,206.906,0.841,5
0.26,0.7170000000000001,99200,0.226,1,0.0,1,0.344,-20.076,1,0,0.906,120.272,0.777,8
0.611,0.701,169680,0.38,0,0.728,2,0.233,-11.755999999999998,1,34,0.0294,106.284,0.7829999999999999,6
0.991,0.358,205632,0.155,0,0.855,4,0.175,-18.501,1,38,0.046,138.256,0.13699999999999998,3
0.112,0.506,251259,0.493,0,0.00656,4,0.8029999999999999,-10.212,0,36,0.0364,83.00399999999998,0.237,3
0.589,0.501,211577,0.63,0,4.33e-06,2,0.151,-7.018,1,65,0.0329,86.186,0.542,0
0.0285,0.599,180302,0.931,0,0.0,11,0.102,-3.662,1,57,0.0517,111.012,0.7879999999999999,1
0.8859999999999999,0.25,199107,0.43,0,0.508,3,0.235,-11.130999999999998,1,0,0.0338,140.41899999999998,0.6809999999999999,9
0.972,0.204,148733,0.0802,0,5.74e-06,7,0.155,-26.16,1,25,0.0359,109.199,0.184,6
0.000562,0.451,254000,0.993,1,0.00479,1,0.152,-4.143,1,60,0.185,100.827,0.14,2
0.0702,0.327,157427,0.535,0,0.00613,11,0.104,-9.011,0,19,0.031,114.552,0.774,6
0.6990000000000001,0.602,139333,0.34700000000000003,0,0.383,7,0.191,-16.822,1,21,0.0387,144.8,0.804,5
0.602,0.711,134174,0.334,0,0.00135,5,0.34600000000000003,-14.638,0,14,0.0499,107.863,0.772,6
0.996,0.706,161136,0.25,0,0.935,4,0.292,-11.171,1,0,0.219,66.863,0.344,8
0.986,0.369,165293,0.15,0,0.94,7,0.122,-18.559,1,11,0.0378,172.762,0.129,8
0.000397,0.251,272160,0.57,0,0.0879,0,0.107,-11.191,1,48,0.0339,207.226,0.674,5
0.987,0.381,192440,0.506,0,0.0853,3,0.11,-8.088,0,0,0.0399,81.527,0.698,8
0.00367,0.491,286680,0.634,0,0.0,2,0.254,-7.232,1,50,0.0346,76.908,0.68,5
0.635,0.777,179653,0.537,0,0.0,0,0.0637,-7.706,1,22,0.0363,128.22299999999998,0.8640000000000001,6
0.468,0.5529999999999999,117693,0.772,0,0.000275,7,0.0585,-6.169,1,19,0.07,141.377,0.6779999999999999,6
0.107,0.337,382467,0.349,0,0.221,9,0.08199999999999999,-16.675,0,35,0.0367,145.549,0.434,5
0.0119,0.642,99400,0.237,1,0.0,5,0.317,-17.433,1,0,0.959,85.22,0.5429999999999999,10
0.535,0.397,248907,0.585,0,0.000438,7,0.0976,-6.518,1,50,0.0359,143.983,0.18,1
0.000161,0.506,202107,0.764,0,0.5710000000000001,2,0.196,-7.311,1,33,0.0257,92.342,0.209,3
0.421,0.621,98885,0.0863,1,0.0,11,0.431,-19.075,0,0,0.964,174.669,0.415,8
0.0305,0.6759999999999999,238107,0.907,0,0.00193,9,0.0908,-5.711,0,46,0.0384,120.035,0.633,4
0.0459,0.87,521333,0.417,0,0.00128,11,0.182,-11.678,1,22,0.0506,116.117,0.684,5
0.748,0.705,172787,0.29600000000000004,0,0.0,5,0.113,-12.978,1,11,0.155,128.735,0.868,7
0.23,0.7290000000000001,599440,0.867,0,0.0391,2,0.0487,-6.452000000000001,1,25,0.0483,108.169,0.875,4
0.0007639999999999999,0.54,277933,0.902,0,0.0384,2,0.0967,-4.652,1,48,0.0763,126.954,0.521,4
0.193,0.28800000000000003,633947,0.568,0,0.307,7,0.6859999999999999,-10.989,1,25,0.0429,115.812,0.523,5
1.3800000000000007e-05,0.232,294760,0.8759999999999999,0,0.258,2,0.255,-8.287,1,44,0.0415,103.556,0.133,3
0.777,0.725,214227,0.302,0,3.18e-06,2,0.116,-12.137,1,41,0.0512,136.615,0.6890000000000001,2
0.564,0.62,206587,0.342,0,4.25e-05,7,0.131,-8.769,1,55,0.0383,104.335,0.307,1
0.359,0.464,226973,0.8109999999999999,0,0.0,5,0.29,-2.979,1,47,0.0297,77.995,0.374,2
0.614,0.8340000000000001,363413,0.5589999999999999,0,0.00434,8,0.0839,-9.366,0,55,0.0603,119.422,0.8740000000000001,4
0.951,0.0825,172613,0.0359,0,0.936,10,0.103,-26.547,1,0,0.0461,170.106,0.0345,8
0.17600000000000002,0.47,229093,0.857,0,0.0,6,0.108,-5.776,0,53,0.0609,149.94,0.219,1
0.932,0.626,260893,0.0863,0,0.7809999999999999,0,0.684,-26.02,1,11,0.0587,76.376,0.487,6
0.66,0.705,166893,0.456,0,0.0,4,0.246,-11.329,1,28,0.0368,119.074,0.599,6
0.208,0.48,308840,0.52,0,0.000374,6,0.0788,-10.393,1,52,0.0268,143.503,0.511,3
0.935,0.29,355600,0.203,0,2.78e-05,9,0.105,-13.81,1,23,0.0358,139.19,0.113,6
0.16699999999999998,0.809,212689,0.54,0,0.000248,4,0.0838,-8.618,1,52,0.0397,112.318,0.8590000000000001,1
0.8959999999999999,0.462,203747,0.268,0,0.0,0,0.172,-14.556,0,2,0.0373,130.872,0.599,7
0.141,0.65,179960,0.35600000000000004,0,0.0,6,0.111,-15.882,0,0,0.0467,119.832,0.745,8
0.00353,0.303,344400,0.46,0,0.00231,2,0.068,-13.311,1,34,0.028,94.269,0.391,5
0.174,0.6609999999999999,155600,0.5589999999999999,0,1.39e-06,7,0.0814,-12.638,1,38,0.035,165.47799999999995,0.933,3
0.0381,0.667,257413,0.871,0,0.0,8,0.327,-4.9860000000000015,1,54,0.0487,98.919,0.867,2
0.984,0.82,55760,0.452,0,0.96,11,0.162,-15.365,1,0,0.0405,114.561,0.76,8
0.879,0.138,138840,0.207,0,0.915,2,0.121,-17.358,1,52,0.0408,176.24599999999995,0.434,2
0.0712,0.644,241000,0.962,0,0.00126,9,0.133,-5.557,1,45,0.116,130.24,0.792,5
0.163,0.556,203653,0.6579999999999999,0,0.0,0,0.113,-6.075,1,70,0.0265,80.529,0.787,1
0.0654,0.57,157093,0.957,0,0.0802,4,0.123,-2.886,1,21,0.0458,139.872,0.903,5
0.467,0.914,151000,0.8059999999999999,0,0.203,6,0.0774,-10.262,1,32,0.121,116.14,0.76,3
0.044,0.705,178700,0.253,1,0.0,1,0.324,-17.283,1,0,0.939,104.176,0.765,10
0.243,0.6829999999999999,219507,0.691,0,0.0,8,0.14,-5.535,1,71,0.0432,179.91,0.732,1
0.995,0.368,105933,0.00601,0,0.892,4,0.0887,-28.575,1,7,0.0779,73.898,0.201,7
0.8059999999999999,0.581,360987,0.556,0,0.925,8,0.218,-10.422,1,25,0.0543,93.478,0.313,6
0.0239,0.5329999999999999,228809,0.708,0,0.0,2,0.252,-13.389,1,23,0.0329,163.157,0.8059999999999999,4
0.023,0.35700000000000004,226161,0.498,0,1.99e-06,3,0.269,-6.589,1,63,0.0332,142.816,0.339,1
0.901,0.6779999999999999,224533,0.312,0,1.22e-06,4,0.138,-14.682,1,18,0.0343,128.71200000000002,0.713,6
0.6759999999999999,0.391,1001120,0.59,0,0.5529999999999999,9,0.0661,-13.622,1,30,0.0449,113.675,0.479,5
0.276,0.664,296269,0.899,1,0.0,9,0.197,-3.711,0,63,0.474,164.125,0.534,1
0.0316,0.436,341133,0.46,0,0.0,7,0.0536,-12.782,1,45,0.0332,114.572,0.509,4
0.0731,0.7120000000000001,210467,0.406,0,4.24e-06,9,0.285,-14.106,1,34,0.0259,114.388,0.7340000000000001,3
0.956,0.447,240791,0.206,0,4.56e-06,3,0.107,-11.75,1,63,0.0519,66.734,0.327,1
0.0143,0.631,261240,0.84,0,0.0,2,0.0712,-6.025,1,51,0.0285,95.849,0.653,3
0.831,0.435,191800,0.207,0,0.00478,2,0.306,-18.939,0,43,0.034,95.918,0.429,4
0.8029999999999999,0.825,139053,0.35,0,0.0,1,0.109,-10.269,1,21,0.0492,110.747,0.835,6
0.861,0.147,356867,0.165,0,0.478,3,0.129,-19.898,1,53,0.037000000000000005,143.528,0.159,5
0.385,0.665,101097,0.28800000000000003,1,0.0,11,0.81,-19.409,0,0,0.917,149.871,0.568,10
0.927,0.498,190293,0.542,0,0.913,9,0.194,-10.787,1,0,0.0345,109.494,0.815,8
0.995,0.207,383596,0.184,0,0.8759999999999999,9,0.108,-18.487,1,0,0.0516,78.407,0.263,9
0.335,0.703,185973,0.447,0,4.2700000000000015e-05,1,0.16899999999999998,-8.635,1,29,0.0329,118.086,0.691,6
0.213,0.509,169440,0.397,0,5.91e-06,4,0.265,-13.965,1,17,0.0319,124.743,0.672,7
0.0302,0.56,230347,0.833,0,1.49e-05,9,0.37,-6.345,0,40,0.0493,125.709,0.505,2
0.00472,0.578,220707,0.926,0,0.0127,6,0.14,-3.689,0,74,0.0548,149.976,0.877,1
0.0748,0.299,318813,0.443,0,0.000138,0,0.177,-12.621,1,73,0.0346,139.539,0.434,6
0.67,0.542,238533,0.588,0,0.158,2,0.241,-9.268,1,54,0.0665,113.948,0.8809999999999999,5
0.527,0.578,282813,0.7509999999999999,0,0.0134,7,0.0484,-8.355,0,59,0.0306,102.905,0.667,4
0.98,0.317,255507,0.061,0,4.96e-06,0,0.158,-19.037,0,0,0.0454,118.694,0.0433,8
0.0117,0.73,170920,0.465,1,0.0,1,0.28,-6.29,1,67,0.278,148.028,0.3670000000000001,1
0.193,0.598,238307,0.252,1,0.138,2,0.0992,-15.086,1,76,0.0647,120.06,0.0352,1
0.992,0.539,147122,0.435,0,0.691,5,0.107,-10.607,0,14,0.0515,137.69799999999998,0.807,9
0.149,0.426,154533,0.82,0,0.0,1,0.411,-8.267999999999999,1,23,0.191,193.877,0.951,5
0.128,0.5660000000000001,228800,0.6559999999999999,0,0.119,11,0.107,-14.665,0,44,0.0308,120.379,0.932,4
0.0925,0.797,250272,0.722,1,0.0,5,0.112,-6.23,0,66,0.0601,145.99,0.338,1
0.118,0.397,264508,0.6559999999999999,0,0.01,9,0.14400000000000002,-8.65,1,52,0.0429,80.979,0.5429999999999999,1
0.7,0.452,180773,0.238,0,0.809,5,0.35200000000000004,-13.265999999999998,0,28,0.0338,118.075,0.37,6
0.419,0.853,194560,0.17600000000000002,0,0.937,5,0.14400000000000002,-18.351,0,10,0.0441,119.55,0.55,6
0.938,0.495,118285,0.469,0,0.8220000000000001,5,0.114,-6.867000000000001,0,0,0.0321,119.365,0.675,9
0.423,0.743,218000,0.821,0,0.0,3,0.325,-6.0470000000000015,0,62,0.06,82.061,0.828,1
0.961,0.465,304427,0.0599,0,0.345,0,0.117,-23.469,1,42,0.0369,119.492,0.183,5
0.00529,0.879,158733,0.402,0,3.76e-06,1,0.0688,-7.6320000000000014,1,38,0.454,94.508,0.78,3
0.337,0.703,164413,0.317,0,0.0,3,0.118,-15.853,1,11,0.0324,94.224,0.777,7
0.000972,0.7070000000000001,206413,0.924,0,0.00703,7,0.204,-2.842,1,76,0.031,127.937,0.919,1
0.0256,0.389,213107,0.8290000000000001,0,0.000546,7,0.0566,-6.067,1,28,0.0398,145.445,0.603,4
0.14800000000000002,0.672,201960,0.326,0,2.87e-05,7,0.0747,-17.677,1,48,0.0329,113.837,0.513,2
0.377,0.45,277014,0.35600000000000004,0,2.1e-05,0,0.116,-9.892,1,46,0.0301,125.367,0.244,2
0.733,0.574,245693,0.469,0,1.96e-06,2,0.856,-11.53,1,58,0.0403,111.378,0.435,4
0.37,0.698,106100,0.134,1,0.0,11,0.238,-16.225,0,0,0.938,87.875,0.711,9
0.913,0.698,253109,0.29,0,2.08e-05,4,0.095,-6.899,0,0,0.051,137.94899999999998,0.398,0
0.000789,0.474,141627,0.606,0,0.0,0,0.601,-14.904000000000002,1,31,0.0411,126.145,0.316,4
0.947,0.619,399667,0.114,0,0.8240000000000001,5,0.0882,-18.806,1,14,0.0452,79.351,0.466,7
0.957,0.374,183573,0.0428,0,0.0,3,0.13699999999999998,-21.017,1,26,0.033,98.35,0.28300000000000003,6
0.00313,0.322,168320,0.99,0,0.00305,6,0.0709,-4.454,1,32,0.213,140.171,0.199,4
0.967,0.742,173627,0.107,0,7.29e-06,9,0.112,-12.924,0,4,0.0386,105.929,0.5920000000000001,9
0.865,0.528,318013,0.317,0,0.00215,9,0.102,-10.133,0,45,0.0285,96.446,0.277,6
0.989,0.477,180907,0.277,0,0.207,2,0.109,-16.517,1,0,0.0599,92.895,0.638,8
0.0016600000000000002,0.509,185733,0.887,0,7.98e-06,2,0.0994,-3.785,1,59,0.0958,161.99,0.6609999999999999,2
0.177,0.56,141282,0.754,0,0.0029,5,0.0424,-5.779,1,38,0.0578,161.965,0.329,2
0.982,0.48,194973,0.308,0,0.945,9,0.0736,-16.336,0,0,0.0476,133.049,0.8690000000000001,8
0.321,0.603,192920,0.604,0,0.0,6,0.166,-6.593,1,58,0.0273,96.07,0.6409999999999999,1
0.684,0.341,199667,0.272,0,0.0,0,0.0626,-11.765,1,4,0.0623,174.405,0.439,7
0.106,0.263,278960,0.871,0,0.0,2,0.363,-7.496,1,63,0.131,206.68,0.622,3
0.989,0.217,630473,0.703,0,0.778,7,0.672,-8.636000000000001,1,0,0.0494,70.808,0.242,9
0.988,0.525,185182,0.363,0,0.495,11,0.333,-6.452000000000001,0,0,0.0404,140.641,0.599,8
0.153,0.8690000000000001,486867,0.452,0,0.0115,2,0.0672,-14.448,1,38,0.046,112.673,0.934,5
0.406,0.624,329507,0.322,1,0.0,9,0.103,-11.794,0,62,0.679,79.988,0.341,1
0.778,0.375,225069,0.416,0,2.48e-06,0,0.23,-7.149,1,49,0.0283,134.923,0.271,1
0.00292,0.659,188996,0.619,0,0.0,8,0.265,-8.966000000000003,0,2,0.0884,122.377,0.467,9
0.343,0.6459999999999999,154693,0.816,0,0.815,2,0.0372,-7.474,1,23,0.0479,89.926,0.518,5
0.769,0.565,233080,0.55,0,0.0,7,0.191,-5.81,1,52,0.0301,139.97299999999998,0.308,1
0.0985,0.6579999999999999,231267,0.473,0,0.00706,1,0.09,-15.145,1,45,0.0627,89.62899999999998,0.964,5
0.0994,0.752,176440,0.684,0,0.0,0,0.0897,-7.599,1,67,0.15,141.075,0.539,4
0.46,0.701,205400,0.5,0,0.0,8,0.234,-8.82,1,74,0.0303,97.028,0.409,1
0.00235,0.34700000000000003,240183,0.982,0,0.0237,2,0.375,-3.399,1,52,0.128,115.64,0.146,2
0.391,0.7,256335,0.242,1,0.0,11,0.26,-18.453,0,0,0.862,137.545,0.647,10
0.174,0.5920000000000001,244416,0.499,0,0.0,5,0.122,-7.806,1,54,0.277,125.824,0.863,3
0.0309,0.617,159174,0.26,1,0.0,1,0.284,-15.672,1,0,0.965,63.348,0.627,10
0.124,0.5770000000000001,464800,0.53,0,0.667,8,0.136,-11.83,1,11,0.059,126.643,0.66,7
0.0659,0.7390000000000001,430387,0.726,0,0.0277,0,0.0962,-7.5710000000000015,1,31,0.0531,117.772,0.91,5
0.0061600000000000005,0.28800000000000003,201726,0.758,0,0.0,6,0.303,-5.692,0,77,0.0371,97.094,0.619,1
0.00272,0.365,233947,0.887,0,2.18e-05,0,0.0923,-4.579,1,45,0.0417,150.718,0.916,2
0.946,0.691,195520,0.243,0,0.903,6,0.092,-14.272,0,2,0.0676,123.777,0.556,9
0.987,0.349,541600,0.326,0,0.8859999999999999,1,0.784,-15.347,1,47,0.0551,80.233,0.168,9
0.6509999999999999,0.62,149440,0.266,0,0.0,5,0.0589,-11.963,1,38,0.0418,125.979,0.5760000000000001,7
0.202,0.747,199387,0.6920000000000001,0,3.39e-05,1,0.0698,-8.956,0,57,0.0474,118.698,0.904,2
4.34e-06,0.468,193427,0.863,0,0.334,5,0.33,-7.037000000000001,0,53,0.0493,140.267,0.377,3
0.974,0.394,487467,0.29100000000000004,0,8.28e-05,5,0.197,-14.470999999999998,1,0,0.07,87.432,0.29600000000000004,7
0.136,0.608,218240,0.845,0,0.0,6,0.111,-2.292,1,64,0.0597,98.976,0.322,1
0.96,0.246,181347,0.193,0,0.563,7,0.15,-15.168,1,28,0.0296,73.78,0.236,6
0.985,0.476,150000,0.232,0,0.947,2,0.0578,-21.199,0,12,0.0833,124.43,0.833,6
0.0125,0.519,237227,0.975,0,0.0224,2,0.342,-3.861,1,34,0.0756,123.749,0.348,4
0.968,0.366,177467,0.0362,0,4.21e-06,2,0.142,-19.017,0,24,0.042,169.65,0.234,5
0.579,0.618,145373,0.456,0,0.0,4,0.5920000000000001,-13.086,1,13,0.0366,100.329,0.96,6
0.638,0.575,138953,0.89,0,0.0,0,0.525,-2.944,1,5,0.0595,113.136,0.931,7
0.153,0.763,198853,0.491,0,0.0,7,0.0809,-7.155,1,35,0.0321,100.716,0.962,3
0.0587,0.615,300267,0.459,0,6.759999999999999e-05,0,0.102,-10.989,1,26,0.0494,127.687,0.569,5
0.00798,0.62,216333,0.696,0,1e-06,11,0.113,-6.323,1,65,0.0997,176.028,0.705,1
0.0625,0.6459999999999999,188693,0.845,0,0.0576,0,0.0407,-9.037,1,38,0.044,158.463,0.966,4
0.00152,0.629,342627,0.787,0,0.359,5,0.209,-8.399,0,54,0.0646,125.998,0.581,2
0.506,0.388,209946,0.377,0,1.78e-06,2,0.241,-8.323,1,29,0.0285,80.108,0.297,5
0.313,0.679,200303,0.5329999999999999,1,0.0336,10,0.171,-8.454,1,67,0.0766,83.50200000000002,0.521,0
0.095,0.594,225000,0.73,0,0.0,7,0.375,-7.566,1,44,0.0476,144.906,0.963,3
0.703,0.616,164107,0.521,0,0.0,0,0.104,-8.39,1,50,0.0247,101.206,0.6890000000000001,3
0.789,0.6970000000000001,148467,0.28,0,1.49e-06,5,0.319,-12.640999999999998,1,19,0.0419,102.381,0.713,7
0.799,0.431,165160,0.191,0,0.0,0,0.267,-16.537,1,41,0.042,81.7,0.515,4
0.963,0.561,138493,0.0601,0,0.918,11,0.118,-25.882,1,24,0.0466,66.37100000000001,0.0741,7
0.948,0.705,164733,0.306,0,0.242,1,0.333,-13.139,1,11,0.0546,163.903,0.726,8
0.993,0.396,183080,0.5589999999999999,0,0.8859999999999999,0,0.14,-12.398,1,0,0.104,168.717,0.5870000000000001,8
0.985,0.483,162247,0.309,0,1.27e-06,2,0.253,-8.787,0,0,0.0409,135.766,0.659,9
0.37,0.7390000000000001,413773,0.523,0,0.194,5,0.177,-10.462,0,58,0.0303,113.939,0.826,5
0.955,0.589,30000,0.5820000000000001,0,0.321,6,0.122,-10.214,1,0,0.0325,109.657,0.81,9
0.937,0.655,154307,0.21600000000000005,0,0.000342,8,0.139,-10.544,1,18,0.0288,86.538,0.313,7
0.00144,0.457,230733,0.823,1,0.0,9,0.108,-4.76,1,64,0.311,192.205,0.578,1
0.0439,0.563,163267,0.624,1,0.0,8,0.111,-8.271,1,67,0.287,152.06799999999996,0.337,1
0.946,0.423,274467,0.152,0,7.22e-06,5,0.79,-23.968000000000004,1,19,0.0744,121.877,0.421,6
0.773,0.336,168560,0.5870000000000001,0,0.0,0,0.28600000000000003,-5.465,1,35,0.0298,97.375,0.56,6
0.0692,0.5489999999999999,212619,0.835,0,0.0,2,0.212,-2.632,1,52,0.0656,126.08,0.423,1
