0.644,0.315,140980,0.901,0,1.23e-05,2,0.11,-5.988,1,21,0.0523,148.99,0.821,6
0.0558,0.603,224907,0.946,0,6.51e-05,7,0.114,-4.172,1,51,0.0463,144.019,0.912,1
0.949,0.387,440507,0.14400000000000002,0,0.457,7,0.171,-23.357,1,47,0.0387,140.816,0.391,3
0.255,0.8079999999999999,206493,0.767,1,0.0197,1,0.0886,-4.912,0,62,0.0445,94.998,0.722,2
0.723,0.52,342840,0.327,0,0.0,6,0.0873,-10.77,1,32,0.038,113.784,0.395,7
0.000239,0.457,317427,0.904,0,0.0879,2,0.396,-5.303,1,72,0.0747,141.03799999999995,0.48,4
0.634,0.5760000000000001,156966,0.7490000000000001,0,0.000709,9,0.161,-5.257999999999999,0,17,0.0429,102.569,0.887,6
0.723,0.537,251196,0.873,1,0.00946,6,0.684,-6.505,1,53,0.408,164.074,0.644,1
0.118,0.708,248773,0.513,0,0.0,6,0.114,-7.747999999999997,0,46,0.0888,89.0,0.31,2
0.00129,0.583,276973,0.84,0,0.575,4,0.0906,-4.964,0,47,0.034,137.977,0.44,1
0.748,0.539,179493,0.37,0,0.0,3,0.0495,-11.355,1,49,0.0566,95.248,0.846,3
0.401,0.679,106500,0.177,1,0.0,7,0.166,-14.871,1,0,0.942,148.042,0.8029999999999999,9
0.892,0.532,218288,0.452,1,0.00113,9,0.127,-10.654000000000002,0,73,0.043,129.895,0.203,1
0.946,0.376,229227,0.325,0,0.0937,4,0.113,-9.972,1,48,0.0304,154.563,0.211,1
0.0767,0.417,231627,0.591,0,0.129,2,0.982,-8.275,1,21,0.0408,101.119,0.597,5
0.983,0.251,234627,0.0841,0,0.0248,10,0.107,-22.231,1,46,0.0572,95.417,0.151,3
0.978,0.7,42573,0.168,0,9.23e-06,0,0.516,-15.757,1,0,0.064,39.205,0.614,7
0.0261,0.376,254955,0.64,0,0.0,3,0.193,-7.949,1,38,0.0441,121.821,0.29600000000000004,3
0.789,0.452,253373,0.302,0,0.763,9,0.0398,-9.296,0,6,0.0294,143.137,0.0581,8
0.88,0.261,161578,0.46,0,1.29e-06,2,0.307,-8.055,0,23,0.0287,99.069,0.517,6
0.0366,0.484,276067,0.439,0,7.07e-06,0,0.16399999999999998,-20.435,1,22,0.0485,120.74,0.621,5
0.0332,0.6970000000000001,239400,0.64,0,0.0,2,0.159,-7.54,1,45,0.0372,134.936,0.626,2
0.00184,0.5589999999999999,188920,0.754,0,0.000462,6,0.0366,-5.3439999999999985,0,62,0.0481,85.993,0.438,1
0.0149,0.602,223760,0.581,0,0.0,9,0.358,-9.5,1,41,0.0743,124.819,0.962,5
0.467,0.442,233693,0.382,0,0.0216,7,0.121,-5.295,1,47,0.0317,119.947,0.199,5
0.73,0.536,187133,0.399,0,0.478,8,0.0721,-13.372,1,5,0.0687,138.62,0.7140000000000001,7
0.925,0.625,220240,0.126,0,0.000482,7,0.132,-17.698,1,23,0.0484,105.807,0.322,7
0.0997,0.619,270987,0.909,0,0.76,8,0.29,-5.2189999999999985,1,35,0.0295,103.585,0.8640000000000001,4
0.708,0.0972,570170,0.845,0,0.956,1,0.156,-22.761,1,50,0.0922,89.60700000000001,0.0207,1
0.00253,0.88,230973,0.569,0,9.86e-05,9,0.14300000000000002,-11.216,0,29,0.0348,129.997,0.962,5
0.0434,0.7440000000000001,247450,0.725,0,0.0,7,0.29600000000000004,-6.29,1,55,0.112,95.983,0.73,1
0.205,0.716,223400,0.17600000000000002,1,0.0,8,0.105,-20.466,1,0,0.899,126.363,0.705,8
0.994,0.504,188853,0.373,0,0.882,7,0.0801,-10.175,1,0,0.0456,114.78,0.779,9
0.219,0.607,210720,0.755,0,0.00399,7,0.08199999999999999,-6.886,1,61,0.0317,116.119,0.867,5
0.8079999999999999,0.503,109333,0.373,0,0.0,5,0.317,-11.839,0,14,0.245,158.632,0.8370000000000001,6
0.8959999999999999,0.705,101867,0.15,0,0.0,9,0.127,-22.365,1,0,0.893,129.931,0.349,7
0.804,0.241,238787,0.3670000000000001,0,8.98e-05,7,0.0836,-9.814,1,47,0.042,81.561,0.156,1
0.0252,0.8079999999999999,250627,0.792,0,0.731,1,0.0644,-7.2810000000000015,0,31,0.0302,125.032,0.965,5
0.16699999999999998,0.706,265267,0.53,0,1.73e-05,2,0.0301,-12.83,1,44,0.0294,111.555,0.98,4
0.226,0.38,493440,0.303,0,0.000381,5,0.989,-18.053,1,38,0.0323,90.15,0.21,4
0.994,0.308,154907,0.314,0,0.931,9,0.108,-20.091,0,0,0.0501,73.488,0.416,8
0.00451,0.726,180056,0.652,0,3.32e-05,1,0.226,-7.7639999999999985,0,70,0.11,163.87900000000005,0.8029999999999999,1
0.905,0.5579999999999999,165600,0.255,0,0.0,3,0.115,-10.187,1,19,0.0458,77.817,0.664,6
0.995,0.742,157000,0.248,0,0.5589999999999999,2,0.308,-11.107,0,0,0.086,125.879,0.721,9
0.851,0.46,549933,0.334,0,0.102,0,0.087,-15.28,0,14,0.0564,152.817,0.601,7
0.00713,0.845,285507,0.486,0,0.417,11,0.232,-12.778,0,40,0.111,118.458,0.6920000000000001,4
0.884,0.872,62707,0.339,0,2.14e-06,6,0.0676,-15.879,0,1,0.503,111.171,0.643,7
1.34e-05,0.248,456747,0.882,0,0.19,6,0.101,-4.638,0,30,0.066,93.851,0.0942,4
0.97,0.226,585293,0.0756,0,0.873,0,0.262,-22.419,0,5,0.0349,75.11,0.0859,10
0.135,0.486,212653,0.8109999999999999,0,0.0419,7,0.125,-5.853,0,56,0.0346,99.595,0.852,4
0.807,0.547,145360,0.243,0,0.000134,10,0.231,-15.353,0,12,0.0262,94.992,0.627,6
9.13e-05,0.271,152627,0.991,0,0.0,2,0.321,-3.374,1,32,0.117,190.153,0.7170000000000001,3
1.61e-06,0.131,183093,0.975,0,0.914,7,0.0862,-7.228,1,50,0.118,79.467,0.393,3
0.745,0.606,181893,0.353,0,0.804,4,0.0635,-10.991,0,0,0.0416,129.304,0.815,7
0.718,0.765,131840,0.499,0,4.870000000000001e-05,5,0.102,-11.204,1,44,0.0398,144.17700000000005,0.964,5
0.318,0.483,303867,0.725,0,4.52e-06,8,0.3,-6.7639999999999985,1,38,0.0374,157.929,0.551,3
0.7490000000000001,0.247,266667,0.224,0,0.0238,7,0.282,-17.378,1,43,0.0322,69.601,0.34600000000000003,4
0.206,0.545,154331,0.473,0,0.0,6,0.214,-14.607,0,0,0.0611,89.87899999999998,0.547,8
0.218,0.606,305347,0.625,0,0.0,4,0.0907,-7.063,0,55,0.0307,130.018,0.292,2
0.35600000000000004,0.359,183987,0.426,0,3.34e-06,6,0.0665,-11.439,1,21,0.0429,88.863,0.464,5
0.72,0.544,295000,0.407,0,0.0,2,0.17600000000000002,-8.158,1,45,0.117,84.165,0.574,2
0.0638,0.42,197634,0.723,0,1.17e-05,10,0.123,-6.86,0,72,0.175,167.80599999999995,0.28800000000000003,1
0.904,0.377,247200,0.251,0,0.131,5,0.0586,-7.502999999999999,1,38,0.036000000000000004,185.445,0.383,7
0.224,0.828,262000,0.645,0,0.0,1,0.0515,-2.741,0,41,0.0767,140.037,0.927,2
0.3,0.721,298933,0.8590000000000001,0,0.00111,1,0.0244,-14.454,1,49,0.172,143.667,0.794,3
0.96,0.422,338893,0.545,0,0.957,5,0.179,-13.39,0,17,0.0415,139.623,0.843,7
0.141,0.7829999999999999,248529,0.499,0,0.004520000000000001,2,0.184,-13.761,1,28,0.0306,108.531,0.956,4
0.163,0.488,248360,0.33,0,0.00074,5,0.104,-13.300999999999998,1,53,0.0264,78.363,0.17800000000000002,3
0.2,0.872,151333,0.682,0,6.159999999999999e-05,7,0.0311,-11.268,1,48,0.152,108.075,0.961,2
0.958,0.7829999999999999,206947,0.213,0,0.812,5,0.119,-17.404,0,20,0.0511,124.175,0.573,7
0.769,0.5,282667,0.208,0,0.496,6,0.3720000000000001,-14.235,1,14,0.0743,180.852,0.461,7
0.28800000000000003,0.604,158667,0.67,0,0.809,4,0.204,-8.47,1,42,0.0333,126.91,0.963,2
0.21,0.745,229510,0.944,0,1.48e-06,0,0.333,-3.959,1,72,0.134,179.991,0.951,1
0.993,0.6609999999999999,196000,0.166,0,0.758,0,0.121,-13.403,1,0,0.101,118.597,0.725,9
0.8370000000000001,0.46,131640,0.181,0,0.0,7,0.112,-11.237,0,21,0.0358,137.441,0.236,6
0.882,0.5529999999999999,179040,0.6559999999999999,0,0.0701,2,0.557,-7.1670000000000025,1,41,0.0616,61.665,0.606,3
0.989,0.232,87640,0.0877,0,0.838,10,0.0872,-29.214,0,0,0.0331,131.743,0.359,10
0.894,0.304,458427,0.281,0,0.188,9,0.204,-13.505,1,1,0.0347,95.454,0.179,7
0.941,0.227,235093,0.122,0,2.05e-06,0,0.337,-17.195999999999998,1,24,0.047,77.27,0.146,6
0.8190000000000001,0.654,240000,0.235,1,0.0,2,0.0891,-11.292,0,69,0.159,88.90299999999998,0.061,1
0.7509999999999999,0.748,155819,0.431,0,0.0,1,0.287,-10.563,1,10,0.0368,113.379,0.932,6
0.059,0.48,230827,0.498,0,0.00246,11,0.2,-13.317,1,30,0.0274,80.872,0.763,5
0.000176,0.261,218120,0.979,1,0.122,1,0.113,-3.652,0,55,0.0966,183.718,0.64,1
0.0888,0.855,195299,0.6759999999999999,1,0.0,1,0.14400000000000002,-5.7360000000000015,1,78,0.325,133.082,0.509,0
0.491,0.772,210240,0.256,0,0.00612,7,0.14400000000000002,-8.545,0,63,0.0481,118.902,0.35700000000000004,1
0.522,0.693,123600,0.265,0,0.0,4,0.198,-15.702,1,1,0.959,69.942,0.54,7
0.7290000000000001,0.6809999999999999,247613,0.6759999999999999,0,0.924,2,0.1,-11.41,1,50,0.037000000000000005,94.985,0.452,2
0.00539,0.857,353760,0.706,1,0.00259,7,0.117,-3.082,1,48,0.159,95.722,0.322,2
0.847,0.478,136827,0.94,0,1.6e-05,9,0.254,-6.926,1,39,0.101,95.646,0.85,6
0.122,0.769,223160,0.667,0,0.000361,8,0.0373,-8.272,1,43,0.0796,88.281,0.843,3
0.996,0.614,177133,0.0423,0,0.00293,4,0.183,-12.033,1,44,0.0535,89.822,0.211,10
0.519,0.551,338013,0.7040000000000001,0,0.0127,5,0.104,-6.817,1,22,0.0328,101.823,0.931,6
0.0354,0.74,253507,0.845,0,0.0124,7,0.198,-10.072,0,24,0.0386,110.527,0.769,4
0.0194,0.7170000000000001,252373,0.6890000000000001,0,3.41e-06,7,0.133,-6.783,1,42,0.0649,80.933,0.511,3
0.0117,0.625,279290,0.804,0,0.00402,6,0.122,-11.557,0,30,0.0388,120.839,0.54,3
0.97,0.34600000000000003,103493,0.279,0,0.233,10,0.285,-11.819,1,32,0.0283,87.412,0.46,3
0.398,0.426,323533,0.546,0,0.0008699999999999999,7,0.0966,-10.036,1,42,0.0425,107.885,0.44,5
0.0598,0.531,275867,0.8590000000000001,0,0.402,0,0.17600000000000002,-12.973,0,36,0.0512,122.797,0.489,4
0.07200000000000001,0.8420000000000001,194733,0.823,0,1.23e-06,7,0.0865,-5.1370000000000005,0,58,0.079,95.017,0.635,2
0.611,0.7609999999999999,201227,0.752,0,0.0676,10,0.0516,-5.144,1,52,0.0673,147.216,0.848,1
0.0417,0.452,264213,0.8340000000000001,0,0.00036,11,0.119,-4.657,1,67,0.0967,142.088,0.514,1
0.007120000000000001,0.81,281653,0.745,1,2.1e-05,10,0.321,-5.431,0,56,0.097,87.01899999999998,0.388,2
0.0331,0.591,163482,0.775,0,0.0552,8,0.102,-7.419,1,31,0.0339,74.171,0.908,4
0.8490000000000001,0.603,196227,0.208,0,0.006520000000000001,5,0.199,-18.776,0,14,0.0397,122.462,0.5820000000000001,6
0.985,0.402,510920,0.193,0,0.452,2,0.362,-15.972,1,1,0.0519,126.871,0.379,8
0.125,0.86,207912,0.7190000000000001,1,0.0,11,0.0799,-4.325,0,68,0.33,160.049,0.496,1
0.994,0.383,189010,0.282,0,0.000913,8,0.125,-10.633,1,0,0.0347,82.68799999999997,0.599,8
0.889,0.701,284173,0.282,0,0.948,2,0.192,-18.049,0,13,0.0281,92.907,0.867,6
0.179,0.625,229360,0.407,0,3.23e-06,1,0.0944,-9.114,1,46,0.0276,98.143,0.4270000000000001,3
0.7979999999999999,0.134,263880,0.224,0,0.638,2,0.136,-16.42,1,31,0.0424,170.699,0.0381,4
0.963,0.366,214040,0.319,0,0.411,8,0.101,-16.741,1,0,0.0404,118.443,0.267,8
0.955,0.8079999999999999,59547,0.114,0,0.7170000000000001,3,0.0837,-17.952,1,0,0.0586,71.551,0.919,7
0.983,0.433,112040,0.0513,0,1.85e-05,8,0.239,-20.407,1,0,0.0466,82.052,0.0578,8
0.00252,0.412,197000,0.88,0,4.39e-05,1,0.09,-9.001,1,55,0.045,105.241,0.234,3
0.708,0.7659999999999999,182133,0.502,0,0.004070000000000001,4,0.223,-9.485,1,31,0.0266,106.053,0.418,4
0.279,0.55,218773,0.693,0,0.0182,10,0.945,-16.046,0,1,0.0621,104.822,0.5539999999999999,7
0.00116,0.472,260367,0.984,0,9.05e-06,6,0.337,-2.861,0,55,0.174,145.033,0.265,1
0.77,0.268,192533,0.4370000000000001,0,3.05e-05,8,0.0577,-9.837,1,9,0.0311,104.877,0.299,7
0.0202,0.6609999999999999,210562,0.557,1,0.000128,1,0.16899999999999998,-8.798,1,56,0.198,110.967,0.412,1
0.986,0.358,182973,0.231,0,0.0249,5,0.26,-12.35,0,0,0.045,74.459,0.4,8
0.0222,0.633,130700,0.3,1,0.0,1,0.35,-19.13,1,0,0.944,165.868,0.527,10
0.037000000000000005,0.477,249893,0.715,0,0.00852,8,0.0991,-7.81,1,48,0.0329,116.102,0.8909999999999999,2
0.325,0.461,191573,0.428,0,0.0,11,0.0624,-7.581,1,25,0.03,103.116,0.3720000000000001,4
0.835,0.573,209146,0.172,0,0.155,7,0.117,-19.793,1,32,0.0295,91.308,0.205,5
0.994,0.262,177136,0.321,0,0.0104,2,0.5870000000000001,-11.568,1,0,0.0543,75.433,0.0919,9
0.302,0.5379999999999999,337551,0.5379999999999999,0,0.0,0,0.121,-6.601,0,56,0.16399999999999998,153.958,0.389,1
0.0839,0.5379999999999999,153867,0.433,0,0.0012,0,0.74,-14.097,1,22,0.037000000000000005,132.041,0.597,6
0.534,0.585,181603,0.7,0,1.03e-05,5,0.282,-7.064,0,41,0.0422,103.78,0.654,4
0.444,0.5329999999999999,301400,0.5670000000000001,0,0.000107,9,0.0691,-12.161,0,23,0.0337,164.84099999999995,0.7240000000000001,4
0.987,0.601,209406,0.292,0,0.00259,2,0.121,-11.099,1,0,0.0544,80.944,0.495,7
0.821,0.258,164113,0.23,0,2.99e-06,8,0.094,-10.324000000000002,1,5,0.028,91.944,0.299,8
0.0942,0.35200000000000004,361093,0.601,0,0.0105,7,0.117,-12.646,1,57,0.0323,107.546,0.37,3
0.7709999999999999,0.731,160200,0.453,0,0.0,7,0.0838,-7.4529999999999985,0,20,0.0414,112.222,0.8270000000000001,6
0.00146,0.373,283467,0.961,0,0.000374,11,0.35100000000000003,-5.3870000000000005,0,59,0.0657,158.863,0.4370000000000001,3
0.231,0.74,279547,0.894,0,0.0,10,0.111,-5.445,1,50,0.0327,130.01,0.6,2
0.0115,0.647,223427,0.679,0,0.0,7,0.228,-6.572,1,42,0.123,166.00599999999997,0.47,2
0.304,0.55,769947,0.659,0,0.0,8,0.0919,-10.436,1,41,0.0775,142.768,0.85,3
0.528,0.619,208093,0.438,0,0.000869,3,0.0623,-13.139,1,51,0.0359,73.122,0.541,5
0.975,0.655,173507,0.125,0,0.0385,7,0.0757,-19.182,1,1,0.191,157.19299999999996,0.807,9
0.0518,0.7959999999999999,291573,0.907,0,0.0928,1,0.674,-8.093,1,40,0.0508,121.456,0.6920000000000001,4
0.6679999999999999,0.6759999999999999,170160,0.6920000000000001,0,0.00915,9,0.13,-13.093,1,62,0.052000000000000005,102.516,0.799,5
0.7809999999999999,0.298,168200,0.451,0,0.892,7,0.187,-11.79,1,15,0.0323,107.978,0.222,6
0.101,0.7879999999999999,249836,0.774,0,0.0,6,0.94,-11.399,1,36,0.111,110.491,0.784,3
0.753,0.37,250653,0.419,0,0.0,2,0.121,-5.314,1,59,0.0382,145.866,0.255,1
0.512,0.4370000000000001,174733,0.381,0,0.000104,9,0.0984,-15.015999999999998,1,47,0.0433,109.74,0.698,5
0.966,0.128,300947,0.14300000000000002,0,0.496,3,0.122,-22.117,1,0,0.0482,178.709,0.0836,8
0.741,0.515,363413,0.769,0,0.000111,0,0.383,-4.104,1,29,0.0366,159.018,0.901,5
0.446,0.75,354840,0.58,0,0.245,4,0.0469,-13.948,0,24,0.0549,109.414,0.7290000000000001,4
8.909999999999997e-05,0.0867,147833,0.175,0,0.931,0,0.611,-18.478,1,69,0.0485,87.557,0.0271,1
0.875,0.5429999999999999,193746,0.343,0,1.77e-05,0,0.0847,-11.862,0,45,0.0296,91.049,0.46,6
0.993,0.267,520240,0.0993,0,0.889,1,0.106,-19.215,1,0,0.0399,71.423,0.0631,10
0.992,0.402,202147,0.52,0,0.000244,9,0.6709999999999999,-8.06,1,0,0.0344,102.252,0.72,9
0.226,0.317,384213,0.765,0,9.87e-06,6,0.382,-6.107,0,31,0.0487,155.537,0.485,5
0.863,0.43,210333,0.203,0,4.71e-06,8,0.106,-10.425,1,39,0.0369,119.884,0.105,2
0.149,0.742,300440,0.593,0,3.01e-06,1,0.0249,-12.737,1,34,0.0704,89.82600000000002,0.86,3
0.196,0.435,269213,0.631,0,0.000267,6,0.106,-6.396,0,56,0.0293,76.503,0.152,1
0.007859999999999999,0.462,234333,0.677,0,7.15e-05,6,0.226,-9.262,1,51,0.0327,172.192,0.468,3
0.393,0.6970000000000001,218358,0.578,0,0.379,9,0.106,-5.212999999999999,0,65,0.095,114.995,0.3,1
0.0134,0.623,206587,0.342,0,0.00412,0,0.106,-8.693999999999999,1,57,0.038,115.032,0.101,3
0.442,0.745,177173,0.6459999999999999,0,0.00136,9,0.146,-7.022,1,20,0.0308,125.062,0.969,6
0.94,0.674,68907,0.0439,0,0.0,6,0.805,-23.712,1,0,0.906,100.557,0.7120000000000001,7
0.233,0.521,336400,0.6920000000000001,0,0.00225,0,0.16399999999999998,-5.309,1,48,0.377,84.79799999999999,0.525,2
0.00866,0.5,295307,0.6629999999999999,0,0.000105,4,0.105,-7.976,1,37,0.217,109.651,0.7440000000000001,3
0.591,0.453,197000,0.579,0,0.0218,0,0.32299999999999995,-9.055,1,38,0.0441,82.03399999999998,0.441,5
0.0873,0.642,229893,0.622,0,0.0,9,0.0995,-7.582000000000002,1,35,0.14400000000000002,82.969,0.4320000000000001,2
0.0215,0.653,221507,0.6579999999999999,0,1.66e-06,2,0.0939,-6.428,1,70,0.0304,99.99,0.219,1
0.0404,0.685,402707,0.747,0,0.006940000000000001,7,0.154,-6.831,0,33,0.0304,126.927,0.47,3
0.995,0.36,198493,0.139,0,0.941,0,0.107,-17.941,1,0,0.0402,68.753,0.493,8
0.985,0.581,185417,0.208,0,3.61e-06,4,0.101,-12.212,0,1,0.127,87.92200000000004,0.565,8
0.315,0.168,356333,0.302,0,0.79,6,0.11,-11.645,0,61,0.0344,102.041,0.205,2
0.78,0.623,109360,0.336,0,0.0,1,0.0887,-12.343,1,16,0.0437,127.942,0.6709999999999999,6
0.901,0.501,193208,0.168,0,0.0,4,0.134,-13.682,0,71,0.304,82.574,0.514,0
0.00787,0.8390000000000001,379400,0.5429999999999999,0,0.484,0,0.0453,-8.397,1,31,0.0477,116.212,0.938,4
0.228,0.856,192001,0.866,1,0.00154,0,0.16399999999999998,-3.494,1,67,0.159,116.005,0.638,1
0.00131,0.895,288693,0.405,1,0.00316,2,0.111,-7.818,1,42,0.0622,122.222,0.187,3
0.995,0.5760000000000001,178240,0.078,0,0.14300000000000002,11,0.285,-24.442,1,0,0.197,130.845,0.505,9
0.007659999999999998,0.7390000000000001,257332,0.629,1,0.0,1,0.6559999999999999,-5.79,0,48,0.263,146.007,0.195,1
0.402,0.5429999999999999,279440,0.944,0,0.0005639999999999999,6,0.0373,-7.495,1,66,0.0543,101.174,0.735,4
0.00102,0.597,229013,0.966,0,0.000157,3,0.0535,-3.442,0,40,0.067,106.042,0.521,2
0.0626,0.568,256733,0.748,0,2.18e-06,8,0.0947,-6.54,1,65,0.0299,96.59,0.623,3
0.969,0.57,175726,0.204,0,5.6299999999999986e-05,0,0.116,-12.451,1,0,0.0397,116.949,0.557,9
0.99,0.642,195257,0.264,0,0.0291,8,0.0851,-8.926,1,0,0.32299999999999995,130.621,0.8859999999999999,8
0.0372,0.637,228800,0.954,0,0.0336,11,0.0835,-9.289,0,35,0.0585,100.536,0.49,4
0.0546,0.7120000000000001,212354,0.598,1,0.0,7,0.154,-5.3679999999999986,0,77,0.0388,130.007,0.504,0
0.436,0.313,191733,0.8759999999999999,0,0.0,11,0.0989,-13.151,0,43,0.0386,172.717,0.547,4
0.8590000000000001,0.384,183387,0.31,0,0.736,5,0.636,-15.556,1,8,0.0682,84.536,0.157,6
0.00249,0.687,261227,0.583,0,0.0218,4,0.0737,-9.68,1,30,0.0372,127.506,0.721,4
0.000305,0.237,326600,0.826,0,0.718,11,0.275,-12.183,1,37,0.0536,80.241,0.311,4
0.8909999999999999,0.317,202573,0.0949,0,0.00132,0,0.197,-23.651,0,22,0.0385,77.031,0.314,6
0.015,0.35200000000000004,474267,0.586,0,0.0678,2,0.0791,-9.677,1,38,0.0498,101.172,0.369,5
0.926,0.482,184111,0.487,0,0.3,4,0.0776,-11.622,1,0,0.0326,87.598,0.961,8
0.6,0.52,123440,0.667,0,0.0,5,0.112,-11.459,1,42,0.384,79.346,0.934,2
0.907,0.464,254387,0.348,0,0.856,2,0.159,-16.087,0,24,0.0345,145.953,0.705,6
0.000149,0.321,371293,0.974,0,0.0389,9,0.117,-5.2029999999999985,1,33,0.1,112.962,0.293,4
0.0193,0.816,198933,0.7290000000000001,1,7.76e-06,2,0.182,-6.274,1,52,0.0459,111.989,0.298,1
0.823,0.643,137960,0.617,0,0.0,9,0.33,-5.006,1,39,0.0801,157.748,0.8809999999999999,3
0.0503,0.735,195813,0.767,0,0.00608,0,0.285,-7.002999999999999,1,54,0.0353,124.991,0.467,0
0.992,0.401,497587,0.17,0,0.852,11,0.74,-19.71,0,0,0.037000000000000005,115.843,0.105,10
0.768,0.383,288000,0.224,0,0.0,2,0.087,-16.99,1,51,0.0274,102.94,0.466,5
0.157,0.787,227333,0.484,0,4.38e-05,1,0.0485,-12.093,0,25,0.0558,130.86700000000002,0.934,4
0.507,0.5529999999999999,363013,0.67,0,0.000458,7,0.12,-8.494,0,39,0.0743,116.397,0.645,5
0.935,0.404,96467,0.256,0,0.0,2,0.383,-22.534,0,0,0.126,144.764,0.551,7
0.0017399999999999998,0.337,198533,0.835,0,0.0,2,0.0945,-6.351,0,61,0.057,87.561,0.418,2
0.0981,0.476,184707,0.952,0,2.91e-06,4,0.438,-3.783,1,65,0.041,170.062,0.8490000000000001,1
0.454,0.7120000000000001,198533,0.732,0,0.0,4,0.319,-6.754,1,70,0.0629,94.071,0.313,1
0.929,0.315,191800,0.192,0,0.198,2,0.24,-14.208,1,14,0.0393,111.2,0.25,6
0.547,0.7559999999999999,134493,0.667,0,0.0,8,0.131,-5.194,1,3,0.0344,113.92,0.964,7
0.000726,0.7929999999999999,450800,0.703,0,0.88,0,0.075,-9.548,1,73,0.0581,130.27,0.856,2
0.98,0.703,177267,0.196,0,1.73e-05,2,0.0678,-10.582,0,3,0.0548,114.905,0.354,9
0.573,0.532,181969,0.685,0,0.0166,2,0.0593,-9.108,1,2,0.379,144.6,0.937,9
0.931,0.5429999999999999,288267,0.252,0,0.0020800000000000003,0,0.166,-11.146,1,0,0.104,180.892,0.925,8
0.102,0.453,334000,0.569,0,2.75e-06,7,0.0896,-8.056000000000001,1,39,0.0297,137.619,0.292,3
0.153,0.7170000000000001,313133,0.7,0,0.000462,7,0.141,-5.155,1,57,0.0624,75.979,0.499,2
0.6990000000000001,0.635,333200,0.5670000000000001,0,0.00462,10,0.255,-10.705,1,32,0.0478,184.745,0.3720000000000001,3
0.746,0.305,212196,0.6779999999999999,0,0.000276,3,0.171,-10.293,1,0,0.154,170.175,0.483,8
0.767,0.647,178712,0.609,0,0.00218,8,0.059,-7.667000000000002,1,41,0.0425,96.265,0.935,3
0.126,0.595,163292,0.772,0,0.926,8,0.221,-8.033,1,55,0.0367,134.9,0.345,1
0.0852,0.479,544173,0.691,0,0.0766,10,0.184,-6.475,1,31,0.0404,138.334,0.5760000000000001,5
0.622,0.395,110080,0.947,0,0.0,8,0.667,-5.102,1,42,0.449,64.594,0.302,2
0.179,0.451,244160,0.8420000000000001,0,0.142,4,0.299,-6.908,1,24,0.0504,126.95,0.55,6
0.601,0.561,320867,0.273,0,2.9e-05,11,0.224,-13.863,0,40,0.0335,72.523,0.305,3
0.413,0.631,329800,0.516,0,0.0,8,0.115,-8.225,1,58,0.0353,116.654,0.18,3
0.338,0.7390000000000001,262773,0.488,0,0.0105,5,0.121,-10.453,1,33,0.0453,114.122,0.919,4
0.0443,0.809,227289,0.705,0,9.67e-06,5,0.078,-8.187000000000001,1,67,0.0437,94.655,0.941,3
0.617,0.388,88985,0.414,0,0.004,9,0.0927,-14.068,1,34,0.0577,87.398,0.0725,6
0.0532,0.716,254240,0.753,0,0.0006190000000000001,3,0.183,-12.407,1,31,0.0368,113.404,0.952,5
0.195,0.657,365293,0.7090000000000001,0,0.000309,9,0.066,-9.524,1,39,0.0716,96.82,0.787,5
0.723,0.629,296582,0.175,0,5.31e-06,11,0.118,-20.536,0,0,0.966,167.899,0.465,9
0.376,0.46,332507,0.162,0,1.25e-05,5,0.181,-17.142,0,62,0.0335,122.767,0.102,4
0.6629999999999999,0.677,320502,0.532,0,0.035,9,0.197,-11.412,1,42,0.0432,106.678,0.63,5
0.777,0.669,197333,0.374,0,0.0,1,0.326,-7.349,1,66,0.0385,127.938,0.394,1
0.0452,0.61,178533,0.83,0,0.000211,9,0.163,-4.772,1,40,0.0343,90.024,0.5660000000000001,3
0.0416,0.701,259867,0.674,0,0.000138,7,0.0874,-10.153,1,29,0.0526,99.019,0.88,3
0.918,0.695,130000,0.265,0,0.0,1,0.287,-20.939,1,0,0.889,78.97399999999998,0.557,7
0.0299,0.845,207267,0.54,1,0.0,10,0.12,-7.864,0,53,0.127,97.516,0.443,1
0.953,0.421,169547,0.669,0,0.8809999999999999,8,0.119,-6.526,1,0,0.0503,100.403,0.629,8
0.986,0.42,173733,0.392,0,0.767,10,0.0682,-12.858,1,0,0.062,205.644,0.8809999999999999,10
0.113,0.389,193987,0.47,0,6.29e-06,9,0.0824,-17.517,1,28,0.0495,165.554,0.537,4
0.28800000000000003,0.544,118480,0.919,0,0.779,1,0.368,-10.217,1,16,0.0386,95.103,0.926,6
0.0556,0.5489999999999999,204702,0.813,0,4.44e-06,5,0.207,-4.828,0,73,0.14800000000000002,151.813,0.544,0
0.265,0.696,245533,0.64,0,6.17e-05,9,0.196,-11.687,1,26,0.111,88.179,0.938,4
0.00123,0.36,245787,0.861,0,0.0217,9,0.126,-7.089,1,28,0.0493,155.121,0.721,4
0.474,0.6509999999999999,172803,0.574,0,0.713,10,0.0597,-11.999,0,0,0.104,99.878,0.412,10
0.969,0.52,148427,0.0322,0,0.0,10,0.124,-20.33,1,0,0.0689,86.665,0.502,7
0.939,0.424,196907,0.222,0,0.0943,9,0.183,-11.563,1,0,0.0345,122.776,0.307,7
0.993,0.64,193173,0.311,0,0.885,5,0.135,-13.265999999999998,1,0,0.042,113.929,0.8320000000000001,8
0.304,0.593,222947,0.848,0,0.000733,0,0.0858,-4.549,0,39,0.0438,178.459,0.969,2
0.991,0.307,79240,0.552,0,0.913,5,0.161,-13.047,1,0,0.0595,98.544,0.35,8
0.914,0.322,399747,0.136,0,9.65e-05,1,0.331,-16.186,1,12,0.0512,79.965,0.14300000000000002,6
0.88,0.691,129646,0.32299999999999995,0,0.00144,11,0.103,-10.814,1,23,0.0798,119.142,0.3670000000000001,6
0.181,0.487,382435,0.841,0,0.000469,7,0.116,-5.659,1,36,0.0912,125.018,0.406,5
0.157,0.4370000000000001,231653,0.8420000000000001,0,0.0,9,0.933,-7.802,1,42,0.0732,125.065,0.6579999999999999,5
0.8740000000000001,0.807,161773,0.308,0,0.865,7,0.0595,-16.531,1,1,0.0585,104.557,0.8859999999999999,9
0.996,0.309,128253,0.0317,0,0.923,8,0.0953,-29.876,0,0,0.0521,178.86900000000003,0.276,8
0.961,0.578,290907,0.261,0,0.861,0,0.0933,-14.307,0,8,0.0342,93.947,0.449,6
0.162,0.257,428467,0.421,0,0.0,9,0.952,-11.296,1,55,0.0389,199.21400000000003,0.53,3
0.0541,0.414,216147,0.578,0,0.0,8,0.124,-6.382999999999999,1,54,0.0287,154.96,0.281,2
0.7120000000000001,0.489,242280,0.327,0,0.0012,0,0.135,-12.523,1,55,0.0285,99.544,0.282,1
0.329,0.426,95333,0.523,0,9.88e-05,11,0.114,-14.036,0,43,0.0368,86.70100000000002,0.318,2
0.907,0.306,176173,0.14300000000000002,0,0.0,0,0.481,-15.992,1,0,0.0374,87.916,0.159,8
0.154,0.7070000000000001,325800,0.455,0,0.0968,11,0.0793,-9.666,0,32,0.0325,120.248,0.528,4
0.982,0.261,342999,0.242,0,0.913,1,0.0921,-21.326,1,0,0.0404,86.721,0.211,9
0.669,0.644,517587,0.4970000000000001,0,0.00231,8,0.0894,-9.877,1,40,0.0271,105.715,0.368,5
0.443,0.74,200347,0.723,1,0.0,11,0.149,-4.523,0,52,0.0716,82.01799999999999,0.919,1
0.8240000000000001,0.6629999999999999,134667,0.547,0,0.82,6,0.0924,-13.89,1,14,0.118,146.812,0.8420000000000001,6
0.925,0.575,93026,0.118,0,1.3699999999999998e-05,2,0.078,-19.742,1,0,0.637,78.52199999999998,0.391,8
0.93,0.5529999999999999,167288,0.362,0,0.0452,9,0.17800000000000002,-14.524,1,0,0.0616,65.703,0.7859999999999999,8
0.472,0.7829999999999999,238560,0.797,1,0.0,0,0.378,-5.332999999999998,0,42,0.267,104.895,0.722,2
0.181,0.52,213720,0.68,0,3.12e-06,6,0.197,-4.649,1,48,0.0291,75.953,0.536,1
0.7340000000000001,0.835,216427,0.228,0,0.0007440000000000001,8,0.142,-18.347,1,35,0.0325,101.524,0.91,4
0.865,0.581,66760,0.274,0,0.946,5,0.0884,-16.857,0,5,0.0432,121.231,0.897,7
0.909,0.5489999999999999,226347,0.14800000000000002,0,0.213,4,0.135,-16.769000000000002,0,8,0.0487,103.44,0.519,7
0.8740000000000001,0.436,118400,0.386,0,0.0,1,0.106,-9.064,0,48,0.041,131.25,0.6729999999999999,7
0.622,0.669,143290,0.35100000000000003,0,0.0,0,0.134,-9.592,1,32,0.145,88.30799999999998,0.7979999999999999,7
1.18e-05,0.371,38760,0.488,0,0.532,10,0.445,-24.646,0,48,0.691,187.599,0.106,3
0.706,0.767,105100,0.0892,1,0.0,11,0.568,-22.613000000000003,0,0,0.954,99.699,0.544,8
0.737,0.643,204000,0.254,0,0.0,5,0.342,-11.915,1,8,0.193,135.471,0.713,9
0.99,0.361,193720,0.0529,0,0.914,9,0.107,-25.591,0,16,0.0388,66.207,0.0876,7
0.00493,0.562,261920,0.825,0,0.000629,5,0.57,-5.794,1,56,0.0269,97.54,0.6940000000000001,2
0.893,0.363,113493,0.5670000000000001,0,0.0,10,0.922,-10.956,1,3,0.0646,129.655,0.856,9
0.778,0.863,153173,0.595,0,7.269999999999999e-05,5,0.0541,-6.942,1,35,0.0398,114.324,0.978,5
0.362,0.428,294640,0.603,0,0.000231,7,0.151,-6.972,1,55,0.0367,155.92700000000005,0.129,1
0.996,0.731,181173,0.233,0,0.967,1,0.146,-15.861,0,0,0.264,124.516,0.385,10
0.691,0.754,168554,0.54,0,7.509999999999998e-05,5,0.0868,-8.326,1,14,0.0266,101.738,0.79,7
0.993,0.327,192120,0.355,0,0.0419,5,0.328,-12.995,1,0,0.0342,105.106,0.345,9
0.996,0.5589999999999999,178760,0.0321,0,0.227,5,0.34700000000000003,-27.446,1,0,0.321,134.687,0.675,9
0.963,0.6709999999999999,197067,0.394,0,8.48e-06,3,0.0559,-6.0,1,2,0.0408,106.261,0.6559999999999999,9
0.145,0.6779999999999999,99996,0.141,1,1.39e-05,2,0.161,-21.092,1,0,0.895,98.46,0.535,8
0.996,0.508,164347,0.474,0,0.861,5,0.384,-13.117,1,0,0.0476,209.715,0.958,10
0.911,0.6970000000000001,170560,0.266,0,0.0,4,0.141,-12.459,1,41,0.0613,145.839,0.501,5
0.394,0.461,120707,0.95,0,0.0,5,0.328,-5.199,1,29,0.0641,148.30200000000005,0.8370000000000001,6
0.099,0.6579999999999999,387200,0.526,0,0.007109999999999998,1,0.044,-15.56,0,27,0.0299,127.915,0.573,4
0.156,0.667,206173,0.81,0,0.0,2,0.13699999999999998,-5.434,1,44,0.0285,145.969,0.727,3
0.595,0.392,324667,0.395,0,0.0,7,0.111,-6.379,1,63,0.0283,132.379,0.135,2
0.526,0.518,152387,0.611,0,0.0,11,0.141,-12.073,1,31,0.0909,165.299,0.962,4
0.6459999999999999,0.614,290093,0.481,0,5.27e-06,0,0.483,-10.869000000000002,1,24,0.0482,123.616,0.7120000000000001,5
0.7340000000000001,0.485,150027,0.6,0,0.0,4,0.109,-5.989,1,27,0.0341,119.086,0.364,6
0.7509999999999999,0.655,462560,0.304,0,0.0052,3,0.092,-15.005,1,47,0.0375,82.465,0.442,4
0.7090000000000001,0.5770000000000001,218440,0.313,0,0.0,4,0.14,-10.968,1,54,0.0385,96.922,0.422,3
0.542,0.629,314573,0.409,0,9.84e-06,8,0.146,-8.945,1,44,0.124,109.679,0.613,7
0.733,0.675,185693,0.166,0,0.179,8,0.113,-22.702,1,16,0.0328,106.915,0.6829999999999999,6
0.902,0.35,366160,0.399,0,0.6679999999999999,0,0.0707,-11.14,1,0,0.0386,142.53,0.417,8
0.654,0.313,126933,0.324,0,0.923,0,0.513,-10.297,1,27,0.0296,92.101,0.371,6
0.8109999999999999,0.359,164293,0.412,0,7.31e-06,4,0.329,-9.717,1,28,0.0292,111.106,0.332,3
0.8540000000000001,0.429,64933,0.14800000000000002,0,0.0,11,0.349,-15.097,1,54,0.0751,79.904,0.345,3
0.408,0.6920000000000001,264906,0.7190000000000001,1,0.0,9,0.0986,-5.3729999999999976,1,67,0.124,130.053,0.266,1
0.996,0.479,310027,0.0152,0,0.923,2,0.121,-24.096,0,0,0.0537,98.725,0.198,8
0.988,0.7809999999999999,185000,0.473,0,0.00364,6,0.928,-6.063,0,0,0.265,83.699,0.7170000000000001,9
0.637,0.399,139285,0.442,0,0.00392,7,0.353,-11.452,1,0,0.0501,200.648,0.84,8
0.695,0.76,260093,0.672,1,0.0,6,0.47,-8.631,1,39,0.414,139.514,0.7879999999999999,2
0.92,0.119,51267,0.0165,0,0.205,5,0.0947,-32.814,0,14,0.0417,85.939,0.0451,9
0.00383,0.258,224440,0.959,0,1.59e-05,7,0.217,-4.901,0,32,0.0595,156.026,0.43,4
0.0922,0.969,188118,0.604,1,0.0,4,0.105,-6.305,0,71,0.118,126.988,0.899,0
0.742,0.599,180533,0.66,0,0.0,0,0.222,-8.954,0,21,0.123,150.898,0.962,7
0.978,0.35,157173,0.114,0,0.00014099999999999998,1,0.34700000000000003,-18.13,1,4,0.0338,79.652,0.363,8
0.00774,0.338,291178,0.726,0,0.0821,9,0.16899999999999998,-6.8039999999999985,1,41,0.0317,85.397,0.157,5
0.107,0.579,200213,0.698,1,0.0,2,0.174,-5.7010000000000005,1,67,0.0827,165.071,0.302,1
0.0608,0.3720000000000001,312400,0.857,1,9.01e-05,5,0.187,-7.816,0,60,0.0461,146.08,0.389,4
0.927,0.556,172307,0.0643,0,2.37e-06,10,0.0991,-15.305,0,45,0.175,81.673,0.28300000000000003,9
0.701,0.551,147160,0.731,0,0.000202,0,0.0951,-5.612,1,7,0.147,200.968,0.92,7
0.835,0.6579999999999999,265907,0.416,0,0.0,6,0.122,-8.22,1,51,0.0416,119.941,0.273,3
0.5579999999999999,0.484,433107,0.635,0,0.0,0,0.366,-7.109,0,36,0.043,99.308,0.6729999999999999,7
0.996,0.249,267533,0.0905,0,0.926,10,0.0939,-17.755,0,0,0.0409,63.633,0.0791,10
0.215,0.392,228000,0.755,0,9.28e-05,5,0.0667,-6.3,1,27,0.122,188.873,0.636,6
0.758,0.504,492467,0.451,0,0.17800000000000002,3,0.123,-8.952,0,8,0.0351,133.27100000000002,0.508,7
0.000298,0.48,215000,0.955,0,0.0107,9,0.477,-3.702,1,61,0.0395,155.019,0.6579999999999999,1
0.912,0.601,180924,0.206,0,0.0,5,0.0615,-11.339,1,0,0.0463,93.554,0.422,8
0.732,0.72,100700,0.28600000000000003,0,0.0,5,0.292,-15.861,1,0,0.939,114.059,0.695,10
0.991,0.579,177587,0.384,0,0.251,3,0.0807,-6.995,1,0,0.0535,124.911,0.6679999999999999,9
0.8270000000000001,0.625,174440,0.219,0,6.48e-05,2,0.0833,-14.349,1,14,0.0339,110.224,0.447,6
0.6859999999999999,0.393,329800,0.277,0,0.00363,6,0.106,-14.286,1,38,0.0297,75.712,0.156,4
0.852,0.434,514533,0.297,0,0.861,0,0.711,-18.316,1,39,0.0347,82.867,0.364,6
0.634,0.596,175773,0.301,0,0.0,10,0.0924,-17.191,1,34,0.0806,148.17600000000004,0.35100000000000003,3
0.952,0.436,199760,0.419,0,0.223,2,0.255,-16.538,1,0,0.0464,158.109,0.944,7
0.197,0.292,205333,0.5670000000000001,0,0.852,4,0.0947,-9.487,0,42,0.0316,186.405,0.156,3
0.665,0.75,223200,0.7090000000000001,0,1.6800000000000002e-05,7,0.0473,-6.152,1,35,0.0372,97.049,0.939,5
0.644,0.242,354827,0.442,0,0.847,0,0.267,-11.463,1,0,0.063,113.57,0.101,7
0.973,0.5489999999999999,114000,0.0132,0,1.22e-06,7,0.0948,-18.086,1,15,0.0453,103.285,0.174,8
0.0385,0.5429999999999999,231773,0.926,0,0.0264,0,0.0788,-5.015,1,40,0.0544,122.659,0.494,4
0.995,0.477,134240,0.059,0,0.117,4,0.104,-14.222,0,0,0.0382,95.329,0.383,7
0.428,0.857,366307,0.488,1,2.82e-06,6,0.284,-11.457,1,55,0.407,92.102,0.621,3
0.0337,0.623,194430,0.6809999999999999,0,0.000111,7,0.0812,-6.0120000000000005,1,52,0.103,100.171,0.499,1
0.0008359999999999999,0.65,166867,0.868,0,1.6100000000000002e-05,5,0.245,-3.988,1,49,0.084,87.961,0.71,2
1.04e-05,0.224,249293,0.879,0,0.000478,10,0.098,-4.829,0,41,0.195,102.567,0.215,2
0.982,0.395,448360,0.263,0,0.344,3,0.28300000000000003,-13.45,1,0,0.0423,71.684,0.227,7
0.974,0.443,178040,0.0394,0,8.71e-05,9,0.112,-23.101,0,24,0.0413,83.367,0.161,5
0.182,0.736,204267,0.8759999999999999,0,0.007759999999999999,11,0.119,-5.894,0,53,0.0839,125.843,0.802,4
0.0554,0.6779999999999999,196200,0.659,0,0.591,7,0.134,-16.577,1,23,0.0468,119.729,0.804,5
0.723,0.182,170613,0.0627,0,0.843,5,0.184,-29.575,0,8,0.0379,67.809,0.037000000000000005,6
0.125,0.349,190107,0.6409999999999999,0,0.189,2,0.17,-10.159,1,13,0.0406,182.279,0.522,6
0.0676,0.7020000000000001,252267,0.6459999999999999,0,0.0154,4,0.103,-11.582,0,21,0.0319,114.299,0.777,4
0.0044,0.5670000000000001,314253,0.93,0,3.52e-05,11,0.173,-6.263,0,26,0.0956,132.19299999999998,0.47,4
0.992,0.581,293467,0.188,0,0.929,6,0.108,-19.81,1,0,0.0888,137.774,0.5429999999999999,9
0.0223,0.759,209733,0.716,0,0.0,11,0.231,-6.36,0,61,0.0818,105.009,0.469,1
5.18e-05,0.421,200800,0.938,0,0.0029100000000000003,11,0.124,-4.212,0,59,0.0522,156.79399999999995,0.4270000000000001,3
0.883,0.535,382653,0.174,0,0.913,7,0.107,-14.861,1,30,0.0313,74.328,0.134,4
0.00717,0.687,286653,0.858,0,0.401,11,0.13,-6.744,0,46,0.0276,121.135,0.931,2
0.597,0.509,246507,0.434,0,0.00922,4,0.753,-12.300999999999998,0,38,0.0299,124.866,0.34600000000000003,5
0.06,0.35100000000000003,294867,0.7509999999999999,0,0.0569,5,0.0924,-6.774,0,23,0.0479,173.77700000000004,0.602,5
0.479,0.584,147733,0.343,0,0.941,7,0.0846,-16.673,0,20,0.0402,108.011,0.805,6
0.116,0.495,196507,0.775,0,0.366,11,0.127,-8.241,0,57,0.0394,93.423,0.439,5
0.675,0.841,262733,0.598,0,0.000723,7,0.159,-6.884,1,42,0.0321,128.18,0.955,2
0.00624,0.422,117395,0.976,0,0.0,11,0.236,-4.694,1,35,0.0695,131.5,0.7490000000000001,4
0.135,0.512,201693,0.754,0,0.0,0,0.0881,-6.0310000000000015,1,78,0.0549,147.89,0.336,1
0.115,0.8220000000000001,235693,0.6859999999999999,0,0.000982,10,0.0463,-10.456,0,62,0.0472,117.743,0.828,4
0.0807,0.5710000000000001,229467,0.873,0,0.0,0,0.361,-3.382,0,60,0.0997,139.691,0.613,1
0.976,0.502,152827,0.378,0,0.838,8,0.14,-13.082,1,5,0.0578,203.258,0.873,9
0.929,0.32,135773,0.127,0,0.813,7,0.25,-15.953,0,34,0.0366,144.451,0.272,4
0.795,0.302,309773,0.515,0,0.904,2,0.079,-9.303,1,58,0.0414,150.285,0.111,1
0.249,0.642,243187,0.657,0,0.0,10,0.111,-5.246,1,63,0.0333,90.0,0.6579999999999999,1
0.969,0.469,197277,0.172,0,5.18e-05,2,0.37,-14.869000000000002,1,6,0.0449,80.58,0.517,9
0.994,0.574,160173,0.301,0,0.32,1,0.105,-12.348,1,0,0.0784,132.556,0.813,8
0.507,0.696,285863,0.218,0,0.0,7,0.104,-15.994000000000002,1,32,0.544,70.936,0.632,5
0.913,0.371,49402,0.0431,0,0.911,3,0.11,-34.335,0,31,0.0428,136.75,0.383,5
0.0215,0.486,210987,0.88,0,0.0,5,0.24,-3.097,0,62,0.0706,158.043,0.71,1
0.00748,0.86,257507,0.85,1,0.000893,1,0.264,-2.975,1,47,0.18,94.994,0.65,3
0.916,0.0999,356093,0.0707,0,0.909,0,0.2,-25.225,0,25,0.0394,85.27799999999998,0.0625,6
0.258,0.568,228533,0.596,0,0.0,4,0.336,-9.508,1,26,0.0499,82.286,0.602,5
0.123,0.7240000000000001,317333,0.696,0,0.0,1,0.106,-6.3260000000000005,1,64,0.201,93.607,0.433,2
0.992,0.32299999999999995,309813,0.0759,0,0.893,8,0.0947,-17.3,1,9,0.0428,169.953,0.0419,7
0.00585,0.544,221800,0.7809999999999999,0,0.0,6,0.191,-6.16,0,75,0.0311,144.075,0.527,1
0.657,0.339,419133,0.34,0,0.459,11,0.375,-14.377,1,56,0.0385,142.362,0.117,5
0.782,0.7070000000000001,174707,0.551,0,0.0,9,0.35700000000000004,-4.013,1,18,0.057,102.95,0.7190000000000001,7
0.0799,0.71,259120,0.917,0,1.95e-06,4,0.18,-5.275,0,32,0.0909,109.641,0.944,4
0.0918,0.525,235800,0.94,0,0.0292,11,0.251,-5.1960000000000015,1,31,0.0681,98.124,0.478,5
0.611,0.7290000000000001,199091,0.773,0,0.00106,0,0.287,-2.486,1,76,0.131,176.053,0.718,1
0.695,0.477,215040,0.447,0,0.000302,7,0.079,-11.894,1,26,0.0486,91.713,0.496,6
0.97,0.471,174602,0.473,0,0.802,2,0.82,-13.379,1,0,0.0872,87.787,0.947,7
0.0345,0.723,444120,0.7170000000000001,0,0.0558,3,0.0737,-10.437,0,27,0.0362,137.532,0.821,5
0.8059999999999999,0.532,192573,0.954,0,7.41e-05,9,0.196,-10.691,1,0,0.0754,159.6,0.424,9
0.8640000000000001,0.5920000000000001,276800,0.43,0,0.006520000000000001,3,0.128,-10.955,1,20,0.0352,100.169,0.851,7
0.125,0.53,225733,0.4920000000000001,0,1.88e-06,1,0.122,-11.305,1,54,0.0511,82.15799999999999,0.318,1
0.843,0.5539999999999999,174173,0.301,0,0.00268,7,0.101,-13.43,1,47,0.0325,113.384,0.563,6
0.906,0.0918,272240,0.349,0,0.0327,0,0.0681,-9.745,1,10,0.0329,195.808,0.146,6
0.737,0.535,255800,0.468,0,0.007859999999999999,11,0.598,-15.136,0,12,0.0499,126.226,0.8859999999999999,6
0.115,0.59,219134,0.6970000000000001,0,0.0030800000000000003,9,0.121,-6.973,1,59,0.0356,106.06,0.32299999999999995,1
0.963,0.335,678667,0.359,0,0.873,2,0.173,-16.847,0,0,0.0481,84.554,0.398,9
0.238,0.564,260267,0.446,0,8.599999999999999e-06,9,0.0627,-11.378,1,24,0.0315,108.231,0.276,4
0.394,0.401,149160,0.498,0,0.0,4,0.13,-10.682,1,62,0.0757,181.701,0.816,6
0.0188,0.575,259067,0.743,0,0.00105,7,0.046,-8.681000000000001,1,40,0.0404,139.41,0.794,4
0.5710000000000001,0.765,129600,0.327,1,0.0479,6,0.0787,-8.029,1,78,0.277,74.931,0.292,1
0.98,0.606,162267,0.0897,0,0.904,6,0.0882,-20.877,0,5,0.0339,113.576,0.35,7
0.901,0.725,356560,0.0496,0,0.016,0,0.097,-20.112,0,7,0.0593,121.836,0.415,7
0.915,0.442,296467,0.0534,0,0.0,10,0.106,-15.86,1,15,0.0365,99.428,0.171,7
0.401,0.8320000000000001,446013,0.7959999999999999,0,0.0187,11,0.0658,-6.136,0,36,0.125,110.181,0.925,5
0.256,0.505,357333,0.509,0,0.0,8,0.173,-10.163,1,23,0.112,145.547,0.878,7
0.895,0.589,196987,0.229,0,0.0016300000000000002,7,0.29,-8.879,1,12,0.0586,85.95,0.574,7
0.996,0.447,212893,0.0018,0,0.967,7,0.0741,-36.224,1,40,0.0533,82.992,0.227,4
0.0611,0.586,206893,0.7759999999999999,0,0.0577,8,0.28,-9.59,1,38,0.0525,80.04899999999998,0.7759999999999999,5
0.985,0.387,348240,0.0935,0,0.942,0,0.058,-19.301,1,0,0.0376,156.966,0.131,8
0.506,0.242,235627,0.384,0,0.654,9,0.207,-11.752,1,23,0.031,49.45,0.111,5
0.379,0.5329999999999999,329587,0.102,0,0.0,7,0.0511,-21.74,1,44,0.0456,119.788,0.19,5
0.994,0.333,178160,0.0642,0,0.906,11,0.147,-26.06900000000001,0,0,0.055,210.818,0.244,8
0.00123,0.499,145267,0.809,0,0.0,11,0.0707,-5.1320000000000014,1,50,0.206,176.11,0.8079999999999999,1
0.992,0.384,51293,0.108,0,0.902,10,0.108,-22.762,1,15,0.0499,95.084,0.233,8
0.645,0.0877,295219,0.0763,0,0.897,9,0.353,-23.986,1,50,0.0429,78.535,0.0509,2
0.498,0.447,327080,0.589,0,0.000458,8,0.0822,-9.435,1,31,0.0763,174.125,0.963,4
0.978,0.142,387093,0.0265,0,0.171,10,0.121,-22.224,0,3,0.0363,90.344,0.0358,7
0.455,0.505,306253,0.5429999999999999,0,0.0,5,0.256,-5.555,1,53,0.0441,80.066,0.326,1
0.183,0.86,235533,0.867,0,1.3800000000000007e-05,0,0.0583,-7.425,1,37,0.0438,118.827,0.964,4
0.247,0.447,137653,0.888,0,0.034,6,0.82,-9.892,0,37,0.175,146.235,0.679,5
0.0142,0.6579999999999999,349533,0.6940000000000001,0,0.843,1,0.5329999999999999,-7.225,1,26,0.0407,129.504,0.972,5
0.38,0.7020000000000001,213733,0.498,0,3.91e-05,9,0.279,-13.355,1,32,0.0275,107.302,0.841,4
0.253,0.7170000000000001,326907,0.561,0,0.000346,0,0.202,-8.414,1,24,0.0302,119.865,0.961,4
0.000553,0.328,167333,0.971,0,0.00175,2,0.334,-7.2010000000000005,1,29,0.0784,103.845,0.6679999999999999,3
0.0026,0.598,146133,0.754,1,0.0,7,0.261,-2.6860000000000004,1,52,0.0497,104.619,0.7709999999999999,1
0.888,0.687,380307,0.377,0,0.345,5,0.106,-14.38,1,3,0.0424,96.708,0.603,7
0.389,0.428,195960,0.482,0,1.98e-06,5,0.311,-11.589,1,29,0.0342,144.251,0.393,3
0.171,0.7959999999999999,343933,0.431,0,0.00811,7,0.0894,-10.3,1,58,0.214,94.875,0.667,3
0.767,0.209,297067,0.218,0,6.809999999999999e-05,6,0.0932,-15.977,1,35,0.0368,76.584,0.0603,4
0.128,0.565,183120,0.81,0,0.0,9,0.227,-9.102,1,26,0.0389,148.689,0.96,5
0.00032,0.441,327067,0.977,0,7.27e-06,2,0.0827,-7.529,1,47,0.0748,93.032,0.35200000000000004,4
0.00158,0.482,266680,0.935,0,0.0127,8,0.33,-6.299,0,36,0.0491,121.726,0.238,4
0.34,0.718,213040,0.454,0,0.0228,4,0.0814,-9.775,1,63,0.256,168.037,0.631,1
0.943,0.171,147027,0.228,0,0.85,0,0.114,-18.668,1,4,0.0381,82.507,0.0689,7
0.136,0.488,308760,0.65,0,0.006640000000000001,5,0.45,-12.261,1,46,0.0421,172.082,0.604,3
0.451,0.618,155707,0.491,0,0.0,0,0.197,-12.203,1,30,0.174,114.078,0.7979999999999999,4
0.0209,0.755,317933,0.7090000000000001,0,0.105,6,0.0339,-12.393,0,32,0.0336,124.062,0.969,5
0.0175,0.459,413867,0.165,0,0.000276,0,0.0895,-15.95,1,58,0.047,122.861,0.123,5
0.224,0.161,102267,0.836,0,0.0802,2,0.0926,-9.324,1,55,0.0519,193.782,0.487,3
0.939,0.344,228387,0.231,0,2.55e-05,5,0.0915,-16.934,1,3,0.0382,136.213,0.355,7
0.954,0.222,643040,0.14,0,0.903,9,0.0673,-18.557,1,0,0.0367,136.738,0.0863,7
0.993,0.226,252147,0.4,0,0.935,7,0.194,-15.666,0,28,0.0337,86.42,0.0623,5
0.969,0.468,274707,0.139,0,1.37e-06,3,0.127,-13.189,0,21,0.0777,80.49,0.368,6
0.762,0.574,151159,0.407,0,0.000364,5,0.154,-11.21,1,14,0.0323,129.518,0.835,6
0.98,0.462,256867,0.377,0,0.00216,1,0.116,-10.725,1,15,0.0492,118.891,0.59,9
0.00728,0.219,67293,0.922,1,0.00636,9,0.183,-10.731,1,41,0.07400000000000001,168.363,0.0968,4
0.429,0.777,302187,0.654,0,0.0,2,0.105,-7.332999999999997,1,47,0.0336,124.009,0.515,2
0.873,0.804,47267,0.18,0,0.0,7,0.388,-20.941,0,5,0.908,117.322,0.221,7
0.995,0.509,97867,0.185,0,0.934,7,0.188,-25.386,1,1,0.0652,122.138,0.928,8
0.946,0.359,247000,0.162,0,0.0494,7,0.299,-16.229,1,0,0.0379,151.16,0.393,8
0.000482,0.613,349493,0.866,0,0.000164,7,0.354,-4.7189999999999985,0,23,0.0319,100.22,0.3720000000000001,4
0.023,0.312,503653,0.48,0,0.00539,4,0.13699999999999998,-8.625,0,19,0.0293,113.993,0.199,6
0.151,0.267,254960,0.627,0,0.0,2,0.6509999999999999,-7.218,1,45,0.0304,174.546,0.583,5
0.454,0.417,217800,0.339,0,2.26e-05,10,0.135,-13.487,1,63,0.0819,165.451,0.7190000000000001,5
0.69,0.6609999999999999,178427,0.14400000000000002,0,0.0,9,0.0825,-11.33,0,35,0.059,120.75,0.465,3
0.0827,0.5539999999999999,269116,0.667,0,0.132,11,0.154,-8.927999999999997,0,24,0.0406,144.58700000000005,0.21600000000000005,5
0.006790000000000001,0.4920000000000001,284933,0.884,0,2.1e-06,4,0.101,-5.131,1,39,0.0335,155.034,0.6759999999999999,3
0.757,0.551,151933,0.234,0,0.0,0,0.08800000000000001,-11.175,0,9,0.08199999999999999,82.73899999999998,0.482,7
0.006809999999999999,0.399,256493,0.747,0,0.0032700000000000003,4,0.205,-5.472,0,54,0.031,150.053,0.278,2
0.931,0.64,201933,0.337,0,0.0,0,0.482,-14.062,1,0,0.416,112.212,0.588,8
0.274,0.649,264098,0.478,1,0.0,7,0.17600000000000002,-7.502999999999999,0,72,0.0481,99.967,0.151,1
0.992,0.589,192079,0.227,0,0.598,0,0.16899999999999998,-15.095999999999998,0,0,0.233,104.621,0.462,9
0.877,0.5479999999999999,164133,0.308,0,0.00273,8,0.0598,-8.523,1,3,0.0426,145.748,0.616,9
0.862,0.691,203187,0.122,0,0.0,7,0.092,-21.042,1,22,0.0504,131.132,0.7,6
0.92,0.318,160227,0.345,0,0.079,8,0.722,-9.16,1,0,0.0415,81.025,0.5329999999999999,7
0.929,0.3670000000000001,171627,0.498,0,0.00225,3,0.261,-8.638,1,2,0.0498,85.381,0.716,8
0.334,0.723,185400,0.83,0,4.23e-05,11,0.0931,-7.1229999999999976,0,2,0.0454,106.027,0.5820000000000001,0
0.98,0.777,186485,0.329,0,0.0234,0,0.149,-8.118,1,0,0.16,91.202,0.789,8
0.208,0.799,259107,0.83,0,0.77,4,0.0997,-7.107,0,46,0.0364,105.999,0.667,2
0.0881,0.468,373693,0.674,0,0.00518,5,0.13,-8.794,1,33,0.0402,89.14399999999998,0.7490000000000001,5
0.374,0.624,261000,0.276,1,0.0,6,0.542,-18.156,1,0,0.928,67.04899999999999,0.77,10
0.81,0.655,90947,0.605,0,0.00132,9,0.116,-10.258,1,14,0.055,151.624,0.872,6
0.609,0.721,109397,0.0761,1,0.0,1,0.293,-21.51,1,0,0.95,122.754,0.733,8
0.905,0.561,169093,0.257,0,1.27e-05,7,0.199,-16.601,0,26,0.0596,122.616,0.931,7
3.9e-05,0.263,246947,0.853,1,0.362,0,0.0839,-4.532,1,54,0.0727,120.982,0.355,1
0.983,0.534,305333,0.196,0,0.898,7,0.0852,-17.730999999999995,1,25,0.0771,140.539,0.14300000000000002,6
0.297,0.752,201661,0.488,1,9.11e-06,6,0.0936,-7.05,1,76,0.0705,136.041,0.5329999999999999,0
0.76,0.715,117311,0.252,1,0.0,2,0.321,-18.018,0,0,0.787,124.41,0.521,7
0.422,0.4320000000000001,173400,0.471,0,0.0,3,0.141,-12.26,1,45,0.0473,203.27,0.7829999999999999,2
0.889,0.693,159720,0.27,0,0.895,7,0.098,-16.112000000000002,0,17,0.0489,143.991,0.705,7
0.858,0.7090000000000001,235319,0.199,0,0.00478,1,0.18600000000000005,-8.079,1,6,0.0325,86.631,0.606,7
0.14400000000000002,0.665,437144,0.937,0,0.349,9,0.0554,-4.385,0,0,0.048,123.029,0.585,10
0.0246,0.75,160305,0.8909999999999999,0,6.24e-06,9,0.057,-3.751,1,57,0.226,128.076,0.5529999999999999,1
0.989,0.471,177987,0.114,0,5.27e-05,10,0.102,-14.328,0,0,0.0276,66.878,0.25,8
0.858,0.473,229893,0.0926,0,0.0016600000000000002,10,0.107,-24.898000000000003,0,17,0.0291,104.496,0.301,6
0.995,0.551,81921,0.0187,0,0.964,0,0.141,-18.258,1,52,0.157,133.782,0.603,2
0.0503,0.6859999999999999,178560,0.885,0,0.0,0,0.147,-4.754,1,55,0.0377,120.066,0.616,1
0.485,0.608,153400,0.764,0,0.000126,5,0.273,-10.216,1,14,0.0405,154.737,0.966,6
0.000684,0.607,231173,0.784,1,0.0,7,0.0678,-4.41,1,66,0.0397,113.172,0.442,2
0.00207,0.598,161747,0.682,0,0.927,0,0.076,-7.158,1,15,0.0391,115.697,0.368,6
0.993,0.565,195966,0.214,0,0.0118,10,0.253,-7.797999999999999,0,0,0.131,138.942,0.376,9
0.00869,0.578,318427,0.8420000000000001,0,0.00331,4,0.102,-6.933,1,36,0.0288,89.756,0.715,3
5.21e-05,0.555,190333,0.984,0,0.355,2,0.0366,-4.232,1,36,0.105,87.663,0.421,3
0.96,0.732,215120,0.215,0,0.0,7,0.111,-13.048,1,2,0.0558,83.52799999999998,0.59,7
0.207,0.575,277867,0.463,0,0.894,0,0.126,-10.986,0,45,0.0242,93.026,0.279,3
0.6509999999999999,0.665,286067,0.37,0,0.000315,2,0.073,-16.651,1,55,0.035,122.997,0.519,4
0.7709999999999999,0.428,167453,0.115,0,2.67e-05,1,0.0516,-17.311,0,27,0.0306,91.69,0.331,6
0.564,0.6940000000000001,137533,0.7190000000000001,0,2.23e-06,3,0.0806,-7.715,1,47,0.0368,118.13,0.95,2
0.329,0.493,201747,0.481,0,0.00662,10,0.253,-10.514,1,23,0.0441,78.89,0.355,6
0.7490000000000001,0.5870000000000001,227787,0.34600000000000003,0,0.0,1,0.0413,-10.993,1,12,0.101,140.109,0.607,7
0.971,0.5479999999999999,150216,0.359,0,0.0183,0,0.338,-13.112,1,0,0.0648,70.418,0.69,8
0.17800000000000002,0.6829999999999999,222267,0.755,0,0.0015,9,0.662,-11.826,1,33,0.047,117.98,0.647,4
0.0541,0.607,207507,0.82,0,6.8e-05,11,0.269,-7.754,1,68,0.0597,126.988,0.768,2
0.599,0.51,290373,0.589,0,0.0129,0,0.674,-10.474,1,22,0.098,168.35,0.584,6
0.991,0.306,227933,0.0307,0,0.851,10,0.0953,-31.268,0,3,0.0349,100.378,0.073,8
0.029,0.413,40933,0.976,0,0.0,9,0.294,-8.542,1,21,0.11,87.415,0.524,4
0.815,0.529,180053,0.168,0,0.00031,10,0.0827,-11.32,1,29,0.0394,101.227,0.46,6
0.0455,0.935,236819,0.472,1,0.0,3,0.19,-9.304,0,72,0.0575,130.041,0.659,0
0.921,0.256,183240,0.17600000000000002,0,1.92e-06,3,0.0891,-11.014,1,17,0.0363,175.418,0.391,6
0.672,0.612,179520,0.171,0,9.06e-05,9,0.08,-11.112,1,0,0.0377,119.058,0.598,7
0.0309,0.52,480467,0.506,0,0.0202,7,0.053,-13.308,1,51,0.0321,117.037,0.307,5
0.97,0.314,253927,0.207,0,0.0046,0,0.0823,-14.707,1,54,0.0314,76.529,0.0524,1
0.929,0.522,211680,0.173,0,0.00203,7,0.108,-14.027,1,54,0.0317,133.563,0.511,1
0.39,0.502,150293,0.312,0,0.061,11,0.168,-9.909,1,30,0.0421,128.566,0.109,6
0.0016699999999999998,0.431,246410,0.8029999999999999,0,0.0,4,0.331,-4.459,1,51,0.0364,147.048,0.309,2
0.8170000000000001,0.654,121707,0.403,0,0.0,4,0.163,-9.679,1,25,0.0388,109.356,0.862,6
0.5,0.7340000000000001,123507,0.448,0,0.478,0,0.0988,-13.936,1,30,0.0503,130.031,0.894,6
0.0734,0.782,258252,0.733,0,0.0,4,0.691,-5.675,0,33,0.0614,91.036,0.579,3
0.00112,0.624,216733,0.904,0,0.0231,4,0.604,-4.774,1,54,0.0479,130.153,0.649,2
0.579,0.736,194867,0.354,0,0.0103,1,0.0757,-14.709,1,62,0.0475,97.924,0.62,5
0.000193,0.455,172368,0.919,0,2.18e-06,3,0.6779999999999999,-5.143,1,40,0.0533,141.102,0.457,3
0.741,0.465,168160,0.392,0,0.0,7,0.142,-13.171,1,28,0.0534,101.452,0.5579999999999999,6
0.0268,0.812,147560,0.742,1,0.0,4,0.394,-8.192,0,36,0.301,101.138,0.401,3
0.758,0.64,169907,0.416,0,0.0,0,0.446,-11.458,1,8,0.0323,124.825,0.769,7
0.825,0.527,240507,0.329,0,0.0,9,0.335,-8.83,1,44,0.0291,104.977,0.128,1
0.000164,0.38,341840,0.981,0,0.7659999999999999,6,0.0895,-4.544,0,31,0.153,104.351,0.324,3
0.75,0.536,224947,0.574,1,0.00277,7,0.105,-6.705,1,74,0.0254,87.194,0.877,1
0.518,0.625,166867,0.433,0,0.0,3,0.36,-11.944,0,24,0.333,164.58,0.743,7
0.996,0.627,161080,0.255,0,0.919,1,0.358,-13.333,1,0,0.0739,111.645,0.489,10
0.273,0.7140000000000001,164093,0.721,0,0.24,9,0.174,-5.049,1,60,0.0805,82.925,0.419,2
0.753,0.435,391427,0.41,0,2.58e-06,4,0.0737,-14.628,1,48,0.16399999999999998,87.16799999999998,0.7559999999999999,2
0.877,0.679,156920,0.377,0,0.000292,3,0.238,-8.437999999999999,1,41,0.0685,132.137,0.954,2
0.96,0.85,207667,0.134,0,0.00745,10,0.0997,-15.275,1,0,0.0543,109.093,0.787,7
0.365,0.515,141693,0.5920000000000001,0,0.0,7,0.19,-9.867,1,29,0.285,167.58599999999996,0.953,5
0.905,0.607,219493,0.116,0,0.0,5,0.526,-15.649,1,18,0.0825,144.517,0.722,7
0.752,0.672,173453,0.594,0,0.0358,6,0.915,-11.999,0,29,0.0346,127.965,0.614,4
0.0283,0.866,269800,0.6920000000000001,0,0.277,3,0.0977,-4.855,0,46,0.0493,125.003,0.494,1
0.92,0.774,192240,0.569,0,0.6609999999999999,7,0.0557,-7.551,0,8,0.057,111.061,0.963,9
0.931,0.211,180333,0.062,0,0.6759999999999999,3,0.103,-26.073,1,35,0.0428,86.714,0.118,3
0.0486,0.622,147800,0.7829999999999999,0,0.00105,4,0.615,-10.336,1,50,0.0372,111.609,0.6629999999999999,3
0.0186,0.617,256133,0.862,0,0.0,2,0.161,-6.356,1,51,0.0337,101.971,0.769,1
0.737,0.484,159295,0.282,0,0.713,0,0.387,-9.083,1,0,0.0608,96.577,0.652,7
0.0006730000000000001,0.589,168533,0.797,0,0.0,1,0.0246,-4.213,1,58,0.173,174.03900000000004,0.787,2
0.0171,0.58,195667,0.981,0,1.07e-05,8,0.386,-2.603,0,46,0.06,134.007,0.861,2
0.0543,0.468,296787,0.967,0,0.675,2,0.106,-9.373,1,24,0.0498,136.257,0.205,4
0.8340000000000001,0.28600000000000003,263827,0.411,0,0.0,4,0.132,-4.94,0,53,0.0315,164.1,0.0703,1
0.938,0.0767,340400,0.0223,0,0.848,7,0.0998,-27.684,1,58,0.0372,79.803,0.0479,3
0.253,0.48,296267,0.417,0,2.45e-05,0,0.155,-8.743,1,38,0.0283,145.637,0.366,2
0.727,0.28300000000000003,377907,0.421,0,9.45e-05,2,0.33,-8.112,1,42,0.0305,92.545,0.151,3
0.825,0.389,266640,0.287,0,0.000118,3,0.0864,-11.699000000000002,0,24,0.0344,97.343,0.601,7
0.338,0.795,232120,0.485,0,0.0,7,0.0307,-7.529,1,32,0.201,135.25,0.645,4
0.892,0.605,140333,0.424,0,0.000118,4,0.215,-9.91,1,37,0.087,135.488,0.919,4
0.96,0.675,253498,0.37,0,0.428,1,0.335,-9.568,1,0,0.258,157.615,0.93,8
0.59,0.463,304440,0.416,0,0.0,10,0.341,-12.556,0,39,0.145,78.632,0.601,6
0.993,0.597,84280,0.00446,0,0.885,8,0.0915,-19.658,1,0,0.278,78.834,0.16699999999999998,10
0.365,0.6920000000000001,172000,0.679,0,0.0,4,0.5529999999999999,-8.238999999999999,1,27,0.0351,125.266,0.851,5
0.888,0.36,224467,0.103,0,0.0,0,0.244,-17.919,1,22,0.0338,128.579,0.17600000000000002,4
0.284,0.276,247533,0.416,0,0.0012,6,0.128,-16.827,0,28,0.0616,186.671,0.385,4
0.73,0.705,169653,0.6729999999999999,0,0.0133,10,0.0887,-12.392,1,23,0.0329,111.496,0.97,5
0.8059999999999999,0.595,231027,0.573,0,0.0247,2,0.222,-11.149,1,12,0.0395,80.977,0.648,6
0.992,0.326,220680,0.142,0,0.899,2,0.119,-25.217,1,23,0.0449,92.498,0.7190000000000001,7
0.00615,0.8140000000000001,131693,0.718,0,0.933,10,0.104,-11.228,0,36,0.0852,107.236,0.5920000000000001,5
0.8390000000000001,0.386,251200,0.0738,0,0.947,2,0.155,-19.369,1,60,0.0433,142.499,0.172,2
0.364,0.7190000000000001,196341,0.44,0,0.0,6,0.163,-6.266,0,67,0.166,133.013,0.505,1
0.988,0.3720000000000001,254000,0.0832,0,0.951,1,0.115,-25.44400000000001,1,3,0.0335,133.575,0.168,9
0.0467,0.812,182139,0.628,1,1.65e-06,10,0.226,-6.127999999999999,0,71,0.0327,121.99,0.506,0
0.903,0.748,183467,0.502,0,0.000123,2,0.21600000000000005,-7.657,1,7,0.0457,118.091,0.939,6
0.993,0.338,48493,0.297,0,0.928,2,0.265,-16.002,1,8,0.037000000000000005,126.24,0.97,7
0.179,0.575,250200,0.696,0,0.00114,0,0.315,-10.01,1,52,0.12,86.304,0.6459999999999999,5
0.8390000000000001,0.5529999999999999,114277,0.545,0,0.0,0,0.061,-8.299,1,61,0.0867,77.332,0.943,1
0.523,0.8170000000000001,186720,0.305,0,0.0,9,0.0325,-10.975,1,63,0.07,108.358,0.809,4
0.769,0.764,291207,0.294,0,0.0,2,0.136,-13.47,1,49,0.0659,121.932,0.733,5
0.00487,0.446,197933,0.947,0,1.3800000000000007e-05,1,0.0385,-2.983,0,49,0.1,173.625,0.653,2
0.948,0.185,294213,0.151,0,0.906,4,0.106,-16.430999999999994,0,0,0.0389,114.663,0.0398,9
0.8390000000000001,0.648,347453,0.277,0,0.851,5,0.0834,-15.763,1,15,0.0319,107.462,0.607,6
0.404,0.426,257693,0.634,0,0.00356,4,0.222,-7.1160000000000005,1,53,0.0341,98.925,0.284,1
0.00128,0.4270000000000001,328453,0.892,0,0.0,2,0.236,-5.377000000000002,1,40,0.041,126.434,0.5379999999999999,4
0.746,0.381,154015,0.7809999999999999,0,0.0006349999999999999,11,0.109,-10.159,0,27,0.136,111.029,0.487,6
0.677,0.7440000000000001,273200,0.763,0,0.628,0,0.153,-10.399,1,46,0.0643,101.838,0.963,4
0.365,0.6759999999999999,311800,0.537,0,0.0,11,0.0945,-12.622,0,26,0.101,98.933,0.61,4
0.396,0.626,95310,0.132,1,0.0,7,0.35200000000000004,-17.965,1,0,0.935,177.375,0.79,9
0.917,0.632,182933,0.385,0,0.6779999999999999,10,0.0911,-10.117,1,16,0.0547,154.483,0.8059999999999999,7
0.802,0.311,308680,0.305,0,0.0,3,0.0738,-13.333,1,37,0.0332,65.142,0.393,3
0.328,0.77,194387,0.599,0,1.24e-06,3,0.0303,-9.312,1,33,0.0539,101.523,0.914,3
0.517,0.65,164360,0.674,0,0.000197,8,0.398,-12.587,1,27,0.0614,157.91299999999995,0.8059999999999999,4
0.00165,0.619,211933,0.67,0,0.0109,11,0.331,-10.322,0,72,0.0353,129.269,0.777,3
0.227,0.462,264453,0.915,0,0.000212,9,0.063,-4.39,1,25,0.0309,141.511,0.585,5
0.7559999999999999,0.72,234427,0.48,0,0.0,9,0.326,-9.588,1,31,0.039,95.523,0.773,5
0.382,0.5,277653,0.446,0,4.83e-06,0,0.159,-7.7,0,53,0.0338,86.425,0.154,1
0.951,0.318,262107,0.251,0,0.000519,0,0.18,-12.880999999999998,1,3,0.0396,86.053,0.108,8
0.996,0.38,107200,0.0062,0,0.916,7,0.119,-29.958,1,2,0.0596,82.712,0.0679,8
0.244,0.72,270200,0.635,0,5.14e-06,9,0.119,-5.9289999999999985,0,50,0.0403,93.001,0.484,2
0.045,0.579,123640,0.389,0,0.0,5,0.247,-15.274,1,34,0.0383,116.29,0.936,5
0.015,0.486,271040,0.933,0,0.00609,9,0.213,-7.187,1,38,0.044,94.866,0.504,3
0.955,0.583,184627,0.349,0,0.672,0,0.268,-14.568,1,16,0.0458,105.227,0.785,7
0.8740000000000001,0.6459999999999999,215587,0.674,0,0.0168,7,0.34,-7.461,1,38,0.0458,110.96,0.601,2
0.943,0.605,188093,0.018000000000000002,0,0.243,6,0.0938,-22.202,1,17,0.0792,119.454,0.142,6
0.205,0.659,212347,0.526,0,9.05e-06,4,0.622,-14.61,1,30,0.0493,109.15,0.7190000000000001,4
0.878,0.521,190067,0.0897,0,0.0,4,0.117,-15.321,1,44,0.0541,133.702,0.34700000000000003,5
0.415,0.58,211600,0.7509999999999999,0,0.0,8,0.0663,-4.307,1,35,0.0275,135.05,0.763,4
0.182,0.297,241627,0.451,0,1.64e-06,9,0.0596,-7.175,1,60,0.0291,173.442,0.293,5
0.91,0.156,594973,0.0894,0,0.8959999999999999,10,0.0902,-19.96,0,1,0.0457,107.871,0.0292,9
0.989,0.424,166587,0.28300000000000003,0,0.968,6,0.289,-15.550999999999998,1,0,0.0509,138.19,0.444,10
0.0005650000000000001,0.696,309307,0.555,1,0.0,0,0.107,-4.323,1,48,0.101,77.484,0.134,2
0.994,0.539,154893,0.165,0,0.0201,9,0.117,-18.598,0,0,0.0655,93.494,0.614,10
0.214,0.5710000000000001,164693,0.765,0,0.0002,7,0.6409999999999999,-10.712,1,21,0.0386,137.58,0.961,6
0.952,0.213,150453,0.0851,0,0.919,8,0.141,-23.949,1,9,0.0404,67.633,0.108,6
0.408,0.338,245203,0.447,0,0.0,7,0.402,-11.091,1,55,0.0411,79.005,0.326,2
0.0173,0.83,284733,0.5589999999999999,0,4.85e-05,10,0.189,-14.609000000000002,0,41,0.132,109.34,0.877,4
0.989,0.416,193560,0.204,0,0.000175,10,0.103,-12.435,1,0,0.0623,81.26899999999998,0.33,8
0.885,0.154,93560,0.312,0,0.0193,2,0.394,-14.337,1,20,0.0341,85.555,0.0662,6
0.777,0.57,202280,0.555,0,6.8e-05,10,0.0812,-4.584,1,0,0.0419,134.545,0.662,8
0.00907,0.405,387267,0.894,0,0.00035,2,0.13,-7.51,0,52,0.0434,119.676,0.295,3
0.547,0.73,172040,0.477,0,0.000175,2,0.35700000000000004,-12.225,1,2,0.033,89.87200000000001,0.493,8
0.888,0.16,130467,0.184,0,7.84e-06,5,0.108,-14.628,1,20,0.0404,176.593,0.0975,6
0.932,0.235,287000,0.387,0,0.7609999999999999,0,0.29100000000000004,-9.146,1,1,0.0287,93.493,0.0738,7
0.00178,0.5660000000000001,170187,0.918,0,0.0,9,0.0922,-4.45,1,46,0.0526,137.22,0.585,2
0.000371,0.166,243733,0.988,0,0.000353,9,0.16699999999999998,-2.988,0,43,0.23,183.498,0.487,1
0.0867,0.489,409933,0.715,0,0.937,8,0.205,-13.071,1,24,0.0469,97.507,0.8270000000000001,4
0.131,0.909,266760,0.8220000000000001,0,0.0,9,0.0481,-4.931,0,50,0.21600000000000005,96.996,0.79,2
0.107,0.5539999999999999,267427,0.888,0,0.0,0,0.29100000000000004,-6.664,1,56,0.087,126.701,0.82,4
0.7559999999999999,0.5489999999999999,225920,0.413,0,0.0,4,0.0939,-5.5870000000000015,1,71,0.0362,139.981,0.29,1
0.6709999999999999,0.573,305440,0.402,0,0.0,1,0.8059999999999999,-12.630999999999998,0,26,0.11,82.49,0.5429999999999999,4
0.308,0.696,246880,0.5429999999999999,0,0.0,11,0.0939,-6.164,1,78,0.0489,107.969,0.479,1
0.83,0.5329999999999999,139400,0.0256,0,0.833,2,0.109,-26.904,0,13,0.0321,79.874,0.108,7
0.0517,0.599,268027,0.865,0,2.43e-06,9,0.248,-6.0070000000000014,1,28,0.0464,110.92,0.5329999999999999,4
0.987,0.245,519787,0.179,0,0.8759999999999999,5,0.108,-19.381,0,0,0.0395,75.002,0.0467,8
0.619,0.468,166147,0.7559999999999999,0,0.956,0,0.319,-7.37,1,17,0.0969,124.191,0.718,6
0.508,0.627,194333,0.812,0,1.04e-05,7,0.742,-10.164,1,34,0.0351,134.006,0.897,5
0.135,0.698,176959,0.5720000000000001,1,0.0,2,0.154,-7.735,1,0,0.198,71.446,0.391,0
0.883,0.578,84024,0.172,0,3.32e-06,1,0.401,-13.684,1,59,0.35,138.717,0.424,1
0.917,0.555,171573,0.34600000000000003,0,0.0,2,0.802,-19.16,1,12,0.899,129.224,0.394,6
0.49,0.6609999999999999,201320,0.473,0,1.01e-05,5,0.0906,-7.291,1,35,0.063,114.956,0.966,2
0.207,0.381,213440,0.335,0,0.08800000000000001,2,0.1,-12.797,1,52,0.0362,83.792,0.259,5
0.00742,0.596,281960,0.8959999999999999,0,0.00057,0,0.3720000000000001,-4.635,1,64,0.0382,115.092,0.456,4
0.92,0.062,331627,0.0217,0,0.969,3,0.0849,-27.085,1,30,0.0475,68.53699999999999,0.035,3
0.175,0.637,212573,0.595,0,0.0,5,0.0653,-7.377999999999999,1,48,0.0321,113.682,0.634,4
0.185,0.687,220606,0.67,1,0.0,0,0.104,-3.3310000000000004,1,68,0.0444,134.972,0.7340000000000001,0
0.43,0.794,319307,0.7979999999999999,0,1.15e-05,8,0.114,-5.6389999999999985,1,66,0.0366,100.338,0.265,3
0.00321,0.583,294720,0.792,0,4.92e-05,1,0.315,-5.894,1,64,0.0533,80.055,0.397,2
5.39e-06,0.3670000000000001,211440,0.981,0,0.0461,11,0.0822,-5.1,0,55,0.128,165.21,0.205,3
0.0596,0.105,570203,0.951,0,0.91,11,0.882,-24.641,0,59,0.0623,91.487,0.00812,1
0.3670000000000001,0.545,192707,0.659,0,0.00111,1,0.415,-8.18,1,51,0.0394,108.04,0.599,1
0.6,0.619,97000,0.301,0,0.0,6,0.129,-21.276,1,0,0.956,79.141,0.6459999999999999,9
0.989,0.618,112520,0.664,0,3.58e-06,6,0.25,-9.178,1,2,0.479,114.223,0.45,8
0.993,0.42,400707,0.166,0,0.92,4,0.0794,-17.952,1,0,0.0383,116.172,0.132,7
0.0034,0.383,111293,0.7390000000000001,0,0.218,9,0.1,-6.841,1,49,0.0345,92.879,0.306,3
0.232,0.561,207747,0.6729999999999999,0,0.0,7,0.0829,-4.186,1,61,0.0278,95.989,0.326,1
0.852,0.282,153573,0.294,0,0.000238,1,0.29100000000000004,-11.601,1,19,0.0345,104.364,0.112,6
0.00253,0.472,243613,0.936,0,9.97e-06,7,0.0867,-6.1229999999999976,1,52,0.064,97.934,0.556,4
0.0347,0.648,181827,0.9,0,2.87e-06,2,0.205,-7.0120000000000005,1,21,0.054000000000000006,98.189,0.708,5
0.0303,0.6609999999999999,157573,0.75,0,0.000132,7,0.0846,-5.497000000000001,1,61,0.0314,130.077,0.828,1
0.977,0.231,509733,0.218,0,0.00477,1,0.0754,-14.890999999999998,1,0,0.0411,94.561,0.0394,8
0.384,0.779,256116,0.444,0,0.00517,10,0.0571,-14.615,1,31,0.0362,95.577,0.894,5
0.399,0.455,291400,0.13,0,1.05e-05,0,0.103,-16.808,1,33,0.0318,141.929,0.3670000000000001,5
0.84,0.6809999999999999,154827,0.383,0,3.96e-06,0,0.0271,-6.322,1,14,0.0614,116.051,0.607,7
0.825,0.493,192467,0.181,0,0.0,0,0.708,-12.599,0,12,0.199,180.927,0.468,7
0.974,0.214,962613,0.258,0,0.0511,2,0.292,-12.858,1,0,0.0304,93.495,0.146,7
0.513,0.718,218693,0.341,0,0.943,8,0.126,-10.771,1,54,0.106,159.054,0.487,1
0.8540000000000001,0.5710000000000001,220573,0.25,0,1.5399999999999998e-05,8,0.114,-8.638,1,29,0.0249,85.432,0.481,5
0.00323,0.241,232200,0.946,0,0.0199,1,0.097,-9.256,1,33,0.0456,182.007,0.32,3
0.534,0.895,118302,0.109,0,0.5489999999999999,0,0.106,-13.853,0,74,0.0996,134.067,0.546,1
0.996,0.318,149213,0.339,0,0.985,0,0.21,-15.183,1,0,0.0618,219.461,0.835,10
0.000489,0.428,245187,0.965,0,1.67e-05,7,0.308,-4.58,1,32,0.0674,77.624,0.512,4
0.85,0.488,154703,0.197,0,0.0,5,0.134,-8.715,1,42,0.0322,82.185,0.375,3
0.236,0.413,175307,0.6,0,0.0,3,0.0457,-9.096,1,54,0.0412,204.692,0.725,5
0.988,0.626,157600,0.375,0,0.24,4,0.135,-7.572999999999999,0,0,0.0709,128.533,0.65,9
0.971,0.58,214440,0.294,0,0.0020800000000000003,7,0.11,-12.991,1,0,0.0554,140.912,0.611,7
0.383,0.45,229121,0.6890000000000001,0,0.011,5,0.273,-6.194,0,55,0.0423,206.575,0.344,1
0.0661,0.5329999999999999,317231,0.782,0,5.24e-06,8,0.0602,-5.147,1,41,0.0274,148.18200000000004,0.74,2
0.124,0.655,365693,0.7709999999999999,0,0.509,9,0.0811,-7.3210000000000015,0,44,0.0517,99.567,0.398,5
0.726,0.6,227493,0.3720000000000001,0,0.59,0,0.154,-10.477,1,62,0.0256,79.705,0.5529999999999999,2
0.0041600000000000005,0.408,164613,0.727,0,0.000572,10,0.17800000000000002,-14.765,1,31,0.0402,149.694,0.7659999999999999,4
0.371,0.639,229693,0.466,0,0.0,4,0.206,-14.134,0,0,0.0362,131.672,0.501,9
0.912,0.328,224387,0.128,0,0.00057,5,0.196,-17.539,1,16,0.0358,111.42,0.0842,7
0.988,0.784,326104,0.103,0,0.922,5,0.106,-18.936,0,4,0.0733,122.973,0.508,7
0.963,0.341,946400,0.247,0,0.763,9,0.232,-16.986,1,29,0.0457,77.208,0.0994,4
0.684,0.355,247360,0.546,0,0.343,5,0.0732,-13.01,1,9,0.0816,138.376,0.166,6
0.964,0.349,350867,0.15,0,0.861,9,0.153,-20.893,1,0,0.0475,82.01700000000002,0.0787,7
0.634,0.7440000000000001,135160,0.455,0,0.0,8,0.0526,-7.542999999999997,1,49,0.0366,75.281,0.905,6
0.00306,0.536,266729,0.812,0,0.000455,4,0.116,-7.379,0,51,0.0441,94.677,0.338,4
0.48,0.59,312933,0.7959999999999999,0,0.0,2,0.7490000000000001,-5.259,0,52,0.141,79.459,0.6829999999999999,2
0.993,0.778,188507,0.0472,0,0.35700000000000004,9,0.16699999999999998,-21.023000000000003,1,0,0.124,119.802,0.6659999999999999,9
0.966,0.3,288800,0.12,0,0.48,2,0.197,-15.98,1,0,0.0481,168.64700000000005,0.529,9
0.985,0.445,45610,0.557,0,0.705,5,0.199,-14.640999999999998,1,0,0.348,81.954,0.889,9
0.773,0.455,217827,0.624,0,9.95e-05,9,0.133,-10.212,1,19,0.0317,88.113,0.413,6
0.174,0.625,163093,0.462,0,0.0,7,0.325,-11.239,1,18,0.0397,115.678,0.6970000000000001,6
0.0335,0.852,123200,0.8390000000000001,1,0.0,1,0.17600000000000002,-4.6530000000000005,1,65,0.206,100.016,0.484,1
0.0778,0.532,249293,0.887,0,0.000214,0,0.294,-3.757,1,83,0.0335,122.511,0.795,4
0.0284,0.565,206640,0.84,0,0.0,0,0.0928,-4.641,1,54,0.0296,144.04,0.742,1
0.104,0.59,141067,0.659,0,6.56e-06,5,0.35600000000000004,-9.669,1,61,0.0697,80.20100000000002,0.965,2
0.994,0.655,179626,0.119,0,0.918,9,0.0698,-19.593,0,0,0.0666,81.273,0.8140000000000001,8
0.136,0.607,195640,0.753,0,0.00856,9,0.0659,-10.720999999999998,1,29,0.0326,144.637,0.936,4
0.345,0.578,142315,0.778,0,0.0,5,0.27,-5.042,1,38,0.0287,125.237,0.8809999999999999,3
0.634,0.682,124900,0.0675,0,0.0,0,0.332,-24.7,1,0,0.882,105.766,0.462,7
0.955,0.363,193493,0.648,0,2.1600000000000007e-05,7,0.731,-7.527,1,41,0.156,156.606,0.778,6
0.0134,0.6709999999999999,203920,0.805,0,0.0547,8,0.237,-3.232,0,55,0.081,132.05100000000002,0.866,2
0.914,0.387,202560,0.0631,0,0.0,0,0.112,-19.829,0,0,0.0741,68.76100000000001,0.539,9
0.00187,0.503,104000,0.722,0,0.516,2,0.297,-7.555,1,25,0.0293,112.96,0.857,5
0.14800000000000002,0.826,247800,0.508,0,0.0,2,0.124,-8.713,1,50,0.0798,81.564,0.91,2
0.017,0.923,139741,0.604,1,0.0,11,0.272,-6.671,0,92,0.245,145.062,0.826,0
0.0891,0.732,272520,0.7190000000000001,1,0.0,10,0.0596,-5.0760000000000005,0,44,0.0954,84.98899999999998,0.863,3
0.00274,0.271,263773,0.8859999999999999,0,0.000104,0,0.107,-11.19,1,32,0.079,130.097,0.242,3
0.931,0.612,125853,0.225,0,0.797,2,0.0855,-14.218,1,0,0.0516,131.094,0.932,8
0.102,0.618,188175,0.8220000000000001,0,1.03e-05,2,0.278,-10.133,1,40,0.042,101.545,0.745,2
0.0475,0.541,340760,0.919,0,1.17e-05,2,0.0846,-6.282,1,34,0.0684,140.114,0.64,4
0.966,0.634,175467,0.386,0,0.88,5,0.099,-15.153,1,25,0.0517,109.95,0.8320000000000001,6
0.00831,0.601,186000,0.715,0,0.0,11,0.47,-4.843,1,48,0.0362,94.976,0.606,1
0.00207,0.267,247240,0.956,0,0.0125,4,0.101,-4.952,0,43,0.16,111.359,0.231,4
0.132,0.5760000000000001,181627,0.851,0,0.000268,0,0.613,-5.669,0,29,0.077,89.96600000000002,0.33,5
0.405,0.778,42173,0.601,0,0.0,1,0.14,-5.376,0,52,0.0549,121.813,0.966,1
0.000311,0.35,303520,0.617,0,0.00384,2,0.28300000000000003,-7.556,1,28,0.0305,148.977,0.429,6
0.0588,0.6659999999999999,223667,0.63,0,1.94e-05,6,0.182,-13.273,0,39,0.029,108.425,0.7659999999999999,4
0.792,0.376,482933,0.324,0,1.91e-06,0,0.11,-11.679,1,0,0.04,140.194,0.369,7
0.995,0.166,174507,0.109,0,0.845,11,0.108,-20.545,0,0,0.0466,73.976,0.0507,9
0.994,0.438,73107,0.113,0,0.905,4,0.112,-15.194,1,0,0.0429,75.148,0.0363,10
0.0172,0.206,179573,0.7,0,0.0058200000000000005,4,0.228,-9.682,0,53,0.0469,172.338,0.317,2
0.918,0.14300000000000002,213200,0.208,0,0.301,2,0.122,-14.075,1,4,0.0366,81.715,0.0448,7
0.123,0.665,257563,0.542,0,0.0029100000000000003,11,0.342,-8.323,0,68,0.033,97.975,0.5870000000000001,1
0.785,0.633,447413,0.133,0,2.81e-05,8,0.187,-19.213,1,11,0.0398,109.052,0.273,7
0.8320000000000001,0.45,96440,0.423,0,0.701,2,0.181,-10.504,1,0,0.0449,150.434,0.884,7
0.085,0.8220000000000001,216133,0.8320000000000001,1,0.0,2,0.0711,-2.631,1,44,0.22,93.178,0.7559999999999999,2
0.965,0.68,172852,0.4270000000000001,0,0.071,4,0.198,-9.367,1,0,0.0334,118.027,0.757,9
0.934,0.476,206367,0.227,0,4.81e-06,7,0.706,-14.494000000000002,1,0,0.0422,116.304,0.379,9
0.966,0.426,258827,0.0924,0,0.42,3,0.145,-17.508,1,44,0.0319,130.38299999999998,0.331,5
0.000149,0.645,180760,0.986,1,0.239,1,0.071,-5.066,0,38,0.129,111.108,0.321,2
0.906,0.278,91173,0.41,0,0.00325,10,0.334,-8.384,1,0,0.0343,170.305,0.509,7
0.98,0.146,291840,0.0183,0,0.851,6,0.111,-28.939,0,24,0.0391,85.571,0.0396,4
0.232,0.7,210440,0.92,0,5.05e-06,1,0.242,-2.977,1,44,0.165,82.226,0.747,2
0.795,0.422,173507,0.284,0,0.035,4,0.319,-12.602,1,13,0.0443,60.285,0.343,6
0.6890000000000001,0.454,250000,0.319,0,4.37e-06,7,0.153,-15.953,1,37,0.0322,126.78,0.163,4
0.389,0.67,243400,0.828,0,7.02e-06,2,0.24,-6.2120000000000015,1,38,0.0406,91.674,0.95,3
0.967,0.239,234027,0.246,0,0.8009999999999999,9,0.113,-16.477,1,32,0.0619,77.4,0.34600000000000003,5
0.00618,0.211,130547,0.972,0,0.57,0,0.8290000000000001,-1.475,1,24,0.0854,183.083,0.654,4
0.794,0.431,285480,0.397,0,4.87e-06,10,0.302,-13.159,1,27,0.0366,183.326,0.531,5
0.0773,0.7340000000000001,174600,0.525,1,0.303,3,0.0734,-14.826,0,58,0.27,81.936,0.332,3
0.0439,0.545,170000,0.8270000000000001,0,0.0,11,0.17800000000000002,-5.158,1,63,0.0326,96.006,0.677,0
0.845,0.613,226613,0.174,0,0.0,7,0.0642,-14.402,1,13,0.0918,122.167,0.407,7
0.72,0.302,150600,0.521,0,4.74e-06,7,0.123,-5.391,1,35,0.0354,101.814,0.364,5
0.0351,0.8909999999999999,224253,0.439,1,0.0,7,0.0932,-7.994,0,65,0.428,77.499,0.622,2
0.935,0.462,196467,0.394,0,0.938,10,0.657,-13.363,1,0,0.0328,104.975,0.669,8
0.967,0.618,201333,0.395,0,0.0,2,0.363,-8.059,1,1,0.0429,131.626,0.7659999999999999,7
0.4970000000000001,0.5770000000000001,319333,0.343,0,6.759999999999999e-05,2,0.115,-9.879,1,39,0.0269,112.436,0.235,3
0.995,0.555,168542,0.0206,0,0.55,3,0.122,-17.303,1,0,0.379,69.251,0.544,7
0.794,0.281,290000,0.117,0,0.635,7,0.142,-21.076,0,14,0.0346,96.378,0.254,7
0.0224,0.888,237307,0.435,1,0.04,7,0.6559999999999999,-12.559,1,27,0.196,103.464,0.507,4
0.613,0.359,169253,0.564,0,0.873,0,0.267,-11.515,1,16,0.0627,90.588,0.873,8
0.513,0.637,95904,0.142,1,0.0,11,0.6,-20.524,0,0,0.96,84.39200000000002,0.674,8
0.247,0.752,195120,0.731,0,0.0,2,0.368,-4.723,1,59,0.0326,77.97800000000002,0.789,3
0.0787,0.8270000000000001,319160,0.5760000000000001,0,0.79,1,0.112,-12.057,1,28,0.0581,125.765,0.674,5
0.299,0.389,125373,0.191,0,2.15e-05,4,0.541,-18.569000000000006,0,30,0.0302,81.56,0.188,5
0.126,0.595,247333,0.569,1,1.69e-06,0,0.21,-7.931,1,40,0.0274,82.944,0.385,2
0.688,0.654,178467,0.181,0,0.0,5,0.303,-12.643,1,18,0.0391,80.561,0.584,7
0.0152,0.613,265679,0.843,1,0.0,7,0.0917,-8.343,1,45,0.18600000000000005,102.968,0.325,1
0.755,0.482,182733,0.7490000000000001,0,0.241,5,0.375,-6.314,1,0,0.0368,101.675,0.809,7
0.8190000000000001,0.5529999999999999,365733,0.353,0,0.767,5,0.0548,-11.192,1,22,0.0494,91.612,0.578,7
0.127,0.448,228949,0.807,0,2.67e-05,2,0.0414,-8.168,1,19,0.0487,124.572,0.7040000000000001,6
0.98,0.8,182547,0.32,0,0.485,1,0.124,-5.959,0,0,0.0486,119.345,0.858,10
0.962,0.325,313667,0.141,0,0.000263,2,0.0993,-18.977,1,0,0.0827,80.828,0.172,8
0.994,0.7170000000000001,168074,0.341,0,0.8759999999999999,10,0.106,-14.949000000000002,0,0,0.21600000000000005,140.29399999999998,0.775,7
0.0055,0.506,280573,0.733,0,0.0779,9,0.0387,-9.839,0,29,0.0346,122.577,0.909,4
0.337,0.5379999999999999,150493,0.868,0,1.36e-05,9,0.0516,-8.69,1,14,0.179,104.924,0.637,7
0.5,0.569,263227,0.579,0,2.79e-05,1,0.109,-10.988,1,58,0.0716,108.998,0.407,3
0.000199,0.535,190413,0.94,0,0.0,9,0.12,-2.844,1,45,0.0514,78.49,0.713,2
0.0142,0.31,287613,0.8440000000000001,0,0.224,0,0.0914,-3.582,1,51,0.0497,129.111,0.206,1
0.101,0.509,295920,0.49,0,3.5e-05,7,0.202,-16.009,0,36,0.0349,137.657,0.713,6
0.8140000000000001,0.628,184466,0.398,0,5.56e-06,0,0.516,-9.483,1,50,0.0411,97.799,0.965,4
0.611,0.664,168533,0.448,0,0.0738,7,0.0869,-12.553,1,16,0.0306,123.977,0.7390000000000001,7
0.0992,0.401,230533,0.644,0,0.000179,2,0.231,-8.607999999999999,1,60,0.0439,211.261,0.7140000000000001,5
0.285,0.8109999999999999,310423,0.5579999999999999,1,0.0,1,0.211,-10.473,1,47,0.285,93.039,0.469,1
0.47,0.36,376613,0.652,0,0.00118,5,0.101,-7.552,1,42,0.0443,106.46,0.265,5
0.8909999999999999,0.35100000000000003,142547,0.321,0,1.42e-05,7,0.11,-10.303,1,9,0.0416,199.185,0.415,6
0.908,0.72,182047,0.225,0,0.8490000000000001,5,0.11,-17.133,1,8,0.2,153.532,0.7609999999999999,8
0.991,0.35,167000,0.00579,0,0.952,8,0.132,-34.753,1,51,0.0381,65.447,0.152,2
0.119,0.945,197467,0.546,0,0.000519,8,0.121,-6.109,1,49,0.0519,120.004,0.962,1
0.0412,0.723,298133,0.539,0,0.0132,0,0.0343,-8.041,1,59,0.038,108.946,0.28300000000000003,1
0.229,0.735,198640,0.8740000000000001,0,0.0,2,0.69,-5.28,1,57,0.035,126.053,0.715,1
0.14400000000000002,0.453,261867,0.769,0,1.31e-05,7,0.0678,-4.642,1,45,0.187,91.846,0.455,1
0.97,0.281,153520,0.108,0,0.0,4,0.24,-16.642,1,9,0.0518,98.266,0.16899999999999998,6
0.6509999999999999,0.7020000000000001,231507,0.376,0,0.0335,7,0.128,-14.275,1,29,0.171,84.09899999999998,0.511,5
0.534,0.588,250107,0.785,0,0.0,1,0.193,-11.13,0,42,0.0604,103.618,0.742,5
0.99,0.499,200667,0.0584,0,9.09e-06,10,0.171,-22.19,1,3,0.0502,92.672,0.7190000000000001,9
0.966,0.361,2220135,0.198,0,0.01,10,0.948,-16.789,1,9,0.0513,111.191,0.337,8
0.561,0.7509999999999999,179667,0.653,0,0.0,5,0.348,-11.451,1,31,0.0559,124.469,0.8490000000000001,3
0.102,0.741,252120,0.591,0,0.000396,6,0.159,-13.968,0,42,0.0312,126.589,0.933,4
0.885,0.152,227627,0.0797,0,1.95e-06,7,0.12,-19.523,0,42,0.0366,86.6,0.194,3
0.985,0.209,196067,0.132,0,0.0567,3,0.119,-22.881,1,0,0.0374,134.391,0.265,8
0.7559999999999999,0.774,118533,0.619,0,0.004070000000000001,7,0.384,-7.185,1,8,0.0428,109.049,0.961,6
0.0672,0.5720000000000001,163773,0.7559999999999999,0,6.26e-05,4,0.383,-6.634,0,49,0.0287,108.014,0.727,2
0.705,0.7909999999999999,205507,0.518,0,0.000213,9,0.244,-7.0310000000000015,1,26,0.0733,110.872,0.705,5
0.972,0.18,61640,0.0309,0,0.0379,1,0.108,-12.999,1,40,0.039,73.533,0.285,2
0.0335,0.8690000000000001,1077133,0.556,0,0.0905,0,0.0568,-15.008,0,31,0.0368,123.039,0.969,5
0.000402,0.414,255427,0.897,0,1.85e-06,5,0.0809,-6.4060000000000015,0,54,0.0538,170.916,0.263,4
0.00837,0.561,251680,0.943,0,0.00322,0,0.263,-9.24,1,26,0.0403,114.714,0.736,5
0.871,0.29600000000000004,241120,0.159,0,4.91e-05,11,0.111,-13.615,1,18,0.0313,141.095,0.0863,7
0.996,0.623,125000,0.0138,0,0.897,1,0.115,-22.651,1,0,0.0763,67.406,0.556,8
0.000504,0.743,218505,0.6970000000000001,0,0.0126,11,0.106,-6.079,0,60,0.0276,103.642,0.585,3
0.996,0.643,113853,0.0511,0,0.957,0,0.0897,-35.67800000000001,1,1,0.0426,119.532,0.389,8
0.0205,0.7170000000000001,191888,0.763,0,0.000252,3,0.106,-6.607,1,52,0.0369,105.848,0.691,3
0.0053,0.307,146653,0.873,0,2.0600000000000006e-05,2,0.107,-6.47,1,44,0.0672,170.43900000000005,0.62,3
0.88,0.384,202067,0.477,0,0.5820000000000001,9,0.165,-8.241,0,1,0.0347,126.44,0.7,8
0.752,0.6409999999999999,374573,0.304,0,0.0,5,0.322,-12.75,1,40,0.489,137.238,0.7190000000000001,3
0.00186,0.6759999999999999,235533,0.7829999999999999,0,0.0366,9,0.0868,-6.308,0,39,0.0531,114.184,0.63,3
0.512,0.635,197440,0.613,0,0.00338,8,0.0778,-10.19,1,26,0.0346,132.542,0.721,5
0.992,0.35100000000000003,53360,0.113,0,0.961,0,0.38,-22.763,1,0,0.0522,153.438,0.6829999999999999,7
0.105,0.7440000000000001,358493,0.872,0,0.0009789999999999998,5,0.391,-9.672,1,28,0.115,133.95600000000002,0.779,4
0.0319,0.612,306573,0.8059999999999999,0,1.44e-06,1,0.168,-7.456,1,37,0.0479,79.142,0.6759999999999999,4
0.443,0.498,140333,0.6729999999999999,0,0.0166,6,0.0508,-4.553,1,22,0.0282,123.783,0.7340000000000001,6
0.505,0.498,210244,0.429,0,0.0,0,0.177,-9.374,1,35,0.0246,137.937,0.378,6
0.805,0.7340000000000001,245973,0.245,0,1.53e-06,5,0.101,-13.306,1,43,0.0463,141.861,0.7190000000000001,3
0.19,0.38,412880,0.54,0,7.11e-05,9,0.159,-12.178,0,17,0.0675,113.995,0.443,6
0.471,0.672,163028,0.807,0,0.35200000000000004,3,0.0333,-6.5939999999999985,1,18,0.0352,123.45,0.975,6
0.993,0.457,197573,0.362,0,0.5720000000000001,11,0.0863,-9.059,0,0,0.0423,122.201,0.867,9
0.989,0.34,196973,0.457,0,0.0143,8,0.212,-10.334,0,0,0.0379,129.415,0.573,8
0.769,0.513,451267,0.327,0,0.000233,2,0.0888,-16.421,0,18,0.0342,92.247,0.68,6
0.873,0.257,198467,0.584,0,0.13,7,0.383,-10.625,1,29,0.0413,98.213,0.517,5
0.109,0.5539999999999999,171840,0.5820000000000001,0,0.0118,4,0.0805,-12.307,0,44,0.0314,105.497,0.637,3
0.0347,0.335,293987,0.716,0,0.0,7,0.107,-7.02,1,49,0.0404,121.761,0.303,2
0.725,0.324,156305,0.278,0,0.0,4,0.151,-13.708,0,24,0.0346,183.795,0.66,6
0.46,0.8490000000000001,229799,0.7,0,0.0,7,0.653,-6.138,0,69,0.259,142.996,0.7040000000000001,0
0.11,0.6859999999999999,229693,0.662,0,1.17e-06,0,0.0569,-5.31,1,43,0.0317,84.225,0.748,4
0.0169,0.354,166812,0.879,0,0.618,2,0.24,-11.136,1,31,0.0625,159.16,0.332,4
0.973,0.731,181573,0.447,0,0.0,5,0.363,-10.282,1,4,0.14,104.298,0.925,9
0.43,0.589,625667,0.569,0,0.7709999999999999,5,0.189,-12.298,0,18,0.11,127.716,0.757,7
0.943,0.369,234067,0.505,0,0.000133,4,0.97,-13.368,1,21,0.276,89.86399999999998,0.584,6
0.988,0.354,118333,0.0929,0,0.0214,5,0.165,-18.742,1,55,0.0377,84.92399999999998,0.28,3
0.965,0.4370000000000001,248453,0.0431,0,0.7240000000000001,3,0.14300000000000002,-19.289,1,23,0.0427,185.181,0.219,6
0.00956,0.901,220467,0.359,1,0.0,10,0.0752,-8.198,0,43,0.248,149.019,0.219,2
0.0473,0.24,424733,0.6890000000000001,0,0.477,9,0.0909,-8.652999999999999,1,27,0.0449,183.888,0.545,5
0.682,0.429,200202,0.124,0,0.00011,11,0.132,-13.279000000000002,1,17,0.0348,180.216,0.495,6
0.00939,0.8190000000000001,485400,0.631,0,0.00217,6,0.0261,-11.291,0,43,0.112,123.215,0.7759999999999999,4
0.381,0.287,417800,0.667,0,0.0119,2,0.134,-13.378,0,35,0.0527,160.79,0.385,4
0.944,0.476,92027,0.24,0,0.0152,2,0.39,-16.025,1,4,0.044,119.391,0.5870000000000001,7
0.852,0.434,196013,0.402,0,0.00367,6,0.0856,-13.759,1,17,0.0357,94.499,0.745,6
0.784,0.7190000000000001,359040,0.277,0,0.0,1,0.156,-14.184,1,26,0.0431,125.862,0.349,3
0.987,0.428,175000,0.336,0,0.8009999999999999,10,0.0812,-16.26,1,0,0.0823,204.174,0.847,10
0.124,0.85,311120,0.818,0,0.00135,0,0.349,-8.623,1,53,0.0904,105.266,0.8390000000000001,4
0.7390000000000001,0.602,204693,0.631,0,0.0,7,0.0579,-6.289,1,33,0.0718,188.952,0.973,3
0.00125,0.614,170625,0.972,0,0.0186,5,0.328,-3.927,0,64,0.08800000000000001,127.966,0.411,1
0.0392,0.605,278533,0.8290000000000001,1,0.0,10,0.196,-2.377,0,58,0.444,176.10299999999995,0.708,2
0.599,0.447,179360,0.304,0,0.0,9,0.0947,-13.374,1,22,0.0523,123.09,0.379,7
0.996,0.508,176520,0.491,0,0.931,6,0.192,-16.988,0,0,0.219,74.513,0.765,10
0.0532,0.863,175187,0.88,0,0.000169,2,0.0706,-3.862,1,45,0.175,127.925,0.6940000000000001,1
0.121,0.805,235147,0.763,0,0.0,6,0.047,-2.955,1,52,0.0942,85.289,0.82,2
0.7979999999999999,0.512,294373,0.0511,0,0.234,8,0.16699999999999998,-18.012,1,14,0.0767,74.385,0.249,6
0.00173,0.282,382773,0.517,0,0.695,3,0.0804,-13.069,1,41,0.0373,94.7,0.138,4
0.000705,0.564,189960,0.932,1,0.000376,9,0.0713,-3.6,1,55,0.109,102.953,0.388,2
0.112,0.65,142667,0.584,0,0.00188,0,0.112,-11.716,1,48,0.0336,150.572,0.8240000000000001,5
0.331,0.556,224667,0.818,0,6.92e-06,4,0.498,-6.698,0,49,0.0363,143.988,0.403,1
0.212,0.823,335067,0.51,0,0.8059999999999999,0,0.11,-11.235,1,53,0.0352,114.83,0.7979999999999999,3
0.000112,0.274,357307,0.58,0,0.53,6,0.278,-11.898,0,31,0.0584,105.14,0.233,4
0.8490000000000001,0.594,281733,0.314,0,0.873,5,0.23,-18.58,1,15,0.0354,110.61,0.62,6
0.868,0.586,200600,0.335,0,0.0513,3,0.0979,-11.309,1,19,0.035,131.174,0.518,7
0.332,0.428,219027,0.594,0,0.0,2,0.379,-9.484,0,39,0.0325,136.613,0.5,4
0.913,0.152,184578,0.117,0,0.0088,7,0.108,-14.447,1,10,0.0354,81.98299999999998,0.0767,7
0.957,0.191,276867,0.154,0,0.0198,9,0.302,-13.184,1,35,0.0336,83.307,0.114,6
0.986,0.502,197667,0.0398,0,0.958,0,0.116,-17.379,1,25,0.0464,128.224,0.6809999999999999,7
0.985,0.574,148689,0.177,0,0.884,5,0.104,-17.902,0,6,0.0453,97.042,0.703,7
0.983,0.282,168267,0.191,0,0.516,0,0.172,-14.623,1,0,0.0362,75.275,0.301,8
0.177,0.81,219707,0.489,0,0.0107,11,0.0875,-8.888,0,42,0.434,69.104,0.278,5
0.00498,0.752,243613,0.7959999999999999,0,0.000245,6,0.471,-7.536,1,43,0.0503,104.992,0.887,2
0.8959999999999999,0.735,193307,0.267,0,0.219,1,0.238,-12.015,1,21,0.0719,145.256,0.6920000000000001,9
0.193,0.653,169627,0.9,0,3.37e-06,0,0.995,-5.595,1,27,0.0447,122.635,0.8809999999999999,5
0.114,0.408,438960,0.453,0,0.0,2,0.895,-13.163,0,35,0.263,81.607,0.406,3
0.555,0.7829999999999999,176840,0.534,0,0.0,10,0.211,-6.047999999999999,1,46,0.0706,119.796,0.973,2
0.349,0.59,251507,0.416,0,0.00323,4,0.106,-13.821,1,28,0.0314,128.775,0.35600000000000004,5
0.331,0.399,189413,0.821,0,1.0800000000000003e-05,4,0.084,-1.527,1,53,0.0515,100.051,0.236,1
0.6940000000000001,0.258,224720,0.423,0,1.29e-06,0,0.0695,-10.372,1,36,0.0503,207.253,0.569,4
0.994,0.385,89800,0.0599,0,0.802,3,0.0956,-20.427,0,1,0.0415,102.527,0.115,8
0.08199999999999999,0.7959999999999999,278760,0.7290000000000001,0,0.0,11,0.302,-6.94,1,57,0.0488,111.496,0.578,2
0.953,0.0779,184693,0.0283,0,0.835,5,0.11,-29.467,0,24,0.0415,175.97,0.0288,6
0.964,0.624,161587,0.456,0,0.198,5,0.0977,-9.219,0,0,0.0731,80.194,0.843,8
0.0307,0.684,210026,0.889,0,2.57e-06,8,0.775,-4.555,0,50,0.102,112.004,0.5820000000000001,1
0.324,0.473,255467,0.5479999999999999,0,0.016,9,0.293,-12.614,1,30,0.0315,110.876,0.7979999999999999,4
0.248,0.802,343960,0.468,0,0.0006,1,0.32,-8.629,1,58,0.0378,129.937,0.586,3
0.172,0.623,247427,0.446,0,0.00101,5,0.114,-12.569,1,41,0.0331,116.612,0.8059999999999999,5
0.991,0.374,185390,0.0989,0,0.805,9,0.0799,-28.377,1,67,0.0326,152.84,0.342,1
0.157,0.494,306133,0.711,0,0.0608,9,0.0909,-7.414,0,42,0.0264,151.92600000000004,0.537,3
0.986,0.8029999999999999,166613,0.214,0,0.22,5,0.102,-12.133,0,0,0.0498,116.771,0.919,10
0.7070000000000001,0.657,252000,0.528,0,0.000155,6,0.264,-8.039,0,57,0.0683,75.44,0.35,1
0.7440000000000001,0.262,62160,0.0156,0,0.97,9,0.0819,-24.938,1,30,0.0394,68.953,0.71,4
0.946,0.6629999999999999,134920,0.479,0,0.0108,7,0.124,-5.296,1,1,0.0398,101.982,0.6890000000000001,8
0.812,0.685,276333,0.314,0,0.134,5,0.08800000000000001,-14.876,0,18,0.042,138.363,0.6459999999999999,7
0.993,0.31,170600,0.019,0,0.805,2,0.0977,-28.097,1,0,0.0365,76.751,0.0838,8
0.181,0.596,283800,0.605,0,0.000331,7,0.0863,-12.145,1,82,0.0255,97.798,0.8859999999999999,5
0.13,0.626,222853,0.8420000000000001,0,0.0,5,0.0734,-3.74,1,52,0.0337,115.72,0.54,2
0.334,0.625,112000,0.135,1,0.0,7,0.304,-17.357,1,0,0.945,75.294,0.701,9
0.993,0.313,233240,0.0191,0,0.8759999999999999,6,0.083,-27.129,1,32,0.0523,127.39,0.0688,4
0.982,0.333,529000,0.0518,0,0.0432,9,0.147,-19.212,1,2,0.0486,78.06,0.338,7
0.477,0.476,144289,0.687,0,0.747,0,0.16399999999999998,-7.909,1,5,0.07400000000000001,147.681,0.79,8
0.616,0.483,250853,0.35700000000000004,0,0.0,9,0.17,-8.237,1,33,0.0294,99.273,0.485,5
0.845,0.485,176800,0.5529999999999999,0,0.0051600000000000005,0,0.257,-7.039,1,16,0.0369,129.304,0.693,6
0.0646,0.6629999999999999,226933,0.934,0,0.0,5,0.16399999999999998,-4.227,0,59,0.0348,110.031,0.621,3
0.14,0.857,222627,0.8220000000000001,0,0.586,0,0.16399999999999998,-6.276,1,43,0.0589,92.975,0.868,2
0.984,0.5670000000000001,201761,0.355,0,0.00252,4,0.804,-9.455,1,0,0.0731,127.447,0.871,8
0.745,0.42,240400,0.498,0,0.0,4,0.892,-7.858,1,39,0.0402,152.747,0.308,2
0.457,0.799,187790,0.757,1,0.000117,7,0.0799,-5.221,1,64,0.0392,107.46,0.897,0
0.0193,0.8270000000000001,352977,0.623,1,0.0,4,0.0589,-6.199,0,57,0.35,131.904,0.35700000000000004,1
0.532,0.654,222693,0.5329999999999999,0,7.85e-06,7,0.151,-9.426,0,53,0.0309,127.49,0.695,5
0.691,0.568,530107,0.636,0,0.0030800000000000003,4,0.0699,-7.187,0,41,0.0413,144.321,0.47,5
0.961,0.574,185184,0.31,0,4.73e-06,8,0.104,-6.822,1,0,0.149,81.817,0.8959999999999999,8
0.214,0.633,167760,0.68,0,0.0366,1,0.168,-10.66,0,39,0.0387,128.47899999999998,0.961,4
0.0149,0.565,177867,0.631,1,0.0,0,0.116,-6.7029999999999985,1,61,0.0355,129.92700000000002,0.221,1
0.093,0.777,309933,0.603,0,0.745,1,0.0568,-10.726,1,29,0.0575,126.217,0.8690000000000001,4
0.944,0.292,84760,0.14400000000000002,0,0.928,10,0.134,-24.805,1,2,0.0347,101.9,0.726,8
0.705,0.459,318840,0.341,0,0.000553,8,0.29100000000000004,-7.951,0,47,0.0285,127.967,0.195,1
0.203,0.578,184814,0.491,0,0.000378,11,0.182,-8.544,0,65,0.21,98.273,0.64,1
0.0157,0.542,158000,0.81,0,0.00278,0,0.237,-7.306,1,21,0.049,142.226,0.823,5
0.596,0.449,141920,0.446,0,1.18e-05,8,0.0635,-8.376,1,41,0.0452,209.424,0.975,3
0.52,0.652,173413,0.8,0,7.56e-05,4,0.5660000000000001,-5.462999999999999,1,28,0.0738,160.105,0.961,4
0.31,0.562,300933,0.514,0,0.706,11,0.107,-9.066,0,38,0.0232,83.87700000000002,0.257,2
0.91,0.433,217573,0.0871,0,1.98e-05,0,0.113,-14.532,1,53,0.0341,135.498,0.336,4
0.0103,0.597,282413,0.6779999999999999,1,0.0,2,0.381,-5.7429999999999986,1,55,0.3,160.07399999999996,0.659,2
0.868,0.245,147603,0.264,0,0.0,2,0.392,-8.828,0,16,0.0309,182.73,0.332,6
0.228,0.465,139333,0.369,0,0.0501,9,0.171,-15.428,1,39,0.0341,90.175,0.524,6
0.977,0.542,190333,0.0645,0,0.87,0,0.109,-18.841,1,45,0.0386,76.832,0.155,3
0.613,0.649,168320,0.728,0,0.0,5,0.182,-11.939,1,33,0.0428,167.733,0.959,4
0.21,0.56,177533,0.404,0,0.00049,5,0.197,-8.817,1,49,0.0357,145.612,0.157,1
0.409,0.777,201143,0.454,0,0.0,1,0.616,-10.39,1,63,0.131,96.922,0.498,1
0.974,0.132,236333,0.146,0,0.000235,4,0.483,-23.271,0,0,0.0439,77.542,0.124,7
0.993,0.172,187136,0.124,0,1.51e-06,3,0.28,-20.663,1,0,0.0536,81.781,0.0389,9
0.00459,0.7929999999999999,245055,0.7809999999999999,1,1.68e-06,10,0.0846,-4.277,0,52,0.18600000000000005,123.996,0.883,2
0.365,0.408,402920,0.465,0,6.01e-05,4,0.215,-11.772,0,51,0.0338,135.668,0.151,2
0.0121,0.5579999999999999,456493,0.731,0,0.00574,0,0.271,-8.416,0,36,0.0346,118.798,0.7909999999999999,5
0.11,0.613,237240,0.833,0,0.898,0,0.134,-9.52,1,20,0.0443,111.854,0.541,5
0.189,0.6920000000000001,160107,0.6920000000000001,0,0.0,2,0.0884,-6.065,1,58,0.0818,153.255,0.75,1
4.18e-05,0.272,591693,0.8759999999999999,0,0.0191,4,0.146,-7.135,0,57,0.0397,102.718,0.585,5
0.473,0.8270000000000001,160480,0.753,0,0.911,6,0.131,-6.69,0,53,0.0429,109.01,0.747,2
0.916,0.43,268333,0.267,0,0.0,11,0.105,-9.137,0,23,0.0502,104.86,0.246,5
0.059,0.73,203547,0.884,0,9.56e-05,5,0.0661,-7.622000000000001,1,31,0.0377,91.728,0.974,3
0.7609999999999999,0.373,195667,0.613,0,0.00021,2,0.272,-12.025,1,0,0.0468,110.043,0.895,7
0.00221,0.556,284760,0.996,0,0.00014199999999999998,1,0.265,-2.517,1,56,0.171,100.061,0.206,2
0.725,0.608,176933,0.5820000000000001,0,0.0,9,0.0854,-9.734,1,62,0.0355,127.297,0.952,2
0.395,0.34600000000000003,382840,0.807,0,0.000352,4,0.506,-9.388,0,30,0.071,141.18200000000004,0.569,4
0.00114,0.711,138592,0.234,1,0.0,10,0.142,-15.592,1,62,0.329,141.986,0.257,1
0.966,0.41,352360,0.133,0,0.197,4,0.115,-17.361,0,0,0.0376,106.988,0.201,9
0.035,0.343,284533,0.396,0,0.00364,0,0.189,-10.395,1,36,0.0363,171.41099999999997,0.314,6
0.99,0.687,195040,0.07400000000000001,0,0.0,0,0.118,-21.323,0,0,0.515,104.144,0.536,7
0.627,0.701,219234,0.194,0,5.15e-06,5,0.279,-23.68,0,0,0.952,129.93200000000002,0.469,9
0.6459999999999999,0.421,212520,0.5529999999999999,0,0.0,11,0.0932,-8.622,0,41,0.036000000000000004,132.991,0.368,5
0.119,0.769,248627,0.636,0,5.9e-06,5,0.0448,-7.1679999999999975,1,39,0.0443,136.709,0.836,3
0.743,0.644,190826,0.42,0,0.0,5,0.337,-13.38,0,35,0.081,120.005,0.5429999999999999,4
0.6609999999999999,0.639,163040,0.537,0,0.0,4,0.3,-13.342,0,36,0.0286,131.566,0.799,5
0.954,0.653,130760,0.395,0,6.72e-06,9,0.325,-8.785,0,42,0.218,154.501,0.628,5
0.915,0.314,439201,0.181,0,0.000235,10,0.28600000000000003,-16.89,1,30,0.0317,92.797,0.219,5
0.0731,0.436,327507,0.8909999999999999,0,0.0033200000000000005,11,0.953,-4.935,0,23,0.0511,100.741,0.61,5
0.993,0.5489999999999999,175387,0.00569,0,0.922,2,0.104,-28.641,0,13,0.0533,130.511,0.327,8
0.995,0.404,117387,0.0193,0,0.8809999999999999,2,0.153,-29.007,1,0,0.0424,132.36700000000002,0.0708,7
0.866,0.578,313627,0.25,0,0.0863,1,0.0874,-19.047,1,14,0.0544,124.861,0.7020000000000001,7
0.08,0.7859999999999999,217080,0.483,0,3.34e-05,0,0.32299999999999995,-10.963,1,26,0.0493,113.304,0.961,4
0.887,0.476,220347,0.28,0,0.00181,1,0.154,-12.23,1,38,0.0309,70.58,0.231,5
0.14400000000000002,0.638,243373,0.867,0,0.000733,2,0.0846,-6.4689999999999985,1,72,0.0331,115.692,0.805,5
0.35700000000000004,0.537,214573,0.355,0,0.0,0,0.132,-11.241,1,43,0.0363,113.994,0.39,2
0.13,0.464,202267,0.8140000000000001,0,0.000278,7,0.13,-5.012,1,58,0.0313,102.986,0.3,1
0.629,0.622,175680,0.377,0,0.0,2,0.0668,-9.559,1,24,0.0286,85.13,0.632,5
0.93,0.35200000000000004,809333,0.25,0,0.931,0,0.0643,-13.6,1,26,0.038,122.866,0.146,7
2.1e-05,0.433,219800,0.956,0,0.0,3,0.3720000000000001,-4.131,0,42,0.0451,95.229,0.602,2
0.6809999999999999,0.495,289240,0.361,0,5.06e-05,2,0.12,-10.841,1,53,0.0341,139.156,0.425,5
0.688,0.398,145707,0.486,0,0.0,8,0.3670000000000001,-11.857,1,33,0.0587,89.5,0.429,6
0.0868,0.412,250053,0.619,1,2.55e-06,7,0.4,-6.39,1,66,0.0725,95.977,0.234,1
0.877,0.541,317027,0.182,0,0.000718,9,0.103,-14.9,0,32,0.0294,79.399,0.146,5
0.7090000000000001,0.69,202333,0.7659999999999999,0,1.38e-06,1,0.289,-7.061,0,37,0.117,127.331,0.779,5
0.0186,0.617,160444,0.463,0,0.0,11,0.187,-7.978,0,65,0.0402,83.931,0.24,1
0.933,0.21600000000000005,313573,0.175,0,0.00627,0,0.102,-14.675,1,15,0.0372,120.888,0.0506,7
0.0328,0.589,207880,0.953,0,0.00102,4,0.062,-3.317,1,42,0.0619,119.967,0.772,2
0.424,0.6940000000000001,193387,0.601,0,0.0,9,0.0423,-6.5360000000000005,1,41,0.0355,84.118,0.7829999999999999,5
0.955,0.301,185133,0.0219,0,0.932,10,0.397,-18.339,0,1,0.03,73.00399999999998,0.0395,8
0.8059999999999999,0.6629999999999999,127600,0.0815,0,0.0,7,0.0948,-14.503,1,16,0.0356,95.493,0.217,7
0.166,0.579,262400,0.3,0,3.5700000000000014e-05,7,0.0823,-16.84,1,27,0.0421,78.991,0.6859999999999999,5
0.993,0.404,209360,0.0736,0,0.893,1,0.116,-18.978,1,43,0.0458,77.804,0.179,3
0.149,0.56,574733,0.491,0,0.0503,5,0.158,-12.031,0,39,0.0354,181.874,0.741,6
0.875,0.468,157573,0.373,0,0.000323,10,0.32299999999999995,-10.545,0,14,0.0332,104.156,0.353,7
0.984,0.725,190173,0.145,0,0.0274,1,0.0891,-13.37,1,0,0.0731,93.168,0.885,8
0.97,0.7,148627,0.139,0,5.75e-06,9,0.111,-11.715,1,20,0.0668,104.01,0.6459999999999999,9
0.93,0.193,127533,0.0605,0,0.674,5,0.376,-28.516,0,45,0.0395,84.478,0.119,2
0.0307,0.6940000000000001,113400,0.22,1,0.0,10,0.0909,-18.505,0,0,0.938,101.742,0.616,10
0.5329999999999999,0.6459999999999999,270093,0.62,0,0.024,1,0.14800000000000002,-8.468,0,44,0.032,118.579,0.515,6
0.123,0.8320000000000001,202987,0.521,0,2.81e-05,0,0.0951,-10.776,1,44,0.105,110.996,0.868,2
0.813,0.665,123220,0.394,0,0.0414,11,0.185,-11.567,0,67,0.103,82.06700000000002,0.499,1
0.892,0.423,339840,0.5539999999999999,0,0.75,9,0.0568,-10.199,0,42,0.0628,188.052,0.302,2
0.682,0.688,377160,0.6579999999999999,0,1.82e-05,11,0.328,-9.962,0,58,0.0421,97.108,0.907,2
0.982,0.266,416933,0.0341,0,0.454,7,0.104,-24.41,1,9,0.0445,114.729,0.101,7
0.755,0.6890000000000001,142267,0.723,0,0.0,0,0.248,-8.079,1,29,0.0483,105.913,0.962,8
0.0926,0.379,474360,0.823,0,0.34600000000000003,2,0.115,-12.378,1,40,0.0523,126.536,0.7809999999999999,5
0.371,0.631,240957,0.7879999999999999,1,0.000317,4,0.108,-7.142,0,64,0.102,157.769,0.544,1
0.962,0.484,189382,0.275,0,1.82e-05,10,0.285,-10.258,1,0,0.0691,125.379,0.7559999999999999,9
0.905,0.609,212227,0.892,1,2.16e-06,1,0.915,-8.602,1,43,0.882,106.421,0.504,1
0.0028,0.778,204133,0.899,0,0.0345,2,0.0263,-6.5520000000000005,1,65,0.0451,119.995,0.8809999999999999,2
0.0025,0.495,244293,0.931,0,0.0783,2,0.246,-5.336,0,65,0.0469,104.05,0.617,1
0.602,0.7090000000000001,225093,0.6,0,2.44e-05,4,0.412,-10.406,1,32,0.0681,123.448,0.523,5
0.938,0.677,134640,0.337,0,2.06e-06,0,0.101,-12.54,0,5,0.117,125.708,0.664,7
0.00228,0.588,243267,0.916,0,0.000135,0,0.107,-5.205,1,51,0.255,131.197,0.5489999999999999,4
0.0586,0.721,260507,0.401,0,0.00259,2,0.122,-12.139,1,45,0.0661,123.384,0.944,5
0.96,0.341,248333,0.106,0,0.007259999999999998,10,0.116,-21.585,0,0,0.0647,103.747,0.248,7
0.995,0.416,163000,0.211,0,0.065,8,0.156,-8.54,1,2,0.0276,82.38799999999998,0.506,8
0.16399999999999998,0.59,179053,0.655,0,0.000798,11,0.065,-5.087,0,34,0.0662,123.483,0.0406,3
0.0884,0.66,221075,0.6890000000000001,0,0.0,4,0.0922,-2.6710000000000003,0,63,0.0337,127.98,0.4270000000000001,1
0.416,0.7859999999999999,177507,0.35700000000000004,0,0.00119,4,0.0756,-15.838,0,51,0.0472,88.969,0.7120000000000001,5
0.989,0.4920000000000001,185853,0.266,0,0.947,3,0.127,-17.28,1,0,0.0423,127.267,0.7659999999999999,8
