0.0956,0.833,282533,0.6809999999999999,0,0.0,1,0.0414,-6.028,0,64,0.215,95.48,0.887,2
0.0597,0.464,196440,0.8420000000000001,0,0.0,10,0.037000000000000005,-3.64,1,51,0.269,89.759,0.957,1
0.884,0.83,173853,0.382,0,0.301,2,0.11,-11.231,0,29,0.0566,121.12,0.54,3
0.00143,0.485,220333,0.645,0,0.207,6,0.094,-12.574000000000002,1,43,0.0318,124.627,0.556,3
0.936,0.418,170493,0.48,0,0.319,1,0.301,-5.7010000000000005,0,0,0.0731,178.007,0.764,9
0.0382,0.602,327893,0.609,0,0.0002,0,0.127,-7.803,1,47,0.0243,93.06,0.337,1
0.25,0.631,360453,0.8759999999999999,0,1.4e-05,9,0.518,-4.4510000000000005,1,26,0.0285,131.752,0.922,5
0.277,0.8270000000000001,303707,0.48,0,4.44e-05,6,0.34600000000000003,-14.886,0,33,0.0371,118.062,0.8240000000000001,4
0.556,0.313,478307,0.486,0,0.000152,6,0.0877,-11.89,0,25,0.0538,86.45700000000002,0.298,4
0.116,0.62,227413,0.778,0,0.0,8,0.312,-4.622,0,68,0.0724,147.012,0.386,1
0.991,0.5920000000000001,157293,0.338,0,0.00891,5,0.0731,-7.517,1,0,0.0538,128.86700000000002,0.69,9
0.722,0.446,158000,0.627,0,0.0,3,0.21600000000000005,-8.851,1,15,0.0397,161.96200000000005,0.866,6
0.112,0.682,95394,0.341,1,0.0,10,0.116,-16.634,0,0,0.922,144.634,0.542,10
0.407,0.73,228000,0.906,0,2.64e-05,7,0.28800000000000003,-4.729,0,33,0.0412,130.267,0.959,4
0.607,0.607,142493,0.684,0,0.0,0,0.126,-10.024,0,25,0.229,174.947,0.892,6
0.318,0.5770000000000001,215933,0.5379999999999999,0,5.19e-05,5,0.131,-11.459,1,44,0.0285,119.055,0.654,3
0.524,0.512,187640,0.375,0,6.96e-06,8,0.0636,-15.625,1,13,0.0491,87.87,0.672,6
0.000597,0.741,221840,0.431,0,0.000588,11,0.0318,-15.213,0,33,0.161,136.025,0.461,5
0.0012,0.345,298813,0.974,1,3.03e-05,2,0.362,-3.221,0,49,0.0607,175.02700000000004,0.5710000000000001,2
0.789,0.501,494667,0.461,0,0.152,3,0.102,-8.646,0,18,0.0351,134.398,0.522,7
0.996,0.328,131027,0.187,0,0.000826,10,0.362,-12.886,1,0,0.0321,74.836,0.321,7
0.762,0.5329999999999999,311800,0.106,0,0.0,4,0.685,-23.955,1,11,0.446,122.972,0.345,6
0.966,0.12,511840,0.217,0,0.903,2,0.16399999999999998,-17.599,1,0,0.0399,80.554,0.128,7
0.262,0.6509999999999999,381627,0.648,0,0.0042,9,0.0655,-11.409,1,71,0.0501,156.372,0.49,5
0.71,0.29,274200,0.514,0,0.0494,5,0.111,-8.184,1,42,0.0353,87.47399999999998,0.4920000000000001,2
0.0139,0.7609999999999999,237866,0.534,1,0.0,1,0.368,-5.391,1,40,0.0679,76.492,0.354,2
0.0368,0.711,294267,0.879,0,0.0,11,0.115,-4.7639999999999985,0,46,0.115,94.978,0.8290000000000001,2
0.84,0.241,165733,0.334,0,7.25e-06,6,0.172,-12.182,0,30,0.0345,83.588,0.315,3
0.725,0.393,133040,0.395,0,0.282,4,0.264,-14.285,1,33,0.0284,103.089,0.498,6
0.295,0.812,319867,0.88,1,0.0,1,0.106,-1.521,1,54,0.259,90.098,0.778,2
0.123,0.6679999999999999,240760,0.727,0,0.0,7,0.09,-8.482999999999999,1,52,0.0373,94.913,0.675,2
0.399,0.5489999999999999,214762,0.675,0,0.0,4,0.181,-5.6370000000000005,0,70,0.0332,119.898,0.206,1
0.147,0.846,335200,0.581,0,0.8290000000000001,9,0.0875,-11.419,1,29,0.045,141.134,0.88,5
0.992,0.486,208427,0.252,0,0.8909999999999999,0,0.124,-11.067,1,0,0.0417,92.223,0.61,9
0.33,0.358,217440,0.914,0,2.43e-06,5,0.232,-6.7860000000000005,1,20,0.142,99.488,0.453,6
0.00214,0.462,232341,0.897,0,0.0,4,0.254,-7.1679999999999975,1,45,0.0516,157.94799999999995,0.6709999999999999,1
0.0441,0.322,223907,0.8109999999999999,0,0.0,2,0.11,-4.198,1,55,0.0963,147.641,0.369,3
0.804,0.475,194667,0.29,0,5.12e-05,0,0.101,-16.527,1,1,0.0594,132.75,0.317,9
0.000154,0.453,179880,0.924,0,0.0217,2,0.268,-3.607,1,42,0.0372,159.94,0.391,1
0.0202,0.639,214200,0.7240000000000001,0,1.61e-06,9,0.241,-10.143,0,38,0.0568,126.25,0.733,4
0.000602,0.364,263404,0.978,0,0.0582,6,0.327,-4.131,0,45,0.118,102.045,0.078,2
0.982,0.103,376400,0.0644,0,0.848,10,0.111,-22.346,0,0,0.0463,57.619,0.0364,8
0.986,0.382,204480,0.162,0,9.9e-05,1,0.444,-19.591,1,0,0.0499,86.71,0.312,8
0.0439,0.6759999999999999,147775,0.472,0,0.0131,5,0.126,-14.483,1,0,0.0525,117.671,0.8759999999999999,8
0.5529999999999999,0.637,213240,0.593,0,2.660000000000001e-05,9,0.204,-7.6,1,47,0.0662,139.708,0.971,3
0.534,0.633,261133,0.475,0,6.790000000000001e-05,5,0.159,-11.447,1,44,0.0238,105.442,0.643,5
0.158,0.5920000000000001,245893,0.584,1,2.63e-06,8,0.132,-6.232,0,61,0.0893,88.073,0.447,1
0.591,0.447,321307,0.489,0,0.229,2,0.118,-13.672,0,29,0.0326,123.926,0.57,4
0.645,0.733,173227,0.6,0,2.44e-05,7,0.0439,-4.725,0,58,0.0378,124.982,0.8029999999999999,2
0.7040000000000001,0.459,227904,0.512,0,0.0,5,0.363,-7.9220000000000015,1,45,0.0592,164.832,0.667,3
0.937,0.574,128160,0.257,0,4.75e-05,4,0.275,-10.145,0,40,0.0395,137.787,0.8109999999999999,5
0.662,0.649,156944,0.672,0,6.620000000000001e-05,11,0.585,-10.357,0,0,0.152,159.692,0.59,9
0.011,0.521,156400,0.976,0,1.77e-05,9,0.215,-5.098,1,32,0.102,112.649,0.435,3
0.984,0.473,140067,0.0334,0,0.942,3,0.133,-19.637,1,40,0.0507,68.994,0.202,2
0.514,0.5660000000000001,299827,0.521,0,0.000288,7,0.116,-11.824000000000002,1,50,0.0321,129.167,0.468,5
0.468,0.61,270693,0.599,0,0.134,2,0.1,-12.246,1,8,0.0476,89.63600000000002,0.471,6
0.55,0.469,220490,0.505,0,0.000263,0,0.0535,-12.51,1,15,0.0362,133.487,0.787,7
0.469,0.622,214707,0.375,1,1.28e-05,4,0.185,-8.115,0,63,0.208,132.887,0.35700000000000004,1
0.983,0.64,175387,0.15,0,0.0783,9,0.145,-17.458,0,40,0.055,70.009,0.552,7
0.0122,0.695,229960,0.944,0,0.0248,1,0.107,-4.776,1,42,0.105,113.094,0.655,3
0.0126,0.688,219183,0.6990000000000001,0,6.16e-06,11,0.391,-5.0,1,66,0.0445,94.935,0.385,1
0.278,0.525,337640,0.652,0,0.0,5,0.339,-7.0420000000000025,0,65,0.28,127.673,0.602,2
0.991,0.442,197162,0.194,0,6.3e-05,11,0.236,-8.839,0,0,0.0452,138.602,0.551,9
0.000696,0.315,202493,0.97,0,0.0,8,0.277,-4.709,1,48,0.102,178.06799999999996,0.423,1
0.125,0.58,224225,0.858,0,0.0,8,0.0502,-5.2120000000000015,1,74,0.114,174.03900000000004,0.475,1
0.825,0.211,273747,0.276,0,0.41,0,0.696,-14.403,1,31,0.0492,84.146,0.14400000000000002,5
0.00348,0.545,273160,0.747,0,0.052000000000000005,6,0.118,-6.3039999999999985,0,53,0.0288,131.931,0.644,2
0.469,0.512,258000,0.612,0,0.000144,6,0.1,-5.831,1,53,0.0293,88.271,0.371,1
0.00137,0.537,309027,0.8540000000000001,0,0.877,2,0.0999,-6.32,1,45,0.0293,107.867,0.389,2
0.00145,0.61,195707,0.743,0,0.0226,2,0.123,-8.46,1,27,0.0478,111.476,0.268,5
0.745,0.621,268814,0.192,0,1.96e-06,1,0.308,-21.088,0,0,0.96,76.493,0.5529999999999999,9
0.898,0.569,186318,0.481,0,0.2,3,0.222,-15.897,1,0,0.0472,127.492,0.962,9
0.975,0.375,181973,0.415,0,0.0359,7,0.0811,-8.73,1,3,0.0529,75.465,0.319,7
0.691,0.4920000000000001,119867,0.613,0,0.0,5,0.381,-9.814,0,12,0.194,123.255,0.807,7
0.994,0.429,111803,0.0107,0,0.967,9,0.136,-33.376999999999995,0,67,0.07400000000000001,116.059,0.142,1
0.0262,0.535,179667,0.5920000000000001,0,1.06e-06,9,0.0917,-10.178,1,20,0.154,178.69799999999995,0.6659999999999999,5
0.209,0.6890000000000001,110400,0.107,1,0.0,7,0.449,-20.725,1,0,0.939,87.09700000000002,0.654,8
0.515,0.213,396867,0.444,0,0.205,4,0.17800000000000002,-12.438,0,25,0.0382,93.197,0.362,5
0.362,0.56,191653,0.476,0,0.0,2,0.292,-7.824,1,36,0.0245,96.157,0.495,4
0.249,0.7440000000000001,329208,0.637,1,0.0,1,0.0965,-7.2970000000000015,0,63,0.301,139.882,0.6970000000000001,1
0.306,0.6679999999999999,272627,0.5579999999999999,0,0.888,5,0.0528,-11.645,0,46,0.0414,95.123,0.759,2
0.55,0.0811,258333,0.189,0,0.0351,1,0.0837,-17.363,1,26,0.036000000000000004,173.79,0.048,4
0.688,0.578,186827,0.248,0,0.00302,4,0.322,-13.133,1,20,0.0664,83.759,0.434,6
0.986,0.581,175822,0.272,0,1.54e-06,0,0.787,-10.056,1,0,0.0766,101.357,0.545,8
0.1,0.597,210200,0.815,0,0.0,9,0.112,-4.802,1,51,0.0457,162.039,0.581,1
0.263,0.841,294040,0.835,1,0.0,8,0.108,-6.191,0,48,0.308,133.024,0.7020000000000001,2
0.157,0.644,318328,0.7909999999999999,0,0.0,5,0.314,-4.587,1,67,0.273,91.753,0.408,1
0.928,0.486,149573,0.17600000000000002,0,0.0,10,0.135,-11.669,1,6,0.0323,115.322,0.456,8
0.445,0.539,185400,0.487,0,0.0,11,0.0459,-13.557,0,30,0.0377,169.898,0.8270000000000001,5
0.206,0.8109999999999999,258867,0.629,0,0.161,7,0.0564,-12.571,0,47,0.0363,110.42,0.867,4
0.205,0.489,269587,0.647,0,0.0,9,0.0504,-3.424,1,65,0.027000000000000003,167.792,0.436,2
0.954,0.281,351533,0.26,0,0.6459999999999999,5,0.138,-18.702,0,0,0.0396,89.616,0.217,7
0.939,0.568,68560,0.0362,0,5.27e-06,3,0.106,-26.844,0,0,0.078,56.566,0.398,7
0.00182,0.473,253733,0.856,0,0.00936,4,0.0745,-8.258,0,42,0.0549,143.099,0.5579999999999999,3
0.415,0.519,191093,0.883,0,0.000105,5,0.965,-5.865,1,48,0.132,93.039,0.928,2
9.2e-05,0.506,234987,0.963,0,0.000424,3,0.147,-3.805,1,51,0.0709,124.462,0.35200000000000004,2
0.152,0.802,183493,0.5,0,0.000235,7,0.055,-11.67,1,34,0.0865,165.614,0.8009999999999999,3
0.0997,0.563,205853,0.43,0,0.0,11,0.0873,-7.465,1,44,0.0267,133.797,0.155,3
0.8640000000000001,0.5529999999999999,152800,0.389,0,0.0,0,0.617,-15.203,1,6,0.0767,136.406,0.701,7
0.867,0.633,98499,0.48,0,0.0159,7,0.32,-8.652000000000001,0,0,0.0427,109.891,0.96,8
0.151,0.586,228147,0.525,0,0.0,0,0.191,-6.391,1,60,0.0273,86.09100000000002,0.38,3
0.517,0.624,211387,0.664,0,7.92e-06,11,0.16699999999999998,-6.994,0,60,0.0357,144.554,0.887,5
0.0075099999999999984,0.498,186027,0.851,0,2.17e-05,6,0.228,-7.251,0,42,0.07,137.63299999999998,0.847,5
0.994,0.252,231173,0.0897,0,0.919,4,0.158,-24.227,1,3,0.0412,69.425,0.0768,8
0.993,0.385,517400,0.0763,0,0.908,8,0.117,-24.787,1,4,0.0407,117.712,0.0789,8
0.871,0.159,222107,0.402,0,0.8370000000000001,3,0.237,-9.387,1,5,0.034,79.943,0.128,7
0.0903,0.583,221573,0.777,0,0.0,4,0.275,-5.441,1,42,0.0334,162.077,0.664,3
0.208,0.608,238067,0.58,0,0.0,9,0.106,-6.799,1,54,0.026,143.906,0.439,2
0.7559999999999999,0.687,119547,0.393,0,0.301,0,0.0705,-15.207,0,24,0.0569,136.977,0.281,6
0.00178,0.605,196493,0.6970000000000001,0,0.0008869999999999998,8,0.413,-10.27,1,30,0.0414,96.717,0.6970000000000001,4
0.000402,0.358,209227,0.962,0,2.69e-05,0,0.272,-2.877,0,46,0.0881,198.74,0.397,2
0.0911,0.733,222307,0.805,1,0.0,1,0.4270000000000001,-5.2360000000000015,1,42,0.0492,140.014,0.471,1
0.00722,0.38,249667,0.6629999999999999,0,0.7909999999999999,1,0.191,-10.476,1,41,0.0456,173.139,0.429,2
0.904,0.5379999999999999,146547,0.375,0,0.0,0,0.691,-17.396,1,24,0.123,76.52199999999998,0.401,5
0.965,0.198,242440,0.0595,0,0.0019,2,0.261,-17.006,1,6,0.0359,171.576,0.107,7
0.0141,0.768,103900,0.228,1,0.0,8,0.0759,-20.617,0,0,0.949,78.816,0.636,10
0.727,0.629,248027,0.627,0,0.005220000000000001,0,0.0745,-12.653,1,35,0.11,98.435,0.919,3
0.000675,0.231,178173,0.862,0,0.0372,0,0.247,-9.782,1,26,0.0761,209.046,0.7340000000000001,4
0.5820000000000001,0.544,137093,0.715,0,1.18e-06,8,0.132,-9.868,1,19,0.0456,91.687,0.816,7
0.732,0.552,226867,0.226,0,0.0,10,0.0864,-13.853,1,39,0.0284,89.186,0.486,3
0.131,0.435,196216,0.6409999999999999,1,0.0,10,0.273,-7.274,1,57,0.104,115.534,0.156,1
0.575,0.87,277973,0.455,0,0.648,7,0.051,-15.31,0,50,0.0342,105.658,0.961,2
0.229,0.72,169400,0.918,0,0.0,9,0.159,-3.225,1,54,0.0408,125.091,0.955,2
0.123,0.602,191293,0.7390000000000001,0,5.73e-05,10,0.228,-5.715,1,49,0.0272,116.668,0.569,6
0.211,0.6,210884,0.257,0,0.0,4,0.177,-10.189,1,32,0.0303,121.996,0.448,4
0.982,0.267,859493,0.0928,0,0.732,0,0.0606,-16.838,1,3,0.0398,140.009,0.163,7
0.142,0.6579999999999999,172307,0.172,1,2.05e-06,0,0.155,-18.256,1,0,0.917,92.123,0.578,8
0.354,0.639,180867,0.493,0,2.27e-06,10,0.116,-12.050999999999998,1,34,0.0303,90.694,0.838,5
4.45e-05,0.68,170493,0.785,0,0.0124,6,0.279,-12.829,0,44,0.0468,122.11,0.8440000000000001,3
0.00515,0.626,200299,0.7490000000000001,0,0.0,5,0.215,-5.4060000000000015,1,78,0.0443,90.03299999999999,0.6,0
0.8170000000000001,0.388,82907,0.0304,0,1.68e-06,0,0.163,-17.195999999999998,1,9,0.0345,125.487,0.514,8
0.7,0.399,164067,0.212,0,0.000434,5,0.116,-16.03,1,45,0.0747,137.76,0.149,5
0.0811,0.759,153809,0.489,1,0.0,1,0.149,-9.141,1,58,0.321,138.98,0.34600000000000003,1
0.965,0.284,204600,0.262,0,0.669,3,0.075,-18.489,1,1,0.052000000000000005,112.049,0.197,8
0.0361,0.62,241760,0.882,0,0.00021,7,0.264,-4.559,1,30,0.0514,130.811,0.742,4
0.166,0.589,197307,0.62,0,8.12e-06,1,0.153,-9.259,0,51,0.0431,154.621,0.65,2
0.981,0.7190000000000001,170453,0.145,0,0.0917,2,0.192,-17.723,1,2,0.16,100.719,0.6940000000000001,8
0.898,0.63,78227,0.303,0,0.0,10,0.647,-11.416,1,0,0.0736,133.726,0.7759999999999999,7
0.6629999999999999,0.438,296333,0.546,0,0.0,4,0.29600000000000004,-6.329,1,55,0.0513,60.703,0.528,1
0.992,0.716,162924,0.075,0,0.29,9,0.116,-19.026,0,4,0.625,108.707,0.3720000000000001,7
0.287,0.723,325500,0.244,1,0.0,11,0.187,-18.129,0,0,0.836,111.491,0.755,10
0.000186,0.53,186360,0.981,1,0.0325,9,0.113,-4.4,1,49,0.162,102.614,0.4270000000000001,2
0.058,0.3720000000000001,589107,0.232,0,0.629,11,0.112,-14.246,0,52,0.0423,125.798,0.0924,3
0.000244,0.885,148656,0.52,1,1.16e-06,1,0.454,-8.353,1,61,0.359,84.022,0.306,1
0.991,0.463,89560,0.056,0,6.89e-06,4,0.0963,-15.531,1,3,0.0505,74.857,0.414,7
0.785,0.444,124867,0.685,0,0.0103,4,0.112,-5.671,0,7,0.0343,157.789,0.892,6
0.988,0.462,51880,0.27,0,0.8909999999999999,7,0.227,-16.989,1,38,0.0356,111.79,0.7909999999999999,4
0.193,0.5479999999999999,362987,0.55,0,6.69e-05,0,0.8340000000000001,-13.049,1,29,0.24,88.052,0.789,5
0.612,0.461,160773,0.532,0,0.0,1,0.196,-12.038,1,43,0.0431,165.015,0.6990000000000001,3
0.00561,0.462,185383,0.83,1,6.840000000000001e-05,7,0.342,-6.261,1,42,0.424,81.646,0.394,1
0.401,0.425,136133,0.818,0,0.0,9,0.616,-11.495,1,19,0.0568,94.795,0.888,6
0.00074,0.489,322173,0.909,0,0.00014,4,0.0245,-4.967,1,39,0.0571,81.535,0.6629999999999999,2
0.481,0.58,195240,0.413,0,0.0,8,0.0553,-10.889,1,1,0.426,86.853,0.962,8
0.087,0.5920000000000001,230680,0.8540000000000001,0,5.16e-06,7,0.121,-3.1710000000000003,1,34,0.0287,124.183,0.7390000000000001,3
3.61e-05,0.363,181360,0.985,0,0.805,9,0.0414,-5.9060000000000015,0,42,0.0795,144.513,0.273,4
0.975,0.213,220600,0.177,0,0.8690000000000001,0,0.079,-17.848,0,40,0.0292,89.316,0.384,3
0.62,0.495,111147,0.731,0,0.862,9,0.185,-8.2,0,27,0.0352,141.928,0.867,6
0.247,0.731,295826,0.64,0,0.0,4,0.0802,-7.213999999999999,1,30,0.0303,117.41,0.632,4
0.6609999999999999,0.655,387333,0.617,0,0.35,2,0.415,-8.747,1,26,0.0399,104.657,0.6990000000000001,6
0.11,0.758,100059,0.174,1,1.63e-06,0,0.118,-21.254,1,0,0.927,80.39699999999998,0.561,8
0.607,0.42,350573,0.6679999999999999,0,0.016,1,0.0585,-7.35,1,66,0.0517,125.391,0.338,5
0.954,0.359,454840,0.129,0,0.626,7,0.0948,-16.86,0,0,0.0386,141.046,0.224,8
0.00231,0.778,478947,0.674,0,0.49,8,0.057,-9.296,1,25,0.0447,132.91899999999998,0.856,5
0.99,0.378,178974,0.0369,0,0.8959999999999999,3,0.101,-25.859,0,63,0.0369,71.997,0.12,1
0.142,0.843,270507,0.805,1,0.0,4,0.0771,-5.9460000000000015,0,79,0.269,94.946,0.615,2
0.7979999999999999,0.449,251040,0.194,0,0.000191,2,0.0702,-15.63,0,22,0.0714,204.034,0.695,6
0.00104,0.708,144733,0.897,0,5.78e-06,6,0.141,-5.216,1,46,0.0466,130.064,0.8859999999999999,1
0.8009999999999999,0.287,160973,0.393,0,1.7899999999999998e-05,3,0.233,-11.011,1,28,0.0322,123.693,0.426,4
0.000231,0.575,259800,0.942,1,0.672,0,0.0696,-7.4929999999999986,0,46,0.0571,130.056,0.401,3
0.828,0.272,134307,0.338,0,0.0,6,0.14,-9.07,1,24,0.034,87.501,0.472,6
0.991,0.462,131720,0.0762,0,0.83,4,0.111,-23.872,1,0,0.0608,66.493,0.568,10
0.8,0.47,208840,0.166,0,0.0,10,0.063,-12.967,1,17,0.031,106.504,0.467,6
0.623,0.733,154907,0.624,0,0.0,4,0.407,-9.849,1,56,0.0374,114.584,0.912,6
0.98,0.141,368133,0.0471,0,0.965,7,0.16,-27.3,1,42,0.0416,101.894,0.044,3
0.978,0.23,473853,0.28300000000000003,0,0.915,10,0.131,-19.124,0,0,0.0373,72.328,0.0842,8
0.7979999999999999,0.655,193293,0.406,0,2.22e-05,8,0.586,-9.653,1,38,0.039,81.54,0.536,3
0.368,0.545,254493,0.64,0,0.0,10,0.111,-3.529,0,50,0.308,181.733,0.574,2
0.8959999999999999,0.799,163000,0.361,0,0.0,9,0.273,-8.076,0,0,0.0449,100.116,0.7659999999999999,7
0.155,0.5820000000000001,206434,0.638,0,1.42e-06,5,0.19,-9.434,1,48,0.0906,128.107,0.82,1
0.5,0.495,391907,0.403,1,0.0,1,0.7,-9.731,1,58,0.301,140.415,0.555,1
0.025,0.7340000000000001,215227,0.7659999999999999,0,0.0013800000000000002,1,0.108,-4.485,1,74,0.0383,127.986,0.6,1
0.986,0.21,430013,0.0719,0,0.888,7,0.284,-16.801,1,0,0.0337,94.929,0.12,10
0.226,0.373,172371,0.477,0,0.0,8,0.0879,-6.391,1,71,0.0819,198.522,0.531,1
0.201,0.684,383827,0.7140000000000001,0,0.0,2,0.0727,-11.001,1,48,0.0495,123.377,0.763,3
0.992,0.441,153080,0.202,0,0.0047,4,0.17600000000000002,-20.395,1,0,0.0473,113.163,0.674,10
0.303,0.394,214307,0.394,0,0.00339,1,0.134,-12.036,1,27,0.04,129.941,0.173,4
0.35,0.742,227800,0.6809999999999999,1,0.000431,1,0.102,-8.687000000000001,1,40,0.385,87.605,0.6609999999999999,2
0.0431,0.826,217387,0.6940000000000001,0,0.0,4,0.0975,-10.265,1,35,0.0614,150.018,0.966,4
0.7659999999999999,0.58,131800,0.349,0,0.0,8,0.14,-9.721,1,30,0.0329,136.55100000000002,0.5579999999999999,6
0.273,0.659,243000,0.453,0,0.44,0,0.182,-6.226,1,48,0.0365,140.015,0.906,2
0.449,0.569,199840,0.867,0,0.000348,5,0.0816,-2.64,1,46,0.251,137.898,0.701,1
0.899,0.494,210973,0.073,0,0.682,9,0.0833,-19.919,1,42,0.031,74.98,0.294,2
0.995,0.7120000000000001,169000,0.125,0,0.746,5,0.134,-14.639,0,0,0.0656,115.522,0.76,10
0.3720000000000001,0.487,193000,0.339,0,2.48e-05,8,0.312,-11.741,1,10,0.0341,107.725,0.524,6
0.0568,0.795,256453,0.667,1,0.0,11,0.407,-7.636,0,47,0.374,98.024,0.6940000000000001,3
0.355,0.6509999999999999,149040,0.188,0,0.0,9,0.0747,-14.567,0,26,0.048,121.942,0.552,7
9.9e-06,0.147,207667,0.979,0,0.8240000000000001,4,0.0481,-3.418,1,35,0.0795,193.987,0.55,3
0.995,0.304,220200,0.315,0,0.43,2,0.201,-14.647,1,0,0.0424,96.879,0.435,9
0.319,0.493,217407,0.67,0,0.0,6,0.102,-5.131,1,47,0.0298,151.989,0.451,1
0.107,0.721,358640,0.8290000000000001,1,0.0,11,0.402,-9.178,1,39,0.47,100.139,0.642,3
0.267,0.85,210607,0.536,1,3.89e-05,1,0.0996,-5.1610000000000005,1,83,0.0599,96.029,0.505,0
0.29600000000000004,0.349,158667,0.5429999999999999,0,0.0,10,0.0665,-10.577,1,38,0.0429,202.426,0.875,6
0.0576,0.909,287720,0.6509999999999999,1,1.95e-05,7,0.107,-9.693,1,36,0.287,92.244,0.473,3
0.0162,0.415,255893,0.644,0,0.00104,5,0.109,-10.572,1,25,0.0442,97.494,0.634,6
0.211,0.6509999999999999,189933,0.868,0,0.00162,0,0.145,-8.83,1,31,0.29600000000000004,95.528,0.662,5
0.000182,0.426,163133,0.958,0,0.00866,2,0.353,-6.319,1,31,0.0453,130.062,0.7709999999999999,3
0.433,0.199,247267,0.581,0,0.174,5,0.145,-4.664,0,51,0.0329,79.52199999999998,0.474,5
0.317,0.705,230667,0.6809999999999999,0,1.73e-05,3,0.5329999999999999,-8.547,1,36,0.0294,115.978,0.388,3
0.964,0.233,134453,0.109,0,0.0063100000000000005,0,0.249,-16.282,1,1,0.0349,202.108,0.199,7
0.223,0.5489999999999999,225267,0.502,0,0.0,2,0.0622,-16.202,0,62,0.0493,85.79299999999998,0.7809999999999999,5
0.7020000000000001,0.209,343838,0.0268,0,0.917,1,0.0918,-31.97300000000001,1,49,0.052000000000000005,112.83,0.0315,2
0.606,0.361,366440,0.353,0,0.000308,5,0.152,-15.906,1,0,0.0705,117.083,0.246,7
0.16,0.154,190334,1.0,0,0.988,7,0.8909999999999999,-10.996,1,33,0.0827,134.026,1e-05,4
0.715,0.597,224446,0.402,0,0.00297,10,0.111,-7.961,1,62,0.0272,95.119,0.241,1
0.225,0.49,206627,0.669,0,0.0,6,0.192,-6.02,1,9,0.43,190.188,0.616,0
0.128,0.772,217440,0.8909999999999999,1,0.0,1,0.32299999999999995,-3.029,1,56,0.183,95.306,0.8490000000000001,2
0.918,0.468,144707,0.102,0,5.11e-06,11,0.111,-18.281,1,27,0.0278,78.983,0.105,6
0.925,0.65,122680,0.602,0,0.0369,9,0.0999,-9.956,1,39,0.0376,112.724,0.914,7
0.655,0.623,204733,0.544,0,0.0584,0,0.198,-8.821,1,35,0.0361,96.235,0.807,7
0.967,0.552,142307,0.395,0,0.207,2,0.0491,-7.211,0,0,0.0487,126.531,0.742,8
0.312,0.6970000000000001,165573,0.579,0,0.0,2,0.574,-11.694,1,28,0.0717,91.652,0.933,4
0.895,0.5710000000000001,144632,0.134,0,0.0,0,0.111,-14.65,1,61,0.0704,141.231,0.459,5
0.355,0.693,185280,0.785,0,0.0,10,0.0473,-7.629,1,48,0.0605,120.681,0.887,1
0.653,0.6859999999999999,141947,0.302,0,1.34e-05,1,0.0809,-10.488,1,11,0.0793,145.231,0.772,7
0.466,0.674,96892,0.246,1,0.0,2,0.669,-17.367,0,0,0.895,88.057,0.35700000000000004,7
0.108,0.5479999999999999,219293,0.742,0,0.0,1,0.0852,-4.757,1,64,0.0287,143.966,0.35200000000000004,1
0.964,0.425,178667,0.155,0,0.0369,4,0.116,-15.373,0,25,0.0324,95.221,0.593,6
0.787,0.8170000000000001,157400,0.189,0,0.0,0,0.0843,-14.537,1,42,0.0713,127.846,0.5660000000000001,7
0.987,0.85,176982,0.132,0,0.11,6,0.29600000000000004,-9.535,1,0,0.5429999999999999,107.749,0.8390000000000001,7
0.629,0.595,448120,0.623,0,2.92e-06,9,0.139,-5.306,1,37,0.0522,144.07299999999995,0.302,2
0.00112,0.505,221373,0.759,0,0.000365,7,0.168,-6.871,1,35,0.0303,128.63,0.65,3
0.961,0.267,138320,0.38,0,0.858,9,0.116,-15.263,0,0,0.0338,140.608,0.58,8
0.0591,0.674,200973,0.762,0,6.01e-06,5,0.28300000000000003,-7.26,1,48,0.0317,92.544,0.799,2
9.25e-05,0.503,218040,0.96,0,0.578,10,0.274,-2.672,1,63,0.0626,162.02200000000005,0.489,2
0.00746,0.29,127987,0.861,0,0.00024,2,0.643,-6.5920000000000005,1,36,0.0541,202.106,0.7120000000000001,6
0.653,0.61,206975,0.305,1,0.0,4,0.103,-14.037,1,75,0.053,113.818,0.222,1
0.353,0.898,264040,0.579,0,4.17e-05,6,0.0441,-7.947,1,52,0.0458,122.248,0.961,2
0.989,0.46,190903,0.241,0,4.28e-05,0,0.193,-14.111,1,0,0.0409,115.169,0.297,9
0.983,0.479,207373,0.251,0,0.000205,0,0.6940000000000001,-14.909,1,0,0.24,76.845,0.522,7
0.726,0.649,136800,0.348,0,1.12e-05,4,0.29100000000000004,-11.276,1,15,0.0278,101.892,0.7290000000000001,6
0.733,0.5539999999999999,255400,0.206,0,0.129,2,0.0831,-18.949,1,33,0.0335,123.239,0.399,6
0.34600000000000003,0.632,172733,0.59,0,0.0,5,0.24,-10.206,1,65,0.0305,130.287,0.953,6
0.7659999999999999,0.402,288187,0.317,0,0.0,7,0.715,-5.8260000000000005,1,52,0.0268,77.654,0.103,1
0.0486,0.7090000000000001,178053,0.916,1,0.0,11,0.413,-6.813,0,47,0.267,93.025,0.628,1
0.133,0.6709999999999999,157627,0.466,0,0.0,10,0.0545,-6.276,1,31,0.0252,95.021,0.821,4
0.59,0.5760000000000001,144973,0.613,0,0.0,5,0.0641,-7.148,1,41,0.123,166.831,0.831,4
0.995,0.626,180000,0.11,0,0.106,2,0.117,-18.076,1,0,0.15,121.761,0.602,9
0.263,0.6890000000000001,212893,0.4970000000000001,0,5.6e-06,2,0.218,-14.377,1,33,0.0319,114.034,0.639,4
0.945,0.376,620253,0.266,0,0.685,11,0.14,-13.65,1,0,0.0298,133.976,0.182,8
0.339,0.611,209573,0.813,0,0.898,9,0.224,-7.689,0,60,0.0279,140.112,0.821,4
0.0191,0.6,269267,0.5920000000000001,1,0.0,1,0.0955,-4.947,1,64,0.0545,130.205,0.0663,1
0.965,0.593,127767,0.227,0,0.0,5,0.21,-8.892000000000003,1,25,0.0359,140.422,0.6729999999999999,6
0.335,0.733,215867,0.7240000000000001,0,0.00015900000000000002,0,0.106,-7.055,1,56,0.0314,127.632,0.964,3
0.602,0.623,147867,0.741,0,0.00131,7,0.494,-5.709,1,12,0.0277,99.383,0.971,6
0.57,0.371,367133,0.341,0,3.09e-05,10,0.101,-9.475,1,47,0.0319,89.038,0.196,1
0.00366,0.8009999999999999,263053,0.875,0,0.425,7,0.182,-9.705,1,34,0.0995,91.983,0.637,3
0.534,0.565,299827,0.27,0,0.0362,3,0.107,-9.591,1,53,0.0302,120.308,0.119,2
0.684,0.555,124653,0.563,0,0.0,3,0.134,-8.644,1,13,0.0936,179.35,0.935,7
0.0838,0.866,221093,0.534,0,0.0,5,0.0848,-10.407,1,43,0.321,98.852,0.619,2
0.989,0.488,468453,0.402,0,0.7140000000000001,2,0.0936,-14.265,1,17,0.0342,92.909,0.7120000000000001,7
0.777,0.389,214880,0.745,0,0.00159,3,0.14300000000000002,-6.9979999999999976,1,58,0.0384,83.037,0.271,6
0.939,0.509,280267,0.0995,0,0.00351,8,0.14,-13.396,1,20,0.0401,118.751,0.312,6
0.87,0.233,418680,0.308,0,0.924,5,0.46,-16.307000000000002,0,0,0.0473,65.373,0.319,8
0.000384,0.565,205413,0.831,0,1.21e-05,9,0.245,-3.102,0,52,0.113,135.111,0.498,2
0.0138,0.706,206334,0.775,0,1.04e-06,1,0.151,-5.218,1,59,0.0468,81.04,0.882,1
0.907,0.584,186640,0.11,0,2.81e-06,3,0.113,-12.535,1,43,0.0376,129.765,0.369,7
0.536,0.418,312773,0.289,0,0.575,3,0.172,-12.321,0,14,0.0361,73.926,0.38,6
0.6459999999999999,0.58,55227,0.889,0,0.8190000000000001,7,0.4270000000000001,-11.911,1,10,0.6940000000000001,176.195,0.435,9
0.311,0.6629999999999999,272067,0.5870000000000001,0,0.0096,2,0.07,-10.187,0,30,0.0726,147.62,0.953,5
0.921,0.708,183907,0.389,0,4.85e-05,0,0.74,-10.06,1,44,0.0524,130.00799999999998,0.433,2
0.0335,0.35600000000000004,357267,0.917,0,0.0,9,0.406,-6.006,1,78,0.0479,171.176,0.518,3
0.0361,0.7290000000000001,321267,0.759,1,0.0,11,0.0694,-3.177,0,59,0.127,95.935,0.268,2
0.00303,0.131,204320,0.937,0,6.670000000000001e-05,1,0.237,-6.921,0,35,0.0807,205.807,0.376,4
0.0754,0.63,199267,0.7559999999999999,0,0.00015900000000000002,2,0.086,-11.18,1,27,0.0362,122.306,0.535,5
0.544,0.358,85060,0.28600000000000003,0,0.929,4,0.131,-9.386,1,3,0.0284,102.022,0.534,7
0.536,0.302,237000,0.275,0,0.00959,9,0.118,-12.281,1,46,0.0306,182.368,0.293,6
0.00451,0.648,253827,0.6409999999999999,1,0.0,10,0.472,-6.624,0,52,0.34600000000000003,134.004,0.377,1
0.479,0.564,198333,0.5720000000000001,0,0.000214,0,0.248,-14.203,1,35,0.0364,134.55,0.7609999999999999,4
0.79,0.866,36840,0.213,0,3.3e-05,3,0.177,-22.712,1,14,0.6579999999999999,116.712,0.931,9
3.3100000000000005e-05,0.53,239293,0.903,0,0.182,2,0.259,-4.396,0,60,0.0483,129.983,0.747,1
0.934,0.397,261573,0.233,0,0.118,4,0.116,-14.91,0,19,0.0368,110.035,0.109,7
0.04,0.888,159800,0.581,0,0.000221,11,0.0788,-7.631,0,63,0.172,117.039,0.7979999999999999,1
0.612,0.509,346893,0.21600000000000005,0,0.603,2,0.12,-16.338,1,12,0.0312,142.02,0.384,6
0.0455,0.534,165960,0.203,0,1.73e-05,2,0.208,-20.291,1,31,0.0288,68.167,0.345,6
0.918,0.396,105067,0.5820000000000001,0,0.274,5,0.693,-16.768,1,0,0.278,113.54,0.7979999999999999,7
0.843,0.42,207227,0.21,0,3.2500000000000004e-05,8,0.171,-14.668,1,34,0.0294,110.342,0.0434,5
0.743,0.6920000000000001,144667,0.29,0,0.000177,2,0.0967,-15.594,0,28,0.0474,133.034,0.7120000000000001,5
0.982,0.239,138693,0.18600000000000005,0,1.51e-05,5,0.192,-17.19,1,0,0.0417,114.242,0.0882,7
0.838,0.8079999999999999,240159,0.444,0,0.00141,3,0.643,-9.531,1,33,0.0714,128.47,0.785,5
0.0466,0.742,221176,0.882,0,0.0,7,0.206,-2.862,1,76,0.117,102.04,0.463,1
1.81e-06,0.441,155533,0.941,0,0.857,8,0.365,-4.589,0,33,0.0383,101.768,0.525,3
0.0711,0.635,285893,0.411,0,0.0,5,0.104,-13.679,1,39,0.0376,103.857,0.465,3
0.975,0.461,415000,0.373,0,7.34e-06,2,0.565,-13.465,0,0,0.11,120.0,0.295,7
0.0433,0.434,263400,0.6579999999999999,0,0.00201,11,0.0992,-14.211,1,43,0.0428,111.641,0.5710000000000001,4
0.995,0.43,126440,0.101,0,0.931,9,0.11,-29.161,1,0,0.0651,126.113,0.706,10
0.989,0.57,133561,0.7909999999999999,0,7.45e-05,8,0.376,-8.908999999999997,1,0,0.79,85.715,0.513,8
8.95e-06,0.311,340747,0.99,0,0.5670000000000001,10,0.336,-3.889,0,42,0.21,105.654,0.126,2
0.506,0.7440000000000001,328293,0.545,0,0.0977,0,0.0649,-9.361,1,63,0.0297,97.409,0.34600000000000003,2
0.775,0.502,692293,0.212,0,0.00409,0,0.0871,-15.64,1,6,0.0311,139.553,0.359,7
0.0904,0.846,196827,0.595,0,1.96e-06,0,0.063,-8.372,1,66,0.0439,101.632,0.78,2
0.0608,0.802,241493,0.802,0,0.000252,2,0.0727,-6.709,1,37,0.0513,116.316,0.912,4
0.059,0.677,234684,0.479,0,0.0,5,0.171,-9.11,1,50,0.0396,133.99,0.163,1
0.993,0.261,103053,0.0808,0,0.0764,0,0.151,-13.299,1,12,0.0441,83.331,0.0945,7
0.0234,0.79,172920,0.523,0,0.00102,5,0.109,-7.627000000000002,1,43,0.0293,122.358,0.606,2
1.59e-06,0.23,196827,0.768,0,0.922,9,0.28300000000000003,-7.356,1,32,0.046,99.053,0.297,4
0.594,0.685,209440,0.805,0,7.57e-06,7,0.142,-5.492000000000001,1,35,0.0478,130.665,0.89,6
0.174,0.552,261747,0.87,0,5.28e-05,7,0.511,-4.266,1,36,0.13,121.503,0.873,3
0.728,0.53,165560,0.491,0,0.8,6,0.303,-8.551,0,0,0.0404,115.611,0.614,8
0.147,0.7170000000000001,277840,0.59,0,0.0,0,0.0911,-4.825,0,49,0.113,131.904,0.7829999999999999,2
0.382,0.6970000000000001,165978,0.505,0,0.0,0,0.161,-7.697999999999999,0,74,0.0527,129.907,0.325,0
0.94,0.379,106920,0.0355,0,0.0,2,0.111,-22.683000000000003,1,10,0.0483,125.857,0.475,7
0.992,0.54,185400,0.289,0,0.407,0,0.138,-11.337,0,0,0.0435,172.22799999999995,0.718,8
0.995,0.573,202480,0.248,0,0.005,7,0.122,-13.306,1,0,0.0579,157.1,0.551,7
0.993,0.687,187933,0.173,0,0.0,5,0.86,-14.726,1,0,0.0772,114.198,0.765,10
0.35700000000000004,0.578,241307,0.421,0,0.0008560000000000001,2,0.0636,-13.15,1,23,0.0269,111.444,0.382,4
0.0471,0.6,248173,0.534,0,1.46e-05,10,0.063,-12.999,0,48,0.0449,125.397,0.308,4
0.5820000000000001,0.3,260867,0.407,0,0.0,10,0.11,-6.89,1,54,0.0312,129.856,0.0644,3
0.99,0.38,192601,0.525,0,0.94,1,0.438,-12.112,0,0,0.0432,136.156,0.8170000000000001,10
0.0706,0.5589999999999999,126893,0.74,0,0.00306,9,0.132,-8.418,1,25,0.0318,129.261,0.902,6
0.7,0.604,139923,0.392,0,2.97e-05,0,0.273,-14.837,1,24,0.0397,79.538,0.703,5
0.736,0.723,106627,0.621,0,0.0,9,0.297,-7.434,0,52,0.108,88.73299999999998,0.932,2
0.784,0.65,218173,0.215,0,0.307,0,0.0688,-18.242,1,32,0.0355,125.993,0.382,4
0.17800000000000002,0.57,225560,0.821,0,0.0,2,0.289,-4.38,1,64,0.267,210.857,0.408,2
0.7170000000000001,0.464,259093,0.46,0,0.0,11,0.151,-6.874,1,63,0.0393,143.60299999999995,0.476,5
0.213,0.718,207000,0.632,0,1.28e-05,0,0.28300000000000003,-4.011,1,64,0.145,160.039,0.8590000000000001,1
0.499,0.5670000000000001,135733,0.5660000000000001,0,0.262,7,0.5539999999999999,-9.602,1,26,0.0492,98.307,0.764,6
0.0664,0.5670000000000001,290800,0.52,0,0.0008550000000000001,2,0.105,-13.321,1,26,0.0489,130.64,0.64,5
0.0399,0.615,235000,0.616,0,0.000129,6,0.348,-10.39,0,66,0.133,170.77599999999995,0.836,3
0.925,0.61,366453,0.0824,0,0.0348,0,0.175,-19.523,0,5,0.0548,114.312,0.3720000000000001,7
0.0295,0.655,228893,0.5760000000000001,0,0.115,5,0.132,-6.735,0,66,0.0536,139.953,0.16699999999999998,1
0.959,0.629,187293,0.454,0,0.0953,5,0.134,-7.08,1,0,0.0573,121.033,0.665,9
0.623,0.369,288720,0.758,0,1.7800000000000002e-05,5,0.531,-5.871,1,67,0.0364,140.71,0.6629999999999999,5
0.995,0.685,193271,0.0719,0,0.00599,1,0.266,-8.641,1,0,0.456,174.088,0.784,7
2.22e-05,0.293,278067,0.958,0,6.64e-06,9,0.35700000000000004,-3.741,0,64,0.138,164.935,0.2,1
0.575,0.518,206267,0.229,0,0.00363,7,0.123,-17.18,0,56,0.027000000000000003,106.665,0.159,4
0.265,0.627,98800,0.185,1,6.9e-05,5,0.118,-19.923,0,0,0.945,78.125,0.588,8
0.963,0.238,86960,0.244,0,0.274,10,0.653,-21.163,0,0,0.049,59.563,0.328,8
0.959,0.28600000000000003,229760,0.214,0,5.94e-05,1,0.446,-12.611,1,36,0.0327,87.685,0.17800000000000002,7
0.99,0.7190000000000001,196809,0.134,0,0.0,2,0.131,-9.178,1,0,0.188,130.10299999999998,0.5770000000000001,8
0.00525,0.403,189333,0.8909999999999999,0,0.00379,1,0.0519,-8.907,0,51,0.139,88.936,0.4270000000000001,5
0.193,0.565,263333,0.541,0,3.45e-06,9,0.0582,-8.426,1,60,0.0376,82.006,0.226,2
0.7390000000000001,0.51,145107,0.399,0,0.0,0,0.146,-6.706,1,0,0.062,140.299,0.782,7
0.202,0.498,452373,0.42,0,0.0113,5,0.241,-9.55,0,33,0.068,182.668,0.8270000000000001,6
0.076,0.7829999999999999,412640,0.737,0,0.0173,9,0.033,-5.002,1,31,0.0597,117.296,0.8109999999999999,4
0.015,0.6,118186,0.608,0,0.15,0,0.196,-10.691,1,33,0.0938,119.008,0.34600000000000003,4
0.892,0.642,213240,0.483,0,0.8440000000000001,9,0.174,-13.722,0,27,0.0872,181.229,0.39,6
0.994,0.5329999999999999,196907,0.139,0,0.379,2,0.154,-13.44,0,0,0.267,196.315,0.8079999999999999,8
0.466,0.5379999999999999,222133,0.34600000000000003,0,1.24e-05,4,0.0929,-14.403,1,53,0.0252,85.031,0.459,5
0.47,0.6729999999999999,266333,0.507,0,0.000205,9,0.128,-9.882,0,37,0.0293,86.105,0.574,4
0.711,0.456,364160,0.32299999999999995,0,0.032,5,0.204,-13.053,1,53,0.0337,120.937,0.418,6
0.863,0.35600000000000004,469224,0.302,0,0.546,2,0.634,-14.528,1,65,0.0346,72.623,0.126,5
0.12,0.6829999999999999,227187,0.7879999999999999,0,0.0,7,0.0785,-5.57,1,56,0.0487,103.933,0.912,2
0.245,0.5720000000000001,210236,0.742,0,0.0,8,0.108,-4.589,0,74,0.0347,127.19,0.376,0
0.916,0.416,238580,0.341,0,1.13e-06,0,0.263,-9.168,1,50,0.0402,139.899,0.32,1
0.98,0.392,213943,0.0176,0,0.00363,9,0.185,-22.999,1,0,0.0505,179.68,0.643,8
0.349,0.631,235013,0.609,0,0.777,2,0.223,-9.803,1,43,0.0509,124.983,0.267,2
0.893,0.28800000000000003,197933,0.32299999999999995,0,0.944,0,0.159,-11.695,0,18,0.0365,104.119,0.162,7
0.94,0.574,134467,0.629,0,1.04e-05,8,0.162,-6.563,0,6,0.0365,131.97,0.634,6
0.995,0.455,189153,0.112,0,0.462,5,0.15,-15.657,1,0,0.038,110.789,0.725,9
0.975,0.215,533133,0.14300000000000002,0,0.665,10,0.127,-23.68,1,0,0.0543,174.546,0.06,7
0.8170000000000001,0.518,171600,0.5429999999999999,0,6.64e-06,7,0.0637,-7.9460000000000015,1,19,0.0408,184.819,0.878,6
0.778,0.608,167267,0.165,0,0.0,2,0.127,-13.038,1,35,0.0618,127.909,0.562,3
0.919,0.184,173400,0.208,0,5.04e-05,3,0.105,-13.18,1,16,0.036000000000000004,82.542,0.163,6
0.242,0.738,151427,0.775,1,0.0,6,0.637,-2.597,1,44,0.28300000000000003,119.989,0.75,2
0.687,0.603,168627,0.5589999999999999,0,0.000192,7,0.369,-10.2,1,13,0.0302,125.981,0.925,7
0.307,0.522,181360,0.701,0,0.044,5,0.39,-9.071,1,36,0.0372,157.257,0.925,5
0.000182,0.325,302853,0.94,0,7.890000000000001e-05,1,0.369,-6.192,1,34,0.0885,152.186,0.312,4
0.023,0.711,289333,0.8270000000000001,0,7.93e-06,8,0.29600000000000004,-14.404000000000002,1,36,0.0639,105.204,0.593,4
0.762,0.7829999999999999,178227,0.388,0,0.0,7,0.0541,-6.806,1,52,0.0669,121.891,0.974,2
0.994,0.344,314693,0.129,0,0.000322,3,0.0598,-17.855999999999995,0,3,0.0409,92.537,0.104,7
0.00678,0.647,257240,0.855,0,0.00014199999999999998,6,0.0798,-11.573,1,39,0.0317,131.845,0.812,4
0.7070000000000001,0.16899999999999998,1241267,0.124,0,0.173,2,0.418,-23.146,1,31,0.0532,76.316,0.0429,4
0.8290000000000001,0.586,160667,0.344,0,0.0,4,0.281,-12.662,0,50,0.0324,109.948,0.55,3
0.909,0.621,188933,0.23,0,2.77e-06,8,0.115,-18.579,1,44,0.091,143.31,0.638,3
0.000119,0.43,189853,0.868,0,0.000389,0,0.0836,-4.44,1,54,0.0639,138.80700000000002,0.16399999999999998,2
0.991,0.371,45400,0.235,0,0.934,3,0.252,-18.387,1,0,0.0346,112.313,0.192,8
0.0957,0.7440000000000001,167845,0.483,0,0.0322,4,0.408,-7.7120000000000015,0,47,0.0408,125.953,0.298,1
0.583,0.524,228107,0.679,0,5.79e-05,6,0.163,-8.68,1,55,0.0435,172.977,0.6759999999999999,1
0.495,0.444,229213,0.379,0,0.000152,2,0.0762,-12.867,1,34,0.0434,59.149,0.647,5
0.994,0.504,188853,0.373,0,0.882,7,0.0801,-10.175,1,0,0.0456,114.78,0.779,8
0.0811,0.757,232507,0.78,0,0.0,1,0.113,-5.038,1,44,0.319,97.917,0.59,2
0.94,0.306,251893,0.157,0,0.313,7,0.0544,-20.095,0,0,0.0453,95.834,0.129,8
0.989,0.5379999999999999,176907,0.131,0,0.933,0,0.124,-20.279,1,1,0.0492,116.366,0.743,9
0.867,0.417,29507,0.141,0,1.85e-05,2,0.244,-15.198,1,0,0.0371,86.649,0.126,7
0.0431,0.512,213733,0.687,0,0.0107,9,0.12,-11.717,1,27,0.0409,101.352,0.6809999999999999,6
0.0397,0.486,151960,0.948,0,0.0,9,0.258,-4.61,1,58,0.208,110.033,0.188,1
0.126,0.534,358933,0.984,0,0.00199,4,0.982,-5.058,0,30,0.297,115.991,0.114,3
0.145,0.713,358160,0.359,0,1.5e-06,10,0.127,-17.563,0,20,0.936,126.639,0.64,9
0.0102,0.5579999999999999,236773,0.823,0,9.45e-05,10,0.209,-4.588,1,47,0.132,138.376,0.564,2
0.825,0.459,145926,0.487,0,0.000205,8,0.397,-7.914,1,13,0.0357,122.367,0.483,6
0.175,0.828,239720,0.64,0,6.14e-05,2,0.0996,-8.248,1,45,0.0355,109.993,0.519,1
0.0293,0.799,659000,0.632,0,0.359,10,0.103,-12.364,1,52,0.0332,128.567,0.967,5
0.225,0.634,223360,0.568,0,3.74e-05,5,0.399,-13.524,0,27,0.0446,113.149,0.963,5
0.0408,0.907,150115,0.539,1,0.0,4,0.253,-7.782,1,79,0.36,124.918,0.664,1
0.0828,0.518,221773,0.613,0,0.0124,4,0.109,-9.613,1,35,0.0297,77.665,0.472,3
0.992,0.4920000000000001,39307,0.0361,0,0.0134,1,0.138,-27.432,1,2,0.0518,88.39200000000002,0.252,7
0.818,0.401,130133,0.101,0,0.00023,0,0.152,-21.78,0,0,0.0554,142.026,0.331,8
0.8859999999999999,0.623,184293,0.217,0,0.85,0,0.126,-15.607,1,14,0.0452,100.421,0.54,6
0.00457,0.425,218432,0.8590000000000001,0,0.946,0,0.147,-11.481,1,25,0.0572,92.769,0.76,6
0.219,0.907,289267,0.831,1,0.0,9,0.35700000000000004,-5.291,1,45,0.219,149.99,0.901,2
0.0265,0.506,210853,0.7559999999999999,0,0.0021100000000000003,0,0.109,-4.23,0,29,0.0328,115.696,0.321,3
0.0133,0.713,385543,0.753,0,0.0101,6,0.313,-11.864,1,27,0.0844,127.854,0.7959999999999999,4
0.168,0.6890000000000001,208267,0.4370000000000001,0,0.0,1,0.0553,-16.576,0,24,0.1,87.736,0.935,5
0.0092,0.701,170547,0.664,0,0.116,4,0.452,-8.248,0,51,0.0362,130.41899999999998,0.8140000000000001,5
0.042,0.426,169507,0.8220000000000001,0,0.0021100000000000003,9,0.943,-8.383,1,30,0.134,105.688,0.435,5
0.846,0.35600000000000004,172480,0.512,0,0.6629999999999999,5,0.232,-11.412,1,12,0.0315,154.95600000000005,0.877,7
0.728,0.6709999999999999,180673,0.581,0,0.772,4,0.0887,-10.8,1,0,0.0454,154.58700000000005,0.8220000000000001,7
0.00236,0.34700000000000003,215413,0.68,0,3.08e-06,4,0.108,-4.447,1,49,0.034,145.063,0.243,1
0.0705,0.674,150867,0.473,0,4.79e-05,2,0.0593,-7.193,1,46,0.0362,125.046,0.847,6
0.0768,0.654,236507,0.721,0,0.00596,9,0.0884,-9.225,0,25,0.104,96.098,0.595,5
0.8,0.339,836813,0.121,0,0.787,3,0.1,-13.094,1,0,0.0372,77.003,0.301,9
0.131,0.66,278280,0.7509999999999999,0,0.000196,9,0.11,-6.3329999999999975,1,48,0.108,94.491,0.563,4
0.959,0.585,116533,0.114,0,0.0726,10,0.0874,-15.441,1,0,0.0451,166.514,0.307,8
0.215,0.438,243560,0.526,0,0.0154,4,0.122,-9.913,1,50,0.0273,95.218,0.5429999999999999,5
0.458,0.425,531867,0.302,0,1.21e-06,4,0.12,-13.035,1,39,0.04,84.182,0.463,3
0.921,0.6459999999999999,157520,0.361,0,0.00107,5,0.15,-8.308,1,10,0.0502,84.057,0.537,6
0.4,0.7609999999999999,222560,0.838,0,0.0,4,0.17600000000000002,-3.073,0,74,0.0502,93.974,0.71,1
0.483,0.474,186973,0.48,0,1.43e-06,8,0.0641,-11.715,1,27,0.0398,113.117,0.411,4
0.979,0.511,198347,0.337,0,0.882,6,0.223,-15.268,1,0,0.104,73.206,0.5820000000000001,8
0.455,0.669,185067,0.5329999999999999,0,1.19e-06,4,0.103,-9.988,1,36,0.028,114.175,0.836,5
0.21600000000000005,0.752,180867,0.483,0,2.35e-06,2,0.152,-11.319,1,30,0.0785,135.906,0.816,6
0.983,0.657,168000,0.313,0,0.00805,5,0.192,-7.752999999999999,0,0,0.0401,124.949,0.674,9
0.863,0.563,179120,0.355,0,2.9e-05,5,0.211,-16.875,0,0,0.196,112.663,0.953,8
0.1,0.759,280000,0.79,0,0.29100000000000004,8,0.0306,-9.005,0,38,0.124,118.583,0.7390000000000001,4
0.408,0.644,165347,0.583,0,0.000562,5,0.2,-10.211,1,39,0.0331,96.768,0.936,3
0.21,0.498,397067,0.721,0,0.0,9,0.284,-6.0939999999999985,1,23,0.0314,101.406,0.774,6
0.665,0.684,186467,0.4920000000000001,0,0.0,2,0.131,-11.31,0,19,0.0351,121.377,0.89,4
0.0468,0.6629999999999999,177440,0.799,0,0.000546,0,0.097,-7.194,1,27,0.0447,145.967,0.477,6
0.984,0.5,204533,0.14,0,0.901,10,0.103,-15.914,0,18,0.0422,80.684,0.399,7
0.984,0.29600000000000004,208133,0.151,0,0.00024,7,0.0883,-13.627,0,10,0.0361,122.98,0.13,7
0.298,0.562,142067,0.525,0,0.0,5,0.0691,-13.038,1,34,0.0338,80.508,0.7859999999999999,6
0.6559999999999999,0.42,351678,0.662,0,0.000423,4,0.096,-9.828,0,48,0.0341,147.94899999999996,0.378,5
0.888,0.342,225093,0.342,0,0.000138,0,0.217,-15.885,1,0,0.0359,125.741,0.374,8
0.0661,0.6859999999999999,272282,0.906,0,0.0,2,0.0978,-3.216,1,58,0.0369,104.046,0.633,1
0.277,0.529,95000,0.8590000000000001,0,0.403,11,0.104,-5.7429999999999986,0,53,0.0471,117.497,0.484,1
0.525,0.541,296120,0.5489999999999999,0,0.0,7,0.325,-8.891,1,35,0.0368,135.665,0.251,5
0.0107,0.855,199385,0.645,1,0.0,5,0.226,-6.3210000000000015,0,71,0.0545,129.999,0.654,0
0.991,0.825,144693,0.16699999999999998,0,0.762,11,0.0775,-14.835,1,2,0.0907,131.594,0.411,8
0.227,0.643,110800,0.152,1,0.0,6,0.26,-19.18,1,0,0.948,159.903,0.654,8
0.00889,0.371,220627,0.985,0,0.000663,6,0.56,-2.644,1,39,0.128,144.986,0.4270000000000001,3
7.780000000000001e-05,0.403,240667,0.85,0,0.0128,8,0.7979999999999999,-10.1,1,25,0.102,128.211,0.534,4
0.000132,0.509,312613,0.95,0,0.00302,9,0.0937,-4.535,0,51,0.061,126.591,0.705,3
0.17,0.526,209093,0.893,1,0.0,10,0.18600000000000005,-6.1110000000000015,0,42,0.418,174.555,0.44,3
0.789,0.274,155573,0.411,0,1.62e-05,2,0.105,-8.684,1,37,0.0336,153.922,0.5329999999999999,7
0.92,0.536,221693,0.135,0,0.262,3,0.0902,-13.91,0,6,0.0351,112.873,0.376,7
0.0477,0.7240000000000001,281493,0.535,0,0.0,3,0.0314,-7.616,0,53,0.0588,133.816,0.664,3
0.0388,0.611,235227,0.855,0,0.0478,4,0.078,-3.431,0,29,0.0606,115.934,0.757,4
0.0834,0.532,304000,0.7559999999999999,0,0.00872,4,0.246,-7.182,1,21,0.0266,95.241,0.503,4
0.858,0.878,159267,0.227,0,2.29e-05,0,0.0731,-13.36,1,40,0.0572,114.483,0.898,4
0.772,0.626,146347,0.5329999999999999,0,0.0,5,0.477,-8.568999999999999,1,5,0.149,134.963,0.664,7
0.762,0.6459999999999999,289999,0.174,0,0.0,0,0.261,-18.252,0,0,0.962,89.795,0.399,9
0.6459999999999999,0.526,284893,0.737,0,0.0,2,0.207,-9.816,0,20,0.102,118.002,0.6809999999999999,6
0.635,0.5539999999999999,176027,0.375,0,4.45e-05,6,0.154,-5.3,0,31,0.0382,95.163,0.434,6
0.205,0.569,222000,0.593,1,0.00159,9,0.103,-6.132999999999999,1,37,0.0294,148.655,0.583,2
0.993,0.785,195090,0.358,0,0.732,11,0.131,-8.914,0,0,0.0951,121.801,0.6829999999999999,8
0.7490000000000001,0.43,578000,0.449,0,0.29600000000000004,7,0.636,-14.731,1,7,0.0393,139.415,0.7659999999999999,6
0.069,0.211,186893,0.951,0,0.0292,6,0.262,-4.169,0,41,0.0973,128.374,0.396,4
0.00045,0.69,232093,0.507,0,0.6859999999999999,10,0.0467,-14.407,0,22,0.0447,116.342,0.888,5
0.991,0.403,280427,0.236,0,0.889,2,0.2,-15.336,1,0,0.052000000000000005,95.918,0.539,7
0.281,0.635,287280,0.448,0,0.00632,4,0.0563,-10.126,1,53,0.0361,134.126,0.275,1
0.952,0.486,189093,0.377,0,0.633,5,0.314,-12.636,1,35,0.0454,132.504,0.753,5
0.988,0.35600000000000004,289560,0.249,0,0.878,10,0.115,-18.823,1,0,0.0368,93.831,0.255,8
0.907,0.42,206333,0.21600000000000005,0,3.91e-05,0,0.174,-14.985,1,34,0.0304,100.591,0.117,5
0.0141,0.513,175040,0.659,0,0.35200000000000004,2,0.294,-4.909,1,16,0.0314,101.437,0.652,6
3.88e-05,0.418,222506,0.764,0,0.58,3,0.574,-6.836,1,35,0.0353,100.04,0.358,3
0.994,0.378,181680,0.0943,0,0.905,0,0.121,-24.061,0,17,0.0453,135.056,0.515,6
0.7829999999999999,0.693,345600,0.5489999999999999,0,0.612,8,0.16,-14.054,0,27,0.0443,94.072,0.8590000000000001,5
0.388,0.698,289267,0.856,0,0.0,9,0.139,-8.402999999999999,1,28,0.0444,101.28,0.831,5
0.632,0.411,188920,0.314,0,0.0,5,0.151,-10.682,1,14,0.0312,105.273,0.389,7
0.0445,0.589,453949,0.72,0,0.0142,11,0.364,-8.33,0,50,0.0309,111.602,0.648,1
0.8859999999999999,0.5720000000000001,246093,0.117,0,0.0,4,0.0908,-18.905,0,21,0.0307,113.259,0.418,6
0.331,0.71,254067,0.462,0,0.0,9,0.13699999999999998,-9.737,1,44,0.211,117.601,0.937,3
0.985,0.487,159414,0.757,0,0.901,10,0.14,-13.43,1,0,0.0739,82.625,0.467,8
0.00882,0.606,243040,0.85,0,0.000215,8,0.0965,-10.720999999999998,1,48,0.0389,113.794,0.5429999999999999,4
0.947,0.147,140845,0.0975,0,0.652,2,0.131,-15.396,0,0,0.0385,165.503,0.0351,9
0.405,0.753,257907,0.349,0,0.006690000000000001,9,0.0782,-9.136,0,37,0.0275,107.971,0.289,3
0.6,0.433,320053,0.452,0,9.33e-06,8,0.0806,-10.139,1,30,0.0251,94.53,0.377,6
0.00012,0.442,74467,0.846,0,0.713,4,0.0653,-14.338,0,21,0.0802,102.584,0.22,4
0.0505,0.777,221653,0.782,0,0.0,0,0.64,-4.435,0,75,0.0907,94.023,0.773,1
0.000338,0.6829999999999999,340067,0.915,1,0.051,7,0.115,-12.52,0,32,0.0455,124.484,0.173,4
0.969,0.441,167643,0.511,0,0.328,11,0.608,-6.84,1,0,0.18600000000000005,171.30599999999995,0.7659999999999999,8
0.7709999999999999,0.578,260027,0.293,0,6.93e-06,4,0.18600000000000005,-13.89,1,46,0.0287,133.399,0.589,5
0.892,0.585,267133,0.233,0,0.000611,10,0.114,-15.949000000000002,1,62,0.028,140.666,0.481,2
0.0265,0.93,457267,0.523,0,0.00116,9,0.133,-9.698,1,39,0.0942,124.168,0.8490000000000001,4
0.586,0.5489999999999999,181067,0.345,1,6.14e-05,0,0.0537,-16.77,1,43,0.463,155.368,0.8320000000000001,4
0.411,0.6629999999999999,169787,0.397,0,0.738,0,0.146,-8.541,0,25,0.0347,117.969,0.539,5
0.0579,0.6859999999999999,181387,0.8640000000000001,0,0.0,9,0.0527,-2.611,1,44,0.121,111.846,0.8290000000000001,3
0.219,0.4270000000000001,274867,0.631,0,0.0,10,0.0785,-6.388,1,41,0.0348,134.46200000000002,0.28,4
0.239,0.575,176600,0.843,0,5.16e-06,2,0.0764,-5.931,1,56,0.0584,128.16899999999998,0.858,6
0.27,0.71,246760,0.8079999999999999,1,0.0,6,0.208,-4.877,0,55,0.0418,101.784,0.698,2
0.287,0.655,124700,0.109,1,0.0,11,0.542,-17.942999999999994,0,0,0.951,91.953,0.705,8
0.846,0.482,169240,0.281,0,0.0,5,0.373,-11.679,1,12,0.0414,125.23,0.344,7
0.985,0.478,233128,0.0164,0,0.959,2,0.121,-30.142,1,28,0.04,109.094,0.32299999999999995,4
0.14,0.715,250867,0.8270000000000001,0,0.17600000000000002,1,0.243,-8.555,1,41,0.0369,116.213,0.901,5
0.84,0.513,188280,0.222,0,5.3799999999999986e-05,5,0.121,-13.239,1,49,0.0787,165.885,0.393,2
0.388,0.29,334400,0.84,0,0.848,4,0.475,-10.427,1,40,0.0457,89.182,0.229,3
0.911,0.579,175400,0.386,0,0.00231,10,0.11,-10.303,1,1,0.0823,174.19,0.765,9
0.984,0.106,602467,0.0563,0,0.86,2,0.0615,-25.867,0,0,0.0517,79.959,0.0379,7
0.000168,0.51,195227,0.8440000000000001,0,0.000449,11,0.13699999999999998,-6.444,1,50,0.0567,104.966,0.4320000000000001,3
0.00176,0.637,143640,0.503,0,0.627,11,0.0988,-11.619000000000002,0,38,0.0354,156.119,0.908,3
0.503,0.601,135160,0.486,0,0.0,2,0.103,-11.246,1,34,0.0316,98.504,0.62,3
0.0232,0.365,454000,0.732,0,0.56,10,0.969,-11.272,1,33,0.0332,124.177,0.7879999999999999,3
0.111,0.6940000000000001,251573,0.602,0,0.006999999999999999,9,0.111,-9.575,0,31,0.0266,113.87,0.8420000000000001,4
0.341,0.375,201781,0.389,0,9.58e-06,7,0.0984,-9.411,1,39,0.0324,77.523,0.4,3
0.108,0.464,205281,0.973,0,0.0,0,0.199,-5.4170000000000025,1,36,0.0681,132.81,0.484,5
0.0030800000000000003,0.812,226440,0.6,0,8.38e-06,7,0.173,-9.414,1,63,0.254,97.338,0.555,3
0.578,0.391,221093,0.5589999999999999,0,0.0,3,0.138,-6.371,1,57,0.197,178.482,0.7190000000000001,1
0.0602,0.6709999999999999,171373,0.362,0,8.31e-06,10,0.0601,-12.189,1,28,0.377,76.123,0.738,4
0.271,0.765,183449,0.483,0,0.0,7,0.152,-7.103,1,51,0.0942,102.563,0.965,1
0.0988,0.726,114500,0.128,1,0.0,0,0.0822,-19.978,1,0,0.8320000000000001,99.984,0.573,8
0.979,0.244,333733,0.107,0,0.8690000000000001,3,0.159,-22.906,1,45,0.0348,106.323,0.0325,2
0.0666,0.414,677907,0.718,0,0.438,2,0.0878,-9.72,1,25,0.103,152.28799999999995,0.743,5
0.5,0.28,221627,0.48,0,0.0,1,0.168,-8.413,0,55,0.0318,125.674,0.345,6
0.337,0.684,271120,0.377,0,0.0,11,0.189,-17.174,1,13,0.937,88.771,0.7140000000000001,9
0.44,0.562,189827,0.314,0,1.1e-05,10,0.106,-15.213,0,34,0.0298,166.847,0.5710000000000001,3
0.0193,0.324,341120,0.7340000000000001,0,0.00181,0,0.0727,-8.009,1,35,0.0306,81.977,0.358,4
0.000152,0.441,180933,0.461,0,5.18e-05,9,0.081,-10.969,1,36,0.0273,102.412,0.13699999999999998,3
0.0329,0.513,300560,0.6579999999999999,0,9.3e-05,0,0.0805,-6.432,1,39,0.0277,177.625,0.336,3
7.27e-06,0.552,233720,0.973,1,0.498,3,0.099,-6.091,0,38,0.0646,120.306,0.455,3
0.522,0.6779999999999999,237827,0.894,0,0.0,11,0.299,-2.093,1,56,0.0537,115.13,0.939,1
0.845,0.469,187839,0.348,0,0.926,1,0.488,-11.375,1,33,0.0413,159.03799999999995,0.579,5
0.569,0.7090000000000001,110900,0.0941,1,0.0,7,0.626,-22.525,1,0,0.957,109.543,0.6729999999999999,8
0.994,0.35700000000000004,195640,0.154,0,0.928,3,0.244,-12.929,0,0,0.0391,138.28799999999998,0.122,8
0.138,0.622,243160,0.608,0,5.38e-06,10,0.273,-5.085,1,71,0.036000000000000004,89.661,0.607,2
0.6759999999999999,0.532,280827,0.4920000000000001,0,6.12e-05,9,0.086,-9.255,1,52,0.0312,79.242,0.366,2
0.812,0.376,175760,0.28300000000000003,0,4.66e-05,11,0.29600000000000004,-16.055999999999994,1,8,0.0444,187.521,0.7879999999999999,8
0.273,0.322,307853,0.603,0,0.124,7,0.362,-8.347000000000001,1,32,0.0297,79.468,0.3670000000000001,5
0.183,0.561,210427,0.241,0,0.0,11,0.8690000000000001,-13.154000000000002,1,12,0.319,88.586,0.489,6
0.1,0.586,198227,0.759,0,0.0,7,0.084,-5.337999999999999,1,56,0.0457,184.031,0.687,1
0.585,0.807,269387,0.625,1,6.47e-06,1,0.11,-6.57,0,51,0.114,94.064,0.7559999999999999,2
0.426,0.626,309760,0.675,0,2.19e-05,1,0.0948,-6.7860000000000005,1,52,0.0364,171.794,0.928,2
0.00978,0.625,167533,0.857,0,0.0,1,0.0829,-8.993,1,25,0.0595,144.88,0.938,5
0.013,0.424,277280,0.7140000000000001,0,0.0,7,0.0925,-4.433,1,53,0.0352,171.965,0.337,1
0.99,0.72,199213,0.214,0,6.03e-06,7,0.14800000000000002,-6.5710000000000015,0,12,0.07,82.921,0.58,10
0.903,0.215,438813,0.0392,0,0.861,5,0.25,-25.914,1,0,0.0373,77.845,0.0415,7
0.266,0.7490000000000001,120400,0.32,0,0.0,1,0.14400000000000002,-18.224,0,3,0.965,67.72,0.26,7
0.8959999999999999,0.421,121800,0.431,0,0.772,2,0.182,-18.066,0,27,0.0453,120.019,0.416,5
0.988,0.563,203693,0.354,0,0.742,8,0.266,-13.317,1,0,0.0465,152.856,0.96,8
0.511,0.5,425693,0.63,0,0.0,9,0.107,-10.749,1,21,0.0425,134.686,0.613,5
0.456,0.503,207227,0.454,0,0.0,0,0.0294,-8.15,1,49,0.0432,151.799,0.797,2
0.18,0.622,254907,0.877,0,0.0,0,0.0596,-5.29,0,35,0.0385,125.89,0.96,3
0.335,0.604,178333,0.562,0,0.0102,0,0.18,-13.38,0,20,0.0306,97.221,0.882,7
0.431,0.76,215625,0.444,0,1.25e-06,0,0.106,-8.976,0,62,0.386,144.15,0.66,1
0.051,0.733,221413,0.882,0,9.92e-06,0,0.131,-4.199,0,64,0.0389,123.071,0.8540000000000001,1
0.875,0.468,296053,0.517,1,0.00705,0,0.171,-7.049,0,63,0.0574,69.282,0.425,1
1.62e-05,0.374,248747,0.92,0,0.026,6,0.0802,-4.6530000000000005,1,64,0.0501,191.014,0.278,2
0.565,0.624,153320,0.625,0,1.0800000000000003e-05,10,0.171,-10.775,1,27,0.0349,106.736,0.889,5
0.981,0.257,200400,0.358,0,0.0604,5,0.165,-8.386000000000001,1,1,0.0375,171.44,0.345,8
0.154,0.836,359213,0.7090000000000001,0,0.392,11,0.0894,-9.135,0,58,0.0352,145.952,0.969,2
0.0675,0.815,389500,0.6809999999999999,0,0.012,10,0.117,-5.785,0,57,0.0854,90.008,0.8029999999999999,2
0.979,0.19,218059,0.312,0,0.613,11,0.214,-8.533999999999999,1,0,0.0298,139.248,0.0701,8
0.8590000000000001,0.664,160920,0.23,0,0.902,9,0.12,-16.319000000000006,0,32,0.0354,142.785,0.505,7
0.945,0.279,179279,0.306,0,0.0,8,0.116,-8.304,1,0,0.0304,76.92399999999998,0.341,7
0.373,0.691,255040,0.402,0,0.000117,0,0.0607,-9.628,1,48,0.0299,112.654,0.55,3
0.00329,0.556,254320,0.708,0,0.0,7,0.329,-5.7079999999999975,1,63,0.039,128.006,0.206,1
0.359,0.498,393340,0.6609999999999999,0,0.165,2,0.0934,-6.526,0,0,0.0409,119.43,0.6940000000000001,8
0.00884,0.738,308898,0.857,1,1.41e-05,7,0.316,-7.385,1,35,0.098,150.024,0.927,2
6.64e-05,0.355,283790,0.893,0,0.0189,9,0.233,-3.921,1,50,0.0391,104.02,0.653,3
0.109,0.5539999999999999,256693,0.863,1,0.0,0,0.305,-5.511,1,38,0.412,78.342,0.687,2
0.00288,0.7170000000000001,220040,0.72,1,0.0,1,0.327,-5.983,1,51,0.0567,130.07299999999998,0.0714,1
0.0262,0.813,279160,0.6829999999999999,0,0.00105,2,0.159,-9.413,1,37,0.0549,143.553,0.966,5
0.922,0.736,167867,0.246,0,0.0,8,0.141,-20.149,1,0,0.388,137.643,0.644,9
0.83,0.547,176133,0.343,0,2.09e-05,6,0.13,-9.895,1,19,0.0359,130.207,0.6920000000000001,6
0.14800000000000002,0.293,371067,0.601,0,0.495,7,0.108,-10.815,0,23,0.0568,136.755,0.141,5
0.908,0.664,386133,0.139,0,0.441,2,0.119,-14.586,0,12,0.0454,106.7,0.412,6
0.8809999999999999,0.563,145707,0.552,0,0.00945,7,0.628,-10.086,1,8,0.0843,106.149,0.725,7
0.181,0.433,170480,0.843,0,0.0,9,0.0484,-7.792999999999997,1,15,0.0515,169.576,0.871,6
0.464,0.631,211461,0.52,0,0.0,9,0.0923,-7.186,0,46,0.0475,159.995,0.755,2
0.723,0.443,238307,0.506,0,0.0104,4,0.0768,-14.505,0,22,0.0343,67.756,0.399,4
0.00778,0.5760000000000001,224031,0.782,0,0.0,6,0.285,-4.825,0,70,0.0296,141.153,0.355,1
0.524,0.5529999999999999,490827,0.691,0,0.006529999999999999,10,0.495,-10.032,1,39,0.0764,124.622,0.371,5
0.6890000000000001,0.581,216227,0.0787,0,0.0,7,0.105,-17.898,1,7,0.0329,114.782,0.364,7
0.0967,0.647,250027,0.557,0,6.72e-06,9,0.118,-8.434,1,23,0.0355,120.03,0.539,6
0.772,0.472,185162,0.616,0,0.388,6,0.188,-12.821,0,0,0.152,180.69,0.7090000000000001,7
0.0726,0.7979999999999999,237333,0.68,1,2.19e-06,1,0.0896,-5.9179999999999975,0,44,0.371,88.156,0.6990000000000001,3
0.679,0.642,254251,0.501,0,0.0,5,0.0984,-6.402,1,61,0.0291,145.186,0.7070000000000001,1
0.957,0.638,204289,0.429,0,6.37e-05,5,0.187,-7.169,1,0,0.0382,85.95100000000002,0.877,8
0.977,0.474,170371,0.262,0,0.000484,3,0.326,-13.966,1,0,0.0501,113.81,0.502,9
0.938,0.632,160400,0.27,0,0.0,2,0.36,-11.937,1,0,0.0358,108.339,0.7809999999999999,9
0.0525,0.436,325907,0.93,0,0.0,4,0.227,-6.572,0,52,0.0597,131.446,0.445,2
0.588,0.532,140573,0.6679999999999999,0,0.0,8,0.037000000000000005,-7.835,1,18,0.0287,108.7,0.816,6
0.8140000000000001,0.652,273773,0.919,0,0.0,10,0.924,-11.395,1,23,0.952,65.244,0.25,4
0.6409999999999999,0.602,310227,0.591,0,0.0232,0,0.226,-6.193,0,12,0.038,114.156,0.738,7
0.0989,0.526,324852,0.722,1,0.0,5,0.31,-8.379,0,52,0.528,92.077,0.505,1
0.0817,0.354,471160,0.731,0,0.00119,2,0.115,-9.178,1,67,0.0381,170.64,0.698,5
0.8109999999999999,0.514,315600,0.415,0,1.3699999999999998e-05,4,0.138,-7.525,0,14,0.111,74.171,0.338,6
0.8009999999999999,0.5770000000000001,128920,0.316,0,0.0,0,0.112,-12.287,1,41,0.0333,65.874,0.4320000000000001,2
0.0299,0.7490000000000001,244253,0.8490000000000001,0,0.000168,4,0.115,-5.761,0,63,0.0544,145.16899999999995,0.959,4
0.0343,0.782,208040,0.605,0,0.000375,8,0.147,-12.514,1,42,0.0393,138.704,0.96,4
0.695,0.528,210080,0.42,1,0.0,2,0.141,-10.187,0,63,0.206,85.176,0.57,1
0.524,0.5660000000000001,208440,0.552,0,0.0,9,0.102,-6.733,0,33,0.0334,133.21,0.462,4
0.254,0.8240000000000001,165360,0.62,0,0.0,0,0.18,-7.051,1,56,0.085,114.495,0.96,2
0.989,0.619,192000,0.506,0,0.893,8,0.15,-12.312,1,0,0.0358,97.039,0.905,8
9.05e-06,0.439,129600,0.68,0,0.752,10,0.258,-14.845999999999998,0,33,0.0419,89.325,0.106,4
0.605,0.727,85800,0.35200000000000004,0,0.0,7,0.366,-22.726,0,0,0.9,83.62799999999999,0.158,8
0.879,0.381,367467,0.267,0,0.229,10,0.261,-17.974,0,43,0.0328,182.325,0.116,3
0.698,0.247,174267,0.141,0,1.11e-06,2,0.25,-15.325,1,17,0.0309,86.39200000000002,0.208,6
0.0627,0.28600000000000003,325627,0.547,0,3.16e-06,4,0.112,-7.922999999999999,1,55,0.0318,174.717,0.453,1
0.0344,0.363,212253,0.728,0,0.0,8,0.0725,-8.362,1,52,0.044,185.287,0.615,3
0.916,0.458,108787,0.503,0,0.0,9,0.506,-5.1789999999999985,1,26,0.0355,127.252,0.557,6
0.311,0.872,213933,0.6759999999999999,1,0.0136,4,0.236,-8.981,0,31,0.207,94.754,0.474,3
0.813,0.439,169013,0.589,0,0.0,10,0.398,-7.1560000000000015,1,8,0.033,92.125,0.696,6
0.662,0.612,191573,0.341,0,3.2500000000000004e-05,9,0.114,-17.114,1,35,0.0302,147.276,0.733,4
0.487,0.487,296725,0.128,0,2.74e-06,2,0.108,-14.654000000000002,1,53,0.0368,132.2,0.306,2
0.649,0.276,185467,0.86,0,0.0,7,0.332,-3.841,1,17,0.129,171.322,0.722,5
0.0172,0.862,251267,0.602,0,0.56,7,0.28800000000000003,-10.673,1,39,0.0618,131.148,0.965,4
0.000909,0.522,149427,0.695,0,0.007409999999999998,9,0.069,-11.77,1,43,0.0393,129.72299999999998,0.6579999999999999,4
0.126,0.531,273920,0.737,0,0.00765,2,0.0756,-6.975,1,54,0.0386,142.215,0.279,4
0.00156,0.429,230773,0.934,0,0.0,8,0.255,-3.747,1,37,0.109,168.08,0.5479999999999999,2
0.028,0.6459999999999999,165720,0.85,0,7.209999999999999e-05,7,0.281,-5.145,1,51,0.043,116.999,0.518,1
0.405,0.657,305240,0.498,0,0.000479,11,0.107,-11.529000000000002,1,52,0.262,164.25,0.46,3
0.393,0.6659999999999999,162467,0.8690000000000001,0,0.00104,5,0.107,-8.711,0,42,0.0608,110.03,0.447,3
0.324,0.5579999999999999,207813,0.618,0,0.0,7,0.341,-6.232,1,46,0.03,119.957,0.362,2
0.28,0.529,146627,0.501,0,2.69e-05,0,0.214,-10.412,1,15,0.0535,109.341,0.963,6
0.0305,0.28300000000000003,420840,0.938,0,0.00015900000000000002,5,0.25,-5.664,1,54,0.0807,154.235,0.741,5
0.944,0.46,179813,0.133,0,0.889,11,0.115,-26.913,0,2,0.0435,118.715,0.569,7
0.895,0.474,193947,0.526,0,0.000386,2,0.113,-9.305,1,0,0.0714,125.577,0.733,8
0.197,0.353,150284,0.87,0,0.327,10,0.123,-7.147,1,46,0.0643,92.113,0.453,3
0.000128,0.395,308307,0.988,1,0.000244,11,0.134,-4.063,0,58,0.246,107.684,0.189,2
0.8009999999999999,0.463,178720,0.285,0,5.29e-06,10,0.333,-9.056,1,40,0.0433,89.066,0.35200000000000004,3
0.995,0.83,174907,0.153,0,0.463,6,0.175,-11.411,0,9,0.116,111.696,0.7929999999999999,10
0.4970000000000001,0.7020000000000001,60307,0.237,0,0.0,0,0.149,-14.33,1,5,0.305,134.628,0.7190000000000001,7
0.954,0.361,209867,0.157,0,0.88,10,0.134,-15.535,1,3,0.0532,77.86399999999998,0.519,7
0.973,0.191,313506,0.0829,0,0.00153,2,0.131,-21.983,1,22,0.0484,78.574,0.19,6
0.18,0.818,199760,0.574,0,0.00016,7,0.0912,-11.666,1,20,0.0328,108.519,0.93,5
0.174,0.506,324373,0.746,0,0.007559999999999998,7,0.123,-7.745,0,31,0.0484,131.344,0.845,5
0.565,0.235,256960,0.154,0,8.27e-05,3,0.102,-16.232,1,56,0.0322,73.85300000000002,0.163,3
0.185,0.6729999999999999,216773,0.8859999999999999,0,0.0,1,0.0826,-4.44,0,82,0.0431,97.012,0.795,1
0.14300000000000002,0.48,139267,0.962,0,0.035,0,0.136,-2.3680000000000003,1,19,0.0354,95.665,0.927,6
0.992,0.621,187617,0.318,0,0.0124,0,0.124,-9.316,1,13,0.0409,128.444,0.693,9
0.363,0.7090000000000001,275400,0.7040000000000001,0,0.0,8,0.344,-6.021,1,53,0.0486,102.003,0.451,1
0.00762,0.632,202467,0.908,0,0.000172,8,0.16699999999999998,-3.511,1,68,0.0458,110.024,0.764,1
0.0209,0.727,232907,0.7140000000000001,0,0.0,2,0.153,-4.494,1,61,0.0872,164.003,0.618,2
0.845,0.5589999999999999,339735,0.138,0,0.821,0,0.135,-14.998,1,27,0.0681,114.827,0.134,6
0.0534,0.274,363453,0.7559999999999999,0,0.00251,0,0.125,-3.1630000000000003,1,25,0.0398,182.683,0.58,5
0.971,0.58,175267,0.34,0,0.34,5,0.151,-8.282,1,8,0.17600000000000002,180.171,0.923,10
0.757,0.6890000000000001,181293,0.264,0,7.06e-05,7,0.132,-11.645,1,0,0.054000000000000006,52.003,0.455,10
0.0894,0.7959999999999999,257867,0.451,0,0.000306,7,0.0932,-15.380999999999998,1,33,0.0363,96.213,0.969,4
0.0766,0.534,290680,0.6759999999999999,1,0.0,1,0.136,-5.987,1,45,0.344,75.443,0.389,2
0.925,0.602,212427,0.22,0,6.89e-06,0,0.21,-14.669,1,0,0.0737,99.733,0.503,8
0.8240000000000001,0.514,144800,0.273,0,0.0,7,0.12,-11.336,1,35,0.0367,92.458,0.301,6
0.000105,0.157,204907,0.995,0,0.46,2,0.954,-3.648,1,36,0.154,185.503,0.15,5
0.946,0.64,180040,0.355,0,0.526,7,0.059,-14.536,1,52,0.066,83.459,0.518,2
0.913,0.585,176373,0.325,0,0.0,9,0.255,-11.6,0,25,0.0419,122.901,0.675,7
0.0354,0.632,167134,0.746,1,0.000895,6,0.115,-6.2570000000000014,0,47,0.28800000000000003,90.045,0.381,1
0.118,0.471,263640,0.865,0,0.0,6,0.0994,-4.1789999999999985,1,57,0.325,92.037,0.516,2
0.893,0.339,218467,0.117,0,0.211,7,0.986,-19.002,0,29,0.0328,77.797,0.307,7
0.968,0.511,51093,0.0347,0,0.792,9,0.0789,-23.527,1,35,0.0431,120.322,0.45,3
0.4920000000000001,0.395,442227,0.7929999999999999,0,0.0627,11,0.7120000000000001,-10.425,0,24,0.0826,137.623,0.198,5
0.473,0.4,202387,0.33,0,7.9e-06,11,0.0885,-13.946,0,29,0.0456,93.783,0.412,6
0.402,0.589,233907,0.382,0,1.23e-06,10,0.116,-12.332,1,47,0.0249,75.497,0.218,3
0.0134,0.637,214960,0.723,1,7.87e-05,2,0.196,-5.5470000000000015,1,76,0.091,143.013,0.228,1
0.0636,0.446,172102,0.759,0,0.0,2,0.098,-5.053,1,54,0.0331,170.17,0.56,1
0.179,0.5489999999999999,231867,0.8640000000000001,1,0.00024,7,0.158,-6.615,1,39,0.0445,104.745,0.594,3
0.191,0.509,238680,0.649,0,0.00195,7,0.313,-7.568,1,28,0.034,133.983,0.633,5
0.985,0.233,227107,0.152,0,0.8190000000000001,3,0.218,-20.616,1,0,0.0479,87.564,0.226,8
0.198,0.454,417147,0.602,0,0.193,5,0.0365,-8.354,0,33,0.0391,118.063,0.445,5
0.988,0.622,192880,0.24,0,0.0103,10,0.284,-7.707000000000002,1,0,0.0779,112.504,0.81,8
0.00198,0.826,313627,0.354,0,9.64e-05,7,0.192,-14.726,1,37,0.053,127.428,0.536,4
0.0966,0.375,151693,0.6,0,0.000972,11,0.759,-9.313,1,48,0.033,169.976,0.916,4
0.942,0.155,238693,0.117,0,0.00368,8,0.127,-15.807,1,15,0.036000000000000004,80.134,0.0424,6
0.995,0.638,194625,0.208,0,0.62,7,0.179,-11.629,0,0,0.329,65.67699999999999,0.672,8
0.0587,0.7070000000000001,105006,0.277,1,0.0,5,0.108,-19.431,1,0,0.947,102.539,0.491,10
0.969,0.338,302080,0.31,0,1.28e-05,8,0.285,-10.967,1,0,0.0455,137.632,0.173,8
0.204,0.765,177307,0.519,0,0.0,11,0.123,-5.504,0,51,0.0887,91.367,0.5710000000000001,2
0.0104,0.35,130920,0.682,0,2.81e-06,9,0.265,-10.894,1,22,0.0355,110.342,0.6629999999999999,4
0.405,0.5720000000000001,469827,0.919,0,0.8420000000000001,9,0.0555,-13.71,0,38,0.0457,116.302,0.961,5
0.784,0.708,1097312,0.211,0,0.0,0,0.208,-18.496,1,0,0.962,107.239,0.563,9
2.9100000000000013e-05,0.5429999999999999,354133,0.982,0,5.56e-05,11,0.187,-3.1710000000000003,0,46,0.098,125.044,0.255,2
0.99,0.407,215187,0.233,0,0.795,0,0.108,-21.147,1,0,0.0367,99.355,0.266,7
0.601,0.4920000000000001,136933,0.445,0,0.0013800000000000002,1,0.29600000000000004,-11.050999999999998,1,25,0.0273,110.728,0.7240000000000001,5
0.104,0.5379999999999999,236840,0.8170000000000001,0,5.93e-05,0,0.968,-8.056000000000001,1,23,0.0892,117.864,0.855,5
0.993,0.375,190533,0.117,0,0.644,9,0.243,-12.416,0,0,0.0358,129.256,0.191,8
0.0824,0.73,264507,0.639,0,0.0,5,0.117,-9.04,1,52,0.0358,132.095,0.857,3
0.537,0.508,323133,0.265,0,0.0046,8,0.15,-12.254,0,34,0.0316,123.936,0.0973,4
0.229,0.894,242080,0.466,0,0.0,9,0.93,-7.794,1,59,0.0603,135.254,0.7979999999999999,1
0.141,0.523,202613,0.911,0,0.0,4,0.105,-2.661,0,45,0.224,84.945,0.6659999999999999,1
0.956,0.407,254120,0.223,0,7.23e-05,8,0.189,-12.64,0,8,0.0315,82.51,0.451,7
0.993,0.616,190117,0.318,0,0.0521,8,0.355,-9.2,1,0,0.129,130.763,0.6559999999999999,8
3.99e-05,0.21600000000000005,406827,0.903,0,0.245,4,0.35600000000000004,-5.066,0,35,0.0839,199.864,0.21,2
0.94,0.165,960920,0.203,0,0.882,10,0.0523,-14.445,1,0,0.0375,72.604,0.13,8
0.701,0.312,140467,0.336,0,0.000102,4,0.2,-13.130999999999998,1,15,0.0308,100.21,0.562,6
0.601,0.465,315560,0.32299999999999995,0,0.000147,7,0.964,-17.745,1,35,0.0481,130.754,0.405,4
0.134,0.448,392440,0.273,0,1.52e-06,10,0.107,-15.682,1,24,0.0404,173.424,0.35100000000000003,5
0.562,0.637,415333,0.639,0,1.19e-06,0,0.0485,-10.023,1,24,0.0302,91.326,0.51,5
0.124,0.667,217104,0.873,1,0.0,10,0.0725,-5.605,1,61,0.314,81.05199999999998,0.799,1
0.0476,0.79,247013,0.875,1,0.0,7,0.312,-6.55,1,49,0.091,139.985,0.759,1
0.8859999999999999,0.583,183627,0.344,0,1.93e-05,0,0.8740000000000001,-11.533,0,0,0.152,133.94799999999998,0.727,7
0.108,0.696,159867,0.527,0,0.000897,8,0.0377,-14.275,1,51,0.0329,128.96200000000002,0.974,3
0.161,0.391,191093,0.919,0,1.4800000000000002e-05,9,0.0628,-8.66,1,24,0.0781,159.344,0.514,4
0.295,0.458,130027,0.8220000000000001,0,0.0,5,0.16399999999999998,-3.933,1,45,0.0592,166.024,0.917,2
0.992,0.495,225045,0.248,0,9.27e-06,3,0.421,-14.984000000000002,1,0,0.0591,205.98,0.846,9
0.983,0.153,410987,0.0391,0,0.928,3,0.0774,-32.652,1,50,0.0362,69.906,0.0737,2
0.965,0.213,650000,0.142,0,0.422,7,0.121,-16.835,1,38,0.0406,92.282,0.0625,3
0.481,0.675,226667,0.725,0,0.00993,9,0.15,-7.024,0,38,0.0347,130.172,0.7120000000000001,2
0.982,0.458,177787,0.095,0,0.875,5,0.114,-19.571,0,0,0.0644,66.828,0.348,7
0.989,0.655,102655,0.417,0,0.0,4,0.653,-11.602,1,0,0.946,68.006,0.568,9
0.993,0.433,186827,0.0571,0,1.85e-05,5,0.11,-18.081,0,3,0.0886,79.515,0.248,8
0.000763,0.358,129400,0.968,0,6.75e-05,7,0.162,-7.0379999999999985,1,37,0.0549,143.264,0.693,3
0.0405,0.578,304867,0.602,0,0.16399999999999998,9,0.13699999999999998,-13.918,1,31,0.0303,121.074,0.708,5
0.398,0.524,217533,0.413,0,0.00014099999999999998,5,0.321,-14.123,1,21,0.0325,153.77200000000005,0.94,6
0.287,0.7240000000000001,201840,0.857,0,0.00023,8,0.077,-6.228,1,21,0.0514,130.842,0.961,5
0.546,0.7509999999999999,263307,0.644,0,0.0,2,0.0323,-5.896,0,45,0.0357,95.316,0.848,3
0.782,0.473,256443,0.7559999999999999,0,0.0475,7,0.145,-8.219,0,45,0.0619,117.479,0.738,1
0.0825,0.502,279613,0.73,0,2.69e-06,0,0.104,-6.979,1,45,0.134,87.889,0.735,4
0.000963,0.578,239827,0.937,0,2.25e-06,5,0.4,-3.926,1,62,0.0724,137.937,0.769,2
0.103,0.705,237213,0.5820000000000001,0,0.00012,7,0.134,-9.311,1,45,0.0322,80.042,0.773,2
0.8859999999999999,0.33,310787,0.209,0,0.0,10,0.103,-11.323,0,9,0.0294,70.863,0.111,6
0.8170000000000001,0.5670000000000001,166773,0.473,0,0.0,5,0.21,-9.468,0,28,0.0267,106.738,0.887,6
0.047,0.764,486027,0.802,0,0.0142,2,0.405,-10.833,1,26,0.0418,127.097,0.975,5
0.000728,0.503,206440,0.836,0,0.222,9,0.182,-9.971,1,2,0.0312,112.251,0.687,9
0.0169,0.505,291947,0.732,0,0.00078,2,0.16399999999999998,-11.242,0,43,0.0333,153.878,0.145,4
0.703,0.496,327867,0.0975,0,0.000714,1,0.0951,-17.234,1,58,0.0318,141.39700000000005,0.36,3
0.993,0.343,212114,0.24,0,0.0341,7,0.114,-12.738,1,0,0.0457,75.723,0.318,8
0.638,0.445,238467,0.573,0,6.69e-06,7,0.114,-7.309,1,59,0.0343,175.985,0.503,2
0.953,0.66,351720,0.29100000000000004,0,0.0862,2,0.136,-13.153,0,8,0.0544,89.928,0.7340000000000001,7
0.828,0.502,162293,0.37,0,0.0,11,0.103,-12.512,1,7,0.0433,127.321,0.388,6
0.452,0.723,314200,0.529,0,0.00191,5,0.0684,-10.005,0,16,0.0431,111.23,0.773,7
0.076,0.488,244507,0.569,0,1.06e-06,2,0.0796,-7.322999999999999,1,49,0.0294,71.92,0.153,1
0.07400000000000001,0.695,163547,0.652,0,6.890000000000001e-05,7,0.0787,-9.051,1,39,0.0316,131.857,0.962,6
0.388,0.272,240400,0.281,1,2.29e-05,1,0.158,-7.633999999999999,1,66,0.0287,89.914,0.141,2
0.175,0.421,458493,0.563,0,0.08800000000000001,10,0.61,-8.368,0,50,0.133,93.919,0.295,2
0.199,0.6709999999999999,163693,0.647,0,0.6809999999999999,0,0.203,-15.797,1,33,0.0357,164.25400000000005,0.802,4
0.595,0.469,163027,0.647,0,1.65e-06,8,0.339,-13.913,1,52,0.0315,147.878,0.942,3
0.857,0.487,331349,0.344,0,0.0035700000000000007,3,0.6779999999999999,-15.396,1,26,0.0428,155.906,0.8590000000000001,6
0.506,0.529,182000,0.933,0,4.41e-05,3,0.0572,-5.8020000000000005,1,47,0.0452,153.549,0.723,5
0.258,0.741,354240,0.757,0,0.0,9,0.109,-8.55,0,44,0.0418,135.694,0.925,4
0.0962,0.59,230640,0.868,0,0.000322,5,0.442,-5.8320000000000025,0,70,0.048,184.348,0.7979999999999999,4
0.6409999999999999,0.35100000000000003,265253,0.447,0,0.0,10,0.16399999999999998,-7.737,1,56,0.0315,103.03,0.305,2
0.856,0.5539999999999999,263227,0.131,0,0.0148,2,0.234,-18.734,1,3,0.0353,93.574,0.615,7
0.985,0.602,166613,0.306,0,0.868,9,0.0894,-16.930999999999994,1,0,0.128,116.731,0.784,8
0.0818,0.5870000000000001,246800,0.625,0,0.0146,2,0.147,-8.322000000000001,1,48,0.0356,71.391,0.593,1
0.0093,0.6779999999999999,294040,0.6579999999999999,0,0.239,8,0.118,-7.3,1,56,0.028,114.209,0.359,3
0.0202,0.517,83040,0.457,0,0.428,0,0.0781,-12.299,1,30,0.0337,135.774,0.171,5
0.7290000000000001,0.544,543880,0.6920000000000001,0,0.208,1,0.44,-9.619,1,12,0.0415,124.696,0.738,6
0.835,0.42,142893,0.321,0,0.000108,10,0.102,-8.881,0,41,0.0339,73.889,0.304,2
0.23,0.415,208933,0.695,0,1.93e-06,7,0.13,-5.8210000000000015,0,66,0.162,172.299,0.193,0
0.515,0.369,171867,0.326,0,0.0229,5,0.153,-10.361,0,14,0.0336,179.321,0.412,6
0.0335,0.637,225133,0.768,0,7.93e-06,5,0.161,-6.8889999999999985,1,56,0.0318,144.91899999999995,0.459,1
0.16899999999999998,0.392,284147,0.503,0,0.0,2,0.14,-8.865,1,46,0.0248,74.66199999999998,0.484,4
0.0952,0.363,331373,0.355,0,0.5589999999999999,2,0.0949,-13.968,0,41,0.036000000000000004,178.91099999999997,0.4370000000000001,6
0.435,0.7040000000000001,302653,0.328,0,0.0292,7,0.102,-13.739,1,34,0.0328,122.183,0.418,5
0.0456,0.767,267627,0.459,0,0.0229,11,0.114,-16.608,0,31,0.0262,105.179,0.966,5
0.98,0.277,121693,0.0394,0,0.98,9,0.103,-31.355,0,19,0.0386,80.509,0.128,6
0.102,0.623,165381,0.7090000000000001,0,0.0,1,0.0967,-9.818,0,68,0.0636,122.394,0.948,2
0.994,0.201,39760,0.192,0,0.757,0,0.151,-21.504,1,17,0.0345,162.417,0.767,6
0.198,0.456,133213,0.7859999999999999,0,0.0,1,0.13,-3.877,1,63,0.237,92.287,0.918,1
0.306,0.6409999999999999,265040,0.43,0,0.0,1,0.162,-13.314,0,36,0.0283,137.80700000000002,0.506,4
0.976,0.241,331000,0.0814,0,0.925,9,0.467,-23.89,1,12,0.0436,151.826,0.267,6
0.308,0.868,207680,0.34700000000000003,0,2e-05,5,0.11,-9.529,1,72,0.0536,110.059,0.659,2
0.28600000000000003,0.535,107693,0.6459999999999999,0,1.86e-06,0,0.235,-11.06,0,30,0.0555,104.069,0.491,5
0.0368,0.6970000000000001,263920,0.86,1,0.0,11,0.0721,-5.181,1,56,0.43,160.895,0.433,2
0.298,0.214,215307,0.503,0,6.04e-06,5,0.13699999999999998,-9.173,1,38,0.0315,80.40100000000002,0.253,5
0.00143,0.484,286667,0.8190000000000001,0,0.0,4,0.198,-6.001,0,33,0.046,128.526,0.3670000000000001,4
0.994,0.7020000000000001,194053,0.152,0,0.0164,2,0.122,-15.121,1,0,0.036000000000000004,73.15,0.774,9
0.5329999999999999,0.629,129560,0.5329999999999999,0,0.913,10,0.057,-8.435,0,43,0.134,101.739,0.966,3
0.8109999999999999,0.583,350560,0.262,0,0.000563,9,0.0993,-11.139,1,54,0.0281,76.028,0.332,2
0.905,0.305,176960,0.149,0,0.0,7,0.318,-16.977999999999998,1,26,0.0325,56.408,0.237,7
0.362,0.436,219760,0.76,0,0.955,1,0.13,-7.9060000000000015,0,55,0.0374,75.012,0.504,2
0.257,0.856,324360,0.343,0,0.0,11,0.0584,-16.479,0,35,0.0617,119.94,0.7440000000000001,4
0.00062,0.68,469800,0.758,0,0.5920000000000001,5,0.29600000000000004,-10.755,1,29,0.0722,117.63,0.754,5
0.189,0.539,207307,0.565,0,9.24e-06,0,0.0996,-14.124,1,37,0.0321,137.472,0.517,4
0.0271,0.743,254880,0.5670000000000001,0,0.00782,0,0.0424,-15.188,1,29,0.039,126.259,0.964,5
0.72,0.635,252400,0.47,0,4.45e-06,7,0.0838,-12.927,1,33,0.272,199.593,0.688,4
0.00295,0.477,141293,0.917,0,0.0,6,0.268,-4.692,1,54,0.0547,150.974,0.71,2
0.926,0.672,143560,0.154,0,0.0,5,0.214,-14.243,0,22,0.0349,87.309,0.457,9
0.000432,0.445,132800,0.802,0,0.000591,9,0.189,-1.412,1,28,0.187,176.47799999999995,0.8590000000000001,5
0.944,0.18600000000000005,288573,0.151,0,0.8190000000000001,7,0.108,-14.354,1,0,0.0361,78.105,0.0942,7
0.431,0.7040000000000001,172747,0.6809999999999999,0,0.0,5,0.11,-7.4,1,30,0.0343,125.209,0.927,5
0.257,0.594,195973,0.6679999999999999,0,0.316,0,0.173,-11.158,1,27,0.0433,118.108,0.772,6
0.0379,0.536,247293,0.56,1,0.0,8,0.114,-5.6679999999999975,1,48,0.26,139.91,0.279,1
0.966,0.718,79693,0.535,0,0.922,6,0.0837,-8.068999999999999,1,2,0.185,98.714,0.764,9
0.438,0.6609999999999999,173453,0.535,0,1.62e-05,0,0.319,-12.173,1,50,0.0677,119.545,0.687,5
0.0534,0.65,239627,0.7020000000000001,0,0.00121,2,0.0496,-9.085,0,40,0.0295,120.055,0.774,3
0.984,0.38,255227,0.0377,0,0.935,11,0.0974,-22.733,0,52,0.0424,75.286,0.114,1
0.000145,0.249,209000,0.965,0,8.41e-05,2,0.303,-3.783,1,50,0.076,161.561,0.514,2
0.942,0.4270000000000001,534067,0.235,0,0.6509999999999999,2,0.0896,-15.515,1,0,0.064,136.946,0.223,8
0.0273,0.669,177507,0.848,0,0.0869,8,0.0881,-10.072,0,43,0.03,102.048,0.6609999999999999,6
0.482,0.6890000000000001,114320,0.407,0,0.0,5,0.383,-11.917,1,18,0.034,131.9,0.962,6
0.254,0.6940000000000001,270640,0.7709999999999999,0,0.0,6,0.101,-10.797,0,32,0.04,130.611,0.7929999999999999,4
0.0436,0.687,166267,0.735,0,0.192,9,0.194,-7.857,1,26,0.0393,130.626,0.924,5
0.98,0.374,120813,0.125,0,0.989,1,0.215,-15.909,1,19,0.034,109.414,0.404,6
0.000435,0.623,274627,0.6679999999999999,0,0.0326,2,0.237,-12.88,1,34,0.0421,120.011,0.728,4
0.949,0.635,146600,0.276,0,0.0,2,0.172,-13.906,1,0,0.145,89.961,0.8190000000000001,10
0.000337,0.428,212253,0.8740000000000001,0,0.0419,4,0.311,-6.664,0,60,0.128,119.708,0.261,3
0.01,0.735,256640,0.944,0,0.00307,8,0.048,-4.872,1,58,0.041,129.994,0.76,2
0.928,0.223,255400,0.14400000000000002,0,0.22,2,0.103,-19.201,1,30,0.0357,85.241,0.134,5
0.787,0.373,321107,0.224,0,0.000834,9,0.309,-16.969,0,12,0.0302,89.583,0.396,7
0.0034700000000000004,0.468,199680,0.882,0,1.57e-06,6,0.3720000000000001,-3.906,1,48,0.0636,164.035,0.327,1
0.502,0.716,174000,0.599,0,0.0104,2,0.103,-14.892,1,40,0.365,91.655,0.967,4
0.00193,0.584,173320,0.949,0,0.917,11,0.215,-5.425,0,43,0.0515,100.712,0.7,2
0.708,0.418,187667,0.313,0,0.0,7,0.315,-8.747,1,41,0.036000000000000004,111.296,0.161,3
0.213,0.726,188387,0.711,0,1.41e-06,7,0.326,-7.728,1,45,0.0414,105.034,0.708,2
0.119,0.4320000000000001,139187,0.8690000000000001,0,0.0,5,0.319,-5.596,1,28,0.239,164.77700000000004,0.966,6
0.247,0.847,208400,0.502,0,2.11e-05,8,0.0717,-8.427,1,38,0.0401,122.882,0.777,4
0.00502,0.588,202760,0.532,0,0.00419,7,0.508,-12.202,1,30,0.0583,132.576,0.212,5
0.0008880000000000002,0.395,241107,0.912,0,0.0,1,0.227,-5.238,1,45,0.062,175.157,0.246,1
0.983,0.607,88816,0.302,0,0.0,7,0.336,-12.703,1,0,0.0353,104.09,0.879,9
0.0748,0.826,400987,0.609,0,8.41e-06,11,0.233,-8.149,1,37,0.141,119.539,0.862,4
0.0629,0.809,277640,0.892,0,0.344,0,0.0334,-11.443,1,51,0.0437,124.435,0.89,5
0.0164,0.684,151067,0.687,1,0.0,2,0.253,-4.673,1,71,0.2,184.026,0.265,1
0.619,0.325,219333,0.401,0,0.00158,4,0.197,-13.733,1,14,0.0381,106.578,0.29,7
0.0004480000000000001,0.343,379520,0.909,0,0.00404,8,0.106,-6.158,1,46,0.14400000000000002,102.514,0.0402,1
0.972,0.285,197680,0.513,0,0.5589999999999999,10,0.0817,-9.234,0,0,0.0379,77.382,0.8109999999999999,8
0.113,0.452,272000,0.754,0,0.0,2,0.151,-8.347000000000001,1,52,0.0746,122.5,0.507,3
0.0376,0.782,404427,0.741,1,3.84e-06,6,0.455,-5.062,0,54,0.21,80.059,0.517,2
0.763,0.677,112200,0.647,0,0.0,10,0.181,-6.68,1,11,0.0906,117.905,0.919,7
0.908,0.677,156933,0.261,0,0.00221,8,0.0633,-14.845999999999998,1,18,0.0579,122.699,0.672,6
0.609,0.542,300973,0.637,0,0.0,4,0.174,-7.037000000000001,1,49,0.0322,137.989,0.412,3
0.987,0.179,177533,0.264,0,0.0007070000000000001,10,0.937,-23.582,1,0,0.0987,89.155,0.11,7
0.0206,0.735,174267,0.905,0,0.0,7,0.05,-3.002,0,48,0.0691,136.002,0.784,2
0.125,0.784,260893,0.5870000000000001,0,0.000101,9,0.0358,-6.698,1,44,0.364,96.842,0.623,2
0.0029100000000000003,0.287,150562,0.87,1,0.0,1,0.0609,-6.689,0,65,0.293,81.16199999999998,0.6809999999999999,0
0.7040000000000001,0.455,214867,0.108,0,0.0394,0,0.268,-20.858,1,27,0.0368,117.709,0.215,7
0.0208,0.642,167840,0.628,0,0.00029,11,0.125,-7.272,1,54,0.0349,150.94799999999995,0.944,2
0.975,0.28,530147,0.444,0,0.895,0,0.0835,-10.157,1,0,0.0361,85.069,0.36,9
0.747,0.639,144467,0.434,0,0.0,2,0.174,-14.856,1,30,0.0303,108.155,0.883,6
0.122,0.58,202867,0.942,0,0.0,0,0.937,-5.466,1,31,0.093,118.116,0.7979999999999999,4
0.338,0.612,234067,0.257,0,0.0,7,0.0674,-15.229,1,23,0.0536,76.22,0.477,7
0.468,0.629,440467,0.364,0,0.0198,11,0.0941,-12.259,0,65,0.038,166.25400000000005,0.6990000000000001,3
0.974,0.362,131027,0.214,0,1.21e-06,4,0.746,-10.816,1,0,0.0376,96.547,0.319,8
0.159,0.579,235560,0.872,0,0.0,0,0.0935,-6.126,1,66,0.159,76.214,0.7609999999999999,5
0.988,0.463,155960,0.133,0,1.59e-05,7,0.0622,-12.074000000000002,1,3,0.0343,86.758,0.471,8
0.722,0.654,157533,0.448,0,2e-06,4,0.21,-9.446,1,40,0.0335,96.534,0.7240000000000001,6
0.106,0.506,260867,0.838,0,4.1e-05,4,0.887,-10.76,0,32,0.0557,117.688,0.484,4
0.00124,0.517,206253,0.6940000000000001,0,0.715,3,0.108,-9.265,0,31,0.0321,128.24200000000002,0.598,4
0.0385,0.595,220147,0.823,0,1.35e-06,2,0.0984,-5.864,1,56,0.0483,108.99,0.745,1
0.636,0.706,216600,0.747,0,0.0,9,0.175,-4.346,1,46,0.0317,122.694,0.67,4
0.0165,0.5429999999999999,314053,0.667,1,2.69e-05,8,0.15,-7.332999999999997,1,56,0.0633,162.067,0.196,1
0.0134,0.26,326253,0.8640000000000001,0,0.204,9,0.0924,-7.599,1,47,0.0541,171.035,0.56,4
0.992,0.297,193267,0.14,0,0.16699999999999998,2,0.11,-15.733,0,0,0.035,107.733,0.125,8
0.00113,0.501,254240,0.809,0,0.0831,9,0.0343,-12.12,0,42,0.0351,117.512,0.611,2
0.265,0.298,324267,0.52,0,0.0,2,0.165,-7.2970000000000015,0,52,0.0303,74.131,0.223,3
0.85,0.433,139827,0.469,0,0.00282,5,0.112,-12.544,1,22,0.0494,94.64,0.327,7
0.927,0.496,185587,0.127,0,7.070000000000001e-05,0,0.132,-14.211,1,58,0.0382,74.74600000000002,0.211,7
0.994,0.408,152987,0.0305,0,6.84e-06,10,0.118,-23.554,1,6,0.0563,130.498,0.419,7
0.292,0.634,231173,0.645,0,0.0,5,0.246,-9.2,1,40,0.0376,93.05,0.677,3
0.983,0.452,159467,0.106,0,0.0,8,0.151,-12.076,1,0,0.0336,64.501,0.246,8
0.0046700000000000005,0.231,251360,0.968,0,0.000252,2,0.359,-5.322,1,34,0.15,154.447,0.195,5
0.0093,0.441,141933,0.984,0,0.000193,7,0.35200000000000004,-4.374,1,48,0.0816,164.71599999999995,0.62,2
0.8320000000000001,0.465,175324,0.259,1,0.0,7,0.118,-8.027999999999999,1,59,0.0356,91.706,0.185,1
0.0247,0.267,279053,0.7929999999999999,0,0.0,4,0.0634,-7.12,1,49,0.0415,174.118,0.526,4
0.971,0.225,39147,0.139,0,0.68,5,0.26,-17.387,0,29,0.136,62.90600000000001,0.0,5
0.845,0.29100000000000004,280680,0.547,0,0.84,4,0.26,-13.241,1,14,0.152,146.355,0.318,7
0.963,0.446,232895,0.203,0,0.159,7,0.128,-17.86,1,0,0.039,69.616,0.344,7
0.0457,0.627,272053,0.647,1,0.0,11,0.0655,-6.818,1,48,0.0294,91.015,0.521,2
0.0514,0.928,190200,0.902,0,1.16e-05,9,0.104,-7.374,0,57,0.0459,128.08,0.988,2
0.774,0.556,110129,0.344,1,0.0,2,0.14300000000000002,-8.765,1,69,0.0585,65.508,0.579,0
0.665,0.327,57933,0.132,0,0.8320000000000001,7,0.249,-17.153,1,25,0.0413,96.511,0.21600000000000005,4
0.95,0.644,179226,0.28,0,0.802,10,0.227,-14.656,1,6,0.07200000000000001,122.163,0.7979999999999999,8
0.29100000000000004,0.601,322373,0.561,0,0.0723,5,0.134,-10.816,1,43,0.0347,123.179,0.312,4
0.8220000000000001,0.406,179200,0.308,0,0.0,0,0.114,-9.386,1,23,0.0271,78.168,0.165,5
0.00205,0.7290000000000001,263973,0.894,0,0.021,5,0.128,-3.494,1,57,0.0397,124.992,0.8320000000000001,1
0.0996,0.536,313133,0.72,0,0.00023,9,0.0502,-9.258,1,46,0.0386,116.183,0.838,3
0.0187,0.7140000000000001,236400,0.752,0,0.488,1,0.102,-9.069,1,35,0.213,79.984,0.608,3
0.6759999999999999,0.477,303720,0.375,0,0.0,4,0.14400000000000002,-12.549,0,29,0.0535,129.894,0.301,4
0.993,0.141,536187,0.007259999999999998,0,0.581,4,0.101,-16.518,0,52,0.0471,70.586,0.0368,2
0.314,0.774,188883,0.8029999999999999,0,0.0251,5,0.0872,-5.269,1,13,0.067,144.751,0.8029999999999999,6
0.958,0.5589999999999999,192006,0.211,0,0.0,7,0.126,-10.38,0,0,0.0619,103.446,0.6629999999999999,8
0.917,0.718,159000,0.665,0,0.000675,8,0.11,-10.369000000000002,1,47,0.101,79.725,0.7509999999999999,5
0.86,0.701,228573,0.233,0,0.877,7,0.142,-14.969,1,8,0.0493,122.071,0.752,7
0.155,0.843,198160,0.607,0,2.53e-06,5,0.084,-6.6560000000000015,0,39,0.058,114.243,0.8640000000000001,2
0.201,0.777,231503,0.519,0,1.51e-06,9,0.0134,-6.032,0,51,0.361,90.15,0.715,1
0.0843,0.606,202674,0.557,0,7.52e-05,4,0.103,-8.633,1,30,0.0237,105.711,0.643,4
0.642,0.682,160400,0.516,0,0.0,8,0.135,-10.54,1,41,0.131,113.006,0.7959999999999999,3
0.935,0.6809999999999999,188747,0.124,0,0.8859999999999999,2,0.109,-16.469,1,26,0.0369,88.29799999999999,0.228,5
0.965,0.29100000000000004,191880,0.11,0,0.0601,8,0.252,-17.273,1,1,0.0366,113.645,0.269,9
0.557,0.417,156680,0.465,0,0.0,3,0.131,-7.029,1,57,0.055,169.84900000000005,0.688,2
0.76,0.613,419720,0.326,0,0.0,7,0.857,-15.985,1,0,0.939,73.834,0.478,9
0.964,0.7609999999999999,137467,0.154,0,0.0,4,0.218,-10.595999999999998,1,11,0.0447,92.0,0.464,6
0.654,0.455,252747,0.35200000000000004,0,3.72e-06,1,0.249,-11.733,0,74,0.25,103.342,0.407,1
0.256,0.52,180823,0.7609999999999999,0,4.96e-06,4,0.17,-3.093,1,79,0.0853,141.971,0.28600000000000003,1
0.865,0.464,275882,0.098,0,0.0,10,0.101,-12.119000000000002,1,52,0.0376,78.86399999999998,0.234,1
0.00249,0.247,225227,0.963,0,0.0241,4,0.0589,-6.539,0,39,0.103,176.364,0.5720000000000001,4
0.222,0.643,196773,0.816,0,2.15e-06,4,0.0683,-9.03,1,21,0.128,143.905,0.585,6
0.00289,0.5720000000000001,260533,0.915,0,0.000145,0,0.107,-7.888,1,28,0.0393,119.852,0.662,4
0.00676,0.67,278962,0.3670000000000001,0,0.828,11,0.21600000000000005,-15.957,1,33,0.0418,131.07,0.313,4
0.914,0.358,162413,0.0378,0,0.000242,9,0.109,-17.541,1,49,0.0449,82.755,0.243,2
0.718,0.73,187773,0.35,0,1.85e-06,5,0.182,-10.319,1,9,0.0305,107.974,0.731,6
0.269,0.73,299067,0.622,0,0.008740000000000001,7,0.111,-11.7,0,62,0.0532,90.973,0.752,5
0.0049700000000000005,0.918,163133,0.716,0,0.721,11,0.061,-10.866,0,32,0.0831,122.188,0.889,5
0.8320000000000001,0.726,188000,0.499,0,0.123,4,0.539,-14.938,1,21,0.0427,125.521,0.948,5
0.0897,0.473,198893,0.738,0,0.000124,0,0.0983,-9.166,1,35,0.0471,83.444,0.519,5
0.982,0.294,378077,0.114,0,0.816,7,0.14400000000000002,-17.467,1,0,0.0437,142.674,0.104,10
0.963,0.165,835169,0.0436,0,0.935,1,0.0845,-27.528,1,49,0.0498,141.129,0.0381,1
0.723,0.471,174793,0.474,0,0.0,5,0.0964,-6.355,1,75,0.0382,120.656,0.262,1
0.0732,0.825,218827,0.807,0,4.79e-06,6,0.138,-5.752999999999999,1,73,0.0949,103.053,0.816,1
0.8009999999999999,0.537,200667,0.219,0,0.642,7,0.0843,-17.604,1,8,0.201,179.53799999999995,0.5429999999999999,7
0.0298,0.405,236253,0.973,0,0.0,11,0.191,-3.213,0,56,0.103,75.57600000000002,0.484,1
0.994,0.501,189453,0.134,0,0.92,2,0.111,-15.538,1,0,0.0553,133.134,0.721,8
0.792,0.34600000000000003,308133,0.742,0,0.847,6,0.0982,-5.062,1,40,0.0496,92.278,0.467,3
0.016,0.774,235000,0.8490000000000001,0,0.000199,9,0.0348,-2.986,1,62,0.0301,126.996,0.962,1
0.114,0.669,231787,0.489,1,0.0,7,0.184,-9.13,1,54,0.13699999999999998,142.218,0.258,1
0.102,0.454,326840,0.7929999999999999,0,0.00022,9,0.099,-9.397,1,45,0.0418,126.19,0.419,4
0.0407,0.483,276040,0.894,1,0.0,9,0.282,-3.9,1,70,0.223,139.858,0.278,1
0.119,0.6759999999999999,234215,0.446,0,0.0,6,0.112,-7.153,0,48,0.329,82.912,0.655,1
0.0409,0.6829999999999999,195067,0.715,0,1.72e-06,11,0.0935,-6.024,0,70,0.0789,99.989,0.77,1
0.988,0.396,251320,0.0752,0,0.264,9,0.117,-21.316,0,0,0.0377,123.996,0.0399,7
0.921,0.248,137467,0.16899999999999998,0,2.56e-05,0,0.0638,-11.888,0,3,0.0332,80.314,0.162,7
0.157,0.897,241871,0.726,0,0.0,5,0.245,-6.901,1,60,0.175,135.016,0.916,3
0.0298,0.643,270333,0.8009999999999999,0,0.0,6,0.0719,-4.921,1,76,0.0228,95.988,0.534,4
0.45,0.405,402280,0.378,0,0.58,4,0.105,-9.864,1,51,0.0369,74.33800000000002,0.228,2
0.0197,0.368,240227,0.8640000000000001,0,0.0,11,0.234,-3.335,0,50,0.0393,137.526,0.374,2
0.99,0.561,60493,0.14300000000000002,0,0.8590000000000001,10,0.15,-20.265,0,6,0.0488,71.467,0.59,7
0.564,0.374,1561133,0.219,0,0.56,4,0.114,-19.104,0,51,0.0343,103.535,0.0579,5
0.236,0.634,229000,0.368,0,3.39e-05,2,0.0667,-14.953,0,44,0.0271,102.446,0.7959999999999999,5
0.0254,0.715,106200,0.257,1,0.0,10,0.306,-18.478,0,0,0.923,111.363,0.583,10
8.92e-05,0.569,195131,0.706,0,0.7879999999999999,6,0.635,-6.109,0,44,0.032,127.938,0.259,1
0.408,0.506,166120,0.6890000000000001,0,0.0,0,0.51,-10.55,1,19,0.0419,124.053,0.636,6
2.88e-05,0.494,226493,0.995,0,0.00718,9,0.146,-1.868,0,41,0.147,112.714,0.29,2
0.173,0.6579999999999999,104095,0.175,1,0.000165,5,0.0787,-21.699,0,0,0.915,152.019,0.701,8
1.16e-05,0.428,136493,0.684,0,0.000156,0,0.0744,-10.044,1,58,0.0475,141.336,0.419,3
0.511,0.701,194347,0.589,1,2.8000000000000013e-05,0,0.345,-8.654,1,46,0.133,108.33,0.862,2
0.675,0.637,146933,0.473,0,1.06e-05,0,0.341,-4.801,1,34,0.0446,134.55,0.975,2
0.993,0.449,71400,0.38,0,0.767,8,0.174,-12.896,1,15,0.227,183.262,0.677,8
0.0417,0.821,240693,0.706,0,0.0,6,0.349,-6.444,0,37,0.332,84.00200000000002,0.561,2
0.0646,0.684,217667,0.8340000000000001,1,0.0,2,0.271,-4.524,0,74,0.0675,164.02,0.5379999999999999,1
0.00263,0.792,278267,0.731,0,0.0126,1,0.303,-9.659,1,37,0.0502,113.007,0.838,3
0.207,0.392,169120,0.613,0,0.00221,0,0.536,-5.0310000000000015,1,40,0.0286,105.509,0.441,6
0.128,0.613,273000,0.8270000000000001,0,1.25e-06,11,0.14400000000000002,-10.544,0,50,0.0466,89.505,0.934,3
0.952,0.583,177737,0.521,0,0.0,0,0.287,-10.567,1,0,0.133,110.219,0.961,7
0.0254,0.426,196373,0.8590000000000001,0,0.0,3,0.0579,-3.947,1,45,0.055,177.953,0.755,2
0.991,0.472,107440,0.0761,0,3.3600000000000004e-05,7,0.182,-18.768,1,0,0.106,137.339,0.318,7
0.0156,0.574,205803,0.7879999999999999,1,0.0,10,0.37,-6.778,1,68,0.0638,83.94,0.34,1
3.88e-06,0.479,224960,0.944,0,0.8690000000000001,11,0.295,-4.164,1,45,0.105,144.57299999999995,0.4320000000000001,2
0.421,0.7440000000000001,260827,0.331,0,7.58e-05,2,0.14300000000000002,-12.475,0,24,0.0272,90.866,0.838,5
0.994,0.348,321267,0.0936,0,0.871,7,0.117,-23.211,1,0,0.0439,92.803,0.058,8
0.0839,0.6659999999999999,338107,0.912,0,6.57e-05,7,0.67,-5.3420000000000005,1,56,0.062,101.902,0.647,2
0.257,0.569,292507,0.511,0,0.0,3,0.0997,-6.88,0,49,0.0349,114.047,0.193,2
0.456,0.6409999999999999,177200,0.943,0,0.00082,10,0.227,-2.712,1,43,0.0802,129.99,0.333,2
0.00778,0.515,188640,0.863,0,0.8959999999999999,7,0.0616,-5.756,1,48,0.0308,143.017,0.961,2
0.785,0.708,152840,0.299,0,0.0,2,0.07200000000000001,-11.165,1,16,0.0358,99.616,0.769,6
0.636,0.529,160260,0.31,0,0.00945,11,0.122,-17.215999999999998,0,9,0.364,212.014,0.327,6
5.03e-05,0.368,182560,0.93,1,2.18e-05,1,0.0858,-4.892,1,47,0.141,173.071,0.414,2
0.996,0.368,227427,0.0108,0,0.872,8,0.113,-28.26,0,0,0.0482,73.029,0.0874,8
0.55,0.5,219067,0.431,0,1.91e-05,0,0.0715,-13.699000000000002,1,13,0.0491,129.654,0.753,6
0.00021,0.6509999999999999,264480,0.417,0,0.0547,0,0.16699999999999998,-12.755,1,36,0.0281,110.089,0.245,4
0.496,0.5489999999999999,357733,0.626,0,0.000324,8,0.552,-8.238999999999999,1,33,0.0437,100.643,0.725,6
0.516,0.767,275187,0.964,0,0.002,8,0.11,-3.664,1,43,0.115,112.381,0.843,2
0.0365,0.5539999999999999,188107,0.741,0,0.000975,8,0.106,-6.5870000000000015,1,25,0.165,202.347,0.956,5
0.0369,0.7,228453,0.598,0,0.0,2,0.111,-7.782999999999999,1,42,0.114,160.041,0.594,1
0.996,0.6890000000000001,172987,0.245,0,0.916,7,0.273,-13.916,1,0,0.0671,126.603,0.672,10
0.948,0.209,271840,0.0838,0,0.115,3,0.104,-16.355,1,12,0.0381,116.627,0.0457,7
0.25,0.546,178147,0.631,0,0.0,8,0.123,-5.7570000000000014,1,64,0.0283,129.556,0.569,2
0.0427,0.579,457880,0.4370000000000001,0,0.0483,1,0.0603,-12.720999999999998,1,41,0.0526,91.866,0.732,5
0.525,0.487,270133,0.354,0,0.000273,9,0.0958,-13.884,0,41,0.0417,177.572,0.736,6
0.851,0.42,155400,0.0475,0,1.47e-05,10,0.0951,-18.725,1,19,0.0537,182.919,0.292,6
0.27,0.71,246760,0.8079999999999999,1,0.0,6,0.208,-4.877,0,52,0.0418,101.784,0.698,2
0.0417,0.578,244040,0.841,0,0.0,1,0.0638,-3.925,0,38,0.0345,88.12299999999998,0.458,2
0.987,0.5429999999999999,195267,0.443,0,0.8859999999999999,8,0.262,-9.979,1,0,0.0505,90.356,0.8690000000000001,8
0.0811,0.799,223253,0.608,0,0.0137,5,0.102,-8.193,1,64,0.0411,121.915,0.963,5
0.563,0.5670000000000001,291800,0.435,0,0.0,0,0.14400000000000002,-15.835,1,46,0.0236,89.912,0.547,3
0.138,0.6829999999999999,314227,0.526,0,0.00481,8,0.105,-9.656,1,45,0.0437,120.585,0.679,5
0.434,0.731,212467,0.774,1,3.34e-06,10,0.114,-5.273,0,71,0.0555,100.005,0.219,1
0.7170000000000001,0.455,195320,0.442,0,0.0,9,0.233,-7.792999999999997,1,49,0.0815,173.672,0.252,5
0.949,0.0777,167800,0.255,0,1.39e-05,2,0.0897,-17.408,1,24,0.0379,79.098,0.184,7
0.959,0.537,125307,0.408,0,0.224,7,0.161,-14.852,1,39,0.0326,114.206,0.736,6
0.018000000000000002,0.856,172667,0.539,0,0.158,5,0.131,-13.749,1,29,0.0989,73.134,0.672,4
0.161,0.652,153716,0.794,0,6.54e-06,4,0.0743,-6.0470000000000015,1,33,0.207,163.246,0.86,6
0.737,0.57,108973,0.941,1,0.00274,4,0.112,-2.853,1,49,0.423,188.625,0.8140000000000001,3
0.00173,0.42,250320,0.901,0,0.0,7,0.366,-3.857,1,64,0.0955,145.965,0.74,1
0.984,0.409,104667,0.0691,0,0.00156,9,0.29600000000000004,-21.237,1,0,0.0457,77.595,0.425,8
0.994,0.736,158247,0.361,0,0.937,5,0.261,-8.104,1,0,0.0811,94.31,0.8270000000000001,8
0.741,0.526,206387,0.43,0,0.000155,0,0.171,-5.7170000000000005,1,17,0.0255,95.865,0.584,6
0.846,0.419,218160,0.261,0,0.625,5,0.14800000000000002,-22.427,0,15,0.0617,81.48899999999998,0.846,6
0.0129,0.299,184893,0.818,0,8.74e-06,4,0.202,-8.542,0,26,0.0683,143.583,0.34,5
0.6809999999999999,0.637,244733,0.69,1,0.0,11,0.168,-10.362,0,45,0.255,84.781,0.748,3
0.493,0.0,129722,0.0134,0,0.0,8,0.504,-26.028,1,0,0.0,0.0,0.0,8
0.937,0.36,85933,0.007640000000000002,0,0.4370000000000001,1,0.171,-24.824,0,42,0.045,113.982,0.219,2
0.363,0.72,172747,0.56,0,0.426,7,0.114,-8.365,1,29,0.0297,98.668,0.7170000000000001,6
0.433,0.293,156400,0.45,0,0.061,4,0.1,-11.281,1,22,0.0361,115.816,0.14,5
0.6709999999999999,0.664,243267,0.14800000000000002,0,0.00011,10,0.0949,-18.742,1,25,0.0363,73.028,0.293,5
0.0763,0.464,141493,0.81,0,0.0,5,0.0574,-3.845,1,40,0.0724,166.366,0.8809999999999999,2
0.908,0.5489999999999999,151133,0.221,0,0.0,8,0.159,-11.369000000000002,1,9,0.0353,75.5,0.401,7
0.0148,0.664,212920,0.848,1,0.000118,10,0.1,-4.926,1,56,0.0386,119.878,0.196,1
0.391,0.753,95963,0.324,1,0.0,5,0.321,-15.23,0,0,0.945,69.494,0.505,7
0.0147,0.476,300960,0.8859999999999999,0,7.09e-06,9,0.12,-4.978,0,44,0.0531,100.076,0.501,4
0.785,0.254,160960,0.335,0,0.6970000000000001,0,0.438,-12.64,1,12,0.0377,145.759,0.394,6
0.826,0.34,1000667,0.387,0,0.327,5,0.491,-14.401,1,5,0.0533,137.575,0.226,7
0.0933,0.608,245320,0.6609999999999999,0,0.000956,4,0.224,-12.061,1,30,0.0276,101.978,0.5670000000000001,4
0.00661,0.546,181333,0.92,0,3.13e-06,5,0.904,-4.83,0,59,0.0592,95.996,0.265,1
0.531,0.608,268133,0.708,0,0.000104,4,0.609,-10.19,0,41,0.0572,109.147,0.4920000000000001,5
0.14,0.557,192440,0.426,0,6.85e-06,4,0.145,-13.813,0,54,0.0532,162.713,0.354,4
0.7809999999999999,0.504,291987,0.487,0,1.3e-06,2,0.11,-8.669,0,47,0.0402,110.478,0.662,2
0.007909999999999999,0.8740000000000001,257467,0.498,1,0.00375,8,0.102,-9.108,1,54,0.233,81.99799999999998,0.599,3
0.991,0.564,178311,0.0544,0,0.904,1,0.502,-25.50800000000001,1,0,0.0553,134.946,0.617,8
0.989,0.17,85133,0.0823,0,0.911,10,0.0962,-30.107,0,1,0.0317,85.98899999999998,0.34600000000000003,10
5.920000000000001e-05,0.398,291453,0.974,0,0.0022,0,0.195,-3.925,1,53,0.0572,113.461,0.369,2
0.127,0.563,156547,0.5820000000000001,0,0.0,11,0.28800000000000003,-9.205,1,46,0.0318,140.124,0.652,2
0.257,0.685,243467,0.384,0,4.01e-06,2,0.0709,-11.553,1,23,0.0259,96.469,0.34700000000000003,4
0.899,0.14300000000000002,117733,0.287,0,0.935,7,0.345,-16.574,0,0,0.0362,102.357,0.094,7
0.862,0.471,77413,0.311,0,0.0,3,0.6759999999999999,-15.354,1,20,0.199,132.868,0.645,6
0.279,0.603,209660,0.7440000000000001,0,4.87e-06,0,0.106,-5.724,1,60,0.0458,101.991,0.605,1
0.925,0.7120000000000001,196947,0.431,0,0.504,8,0.14,-7.466,0,0,0.0391,95.898,0.503,9
0.000265,0.637,299400,0.872,0,0.000808,11,0.125,-9.984,1,37,0.0379,112.936,0.6829999999999999,3
0.6409999999999999,0.71,226365,0.198,0,0.0,2,0.344,-19.774,1,0,0.95,128.576,0.416,9
0.971,0.425,168787,0.0333,0,0.9,7,0.106,-28.34,0,52,0.0388,122.039,0.477,2
0.983,0.631,291360,0.329,0,0.16899999999999998,5,0.23,-13.046,0,19,0.124,93.531,0.685,7
0.728,0.684,95700,0.298,1,0.0,1,0.126,-17.882,1,0,0.619,100.289,0.522,7
0.871,0.535,117160,0.033,0,5.3e-05,3,0.362,-21.565,0,1,0.103,109.492,0.0798,7
