0.0984,0.7240000000000001,188480,0.902,0,1.46e-06,11,0.0476,-3.699,0,44,0.0936,143.375,0.963,2
0.8809999999999999,0.561,192707,0.309,0,0.0,9,0.13,-15.867,1,21,0.0397,117.448,0.685,6
0.991,0.47,193960,0.361,0,0.0,5,0.119,-11.437,0,0,0.0655,85.661,0.5920000000000001,9
0.963,0.8190000000000001,199808,0.534,0,0.943,3,0.139,-8.941,1,0,0.0399,104.795,0.8370000000000001,8
0.007109999999999998,0.736,228867,0.88,0,0.00123,0,0.301,-4.323,1,45,0.0339,127.998,0.7040000000000001,1
0.00141,0.6920000000000001,270200,0.7190000000000001,1,0.0009880000000000002,2,0.0745,-11.186,1,32,0.0872,92.874,0.4970000000000001,4
0.14400000000000002,0.613,285467,0.531,0,3.74e-06,2,0.8009999999999999,-9.172,1,55,0.0338,152.023,0.338,1
0.989,0.295,199053,0.102,0,0.141,7,0.105,-18.989,1,0,0.0406,85.49,0.196,8
0.217,0.209,281560,0.872,0,0.0,9,0.0768,-2.9960000000000004,1,54,0.0757,78.139,0.294,2
0.921,0.65,173237,0.171,0,0.0,6,0.127,-9.005,1,69,0.0519,119.522,0.284,1
0.7,0.441,395840,0.743,0,0.0005549999999999999,0,0.603,-10.108,1,19,0.061,174.55900000000003,0.898,6
0.28600000000000003,0.662,171440,0.332,0,0.0,9,0.142,-11.939,0,44,0.0306,82.28,0.638,5
0.7959999999999999,0.395,178307,0.625,0,0.0102,7,0.225,-12.708,0,0,0.0322,68.085,0.7070000000000001,7
0.7240000000000001,0.364,198733,0.318,0,0.000234,2,0.151,-13.345,1,41,0.0308,131.155,0.525,6
0.00715,0.569,229107,0.894,1,0.0,9,0.158,-4.931,0,52,0.318,188.892,0.293,2
0.921,0.769,176200,0.14,0,0.00161,4,0.16899999999999998,-13.97,1,0,0.0427,107.083,0.374,7
0.378,0.588,212933,0.6559999999999999,0,0.00227,3,0.042,-6.3729999999999976,1,70,0.0224,79.70100000000002,0.746,4
0.57,0.555,282240,0.504,0,2.02e-05,2,0.0768,-14.136,1,23,0.0355,87.721,0.424,5
0.44,0.52,230240,0.594,1,0.0,11,0.185,-8.81,0,65,0.462,129.216,0.393,1
0.731,0.514,172547,0.7090000000000001,0,0.183,5,0.0971,-11.495,1,24,0.0634,143.126,0.961,7
0.0291,0.7090000000000001,223733,0.6990000000000001,0,0.295,10,0.0673,-11.905,0,59,0.0466,125.377,0.5920000000000001,4
0.8640000000000001,0.618,189450,0.378,0,0.0,7,0.0907,-10.297,1,52,0.0308,110.118,0.398,2
0.0127,0.737,175759,0.5479999999999999,1,9.76e-06,4,0.17600000000000002,-7.002999999999999,0,74,0.0498,160.058,0.156,0
0.0863,0.634,198347,0.8109999999999999,0,3.17e-05,11,0.133,-4.4060000000000015,0,0,0.0287,112.538,0.66,10
0.987,0.464,404160,0.0266,0,0.879,0,0.0836,-20.338,1,57,0.0532,132.972,0.0659,7
0.487,0.406,187707,0.731,0,0.0,4,0.222,-7.43,1,14,0.0673,189.124,0.8490000000000001,6
0.541,0.552,191483,0.32,0,0.00314,9,0.12,-7.59,1,42,0.0311,102.991,0.664,3
0.608,0.158,800960,0.0329,0,0.7929999999999999,9,0.101,-22.162,1,0,0.0384,96.237,0.0391,8
0.594,0.7020000000000001,318533,0.868,0,5.02e-05,4,0.12,-5.2970000000000015,0,35,0.13,103.043,0.8059999999999999,5
0.642,0.441,235431,0.49,0,0.000456,5,0.417,-11.249,1,21,0.0447,107.735,0.556,6
0.00851,0.701,175960,0.657,0,0.000232,7,0.128,-11.616,1,41,0.0853,111.982,0.8490000000000001,2
0.991,0.534,196043,0.199,0,0.0902,3,0.11,-15.419,1,0,0.0685,100.386,0.578,9
0.547,0.615,193693,0.439,0,0.0,0,0.142,-11.688,1,22,0.0234,95.377,0.7709999999999999,5
0.545,0.782,186080,0.598,0,0.0,7,0.0969,-6.08,1,46,0.0575,105.541,0.953,2
0.0073,0.7140000000000001,206120,0.952,0,0.0,4,0.387,-3.622,1,44,0.0894,127.008,0.959,1
0.7290000000000001,0.597,172427,0.292,0,0.0,11,0.116,-13.378,1,22,0.0502,141.403,0.667,7
0.383,0.494,180427,0.5589999999999999,0,0.0,5,0.0997,-10.466,1,33,0.0439,182.12,0.887,4
0.39,0.349,337333,0.613,0,0.0128,9,0.103,-5.9,1,66,0.0309,177.333,0.28,0
0.882,0.604,116827,0.52,0,0.0005200000000000001,4,0.145,-7.971,1,16,0.0282,77.40100000000002,0.812,6
0.333,0.606,236760,0.899,0,0.000102,7,0.0754,-6.412000000000001,0,59,0.0758,116.735,0.66,2
0.000168,0.317,163508,0.963,1,0.0,4,0.19,-6.1720000000000015,1,51,0.08,170.34599999999998,0.46,2
0.0112,0.6759999999999999,248960,0.8690000000000001,0,0.000179,7,0.213,-7.771,1,34,0.0864,123.586,0.698,2
0.594,0.762,268253,0.471,0,0.0,2,0.0976,-8.138,1,34,0.162,118.728,0.619,4
0.5329999999999999,0.456,346760,0.8220000000000001,0,3.05e-05,11,0.103,-9.069,0,48,0.0488,102.131,0.531,2
0.639,0.711,144040,0.4,0,0.0,9,0.215,-9.23,0,22,0.0269,104.263,0.933,6
0.0367,0.29100000000000004,212240,0.809,0,0.000204,4,0.426,-12.463,1,37,0.0397,190.026,0.759,4
0.6940000000000001,0.581,161453,0.687,0,7.049999999999999e-05,7,0.305,-14.152,1,48,0.15,157.291,0.892,3
0.769,0.539,182267,0.0683,0,2.25e-05,0,0.0753,-18.162,1,51,0.0511,85.19,0.17800000000000002,5
0.17600000000000002,0.6940000000000001,97863,0.16699999999999998,1,1.53e-06,2,0.193,-19.068,0,0,0.924,63.22,0.7040000000000001,8
0.8490000000000001,0.386,196227,0.27,0,0.0,7,0.292,-11.076,1,12,0.0314,80.71,0.31,6
0.000273,0.616,230613,0.985,0,0.000145,11,0.111,-1.598,1,53,0.0832,109.979,0.487,1
0.948,0.466,147533,0.161,0,0.0031100000000000004,5,0.344,-15.248,1,47,0.0322,99.941,0.688,6
0.992,0.514,201627,0.185,0,0.0502,6,0.279,-11.806,1,0,0.0355,86.425,0.46,9
0.915,0.501,154960,0.342,0,0.0,2,0.129,-13.237,1,15,0.0314,130.411,0.6679999999999999,6
0.00144,0.415,602067,0.345,0,0.8059999999999999,2,0.0339,-12.239,0,33,0.0319,178.275,0.267,4
0.114,0.753,162596,0.564,0,0.0273,10,0.359,-7.907999999999999,0,77,0.252,77.342,0.55,0
0.984,0.361,115679,0.295,0,0.846,5,0.72,-11.717,1,0,0.0777,73.96600000000002,0.18,8
0.958,0.6709999999999999,329267,0.147,0,0.0779,10,0.14400000000000002,-18.626,1,54,0.0366,115.298,0.0556,2
0.904,0.139,235373,0.247,0,0.386,0,0.17600000000000002,-18.195,1,1,0.0383,91.439,0.0841,8
0.000216,0.195,550240,0.945,0,0.109,11,0.912,-5.626,1,25,0.13,94.975,0.0945,4
0.378,0.778,166427,0.557,0,0.0,4,0.0911,-13.824000000000002,1,24,0.0461,130.774,0.963,5
0.0014,0.476,202053,0.979,0,0.00729,4,0.0944,-3.506,0,65,0.132,140.404,0.416,4
0.63,0.505,163667,0.321,0,2.75e-06,5,0.106,-13.969,0,45,0.0294,96.936,0.463,4
0.423,0.802,164533,0.545,0,0.0,11,0.11,-14.873,0,40,0.14300000000000002,99.503,0.85,4
0.992,0.583,211147,0.205,0,0.901,2,0.0965,-17.430999999999994,0,7,0.0437,124.08,0.408,7
0.991,0.662,188493,0.246,0,0.28800000000000003,5,0.17600000000000002,-9.392,1,0,0.0555,126.839,0.715,9
0.994,0.202,220187,0.00259,0,0.952,6,0.12,-37.124,1,55,0.0425,120.734,0.0364,2
0.165,0.455,376267,0.5760000000000001,0,0.17800000000000002,8,0.244,-10.352,1,24,0.0321,74.95,0.593,4
0.564,0.7609999999999999,288444,0.66,0,1.37e-06,2,0.309,-7.523,0,33,0.048,96.911,0.91,4
0.609,0.614,180320,0.501,0,0.0,5,0.123,-9.511,1,34,0.0422,125.727,0.8959999999999999,4
0.955,0.142,182107,0.0612,0,0.0195,6,0.4,-25.183000000000003,1,19,0.0445,62.553,0.0397,7
0.0284,0.7120000000000001,362813,0.726,0,4.48e-05,7,0.104,-7.346,1,50,0.0248,111.069,0.5579999999999999,1
0.146,0.569,277067,0.5710000000000001,0,0.0304,2,0.155,-8.392999999999999,1,60,0.0311,121.698,0.635,1
0.652,0.8170000000000001,211789,0.449,0,0.000228,11,0.373,-8.751,0,38,0.0769,90.01700000000002,0.8420000000000001,3
0.00771,0.317,52827,0.687,1,0.0393,4,0.166,-11.245,1,45,0.411,88.251,0.73,2
0.408,0.402,281133,0.28800000000000003,0,0.0,2,0.967,-18.216,1,34,0.0424,131.012,0.425,5
0.0423,0.762,238147,0.913,0,0.0,1,0.0848,-5.13,1,51,0.295,144.064,0.8390000000000001,1
0.388,0.782,117800,0.507,0,0.000235,0,0.221,-6.394,1,22,0.0975,85.75200000000002,0.74,6
0.385,0.253,244040,0.429,0,1.31e-06,1,0.214,-10.072,0,31,0.0275,176.843,0.433,4
0.243,0.767,99236,0.305,1,0.0,2,0.458,-16.62,0,0,0.87,117.137,0.35600000000000004,7
0.08,0.578,232467,0.764,0,0.0,9,0.29100000000000004,-7.997000000000001,1,53,0.0294,124.417,0.722,3
0.992,0.103,230280,0.7190000000000001,0,0.895,4,0.713,-6.4689999999999985,1,0,0.0431,63.05,0.461,9
0.568,0.645,217240,0.639,0,4.34e-05,10,0.326,-6.452000000000001,1,48,0.0342,95.254,0.72,5
0.522,0.596,161600,0.0756,0,0.13,0,0.0917,-15.64,1,53,0.0361,115.497,0.17800000000000002,2
0.8640000000000001,0.486,199427,0.218,0,0.0016600000000000002,0,0.397,-17.289,0,41,0.0261,92.71,0.638,6
0.133,0.593,169773,0.943,0,4.38e-05,9,0.0478,-4.503,1,57,0.0424,136.02700000000002,0.846,4
0.773,0.67,147000,0.381,0,0.0,0,0.329,-14.792,0,28,0.0316,123.33,0.908,6
0.343,0.575,211578,0.67,0,4.95e-06,7,0.129,-10.39,1,77,0.0318,139.191,0.74,5
0.918,0.434,192973,0.142,0,0.0,5,0.0998,-17.219,1,27,0.0363,76.133,0.35,6
0.21600000000000005,0.277,130387,0.386,0,0.68,10,0.244,-11.503,1,27,0.0509,120.728,0.0583,5
0.759,0.564,120216,0.374,1,0.0,1,0.0989,-14.132,1,68,0.459,97.387,0.277,1
0.282,0.29,235400,0.5329999999999999,0,1.85e-06,0,0.141,-9.087,1,23,0.0276,98.848,0.224,6
0.664,0.696,213893,0.611,0,1.53e-05,5,0.474,-8.055,1,23,0.053,112.837,0.769,5
0.947,0.451,179907,0.041,0,0.0212,2,0.142,-20.696,1,24,0.0394,124.457,0.255,6
0.688,0.486,419227,0.285,0,0.000131,9,0.991,-11.488,1,33,0.0335,112.533,0.269,4
0.6709999999999999,0.38,202160,0.28600000000000003,0,0.0,10,0.106,-13.694,0,42,0.029,103.722,0.426,6
0.062,0.6609999999999999,560733,0.7709999999999999,0,0.161,5,0.0801,-5.472,0,32,0.0397,78.365,0.7120000000000001,5
0.0562,0.79,238560,0.875,1,0.0,1,0.0741,-3.024,1,45,0.231,148.023,0.6759999999999999,1
0.79,0.5660000000000001,250427,0.174,0,0.0124,7,0.0911,-19.533,0,21,0.0622,112.736,0.477,7
0.995,0.381,205227,0.0761,0,0.0742,1,0.118,-14.004,1,0,0.0441,51.591,0.601,8
0.415,0.738,226800,0.952,0,2.2e-05,4,0.116,-2.752,1,54,0.147,140.395,0.748,5
0.097,0.557,239133,0.688,0,5.89e-05,9,0.0841,-9.98,1,36,0.0324,91.048,0.7959999999999999,4
0.647,0.5479999999999999,243493,0.417,0,0.0,11,0.103,-6.2860000000000005,1,48,0.0268,89.447,0.227,2
0.968,0.353,178600,0.257,0,8.04e-05,5,0.3720000000000001,-10.998,1,20,0.0329,83.289,0.18,6
0.946,0.34,30000,0.35600000000000004,0,0.981,5,0.374,-15.678,0,0,0.0448,66.056,0.929,9
0.0362,0.443,223427,0.949,0,2.9e-05,9,0.294,-7.454,1,34,0.0448,127.106,0.5479999999999999,3
0.957,0.5489999999999999,144480,0.318,0,0.231,4,0.0806,-9.464,0,0,0.162,140.918,0.87,8
0.607,0.762,305827,0.504,0,3.41e-05,5,0.119,-9.424,1,49,0.0282,125.736,0.467,2
0.0532,0.716,254240,0.753,0,0.0006190000000000001,3,0.183,-12.407,1,51,0.0368,113.404,0.952,5
0.893,0.306,293867,0.205,0,5.54e-06,2,0.679,-18.921,1,14,0.0769,80.21600000000002,0.249,6
0.00271,0.684,188667,0.953,0,0.0098,3,0.207,-7.8889999999999985,0,27,0.0318,131.67,0.636,4
0.979,0.838,158493,0.213,0,0.00047,3,0.108,-15.875,1,5,0.203,100.315,0.7070000000000001,8
0.0696,0.5660000000000001,246533,0.7190000000000001,0,0.0,7,0.103,-5.02,1,49,0.0324,148.125,0.448,1
0.945,0.35,188040,0.334,0,0.703,9,0.273,-12.412,1,55,0.0323,91.592,0.131,1
0.848,0.491,214749,0.22,0,0.0,5,0.0995,-13.964,1,32,0.0326,102.406,0.619,7
0.855,0.455,280830,0.542,0,4.7e-06,2,0.245,-9.778,0,19,0.0675,132.55100000000002,0.955,6
0.952,0.696,160102,0.258,0,0.00221,7,0.0924,-13.315,1,0,0.0499,116.997,0.775,8
0.742,0.684,215251,0.677,0,2.26e-06,2,0.0805,-3.168,1,57,0.042,109.787,0.918,1
0.957,0.34,303933,0.0698,0,0.7609999999999999,7,0.415,-22.503,1,29,0.0428,118.959,0.21600000000000005,5
0.00914,0.612,176000,0.8420000000000001,0,0.00172,1,0.175,-9.296,1,24,0.0464,128.159,0.8009999999999999,4
0.193,0.544,303661,0.579,0,1.4300000000000005e-05,8,0.117,-8.52,1,66,0.0712,109.769,0.294,1
0.451,0.419,188733,0.626,0,0.024,0,0.0884,-10.262,0,37,0.0981,133.629,0.764,6
0.000975,0.863,223827,0.764,0,0.0,4,0.14,-7.085,0,31,0.301,164.05,0.7559999999999999,3
2.34e-05,0.34700000000000003,131067,0.8220000000000001,1,0.00044,5,0.163,-7.282,0,32,0.0535,151.541,0.63,4
0.731,0.552,202600,0.369,0,0.426,11,0.0976,-11.509,1,28,0.0342,121.739,0.565,6
0.0382,0.334,358647,0.733,0,0.0617,5,0.4370000000000001,-9.356,1,32,0.119,166.09099999999995,0.39,5
0.923,0.388,201613,0.336,0,0.942,10,0.21,-15.863,0,9,0.0395,70.45,0.541,7
0.947,0.541,328160,0.172,0,0.302,1,0.0822,-14.883,1,0,0.0602,88.919,0.21600000000000005,8
0.175,0.6859999999999999,248147,0.6679999999999999,0,1.16e-05,4,0.345,-6.36,0,40,0.0303,80.057,0.79,2
0.988,0.482,215920,0.341,0,0.00455,7,0.142,-10.452,1,0,0.0385,113.106,0.411,9
0.0665,0.853,334707,0.435,0,0.434,5,0.0616,-7.574,1,51,0.0478,110.004,0.652,2
0.922,0.522,293693,0.12,0,0.0,2,0.11,-11.9,1,41,0.036000000000000004,154.357,0.237,2
0.931,0.535,48200,0.373,0,0.0,10,0.471,-9.718,1,0,0.0797,177.959,0.915,9
0.18600000000000005,0.6759999999999999,161200,0.929,0,0.000405,10,0.121,-3.194,1,68,0.0458,97.019,0.157,1
0.8220000000000001,0.6779999999999999,212160,0.262,0,0.0,4,0.096,-7.931,0,45,0.0617,80.953,0.231,3
0.326,0.4370000000000001,393400,0.353,0,0.004529999999999999,4,0.166,-15.153,0,45,0.0295,88.304,0.354,5
0.318,0.684,378947,0.573,0,0.028,5,0.306,-12.3,1,66,0.0261,107.363,0.716,4
0.15,0.787,268827,0.691,0,0.00232,2,0.0724,-9.696,1,34,0.0297,121.473,0.962,4
0.35100000000000003,0.404,226067,0.684,0,0.269,4,0.467,-10.37,0,0,0.046,109.771,0.508,8
0.846,0.665,173333,0.665,0,0.762,5,0.154,-9.738,1,12,0.0353,140.922,0.7759999999999999,10
0.501,0.718,133100,0.217,0,0.0,9,0.201,-20.261,0,0,0.959,82.072,0.657,9
0.399,0.588,228840,0.775,0,0.00205,10,0.327,-10.122,1,33,0.0587,164.36900000000003,0.951,3
0.311,0.502,319480,0.759,0,0.0,5,0.985,-4.065,0,46,0.126,102.302,0.382,2
0.107,0.523,329467,0.8029999999999999,0,0.000409,1,0.154,-6.3210000000000015,0,51,0.0791,91.469,0.921,5
0.0944,0.631,364160,0.63,0,1.07e-05,6,0.262,-6.13,0,26,0.08800000000000001,180.703,0.922,5
0.00251,0.4320000000000001,199653,0.926,0,0.0,1,0.442,-3.269,0,45,0.0367,170.99599999999995,0.6920000000000001,1
0.654,0.8170000000000001,162800,0.917,0,2.32e-06,7,0.0599,-6.519,0,52,0.0483,141.987,0.985,3
0.00141,0.365,274200,0.919,0,0.772,0,0.401,-11.116,1,36,0.0697,134.571,0.305,4
0.0718,0.608,290013,0.768,0,0.00134,0,0.0878,-3.5980000000000003,1,58,0.0344,143.934,0.252,2
0.449,0.626,149133,0.458,0,4.94e-06,0,0.0942,-8.484,1,33,0.0364,126.503,0.643,5
0.0021,0.6759999999999999,239987,0.637,1,0.0,11,0.271,-6.856,1,47,0.322,144.976,0.146,1
0.0043100000000000005,0.279,117733,0.996,0,1.22e-06,9,0.387,-5.605,1,36,0.13,170.752,0.307,3
0.841,0.75,101700,0.0547,1,0.0,0,0.267,-22.092,1,0,0.95,130.189,0.519,8
0.0907,0.579,209573,0.49,0,0.0,11,0.297,-12.776,0,30,0.0332,108.691,0.648,5
0.0029100000000000003,0.599,278307,0.948,0,0.00151,9,0.0576,-9.923,0,34,0.0476,139.374,0.626,3
0.595,0.674,167533,0.252,0,0.0,0,0.193,-10.578,1,18,0.0295,112.624,0.691,6
0.0515,0.653,185393,0.623,0,0.0,9,0.0869,-5.989,1,67,0.0938,175.884,0.48,0
0.179,0.503,239693,0.221,0,0.0,2,0.0771,-16.637,1,25,0.0321,137.764,0.459,4
0.8340000000000001,0.265,201867,0.257,0,0.000363,2,0.19,-14.351,0,14,0.0307,85.881,0.433,7
0.0544,0.67,231200,0.537,0,0.000112,0,0.611,-14.071,1,28,0.0516,125.112,0.532,5
0.000153,0.802,290880,0.81,1,0.0,1,0.221,-3.4930000000000003,1,49,0.22,164.998,0.648,2
0.0986,0.723,188200,0.674,0,1.83e-05,7,0.279,-7.427,1,60,0.0297,124.9,0.61,3
0.964,0.28800000000000003,169400,0.279,0,0.0,10,0.247,-14.491,0,42,0.0372,131.334,0.35,6
0.653,0.632,122293,0.865,0,2.27e-06,6,0.28600000000000003,-8.892999999999997,0,10,0.0496,167.29,0.968,7
0.989,0.652,176840,0.236,0,8.290000000000001e-05,4,0.134,-16.909000000000002,0,0,0.228,124.517,0.75,9
0.986,0.619,361373,0.034,0,1.8e-06,6,0.124,-24.086,1,0,0.476,80.956,0.596,7
0.0148,0.51,289486,0.816,0,0.0574,2,0.115,-7.127000000000002,1,55,0.0484,110.124,0.618,1
0.988,0.539,187933,0.13,0,1.77e-05,0,0.0952,-12.667,0,10,0.042,78.889,0.29,9
0.994,0.473,33400,0.0209,0,0.964,5,0.0905,-23.577,1,0,0.0723,133.158,0.366,7
0.994,0.715,200000,0.124,0,0.619,0,0.127,-15.295,1,4,0.0768,92.129,0.53,10
0.992,0.607,166922,0.13,0,0.941,7,0.105,-19.124,0,1,0.0552,65.513,0.197,9
0.8590000000000001,0.6,136908,0.394,0,0.00949,9,0.0324,-7.755,1,0,0.0443,125.718,0.906,7
0.0536,0.61,265239,0.7,0,0.00243,5,0.14,-7.987999999999999,1,49,0.0286,135.02100000000002,0.643,1
0.926,0.763,65653,0.794,0,0.0,9,0.818,-13.175999999999998,1,24,0.95,75.117,0.101,5
0.933,0.68,175467,0.0797,0,0.0,2,0.574,-12.495,1,1,0.0326,92.174,0.392,8
0.818,0.575,206387,0.4270000000000001,0,3.36e-06,0,0.146,-10.037,1,40,0.0686,109.539,0.529,2
0.996,0.366,181613,0.126,0,0.633,11,0.118,-11.671,1,0,0.0841,76.203,0.598,7
0.158,0.774,176704,0.58,0,0.0,1,0.0458,-10.08,1,54,0.0512,123.127,0.923,5
0.0303,0.11,159227,0.845,0,1.82e-06,2,0.104,-8.152000000000001,1,27,0.08800000000000001,195.554,0.4270000000000001,5
0.833,0.5770000000000001,204493,0.7609999999999999,0,0.949,5,0.19,-8.719,0,3,0.0417,162.445,0.769,7
0.327,0.598,319640,0.547,0,0.000952,9,0.226,-12.643,1,25,0.0379,145.118,0.752,5
0.994,0.7859999999999999,182422,0.271,0,0.51,4,0.107,-7.786,0,0,0.267,83.5,0.8740000000000001,7
0.00013700000000000002,0.425,208480,0.94,0,0.0013,0,0.195,-4.673,1,41,0.0654,152.826,0.747,3
0.888,0.489,233271,0.521,0,0.41,2,0.322,-5.441,1,0,0.0278,148.67600000000004,0.62,7
0.133,0.7090000000000001,97500,0.226,1,0.000341,11,0.0807,-21.546,0,0,0.8009999999999999,112.419,0.463,8
0.000971,0.574,310080,0.862,0,0.0,7,0.0923,-6.449,1,47,0.06,122.98,0.594,3
0.934,0.395,26880,0.469,0,0.973,2,0.214,-13.449000000000002,0,0,0.0346,101.958,0.78,7
0.375,0.7190000000000001,483387,0.402,0,0.0,10,0.376,-13.31,0,18,0.932,124.657,0.643,9
0.0261,0.51,220267,0.96,0,0.0,3,0.132,-4.458,1,48,0.0433,80.0,0.922,1
0.0254,0.495,273307,0.632,0,0.0332,8,0.237,-12.941,1,48,0.0404,137.105,0.376,5
0.314,0.635,191373,0.284,0,0.905,0,0.206,-14.167,1,14,0.0529,109.178,0.75,6
0.0586,0.536,272933,0.936,0,0.000627,5,0.231,-3.607,1,33,0.0581,117.539,0.4920000000000001,4
0.961,0.414,50451,0.399,0,0.0005,6,0.856,-6.877999999999999,0,0,0.0745,115.843,0.5710000000000001,8
0.0125,0.55,248280,0.789,0,0.000718,7,0.337,-9.722,1,36,0.0401,140.313,0.962,4
0.000182,0.638,349707,0.861,0,0.562,7,0.308,-9.867,1,36,0.0598,117.767,0.35100000000000003,5
0.411,0.493,204849,0.423,0,2.92e-06,2,0.392,-7.907,1,0,0.0301,139.967,0.342,7
0.635,0.644,158733,0.409,0,1.63e-05,3,0.101,-8.242,1,32,0.0273,91.508,0.523,6
0.00219,0.491,245467,0.885,0,0.0,3,0.0741,-4.121,1,75,0.0395,166.99200000000005,0.6409999999999999,1
0.88,0.321,156533,0.22,0,2.26e-06,0,0.182,-14.22,0,30,0.0306,131.17600000000002,0.16899999999999998,7
0.008759999999999999,0.89,306320,0.63,0,0.00218,11,0.0179,-9.661,0,47,0.0726,104.204,0.828,4
0.398,0.946,169867,0.5379999999999999,1,0.00131,8,0.0581,-7.947999999999999,1,43,0.33,108.142,0.8290000000000001,2
0.994,0.65,158493,0.183,0,0.931,2,0.165,-17.102,1,0,0.106,124.383,0.8440000000000001,9
0.424,0.647,245733,0.233,0,0.0014199999999999998,7,0.0914,-13.15,1,44,0.0361,165.928,0.403,3
0.777,0.303,163733,0.303,0,0.392,3,0.0771,-9.111,0,6,0.0283,95.268,0.392,7
0.57,0.8590000000000001,261773,0.654,1,0.0147,9,0.498,-6.3260000000000005,1,60,0.258,94.004,0.897,2
0.305,0.7609999999999999,97310,0.23,1,0.0,7,0.515,-22.121,1,0,0.942,74.56,0.5770000000000001,10
0.969,0.279,226639,0.179,0,0.0684,10,0.31,-12.267,1,0,0.0453,90.865,0.237,10
0.995,0.436,200000,0.258,0,0.885,9,0.13,-15.907,0,0,0.0411,75.79,0.7190000000000001,8
0.22,0.741,156512,0.556,1,0.0,7,0.0981,-6.647,0,66,0.0947,140.056,0.616,1
0.38,0.477,168373,0.835,0,8.3e-06,7,0.062,-5.247999999999998,0,53,0.0533,89.855,0.778,5
0.118,0.748,167107,0.552,0,1.41e-05,7,0.0841,-7.852,1,30,0.0258,123.657,0.73,3
0.963,0.376,294787,0.246,0,0.8859999999999999,6,0.92,-17.839000000000006,1,7,0.0339,100.871,0.0396,7
0.00383,0.376,243640,0.87,0,1.4300000000000005e-05,4,0.09,-5.509,0,32,0.037000000000000005,126.698,0.657,4
0.337,0.6629999999999999,195668,0.706,1,0.0,5,0.113,-6.97,0,69,0.329,74.836,0.244,1
0.309,0.35200000000000004,224987,0.545,0,0.0564,1,0.106,-11.939,0,55,0.0871,189.498,0.459,5
0.16,0.769,249609,0.838,0,0.0,2,0.0935,-5.238,1,76,0.0633,93.996,0.602,1
0.0105,0.856,359168,0.899,0,0.8909999999999999,0,0.0665,-3.071,1,0,0.053,122.985,0.955,10
0.988,0.315,128227,0.14800000000000002,0,0.87,5,0.113,-20.587,0,0,0.0499,65.569,0.153,10
0.556,0.375,98333,0.108,0,0.000331,9,0.139,-18.583,0,33,0.0411,83.54799999999999,0.127,4
0.889,0.473,226377,0.448,0,0.105,4,0.17600000000000002,-11.147,1,0,0.0474,141.579,0.8240000000000001,8
0.605,0.556,184507,0.439,0,0.000496,0,0.312,-11.299,1,18,0.0392,99.135,0.595,7
0.996,0.335,128547,0.096,0,0.7659999999999999,11,0.158,-27.47300000000001,0,0,0.0883,147.183,0.659,10
0.16699999999999998,0.7190000000000001,224227,0.935,0,0.0,7,0.0973,-3.752,1,61,0.0589,120.022,0.738,1
0.794,0.7090000000000001,165440,0.695,0,2.98e-06,0,0.258,-8.652000000000001,1,19,0.235,80.957,0.785,6
0.995,0.3720000000000001,227360,0.00376,0,0.946,11,0.0569,-33.926,0,0,0.0518,139.10299999999998,0.129,10
0.401,0.83,195907,0.467,0,0.0,11,0.386,-13.109000000000002,1,38,0.136,89.066,0.867,3
0.78,0.4270000000000001,357320,0.298,0,0.000985,7,0.135,-15.066,1,14,0.0458,98.047,0.214,6
0.0424,0.442,193680,0.88,0,0.0,1,0.153,-4.187,0,56,0.0761,142.733,0.4,1
0.807,0.328,1658790,0.574,0,0.0186,9,0.965,-9.945,0,20,0.0781,116.327,0.238,7
0.985,0.208,270267,0.0565,0,5.41e-05,1,0.0774,-19.958,1,0,0.0477,98.091,0.0597,8
0.982,0.389,200813,0.0851,0,0.00187,5,0.101,-15.477,1,57,0.0346,184.298,0.364,5
0.989,0.259,296880,0.045,0,0.846,7,0.121,-26.112,1,2,0.0379,79.968,0.0917,7
0.44,0.257,241080,0.453,0,5.05e-06,2,0.564,-8.062999999999999,1,31,0.0305,148.84799999999996,0.397,3
0.706,0.639,208533,0.5660000000000001,0,0.000212,8,0.0863,-6.517,0,0,0.0323,97.27,0.963,7
0.141,0.542,243440,0.466,1,0.000445,0,0.125,-8.665,1,67,0.0831,191.385,0.124,2
0.359,0.491,163039,0.4920000000000001,0,0.757,5,0.022,-6.6320000000000014,1,3,0.112,140.385,0.871,8
0.00116,0.322,142653,0.95,0,1.75e-06,9,0.263,-6.287000000000001,0,46,0.101,182.778,0.574,2
0.733,0.525,217757,0.4320000000000001,0,0.0,6,0.28300000000000003,-14.17,0,0,0.0568,164.761,0.77,8
0.759,0.155,217267,0.482,0,0.04,0,0.493,-9.623,1,41,0.0375,141.82399999999996,0.0518,6
0.12,0.6920000000000001,198440,0.664,1,0.0,10,0.1,-7.197,1,46,0.0522,128.958,0.462,2
0.0983,0.6920000000000001,203440,0.624,0,0.000144,10,0.124,-6.283,1,55,0.0296,118.94,0.894,3
0.261,0.7,164427,0.3720000000000001,0,0.0,8,0.0541,-15.738,0,29,0.0342,118.196,0.962,6
0.13,0.524,213227,0.6729999999999999,0,6.32e-05,3,0.109,-10.605,1,46,0.0334,78.25399999999998,0.757,5
0.741,0.491,167360,0.46,0,0.0,9,0.182,-10.834,0,5,0.0316,111.233,0.508,7
0.0229,0.575,97160,0.846,0,0.0,6,0.149,-9.279,1,15,0.0541,138.537,0.928,6
0.0867,0.61,254000,0.8009999999999999,0,0.299,9,0.238,-5.979,0,52,0.0301,125.257,0.835,4
0.263,0.513,160347,0.481,0,0.0,2,0.321,-6.9910000000000005,1,34,0.0307,110.278,0.362,5
0.993,0.537,200880,0.125,0,5.4299999999999985e-05,5,0.118,-13.924,1,0,0.0502,94.109,0.361,7
0.8270000000000001,0.7829999999999999,136693,0.4,0,0.0,4,0.23,-13.67,0,12,0.038,118.205,0.813,6
0.00854,0.456,147324,0.5710000000000001,0,0.0864,11,0.138,-8.384,1,55,0.0598,163.452,0.14,1
0.6890000000000001,0.6759999999999999,255373,0.618,1,0.00821,2,0.127,-7.495,0,52,0.196,79.79899999999998,0.466,1
0.963,0.575,216867,0.258,0,0.154,8,0.09,-13.597,1,8,0.0713,119.734,0.5379999999999999,10
0.0113,0.628,241520,0.618,1,0.0,5,0.109,-8.4,0,60,0.313,110.007,0.362,1
0.623,0.505,299507,0.468,0,2.18e-05,2,0.229,-12.349,0,38,0.165,77.411,0.637,6
0.911,0.4970000000000001,140027,0.626,0,0.747,7,0.35100000000000003,-11.274,0,6,0.0664,154.336,0.921,7
0.731,0.6779999999999999,99457,0.303,1,0.0,0,0.376,-16.461,1,0,0.914,91.083,0.53,7
0.995,0.268,179093,0.0946,0,0.937,6,0.159,-17.146,1,0,0.0309,69.258,0.259,9
0.00205,0.638,263787,0.924,0,0.000173,7,0.149,-3.887,1,73,0.0359,111.995,0.529,1
0.77,0.878,191107,0.555,0,0.0,0,0.0663,-7.301,0,63,0.0343,132.936,0.928,1
0.962,0.182,334880,0.225,0,0.948,0,0.184,-13.104,1,0,0.0371,90.897,0.235,7
0.994,0.311,267600,0.00855,0,0.92,5,0.0549,-27.482,1,34,0.0384,73.188,0.0545,4
0.994,0.33,191173,0.312,0,0.638,2,0.273,-12.869000000000002,0,0,0.0373,108.86,0.6990000000000001,7
0.447,0.7929999999999999,191945,0.782,0,0.0,4,0.124,-3.945,1,81,0.0582,143.86,0.81,0
0.78,0.231,311067,0.445,0,0.912,0,0.0788,-11.42,1,30,0.0316,172.74,0.077,5
0.961,0.353,107338,0.217,0,0.951,2,0.112,-18.498,1,51,0.0469,103.238,0.154,2
0.862,0.234,103867,0.173,0,0.535,9,0.342,-19.197,1,23,0.0367,110.97,0.0707,9
0.703,0.638,586400,0.18600000000000005,0,0.00103,8,0.118,-15.831,1,54,0.0347,128.372,0.498,7
0.0634,0.598,302733,0.669,0,0.126,0,0.11,-11.402,1,37,0.0465,110.16,0.777,3
0.00333,0.779,271000,0.418,0,0.000138,7,0.252,-9.207,1,69,0.188,127.942,0.425,5
0.0108,0.713,259627,0.8270000000000001,0,5.74e-06,10,0.134,-9.759,0,52,0.113,93.934,0.738,3
0.0306,0.418,180147,0.557,0,2.31e-06,4,0.14,-9.482,1,48,0.0355,75.744,0.565,1
0.888,0.199,701227,0.0872,0,0.728,8,0.0926,-21.852,1,19,0.0388,84.992,0.12,6
0.482,0.475,236533,0.227,0,0.0,10,0.179,-12.879,1,33,0.0288,100.99,0.422,7
0.019,0.342,120507,0.992,0,0.00604,11,0.101,-3.2510000000000003,0,50,0.0632,165.23,0.938,2
0.995,0.769,175253,0.25,0,0.911,8,0.114,-17.63,1,0,0.0517,110.171,0.82,10
0.863,0.449,185907,0.417,0,0.836,11,0.224,-8.004,0,0,0.0397,121.347,0.716,8
0.797,0.677,192400,0.349,0,0.00108,5,0.295,-5.921,0,47,0.032,108.668,0.726,3
0.982,0.28600000000000003,203442,0.243,0,0.856,7,0.218,-17.516,0,0,0.0526,124.255,0.4970000000000001,7
0.995,0.5670000000000001,182000,0.337,0,0.794,1,0.145,-16.572,1,0,0.274,161.496,0.964,9
0.976,0.471,262573,0.265,0,0.904,0,0.136,-18.985,1,6,0.0645,120.081,0.531,7
0.391,0.431,169535,0.375,0,0.721,11,0.14300000000000002,-15.142,0,68,0.0347,128.153,0.258,5
0.371,0.586,241387,0.389,0,1.13e-05,3,0.185,-8.759,1,48,0.0501,124.724,0.961,1
0.207,0.5770000000000001,146760,0.773,0,0.0,8,0.0871,-7.254,1,27,0.0605,128.234,0.8370000000000001,5
4.3e-05,0.418,324667,0.968,0,0.278,7,0.37,-3.12,1,42,0.195,112.409,0.0701,2
0.942,0.376,186413,0.428,0,0.0811,1,0.53,-12.681,1,0,0.0372,127.903,0.877,9
0.513,0.825,168632,0.453,1,0.0,10,0.102,-8.17,1,58,0.0451,108.991,0.614,1
0.0697,0.59,212500,0.598,1,0.0,7,0.112,-7.153,1,69,0.609,156.07299999999995,0.34,1
0.865,0.146,193760,0.355,0,0.835,7,0.114,-14.583,1,51,0.0352,146.408,0.17800000000000002,6
0.862,0.226,173267,0.136,0,8.07e-06,5,0.302,-19.203,0,63,0.0327,79.37,0.263,3
0.476,0.387,245158,0.419,0,0.00179,4,0.122,-8.802999999999997,0,61,0.183,79.211,0.337,1
0.0531,0.506,237360,0.606,0,0.0,6,0.112,-5.7570000000000014,1,56,0.158,116.192,0.466,2
0.994,0.574,35387,0.0515,0,0.0,11,0.134,-16.546,1,0,0.0476,98.268,0.451,7
0.0563,0.5720000000000001,172840,0.919,0,0.00018,9,0.0769,-3.564,1,24,0.117,173.07,0.329,4
0.994,0.453,204520,0.0919,0,0.961,9,0.131,-17.717,1,0,0.0578,66.638,0.342,9
0.318,0.6779999999999999,230107,0.585,0,0.0,9,0.065,-4.963,0,50,0.14300000000000002,83.959,0.627,2
0.575,0.624,288333,0.653,0,0.0,8,0.104,-6.5820000000000025,0,73,0.17600000000000002,73.884,0.565,2
0.0933,0.7879999999999999,211194,0.5770000000000001,0,0.000327,4,0.17,-9.223,1,49,0.0365,124.498,0.484,1
0.949,0.606,364960,0.304,0,1.14e-06,9,0.139,-13.859000000000002,1,0,0.275,136.391,0.545,7
0.995,0.599,200176,0.325,0,0.898,7,0.142,-13.264,0,0,0.0585,120.319,0.741,9
0.14800000000000002,0.285,538107,0.619,0,0.0243,11,0.22,-8.965,1,39,0.04,90.01899999999998,0.131,3
0.889,0.705,204040,0.303,0,0.0,3,0.149,-10.959,1,1,0.047,143.253,0.823,7
0.952,0.409,193853,0.542,0,0.8079999999999999,0,0.238,-7.617000000000001,1,0,0.036000000000000004,108.46,0.847,8
0.123,0.552,355893,0.7909999999999999,0,1.42e-05,7,0.162,-8.356,1,52,0.0303,91.2,0.698,2
0.8590000000000001,0.501,273293,0.449,0,0.0,7,0.0643,-6.04,0,4,0.0349,112.805,0.6579999999999999,7
0.868,0.361,732807,0.0368,0,0.449,9,0.106,-26.155,0,46,0.053,77.468,0.0433,6
0.659,0.659,132933,0.5710000000000001,0,0.0,9,0.184,-7.691,1,27,0.0281,104.551,0.903,7
0.0105,0.609,175117,0.631,0,0.0,9,0.452,-7.115,1,67,0.0261,134.969,0.594,0
0.373,0.449,165627,0.6659999999999999,0,0.0,11,0.418,-5.101,1,36,0.0281,100.299,0.782,6
0.29,0.71,103900,0.249,1,0.0,1,0.387,-16.325,1,0,0.963,88.12299999999998,0.466,10
0.0065,0.491,283413,0.927,0,5.01e-05,0,0.0691,-6.64,1,36,0.0566,131.055,0.108,3
0.00207,0.36,178280,0.8390000000000001,0,0.000115,11,0.0903,-6.765,0,41,0.0601,133.216,0.46,4
0.202,0.6940000000000001,283267,0.552,0,0.0,9,0.17600000000000002,-10.452,0,41,0.0278,89.904,0.573,3
8.379999999999999e-05,0.444,150627,0.88,0,0.6729999999999999,5,0.115,-9.243,1,22,0.028,156.56,0.894,4
0.975,0.345,206760,0.29600000000000004,0,0.5770000000000001,8,0.185,-12.793,0,0,0.0446,138.091,0.6940000000000001,7
8.04e-05,0.359,322017,0.797,0,0.805,2,0.278,-6.6229999999999976,1,53,0.0537,171.52599999999995,0.473,3
0.965,0.226,282067,0.0235,0,0.00554,0,0.125,-25.565,1,0,0.0412,86.24600000000002,0.076,7
0.995,0.386,126040,0.0991,0,0.888,10,0.108,-17.433,1,0,0.0432,104.155,0.058,8
0.0006309999999999999,0.767,218080,0.7509999999999999,0,0.000195,0,0.18600000000000005,-9.536,0,53,0.0391,111.02,0.617,2
0.4370000000000001,0.293,177400,0.542,0,7.75e-05,7,0.466,-7.721,1,35,0.0337,170.585,0.73,3
0.974,0.522,110250,0.8079999999999999,0,0.00377,0,0.344,-9.086,1,0,0.429,115.487,0.253,9
0.626,0.263,499573,0.416,0,0.929,2,0.0813,-10.935,1,0,0.032,106.473,0.353,8
0.114,0.602,145160,0.375,0,1.86e-06,0,0.0815,-12.308,1,28,0.0329,91.202,0.815,5
0.16,0.466,204439,0.623,0,0.0638,4,0.155,-10.474,0,30,0.157,102.285,0.235,6
0.99,0.426,308427,0.0222,0,0.926,10,0.0948,-27.289,1,39,0.042,101.163,0.0809,3
0.0361,0.586,255933,0.514,0,0.00031,4,0.12,-9.391,1,40,0.032,133.985,0.14300000000000002,3
0.537,0.512,218073,0.511,1,0.0,7,0.115,-4.412,0,61,0.324,88.816,0.6509999999999999,1
0.893,0.111,394240,0.103,0,0.816,5,0.16399999999999998,-18.36,1,53,0.0356,84.52,0.0448,3
0.29100000000000004,0.365,271813,0.655,1,0.00037,8,0.16399999999999998,-6.9570000000000025,1,55,0.311,171.333,0.31,1
0.994,0.523,184505,0.155,0,2.730000000000001e-05,0,0.198,-8.475,0,0,0.0525,100.73,0.5429999999999999,7
0.000566,0.333,169347,0.948,0,0.000244,4,0.217,-6.932,0,36,0.057,93.993,0.496,3
0.7979999999999999,0.711,177360,0.588,0,0.0,3,0.0776,-5.2429999999999986,1,0,0.0891,89.73299999999998,0.959,8
0.211,0.476,158000,0.677,0,0.0,0,0.0601,-11.175,1,54,0.0365,170.87900000000005,0.691,5
0.87,0.769,208667,0.189,0,3.98e-06,5,0.124,-13.112,1,17,0.102,101.161,0.7290000000000001,7
0.922,0.638,181228,0.499,0,0.00351,4,0.468,-14.93,0,2,0.0745,56.152,0.906,9
0.973,0.501,131560,0.331,0,0.928,4,0.171,-11.848,0,2,0.0311,90.072,0.4270000000000001,9
0.0965,0.672,226333,0.34,0,0.0,0,0.123,-15.154000000000002,1,23,0.0348,104.819,0.407,4
0.168,0.612,267200,0.777,0,0.0,7,0.256,-10.887,1,30,0.0403,121.316,0.588,4
0.601,0.527,247520,0.224,0,0.0202,10,0.0915,-13.27,1,54,0.0293,91.908,0.17800000000000002,2
0.946,0.662,173933,0.28600000000000003,0,0.023,10,0.0756,-10.58,1,2,0.0447,93.503,0.397,9
0.932,0.457,305560,0.177,0,1.01e-05,7,0.966,-18.912,1,11,0.0994,116.023,0.258,7
0.995,0.498,176360,0.331,0,0.895,7,0.182,-12.108,1,3,0.0371,65.825,0.7829999999999999,7
0.362,0.343,192120,0.465,0,0.0,4,0.961,-8.926,0,52,0.0318,100.139,0.414,2
0.4270000000000001,0.52,155720,0.696,0,0.000637,11,0.127,-10.002,0,39,0.0558,184.322,0.961,5
0.0502,0.499,323067,0.775,0,0.8059999999999999,0,0.15,-5.4,1,44,0.0323,126.923,0.0825,4
0.0897,0.767,308187,0.328,0,0.000723,11,0.0644,-14.023,0,37,0.0375,137.16,0.507,3
0.895,0.611,650307,0.279,0,0.564,8,0.0805,-10.102,1,12,0.0538,120.857,0.318,7
0.0208,0.579,257267,0.314,0,0.7609999999999999,1,0.111,-12.589,1,49,0.0267,126.746,0.0512,3
0.96,0.5770000000000001,196920,0.302,0,0.00137,0,0.142,-11.292,0,15,0.0293,100.461,0.596,7
0.0861,0.654,206987,0.328,0,0.23,11,0.101,-17.567,0,21,0.0621,188.911,0.82,4
0.836,0.387,176267,0.395,0,0.000695,1,0.127,-10.494000000000002,1,22,0.0385,112.906,0.382,6
0.569,0.375,377987,0.253,0,0.00114,3,0.127,-14.379,1,31,0.0321,141.776,0.215,5
0.978,0.264,185000,0.131,0,0.794,9,0.0438,-19.303,1,0,0.0493,86.36,0.285,9
0.126,0.679,95900,0.133,1,0.0006219999999999999,1,0.103,-19.94,1,0,0.919,97.872,0.505,8
0.086,0.772,177333,0.901,0,0.0,0,0.0761,-3.568,1,55,0.0395,116.042,0.8420000000000001,3
0.5579999999999999,0.741,197369,0.466,0,0.0,4,0.0583,-7.257999999999999,1,71,0.0357,102.058,0.35100000000000003,1
0.000154,0.49,256600,0.752,0,0.179,11,0.0668,-12.33,1,30,0.0314,128.14700000000002,0.484,4
0.61,0.7020000000000001,152027,0.573,0,5.79e-06,1,0.0729,-8.752,1,14,0.0306,133.967,0.969,6
0.14,0.445,163493,0.6779999999999999,0,0.0,0,0.111,-6.65,1,21,0.0296,127.331,0.7929999999999999,6
0.0174,0.932,294227,0.458,0,0.0432,11,0.0414,-9.62,0,59,0.054000000000000006,117.004,0.885,4
0.4,0.4270000000000001,143880,0.901,0,0.00817,5,0.139,-5.528,1,38,0.128,98.182,0.63,6
0.994,0.322,307653,0.0243,0,0.887,7,0.197,-27.605,0,0,0.0352,69.843,0.14300000000000002,10
0.7190000000000001,0.684,228507,0.191,0,1.27e-06,6,0.17600000000000002,-22.264,0,0,0.961,89.667,0.489,9
0.163,0.578,209520,0.836,0,1.36e-06,2,0.0583,-6.607,1,68,0.0512,167.02599999999995,0.932,4
0.261,0.5710000000000001,207133,0.475,0,1.6899999999999994e-05,10,0.0853,-9.639,0,40,0.0509,199.62,0.908,3
0.8959999999999999,0.481,130560,0.508,0,0.000985,9,0.174,-9.6,0,0,0.0372,89.46700000000001,0.841,8
0.0418,0.435,265933,0.931,0,0.000293,9,0.0846,-5.055,0,53,0.0725,153.475,0.387,4
0.953,0.0655,174800,0.0137,0,0.8240000000000001,9,0.108,-34.624,1,42,0.0498,71.339,0.0328,3
0.00784,0.8370000000000001,195427,0.583,0,0.0,3,0.0637,-7.231,0,50,0.0367,106.961,0.965,1
0.129,0.5670000000000001,187333,0.956,1,0.0,9,0.0777,-2.735,1,40,0.161,139.98,0.725,2
0.652,0.485,100930,0.565,0,0.0,3,0.134,-12.866,1,10,0.0513,175.357,0.885,7
0.000468,0.713,216600,0.907,0,0.00524,6,0.0846,-4.132,0,56,0.0336,135.055,0.7390000000000001,2
0.565,0.443,230973,0.62,0,2.09e-06,9,0.0742,-11.105,0,24,0.0432,132.763,0.406,4
0.918,0.17,153267,0.0917,0,0.954,4,0.115,-22.759,1,34,0.0448,124.549,0.0499,3
0.86,0.607,197373,0.207,0,0.0,11,0.249,-14.826,1,0,0.174,71.997,0.386,7
0.747,0.377,128893,0.318,0,0.0812,0,0.111,-11.556,1,0,0.0386,80.11399999999998,0.236,8
0.988,0.282,42333,0.311,0,0.901,7,0.154,-17.254,1,8,0.0615,98.426,0.5870000000000001,7
0.102,0.622,211573,0.961,0,0.00016,4,0.264,-2.616,0,69,0.0669,149.96200000000005,0.687,1
0.454,0.545,142800,0.841,0,0.616,4,0.0845,-11.555,1,28,0.036000000000000004,115.241,0.8290000000000001,5
0.973,0.441,195027,0.0134,0,0.6629999999999999,7,0.0856,-25.075,1,0,0.038,134.42700000000002,0.361,8
0.924,0.513,134653,0.35,0,2.07e-05,2,0.251,-10.393,0,0,0.0447,68.89699999999999,0.8540000000000001,8
0.759,0.43,242974,0.14,0,0.000508,0,0.121,-16.378,1,51,0.0286,93.613,0.145,2
0.967,0.63,182013,0.173,0,0.942,5,0.114,-17.929000000000006,1,6,0.0551,111.606,0.535,7
0.923,0.214,611693,0.156,0,0.113,0,0.371,-19.436,1,0,0.0441,99.276,0.0767,9
0.489,0.888,276427,0.453,0,2.1e-06,6,0.0803,-9.417,1,48,0.0857,119.014,0.979,1
0.139,0.5720000000000001,238760,0.747,0,0.354,1,0.208,-9.941,0,51,0.0432,140.05700000000002,0.424,2
0.0448,0.624,105000,0.269,1,0.0,5,0.424,-17.561,0,0,0.956,170.864,0.39,10
0.632,0.759,120893,0.424,0,0.0195,2,0.0996,-13.062,1,43,0.0406,108.18,0.774,5
0.994,0.76,160613,0.125,0,0.511,11,0.106,-13.001,1,0,0.101,115.707,0.8440000000000001,10
0.723,0.266,297093,0.398,0,0.439,0,0.0824,-12.983,0,0,0.0295,182.652,0.0579,9
0.0669,0.28,500733,0.402,0,0.0153,2,0.794,-9.83,1,40,0.029,141.624,0.158,5
0.672,0.444,149533,0.268,0,4.07e-06,9,0.125,-14.307,1,30,0.0302,98.161,0.411,4
0.0368,0.768,256470,0.515,1,0.064,6,0.282,-10.937,1,0,0.12,80.76899999999998,0.7090000000000001,10
0.0213,0.826,164107,0.726,1,0.0698,7,0.052000000000000005,-6.019,1,42,0.261,94.785,0.398,3
0.584,0.715,269653,0.384,0,0.00758,10,0.285,-16.362000000000002,1,52,0.0457,82.365,0.818,4
0.917,0.196,259560,0.0422,0,3.6e-05,11,0.263,-22.91800000000001,1,0,0.0605,170.61,0.0513,7
0.109,0.51,251347,0.7979999999999999,1,0.0,1,0.281,-5.931,0,45,0.364,168.27,0.487,2
0.248,0.5660000000000001,201900,0.6809999999999999,0,0.0,9,0.134,-5.146,0,48,0.0469,153.993,0.728,1
0.96,0.297,485200,0.0814,0,0.00615,4,0.108,-18.054,0,15,0.0576,172.952,0.155,7
0.616,0.589,133133,0.4370000000000001,0,0.0,0,0.6,-15.622,0,31,0.37,143.188,0.8,3
0.232,0.431,379213,0.42,0,0.0,8,0.188,-8.402000000000001,1,55,0.0361,147.636,0.17,1
0.000313,0.4970000000000001,198693,0.938,1,1.51e-06,4,0.39,-3.39,1,55,0.102,157.249,0.6990000000000001,2
0.408,0.736,206840,0.6679999999999999,0,8.81e-06,2,0.111,-8.842,1,45,0.116,148.963,0.785,2
0.906,0.35700000000000004,131840,0.376,0,1.4e-06,4,0.0858,-7.934,1,35,0.0348,87.932,0.331,3
0.942,0.401,493907,0.197,0,4.2100000000000014e-05,5,0.14300000000000002,-16.292,1,0,0.0469,126.213,0.336,7
0.274,0.884,153652,0.903,1,0.000372,6,0.302,-3.672,0,68,0.2,75.02199999999998,0.8390000000000001,0
0.00126,0.4370000000000001,245533,0.818,0,0.0237,4,0.0684,-9.186,1,28,0.0467,137.33100000000002,0.721,4
0.235,0.706,239187,0.754,0,1.03e-06,0,0.0399,-7.762,1,38,0.252,157.10299999999995,0.688,5
0.852,0.762,101244,0.289,0,0.13,7,0.271,-6.3729999999999976,1,0,0.0424,97.042,0.83,8
0.563,0.5770000000000001,274000,0.527,0,0.000191,6,0.114,-9.21,0,35,0.0374,96.101,0.228,2
0.568,0.741,288532,0.397,0,0.0,6,0.153,-9.34,0,63,0.035,85.04899999999998,0.418,1
0.0041600000000000005,0.584,216707,0.857,0,0.0008960000000000002,2,0.276,-5.103,1,53,0.033,108.027,0.742,2
4.78e-05,0.428,230000,0.988,0,0.32299999999999995,1,0.126,-4.374,0,38,0.126,114.386,0.135,4
0.956,0.436,171987,0.247,0,0.8220000000000001,5,0.845,-17.823,1,0,0.0417,143.692,0.669,8
0.991,0.471,157440,0.394,0,0.863,2,0.0988,-11.291,0,4,0.0368,76.065,0.384,7
0.726,0.8290000000000001,215507,0.792,0,5.83e-06,2,0.122,-3.755,0,71,0.0668,118.05,0.758,1
0.795,0.398,160067,0.242,0,2.21e-06,3,0.116,-12.829,1,21,0.03,78.991,0.447,6
0.362,0.71,104600,0.173,1,0.0,11,0.316,-14.18,0,0,0.926,134.375,0.625,9
0.534,0.344,230400,0.466,0,1.6100000000000002e-05,0,0.569,-8.453,1,58,0.0255,137.974,0.132,4
0.841,0.526,178933,0.0745,0,0.0,10,0.4,-21.196,1,2,0.0744,98.494,0.531,8
0.787,0.605,138533,0.564,0,0.0,7,0.205,-11.485,1,23,0.0584,81.961,0.718,6
0.944,0.303,209407,0.317,0,0.306,4,0.102,-12.54,1,0,0.0367,92.673,0.187,9
0.568,0.716,140453,0.157,0,0.0,11,0.359,-20.323,1,6,0.947,82.04899999999998,0.612,7
0.112,0.6509999999999999,239893,0.306,0,0.0,5,0.0882,-8.291,1,31,0.0292,119.794,0.269,3
0.897,0.16899999999999998,266667,0.224,0,1.02e-05,9,0.0909,-16.732,1,0,0.042,81.293,0.147,7
0.0478,0.7559999999999999,204400,0.5720000000000001,0,0.0,9,0.0853,-7.019,1,76,0.0763,102.986,0.417,1
0.034,0.544,274933,0.63,0,0.573,0,0.0961,-7.523,1,52,0.0335,120.064,0.202,2
0.337,0.8590000000000001,325280,0.6759999999999999,0,0.0008289999999999999,2,0.0307,-5.515,1,47,0.0596,102.847,0.967,2
0.279,0.813,229680,0.92,0,6.93e-06,4,0.329,-2.643,0,60,0.055,115.994,0.767,2
0.0613,0.4970000000000001,255733,0.7190000000000001,0,0.0,6,0.411,-9.397,1,71,0.0266,95.769,0.547,3
0.507,0.732,150747,0.5539999999999999,0,0.112,0,0.245,-10.665,1,5,0.414,122.048,0.778,9
0.0155,0.715,204107,0.5529999999999999,1,2.14e-05,1,0.212,-10.11,1,40,0.252,135.916,0.429,3
0.467,0.442,233693,0.382,0,0.0216,7,0.121,-5.295,1,20,0.0317,119.947,0.199,5
0.373,0.359,249133,0.412,0,0.0,7,0.0617,-12.973,1,31,0.0427,96.744,0.363,4
0.00128,0.298,284067,0.983,0,5.6299999999999986e-05,6,0.78,-6.566,0,47,0.464,89.62899999999998,0.106,3
0.0199,0.688,192493,0.653,0,0.0,0,0.199,-6.675,1,50,0.138,75.72800000000002,0.501,1
0.00255,0.501,299320,0.524,0,0.0115,2,0.118,-16.322,1,33,0.0294,132.921,0.7859999999999999,4
0.879,0.442,191040,0.26,0,0.000681,0,0.675,-14.77,1,24,0.0319,113.486,0.524,5
0.274,0.67,303947,0.328,0,0.0,7,0.207,-10.719,1,32,0.0295,112.044,0.387,3
0.779,0.58,136680,0.71,0,0.0,0,0.119,-8.144,1,29,0.0357,137.526,0.969,6
0.0016,0.299,178051,0.973,1,0.000599,11,0.4370000000000001,-7.751,1,30,0.0423,181.475,0.531,4
0.06,0.618,247800,0.74,0,0.0,9,0.181,-2.97,0,39,0.316,74.79899999999998,0.718,2
0.995,0.546,157413,0.0957,0,0.96,9,0.108,-20.953000000000007,1,7,0.0576,79.447,0.331,7
0.343,0.66,283295,0.542,0,3.89e-06,4,0.122,-8.11,0,57,0.077,135.828,0.152,1
0.995,0.277,132067,0.0445,0,0.93,9,0.0928,-23.871,0,27,0.0462,62.192,0.0617,8
0.949,0.139,188547,0.106,0,0.00533,5,0.0732,-21.215,1,32,0.0405,81.09,0.0848,5
0.75,0.461,317107,0.305,0,0.00107,8,0.188,-15.334,1,15,0.0357,127.702,0.449,7
0.974,0.703,136934,0.228,0,2.07e-06,5,0.17600000000000002,-6.687,0,1,0.187,134.566,0.748,9
0.000739,0.593,239853,0.7809999999999999,0,0.0,8,0.225,-5.292000000000002,0,59,0.0547,103.024,0.575,1
0.00022,0.524,184867,0.939,0,0.0,9,0.623,-3.994,1,72,0.113,150.184,0.6609999999999999,2
0.307,0.585,254280,0.476,0,0.000123,10,0.16,-13.097,0,29,0.0721,78.898,0.459,4
0.00563,0.439,318507,0.54,0,0.5329999999999999,5,0.599,-11.507,0,21,0.0413,99.892,0.731,6
0.57,0.5770000000000001,338408,0.369,0,0.0,10,0.0978,-6.459,1,48,0.0401,121.897,0.1,2
0.0104,0.5489999999999999,199093,0.939,0,0.0,4,0.07400000000000001,-3.031,0,47,0.0482,121.98,0.5479999999999999,1
0.6459999999999999,0.306,193040,0.293,0,0.0,9,0.12,-10.184,1,26,0.0268,90.363,0.232,4
0.887,0.524,639893,0.175,0,0.258,1,0.713,-15.132,1,7,0.0366,141.417,0.468,7
0.8079999999999999,0.111,243933,0.108,0,0.974,2,0.0857,-15.753,1,30,0.043,93.489,0.0451,5
0.703,0.384,256013,0.735,0,0.921,5,0.232,-4.856,0,43,0.0383,133.906,0.276,2
0.513,0.608,124700,0.37,0,0.0,7,0.65,-20.138,1,0,0.94,192.867,0.422,7
0.354,0.34,174640,0.706,0,6.92e-06,9,0.647,-8.732999999999999,1,24,0.0784,76.612,0.515,6
0.675,0.552,154160,0.644,0,0.0,9,0.36,-9.129,1,54,0.0372,122.546,0.961,6
1.56e-05,0.447,189667,0.993,0,0.027000000000000003,7,0.474,-3.022,1,61,0.111,140.018,0.108,2
0.00765,0.302,246133,0.927,0,0.0,3,0.374,-3.318,1,47,0.0926,155.414,0.464,1
0.569,0.387,282093,0.378,0,0.000483,1,0.159,-11.714,1,26,0.0343,120.935,0.333,5
0.334,0.696,206520,0.467,0,9.95e-06,9,0.4370000000000001,-10.002,0,50,0.231,95.348,0.298,2
0.33,0.343,259640,0.385,0,1.59e-06,11,0.14,-9.223,1,43,0.0338,100.735,0.0389,3
0.755,0.464,191000,0.343,0,0.041,0,0.114,-11.744000000000002,1,22,0.046,205.188,0.8340000000000001,6
0.369,0.765,255467,0.8640000000000001,1,0.0,11,0.239,-5.593,0,36,0.505,81.68,0.677,3
0.139,0.6859999999999999,222267,0.638,0,8.18e-06,7,0.0541,-7.756,1,24,0.0293,109.534,0.7040000000000001,5
0.868,0.355,144160,0.28600000000000003,0,0.00032,9,0.18,-15.558,1,0,0.0389,108.774,0.264,7
0.545,0.551,291173,0.361,0,0.000114,2,0.175,-13.53,1,47,0.0328,73.398,0.439,5
0.0148,0.6459999999999999,233195,0.65,0,1.87e-05,11,0.0975,-6.295,1,49,0.029,134.974,0.358,1
0.966,0.75,179905,0.21,0,2.14e-05,5,0.211,-13.877,1,0,0.106,128.214,0.7020000000000001,8
0.979,0.388,235293,0.29100000000000004,0,0.0,0,0.7759999999999999,-11.362,1,0,0.0793,97.37,0.213,7
0.929,0.4320000000000001,255587,0.0278,0,0.12,2,0.098,-19.202,1,0,0.0408,100.086,0.297,9
0.398,0.858,267938,0.504,1,0.0,4,0.107,-8.717,0,57,0.147,129.939,0.274,1
0.128,0.69,169412,0.8809999999999999,1,0.0,5,0.0927,-4.297,0,69,0.284,169.97299999999996,0.503,1
0.0843,0.222,345973,0.43,0,0.905,2,0.111,-13.896,1,32,0.03,90.459,0.0406,5
0.974,0.521,339533,0.00894,0,0.371,7,0.108,-24.142,1,31,0.0414,115.007,0.171,6
0.994,0.73,142533,0.219,0,0.0467,7,0.118,-19.031,1,0,0.16,128.22299999999998,0.6890000000000001,10
0.8909999999999999,0.338,369547,0.0981,0,0.328,10,0.118,-17.76,1,26,0.034,127.762,0.179,6
0.948,0.47,195631,0.242,0,0.616,4,0.132,-13.088,1,0,0.086,143.17,0.297,9
0.106,0.757,208949,0.77,0,0.000902,7,0.445,-6.767,1,38,0.0286,117.108,0.601,4
0.8740000000000001,0.247,539960,0.05,0,0.7490000000000001,4,0.0696,-20.628,0,0,0.0377,132.64600000000002,0.044,9
0.986,0.445,385893,0.127,0,0.003,5,0.135,-20.387,1,9,0.0638,160.774,0.319,7
0.0025,0.525,197800,0.927,0,0.000799,1,0.21600000000000005,-9.561,0,52,0.0547,161.798,0.308,4
0.405,0.378,201355,0.249,0,0.764,8,0.122,-10.822,1,0,0.0562,128.309,0.268,9
0.00446,0.327,219400,0.961,0,0.00939,1,0.308,-10.603,0,33,0.0533,107.484,0.31,4
0.122,0.76,142373,0.944,1,0.0,6,0.366,-6.715,0,35,0.344,89.01899999999998,0.41,3
0.14300000000000002,0.812,238720,0.506,0,0.0,1,0.132,-10.729,1,70,0.0533,125.941,0.701,2
0.62,0.84,135333,0.767,0,0.0,0,0.0555,-7.68,1,42,0.0422,101.622,0.973,3
0.946,0.6759999999999999,142347,0.321,0,0.0,5,0.102,-9.356,0,13,0.14800000000000002,135.131,0.614,6
0.816,0.35700000000000004,193040,0.555,0,0.0975,8,0.66,-11.32,1,0,0.0431,104.057,0.675,9
0.0986,0.764,252307,0.733,0,0.00104,11,0.171,-10.763,0,53,0.0538,116.185,0.887,3
0.0283,0.7040000000000001,196707,0.598,0,0.0,1,0.106,-4.922,1,63,0.0309,115.483,0.472,1
0.649,0.6409999999999999,248280,0.745,0,4.56e-06,0,0.228,-6.872000000000001,0,30,0.08900000000000001,98.774,0.841,5
0.7559999999999999,0.627,116240,0.433,0,0.0,6,0.293,-10.326,1,0,0.0311,131.658,0.721,7
0.975,0.517,200753,0.223,0,2.7000000000000004e-06,11,0.6459999999999999,-10.77,1,0,0.0491,119.141,0.512,8
0.83,0.5820000000000001,77347,0.486,0,0.895,10,0.0536,-16.784000000000002,1,0,0.115,148.278,0.916,8
0.0155,0.362,498427,0.685,0,0.0,9,0.569,-6.53,1,55,0.0535,113.023,0.161,1
0.0437,0.616,289599,0.946,0,0.0,3,0.12,-8.449,1,40,0.0498,128.085,0.723,3
0.991,0.7859999999999999,173920,0.191,0,0.117,2,0.305,-9.062,1,0,0.0683,116.349,0.6759999999999999,10
0.8759999999999999,0.469,155627,0.417,0,0.0,7,0.108,-11.659,1,16,0.033,158.689,0.473,6
0.00193,0.335,399267,0.8490000000000001,1,0.256,0,0.0928,-6.9270000000000005,1,62,0.319,181.701,0.256,3
0.6759999999999999,0.8140000000000001,242160,0.516,0,0.0,9,0.114,-9.419,1,48,0.236,144.032,0.708,2
0.501,0.302,307467,0.422,0,0.0,11,0.938,-10.832,0,19,0.0372,123.025,0.152,7
0.11,0.44,190747,0.4920000000000001,0,0.0,0,0.212,-9.756,1,51,0.0261,184.889,0.591,2
0.191,0.701,228040,0.412,0,4.08e-06,6,0.2,-9.826,0,50,0.0295,152.227,0.7859999999999999,5
0.00236,0.423,347960,0.868,0,0.0957,1,0.0457,-10.532,1,30,0.0636,92.926,0.332,4
0.78,0.4970000000000001,515067,0.515,0,0.72,7,0.232,-13.983,1,12,0.422,98.004,0.654,6
0.985,0.252,495000,0.0923,0,0.933,8,0.0722,-20.774,1,0,0.0382,105.364,0.147,8
0.952,0.376,443627,0.428,0,0.882,5,0.307,-10.093,1,0,0.0382,141.952,0.353,7
0.967,0.128,271070,0.264,0,0.237,3,0.145,-12.079,1,0,0.0352,74.187,0.0745,8
0.917,0.6,33653,0.453,0,0.239,5,0.123,-14.704,1,0,0.0717,123.434,0.17800000000000002,8
0.892,0.228,184053,0.481,0,0.812,4,0.21600000000000005,-30.676,0,0,0.0827,218.435,0.438,7
0.233,0.675,153133,0.589,0,0.0,2,0.065,-11.989,1,44,0.0347,163.813,0.902,3
0.0137,0.8640000000000001,261773,0.406,0,0.000834,10,0.0797,-14.959,1,29,0.182,129.408,0.477,4
0.718,0.474,208000,0.443,0,0.008490000000000001,9,0.335,-13.922,1,22,0.0281,107.849,0.698,5
0.512,0.5379999999999999,184973,0.3,0,5.13e-05,9,0.0871,-16.11,1,39,0.0389,82.031,0.385,5
0.0008039999999999999,0.223,373173,0.664,0,0.37,2,0.107,-14.384,1,24,0.053,179.581,0.612,6
0.404,0.636,171400,0.503,0,0.0,0,0.109,-11.724,1,31,0.0282,100.856,0.8809999999999999,3
0.685,0.447,174681,0.726,0,2.08e-06,4,0.145,-9.941,1,0,0.127,155.722,0.764,8
0.994,0.722,160053,0.201,0,0.278,2,0.102,-12.701,0,0,0.0834,116.0,0.7340000000000001,10
0.992,0.746,184493,0.187,0,0.0051,4,0.247,-19.522,0,0,0.177,127.745,0.7809999999999999,9
0.182,0.6609999999999999,266333,0.818,0,0.000995,2,0.0527,-5.9,1,66,0.0291,147.54399999999995,0.79,4
0.961,0.417,196760,0.489,0,0.00933,10,0.262,-7.382999999999999,1,0,0.0541,125.892,0.488,9
0.967,0.617,179533,0.0835,0,1.01e-06,0,0.349,-22.5,1,4,0.925,80.331,0.155,7
0.667,0.574,157613,0.304,0,0.00898,6,0.232,-14.858,1,37,0.0284,85.73100000000002,0.545,3
0.0863,0.379,245133,0.43,0,0.03,7,0.235,-12.304,1,0,0.0289,134.918,0.361,8
0.314,0.488,253853,0.453,0,0.691,4,0.179,-11.562,0,62,0.0304,138.077,0.129,3
0.292,0.647,182907,0.355,0,1.25e-05,11,0.174,-10.558,0,34,0.0404,66.601,0.39,7
0.941,0.262,282493,0.0454,0,0.718,0,0.0918,-24.125,1,42,0.0332,133.183,0.0712,5
0.273,0.481,225680,0.5329999999999999,0,0.0,11,0.16,-7.838999999999999,1,48,0.0344,149.56799999999996,0.29600000000000004,1
0.0805,0.669,199413,0.5589999999999999,0,0.0,5,0.0703,-5.003,1,66,0.0251,95.001,0.491,1
0.948,0.18,205453,0.193,0,0.861,0,0.204,-12.786,1,19,0.0355,82.413,0.16,7
0.0008939999999999998,0.514,282800,0.906,0,0.00094,2,0.0518,-8.236,1,26,0.0713,180.488,0.49,5
0.992,0.206,60507,0.34,0,0.92,7,0.111,-15.890999999999998,1,19,0.0364,109.644,0.725,7
0.474,0.526,185467,0.358,0,0.0,5,0.113,-14.79,1,27,0.0626,166.981,0.5670000000000001,4
0.984,0.324,199373,0.0719,0,0.0205,8,0.121,-16.078,1,2,0.0344,137.50799999999998,0.235,9
0.000254,0.653,244947,0.753,0,0.0,1,0.112,-5.363,1,42,0.0619,129.863,0.36,2
0.971,0.52,116920,0.195,0,0.0,3,0.334,-16.025,1,1,0.287,162.701,0.263,7
0.0437,0.547,262773,0.836,0,0.8220000000000001,7,0.0743,-7.037000000000001,1,37,0.028,153.377,0.961,4
0.142,0.527,196905,0.418,0,0.775,4,0.139,-10.205,0,62,0.0277,129.516,0.218,3
0.995,0.856,179347,0.13,0,0.595,9,0.134,-15.255,1,0,0.14800000000000002,114.728,0.778,10
0.207,0.6890000000000001,188853,0.278,0,0.0,0,0.21,-12.331,1,18,0.0311,93.097,0.736,6
0.000333,0.32,291547,0.937,0,0.159,6,0.344,-10.392,1,39,0.0553,155.621,0.684,3
0.946,0.368,424107,0.188,0,0.753,4,0.106,-17.733,1,9,0.0462,93.912,0.33,8
0.0456,0.565,264773,0.647,0,0.0,1,0.121,-6.789,0,48,0.0334,111.931,0.21600000000000005,1
0.00573,0.649,209760,0.914,0,0.000165,9,0.0997,-6.199,1,47,0.0455,139.125,0.7390000000000001,2
0.00274,0.399,206840,0.745,0,0.0,1,0.514,-7.903,1,43,0.362,170.614,0.449,2
0.894,0.217,244667,0.154,0,0.0,0,0.19,-11.647,1,14,0.0329,44.666,0.0706,7
0.234,0.75,190627,0.501,0,0.112,5,0.0467,-12.151,1,78,0.0552,167.06,0.902,4
0.99,0.34,17400,0.271,0,0.805,7,0.173,-18.412,1,0,0.189,74.875,0.0364,8
0.473,0.61,161065,0.68,0,0.0,9,0.0756,-2.781,1,36,0.0282,125.073,0.519,3
0.0611,0.402,217987,0.591,0,3.26e-06,1,0.084,-6.135,1,52,0.0262,94.885,0.266,1
0.965,0.353,530762,0.841,0,0.0006799999999999999,2,0.932,-11.624,1,37,0.7440000000000001,83.26799999999999,0.115,2
0.239,0.718,107957,0.368,1,0.0,10,0.792,-12.552,1,0,0.81,128.72899999999998,0.616,7
0.99,0.435,108753,0.32,0,0.904,4,0.111,-23.974,0,0,0.0963,177.75400000000005,0.7120000000000001,7
0.7290000000000001,0.57,214533,0.58,0,0.0,7,0.344,-7.645,1,0,0.0392,95.896,0.732,7
0.877,0.6940000000000001,330800,0.311,0,0.127,9,0.359,-20.939,1,33,0.0644,144.15,0.696,5
0.246,0.5710000000000001,167360,0.32,0,0.0,4,0.132,-9.518,1,39,0.0244,85.743,0.598,3
0.0159,0.5579999999999999,230267,0.989,0,0.00424,11,0.338,-5.4579999999999975,0,39,0.0463,145.007,0.35700000000000004,2
0.00212,0.211,430867,0.653,0,0.106,7,0.0605,-7.638,1,55,0.0264,73.393,0.285,5
0.981,0.45,199133,0.202,0,0.202,8,0.211,-17.136,0,1,0.0403,85.929,0.448,7
0.908,0.334,163533,0.289,0,0.0,2,0.0825,-11.615,1,18,0.0349,75.214,0.275,6
0.046,0.6779999999999999,293600,0.8009999999999999,0,0.00718,9,0.0765,-6.367000000000001,0,51,0.031,98.008,0.627,3
0.0379,0.6409999999999999,242676,0.477,1,1.22e-05,1,0.0886,-9.226,1,51,0.0525,127.923,0.124,1
0.0558,0.6679999999999999,180320,0.491,0,0.0,0,0.15,-8.997,0,58,0.111,74.028,0.49,1
0.313,0.638,217800,0.206,1,0.0,10,0.532,-19.132,0,0,0.8809999999999999,85.184,0.657,10
0.893,0.619,197533,0.34,0,0.96,7,0.1,-13.487,1,7,0.0408,141.561,0.6990000000000001,9
0.993,0.35100000000000003,171493,0.44,0,0.831,9,0.342,-11.726,1,0,0.0522,75.859,0.7879999999999999,9
0.948,0.6809999999999999,219867,0.163,0,0.499,7,0.145,-15.278,1,29,0.037000000000000005,126.159,0.218,5
0.319,0.696,202307,0.621,0,0.0,3,0.18,-7.513,1,44,0.0308,111.937,0.541,3
0.747,0.6579999999999999,237867,0.598,1,0.14400000000000002,2,0.14300000000000002,-12.970999999999998,1,29,0.184,109.663,0.875,4
0.648,0.282,130573,0.22,0,0.115,0,0.18,-16.805,0,50,0.0306,72.075,0.369,5
0.8690000000000001,0.5770000000000001,617173,0.28300000000000003,0,0.0945,7,0.362,-16.845,1,5,0.0449,96.194,0.509,7
0.00462,0.755,202627,0.792,0,0.0,4,0.0307,-3.697,1,55,0.0817,119.982,0.868,1
0.491,0.578,148000,0.422,0,0.005529999999999999,2,0.0682,-15.912,0,20,0.0343,150.233,0.826,6
0.599,0.563,178160,0.317,0,0.0118,9,0.194,-11.385,1,35,0.025,89.01799999999999,0.598,5
0.624,0.623,203467,0.438,0,0.0,9,0.0886,-9.336,0,47,0.0475,114.283,0.6609999999999999,2
0.0644,0.715,239240,0.97,0,0.000156,0,0.205,-2.206,1,65,0.0648,79.50399999999998,0.963,2
0.194,0.794,253133,0.321,0,0.00257,11,0.122,-13.308,0,44,0.0326,93.978,0.885,2
0.396,0.522,210027,0.608,0,0.000311,4,0.112,-11.583,1,43,0.0374,79.975,0.509,2
0.99,0.609,132587,0.293,0,0.00219,3,0.16399999999999998,-17.479,0,0,0.0928,105.446,0.7140000000000001,10
0.0378,0.426,265840,0.467,0,0.0,7,0.0424,-14.54,1,28,0.157,183.598,0.339,5
0.354,0.359,146321,0.128,0,0.00181,9,0.6559999999999999,-16.983,0,56,0.0372,110.35,0.17800000000000002,5
0.7,0.599,299960,0.469,0,0.858,2,0.17800000000000002,-13.686,1,45,0.0283,93.093,0.545,2
0.0127,0.7120000000000001,313427,0.946,0,0.253,4,0.419,-11.8,0,54,0.0321,144.885,0.983,3
0.7859999999999999,0.4,229933,0.398,0,3.47e-06,10,0.333,-6.0379999999999985,0,69,0.0385,111.661,0.16,1
0.0019,0.551,195280,0.732,0,0.0,9,0.0764,-6.081,1,47,0.0627,145.107,0.635,1
0.472,0.364,219133,0.467,0,0.0,11,0.915,-9.612,1,19,0.0384,151.18,0.644,6
0.182,0.349,251360,0.485,0,0.47,0,0.105,-9.903,1,30,0.0287,59.784,0.51,5
0.977,0.383,130040,0.184,0,0.000199,6,0.378,-18.971,0,0,0.136,170.933,0.308,7
0.993,0.261,181893,0.0275,0,0.916,6,0.0956,-28.488000000000003,1,32,0.0408,138.825,0.0624,7
0.00358,0.297,348000,0.679,0,0.0839,11,0.196,-12.138,0,2,0.0916,203.552,0.31,9
0.915,0.5820000000000001,150427,0.229,0,0.472,4,0.16699999999999998,-11.422,1,5,0.0582,150.738,0.426,7
0.883,0.349,224468,0.255,0,1.69e-06,5,0.11,-8.915,1,53,0.0323,104.446,0.125,3
0.607,0.767,294827,0.916,0,0.905,10,0.39,-5.6629999999999985,1,27,0.0479,118.507,0.955,4
0.155,0.732,212667,0.653,0,0.0005059999999999999,0,0.0624,-8.277999999999999,1,29,0.0776,87.07799999999996,0.825,5
0.273,0.735,228027,0.607,0,3.4899999999999995e-05,9,0.0656,-9.03,1,28,0.0289,134.526,0.965,5
0.466,0.373,167053,0.446,0,1.91e-06,7,0.338,-9.206,1,37,0.03,158.269,0.52,3
0.6,0.638,161800,0.501,0,1.59e-06,9,0.106,-8.915,1,37,0.0284,81.358,0.462,4
0.752,0.65,257867,0.218,0,0.0,5,0.0542,-18.324,0,16,0.447,126.442,0.409,6
0.00214,0.579,185867,0.511,0,0.0667,7,0.136,-12.395,1,1,0.0269,141.394,0.419,9
0.008320000000000001,0.552,254040,0.841,0,0.0033,10,0.07400000000000001,-5.22,1,35,0.0326,121.51,0.7090000000000001,4
0.0716,0.8240000000000001,277173,0.762,0,0.000406,2,0.135,-6.359,1,36,0.0988,87.837,0.502,3
0.991,0.431,177267,0.107,0,0.00152,6,0.362,-16.247,1,2,0.0365,132.435,0.489,8
0.703,0.589,290573,0.453,0,2.54e-05,7,0.134,-8.912,1,69,0.0397,139.148,0.513,5
0.995,0.37,350773,0.0161,0,0.934,2,0.0742,-25.823,1,0,0.0424,84.09299999999998,0.274,7
0.762,0.466,151800,0.5820000000000001,0,3.28e-05,2,0.619,-6.2070000000000025,1,46,0.0252,95.089,0.7040000000000001,2
0.0783,0.937,153320,0.395,1,0.0,10,0.29100000000000004,-7.63,1,63,0.132,116.98,0.644,1
1.06e-05,0.183,135067,0.902,0,0.537,9,0.129,-4.267,1,35,0.121,177.658,0.757,5
0.995,0.672,194621,0.289,0,0.215,8,0.279,-8.396,1,0,0.165,79.062,0.836,8
0.884,0.725,171040,0.387,0,0.887,8,0.0952,-15.21,1,0,0.0532,124.745,0.5920000000000001,9
0.73,0.703,155173,0.7240000000000001,0,0.0,7,0.518,-10.818,1,56,0.0467,131.821,0.963,6
0.924,0.302,27133,0.447,0,0.802,2,0.49,-14.024,0,0,0.0404,100.422,0.728,7
0.726,0.261,218267,0.448,0,0.0,4,0.158,-6.2570000000000014,0,39,0.036000000000000004,179.763,0.399,6
0.27,0.856,476360,0.655,0,0.000103,6,0.6459999999999999,-15.478,1,29,0.197,112.35,0.8140000000000001,4
0.8740000000000001,0.6779999999999999,179347,0.317,0,5.99e-06,2,0.112,-7.9129999999999985,1,43,0.0427,111.949,0.703,2
0.807,0.458,194600,0.458,0,0.00107,2,0.125,-10.366,0,15,0.0822,147.1,0.7140000000000001,6
0.0219,0.6609999999999999,125787,0.855,0,0.0,10,0.378,-6.202000000000001,0,40,0.194,141.931,0.441,2
0.951,0.293,257440,0.036000000000000004,0,5.79e-06,3,0.0951,-24.184,1,23,0.0451,99.268,0.335,6
0.506,0.858,247707,0.462,0,1.33e-06,11,0.213,-13.651,0,28,0.189,77.863,0.8909999999999999,4
0.973,0.503,190787,0.17600000000000002,0,0.0498,3,0.208,-20.393,1,8,0.0425,112.101,0.314,9
0.994,0.598,214173,0.227,0,0.606,2,0.369,-14.142,0,0,0.0423,130.466,0.6990000000000001,8
0.964,0.28800000000000003,187253,0.166,0,0.113,5,0.0792,-19.521,1,0,0.0379,70.88600000000002,0.25,9
0.708,0.49,252960,0.701,0,0.0,5,0.119,-7.94,1,51,0.0394,102.504,0.785,3
0.0006389999999999999,0.449,341840,0.8859999999999999,0,0.598,2,0.249,-7.925,1,23,0.0432,153.366,0.931,4
0.99,0.326,168667,0.0575,0,0.887,4,0.281,-16.5,1,53,0.0393,127.397,0.301,3
0.0504,0.405,183320,0.831,0,0.0918,5,0.805,-5.292999999999998,0,52,0.0671,130.856,0.805,6
0.969,0.762,106560,0.407,0,0.0,8,0.264,-7.682,1,13,0.0744,98.839,0.4970000000000001,7
0.6759999999999999,0.449,158093,0.311,0,0.00284,7,0.0942,-12.954,1,28,0.0288,126.177,0.444,6
0.967,0.575,190693,0.116,0,0.185,8,0.119,-17.926,1,9,0.0538,73.012,0.398,7
0.5770000000000001,0.58,160733,0.315,0,2.47e-06,7,0.0865,-9.795,1,25,0.0851,146.506,0.302,5
0.0032,0.58,185267,0.7340000000000001,0,0.0031,7,0.0749,-12.597,1,34,0.0639,81.548,0.8370000000000001,5
0.206,0.6409999999999999,141227,0.66,0,0.0,7,0.329,-8.451,1,7,0.0299,117.555,0.7290000000000001,6
0.337,0.314,456667,0.579,0,0.0,5,0.0674,-8.427,0,32,0.0557,80.432,0.197,2
0.00283,0.215,686253,0.985,0,0.112,4,0.768,-5.409,0,28,0.15,146.59,0.18,5
0.0109,0.61,318360,0.575,0,0.0,1,0.119,-6.507999999999999,0,19,0.0273,108.345,0.634,4
0.982,0.63,113998,0.392,0,0.00525,4,0.292,-10.354,1,0,0.133,87.19200000000002,0.754,8
0.967,0.198,180293,0.28300000000000003,0,0.639,6,0.172,-12.662,1,17,0.0353,77.027,0.0664,7
0.006959999999999999,0.7390000000000001,202945,0.44,0,0.0,2,0.0604,-11.458,1,49,0.72,200.262,0.444,1
0.647,0.696,183267,0.5710000000000001,0,0.87,2,0.385,-14.316,1,21,0.0584,111.065,0.8140000000000001,5
0.022,0.389,187347,0.83,0,0.0156,7,0.16699999999999998,-4.314,1,42,0.0345,92.471,0.634,4
0.32,0.6990000000000001,624933,0.785,0,0.848,2,0.59,-13.119000000000002,1,34,0.0408,126.007,0.935,4
0.938,0.404,285627,0.15,0,0.466,0,0.23,-15.405,1,0,0.0446,131.684,0.348,7
0.0217,0.645,224973,0.54,0,0.8240000000000001,0,0.157,-9.753,1,0,0.028,91.992,0.301,7
0.995,0.29100000000000004,290731,0.0364,0,0.906,9,0.0774,-23.69,0,0,0.0399,177.175,0.171,7
0.0457,0.5720000000000001,159387,0.868,0,0.0,4,0.204,-5.811,1,49,0.058,128.142,0.491,2
0.124,0.5710000000000001,169027,0.953,0,5.57e-06,3,0.35,-5.002,1,49,0.0568,135.599,0.682,5
0.00202,0.26,349733,0.99,0,0.0041600000000000005,7,0.779,-3.498,1,29,0.128,128.29,0.0885,3
0.938,0.338,194627,0.255,0,0.000493,3,0.146,-10.93,1,33,0.0364,129.53799999999998,0.0817,6
0.242,0.711,329933,0.348,0,1.43e-06,6,0.2,-18.388,1,16,0.942,112.575,0.564,9
0.204,0.887,273173,0.452,0,0.569,9,0.0553,-11.674,1,37,0.103,138.254,0.75,4
0.229,0.637,185461,0.501,0,5.91e-05,0,0.099,-6.148,0,71,0.187,103.993,0.431,1
0.975,0.529,246160,0.334,0,0.8370000000000001,5,0.52,-19.246,0,0,0.0529,80.536,0.888,8
0.952,0.34600000000000003,179320,0.149,0,0.000351,1,0.145,-13.347,0,0,0.0291,141.249,0.17600000000000002,8
0.958,0.368,169654,0.417,0,0.0179,2,0.0996,-9.146,1,10,0.0265,92.782,0.202,9
0.0625,0.5760000000000001,241400,0.8009999999999999,1,0.0,2,0.0997,-5.365,1,58,0.316,176.482,0.482,2
0.954,0.463,244480,0.0874,0,1.78e-06,3,0.123,-13.072,1,3,0.0405,111.122,0.249,7
0.000929,0.655,216440,0.862,0,0.555,6,0.151,-8.082,0,39,0.0445,107.991,0.355,3
0.993,0.4920000000000001,189150,0.375,0,0.0,11,0.7170000000000001,-9.76,1,0,0.116,82.256,0.8270000000000001,8
0.959,0.311,145267,0.0192,0,0.0,3,0.118,-22.942,1,27,0.0302,77.57,0.14300000000000002,6
0.412,0.539,204813,0.639,0,0.0,3,0.075,-7.311,1,52,0.0353,162.099,0.968,2
0.0556,0.545,247573,0.902,0,0.0,6,0.196,-5.3020000000000005,1,55,0.0471,91.251,0.777,3
0.000549,0.528,200747,0.94,0,0.0,0,0.326,-4.186,1,51,0.0588,101.588,0.6509999999999999,2
6.38e-06,0.215,345573,0.946,0,0.13699999999999998,0,0.155,-6.221,1,46,0.0776,187.748,0.443,2
0.929,0.251,299427,0.28300000000000003,0,5.07e-05,5,0.194,-11.805,1,46,0.0303,91.043,0.225,2
0.993,0.892,192053,0.305,0,0.0449,8,0.218,-11.157,1,0,0.0666,112.112,0.875,10
0.28800000000000003,0.713,156467,0.35700000000000004,0,0.574,7,0.14300000000000002,-13.954,1,0,0.122,96.383,0.6970000000000001,7
0.018000000000000002,0.909,214173,0.962,0,0.0,1,0.0937,-7.78,1,38,0.29,100.694,0.612,3
0.728,0.616,186400,0.278,0,0.000449,2,0.104,-19.096,1,39,0.0307,83.589,0.7609999999999999,4
0.019,0.664,226373,0.581,1,0.000641,2,0.115,-8.673,1,44,0.129,166.361,0.633,3
0.99,0.188,225120,0.133,0,0.957,0,0.166,-19.305,1,0,0.0332,76.274,0.117,8
0.000348,0.565,200360,0.947,0,0.0,0,0.399,-4.941,1,48,0.0479,100.002,0.5870000000000001,1
0.994,0.7829999999999999,191507,0.26,0,0.878,7,0.114,-12.243,1,0,0.134,96.675,0.868,9
0.0927,0.369,256800,0.625,0,0.00172,8,0.231,-8.763,0,33,0.0331,100.143,0.35100000000000003,3
0.805,0.428,240173,0.274,0,0.0,3,0.102,-7.362999999999999,1,60,0.0394,145.067,0.17600000000000002,1
0.000953,0.892,282733,0.4370000000000001,0,0.008490000000000001,2,0.183,-6.752000000000002,1,42,0.0849,122.229,0.147,2
0.992,0.109,271600,0.0384,0,0.925,7,0.103,-23.09,1,1,0.0422,81.015,0.0342,8
0.872,0.552,240907,0.0993,0,7.01e-05,8,0.214,-19.285,1,24,0.0347,88.074,0.546,7
0.8959999999999999,0.422,248573,0.47,0,1.42e-06,6,0.6579999999999999,-12.361,1,25,0.0826,141.609,0.45,5
0.5870000000000001,0.703,435800,0.6659999999999999,0,5.11e-06,7,0.0924,-8.901,0,51,0.0356,98.214,0.943,3
0.989,0.284,126253,0.149,0,1.16e-06,8,0.173,-22.349,1,0,0.0734,83.306,0.0558,8
0.644,0.324,359706,0.6609999999999999,0,0.00043,5,0.0691,-9.363,0,10,0.0538,79.089,0.454,6
0.969,0.302,282093,0.34,0,0.009000000000000001,5,0.196,-11.507,1,9,0.0354,94.703,0.151,7
0.21,0.5760000000000001,171388,0.727,0,0.809,5,0.0466,-9.03,1,31,0.0568,130.326,0.763,5
0.5710000000000001,0.784,250800,0.506,0,0.0,3,0.139,-5.2429999999999986,0,64,0.0403,120.141,0.545,1
0.00935,0.422,143360,0.878,0,0.332,5,0.201,-4.863,1,54,0.0442,84.044,0.496,2
0.965,0.8140000000000001,131400,0.337,0,0.0,10,0.183,-11.728,0,29,0.037000000000000005,110.806,0.919,8
0.894,0.742,167654,0.14,0,0.00466,7,0.0888,-13.019,1,4,0.134,131.737,0.568,9
0.701,0.61,130723,0.213,0,0.0,11,0.11,-10.880999999999998,1,25,0.0789,128.908,0.506,7
0.883,0.732,815080,0.454,0,0.7659999999999999,9,0.981,-16.123,1,32,0.0337,99.788,0.778,5
0.0758,0.289,134667,0.934,0,0.000712,2,0.279,-5.064,1,25,0.0574,155.02,0.846,5
0.00229,0.21600000000000005,280960,0.977,0,0.00152,5,0.123,-4.012,0,40,0.22,156.16299999999995,0.46,2
0.0161,0.458,190960,0.863,0,0.0,4,0.345,-4.876,0,48,0.0336,146.224,0.654,2
0.996,0.512,157160,0.0066,0,0.944,4,0.0782,-34.787,0,11,0.0804,76.296,0.198,8
0.8909999999999999,0.64,141533,0.508,0,0.000298,5,0.16899999999999998,-8.276,1,38,0.0368,105.807,0.918,6
0.31,0.6779999999999999,155298,0.462,0,0.0005009999999999999,0,0.0923,-13.139,0,0,0.0341,140.75799999999995,0.515,8
0.733,0.903,71960,0.151,0,0.0,6,0.0805,-14.486,1,43,0.0676,128.49200000000002,0.795,5
0.726,0.69,222280,0.7190000000000001,0,0.0,9,0.158,-6.537000000000001,1,38,0.147,123.997,0.693,4
0.993,0.329,212267,0.134,0,0.899,9,0.151,-20.676,1,0,0.0404,82.389,0.125,10
0.00286,0.599,239360,0.6809999999999999,0,1.3800000000000007e-05,2,0.113,-7.1679999999999975,1,52,0.0355,158.029,0.495,1
0.117,0.821,249413,0.528,0,0.0702,4,0.0816,-11.749,0,56,0.0463,92.128,0.345,3
0.8,0.462,254800,0.399,0,0.0,1,0.0991,-8.591000000000001,1,45,0.0301,171.842,0.359,2
0.6679999999999999,0.5720000000000001,267747,0.488,0,0.0,4,0.11,-10.179,1,60,0.124,132.142,0.642,3
0.0585,0.715,95100,0.133,1,1.5e-06,5,0.146,-23.535,0,0,0.867,123.899,0.405,8
0.892,0.152,236813,0.149,0,0.7659999999999999,9,0.114,-15.871,1,7,0.0334,88.044,0.0392,7
0.35100000000000003,0.407,180467,0.266,0,0.0,6,0.0667,-15.464,1,37,0.026,89.12899999999998,0.426,5
0.946,0.319,222560,0.246,0,2.52e-05,9,0.11,-9.463,0,2,0.0328,82.804,0.191,7
0.979,0.472,188655,0.0569,0,0.000449,8,0.175,-14.495,1,10,0.0307,66.976,0.261,8
0.236,0.251,160800,0.354,0,0.7140000000000001,4,0.353,-11.454,0,27,0.0312,85.72200000000002,0.342,6
0.000343,0.581,320587,0.772,0,0.0191,9,0.11,-6.544,1,63,0.0401,127.952,0.361,1
0.162,0.736,245467,0.733,0,8.740000000000001e-05,1,0.308,-9.098,1,42,0.0306,131.21200000000002,0.965,3
0.0272,0.5589999999999999,303267,0.918,1,0.0572,6,0.583,-3.52,0,44,0.327,84.647,0.235,2
0.0953,0.476,250960,0.688,1,0.0006450000000000001,1,0.438,-7.798999999999999,1,62,0.245,140.553,0.35200000000000004,1
0.746,0.664,131047,0.517,0,0.000151,0,0.114,-13.28,1,10,0.0351,121.191,0.938,6
0.9,0.5329999999999999,129413,0.765,0,0.0136,10,0.147,-7.997000000000001,1,17,0.0691,78.63,0.753,9
0.043,0.586,262280,0.677,0,0.0936,1,0.0884,-8.343,1,67,0.0294,144.001,0.562,1
0.317,0.539,256867,0.424,0,0.0,11,0.108,-9.361,1,68,0.0406,118.071,0.17,1
0.355,0.636,241067,0.405,0,0.0,8,0.0804,-11.113,1,71,0.0287,128.06799999999998,0.257,4
0.579,0.508,144493,0.537,0,0.0,7,0.13699999999999998,-11.392,1,30,0.0339,120.109,0.8859999999999999,6
0.965,0.241,201840,0.168,0,0.114,0,0.373,-16.267,1,54,0.0442,84.749,0.556,3
0.64,0.243,199867,0.271,0,0.899,5,0.229,-14.923,1,0,0.0528,95.07,0.124,8
0.541,0.787,217728,0.518,1,0.0,6,0.132,-8.084,0,67,0.268,91.344,0.327,0
0.971,0.528,205093,0.261,0,0.00469,3,0.368,-8.527999999999999,1,0,0.0481,108.372,0.7509999999999999,9
0.46,0.758,191147,0.574,1,0.00272,11,0.102,-6.8889999999999985,0,67,0.0572,151.985,0.261,1
0.96,0.404,179200,0.21600000000000005,0,0.00156,1,0.6679999999999999,-16.294,1,0,0.193,78.214,0.0647,7
0.981,0.593,104360,0.532,0,0.000169,0,0.542,-12.944,1,0,0.893,78.991,0.609,9
0.995,0.613,185093,0.16699999999999998,0,0.868,4,0.16399999999999998,-16.608,1,1,0.0967,88.744,0.725,10
0.0156,0.688,170040,0.72,0,8.46e-05,1,0.0562,-6.556,0,29,0.0471,127.255,0.905,4
0.0127,0.957,296000,0.51,0,4.35e-05,7,0.0708,-13.869000000000002,1,24,0.249,121.992,0.862,4
0.3,0.622,210267,0.43,0,0.0215,0,0.8220000000000001,-9.141,1,31,0.0351,92.68,0.792,5
0.979,0.14300000000000002,156133,0.139,0,0.926,5,0.124,-20.987,1,0,0.0376,70.392,0.0372,7
0.000209,0.411,228960,0.953,0,0.0007,6,0.105,-3.853,0,47,0.073,134.82299999999998,0.21600000000000005,3
0.0904,0.359,344867,0.611,0,3.19e-06,0,0.0986,-10.012,1,14,0.0579,131.239,0.401,6
0.465,0.664,210760,0.88,0,1.63e-05,2,0.0591,-5.009,0,55,0.0326,133.898,0.895,5
0.977,0.612,182893,0.383,0,0.0,5,0.0935,-11.112,1,0,0.447,77.32600000000002,0.777,9
0.6890000000000001,0.322,152413,0.638,0,0.0,8,0.183,-9.519,1,13,0.0969,76.543,0.574,6
0.00952,0.732,206867,0.722,0,0.0,11,0.206,-8.706,0,33,0.17,93.041,0.522,3
0.885,0.289,130493,0.458,0,0.0,7,0.0885,-7.278,1,30,0.0358,204.187,0.836,6
0.974,0.395,198020,0.397,0,1.07e-05,8,0.387,-10.028,0,0,0.0345,137.889,0.6,8
0.425,0.416,195680,0.521,0,1.54e-06,4,0.244,-7.9220000000000015,0,41,0.027000000000000003,80.421,0.373,3
0.127,0.349,309867,0.493,0,0.725,9,0.0819,-12.683,0,23,0.0406,132.07,0.447,5
0.327,0.647,232853,0.563,0,0.0,3,0.105,-8.436,1,55,0.0349,137.997,0.498,2
0.6940000000000001,0.7190000000000001,165733,0.403,0,0.0,2,0.161,-9.203,0,26,0.0634,130.135,0.746,7
0.332,0.474,71869,0.329,0,0.0104,8,0.381,-9.085,1,27,0.053,160.452,0.285,5
0.0685,0.971,497608,0.527,0,5.06e-06,11,0.0563,-6.5710000000000015,1,26,0.16,109.542,0.735,4
0.915,0.5579999999999999,115160,0.499,0,0.0,10,0.913,-18.105,1,13,0.857,114.777,0.097,8
0.27,0.685,242493,0.461,0,0.00292,2,0.214,-15.259,1,25,0.0304,109.461,0.562,4
0.5,0.66,321200,0.191,0,0.0,7,0.0933,-18.222,1,2,0.809,93.876,0.508,7
0.7709999999999999,0.583,152600,0.289,0,7.71e-06,8,0.0727,-16.347,1,0,0.117,89.337,0.8220000000000001,9
0.6409999999999999,0.68,140907,0.447,0,0.0,7,0.379,-9.689,1,39,0.0439,120.766,0.964,6
0.4320000000000001,0.604,328240,0.458,0,0.00446,4,0.0804,-15.055,0,49,0.161,174.248,0.636,5
0.00866,0.77,224240,0.309,0,0.00455,7,0.147,-15.535,1,33,0.171,147.38299999999995,0.706,4
0.0101,0.797,198600,0.759,0,0.00112,6,0.0901,-13.819,0,38,0.0904,108.9,0.962,5
0.121,0.7040000000000001,366880,0.873,1,5.12e-06,11,0.24,-4.057,0,66,0.14400000000000002,154.914,0.742,3
0.0092,0.823,184267,0.723,1,0.103,1,0.12,-15.571,0,46,0.272,103.373,0.146,3
0.193,0.647,280000,0.472,1,0.0,0,0.269,-6.7429999999999986,1,63,0.0323,120.187,0.166,1
0.0188,0.438,175053,0.93,0,0.349,9,0.196,-4.959,1,42,0.0484,104.812,0.782,4
0.99,0.439,148893,0.419,0,0.923,5,0.907,-13.656,1,19,0.217,207.68,0.901,9
0.0356,0.5489999999999999,255133,0.453,0,0.0,7,0.0675,-13.044,1,39,0.025,88.589,0.377,4
0.211,0.6579999999999999,198467,0.6990000000000001,0,0.0105,5,0.236,-10.219,0,60,0.0794,110.048,0.394,3
0.00916,0.524,259800,0.424,0,0.151,4,0.133,-18.098,0,32,0.0401,130.054,0.422,4
0.899,0.473,124960,0.241,0,0.0,8,0.151,-11.024,1,19,0.0413,115.46,0.621,7
0.993,0.5720000000000001,164728,0.22,0,1.49e-06,7,0.0809,-9.338,0,0,0.168,89.48100000000002,0.888,8
0.125,0.305,477133,0.8540000000000001,0,0.00435,5,0.379,-5.849,1,28,0.0468,124.594,0.321,5
0.711,0.565,232508,0.35200000000000004,0,0.028,0,0.122,-15.251,1,31,0.0999,187.284,0.7909999999999999,5
0.00015800000000000002,0.246,191600,0.623,0,0.696,7,0.15,-10.857,0,27,0.0327,173.445,0.639,4
0.0574,0.522,116733,0.635,0,3.16e-05,7,0.22,-9.267,1,16,0.0297,132.563,0.765,6
0.00902,0.362,207720,0.8390000000000001,0,0.0,8,0.24,-4.956,1,41,0.0648,147.042,0.473,3
0.0128,0.469,234107,0.532,0,0.125,9,0.118,-15.666,0,37,0.0609,160.914,0.52,2
0.738,0.705,202693,0.311,0,0.0,5,0.322,-12.344,1,39,0.0488,117.26,0.785,5
0.00488,0.6459999999999999,253253,0.852,1,4.08e-05,6,0.264,-5.151,0,39,0.215,83.575,0.75,2
0.022,0.5820000000000001,165587,0.846,0,0.0,0,0.133,-2.7710000000000004,1,64,0.0451,92.004,0.736,1
0.762,0.495,513907,0.731,0,0.0594,0,0.98,-10.056,0,6,0.0504,93.16,0.68,8
0.0869,0.847,226547,0.667,1,0.0,6,0.443,-5.7,1,57,0.17,77.492,0.7070000000000001,2
0.7929999999999999,0.282,78573,0.307,0,8.329999999999999e-05,1,0.104,-11.077,1,10,0.0323,75.132,0.579,6
0.987,0.723,171733,0.0865,0,0.00101,4,0.163,-15.228,0,5,0.0469,108.112,0.529,9
0.987,0.6559999999999999,206658,0.281,0,0.000299,5,0.117,-8.638,0,0,0.35600000000000004,131.756,0.662,7
0.826,0.0622,240787,0.16699999999999998,0,0.882,10,0.115,-22.054,0,7,0.0393,50.828,0.0438,8
0.98,0.733,262200,0.0755,0,0.0,6,0.134,-23.587,1,0,0.955,84.084,0.392,8
0.135,0.233,257333,0.531,0,9.78e-06,2,0.107,-12.363,1,35,0.0442,139.325,0.42,5
0.183,0.845,240747,0.7559999999999999,1,2.13e-06,11,0.157,-4.714,0,48,0.168,121.998,0.77,1
0.635,0.608,177133,0.565,0,0.0,2,0.0601,-11.06,1,60,0.0336,109.286,0.835,6
0.985,0.336,190400,0.0619,0,0.8909999999999999,5,0.11,-20.494,0,48,0.0363,60.705,0.197,3
0.8440000000000001,0.387,361947,0.25,0,0.911,7,0.113,-17.149,0,41,0.035,112.124,0.128,4
0.988,0.205,246453,0.0461,0,0.4920000000000001,10,0.221,-24.96,1,0,0.0442,95.128,0.312,8
0.217,0.556,232693,0.743,0,0.000109,9,0.442,-10.077,1,46,0.0458,92.93,0.763,5
0.34700000000000003,0.594,292815,0.498,0,0.000118,2,0.204,-9.712,0,1,0.0351,75.991,0.197,9
0.376,0.478,178920,0.643,0,1.25e-05,1,0.179,-7.62,0,58,0.215,117.299,0.239,1
0.327,0.769,212240,0.628,0,0.00128,6,0.146,-4.399,1,23,0.035,110.377,0.677,4
0.98,0.565,171547,0.348,0,0.00183,8,0.242,-13.31,1,0,0.0367,122.181,0.64,7
0.987,0.38,213707,0.342,0,0.017,11,0.274,-8.964,0,0,0.044,68.665,0.343,8
0.373,0.469,346653,0.657,0,2e-05,8,0.126,-9.715,1,8,0.039,123.473,0.858,7
0.787,0.715,155500,0.0723,1,0.0,0,0.368,-18.771,1,0,0.945,126.9,0.5710000000000001,8
0.0416,0.272,201173,0.985,0,0.000517,6,0.29,-5.558,0,42,0.121,140.662,0.134,4
0.65,0.496,140140,0.101,0,0.684,6,0.105,-22.118,1,58,0.292,59.551,0.62,1
0.986,0.365,215053,0.133,0,0.28300000000000003,1,0.0865,-20.891,1,27,0.0485,114.296,0.174,6
0.0348,0.643,242973,0.934,0,0.000654,11,0.303,-6.651,0,43,0.0513,119.838,0.929,4
0.0635,0.594,173516,0.823,1,0.0,9,0.095,-5.21,1,59,0.332,97.101,0.6629999999999999,1
0.428,0.7040000000000001,106000,0.231,0,0.0,6,0.161,-24.441,1,0,0.939,84.226,0.652,9
0.29600000000000004,0.757,243093,0.8370000000000001,0,0.0,2,0.0567,-6.943,1,62,0.0508,132.15200000000002,0.5920000000000001,4
0.0926,0.603,141000,0.484,0,0.00165,10,0.1,-12.79,1,43,0.0337,128.018,0.585,4
0.00195,0.281,348093,0.958,1,4.69e-05,4,0.0915,-10.798,0,53,0.375,136.851,0.0381,3
0.0726,0.637,205573,0.601,0,0.00908,7,0.287,-13.359000000000002,0,37,0.116,143.27700000000004,0.5579999999999999,4
0.984,0.369,579333,0.131,0,0.902,7,0.111,-21.991,0,0,0.033,106.7,0.0777,10
0.752,0.521,232240,0.377,0,0.0,10,0.105,-7.768,0,58,0.031,78.702,0.333,1
0.141,0.589,205733,0.8809999999999999,0,1.28e-05,0,0.34700000000000003,-7.454,1,22,0.0333,155.018,0.936,5
0.897,0.529,1611347,0.447,0,0.0981,3,0.0967,-9.42,1,8,0.0399,146.392,0.596,7
0.0218,0.741,225533,0.759,0,0.0,0,0.628,-5.096,0,57,0.12,97.084,0.362,2
0.596,0.677,192600,0.404,0,0.00675,0,0.147,-11.045,0,3,0.0632,93.93,0.696,7
0.631,0.635,156600,0.116,0,0.939,2,0.154,-19.298,0,13,0.0317,82.999,0.5760000000000001,7
0.919,0.377,201747,0.114,0,0.923,9,0.0988,-21.466,0,33,0.0276,87.79299999999998,0.244,6
0.555,0.241,265173,0.414,0,0.8190000000000001,6,0.075,-9.622,1,43,0.035,115.525,0.0483,2
0.9,0.461,233093,0.912,1,0.000121,6,0.8079999999999999,-9.078,1,44,0.947,69.92,0.208,1
0.898,0.259,34427,0.0509,0,0.188,8,0.21,-30.363000000000003,0,22,0.0344,137.205,0.0396,9
0.643,0.29600000000000004,149147,0.32,0,4.68e-06,2,0.174,-12.769,1,22,0.0342,149.634,0.475,5
0.977,0.364,143547,0.426,0,0.0,9,0.272,-6.249,1,0,0.0426,67.293,0.224,7
0.981,0.442,203733,0.302,0,0.00028700000000000004,11,0.627,-14.989,0,0,0.146,128.64,0.217,7
0.743,0.7,175678,0.448,0,0.463,4,0.179,-13.015999999999998,1,59,0.111,153.99200000000005,0.731,1
0.924,0.353,86880,0.116,0,0.119,10,0.397,-18.914,1,1,0.0475,92.719,0.34700000000000003,7
0.947,0.1,532480,0.0744,0,0.764,4,0.152,-22.898000000000003,1,0,0.0388,81.385,0.0398,7
0.477,0.665,223440,0.826,0,0.0,7,0.343,-5.877000000000002,0,33,0.0746,131.594,0.856,5
0.929,0.261,217493,0.0189,0,0.456,11,0.159,-22.66,1,0,0.0437,99.332,0.0682,8
0.98,0.42,346933,0.0435,0,0.0,7,0.181,-20.515,1,5,0.0455,122.152,0.332,7
0.969,0.612,161933,0.0927,0,1.27e-05,5,0.1,-22.691,1,23,0.0303,96.125,0.511,6
0.392,0.411,181533,0.499,0,0.0,0,0.389,-6.212999999999999,0,58,0.0604,81.435,0.335,1
0.991,0.455,99605,0.129,0,0.932,9,0.108,-20.336,0,0,0.0445,91.687,0.242,9
0.0444,0.551,262227,0.349,0,1.99e-06,10,0.119,-10.839,1,36,0.0258,140.711,0.201,3
0.326,0.499,229560,0.5589999999999999,0,4.73e-05,0,0.0826,-10.57,1,41,0.0525,81.763,0.469,5
0.147,0.611,188053,0.782,0,0.0,8,0.115,-4.989,1,64,0.0474,101.319,0.915,1
0.836,0.21,390267,0.223,0,0.153,8,0.151,-20.177,1,0,0.0427,85.21,0.133,7
0.6970000000000001,0.568,313707,0.628,0,0.0,8,0.488,-10.244000000000002,1,37,0.106,140.89700000000005,0.551,6
0.0627,0.207,144973,0.967,0,6.32e-05,4,0.504,-5.381,1,58,0.0982,202.423,0.598,4
0.083,0.532,208000,0.38,0,0.0,10,0.359,-10.526,1,40,0.0298,84.494,0.317,3
0.7,0.552,346960,0.812,0,9.32e-05,4,0.155,-3.747,0,31,0.0607,95.998,0.913,4
0.774,0.34600000000000003,154040,0.232,0,0.0,8,0.104,-14.898,1,31,0.0315,111.548,0.253,6
0.474,0.529,238355,0.36,1,0.0,4,0.0446,-10.84,1,67,0.113,129.387,0.5529999999999999,1
0.635,0.728,199840,0.0736,0,3.5e-05,9,0.0922,-19.606,0,44,0.0418,134.88,0.468,7
0.746,0.341,172707,0.35700000000000004,0,4.47e-06,2,0.454,-13.245,1,21,0.0385,123.604,0.317,5
0.428,0.463,233027,0.476,0,3.33e-06,0,0.134,-11.043,1,21,0.0292,99.019,0.443,6
2.04e-06,0.425,235000,0.8370000000000001,0,0.366,11,0.108,-10.096,1,49,0.0318,128.13,0.441,3
0.0611,0.425,354533,0.799,0,3.53e-06,9,0.0962,-8.363999999999999,1,32,0.211,146.389,0.434,5
0.754,0.28800000000000003,177973,0.35,0,2.3e-05,0,0.451,-11.767,1,9,0.0345,118.074,0.468,7
0.62,0.7659999999999999,194267,0.7020000000000001,0,0.0301,5,0.166,-5.928,0,66,0.0269,115.017,0.887,0
0.968,0.191,231109,0.244,0,0.846,5,0.391,-17.477,1,25,0.0489,137.003,0.0227,5
0.0624,0.85,278333,0.513,0,0.00249,7,0.0689,-10.663,1,63,0.0513,99.01,0.623,3
0.281,0.36,165493,0.565,0,0.875,3,0.596,-10.584,1,22,0.0583,183.208,0.755,5
0.524,0.45,196933,0.307,0,8.53e-06,4,0.306,-9.769,1,21,0.0353,136.388,0.418,6
0.0499,0.843,230773,0.7020000000000001,0,0.000301,6,0.308,-4.981,0,61,0.0462,125.464,0.883,2
0.992,0.29100000000000004,197827,0.116,0,0.348,2,0.17,-15.733,1,0,0.0485,72.25399999999998,0.448,8
0.76,0.62,278133,0.628,0,0.00016299999999999998,2,0.24,-7.115,1,45,0.0278,106.167,0.795,7
0.688,0.6609999999999999,289067,0.3,0,0.0118,9,0.0839,-18.055,1,65,0.0294,112.327,0.359,4
0.489,0.5920000000000001,179500,0.336,0,0.0,5,0.114,-13.906,0,35,0.0387,118.919,0.555,6
0.0464,0.595,217987,0.506,0,0.000138,4,0.107,-9.682,1,67,0.0388,141.981,0.34600000000000003,2
0.101,0.636,253440,0.885,0,0.00043,0,0.0411,-5.215,1,36,0.0417,116.897,0.664,3
0.768,0.632,207520,0.175,0,0.0,11,0.109,-21.321,1,25,0.119,133.394,0.527,6
0.8029999999999999,0.59,169187,0.248,0,0.075,2,0.0603,-17.557000000000002,1,24,0.03,131.907,0.484,4
0.281,0.462,186332,0.752,0,0.0,1,0.304,-8.835,1,0,0.0616,92.474,0.618,7
0.7509999999999999,0.409,212200,0.448,0,4.26e-05,0,0.27,-9.056,1,30,0.0259,141.59799999999996,0.394,5
0.993,0.345,127453,0.0875,0,0.0007769999999999999,1,0.105,-15.371,1,1,0.0453,134.437,0.0961,7
0.935,0.7190000000000001,135293,0.21600000000000005,0,0.000352,7,0.315,-13.223,1,3,0.0565,79.54,0.696,9
0.324,0.742,275253,0.6920000000000001,0,0.7879999999999999,5,0.18,-13.81,1,37,0.0813,86.965,0.6890000000000001,6
0.525,0.479,248107,0.578,0,0.0,2,0.0841,-4.963,1,47,0.0294,146.165,0.192,2
0.0104,0.486,188533,0.83,0,0.000475,3,0.0635,-10.815,1,55,0.037000000000000005,151.869,0.652,4
0.989,0.238,276787,0.08,0,0.00107,5,0.0956,-19.131,1,0,0.0578,65.794,0.077,9
0.0799,0.468,134267,0.73,0,0.7509999999999999,4,0.765,-7.766,1,23,0.0599,169.643,0.816,5
0.986,0.574,194347,0.112,0,0.00305,7,0.14,-25.75,1,22,0.0366,107.25,0.507,6
0.986,0.412,222507,0.119,0,0.8490000000000001,0,0.114,-26.248,1,13,0.0462,88.46600000000002,0.608,7
0.0675,0.63,96700,0.333,1,0.0,1,0.503,-16.365,1,0,0.957,170.453,0.34600000000000003,10
0.94,0.64,163840,0.245,0,0.00496,8,0.111,-16.379,1,0,0.048,134.274,0.529,8
0.986,0.513,174667,0.278,0,0.0,2,0.6659999999999999,-10.1,1,0,0.0566,111.084,0.631,9
0.251,0.469,133480,0.764,0,0.928,0,0.322,-7.853,1,21,0.0345,120.608,0.973,6
0.000105,0.366,228160,0.933,0,2.07e-06,8,0.102,-3.808,1,61,0.172,199.984,0.677,1
0.189,0.6940000000000001,250173,0.7829999999999999,0,0.0,1,0.111,-10.188,1,43,0.111,106.69,0.741,4
0.897,0.711,343040,0.476,0,0.909,7,0.203,-9.461,0,44,0.0366,136.261,0.823,2
0.033,0.28300000000000003,108501,0.923,0,0.77,11,0.496,-10.73,0,40,0.0341,106.266,0.569,3
0.000108,0.563,213173,0.8340000000000001,0,0.0505,7,0.14400000000000002,-5.627999999999999,1,48,0.0323,127.237,0.447,2
0.000181,0.418,219627,0.925,0,0.0,5,0.107,-5.292999999999998,0,45,0.0696,174.75599999999997,0.569,2
0.752,0.774,147520,0.53,0,0.0,0,0.412,-4.208,1,18,0.0595,108.25,0.703,7
0.0087,0.8390000000000001,313840,0.448,0,0.019,5,0.0606,-15.116,1,52,0.0389,131.69799999999998,0.919,4
0.7559999999999999,0.391,373533,0.5920000000000001,0,0.838,5,0.758,-14.749,0,1,0.35,178.69400000000005,0.747,7
0.597,0.426,256227,0.37,0,0.0761,7,0.146,-11.448,1,0,0.0272,79.33,0.312,8
0.12,0.292,211240,0.574,0,0.00569,0,0.0663,-9.375,1,73,0.0401,124.344,0.166,1
0.555,0.58,96960,0.29600000000000004,0,0.000472,10,0.468,-15.875,1,50,0.0343,96.155,0.5820000000000001,6
0.246,0.664,235960,0.218,0,0.00297,0,0.0859,-16.548,1,24,0.0393,82.59299999999998,0.426,6
0.775,0.672,164173,0.299,0,0.0,10,0.299,-11.185,1,6,0.0352,116.457,0.735,7
0.777,0.481,169533,0.5379999999999999,0,0.408,11,0.28800000000000003,-8.734,0,43,0.027000000000000003,80.003,0.245,2
0.684,0.769,163756,0.3670000000000001,0,1.62e-05,2,0.081,-11.226,1,74,0.0312,103.621,0.535,6
0.0685,0.696,274267,0.627,0,0.0,4,0.0993,-5.629,1,41,0.0334,116.047,0.322,3
0.222,0.631,210173,0.6609999999999999,0,0.000382,9,0.149,-12.556,1,26,0.0697,114.973,0.898,5
0.35700000000000004,0.569,191773,0.244,0,0.0,11,0.125,-18.16,0,18,0.0647,124.09,0.625,6
0.0859,0.605,231920,0.909,0,0.0024,0,0.889,-5.985,1,55,0.0935,117.386,0.55,1
0.188,0.603,240667,0.688,0,0.0,7,0.0688,-9.69,0,45,0.197,117.789,0.8029999999999999,7
0.879,0.227,202200,0.127,0,0.00333,7,0.0867,-16.574,1,27,0.0344,136.171,0.138,6
0.331,0.341,198583,0.192,0,0.388,7,0.17800000000000002,-13.345999999999998,0,0,0.0336,143.196,0.379,8
0.923,0.581,281018,0.225,1,0.000216,6,0.117,-12.764,0,61,0.0333,87.12,0.373,1
0.851,0.653,140133,0.599,0,0.8440000000000001,1,0.0723,-12.470999999999998,1,16,0.066,121.079,0.927,6
0.821,0.322,155480,0.222,0,0.0,8,0.139,-7.322,1,14,0.0282,95.255,0.47,8
0.758,0.403,178329,0.335,0,1.05e-06,0,0.342,-9.42,1,49,0.0466,176.657,0.88,3
0.155,0.657,162947,0.501,0,8.66e-06,1,0.0549,-13.206,0,50,0.0647,165.9,0.7390000000000001,5
0.794,0.596,356627,0.268,0,0.0,0,0.385,-13.184,1,23,0.0985,117.383,0.616,6
0.988,0.8690000000000001,165493,0.398,0,0.00429,1,0.132,-5.836,1,0,0.0652,119.406,0.728,9
0.205,0.637,280243,0.715,0,0.0,0,0.202,-5.99,1,55,0.0432,114.991,0.394,1
0.417,0.5920000000000001,308666,0.708,0,0.0131,3,0.0806,-12.813,1,44,0.0471,117.317,0.345,4
0.977,0.46,188973,0.277,0,0.00428,1,0.282,-8.993,1,42,0.0451,89.165,0.215,3
0.0706,0.7509999999999999,213164,0.726,0,3.42e-06,8,0.278,-3.499,0,69,0.038,104.914,0.581,1
0.632,0.6509999999999999,195067,0.35600000000000004,0,4.66e-06,5,0.122,-10.85,1,21,0.034,121.621,0.507,6
0.989,0.274,491867,0.0995,0,0.855,2,0.117,-18.24,1,9,0.0338,97.122,0.105,7
0.96,0.424,263333,0.112,0,0.000201,8,0.0715,-18.6,1,34,0.0586,117.373,0.231,5
0.5,0.5770000000000001,337067,0.762,0,4.13e-05,0,0.0753,-8.552,1,45,0.0441,161.965,0.5539999999999999,4
0.181,0.705,316640,0.617,1,0.0,1,0.278,-6.916,1,37,0.301,139.98,0.426,3
0.991,0.465,104355,0.0388,0,0.915,9,0.0768,-24.262,0,61,0.0562,139.735,0.154,1
0.0304,0.8029999999999999,106021,0.789,1,0.0,10,0.378,-3.434,0,66,0.0383,119.999,0.647,1
0.973,0.522,167157,0.187,0,0.0,5,0.35700000000000004,-11.9,0,0,0.0469,95.32,0.339,8
0.477,0.474,116733,0.34,0,1.19e-06,9,0.159,-12.668,1,42,0.127,176.518,0.708,3
0.925,0.254,180093,0.13699999999999998,0,8.45e-05,7,0.108,-12.878,1,36,0.0337,82.805,0.126,3
0.15,0.506,219773,0.473,0,0.000209,8,0.0703,-15.597,1,22,0.0717,113.407,0.631,7
0.000463,0.386,221840,0.927,1,0.000304,1,0.23,-6.431,1,31,0.0414,140.52100000000002,0.64,4
0.269,0.421,187267,0.295,0,1.14e-06,8,0.0868,-9.497,1,14,0.0293,161.564,0.366,6
0.0244,0.532,260800,0.726,0,3.98e-05,4,0.0867,-5.2639999999999985,0,57,0.0267,130.088,0.32,2
0.00635,0.585,113293,0.906,1,0.00195,0,0.205,-5.152,1,33,0.0349,98.824,0.981,3
0.0595,0.625,285600,0.733,0,0.88,5,0.16399999999999998,-12.127,1,39,0.0927,95.211,0.524,2
0.994,0.546,185840,0.207,0,0.00484,9,0.182,-12.3,0,0,0.0687,97.384,0.669,9
0.5429999999999999,0.461,167307,0.6970000000000001,0,0.0,2,0.189,-7.285,1,31,0.0641,173.614,0.809,3
0.218,0.711,192267,0.667,0,0.0,4,0.354,-5.75,1,42,0.0258,113.655,0.777,3
0.301,0.628,170840,0.502,0,0.0,5,0.403,-11.929,1,44,0.0325,131.437,0.918,4
0.294,0.939,124996,0.23,1,0.0,5,0.0639,-13.909,1,69,0.173,99.944,0.546,1
0.0508,0.693,86045,0.392,0,0.0,5,0.14400000000000002,-6.615,1,54,0.0439,131.863,0.473,1
0.7120000000000001,0.606,179787,0.654,0,0.000279,7,0.457,-6.532,1,26,0.0395,116.83,0.5710000000000001,6
0.7979999999999999,0.245,253573,0.35700000000000004,0,0.956,1,0.22,-17.186,1,0,0.041,130.825,0.18,8
0.262,0.642,272027,0.845,0,0.0,8,0.0661,-4.83,1,50,0.113,92.658,0.901,3
0.106,0.486,237573,0.887,0,0.0,2,0.512,-7.801,1,21,0.13699999999999998,130.75799999999998,0.79,5
0.936,0.215,209173,0.38,0,0.894,3,0.11,-10.731,1,4,0.0353,87.69200000000002,0.0387,7
0.99,0.306,211707,0.371,0,0.0219,11,0.295,-7.015,0,0,0.0446,88.07,0.29100000000000004,8
0.389,0.5429999999999999,308067,0.488,0,0.0326,7,0.117,-9.287,1,33,0.03,86.09299999999998,0.512,5
9.68e-06,0.3,327533,0.963,1,0.0076,1,0.0705,-9.451,0,46,0.0669,128.77700000000002,0.244,3
0.6,0.7929999999999999,134587,0.426,0,0.0,7,0.204,-8.257,0,53,0.0506,78.968,0.721,2
0.0148,0.511,252320,0.942,0,4.45e-06,6,0.112,-3.254,0,52,0.107,118.002,0.515,1
0.902,0.391,284507,0.147,0,0.0,0,0.361,-20.21,0,29,0.0394,126.801,0.486,3
0.758,0.659,173107,0.335,0,9.55e-05,5,0.211,-9.161,1,21,0.0444,84.68700000000003,0.499,6
0.845,0.494,465160,0.47,0,0.271,7,0.118,-9.888,0,22,0.0621,170.30700000000004,0.485,6
0.00385,0.362,192173,0.871,1,0.41,5,0.0555,-6.252999999999999,1,23,0.0616,108.594,0.443,4
0.0325,0.6970000000000001,236160,0.695,0,0.00828,6,0.114,-8.211,1,40,0.0465,115.813,0.605,4
0.111,0.621,197387,0.585,0,9.85e-06,7,0.322,-7.933,1,37,0.0399,99.128,0.6920000000000001,4
0.7829999999999999,0.598,159446,0.423,0,0.0,7,0.334,-8.469,1,41,0.28,205.038,0.971,3
0.0187,0.597,280013,0.8759999999999999,0,0.0094,9,0.174,-9.543,1,30,0.0341,121.205,0.73,3
0.479,0.314,213600,0.452,0,0.0,0,0.152,-9.411,1,49,0.0292,68.025,0.545,3
0.16899999999999998,0.77,215760,0.636,1,0.0,11,0.0676,-6.724,0,77,0.131,105.93,0.4920000000000001,1
0.8340000000000001,0.598,175627,0.107,0,5e-05,7,0.11,-17.16,1,37,0.0413,123.459,0.108,6
0.5429999999999999,0.536,233733,0.475,0,0.0,5,0.174,-6.154,1,45,0.0287,133.879,0.299,2
0.0183,0.648,283933,0.6990000000000001,0,0.111,0,0.343,-11.729,1,37,0.0328,122.964,0.753,3
0.0164,0.6779999999999999,201053,0.7140000000000001,0,0.0,5,0.298,-4.03,1,63,0.111,139.991,0.868,1
0.7959999999999999,0.645,175935,0.556,1,0.0,8,0.147,-7.985,1,62,0.0581,79.01899999999998,0.504,0
0.581,0.441,184840,0.703,0,0.318,2,0.958,-9.023,1,20,0.0572,103.244,0.68,5
0.743,0.198,251693,0.155,0,0.00149,3,0.344,-15.993,1,34,0.0358,175.15200000000004,0.086,4
0.195,0.732,305720,0.8170000000000001,0,2.98e-06,11,0.0824,-6.5710000000000015,0,36,0.28600000000000003,115.19,0.804,4
0.958,0.475,73093,0.195,0,0.978,1,0.0636,-23.079,1,9,0.0794,176.519,0.754,7
0.667,0.493,414200,0.7140000000000001,0,0.00506,0,0.274,-10.438,1,10,0.0627,132.145,0.748,7
0.199,0.5720000000000001,361240,0.45,0,0.000103,8,0.0497,-10.464,1,31,0.0323,81.975,0.111,4
0.979,0.304,189680,0.196,0,1.15e-05,6,0.335,-14.13,0,0,0.0652,171.24599999999995,0.43,8
0.737,0.468,171760,0.065,0,0.845,0,0.0741,-28.849,1,21,0.043,150.411,0.493,6
0.607,0.816,191907,0.375,0,8.66e-06,7,0.0933,-8.052999999999999,1,70,0.0996,114.303,0.615,2
0.0231,0.5710000000000001,269400,0.909,0,0.0,1,0.359,-5.63,0,26,0.0817,99.734,0.8140000000000001,4
0.654,0.168,351880,0.238,0,0.163,4,0.119,-14.289,0,20,0.0373,85.256,0.0667,6
0.536,0.4320000000000001,531533,0.412,0,0.248,2,0.0804,-15.158,0,35,0.0357,172.472,0.573,5
0.426,0.84,177000,0.525,1,0.29600000000000004,2,0.102,-5.67,1,57,0.0454,130.037,0.189,1
0.4320000000000001,0.522,295360,0.856,1,0.0,8,0.103,-5.185,1,54,0.121,167.734,0.8759999999999999,1
0.86,0.403,219333,0.486,0,2.7e-05,4,0.135,-8.758,1,52,0.0469,134.36,0.3,5
0.615,0.455,157533,0.265,0,1.02e-05,6,0.237,-11.402,0,43,0.029,76.005,0.278,6
0.498,0.752,234560,0.728,0,0.0,2,0.234,-1.401,1,51,0.036000000000000004,125.194,0.648,2
0.431,0.6759999999999999,177946,0.529,1,0.0,2,0.149,-11.178,0,65,0.396,179.012,0.397,0
0.0863,0.3670000000000001,394827,0.461,0,0.00759,10,0.101,-11.715,1,36,0.0279,133.877,0.452,5
0.0984,0.583,226827,0.905,0,0.00019,2,0.0593,-6.1320000000000014,1,72,0.0733,173.982,0.6459999999999999,4
0.445,0.6629999999999999,183560,0.812,0,0.0,5,0.0983,-5.579,0,31,0.0861,137.917,0.649,3
0.852,0.642,215400,0.199,0,0.0434,8,0.601,-13.529000000000002,1,28,0.0379,109.492,0.586,6
0.173,0.841,150361,0.86,0,1.84e-06,1,0.224,-8.915,0,61,0.0394,111.982,0.915,2
0.483,0.71,216333,0.545,0,0.0,4,0.0644,-9.599,1,55,0.0588,140.233,0.632,3
0.711,0.5770000000000001,374480,0.303,0,0.0,0,0.125,-14.345999999999998,1,5,0.424,71.324,0.445,6
0.15,0.7020000000000001,100302,0.185,1,0.0,0,0.118,-19.206,0,0,0.902,132.691,0.6679999999999999,8
0.057,0.389,245899,0.72,0,0.0,2,0.183,-5.465,1,52,0.0308,147.94,0.51,1
0.234,0.555,269227,0.649,0,0.069,5,0.0554,-13.349,1,63,0.0302,101.744,0.596,4
0.382,0.396,148760,0.303,0,0.0,9,0.414,-11.794,1,24,0.0285,108.509,0.187,6
0.8240000000000001,0.411,298000,0.308,0,0.000175,4,0.101,-17.595,0,21,0.047,186.137,0.7290000000000001,6
0.921,0.693,172960,0.324,0,0.645,0,0.106,-9.099,1,15,0.0356,132.454,0.639,9
0.7709999999999999,0.407,232067,0.337,0,0.0,5,0.196,-14.169,1,46,0.0512,105.475,0.285,4
0.495,0.441,151760,0.642,0,0.000119,10,0.0913,-10.655,1,17,0.0428,149.387,0.762,6
0.994,0.695,165107,0.358,0,0.65,6,0.128,-9.95,1,0,0.08800000000000001,126.837,0.745,9
0.006670000000000001,0.439,194560,0.947,0,7.36e-06,7,0.364,-3.491,1,39,0.122,88.219,0.6709999999999999,2
0.271,0.665,136467,0.499,0,0.0,9,0.269,-11.144,0,40,0.0295,135.412,0.718,6
0.993,0.457,489627,0.313,0,0.68,0,0.142,-16.275,1,0,0.0365,80.52600000000002,0.475,8
0.962,0.402,306867,0.459,0,0.797,3,0.412,-12.167,0,12,0.036000000000000004,93.116,0.457,7
0.000641,0.281,221200,0.976,0,2.31e-06,8,0.0517,-3.471,1,51,0.0738,99.383,0.421,1
0.535,0.8059999999999999,235427,0.362,0,0.045,7,0.111,-10.380999999999998,1,67,0.0345,127.502,0.42,0
0.769,0.501,119520,0.514,0,0.0016300000000000002,4,0.593,-12.456,1,28,0.0364,78.40899999999998,0.9,6
0.0805,0.607,311200,0.406,0,0.00486,4,0.104,-11.777,1,31,0.0315,76.63,0.523,4
0.968,0.517,179827,0.27,0,0.5589999999999999,5,0.101,-15.71,1,9,0.0635,96.969,0.925,6
0.614,0.759,104700,0.136,0,0.0,6,0.207,-21.927,0,0,0.944,113.102,0.659,10
0.838,0.54,151067,0.914,0,1.64e-06,10,0.135,-7.629,1,26,0.0801,143.76,0.879,7
0.0216,0.867,245227,0.8320000000000001,1,0.00014199999999999998,9,0.133,-9.014,0,31,0.0848,110.993,0.613,3
