0.991,0.362,180613,0.5660000000000001,0,0.809,5,0.448,-9.595,1,0,0.0724,85.215,0.939,8
0.679,0.388,245203,0.54,0,0.0,7,0.0961,-8.271,1,38,0.0348,77.52,0.387,3
0.325,0.79,218697,0.472,1,5.83e-06,1,0.276,-6.999,0,66,0.0656,115.055,0.287,1
0.324,0.5479999999999999,257640,0.36,0,0.0,0,0.128,-8.197000000000001,1,39,0.0391,146.17,0.6559999999999999,2
0.978,0.35600000000000004,182845,0.132,0,0.0335,9,0.092,-22.499,1,0,0.0384,140.668,0.238,9
0.649,0.705,150306,0.0964,1,0.0,6,0.418,-18.927,0,0,0.949,103.878,0.6679999999999999,8
0.992,0.769,172613,0.279,0,0.208,5,0.362,-8.817,0,0,0.0831,115.556,0.915,10
0.165,0.44,61733,0.557,1,0.0008380000000000001,0,0.8959999999999999,-18.932,1,33,0.46,134.246,0.128,3
0.365,0.451,341667,0.402,0,0.000746,7,0.076,-12.135,1,51,0.0297,100.411,0.244,4
0.212,0.71,255800,0.591,0,2.05e-06,11,0.181,-14.566,0,36,0.04,112.078,0.841,4
0.393,0.97,222905,0.71,1,0.0,4,0.138,-5.263,0,67,0.195,116.032,0.777,1
0.153,0.7,114900,0.17600000000000002,1,3.65e-05,0,0.105,-19.316,1,0,0.912,99.996,0.491,8
0.126,0.764,227880,0.525,1,0.000545,4,0.116,-7.4860000000000015,0,57,0.181,137.984,0.136,1
0.407,0.536,165200,0.411,0,0.0,8,0.0818,-14.181,1,21,0.0427,103.672,0.467,5
0.989,0.39,176413,0.276,0,0.882,10,0.106,-17.479,1,0,0.0299,81.93700000000003,0.502,8
0.979,0.513,303456,0.225,0,0.918,0,0.109,-14.91,1,11,0.0405,135.554,0.204,6
0.503,0.597,157293,0.217,0,0.000261,0,0.122,-13.66,0,19,0.0737,86.391,0.289,7
0.905,0.0854,210024,0.175,0,0.848,2,0.0822,-19.623,0,47,0.0354,82.97399999999998,0.0652,2
0.000386,0.5760000000000001,227413,0.7070000000000001,0,7.31e-06,4,0.208,-6.697,0,43,0.0326,124.498,0.691,3
0.49,0.588,188987,0.245,0,0.281,7,0.108,-13.802,1,33,0.0318,88.613,0.8,3
0.99,0.207,285507,0.0933,0,0.00143,2,0.105,-19.272,1,7,0.0539,183.235,0.0357,8
0.906,0.49,177640,0.381,0,4.28e-06,5,0.16399999999999998,-7.902,0,0,0.0411,103.12,0.595,8
0.0406,0.777,261973,0.601,0,0.00201,2,0.0348,-5.931,1,67,0.126,97.911,0.68,3
0.0406,0.645,188573,0.7909999999999999,0,0.0,7,0.293,-5.48,1,44,0.0927,153.952,0.601,2
0.0756,0.557,281080,0.777,1,4.29e-05,9,0.1,-6.2860000000000005,1,50,0.0636,144.968,0.449,1
0.665,0.359,226493,0.518,0,0.0,2,0.106,-3.537,1,62,0.0302,76.572,0.135,2
0.0789,0.6559999999999999,215781,0.7290000000000001,0,0.0,5,0.133,-4.223,0,63,0.0765,95.974,0.438,1
0.191,0.33,221627,0.485,0,0.0,8,0.0682,-11.396,0,35,0.0367,93.219,0.506,6
0.0175,0.858,204307,0.6579999999999999,0,0.0,0,0.11,-5.165,0,45,0.0446,102.958,0.875,2
0.134,0.4370000000000001,228427,0.521,0,0.142,6,0.104,-9.69,0,51,0.0275,74.916,0.278,4
4.05e-05,0.309,416680,0.989,0,0.00478,7,0.054000000000000006,-3.953,1,43,0.177,98.217,0.418,3
0.953,0.2,400400,0.204,0,0.0071,5,0.13,-14.544,1,3,0.0486,73.63600000000002,0.0779,7
0.163,0.414,223400,0.6629999999999999,1,0.0,6,0.138,-7.77,1,72,0.0456,108.98,0.33,1
0.989,0.317,575440,0.123,0,0.916,7,0.102,-20.378,0,37,0.0416,132.874,0.0518,4
0.995,0.463,100293,0.345,0,0.875,0,0.239,-17.389,0,1,0.0644,135.773,0.967,8
0.00391,0.34,155200,0.8079999999999999,0,0.72,2,0.0934,-8.697000000000001,1,30,0.031,162.607,0.224,4
0.926,0.552,490283,0.333,0,0.0,9,0.17,-12.222,1,0,0.329,104.082,0.402,7
0.977,0.597,189747,0.325,0,0.27,4,0.132,-10.863,0,0,0.0793,125.848,0.747,8
0.981,0.298,140293,0.173,0,2.47e-06,4,0.104,-17.07,1,7,0.0876,82.895,0.354,7
0.972,0.0842,144893,0.17600000000000002,0,0.97,5,0.102,-17.619,1,51,0.0376,84.325,0.0392,2
0.903,0.5479999999999999,169366,0.292,0,0.29100000000000004,7,0.205,-13.890999999999998,1,28,0.0288,98.068,0.61,5
0.981,0.614,179827,0.211,0,0.866,9,0.079,-10.055,1,0,0.0615,167.326,0.7390000000000001,9
0.726,0.483,149933,0.319,0,0.0,9,0.139,-13.49,1,34,0.035,179.69799999999995,0.802,5
0.203,0.7190000000000001,290533,0.647,0,2.44e-05,8,0.0962,-7.229,1,36,0.0285,125.148,0.589,3
0.426,0.405,272984,0.901,0,0.0185,11,0.188,-7.905,0,62,0.0315,174.041,0.6659999999999999,3
0.6609999999999999,0.55,149373,0.8540000000000001,0,0.0,3,0.112,-5.968,1,73,0.036000000000000004,159.231,0.965,6
0.996,0.779,170320,0.194,0,0.95,7,0.112,-18.431,1,0,0.0715,119.736,0.816,10
0.8320000000000001,0.345,375160,0.454,0,0.0,4,0.131,-7.066,1,49,0.0353,145.079,0.215,2
0.16,0.47,229573,0.794,0,0.0,1,0.0927,-5.784,1,44,0.0438,159.983,0.6729999999999999,1
0.0204,0.754,348347,0.725,0,0.799,10,0.104,-14.688,0,40,0.0646,109.618,0.649,3
0.000332,0.621,254510,0.7020000000000001,0,1.49e-05,4,0.322,-6.845,1,63,0.0295,99.808,0.374,1
0.00268,0.551,317613,0.895,0,0.0403,4,0.299,-4.267,0,61,0.0391,127.223,0.359,4
0.0264,0.767,202520,0.4920000000000001,1,0.0,5,0.311,-9.364,0,64,0.308,151.986,0.194,1
0.649,0.7440000000000001,271859,0.56,0,1.93e-05,0,0.0492,-9.085,0,43,0.0378,85.73700000000002,0.812,3
0.111,0.407,325267,0.509,0,0.0,3,0.117,-14.425999999999998,1,42,0.0809,187.357,0.4920000000000001,5
0.958,0.307,71053,0.048,0,6.07e-06,8,0.0899,-25.331,0,49,0.0751,74.329,0.184,2
0.21,0.767,261027,0.589,0,0.0342,0,0.0444,-10.812,1,28,0.0426,92.41,0.753,5
0.175,0.568,233039,0.706,0,0.0,8,0.157,-8.679,0,47,0.0837,184.126,0.8959999999999999,3
0.161,0.389,179040,0.71,0,0.0,5,0.918,-6.265,1,65,0.0351,160.39700000000005,0.6659999999999999,2
0.222,0.479,236373,0.865,0,2.19e-05,1,0.0676,-5.278,0,31,0.0433,126.42,0.189,4
0.921,0.195,690000,0.0387,0,0.926,11,0.102,-21.822,0,47,0.0407,70.183,0.0581,3
0.8370000000000001,0.5920000000000001,192610,0.545,1,3.12e-05,6,0.948,-20.408,1,20,0.897,125.352,0.3,4
0.7290000000000001,0.58,229600,0.155,0,0.0,10,0.0859,-17.386,1,42,0.0278,89.339,0.479,4
0.344,0.607,262933,0.5429999999999999,0,0.0,6,0.0917,-9.811,1,21,0.0251,106.119,0.6829999999999999,6
0.269,0.848,209947,0.547,0,7.41e-05,5,0.0432,-12.018,1,35,0.0305,117.389,0.892,4
0.0381,0.746,178493,0.693,1,0.000859,7,0.231,-6.742000000000001,1,36,0.0409,155.696,0.573,2
0.762,0.5329999999999999,253400,0.519,0,0.000865,8,0.243,-9.849,1,2,0.0362,110.857,0.653,7
0.991,0.344,204320,0.107,0,0.0006190000000000001,8,0.21600000000000005,-14.348,0,0,0.0426,173.52700000000004,0.458,8
0.956,0.285,189027,0.026,0,0.0,11,0.209,-19.113,1,2,0.0489,90.367,0.0353,7
0.168,0.612,223543,0.601,1,0.0,8,0.117,-7.089,1,77,0.16399999999999998,147.018,0.525,1
0.938,0.701,30400,0.426,0,0.956,0,0.0807,-9.347,0,5,0.0633,110.285,0.945,7
0.385,0.5579999999999999,295400,0.647,0,1.23e-06,0,0.0929,-6.402,1,48,0.0471,182.453,0.706,2
0.773,0.453,82507,0.24,0,0.936,0,0.343,-21.516,1,0,0.0459,141.187,0.472,8
3.17e-05,0.48,263587,0.988,0,0.00432,11,0.389,-3.229,0,59,0.0838,124.041,0.252,1
0.386,0.691,256800,0.551,1,0.00115,5,0.223,-8.984,1,49,0.0389,93.979,0.654,2
0.0788,0.799,199849,0.597,0,5.66e-06,5,0.1,-5.131,0,57,0.0611,110.001,0.419,1
0.507,0.389,180533,0.261,0,0.0,4,0.37,-12.162,1,26,0.032,184.17,0.65,5
0.006690000000000001,0.643,214066,0.644,0,0.6729999999999999,4,0.162,-12.615,0,51,0.0462,117.225,0.853,5
0.633,0.759,121267,0.448,0,1.31e-06,5,0.138,-11.048,1,36,0.0315,93.451,0.895,6
0.00134,0.7509999999999999,149498,0.604,1,0.0,1,0.127,-4.787,1,61,0.194,84.976,0.262,0
0.995,0.738,208202,0.228,0,0.87,4,0.256,-8.824,0,0,0.132,137.513,0.727,9
0.928,0.325,133280,0.252,0,2.87e-05,3,0.315,-12.332,1,16,0.0281,81.536,0.42,6
0.613,0.632,569240,0.413,0,0.335,5,0.209,-12.043,0,6,0.0318,132.43,0.846,7
0.584,0.521,218293,0.28800000000000003,0,0.0,7,0.0966,-15.564,1,41,0.0431,75.995,0.251,4
0.416,0.4,469600,0.408,0,0.59,0,0.308,-11.98,0,43,0.0524,131.537,0.53,3
0.000117,0.4920000000000001,197008,0.87,0,0.000102,9,0.251,-5.295,1,59,0.0348,101.284,0.107,1
0.8859999999999999,0.17600000000000002,159373,0.189,0,0.8290000000000001,11,0.0829,-19.049,1,29,0.0358,81.97,0.16899999999999998,5
0.32,0.804,223773,0.836,0,0.0,6,0.213,-6.635,0,59,0.08900000000000001,120.046,0.85,2
0.328,0.67,231907,0.476,0,0.0,9,0.104,-6.252999999999999,0,64,0.0406,96.975,0.235,1
0.00432,0.544,261707,0.607,1,0.0,2,0.14800000000000002,-6.51,1,46,0.0489,135.029,0.177,1
0.955,0.4,320360,0.11,0,0.138,3,0.119,-17.937,1,28,0.0326,99.892,0.16,6
0.0639,0.465,298400,0.642,0,0.0153,2,0.152,-13.999,1,20,0.0396,133.407,0.539,5
0.878,0.45,164427,0.43,0,7.02e-06,2,0.154,-10.701,1,6,0.0314,131.08100000000002,0.648,6
0.469,0.339,392693,0.438,0,0.68,9,0.109,-13.943,0,29,0.0474,111.341,0.462,5
0.574,0.478,148200,0.215,0,0.0,11,0.133,-13.153,0,6,0.0345,150.917,0.7040000000000001,7
0.0011,0.7609999999999999,215800,0.541,0,5.2e-05,4,0.122,-7.064,0,29,0.0503,116.802,0.428,5
0.93,0.388,128933,0.238,0,1.06e-05,1,0.0966,-12.887,0,44,0.0492,138.156,0.244,2
0.363,0.617,188080,0.6759999999999999,0,0.000156,6,0.153,-11.055,0,44,0.0371,97.289,0.642,6
0.138,0.595,186213,0.8690000000000001,0,2.78e-06,4,0.278,-4.812,1,49,0.0767,146.75,0.8759999999999999,5
0.25,0.626,277623,0.5710000000000001,0,0.0,7,0.0946,-7.461,0,67,0.0327,129.959,0.16399999999999998,1
0.996,0.487,191147,0.0849,0,0.818,8,0.121,-17.366,1,0,0.0969,132.86,0.322,10
0.979,0.502,161593,0.193,0,1.92e-05,0,0.111,-10.728,1,0,0.0368,78.717,0.47,8
0.975,0.7829999999999999,185615,0.306,0,0.000257,9,0.157,-10.675,0,0,0.3720000000000001,102.515,0.6579999999999999,7
0.182,0.528,236876,0.726,0,1.42e-06,1,0.0995,-5.604,0,52,0.0308,146.035,0.564,1
0.953,0.42,177920,0.312,0,0.0,3,0.474,-14.418,0,0,0.0596,116.816,0.442,9
0.141,0.461,209933,0.413,0,0.0,8,0.1,-12.555,1,37,0.0432,171.18599999999995,0.368,3
0.383,0.688,160813,0.516,0,3.74e-06,7,0.0705,-10.47,1,42,0.0322,97.124,0.964,3
0.991,0.392,182173,0.316,0,0.00161,2,0.378,-9.65,1,0,0.0388,112.605,0.455,9
0.326,0.244,114733,0.318,0,0.0,0,0.396,-12.493,1,28,0.0314,181.28,0.345,6
0.528,0.266,190600,0.407,0,1.1e-06,9,0.0547,-5.488,1,13,0.0291,173.084,0.455,6
0.0361,0.349,186000,0.866,0,0.0406,11,0.21600000000000005,-6.676,0,51,0.112,167.951,0.488,1
0.0386,0.565,258267,0.87,0,0.00027400000000000005,11,0.158,-4.5,0,33,0.0385,110.829,0.146,4
0.37,0.59,231133,0.589,0,1.22e-06,7,0.162,-9.859,1,56,0.03,114.471,0.501,2
0.0732,0.588,377293,0.601,0,0.425,0,0.102,-8.147,1,43,0.0612,84.38,0.667,1
0.023,0.942,180493,0.892,1,0.000897,6,0.264,-6.363,0,60,0.196,100.007,0.595,2
0.156,0.512,241387,0.632,0,0.0,9,0.591,-5.063,1,52,0.0434,79.94,0.37,2
0.125,0.911,211147,0.722,0,0.0,10,0.0922,-3.967,1,57,0.0389,140.032,0.861,2
0.981,0.258,146760,0.085,0,0.000984,4,0.199,-19.771,1,11,0.0379,88.89299999999999,0.0779,7
0.0008699999999999999,0.475,250453,0.644,0,0.279,9,0.123,-7.782,1,57,0.0326,149.838,0.568,1
0.978,0.568,173933,0.16699999999999998,0,0.5670000000000001,2,0.204,-11.361,1,13,0.0289,84.895,0.289,6
0.00248,0.239,250520,0.947,0,0.0,2,0.851,-4.413,1,42,0.0966,157.875,0.418,2
0.471,0.355,140080,0.383,0,0.00144,10,0.422,-8.556000000000001,1,46,0.105,177.291,0.741,2
0.00088,0.594,209973,0.8809999999999999,0,3.77e-05,2,0.438,-5.72,1,47,0.0849,110.032,0.234,2
0.937,0.188,587467,0.051,0,0.201,8,0.332,-19.922,1,0,0.0407,78.042,0.0768,7
0.0169,0.491,222540,0.971,0,0.0,8,0.134,-4.88,1,34,0.0376,107.027,0.6,3
0.987,0.2,331573,0.0482,0,4.25e-05,1,0.0972,-22.759,1,0,0.0523,174.53,0.0371,8
0.9,0.503,144947,0.131,0,0.000432,6,0.105,-18.933,1,36,0.0312,102.253,0.62,6
0.0478,0.6890000000000001,371000,0.425,0,0.0,2,0.0763,-13.31,1,48,0.312,96.902,0.396,3
0.88,0.484,287840,0.151,0,0.17800000000000002,0,0.115,-18.622,0,47,0.0378,94.587,0.399,7
0.406,0.851,482173,0.505,0,1.15e-06,2,0.13,-5.648,0,53,0.139,112.843,0.784,1
0.0177,0.841,213281,0.84,1,3.18e-05,10,0.11,-2.838,1,72,0.0486,94.05,0.5670000000000001,0
0.99,0.368,46827,0.14800000000000002,0,0.8759999999999999,4,0.184,-18.705,1,0,0.0388,133.928,0.7759999999999999,8
0.0216,0.597,214573,0.903,0,1.3800000000000007e-05,11,0.241,-7.351,0,48,0.239,185.557,0.601,2
0.0601,0.685,205280,0.8029999999999999,1,0.0,2,0.546,-4.251,1,71,0.156,107.005,0.799,2
0.946,0.454,152920,0.213,0,0.000549,4,0.0685,-7.37,1,6,0.032,172.032,0.418,7
0.8390000000000001,0.674,120840,0.313,0,0.0,8,0.0644,-9.963,1,0,0.0644,121.474,0.7659999999999999,7
0.267,0.57,216373,0.575,0,0.0,9,0.0823,-7.032,1,54,0.0318,135.903,0.421,3
0.921,0.188,150000,0.079,0,1.0,1,0.111,-27.896,0,66,0.049,72.047,1e-05,1
0.992,0.442,173133,0.368,0,0.0008320000000000001,0,0.29,-17.109,1,22,0.058,139.197,0.457,6
0.889,0.7070000000000001,192240,0.279,0,0.388,1,0.153,-12.738,1,46,0.14,146.2,0.516,4
0.615,0.514,185760,0.612,0,0.000138,4,0.51,-8.806000000000003,1,36,0.025,98.897,0.246,4
0.769,0.515,107973,0.877,0,1.82e-06,7,0.0937,-2.971,1,27,0.0492,93.678,0.764,6
0.8390000000000001,0.468,146093,0.309,0,0.0,6,0.128,-12.365,1,0,0.0489,104.548,0.327,8
0.956,0.642,157120,0.327,0,0.0144,2,0.198,-7.949,1,0,0.0786,138.96200000000002,0.815,8
0.491,0.393,435493,0.433,0,1.1e-05,8,0.589,-9.15,1,24,0.041,145.24,0.172,4
0.8170000000000001,0.6920000000000001,68413,0.0832,0,0.0,0,0.219,-19.947,1,17,0.872,102.742,0.385,6
0.0313,0.685,283013,0.526,0,0.395,9,0.11,-8.849,0,37,0.03,114.992,0.455,5
0.993,0.366,190573,0.208,0,0.879,3,0.747,-16.984,0,8,0.041,140.356,0.0657,9
0.184,0.6609999999999999,207667,0.5920000000000001,0,1.88e-05,9,0.102,-5.215,0,51,0.027000000000000003,86.069,0.256,1
0.8220000000000001,0.368,233733,0.252,0,0.0,7,0.133,-10.468,1,25,0.0261,97.464,0.179,4
0.245,0.489,247053,0.487,0,0.00763,7,0.0508,-10.809,0,30,0.0498,149.553,0.604,6
0.927,0.238,289733,0.272,0,0.000218,7,0.202,-10.749,1,0,0.0356,82.554,0.342,7
0.983,0.265,287600,0.0891,0,0.00875,5,0.104,-15.575,1,16,0.0418,78.53699999999998,0.0881,7
0.752,0.269,173293,0.252,0,0.302,2,0.19,-15.729,1,27,0.0325,113.922,0.599,6
0.139,0.513,280933,0.731,0,5.320000000000001e-05,0,0.128,-12.130999999999998,1,46,0.0314,137.336,0.32,4
0.449,0.471,219613,0.657,0,0.00014099999999999998,1,0.0844,-9.07,1,29,0.0313,138.55100000000002,0.464,4
0.6920000000000001,0.507,164560,0.416,0,0.0,1,0.109,-10.481,0,22,0.0366,120.217,0.415,6
0.991,0.607,185777,0.14,0,0.0,3,0.159,-8.689,1,0,0.227,69.995,0.518,8
0.794,0.5820000000000001,259240,0.487,0,0.000547,7,0.7,-11.845999999999998,1,26,0.0532,136.583,0.846,5
0.371,0.63,196000,0.4320000000000001,0,7.11e-05,7,0.11,-9.454,0,36,0.0275,99.889,0.604,4
0.384,0.723,252240,0.654,1,0.0,0,0.384,-6.82,1,71,0.298,149.94899999999996,0.675,1
0.604,0.539,383816,0.238,0,0.604,4,0.384,-15.537,1,31,0.034,112.182,0.165,5
9.31e-06,0.376,237493,0.963,0,0.925,6,0.343,-2.99,1,53,0.0782,159.887,0.505,2
0.0134,0.6729999999999999,244627,0.631,0,0.0149,2,0.116,-11.98,0,48,0.0504,90.62,0.882,3
0.248,0.7170000000000001,96700,0.207,1,0.000111,1,0.208,-19.944000000000006,1,0,0.919,121.629,0.507,8
0.509,0.4,229493,0.239,0,0.0,9,0.277,-16.343,1,52,0.0418,97.28,0.336,5
0.0006929999999999999,0.79,183333,0.846,1,0.0,7,0.135,-5.657,1,43,0.138,94.37,0.46,3
0.0136,0.816,166707,0.578,1,1.2e-05,10,0.0412,-4.5360000000000005,0,61,0.0986,177.959,0.302,1
0.0959,0.5820000000000001,196900,0.564,1,0.0,0,0.26,-4.066,0,55,0.0837,204.002,0.718,1
0.206,0.33,256533,0.769,0,1.54e-06,6,0.14300000000000002,-5.755,1,47,0.17,97.515,0.416,2
0.0512,0.605,161933,0.735,0,0.0,4,0.0884,-11.07,1,32,0.237,203.016,0.865,5
0.33,0.54,244533,0.862,0,1.7e-05,2,0.156,-4.599,1,21,0.0284,130.34,0.931,5
0.141,0.732,214360,0.838,0,4.9e-05,9,0.812,-7.963999999999999,0,40,0.0478,117.488,0.963,2
0.962,0.7,174440,0.304,0,0.0,11,0.242,-8.03,1,0,0.407,134.705,0.7170000000000001,10
0.0606,0.8270000000000001,356760,0.406,0,0.0,1,0.0509,-12.768,1,26,0.0307,102.075,0.7390000000000001,3
0.465,0.652,218553,0.583,0,0.000208,0,0.146,-8.52,0,55,0.173,140.024,0.46,1
0.68,0.29600000000000004,194480,0.313,0,0.0,7,0.203,-12.334,1,16,0.0336,120.371,0.104,7
0.7090000000000001,0.599,274587,0.297,0,3.13e-06,0,0.108,-9.188,1,64,0.0301,122.314,0.141,1
0.7509999999999999,0.414,151760,0.621,0,0.873,0,0.116,-12.607,1,26,0.039,85.75299999999999,0.631,4
0.8190000000000001,0.256,171667,0.125,0,1.67e-06,5,0.117,-17.178,1,17,0.032,143.963,0.0691,6
0.907,0.55,197667,0.369,0,0.0,7,0.243,-6.797999999999999,1,0,0.0666,102.987,0.5489999999999999,7
0.3,0.358,275947,0.92,0,1.95e-06,9,0.722,-7.73,1,26,0.166,150.887,0.514,5
0.701,0.7809999999999999,170507,0.693,0,4.45e-06,0,0.156,-3.5580000000000003,1,71,0.0308,97.074,0.939,0
0.436,0.612,160680,0.8370000000000001,0,0.0,6,0.337,-8.504,1,40,0.0609,126.783,0.7490000000000001,6
0.942,0.422,115120,0.309,0,0.0,5,0.963,-18.206,1,21,0.494,85.266,0.5870000000000001,6
0.944,0.458,187373,0.275,0,0.0194,10,0.271,-11.498,1,54,0.0261,88.71799999999998,0.449,3
0.309,0.331,224160,0.55,0,0.1,9,0.0875,-6.112,1,52,0.0311,138.071,0.228,3
0.7070000000000001,0.384,443668,0.43,0,0.575,7,0.975,-11.578,1,19,0.0326,122.584,0.384,5
8.08e-05,0.573,259720,0.902,0,0.000102,0,0.304,-3.209,1,53,0.0299,111.944,0.304,2
0.0133,0.738,232880,0.885,1,0.0,9,0.0821,-5.5470000000000015,0,68,0.206,112.878,0.752,1
0.000164,0.448,137627,0.942,0,0.000258,7,0.0564,-3.298,1,47,0.0819,126.301,0.611,3
0.251,0.581,168600,0.514,0,0.0,0,0.0868,-12.059,1,23,0.0308,111.687,0.7090000000000001,5
0.36,0.6709999999999999,203920,0.74,1,0.0,1,0.118,-7.067,1,42,0.18600000000000005,86.932,0.908,2
0.765,0.561,213786,0.8959999999999999,0,0.685,2,0.124,-4.9030000000000005,1,50,0.0528,86.80799999999998,0.629,1
0.00294,0.862,229733,0.5489999999999999,0,0.393,6,0.322,-12.015999999999998,0,27,0.314,100.179,0.5710000000000001,4
0.877,0.342,296190,0.29600000000000004,0,0.0,5,0.188,-11.74,1,45,0.0394,126.112,0.394,5
0.992,0.863,169000,0.285,0,0.5920000000000001,7,0.127,-8.032,0,0,0.227,116.379,0.736,10
0.0782,0.802,309867,0.593,1,0.0,7,0.282,-9.72,1,54,0.267,89.66,0.55,3
0.000928,0.851,285800,0.514,0,3.58e-06,4,0.381,-15.279000000000002,0,42,0.165,100.425,0.573,3
0.207,0.7090000000000001,291293,0.8240000000000001,0,0.000307,1,0.0888,-8.824,1,81,0.0453,118.814,0.867,4
0.932,0.637,185253,0.238,0,0.0,3,0.204,-13.135,1,0,0.0617,99.365,0.504,10
0.727,0.375,295253,0.317,0,2.92e-05,0,0.123,-11.741,0,59,0.0315,112.003,0.12,4
0.6629999999999999,0.248,147253,0.349,0,0.85,9,0.173,-15.745,0,26,0.0343,155.297,0.154,6
0.055,0.61,267880,0.652,1,0.0,6,0.104,-4.918,0,43,0.136,85.875,0.293,2
0.996,0.471,173479,0.268,0,0.885,5,0.375,-14.602,0,0,0.165,71.043,0.373,9
0.471,0.682,212573,0.184,0,0.106,0,0.104,-17.345,1,36,0.0323,78.64399999999998,0.385,4
0.00156,0.563,187240,0.924,0,1.15e-06,2,0.0468,-5.567,1,50,0.0734,90.928,0.539,2
0.994,0.338,185373,0.615,0,0.935,3,0.396,-7.745,0,0,0.039,90.132,0.96,9
0.8079999999999999,0.518,203933,0.187,0,0.0535,2,0.106,-14.693,0,38,0.035,63.478,0.115,5
0.898,0.505,357040,0.111,0,0.0026,10,0.103,-21.778,1,22,0.048,119.748,0.234,6
0.302,0.619,123920,0.8140000000000001,0,1e-05,11,0.0864,-10.027,1,36,0.0338,98.032,0.753,6
0.07400000000000001,0.78,254493,0.584,0,0.937,6,0.0168,-13.974,0,31,0.0345,117.989,0.743,4
0.11,0.611,331267,0.867,1,0.000105,1,0.34600000000000003,-5.297999999999999,1,61,0.0896,140.032,0.336,1
0.994,0.485,190600,0.107,0,0.937,4,0.131,-19.202,1,0,0.0917,68.53,0.47,7
0.6920000000000001,0.617,163827,0.728,0,0.0343,10,0.956,-10.898,1,34,0.0526,87.62,0.852,4
0.479,0.7440000000000001,249053,0.376,0,3.86e-05,6,0.254,-14.937,0,47,0.0395,91.113,0.696,4
0.631,0.903,198173,0.475,0,0.0607,9,0.113,-12.055,0,46,0.12,97.554,0.804,3
0.932,0.451,183067,0.171,0,0.0,8,0.17600000000000002,-13.515,1,24,0.0411,135.161,0.338,7
0.17,0.6579999999999999,154720,0.623,0,0.0,5,0.112,-6.811,1,42,0.0323,78.312,0.843,2
0.98,0.265,410173,0.142,0,0.0063100000000000005,1,0.335,-19.554,1,0,0.0542,171.22400000000005,0.106,7
0.000523,0.547,239493,0.764,0,1.7899999999999998e-05,5,0.285,-12.552,1,55,0.0419,117.722,0.722,3
0.879,0.608,130533,0.321,0,5.41e-05,4,0.251,-12.496,0,29,0.028,108.768,0.698,7
0.932,0.277,202533,0.14,0,0.0,9,0.0708,-17.253,1,20,0.0476,89.095,0.155,6
0.0471,0.609,251806,0.665,0,0.0967,10,0.149,-8.272,1,33,0.0253,104.866,0.596,3
0.0482,0.515,198467,0.426,0,0.737,4,0.121,-9.267,0,53,0.0278,129.3,0.195,2
0.435,0.337,184293,0.5489999999999999,0,0.0,2,0.236,-9.193,1,28,0.0543,179.84099999999995,0.962,5
0.222,0.6890000000000001,64987,0.555,0,0.0,4,0.0866,-10.579,1,24,0.215,101.469,0.593,4
0.0336,0.316,214000,0.952,0,0.0,0,0.132,-5.369,0,38,0.274,130.71,0.174,2
0.268,0.5329999999999999,254627,0.8540000000000001,0,0.0748,9,0.95,-6.648,1,23,0.0662,136.748,0.732,5
0.943,0.247,833627,0.341,0,0.812,10,0.126,-16.31,0,0,0.0532,77.53399999999998,0.107,9
0.605,0.6609999999999999,187853,0.5820000000000001,0,0.00555,10,0.0861,-11.69,0,34,0.138,90.851,0.7190000000000001,5
0.875,0.79,122704,0.133,0,0.8079999999999999,8,0.111,-9.365,1,68,0.0915,69.997,0.422,1
0.988,0.25,229347,0.201,0,0.878,2,0.111,-19.876,1,0,0.0341,72.025,0.0967,8
0.215,0.705,274667,0.575,0,2.09e-05,2,0.12,-9.518,1,42,0.0381,143.8,0.596,3
0.9,0.371,162467,0.454,0,0.0,6,0.332,-15.691,1,0,0.0781,110.567,0.551,10
0.995,0.362,141520,0.308,0,0.851,3,0.26,-14.835,1,0,0.0461,129.87,0.232,8
0.0641,0.387,319000,0.894,0,0.00239,7,0.139,-8.218,1,37,0.0627,82.029,0.484,4
0.0995,0.8759999999999999,199427,0.727,0,3.45e-05,10,0.113,-4.106,0,48,0.069,140.19,0.938,1
0.0343,0.6729999999999999,198627,0.904,1,0.0,11,0.0672,-4.79,1,39,0.096,95.847,0.907,3
0.652,0.48,167893,0.456,0,0.708,7,0.32,-11.767,1,7,0.0336,130.634,0.928,8
0.0153,0.596,238387,0.732,0,0.0,2,0.318,-6.189,1,62,0.0401,99.98,0.228,1
0.983,0.44,207533,0.192,0,0.000934,2,0.34600000000000003,-8.662,0,18,0.0367,93.133,0.47,8
0.722,0.72,166440,0.475,0,1.02e-06,3,0.0451,-7.099,1,39,0.0408,106.029,0.977,3
0.701,0.163,165213,0.19,0,0.87,7,0.141,-16.653,0,14,0.0336,100.187,0.0388,6
0.56,0.619,184280,0.459,0,0.0,7,0.13699999999999998,-5.782,0,69,0.0334,126.803,0.498,1
0.0321,0.406,358000,0.7859999999999999,0,0.529,9,0.13,-5.528,1,32,0.0358,123.229,0.7609999999999999,5
0.962,0.61,266476,0.43,0,0.00059,9,0.156,-9.442,0,17,0.0399,97.351,0.612,7
0.151,0.7120000000000001,178200,0.848,0,1.66e-05,0,0.155,-6.2620000000000005,0,43,0.034,130.779,0.8320000000000001,5
0.503,0.59,184973,0.416,0,0.0,5,0.277,-10.862,1,31,0.0405,79.9,0.459,5
0.21,0.485,353160,0.768,0,6.23e-06,2,0.214,-6.725,1,39,0.0261,85.249,0.57,5
0.985,0.364,248627,0.0552,0,0.537,2,0.0946,-23.253,1,0,0.0438,123.672,0.318,8
0.953,0.319,145093,0.226,0,0.0,2,0.561,-16.636,1,14,0.0363,114.942,0.505,7
0.34600000000000003,0.256,364000,0.732,0,3.37e-05,8,0.103,-12.74,1,27,0.0423,101.667,0.511,6
0.000227,0.429,191360,0.978,0,6.81e-06,11,0.0583,-4.88,1,50,0.126,121.651,0.43,3
0.993,0.561,198470,0.161,0,0.259,5,0.172,-11.813,0,0,0.101,74.38,0.545,8
0.000474,0.787,454227,0.513,0,0.804,5,0.0394,-10.592,0,28,0.0431,121.198,0.531,4
0.988,0.536,198467,0.128,0,0.0,2,0.314,-13.093,1,4,0.0435,91.937,0.564,10
0.0411,0.701,354320,0.8959999999999999,0,0.0598,0,0.0473,-11.783,0,43,0.047,102.389,0.45,4
0.0822,0.416,208387,0.8079999999999999,0,2.01e-05,9,0.146,-11.45,1,39,0.0769,152.064,0.63,4
0.0632,0.725,175827,0.703,0,0.000251,7,0.14,-4.641,1,71,0.0466,106.032,0.638,1
0.0006129999999999999,0.684,234080,0.851,0,0.0029,9,0.535,-9.792,1,63,0.0407,112.662,0.512,3
0.601,0.495,207907,0.228,0,0.0,9,0.256,-13.168,0,44,0.0903,171.15099999999995,0.541,4
0.0313,0.593,173093,0.752,0,0.0,1,0.0541,-4.816,0,47,0.0329,96.967,0.402,1
0.00843,0.414,261733,0.639,0,0.000346,2,0.194,-12.61,1,31,0.0424,126.718,0.287,5
0.0707,0.57,323587,0.65,1,0.0,2,0.339,-8.538,1,65,0.326,96.767,0.174,1
0.0105,0.438,191187,0.894,0,0.0,11,0.108,-4.508,1,45,0.123,167.918,0.698,2
0.972,0.528,163933,0.265,0,0.00016,3,0.101,-16.264,1,0,0.0535,86.199,0.8240000000000001,8
0.455,0.473,134773,0.564,0,0.0,0,0.244,-11.174,0,15,0.0395,180.837,0.916,6
0.741,0.358,209947,0.294,0,0.00151,7,0.0928,-15.4,1,53,0.0452,92.081,0.102,2
0.15,0.472,382297,0.366,0,0.308,11,0.0837,-12.595,0,74,0.0286,127.167,0.171,5
0.45,0.299,412427,0.379,0,0.423,7,0.123,-11.456,0,9,0.0373,113.757,0.299,8
0.945,0.314,233267,0.221,0,3.34e-06,2,0.382,-14.943,0,8,0.0475,85.956,0.166,7
0.0273,0.902,406840,0.81,0,1.73e-06,11,0.713,-2.834,0,40,0.125,106.02,0.617,2
0.428,0.784,233933,0.696,1,1.13e-06,8,0.0973,-8.449,1,46,0.311,86.90299999999998,0.7040000000000001,3
0.846,0.319,153947,0.364,0,0.0,3,0.36,-10.644,1,42,0.0317,110.08,0.39,6
0.44,0.443,600293,0.586,0,0.00273,11,0.223,-8.53,0,31,0.0826,77.391,0.62,5
0.79,0.619,399360,0.128,0,0.612,0,0.0958,-18.064,1,22,0.0924,143.64,0.42,7
0.875,0.583,165773,0.322,0,0.228,5,0.26,-11.015,1,13,0.0474,78.029,0.708,7
0.762,0.6559999999999999,133933,0.556,0,0.0,0,0.315,-8.761000000000001,1,47,0.0357,77.855,0.915,6
0.992,0.392,248733,0.115,0,0.923,0,0.15,-21.628,0,6,0.0505,64.292,0.329,8
0.978,0.102,252547,0.0347,0,0.5589999999999999,2,0.15,-17.771,0,11,0.0431,67.199,0.0435,7
0.968,0.505,173920,0.321,0,0.382,7,0.0993,-9.175,1,33,0.0599,150.235,0.5329999999999999,7
0.13,0.436,173613,0.449,0,0.00183,5,0.11,-15.797,1,31,0.0356,111.414,0.726,6
0.0747,0.401,203587,0.7240000000000001,0,0.0008,0,0.165,-7.0139999999999985,0,54,0.0722,152.958,0.378,5
4.7e-05,0.504,196480,0.975,0,1.44e-05,1,0.28,-2.612,1,40,0.0678,135.951,0.521,2
0.993,0.6859999999999999,163507,0.247,0,0.000112,2,0.374,-12.555,1,0,0.084,119.774,0.905,9
0.0888,0.659,198213,0.5720000000000001,0,1.0800000000000003e-05,6,0.0813,-7.817,0,51,0.0252,113.987,0.386,2
0.831,0.35600000000000004,289093,0.23,0,0.924,7,0.0975,-14.844,1,26,0.0385,96.811,0.326,6
0.929,0.156,179667,0.34,0,0.939,2,0.449,-12.952,1,32,0.0317,81.86,0.124,7
0.897,0.62,73613,0.306,0,0.521,0,0.116,-13.96,1,30,0.0278,92.533,0.456,6
0.74,0.753,222760,0.233,0,7.37e-06,7,0.0977,-16.192999999999998,1,63,0.0468,131.264,0.775,4
0.836,0.5379999999999999,158800,0.494,0,0.0,0,0.219,-9.781,1,41,0.0452,148.917,0.962,2
0.0122,0.643,201735,0.636,0,0.736,7,0.111,-16.089000000000002,0,36,0.0524,126.452,0.958,5
0.65,0.789,342693,0.529,0,0.8029999999999999,0,0.479,-14.021,1,18,0.0499,134.885,0.611,5
0.4370000000000001,0.495,239173,0.695,0,0.00048,9,0.0734,-6.9289999999999985,1,54,0.0318,73.656,0.496,3
0.136,0.87,252907,0.4920000000000001,1,3.45e-05,9,0.0747,-6.175,0,44,0.304,162.03,0.5760000000000001,2
0.872,0.657,161907,0.329,0,0.0,8,0.425,-12.702,0,0,0.13699999999999998,97.917,0.741,8
0.0997,0.601,246594,0.8190000000000001,0,0.00146,3,0.115,-6.13,1,54,0.0314,127.998,0.297,1
0.309,0.628,552800,0.612,0,0.000436,7,0.0801,-9.233,1,37,0.0322,142.047,0.7490000000000001,3
0.165,0.721,222960,0.698,0,0.0,0,0.133,-6.353,0,60,0.0526,89.98700000000002,0.365,1
0.324,0.396,243267,0.732,0,1.12e-05,7,0.203,-5.768,1,34,0.0405,121.233,0.4920000000000001,4
0.544,0.629,359200,0.414,0,0.000802,1,0.0731,-15.002,1,47,0.0299,138.93200000000002,0.458,4
0.349,0.735,155000,0.7090000000000001,0,0.0,2,0.0944,-7.6320000000000014,1,50,0.0988,127.241,0.909,3
0.991,0.312,115080,0.326,0,0.915,10,0.132,-22.852,1,14,0.0526,121.369,0.964,6
0.309,0.626,175373,0.247,0,0.0,8,0.0757,-14.287,1,42,0.026,94.072,0.43,4
0.000965,0.53,253880,0.77,0,0.0115,9,0.265,-5.8820000000000014,1,55,0.0824,184.537,0.107,1
0.918,0.355,187027,0.0922,0,0.0007019999999999999,7,0.106,-17.747,1,59,0.0515,65.952,0.191,6
0.995,0.493,184240,0.0175,0,0.915,0,0.0772,-26.523000000000003,1,2,0.0582,120.596,0.0477,8
0.755,0.755,146107,0.7390000000000001,0,0.000105,5,0.238,-6.074,1,9,0.0517,140.833,0.96,6
0.00212,0.871,278827,0.743,1,0.0,2,0.141,-5.442,1,63,0.277,130.977,0.5760000000000001,1
0.852,0.433,484173,0.153,0,0.0,7,0.14400000000000002,-17.067999999999998,1,15,0.0438,103.247,0.403,6
0.0721,0.5379999999999999,232107,0.821,0,1.04e-05,4,0.138,-5.515,0,33,0.028,120.402,0.7190000000000001,4
0.271,0.477,229813,0.6,0,0.0,7,0.112,-5.652,1,65,0.0324,152.062,0.29,1
0.8320000000000001,0.5379999999999999,217707,0.272,0,0.524,3,0.126,-16.047,1,0,0.294,130.222,0.616,7
0.408,0.504,174840,0.578,0,0.0,4,0.321,-9.302,1,70,0.031,132.411,0.654,6
0.033,0.879,189909,0.662,1,0.0,2,0.716,-6.162000000000001,1,61,0.309,117.975,0.723,1
0.153,0.7509999999999999,221968,0.654,1,0.0,0,0.104,-5.665,0,62,0.206,160.035,0.527,1
0.0384,0.807,400133,0.525,0,0.0625,4,0.0581,-13.366,1,39,0.086,119.91,0.616,4
0.0423,0.774,224840,0.7559999999999999,0,0.0,1,0.305,-4.995,1,78,0.0389,144.032,0.931,1
0.0068200000000000005,0.457,182040,0.83,0,0.00337,5,0.166,-5.2620000000000005,1,65,0.0321,99.93,0.602,2
0.958,0.256,217467,0.0199,0,0.000108,0,0.0931,-25.438,1,26,0.0354,80.751,0.07400000000000001,7
0.0563,0.7290000000000001,96600,0.319,1,0.0,0,0.214,-14.503,1,0,0.958,84.477,0.5,10
0.03,0.513,188960,0.75,0,3.83e-05,1,0.3670000000000001,-8.576,1,28,0.0561,117.137,0.727,4
0.867,0.615,130800,0.24,0,0.0,0,0.377,-12.507,1,23,0.0448,106.942,0.669,6
0.182,0.501,224240,0.8029999999999999,0,0.0,9,0.0717,-6.233,1,39,0.0573,111.401,0.828,3
0.529,0.856,146400,0.472,0,0.507,3,0.0662,-14.427,1,31,0.0366,120.986,0.937,6
0.0826,0.769,171178,0.903,0,0.0,9,0.0935,-4.61,0,39,0.0518,100.034,0.657,2
0.747,0.51,90392,0.5539999999999999,0,0.955,7,0.277,-12.357,1,0,0.267,87.85600000000002,0.5529999999999999,7
0.392,0.47,225973,0.623,0,0.000453,0,0.0992,-5.655,1,72,0.0302,77.861,0.298,1
0.19,0.8390000000000001,245373,0.706,1,0.0,5,0.205,-6.119,0,55,0.231,96.67,0.857,1
0.108,0.645,242707,0.338,0,4.5e-06,11,0.3670000000000001,-10.193,0,43,0.0323,118.738,0.392,1
0.6809999999999999,0.6729999999999999,277521,0.463,1,4.9000000000000005e-06,2,0.0907,-7.247000000000001,1,70,0.191,147.981,0.268,1
0.282,0.684,128827,0.595,0,0.0,6,0.124,-9.893,1,23,0.0291,122.246,0.934,5
0.0181,0.537,238827,0.804,0,0.000106,11,0.0859,-5.4910000000000005,1,64,0.0362,75.991,0.472,1
0.862,0.64,147373,0.7290000000000001,0,0.0,1,0.111,-13.494000000000002,1,45,0.0453,113.19,0.6829999999999999,7
0.0258,0.91,331360,0.6409999999999999,0,6.42e-05,7,0.0642,-11.316,1,49,0.0589,118.533,0.903,5
0.969,0.18600000000000005,292627,0.0597,0,0.91,2,0.113,-22.294,1,36,0.0453,131.32,0.0716,3
0.396,0.679,92147,0.521,0,0.0,0,0.0903,-5.7810000000000015,0,31,0.0938,188.583,0.968,7
0.0144,0.8809999999999999,243867,0.83,1,0.00771,7,0.0626,-4.563,1,52,0.172,98.793,0.765,3
0.00122,0.523,225733,0.99,1,0.0,8,0.0719,-3.091,1,44,0.134,184.011,0.69,2
0.97,0.516,57960,0.207,0,0.000342,2,0.181,-20.747,1,0,0.15,135.939,0.76,7
0.959,0.491,186307,0.255,0,1.67e-06,6,0.17600000000000002,-12.415,0,0,0.0449,119.653,0.459,8
0.14300000000000002,0.716,98700,0.198,1,6.17e-06,0,0.114,-21.438,1,0,0.926,126.193,0.521,8
0.00557,0.831,285693,0.74,1,0.0,1,0.302,-3.723,1,55,0.152,140.041,0.21,1
0.6409999999999999,0.654,121000,0.183,0,0.0,5,0.395,-17.595,1,1,0.961,90.941,0.563,7
0.981,0.588,178181,0.408,0,0.00014199999999999998,8,0.14300000000000002,-9.524,1,0,0.0826,154.81799999999996,0.893,8
0.0423,0.479,155493,0.507,0,0.0008300000000000001,0,0.363,-13.132,1,50,0.0273,169.933,0.777,6
0.197,0.7859999999999999,219053,0.648,0,0.0,7,0.0953,-6.195,0,62,0.0389,127.953,0.8909999999999999,1
0.98,0.4370000000000001,257427,0.252,0,0.4,7,0.16399999999999998,-17.255,1,22,0.0562,73.574,0.5,8
0.978,0.487,174730,0.4970000000000001,0,0.000625,2,0.478,-7.973,0,0,0.0509,88.914,0.6829999999999999,8
0.974,0.64,182613,0.0753,0,0.00111,0,0.105,-20.481,1,4,0.076,118.08,0.5920000000000001,9
0.00139,0.0627,199613,0.4270000000000001,0,0.888,1,0.594,-33.081,1,56,0.0753,58.295,0.0303,1
0.336,0.556,329587,0.384,0,0.0017,0,0.111,-9.774,1,30,0.0233,90.831,0.259,4
0.753,0.5720000000000001,163333,0.5660000000000001,0,0.0,10,0.0797,-8.952,1,26,0.04,105.665,0.884,6
0.58,0.713,319366,0.585,0,0.5870000000000001,2,0.0934,-12.239,1,1,0.0437,142.015,0.528,9
0.83,0.447,197827,0.563,0,0.0,1,0.398,-10.669,1,10,0.197,165.87400000000005,0.642,8
0.995,0.374,66147,0.0522,0,0.7140000000000001,7,0.194,-22.871,1,0,0.0522,68.036,0.688,7
0.122,0.518,183560,0.799,0,0.000184,1,0.263,-6.33,0,27,0.212,124.54,0.644,6
0.163,0.4920000000000001,209293,0.448,0,0.0,11,0.0548,-11.017,1,38,0.0379,58.072,0.202,3
0.0259,0.38,203813,0.438,0,1.29e-05,5,0.154,-5.526,0,57,0.0962,179.40400000000002,0.349,1
0.74,0.385,192227,0.395,0,4.66e-05,0,0.197,-9.332,1,37,0.0247,93.898,0.298,5
0.00193,0.394,249401,0.7709999999999999,1,0.0,3,0.114,-6.8729999999999976,1,59,0.29,145.947,0.5479999999999999,1
0.985,0.81,169160,0.3,0,0.0008849999999999998,4,0.13,-9.702,1,0,0.289,115.648,0.8059999999999999,10
0.00757,0.654,272747,0.733,0,0.0,6,0.112,-4.8889999999999985,0,55,0.0461,146.924,0.893,1
0.945,0.718,164360,0.339,0,2.62e-06,2,0.2,-10.666,0,1,0.043,110.887,0.616,8
0.87,0.339,235320,0.45,0,0.0115,9,0.0762,-12.453,1,0,0.0806,77.406,0.479,8
0.00282,0.823,224867,0.745,1,0.000332,5,0.32299999999999995,-6.6370000000000005,0,50,0.247,91.919,0.58,4
0.912,0.227,171000,0.215,0,2.48e-05,7,0.415,-15.334,1,7,0.0329,88.169,0.234,6
0.763,0.532,129947,0.69,0,7.6e-05,4,0.4970000000000001,-10.552,1,36,0.0603,93.384,0.945,6
0.984,0.405,185133,0.19,0,0.9,1,0.102,-13.726,1,0,0.0479,144.57,0.499,7
0.958,0.421,374750,0.0873,0,7.28e-05,5,0.234,-16.897000000000002,1,32,0.0397,117.069,0.0721,7
0.00196,0.895,239227,0.453,0,0.374,0,0.0982,-13.987,1,47,0.0756,122.151,0.257,3
0.00122,0.63,562627,0.8079999999999999,0,1.09e-06,7,0.151,-10.134,1,27,0.153,117.02,0.86,5
0.894,0.483,209787,0.61,0,8.15e-06,11,0.106,-6.901,1,0,0.0437,118.269,0.568,8
0.0626,0.635,258795,0.396,0,8.76e-06,0,0.867,-8.999,1,50,0.027000000000000003,126.043,0.196,3
0.345,0.512,197933,0.7559999999999999,0,0.0,6,0.155,-5.767,0,30,0.0391,153.743,0.722,3
0.652,0.588,232893,0.333,0,0.0,4,0.14300000000000002,-10.523,1,44,0.029,155.721,0.233,2
0.287,0.547,203067,0.241,0,0.0,2,0.159,-16.592,1,30,0.037000000000000005,141.05200000000005,0.26,4
0.65,0.774,155400,0.8109999999999999,0,0.0,5,0.0736,-6.526,1,57,0.0355,123.351,0.963,6
0.077,0.104,286507,0.133,0,6.36e-05,5,0.293,-20.224,1,42,0.0404,78.783,0.0298,3
0.00264,0.481,256533,0.945,0,0.0,1,0.135,-5.468,1,65,0.0813,157.059,0.4270000000000001,1
0.995,0.551,197898,0.0597,0,0.643,4,0.201,-15.323,1,0,0.0902,72.286,0.6679999999999999,8
0.256,0.787,178747,0.551,0,3.29e-06,11,0.11,-11.09,1,53,0.0302,116.023,0.8109999999999999,5
0.706,0.677,173093,0.405,0,0.0,0,0.297,-11.368,1,40,0.0302,112.262,0.706,2
0.8059999999999999,0.67,124000,0.175,0,0.0,7,0.195,-16.68,1,28,0.038,115.152,0.863,5
0.945,0.458,200000,0.408,0,0.573,9,0.117,-11.633,1,44,0.0318,89.962,0.726,2
0.458,0.598,171653,0.483,0,7.88e-06,7,0.36,-7.474,1,53,0.0292,130.66299999999998,0.452,2
0.98,0.265,410173,0.142,0,0.0063100000000000005,1,0.335,-19.554,1,0,0.0542,171.22400000000005,0.106,7
0.0161,0.602,276093,0.726,0,0.0005610000000000001,5,0.33,-13.445,1,38,0.0453,120.012,0.725,4
0.0392,0.7609999999999999,169147,0.586,1,0.0,0,0.0558,-5.3679999999999986,1,71,0.359,149.804,0.7190000000000001,1
0.6459999999999999,0.777,131320,0.746,0,0.0002,2,0.0813,-8.421,1,21,0.0469,128.559,0.813,6
0.000115,0.595,197467,0.947,0,0.000276,10,0.279,-3.802,0,39,0.1,113.089,0.5770000000000001,3
0.952,0.242,189267,0.233,0,0.029,9,0.339,-14.782,1,26,0.0358,88.281,0.127,8
0.226,0.731,159227,0.5379999999999999,0,6.06e-05,10,0.0879,-17.029,1,24,0.0366,102.249,0.853,6
0.109,0.633,247827,0.8859999999999999,0,0.0,1,0.0438,-3.892,1,51,0.0456,81.811,0.753,2
0.993,0.269,402133,0.328,0,0.871,11,0.7290000000000001,-17.364,0,0,0.0428,83.014,0.0361,7
0.00569,0.894,216333,0.6779999999999999,0,2.43e-06,6,0.317,-5.6110000000000015,0,62,0.0523,105.024,0.8440000000000001,2
0.775,0.521,726373,0.456,0,0.000116,10,0.158,-9.025,1,9,0.0427,128.52,0.584,7
8.48e-05,0.284,126067,0.988,0,0.00758,4,0.0706,-3.728,0,25,0.13699999999999998,164.612,0.4,4
2.97e-05,0.426,262013,0.934,0,0.0089,7,0.113,-4.063,0,63,0.0685,160.077,0.285,1
0.0135,0.645,207667,0.912,0,0.0,11,0.297,-5.454,0,29,0.0852,125.309,0.695,5
0.981,0.133,464000,0.132,0,0.858,6,0.634,-20.122,1,0,0.0424,68.431,0.0373,8
0.99,0.468,180400,0.149,0,2.51e-06,10,0.0854,-12.323,1,3,0.0516,134.243,0.505,10
0.795,0.211,604573,0.353,0,0.8859999999999999,3,0.0653,-12.578,1,10,0.0337,136.21200000000002,0.16399999999999998,6
0.622,0.6609999999999999,217499,0.738,0,1.05e-06,7,0.591,-4.675,1,34,0.0327,77.178,0.39,4
0.7759999999999999,0.657,963867,0.0314,0,0.0,10,0.118,-29.197,0,0,0.5720000000000001,125.008,0.232,8
0.0373,0.562,263560,0.991,0,1.14e-05,7,0.425,-2.654,1,52,0.0745,118.004,0.266,4
0.334,0.6829999999999999,182373,0.556,0,0.000414,5,0.0702,-12.146,1,63,0.0706,112.784,0.773,2
0.7859999999999999,0.612,212653,0.525,0,0.0,10,0.102,-11.215,0,0,0.0339,112.055,0.732,7
0.996,0.594,172420,0.132,0,0.7829999999999999,0,0.112,-17.249000000000002,1,0,0.0935,111.661,0.802,9
0.486,0.285,196400,0.343,0,0.000111,7,0.0573,-15.152,1,35,0.0502,130.222,0.227,4
0.994,0.28300000000000003,62600,0.07200000000000001,0,0.887,10,0.129,-31.047,1,0,0.0449,137.19299999999998,0.185,8
0.419,0.331,133093,0.957,0,0.0,7,0.102,-6.101,0,41,0.0504,143.299,0.5479999999999999,6
0.322,0.66,179573,0.48,0,0.0030800000000000003,9,0.0498,-13.832,1,27,0.029,122.163,0.941,5
0.568,0.247,465760,0.75,0,0.0,11,0.6890000000000001,-6.834,0,23,0.0464,171.25799999999995,0.483,6
0.028,0.41,151466,0.627,0,2.88e-05,11,0.0929,-9.912,0,23,0.0346,102.164,0.534,6
0.0396,0.7040000000000001,180000,0.873,0,0.00079,7,0.0629,-11.321,1,27,0.0416,153.65200000000004,0.7290000000000001,4
0.0502,0.597,321093,0.439,0,0.000129,9,0.19,-7.126,1,49,0.0258,127.89,0.127,2
0.986,0.418,155507,0.38,0,0.6759999999999999,8,0.192,-9.07,1,0,0.117,64.733,0.902,8
0.973,0.163,99267,0.016,0,0.49,7,0.111,-32.585,0,0,0.0498,68.383,0.033,8
0.971,0.226,252800,0.0611,0,0.805,4,0.122,-23.995,1,0,0.044,139.438,0.324,8
0.172,0.573,239707,0.667,0,0.000102,2,0.15,-6.612,0,63,0.0278,135.961,0.258,2
0.114,0.513,178040,0.562,0,0.0,7,0.127,-12.845,1,42,0.0311,114.78,0.5489999999999999,3
0.237,0.5920000000000001,141787,0.588,0,2.73e-06,9,0.108,-6.385,0,17,0.0353,105.967,0.8220000000000001,6
0.0866,0.748,253600,0.8109999999999999,0,1.4499999999999993e-05,0,0.0282,-5.212999999999999,0,49,0.0907,93.963,0.862,2
0.123,0.0613,471368,0.202,0,0.8690000000000001,5,0.595,-19.382,1,0,0.0413,65.515,0.0398,9
0.0008230000000000001,0.924,237662,0.585,0,0.0,0,0.0578,-5.624,1,42,0.279,90.007,0.623,1
0.942,0.26,162400,0.165,0,0.000909,10,0.334,-11.508,1,1,0.0318,82.35700000000001,0.234,7
0.000908,0.706,268858,0.72,0,0.0765,0,0.0487,-7.581,1,55,0.0246,91.985,0.846,1
0.852,0.499,157040,0.18600000000000005,0,0.0,5,0.319,-13.543,1,23,0.0303,102.402,0.5820000000000001,6
0.041,0.6759999999999999,99300,0.31,0,0.0,5,0.145,-21.139,0,1,0.944,61.502,0.574,8
0.964,0.43,208720,0.106,0,0.0575,0,0.12,-16.479,1,21,0.0354,96.844,0.35200000000000004,5
0.784,0.4920000000000001,101801,0.6459999999999999,0,0.0,8,0.214,-8.32,1,24,0.0929,175.30599999999995,0.941,7
0.955,0.397,199720,0.455,0,0.274,11,0.423,-11.993,1,0,0.0338,78.775,0.77,9
0.907,0.499,224973,0.254,0,0.0157,11,0.112,-12.302,0,39,0.028,104.953,0.0893,2
0.995,0.495,196627,0.299,0,0.929,8,0.103,-15.478,0,0,0.0481,118.199,0.843,8
0.279,0.733,264307,0.52,0,0.00021,7,0.23,-13.588,1,25,0.0259,109.598,0.857,4
0.204,0.797,324400,0.934,1,0.0,1,0.119,-4.507,1,51,0.0926,116.438,0.519,3
0.00028900000000000003,0.217,311107,0.905,0,0.00011,2,0.222,-4.103,1,77,0.0752,96.95,0.236,2
0.188,0.395,239160,0.6409999999999999,0,7.099999999999999e-05,7,0.145,-5.96,1,50,0.0353,121.451,0.421,5
0.6709999999999999,0.772,142867,0.4,0,0.0142,10,0.0821,-12.464,1,28,0.0348,134.239,0.6729999999999999,6
0.51,0.5529999999999999,134573,0.6609999999999999,0,6.91e-06,10,0.8859999999999999,-10.432,1,29,0.038,120.813,0.772,6
0.0907,0.61,257773,0.743,0,0.0,4,0.14800000000000002,-8.086,1,29,0.0339,127.959,0.93,5
0.943,0.205,752293,0.29,0,0.73,10,0.109,-14.819,0,0,0.0367,91.54,0.206,8
0.995,0.7509999999999999,156000,0.282,0,0.000778,5,0.106,-9.918,1,7,0.0697,154.265,0.77,10
0.14300000000000002,0.435,289293,0.412,0,7.09e-05,9,0.16399999999999998,-8.451,1,46,0.0271,117.7,0.248,2
0.502,0.477,266560,0.74,0,1.31e-06,9,0.263,-5.397,1,60,0.0446,107.384,0.56,5
0.00309,0.514,262943,0.7240000000000001,0,1.4300000000000005e-05,2,0.0842,-10.261,1,48,0.0346,145.05200000000005,0.424,3
0.297,0.424,300867,0.746,0,2.99e-06,2,0.105,-11.065,1,23,0.231,164.917,0.231,5
0.0855,0.7759999999999999,218201,0.537,1,0.0,1,0.103,-7.604,0,61,0.197,153.06,0.238,1
0.000572,0.4920000000000001,198360,0.932,0,4.75e-06,10,0.123,-4.689,1,64,0.052000000000000005,92.497,0.33,1
0.474,0.524,299173,0.536,0,0.0,10,0.128,-10.731,1,40,0.0328,82.051,0.32299999999999995,4
0.741,0.535,172027,0.581,0,0.0,5,0.121,-7.8820000000000014,1,17,0.0708,135.695,0.705,6
0.957,0.5820000000000001,115853,0.239,0,0.0293,9,0.0661,-20.853,0,6,0.0411,127.286,0.35600000000000004,7
0.993,0.529,225240,0.28300000000000003,0,0.0777,8,0.627,-20.565,1,0,0.355,137.19799999999998,0.7040000000000001,7
0.911,0.627,191453,0.287,0,5.5e-05,3,0.287,-15.165,1,0,0.0855,172.157,0.851,8
0.984,0.452,180440,0.027000000000000003,0,0.0,0,0.0981,-19.02,0,42,0.0466,126.274,0.182,7
0.415,0.62,154576,0.51,0,0.0,9,0.301,-5.119,0,67,0.0451,102.643,0.963,1
0.182,0.6890000000000001,263173,0.784,0,0.0,2,0.0843,-2.972,1,59,0.07400000000000001,99.954,0.561,1
0.0525,0.526,204133,0.737,0,0.114,0,0.125,-6.766,1,38,0.0355,90.365,0.653,6
0.684,0.462,119507,0.654,0,0.893,9,0.313,-12.125,0,17,0.0298,80.238,0.962,6
0.974,0.328,143573,0.322,0,0.000253,2,0.21600000000000005,-11.656,1,6,0.0302,102.609,0.201,7
0.259,0.65,182493,0.463,0,1.81e-06,9,0.28300000000000003,-16.673,1,37,0.0569,131.97799999999998,0.6890000000000001,3
0.425,0.625,140531,0.266,0,0.000223,5,0.0691,-16.383,0,33,0.161,112.115,0.7609999999999999,4
0.523,0.606,195200,0.255,0,0.727,10,0.0568,-18.257,1,39,0.0301,132.819,0.457,6
0.0131,0.63,131213,0.63,0,0.0,9,0.142,-6.211,1,80,0.0395,80.512,0.163,1
0.526,0.626,255333,0.59,0,0.000123,7,0.0812,-10.545,1,44,0.0462,131.836,0.7959999999999999,5
0.443,0.613,169067,0.5479999999999999,0,0.00145,6,0.272,-14.53,1,28,0.0415,140.274,0.6759999999999999,5
0.762,0.826,375903,0.423,0,0.0689,4,0.105,-11.127,1,62,0.0445,100.042,0.8909999999999999,1
2.52e-06,0.123,183267,0.991,0,0.0058,7,0.234,-2.727,1,37,0.182,191.533,0.114,4
0.6970000000000001,0.439,667696,0.722,0,0.0125,11,0.135,-8.957,0,25,0.0455,106.878,0.5760000000000001,5
0.205,0.7440000000000001,120040,0.413,0,0.0515,0,0.363,-11.694,1,16,0.0868,122.535,0.743,6
0.73,0.84,202160,0.733,0,0.00188,10,0.0643,-11.022,0,20,0.101,126.877,0.755,6
0.602,0.637,420693,0.522,0,0.000112,7,0.0414,-15.792,1,41,0.0766,86.351,0.696,4
0.8690000000000001,0.227,206000,0.0928,0,0.071,3,0.12,-22.175,1,20,0.0425,83.71,0.0893,7
0.0982,0.787,121960,0.0742,0,0.162,1,0.284,-26.53,1,41,0.104,125.017,0.162,2
0.8959999999999999,0.7909999999999999,157133,0.341,0,0.491,2,0.119,-13.496,0,6,0.0451,105.399,0.953,10
0.809,0.279,194800,0.134,0,0.0,2,0.103,-19.927,1,24,0.0342,80.64399999999998,0.255,5
0.75,0.7040000000000001,329497,0.235,0,0.0,9,0.37,-17.272000000000002,1,0,0.953,131.762,0.401,9
0.461,0.278,161560,0.422,0,1.91e-06,0,0.36,-12.288,1,26,0.0291,80.878,0.303,6
0.901,0.425,237200,0.0821,0,0.94,5,0.103,-21.959,1,24,0.0299,79.494,0.19,6
0.5529999999999999,0.537,92693,0.399,0,0.0,7,0.256,-15.022,1,24,0.197,203.065,0.8029999999999999,4
0.0934,0.598,487640,0.738,0,0.00583,7,0.0514,-7.98,0,31,0.0585,77.29,0.67,5
0.0248,0.682,166160,0.865,0,0.0,0,0.0909,-8.232000000000001,1,39,0.0504,107.203,0.939,4
0.0352,0.632,252812,0.637,0,0.158,7,0.0997,-10.011,1,71,0.0348,111.551,0.614,1
0.888,0.416,222145,0.24,0,0.0,0,0.13699999999999998,-8.785,0,42,0.0392,95.701,0.387,3
0.491,0.818,286173,0.882,0,0.0112,1,0.0259,-5.354,1,51,0.0542,132.851,0.963,2
0.469,0.768,190253,0.527,1,0.0,10,0.162,-8.152999999999999,0,63,0.229,154.003,0.614,1
0.7759999999999999,0.617,191733,0.301,0,0.0,9,0.0914,-15.393,1,60,0.0292,111.527,0.664,5
0.936,0.574,291013,0.0964,0,0.0824,5,0.236,-17.82,1,0,0.0468,112.441,0.469,9
0.0445,0.555,294933,0.7240000000000001,1,1.4e-05,9,0.18600000000000005,-9.429,1,57,0.0288,112.812,0.7240000000000001,3
0.319,0.494,426715,0.522,0,0.0,2,0.67,-6.723,1,55,0.0291,72.009,0.188,1
0.0216,0.722,168560,0.732,0,0.0,7,0.0473,-8.222000000000001,1,41,0.0383,122.932,0.94,4
0.0172,0.34600000000000003,319320,0.804,0,0.00103,11,0.0959,-9.647,0,39,0.0694,128.972,0.785,5
0.862,0.35200000000000004,261493,0.054000000000000006,0,0.00096,1,0.106,-18.811,1,23,0.0396,61.987,0.185,7
0.397,0.544,225107,0.608,0,0.0,2,0.14,-7.151,1,47,0.0345,114.882,0.396,1
0.375,0.537,236640,0.5529999999999999,0,0.0,1,0.0624,-7.522,0,28,0.0277,99.498,0.508,5
0.974,0.721,145613,0.419,0,0.0,2,0.34700000000000003,-10.373,1,4,0.179,130.066,0.855,9
0.000128,0.378,385400,0.975,0,0.0018,1,0.204,-6.447,0,56,0.055,178.00799999999995,0.457,1
0.966,0.6459999999999999,183133,0.182,0,0.895,2,0.0868,-15.741,1,0,0.165,187.374,0.591,9
0.066,0.42,135560,0.463,0,0.00042,0,0.0973,-11.691,1,18,0.0293,138.236,0.695,6
0.136,0.6629999999999999,230413,0.805,0,0.0,2,0.107,-4.269,1,56,0.0502,100.52,0.595,2
0.531,0.565,161880,0.629,0,0.000302,4,0.11,-4.226,0,45,0.026,74.843,0.725,2
0.386,0.731,186800,0.465,0,0.0,2,0.0854,-8.133,1,43,0.03,120.877,0.519,2
0.996,0.457,145400,0.193,0,0.348,4,0.0809,-16.816,1,0,0.0655,177.097,0.6709999999999999,10
0.00303,0.596,239893,0.951,0,9.16e-05,2,0.789,-5.292000000000002,1,47,0.051,107.119,0.843,1
2.01e-05,0.306,202533,0.882,0,0.0397,9,0.344,-6.6720000000000015,1,30,0.0487,95.79,0.395,4
0.818,0.706,152173,0.5579999999999999,0,0.0184,5,0.0771,-7.263,1,0,0.0448,152.53799999999995,0.872,8
0.952,0.7190000000000001,183440,0.209,0,0.000352,9,0.0651,-11.08,0,13,0.0491,110.53,0.745,9
0.87,0.13699999999999998,240040,0.153,0,8.77e-05,10,0.109,-18.667,1,29,0.0387,78.191,0.108,7
0.254,0.416,181933,0.485,0,6.22e-06,4,0.447,-14.313,0,37,0.0308,151.16,0.8109999999999999,5
0.981,0.312,212640,0.0582,0,9.38e-06,5,0.429,-17.3,1,0,0.0716,68.869,0.129,7
0.777,0.644,156573,0.309,0,0.8240000000000001,0,0.0671,-14.899,1,0,0.0598,124.14,0.922,9
0.409,0.765,197667,0.555,0,2.04e-06,10,0.073,-7.579,0,63,0.374,77.848,0.828,5
0.165,0.521,281200,0.414,0,0.00294,1,0.336,-10.128,1,23,0.0307,144.15,0.337,4
0.00916,0.603,355067,0.657,0,0.0167,7,0.0704,-7.938,1,51,0.0265,97.113,0.623,3
0.987,0.723,171733,0.0865,0,0.00101,4,0.163,-15.228,0,9,0.0469,108.112,0.529,9
0.0108,0.243,249000,0.748,0,0.006509999999999999,9,0.12,-5.343,1,42,0.0351,75.044,0.446,3
5.59e-05,0.404,258467,0.72,0,0.836,10,0.0466,-9.18,0,71,0.0623,121.864,0.475,3
0.706,0.488,263093,0.77,0,0.0,4,0.22,-7.195,1,42,0.0605,80.936,0.78,4
0.978,0.598,182567,0.116,0,0.000946,0,0.157,-19.529,1,0,0.0589,115.682,0.422,8
0.799,0.736,547427,0.368,0,0.000195,8,0.189,-9.298,1,34,0.0565,101.766,0.453,3
0.302,0.632,268720,0.465,0,5.700000000000001e-06,0,0.0929,-8.459,1,47,0.0293,96.001,0.305,1
0.213,0.735,303280,0.5820000000000001,0,2.55e-06,11,0.0541,-11.2,0,47,0.0628,102.896,0.674,4
0.934,0.404,154662,0.377,0,9.46e-05,7,0.145,-8.399,0,0,0.0367,116.386,0.545,8
0.466,0.648,314840,0.525,0,1.5e-06,9,0.165,-9.213,1,65,0.0241,98.131,0.7240000000000001,3
0.0979,0.645,240333,0.6579999999999999,0,0.0,1,0.396,-4.997,1,41,0.047,136.018,0.52,2
0.946,0.614,178467,0.12,0,0.711,2,0.0942,-23.989,1,0,0.0503,119.021,0.659,8
0.901,0.565,180000,0.309,0,0.735,0,0.13699999999999998,-19.26,0,18,0.0417,110.464,0.8370000000000001,6
0.00626,0.499,203067,0.708,0,1.15e-05,7,0.0423,-7.029,1,54,0.0301,158.785,0.617,2
0.77,0.486,170267,0.369,0,0.0,4,0.468,-12.628,1,15,0.0362,131.70600000000002,0.7140000000000001,6
0.0252,0.65,206493,0.9,1,0.0,1,0.17600000000000002,-4.099,0,61,0.374,89.788,0.659,3
0.0127,0.6759999999999999,283360,0.6579999999999999,1,0.000938,6,0.574,-9.227,0,54,0.314,90.227,0.677,3
0.984,0.37,168120,0.388,0,0.0,0,0.373,-8.305,1,0,0.0431,72.986,0.395,9
0.7240000000000001,0.441,247747,0.444,0,8.17e-06,9,0.15,-10.434,0,47,0.0266,95.11,0.363,5
0.105,0.609,155307,0.8340000000000001,0,0.0,0,0.407,-4.6389999999999985,0,42,0.0512,102.092,0.705,2
0.308,0.519,166907,0.481,0,1.05e-05,2,0.121,-9.796,1,56,0.0283,109.246,0.48,6
0.924,0.401,318467,0.191,0,0.0292,4,0.139,-13.757,1,47,0.0318,92.676,0.171,2
0.0165,0.81,197773,0.957,0,0.284,1,0.248,-6.049,0,62,0.0364,129.985,0.962,3
0.637,0.565,279760,0.695,0,0.000401,0,0.256,-10.21,1,39,0.0803,97.246,0.951,5
0.782,0.394,323040,0.177,0,0.000236,1,0.106,-14.598,1,38,0.0318,140.645,0.228,5
0.968,0.229,235045,0.2,0,4.93e-05,5,0.32299999999999995,-12.858,1,19,0.033,80.005,0.194,7
0.000637,0.674,185280,0.74,0,0.0,11,0.111,-4.517,0,54,0.0419,143.998,0.431,1
0.962,0.35700000000000004,141533,0.208,0,3.6e-05,10,0.0943,-16.531,1,19,0.0357,101.727,0.138,7
0.959,0.319,479040,0.123,0,0.858,8,0.107,-16.578,1,0,0.0444,112.534,0.0696,7
0.81,0.69,320267,0.16399999999999998,0,0.0255,0,0.103,-22.046,1,30,0.104,84.56299999999997,0.743,3
0.0302,0.242,186640,0.924,0,0.461,3,0.36,-3.327,1,56,0.0804,129.155,0.33,1
0.994,0.26,336341,0.248,0,0.008879999999999999,1,0.0967,-13.101,1,0,0.0369,80.68,0.053,7
0.195,0.545,270107,0.498,0,0.0,2,0.16899999999999998,-7.286,1,39,0.0266,127.604,0.363,2
0.969,0.732,166000,0.475,0,0.428,11,0.166,-4.615,0,0,0.0497,118.597,0.956,9
0.0626,0.635,212193,0.552,1,0.0,5,0.083,-8.959,0,63,0.758,129.649,0.267,1
0.993,0.6609999999999999,45173,0.232,0,0.928,9,0.0707,-19.78,0,0,0.13,128.735,0.684,8
0.0484,0.4920000000000001,221392,0.846,0,0.000125,0,0.0768,-7.104,1,46,0.067,99.034,0.472,1
0.957,0.349,563213,0.102,0,0.016,9,0.252,-21.377,1,0,0.0373,115.846,0.404,8
0.0308,0.643,243347,0.897,0,2.83e-06,9,0.315,-5.474,0,44,0.0385,119.964,0.965,2
3.65e-05,0.381,171093,0.939,0,9.12e-05,2,0.309,-4.81,1,40,0.0874,141.476,0.308,3
0.295,0.596,241933,0.823,0,1.96e-05,9,0.102,-6.89,0,39,0.0476,147.976,0.534,2
0.0787,0.366,272600,0.508,0,3.98e-05,4,0.15,-12.103,1,41,0.0319,155.751,0.622,6
0.206,0.574,193440,0.552,0,0.0,1,0.0666,-8.503,1,20,0.0285,77.361,0.416,4
2.76e-06,0.125,133267,0.935,0,0.0113,11,0.0335,-9.49,0,37,0.142,194.806,0.416,4
0.212,0.525,189667,0.195,0,0.0,0,0.105,-15.53,0,22,0.029,76.80199999999998,0.32,6
0.00458,0.66,218903,0.8490000000000001,1,0.00011,0,0.0877,-5.97,1,63,0.0293,102.005,0.836,1
0.0513,0.5579999999999999,210760,0.662,0,0.0,7,0.153,-6.129,1,60,0.0261,97.962,0.434,1
0.949,0.263,795173,0.197,0,0.893,4,0.11,-16.207,0,0,0.0391,102.069,0.105,7
0.225,0.7040000000000001,122700,0.17,0,0.0,2,0.363,-23.627,1,0,0.701,107.896,0.44,7
0.000105,0.307,182000,0.996,0,0.419,6,0.112,-3.915,1,34,0.107,104.092,0.376,4
0.7659999999999999,0.546,281427,0.454,0,7.46e-06,1,0.534,-9.62,1,4,0.155,135.91299999999998,0.7959999999999999,7
0.00022,0.436,272920,0.932,1,0.419,9,0.131,-6.535,1,44,0.0854,109.236,0.124,3
0.785,0.583,121125,0.265,0,0.0,7,0.36,-15.798,1,46,0.0389,125.945,0.7340000000000001,5
0.7390000000000001,0.757,170000,0.441,0,0.5579999999999999,0,0.141,-15.771,1,27,0.0325,140.141,0.59,7
0.456,0.366,172093,0.5489999999999999,0,0.0,7,0.151,-8.914,1,55,0.0906,202.22,0.826,5
0.111,0.768,189600,0.7440000000000001,0,5.09e-05,2,0.0863,-8.474,1,38,0.0444,122.772,0.965,5
0.799,0.531,290227,0.245,0,0.0339,5,0.315,-10.858,0,6,0.043,109.581,0.284,8
0.981,0.442,198080,0.0889,0,0.426,8,0.149,-22.307,1,0,0.0317,75.982,0.13,8
0.484,0.721,237720,0.716,0,0.00361,1,0.129,-8.156,1,51,0.0389,83.236,0.7709999999999999,3
0.956,0.477,249782,0.0494,0,2.21e-06,4,0.109,-21.157,1,52,0.0652,62.434,0.195,7
0.904,0.613,361627,0.407,0,0.1,0,0.101,-12.729,1,23,0.0383,103.221,0.682,6
0.12,0.5539999999999999,202005,0.532,0,0.0,2,0.29,-6.544,1,67,0.0338,125.014,0.7859999999999999,1
0.123,0.487,247800,0.504,0,0.0,1,0.109,-5.207000000000002,1,42,0.0261,139.717,0.331,2
0.0935,0.418,549933,0.633,0,0.079,10,0.759,-8.138,1,41,0.0462,122.781,0.483,3
0.605,0.669,231173,0.389,0,0.16,0,0.0905,-11.547,1,70,0.0306,130.015,0.649,2
0.7959999999999999,0.404,626027,0.484,0,0.0,1,0.39,-12.905,1,12,0.0966,82.54700000000003,0.595,6
0.871,0.725,124400,0.251,0,0.0,9,0.116,-15.586,0,8,0.483,112.669,0.8140000000000001,7
2.08e-05,0.287,221040,0.991,1,0.406,0,0.315,-1.108,1,45,0.19,111.276,0.292,2
0.728,0.647,275933,0.269,0,1.11e-05,5,0.0829,-17.676,0,6,0.0685,134.446,0.653,7
0.978,0.4970000000000001,159760,0.13,0,0.933,3,0.104,-23.978,0,0,0.0593,110.459,0.701,9
0.126,0.648,229307,0.484,0,0.474,0,0.0314,-14.142,1,31,0.0377,116.718,0.35,4
0.901,0.527,199907,0.471,0,0.0,2,0.4970000000000001,-9.728,1,35,0.271,79.257,0.892,2
0.0584,0.63,101444,0.228,1,0.0,0,0.517,-12.356,1,0,0.959,77.785,0.562,10
0.615,0.591,193160,0.287,0,0.0795,4,0.104,-15.955,1,28,0.0274,78.87899999999998,0.409,5
0.015,0.94,200893,0.536,0,2.1e-05,11,0.0438,-8.905,0,40,0.125,123.274,0.883,4
0.996,0.232,343107,0.0147,0,0.919,1,0.134,-33.349000000000004,0,1,0.043,75.973,0.0863,7
0.515,0.5539999999999999,198427,0.313,0,0.0239,0,0.105,-18.098,1,25,0.0526,92.812,0.474,6
0.0144,0.8340000000000001,245587,0.586,0,5.37e-05,11,0.107,-8.923,0,32,0.183,125.659,0.787,5
0.00179,0.396,192000,0.897,0,2.08e-06,9,0.365,-5.3889999999999985,0,51,0.0745,91.925,0.384,4
0.272,0.5660000000000001,222351,0.7240000000000001,0,2.43e-06,2,0.0914,-6.705,1,37,0.0383,108.185,0.7390000000000001,4
0.206,0.8140000000000001,230267,0.68,0,0.0,7,0.101,-6.928,0,46,0.043,126.976,0.963,1
0.772,0.601,30693,0.343,0,2.1e-06,8,0.415,-14.06,1,42,0.499,131.35,0.81,3
0.124,0.308,579320,0.537,0,0.0,0,0.0812,-11.112,1,38,0.045,132.996,0.329,6
0.942,0.42,70707,0.177,0,1.35e-05,10,0.927,-18.817,1,2,0.195,168.88099999999997,0.662,8
0.344,0.698,539693,0.278,0,0.006520000000000001,7,0.149,-11.88,1,46,0.0769,145.274,0.387,4
0.0374,0.534,175973,0.642,0,0.000468,2,0.15,-12.121,1,27,0.0362,148.084,0.861,5
0.358,0.3720000000000001,190400,0.488,0,0.0007059999999999999,9,0.104,-9.471,1,47,0.07200000000000001,185.262,0.5,2
0.916,0.429,97227,0.34600000000000003,0,0.0,7,0.583,-13.286,1,0,0.0752,89.402,0.17600000000000002,7
0.00576,0.596,195160,0.767,0,2.14e-05,4,0.13699999999999998,-6.3889999999999985,1,26,0.0826,119.115,0.42,6
0.526,0.649,163160,0.353,0,2.74e-06,9,0.107,-14.539,1,35,0.0278,111.052,0.769,6
0.5920000000000001,0.5589999999999999,221895,0.67,0,0.000184,7,0.171,-4.985,1,69,0.0474,78.957,0.438,1
0.966,0.606,180893,0.184,0,0.00027400000000000005,10,0.0962,-15.26,1,42,0.0327,104.491,0.7929999999999999,8
0.996,0.417,201267,0.0498,0,0.123,5,0.16899999999999998,-13.523,1,12,0.0344,78.663,0.411,10
0.975,0.496,264413,0.237,0,0.763,10,0.111,-15.623,1,0,0.0483,93.514,0.611,9
0.159,0.684,140581,0.915,0,2.63e-06,4,0.133,-3.826,1,37,0.0858,101.279,0.66,4
0.0108,0.628,239040,0.917,0,2.25e-06,6,0.306,-3.489,1,51,0.14400000000000002,94.988,0.638,1
0.476,0.22,160400,0.267,0,0.0,10,0.245,-13.027,1,11,0.0336,89.46799999999998,0.205,8
0.949,0.575,187246,0.0872,0,0.0,5,0.35700000000000004,-11.755,0,7,0.0495,85.28399999999998,0.28800000000000003,7
0.964,0.8140000000000001,171200,0.117,0,0.0,0,0.165,-14.659,1,7,0.0401,104.641,0.365,7
0.936,0.642,185333,0.138,0,0.00016,7,0.109,-12.629,1,9,0.0475,98.608,0.531,9
0.647,0.35600000000000004,212040,0.365,0,0.343,4,0.912,-14.618,0,30,0.0405,140.97299999999996,0.415,5
0.00114,0.402,281000,0.919,0,0.00292,3,0.966,-6.511,0,35,0.0312,145.141,0.336,4
0.4920000000000001,0.615,193434,0.434,0,0.0,2,0.131,-5.47,1,42,0.0354,97.835,0.5710000000000001,3
0.895,0.627,195267,0.402,0,1.4499999999999993e-05,2,0.488,-14.74,0,1,0.309,148.411,0.5820000000000001,8
0.209,0.5770000000000001,175427,0.8140000000000001,0,0.000525,1,0.0773,-5.694,1,50,0.032,174.05900000000003,0.785,1
0.0271,0.759,223133,0.5579999999999999,0,0.00743,7,0.102,-9.361,1,40,0.028,126.783,0.366,3
0.51,0.482,297493,0.81,0,0.0,7,0.966,-6.0120000000000005,1,37,0.0815,113.239,0.61,2
0.995,0.507,107187,0.0338,0,0.5,9,0.108,-26.675,1,4,0.201,76.67699999999998,0.534,7
0.48,0.472,366907,0.6940000000000001,0,0.00583,2,0.155,-10.97,0,9,0.0421,84.943,0.7759999999999999,7
0.0721,0.514,264587,0.667,0,0.0,11,0.266,-4.2010000000000005,0,48,0.0267,149.403,0.54,2
0.988,0.225,170640,0.0462,0,0.00193,5,0.158,-19.996,1,12,0.0522,178.438,0.123,7
0.000372,0.384,255160,0.778,0,0.000114,11,0.191,-12.719,0,48,0.0567,164.768,0.594,4
0.6829999999999999,0.416,154667,0.23,0,0.0,4,0.22,-15.853,1,26,0.0292,105.624,0.425,6
0.908,0.4370000000000001,238827,0.0425,0,0.6729999999999999,7,0.662,-25.502,1,7,0.065,73.236,0.155,6
0.000424,0.541,121453,0.718,0,0.021,9,0.0682,-6.3020000000000005,1,25,0.0348,184.761,0.977,5
0.866,0.59,119627,0.67,0,0.0,5,0.723,-8.605,0,0,0.444,141.737,0.607,7
0.971,0.399,227933,0.21600000000000005,0,0.903,2,0.119,-15.970999999999998,1,0,0.033,79.166,0.445,7
0.000178,0.446,309533,0.831,1,0.105,7,0.403,-12.175999999999998,1,42,0.0521,83.963,0.55,3
0.0033,0.565,200560,0.531,0,0.0005639999999999999,2,0.472,-16.233,1,38,0.0329,126.715,0.6970000000000001,4
0.805,0.201,204627,0.213,0,8.22e-05,8,0.126,-14.531,1,40,0.0298,96.324,0.203,3
0.931,0.386,181200,0.19,0,0.00284,1,0.104,-14.380999999999998,1,9,0.0304,177.40200000000004,0.493,6
0.0417,0.603,182467,0.888,0,0.0,9,0.319,-5.733,1,44,0.0437,145.067,0.696,3
0.451,0.494,430400,0.742,0,0.0762,0,0.078,-8.721,1,35,0.0528,134.762,0.708,7
0.0577,0.7240000000000001,271427,0.618,0,6.43e-05,11,0.0852,-7.816,0,26,0.0389,88.883,0.828,4
0.684,0.539,190653,0.423,0,0.0,2,0.32299999999999995,-7.646,0,47,0.0277,95.834,0.408,4
0.863,0.317,220160,0.127,0,1.49e-05,5,0.0817,-14.784,1,11,0.0351,89.77600000000002,0.227,6
0.962,0.319,280000,0.261,0,0.0016600000000000002,10,0.389,-14.505,1,0,0.0596,75.738,0.39,7
0.494,0.535,162013,0.6659999999999999,0,1.59e-06,9,0.0775,-7.905,1,50,0.0444,203.826,0.96,3
0.343,0.752,219267,0.544,0,0.0811,9,0.109,-10.373,1,52,0.0314,115.803,0.723,2
0.0488,0.6559999999999999,258107,0.978,0,0.00242,0,0.0475,-3.676,1,43,0.0443,110.001,0.7490000000000001,2
0.0107,0.743,390933,0.531,0,0.0,11,0.0961,-5.77,0,31,0.0274,117.863,0.22,3
0.457,0.703,232200,0.482,0,0.0665,1,0.0973,-10.487,0,51,0.0389,116.145,0.652,2
0.308,0.764,270187,0.753,0,0.0,0,0.118,-3.964,1,71,0.0779,95.109,0.7140000000000001,1
0.8290000000000001,0.307,265840,0.261,0,1.21e-05,3,0.0781,-15.239,1,40,0.0387,105.584,0.249,2
0.453,0.653,319587,0.364,0,0.57,7,0.1,-15.896,1,37,0.0824,75.234,0.6859999999999999,5
0.7559999999999999,0.7490000000000001,193600,0.609,0,0.0,11,0.481,-11.936,0,41,0.196,83.77600000000002,0.527,3
0.0021100000000000003,0.562,275640,0.934,0,0.0,5,0.199,-5.562,1,54,0.0607,103.042,0.5579999999999999,2
0.157,0.759,155467,0.787,0,0.000242,0,0.138,-4.526,1,43,0.0481,121.499,0.8909999999999999,2
0.0376,0.335,600187,0.575,0,0.9,5,0.132,-9.156,1,29,0.0409,96.252,0.34700000000000003,5
0.993,0.512,84520,0.39,0,0.8320000000000001,4,0.423,-10.968,1,0,0.0521,122.792,0.966,7
0.708,0.586,133960,0.5429999999999999,0,0.387,2,0.7090000000000001,-9.809,0,3,0.0551,148.731,0.8759999999999999,7
0.475,0.374,52533,0.5870000000000001,0,0.000104,2,0.695,-15.821,1,23,0.382,92.328,0.0484,5
0.0746,0.49,234907,0.782,0,0.000134,9,0.271,-10.605,0,26,0.0478,120.13,0.936,5
0.95,0.535,103773,0.336,0,0.00011,1,0.0578,-14.215,1,0,0.0776,75.764,0.4920000000000001,7
0.23,0.685,253200,0.334,0,2.95e-05,9,0.0822,-12.731,1,30,0.0573,148.019,0.579,5
0.945,0.15,214333,0.153,0,0.593,2,0.0826,-22.239,0,22,0.0431,97.725,0.108,6
0.000105,0.643,290507,0.63,0,0.0179,5,0.331,-7.1629999999999985,1,43,0.0236,94.199,0.488,3
0.0278,0.6679999999999999,212493,0.778,0,1.24e-06,7,0.108,-4.302,0,55,0.0506,139.938,0.733,1
0.889,0.236,188973,0.274,0,0.0,8,0.13699999999999998,-13.504,1,19,0.0327,101.351,0.17,6
0.984,0.755,185453,0.373,0,0.888,11,0.123,-12.288,0,0,0.163,116.468,0.6459999999999999,10
0.7559999999999999,0.792,244973,0.711,0,1.92e-05,3,0.0916,-10.470999999999998,1,14,0.054000000000000006,129.99200000000002,0.978,7
0.217,0.6629999999999999,297867,0.647,0,0.039,4,0.106,-12.237,0,29,0.0277,97.694,0.601,4
0.215,0.272,269307,0.385,0,0.0,4,0.467,-13.525,0,38,0.0318,114.491,0.203,4
0.995,0.6409999999999999,106919,0.23,0,0.236,0,0.438,-14.651,1,0,0.261,124.266,0.586,9
0.75,0.768,156907,0.5720000000000001,0,2.09e-06,10,0.117,-14.019,1,11,0.0434,106.741,0.905,6
0.000197,0.258,347387,0.8390000000000001,0,3.2200000000000003e-05,0,0.0699,-5.726,0,54,0.0803,75.499,0.181,2
3.55e-05,0.322,253493,0.868,0,0.899,3,0.209,-8.335,1,40,0.0557,101.545,0.183,3
0.983,0.557,202720,0.556,0,0.299,2,0.147,-8.211,1,0,0.0444,84.39299999999999,0.967,8
0.8270000000000001,0.604,282067,0.253,0,0.0,3,0.8140000000000001,-15.42,1,25,0.14800000000000002,99.824,0.556,5
0.105,0.74,305867,0.923,0,0.00016299999999999998,1,0.0825,-5.082,1,66,0.0369,128.871,0.93,4
0.991,0.6609999999999999,116297,0.0949,0,0.922,0,0.1,-22.305,0,12,0.0387,77.509,0.35200000000000004,6
0.0302,0.4270000000000001,226520,0.604,1,0.000648,11,0.161,-8.561,0,57,0.203,91.546,0.256,1
0.65,0.491,67400,0.116,0,0.672,5,0.121,-21.216,1,30,0.0615,114.218,0.13699999999999998,5
0.0819,0.498,295933,0.912,0,0.112,0,0.0606,-8.732999999999999,1,35,0.0527,121.279,0.477,4
0.0394,0.312,213413,0.7959999999999999,0,0.017,2,0.376,-7.172999999999999,1,24,0.0756,123.269,0.354,4
0.172,0.624,216933,0.723,1,0.0,1,0.483,-6.782,1,65,0.378,84.789,0.757,1
0.115,0.293,316200,0.91,0,0.0,8,0.0511,-5.394,1,46,0.096,138.766,0.114,3
0.0488,0.7509999999999999,208733,0.518,0,2.71e-06,4,0.165,-12.753,1,22,0.0378,120.571,0.905,5
0.0507,0.8109999999999999,146667,0.767,0,0.0138,11,0.0802,-9.14,0,50,0.0342,143.891,0.964,4
0.00299,0.366,257573,0.851,0,0.115,8,0.609,-7.995,1,49,0.125,135.711,0.484,3
0.18600000000000005,0.517,250320,0.8109999999999999,0,0.0,5,0.105,-4.526,0,70,0.28600000000000003,168.269,0.494,1
0.023,0.721,216000,0.923,0,0.0023,2,0.206,-3.986,1,43,0.0444,100.044,0.861,3
0.958,0.0975,819093,0.154,0,0.496,8,0.08900000000000001,-19.19,1,0,0.0354,84.006,0.0519,8
0.449,0.438,655440,0.476,0,0.255,6,0.0903,-12.558,0,57,0.0361,111.717,0.434,5
0.97,0.395,168373,0.18,0,0.7809999999999999,4,0.32299999999999995,-13.543,1,0,0.0467,78.762,0.33,7
0.625,0.536,364907,0.451,0,0.621,11,0.139,-15.475,0,26,0.0304,89.302,0.511,5
0.969,0.447,196840,0.155,0,0.00591,7,0.531,-16.823,1,9,0.0417,86.916,0.415,10
0.62,0.6759999999999999,207667,0.383,0,0.000529,6,0.0479,-11.461,1,27,0.0317,158.784,0.856,5
0.5770000000000001,0.664,142653,0.196,0,0.787,9,0.0616,-18.739,0,15,0.0462,115.657,0.4,6
0.177,0.425,193063,0.564,0,0.0,4,0.114,-9.193,0,26,0.0337,151.709,0.725,6
0.016,0.8220000000000001,242001,0.743,1,0.0,10,0.127,-4.772,0,92,0.28,84.459,0.636,0
0.0107,0.6729999999999999,194533,0.809,0,0.000825,11,0.0212,-5.28,0,38,0.0362,123.018,0.964,2
0.996,0.36,208827,0.22,0,0.871,0,0.134,-14.635,1,0,0.0428,69.597,0.5720000000000001,9
1.28e-05,0.493,258612,0.862,0,0.831,10,0.0485,-8.995,1,31,0.0424,157.825,0.773,4
0.0474,0.327,148227,0.599,0,0.00405,0,0.104,-11.608,1,22,0.0395,91.246,0.743,6
0.431,0.578,307333,0.481,0,0.00299,4,0.0951,-10.545,1,56,0.0317,129.881,0.5479999999999999,3
0.193,0.674,241933,0.539,0,0.0,10,0.12,-13.105,1,50,0.0367,91.996,0.935,4
0.441,0.361,441867,0.535,0,2.84e-05,10,0.491,-9.636,0,26,0.0354,138.634,0.29,5
0.873,0.612,124533,0.197,0,1.01e-06,2,0.109,-12.597,1,10,0.0288,105.045,0.226,7
0.7979999999999999,0.568,185800,0.387,0,0.0,5,0.214,-11.856,1,9,0.0257,95.098,0.696,6
0.757,0.496,204187,0.277,0,6.95e-06,0,0.0955,-15.883,1,23,0.0373,119.349,0.496,5
0.7809999999999999,0.609,320000,0.8059999999999999,0,0.611,11,0.244,-4.715,1,35,0.3670000000000001,121.923,0.961,2
0.963,0.741,205558,0.325,0,0.6559999999999999,5,0.122,-19.322,1,1,0.0646,136.349,0.936,9
0.733,0.631,291697,0.207,0,0.0,11,0.254,-19.485,0,0,0.96,82.71,0.51,9
0.461,0.29100000000000004,252865,0.232,0,8.09e-05,8,0.175,-13.025,1,0,0.0392,169.511,0.161,8
0.99,0.234,169067,0.0567,0,0.846,4,0.318,-16.53,1,23,0.0346,78.07600000000002,0.27,4
0.955,0.6629999999999999,179815,0.292,0,0.0,10,0.133,-8.01,0,0,0.0748,83.27600000000002,0.836,8
0.989,0.46,207480,0.0944,0,0.616,2,0.109,-19.093,0,0,0.0433,47.517,0.21600000000000005,7
0.995,0.314,137320,0.25,0,0.893,4,0.119,-17.909000000000006,0,21,0.039,146.958,0.925,7
0.0281,0.311,267573,0.835,0,0.0337,5,0.397,-9.012,1,19,0.0557,92.211,0.693,6
0.977,0.52,180933,0.118,0,0.00266,0,0.127,-17.976,1,12,0.057,71.054,0.484,6
0.918,0.7040000000000001,167267,0.395,0,0.617,7,0.224,-11.47,1,2,0.107,141.554,0.745,10
0.995,0.514,194351,0.0435,0,0.0777,0,0.0764,-14.186,1,3,0.0434,111.856,0.557,8
0.562,0.541,151133,0.608,0,0.0,0,0.314,-5.0939999999999985,1,6,0.123,155.497,0.901,7
0.337,0.7559999999999999,230107,0.618,0,0.000805,9,0.187,-9.006,1,47,0.0351,156.42700000000005,0.908,2
0.957,0.623,97176,0.235,0,0.0,0,0.195,-12.775,0,0,0.8859999999999999,172.925,0.593,9
0.994,0.489,179885,0.376,0,0.0792,6,0.462,-9.166,1,0,0.0897,113.219,0.7070000000000001,8
0.0318,0.75,366400,0.794,1,0.0,9,0.0829,-6.521,1,40,0.35100000000000003,177.785,0.579,3
0.564,0.595,315133,0.498,0,0.0137,2,0.107,-8.52,1,46,0.0522,122.809,0.624,5
0.297,0.753,301600,0.833,1,0.0,7,0.275,-4.259,1,54,0.29100000000000004,79.063,0.528,3
0.267,0.757,213486,0.602,0,0.00524,1,0.0718,-7.482,1,46,0.237,171.919,0.451,1
0.687,0.38,290853,0.23,0,0.0017399999999999998,7,0.177,-14.587,0,35,0.0263,134.143,0.0681,5
0.00662,0.345,634013,0.88,0,0.306,2,0.0498,-8.62,1,30,0.0349,110.979,0.609,5
0.6659999999999999,0.397,297107,0.634,0,0.0006799999999999999,7,0.134,-7.787000000000001,1,28,0.0343,179.516,0.61,5
0.0755,0.565,194027,0.579,0,0.0,9,0.0494,-12.35,1,33,0.0501,182.758,0.964,3
0.0354,0.6659999999999999,241240,0.721,1,0.0,10,0.122,-6.347,1,61,0.0318,115.039,0.342,1
0.794,0.453,232533,0.221,0,0.0,2,0.102,-13.192,1,61,0.045,82.199,0.459,5
0.035,0.6920000000000001,246160,0.446,0,0.0,7,0.138,-11.01,1,49,0.0316,115.03,0.532,3
0.29100000000000004,0.669,183333,0.403,0,0.000165,0,0.101,-16.349,0,21,0.0377,144.10299999999995,0.8059999999999999,5
0.921,0.5760000000000001,393347,0.25,0,0.0721,2,0.077,-10.747,1,41,0.0336,94.649,0.16,2
0.8029999999999999,0.365,842040,0.685,0,3.4200000000000005e-05,10,0.233,-7.928,0,22,0.0479,93.018,0.515,6
0.892,0.545,158933,0.602,0,0.78,10,0.0623,-13.709,1,13,0.0743,95.211,0.805,6
0.981,0.358,315040,0.332,0,1.01e-05,2,0.885,-12.744000000000002,0,0,0.0777,75.22,0.181,7
0.0582,0.596,173800,0.514,0,0.0,0,0.0805,-11.504,1,48,0.0287,130.553,0.964,6
0.173,0.769,239067,0.624,1,1.02e-06,1,0.378,-10.559,0,51,0.197,95.232,0.569,3
0.921,0.257,194040,0.0492,0,0.862,0,0.131,-25.527,1,50,0.0405,110.067,0.0469,2
0.979,0.75,171467,0.34600000000000003,0,0.83,9,0.332,-12.9,1,13,0.0414,92.718,0.924,8
0.825,0.593,210147,0.37,0,0.0,9,0.416,-7.616,1,31,0.0363,91.541,0.399,5
0.608,0.6709999999999999,233560,0.256,0,0.0,7,0.0737,-10.743,1,73,0.0387,115.871,0.6940000000000001,4
0.465,0.541,226493,0.354,0,5.26e-06,0,0.0999,-14.185,0,10,0.0326,94.254,0.733,7
0.898,0.284,233960,0.206,0,0.00634,6,0.335,-13.496,0,11,0.0349,115.626,0.247,6
0.00202,0.732,211920,0.7659999999999999,0,0.0,0,0.0701,-4.959,1,48,0.0348,119.956,0.785,1
0.929,0.523,208413,0.499,0,0.905,1,0.745,-13.63,1,8,0.051,139.442,0.473,7
0.0816,0.4270000000000001,159227,0.501,0,0.000311,2,0.509,-10.204,1,29,0.0287,93.678,0.659,6
0.863,0.519,201000,0.18,0,0.0,2,0.108,-16.123,1,17,0.0546,106.843,0.453,6
0.0494,0.6509999999999999,195760,0.741,0,0.00295,2,0.141,-9.765,1,28,0.031,134.862,0.6990000000000001,3
0.958,0.626,270884,0.142,0,1.81e-06,10,0.105,-17.197,1,40,0.0371,83.139,0.604,6
0.28300000000000003,0.276,290093,0.607,0,0.44,10,0.107,-8.089,1,54,0.0369,160.45,0.157,3
0.13699999999999998,0.555,227320,0.639,0,1.99e-05,2,0.0733,-6.8320000000000025,1,53,0.033,125.77,0.518,4
0.985,0.334,326933,0.0935,0,0.0215,8,0.0994,-15.242,0,47,0.0354,107.863,0.21,5
0.971,0.547,256773,0.145,0,0.00033,2,0.113,-12.175999999999998,1,44,0.0346,109.225,0.343,5
0.0354,0.71,223173,0.856,1,0.0,1,0.135,-5.69,0,35,0.414,120.263,0.81,2
0.0373,0.387,296840,0.875,0,0.0,2,0.152,-5.7410000000000005,1,56,0.0385,105.1,0.238,3
0.382,0.557,255120,0.57,0,0.0,6,0.1,-6.704,1,54,0.0256,141.921,0.403,1
0.981,0.524,197893,0.0325,0,1.4800000000000002e-05,0,0.0989,-13.361,1,4,0.0352,134.889,0.387,8
0.841,0.5720000000000001,293467,0.162,0,0.000241,7,0.479,-12.002,1,29,0.0557,81.357,0.268,7
0.92,0.104,211893,0.0468,0,0.893,7,0.123,-29.688,1,12,0.0537,77.036,0.0687,8
0.816,0.475,199307,0.8,0,0.517,11,0.327,-5.746,1,43,0.0418,115.426,0.355,2
0.978,0.507,447173,0.231,0,0.897,0,0.129,-9.991,0,20,0.033,117.072,0.333,7
0.992,0.355,257867,0.0685,0,0.8370000000000001,10,0.177,-23.821,0,0,0.036000000000000004,73.189,0.0594,8
0.995,0.384,116529,0.423,0,0.917,11,0.226,-8.616,1,0,0.0629,74.882,0.399,8
0.0127,0.445,318227,0.768,0,2.58e-06,4,0.0925,-8.836,1,57,0.0347,112.796,0.32,4
8.109999999999999e-05,0.32,378933,0.872,0,0.7559999999999999,1,0.163,-9.115,0,32,0.0726,131.61700000000002,0.461,3
0.401,0.364,303293,0.266,0,0.00128,5,0.202,-16.351,1,42,0.0311,112.86,0.127,5
0.992,0.171,158067,0.239,0,0.923,3,0.193,-19.1,1,0,0.0404,165.162,0.423,10
0.914,0.252,663000,0.383,0,0.897,4,0.111,-13.56,1,12,0.0441,85.24,0.222,6
0.992,0.684,185527,0.0696,0,1.27e-05,8,0.16399999999999998,-16.798,1,7,0.381,96.414,0.226,9
0.528,0.458,181493,0.514,0,0.0,11,0.185,-12.644,1,48,0.0603,166.523,0.603,6
0.996,0.478,247360,0.404,0,0.76,2,0.114,-9.466,1,0,0.0401,117.94,0.696,9
0.338,0.365,331333,0.585,0,0.0,3,0.679,-7.157,1,39,0.0645,135.861,0.28,3
0.833,0.537,156227,0.174,0,0.0,5,0.155,-10.505999999999998,1,24,0.0276,97.446,0.541,7
0.173,0.66,220693,0.556,0,0.000356,7,0.424,-12.698,0,28,0.0577,102.898,0.795,5
0.0732,0.899,141853,0.498,1,0.204,1,0.0941,-15.371,1,0,0.096,129.963,0.109,10
0.00053,0.306,162400,0.912,0,0.000262,2,0.29100000000000004,-13.105,1,25,0.058,150.197,0.335,4
0.00232,0.451,183133,0.84,0,0.338,2,0.383,-12.682,1,22,0.044,153.106,0.809,4
0.993,0.518,179400,0.14800000000000002,0,0.931,3,0.107,-21.909,1,0,0.0454,100.403,0.835,8
0.863,0.0923,123973,0.21,0,0.005679999999999999,4,0.128,-18.572,1,8,0.0425,69.377,0.194,7
0.828,0.135,141467,0.224,0,0.8540000000000001,5,0.139,-16.747,1,0,0.0357,74.16,0.0778,9
0.205,0.7240000000000001,257067,0.275,0,0.0001,9,0.0935,-11.332,1,42,0.0354,79.944,0.653,2
0.526,0.738,245773,0.362,0,1.04e-05,7,0.147,-14.694,1,29,0.0326,111.068,0.6729999999999999,4
0.187,0.6609999999999999,247227,0.598,0,0.0,3,0.0605,-6.9670000000000005,1,46,0.0359,151.53799999999995,0.653,4
0.006640000000000001,0.326,521787,0.934,0,0.701,2,0.0749,-8.263,0,24,0.0704,143.457,0.133,4
0.00161,0.444,273800,0.471,0,0.0017,10,0.14,-9.107,1,66,0.0322,76.335,0.205,3
0.26,0.5589999999999999,126133,0.601,0,0.0121,3,0.122,-9.528,1,54,0.0464,114.08,0.604,2
0.14400000000000002,0.335,357293,0.588,0,1.44e-06,9,0.119,-12.51,1,37,0.0729,193.792,0.0741,3
0.248,0.802,163320,0.7709999999999999,0,0.0,5,0.213,-3.466,0,52,0.105,114.998,0.964,1
0.142,0.4270000000000001,201640,0.426,0,0.0,7,0.365,-13.498,1,42,0.0296,92.824,0.598,5
0.858,0.133,142333,0.338,0,0.004229999999999999,11,0.436,-9.563,1,21,0.0333,58.35,0.244,6
0.753,0.85,190360,0.472,0,0.000964,10,0.0998,-11.447,1,39,0.242,144.328,0.737,5
0.165,0.345,408161,0.181,0,0.5920000000000001,8,0.0782,-12.983,1,0,0.0761,143.00799999999995,0.159,9
0.444,0.655,245293,0.433,0,0.0,5,0.221,-7.577000000000001,0,51,0.0348,130.127,0.199,2
0.0723,0.617,156107,0.752,0,7.1e-06,2,0.202,-5.6670000000000025,1,27,0.0241,104.791,0.809,4
0.179,0.599,265773,0.488,0,0.005229999999999999,0,0.13699999999999998,-8.046,0,51,0.0297,128.534,0.353,2
0.38,0.7659999999999999,233467,0.457,0,0.14,1,0.07,-17.815,1,27,0.0331,137.686,0.721,5
0.916,0.306,132267,0.014,0,1.0800000000000003e-05,3,0.14400000000000002,-20.156,0,8,0.0359,96.939,0.238,7
0.383,0.476,134600,0.299,0,0.752,2,0.0878,-17.997,1,54,0.131,119.487,0.384,1
0.319,0.7759999999999999,240093,0.589,1,0.0,9,0.0715,-4.543,0,63,0.115,120.034,0.6679999999999999,1
0.932,0.34600000000000003,135576,0.602,0,0.944,10,0.0814,-8.537,0,0,0.0261,83.63600000000002,0.3670000000000001,9
0.762,0.825,168777,0.8320000000000001,0,0.0,10,0.0565,-6.1179999999999986,1,34,0.0508,112.974,0.968,3
0.0914,0.6890000000000001,145786,0.452,0,0.0,0,0.17800000000000002,-6.865,1,41,0.0413,100.28,0.366,3
0.0623,0.69,136147,0.6809999999999999,1,0.0,9,0.13699999999999998,-5.653,1,66,0.0379,75.03399999999998,0.911,3
0.7490000000000001,0.635,120507,0.397,0,0.0,7,0.212,-12.288,1,31,0.0396,120.156,0.963,6
0.517,0.642,217867,0.647,1,0.0,7,0.0649,-6.312,0,73,0.428,120.749,0.664,1
0.995,0.569,185017,0.279,0,0.0144,10,0.127,-13.129,0,0,0.0723,167.27,0.609,7
0.000547,0.494,280360,0.981,0,0.00131,8,0.133,-4.097,0,43,0.134,106.821,0.353,3
0.995,0.452,229360,0.0916,0,0.905,6,0.0621,-21.765,0,5,0.0543,70.166,0.49,7
0.987,0.338,123413,0.122,0,0.0,3,0.101,-14.89,1,2,0.0439,77.759,0.214,7
0.00353,0.779,205627,0.636,0,0.0,5,0.428,-14.343,0,30,0.0676,108.641,0.64,4
0.446,0.514,132453,0.733,0,2.39e-06,6,0.112,-9.403,1,9,0.145,184.637,0.901,6
0.153,0.602,287133,0.6940000000000001,0,0.000207,0,0.16399999999999998,-11.337,1,55,0.0313,103.105,0.619,4
0.409,0.355,346333,0.447,0,0.0015,7,0.0761,-11.647,0,29,0.0385,127.691,0.315,3
0.993,0.3720000000000001,193240,0.459,0,0.0215,2,0.319,-9.394,0,0,0.0346,109.245,0.6,9
0.963,0.514,178600,0.0995,0,0.0,7,0.109,-11.363,0,3,0.0325,71.188,0.362,8
0.777,0.557,196360,0.1,0,4.53e-05,5,0.141,-23.065,1,33,0.264,80.085,0.366,3
0.345,0.63,198493,0.4370000000000001,0,2.1e-06,9,0.142,-13.467,1,31,0.0435,92.064,0.506,4
0.993,0.477,177697,0.0364,0,0.95,0,0.128,-25.996,0,18,0.0416,135.954,0.0944,7
0.0792,0.6559999999999999,156200,0.83,0,0.000957,7,0.376,-6.297999999999999,1,32,0.0402,132.907,0.7859999999999999,3
0.994,0.6679999999999999,121853,0.226,0,0.0802,8,0.141,-21.58,1,0,0.191,57.236,0.877,9
0.98,0.55,189867,0.252,0,0.0015,11,0.12,-12.014,1,0,0.0468,71.587,0.6629999999999999,8
0.983,0.37,192507,0.13,0,0.917,1,0.119,-17.035999999999998,1,49,0.0293,73.822,0.0376,3
0.246,0.792,406400,0.249,0,0.000146,0,0.158,-14.949000000000002,1,22,0.0441,126.999,0.731,5
0.401,0.622,591893,0.339,0,0.0,10,0.219,-16.904,0,21,0.952,79.778,0.68,9
0.995,0.813,199808,0.268,0,0.297,10,0.236,-7.865,1,0,0.197,72.15100000000002,0.828,8
0.0103,0.6829999999999999,277520,0.845,0,0.000108,10,0.345,-6.17,0,47,0.051,119.966,0.8740000000000001,1
0.995,0.382,200080,0.104,0,0.934,7,0.145,-27.356,1,1,0.0473,182.308,0.687,8
0.831,0.708,149053,0.441,0,0.0166,0,0.329,-8.927999999999997,0,14,0.147,118.538,0.593,6
0.722,0.379,252666,0.276,0,0.762,9,0.0916,-13.775,0,29,0.0292,81.49,0.203,5
0.17,0.778,282653,0.613,0,2.56e-06,10,0.102,-9.897,0,64,0.0488,120.005,0.853,3
0.973,0.302,272000,0.0392,0,0.00392,5,0.107,-27.763,1,22,0.0355,107.471,0.114,6
0.6679999999999999,0.4970000000000001,161820,0.35700000000000004,0,0.0,5,0.0467,-9.9,1,38,0.0998,188.023,0.967,3
0.539,0.618,256933,0.256,0,0.102,7,0.122,-14.912,1,20,0.0333,85.115,0.317,5
0.8440000000000001,0.241,250984,0.3670000000000001,0,0.00279,7,0.0873,-7.95,1,66,0.0311,135.267,0.302,3
0.767,0.336,135600,0.297,0,0.0333,10,0.195,-13.036,1,46,0.0328,72.57600000000002,0.563,5
0.000262,0.5820000000000001,229707,0.8909999999999999,0,6.07e-05,11,0.17600000000000002,-6.073,0,33,0.121,94.416,0.32299999999999995,4
0.0835,0.589,300320,0.51,0,0.392,0,0.117,-9.691,1,40,0.0386,119.903,0.217,3
0.448,0.388,263667,0.501,0,0.0252,1,0.111,-8.148,1,32,0.0347,133.268,0.131,5
0.00458,0.371,220173,0.975,0,0.0325,7,0.956,-7.479,1,24,0.0704,149.82399999999996,0.35600000000000004,4
0.243,0.7609999999999999,237093,0.389,0,0.0,6,0.316,-14.876,0,35,0.0438,125.694,0.871,4
0.284,0.5660000000000001,263293,0.799,0,0.213,5,0.662,-8.267000000000001,1,22,0.0463,125.991,0.797,5
0.502,0.417,164747,0.696,0,0.0,5,0.16399999999999998,-8.478,1,37,0.0391,90.411,0.961,5
0.0258,0.4270000000000001,78987,0.903,0,0.805,0,0.113,-8.804,0,40,0.0488,158.428,0.188,3
0.5,0.524,149867,0.443,0,0.0,7,0.0855,-9.291,1,31,0.0331,116.79,0.599,6
0.986,0.711,170000,0.315,0,0.915,0,0.13699999999999998,-11.234000000000002,1,0,0.119,115.69,0.8320000000000001,10
0.00225,0.687,229439,0.871,0,0.00708,0,0.134,-5.5310000000000015,1,62,0.0689,115.0,0.539,1
0.6729999999999999,0.625,244760,0.434,0,0.00979,3,0.377,-15.223,1,24,0.0369,84.84200000000001,0.629,5
0.203,0.6659999999999999,243920,0.87,0,0.0,11,0.0851,-5.004,0,66,0.246,160.014,0.9,1
0.5770000000000001,0.379,248347,0.276,0,0.0,0,0.0842,-9.951,1,45,0.0318,123.792,0.231,4
0.996,0.698,169600,0.359,0,0.954,1,0.359,-14.108,1,0,0.0765,124.166,0.69,10
0.223,0.511,205240,0.8490000000000001,0,0.128,7,0.8809999999999999,-7.387,1,29,0.0356,111.391,0.743,5
0.295,0.679,584133,0.875,0,8.99e-06,7,0.959,-6.091,1,25,0.0479,107.501,0.857,4
0.863,0.386,159240,0.317,0,0.00157,4,0.226,-11.547,0,0,0.06,108.161,0.25,7
0.00141,0.358,228747,0.947,0,0.964,7,0.145,-5.102,1,64,0.0932,87.508,0.35700000000000004,1
0.17600000000000002,0.591,179280,0.716,0,1.75e-05,4,0.905,-11.300999999999998,1,32,0.097,121.705,0.638,5
0.993,0.0,100947,0.00834,0,0.936,1,0.195,-23.201,1,51,0.0,0.0,0.0,2
0.887,0.5429999999999999,169173,0.5479999999999999,0,0.222,5,0.128,-5.441,1,1,0.0574,197.887,0.606,8
0.996,0.6509999999999999,166280,0.151,0,0.913,1,0.13,-11.151,0,0,0.12,112.02,0.379,10
0.449,0.354,149040,0.472,0,0.0,5,0.28,-13.215,0,50,0.0464,96.026,0.541,6
0.863,0.645,147533,0.317,0,0.0,2,0.159,-14.589,1,33,0.042,96.834,0.723,5
0.944,0.562,190467,0.237,0,2.57e-05,5,0.0807,-10.53,1,3,0.0599,113.994,0.551,9
0.511,0.7340000000000001,266173,0.7879999999999999,0,0.0774,1,0.326,-7.3610000000000015,0,49,0.0462,108.325,0.779,4
0.322,0.383,162773,0.359,0,0.000531,0,0.163,-12.709,1,27,0.0305,109.048,0.6,3
0.937,0.414,218733,0.235,0,2.92e-06,11,0.103,-14.427,1,28,0.0494,90.616,0.246,4
0.101,0.54,418600,0.36,0,4.18e-05,2,0.116,-11.055,1,50,0.026,146.46,0.383,2
0.025,0.636,252467,0.6890000000000001,0,0.000343,4,0.16,-11.171,0,32,0.0417,98.764,0.5529999999999999,4
0.0402,0.459,179067,0.753,0,0.0,10,0.0863,-3.827,1,48,0.0537,199.997,0.483,2
0.488,0.863,295917,0.628,1,0.0,1,0.635,-7.615,1,50,0.38,124.912,0.393,1
0.967,0.251,127080,0.304,0,0.8959999999999999,1,0.105,-16.227999999999998,0,32,0.0352,166.953,0.439,8
0.00619,0.489,164480,0.915,0,0.0,4,0.667,-3.664,1,43,0.149,150.02,0.581,2
0.00012,0.122,132667,0.917,0,0.908,9,0.38,-3.28,1,45,0.0738,179.792,0.35100000000000003,5
1.04e-05,0.233,122000,0.863,0,0.0017399999999999998,10,0.0337,-10.656,1,30,0.0769,168.058,0.389,4
0.376,0.579,224107,0.322,0,0.000236,9,0.17600000000000002,-15.215,1,23,0.125,137.65200000000002,0.458,5
0.00192,0.513,269400,0.82,0,2.83e-06,7,0.504,-5.428,1,57,0.0299,99.952,0.52,2
0.994,0.401,163253,0.389,0,0.947,6,0.562,-13.121,1,0,0.0509,67.9,0.763,8
0.203,0.657,314920,0.319,0,0.0,6,0.236,-18.479,1,13,0.958,77.42399999999998,0.706,9
0.251,0.513,149880,0.396,0,0.177,7,0.11,-13.061,1,74,0.0299,140.208,0.229,5
0.953,0.56,146560,0.35200000000000004,0,1.4e-05,10,0.16699999999999998,-13.576,0,0,0.254,120.671,0.7140000000000001,7
0.0643,0.298,340800,0.634,0,0.000575,2,0.225,-8.894,1,28,0.0321,83.274,0.438,3
0.464,0.81,195307,0.862,0,0.0,9,0.122,-4.217,1,43,0.0316,100.623,0.977,2
0.52,0.664,253627,0.396,0,0.0,5,0.268,-9.131,0,60,0.0298,102.053,0.453,3
0.0605,0.721,162920,0.779,0,0.377,2,0.333,-9.073,1,63,0.0305,110.498,0.79,1
0.0345,0.644,247360,0.5920000000000001,0,0.00102,2,0.119,-7.519,0,47,0.0278,145.918,0.726,2
0.985,0.266,387920,0.0966,0,0.919,4,0.0921,-22.489,1,11,0.0398,84.292,0.052000000000000005,9
0.847,0.735,118360,0.0493,0,0.00596,0,0.0651,-24.412,0,0,0.106,117.732,0.654,7
0.234,0.281,158080,0.705,0,0.0,7,0.366,-7.64,1,35,0.0367,109.901,0.443,3
0.897,0.301,658440,0.105,0,0.0215,5,0.117,-19.851,1,29,0.046,102.514,0.264,3
0.934,0.41,386160,0.247,0,0.8959999999999999,3,0.118,-17.206,1,0,0.0361,77.01899999999998,0.569,8
0.506,0.705,141933,0.8029999999999999,0,0.0,11,0.339,-2.3080000000000003,1,34,0.0638,157.983,0.938,3
0.6679999999999999,0.525,141747,0.665,0,0.0,3,0.116,-8.113999999999999,1,25,0.0444,133.87,0.725,5
0.08199999999999999,0.5539999999999999,242840,0.314,0,0.0186,2,0.122,-14.713,1,35,0.0304,112.787,0.5770000000000001,6
0.0175,0.711,217627,0.62,0,0.0,11,0.134,-10.174,0,63,0.212,179.817,0.805,3
0.996,0.498,237067,0.0688,0,0.933,5,0.0956,-20.58,0,8,0.0371,85.514,0.127,7
0.7829999999999999,0.594,186200,0.168,0,1.05e-05,9,0.203,-13.677,1,1,0.0368,121.66,0.611,7
0.936,0.532,228693,0.442,0,0.23,2,0.133,-12.937,0,29,0.0322,109.965,0.76,5
0.415,0.6459999999999999,187733,0.354,0,0.0,0,0.333,-9.958,1,1,0.43,141.779,0.893,8
0.748,0.469,329107,0.223,0,0.0355,8,0.289,-18.557,1,38,0.0341,118.355,0.488,5
0.987,0.518,203729,0.126,0,0.000325,9,0.0928,-18.488,1,0,0.0418,116.72,0.516,8
0.846,0.536,218507,0.141,0,0.00103,11,0.105,-19.447,0,26,0.0389,121.815,0.277,5
0.0152,0.619,225627,0.579,0,6.4e-05,4,0.0858,-9.307,1,71,0.0473,127.224,0.69,5
0.132,0.603,216893,0.873,0,0.00194,7,0.111,-3.649,1,27,0.0561,149.614,0.591,4
0.799,0.473,192333,0.556,0,0.006999999999999999,2,0.3720000000000001,-6.733,1,0,0.0389,110.992,0.775,8
0.501,0.631,109133,0.304,0,1.29e-06,0,0.4370000000000001,-15.066,1,22,0.0476,100.896,0.371,6
0.64,0.61,116573,0.529,0,0.0,11,0.0636,-6.488,1,12,0.0399,106.862,0.936,6
0.203,0.209,330000,0.529,0,8.69e-06,0,0.134,-14.907,1,21,0.08900000000000001,162.19899999999996,0.268,5
0.983,0.61,80091,0.515,0,9.69e-06,7,0.823,-9.167,1,0,0.17,122.138,0.789,9
0.8029999999999999,0.545,316892,0.221,0,0.0,7,0.217,-22.769,1,0,0.928,102.602,0.121,7
0.971,0.682,203693,0.217,0,0.0,6,0.135,-10.944,1,0,0.0933,102.766,0.652,8
0.961,0.412,141227,0.211,0,0.00036,5,0.0538,-12.269,1,0,0.0362,116.388,0.292,8
0.00232,0.463,457267,0.677,0,0.000308,1,0.35200000000000004,-6.19,1,39,0.0273,130.893,0.156,3
0.198,0.727,298907,0.945,0,0.00178,7,0.16,-10.585,0,33,0.0461,121.225,0.598,4
0.006840000000000001,0.599,289907,0.8370000000000001,0,6.929999999999999e-05,5,0.104,-4.045,0,46,0.0394,104.457,0.561,3
0.334,0.792,240533,0.41,0,2.19e-05,5,0.106,-10.141,1,63,0.0492,112.043,0.561,1
0.00234,0.504,201027,0.915,0,0.0,0,0.138,-2.6260000000000003,1,39,0.0364,137.129,0.59,3
0.767,0.73,154372,0.682,0,0.00604,8,0.262,-9.961,1,9,0.139,136.46,0.955,8
0.316,0.529,218733,0.742,0,0.0,3,0.109,-7.845,1,25,0.0333,145.314,0.701,6
0.601,0.7340000000000001,180227,0.536,0,0.0,11,0.1,-4.686,1,40,0.0318,114.036,0.591,3
0.267,0.6990000000000001,247613,0.579,0,0.00602,1,0.452,-6.504,1,66,0.0416,109.948,0.128,1
0.967,0.407,138627,0.263,0,3.23e-06,6,0.359,-11.376,0,10,0.0359,105.388,0.358,7
0.0626,0.711,167038,0.882,0,0.0,0,0.226,-4.276,1,63,0.0576,106.017,0.56,1
0.959,0.535,284867,0.3,0,0.846,0,0.0743,-20.692,1,9,0.0444,112.612,0.363,7
0.269,0.457,215987,0.556,0,0.000302,5,0.112,-9.588,1,42,0.184,170.827,0.615,5
0.879,0.5820000000000001,208507,0.345,0,0.0,2,0.215,-8.372,0,49,0.0334,120.067,0.326,2
0.342,0.528,296133,0.5720000000000001,0,0.846,4,0.147,-11.804,0,27,0.0373,113.81,0.038,4
0.486,0.434,109667,0.614,0,0.000196,6,0.394,-8.334,1,36,0.0525,147.681,0.787,5
0.454,0.508,285907,0.66,0,8.73e-06,11,0.69,-13.76,0,28,0.0374,121.191,0.745,3
0.152,0.7490000000000001,227853,0.5539999999999999,0,6.57e-06,2,0.0892,-8.87,1,31,0.0269,90.65,0.7070000000000001,4
0.667,0.435,211871,0.5660000000000001,0,0.00701,5,0.131,-7.033,0,42,0.033,138.05200000000002,0.7559999999999999,7
0.0549,0.368,250533,0.7120000000000001,0,2.37e-06,2,0.056,-10.186,1,38,0.0639,159.767,0.848,3
0.77,0.565,273133,0.782,0,0.000223,5,0.204,-3.77,0,33,0.173,124.684,0.872,5
0.987,0.408,208453,0.305,0,0.508,6,0.317,-13.53,0,16,0.0435,141.04,0.911,6
0.747,0.669,191307,0.451,0,0.0,8,0.168,-11.446,1,22,0.0321,111.284,0.541,6
0.987,0.301,88133,0.104,0,0.000125,7,0.292,-24.494,1,0,0.0461,84.65799999999999,0.254,7
0.317,0.904,216173,0.63,0,0.0,6,0.0962,-6.291,0,39,0.294,94.953,0.526,3
0.975,0.487,191769,0.238,0,0.8590000000000001,6,0.212,-14.105,1,0,0.0682,124.408,0.64,8
0.946,0.68,151333,0.224,0,4.91e-05,7,0.289,-11.861,0,0,0.128,78.165,0.828,9
0.907,0.336,138867,0.332,0,0.0,2,0.308,-12.923,1,0,0.0329,88.24700000000001,0.4320000000000001,9
0.273,0.455,248827,0.878,1,7.67e-06,9,0.345,-8.467,1,23,0.0453,136.92700000000002,0.374,5
0.986,0.536,208960,0.08199999999999999,0,0.132,1,0.14300000000000002,-18.043,1,9,0.0454,93.224,0.652,7
0.901,0.542,191040,0.3720000000000001,0,0.8690000000000001,5,0.0782,-13.129,1,0,0.0501,180.497,0.921,9
0.755,0.642,286213,0.39,0,0.0,10,0.119,-10.482,0,0,0.0568,143.26,0.877,7
0.00917,0.366,156240,0.975,0,0.000418,4,0.224,-5.468,1,32,0.058,110.768,0.345,4
0.304,0.78,149987,0.493,0,0.00247,0,0.152,-10.447,1,32,0.0288,94.647,0.638,5
0.008759999999999999,0.35,327947,0.792,1,0.0249,7,0.0661,-8.214,1,55,0.0951,138.38,0.156,3
0.915,0.361,335933,0.166,0,0.8590000000000001,0,0.7809999999999999,-17.074,0,14,0.0611,62.172,0.28800000000000003,7
0.0798,0.8740000000000001,265373,0.45,0,9.11e-05,7,0.0722,-10.525,1,61,0.0685,94.861,0.619,3
0.0004980000000000001,0.314,233867,0.946,0,0.0,7,0.187,-4.732,1,44,0.119,152.179,0.312,2
0.253,0.586,247880,0.762,0,0.0,11,0.109,-4.055,1,45,0.0263,114.067,0.59,2
0.207,0.705,212000,0.898,0,0.00118,5,0.7020000000000001,-6.371,0,65,0.0702,136.282,0.657,1
0.339,0.541,200800,0.855,0,1.8e-06,9,0.0821,-7.058,1,42,0.0625,141.142,0.82,4
0.312,0.452,153133,0.889,0,0.8,4,0.5579999999999999,-3.838,1,60,0.0379,145.056,0.591,2
0.0397,0.634,361173,0.67,0,1.04e-06,9,0.119,-8.204,1,44,0.0498,120.068,0.6809999999999999,3
0.0579,0.89,220467,0.667,1,2.97e-05,2,0.108,-6.862,1,63,0.0521,105.099,0.522,1
0.988,0.415,220307,0.175,0,7.13e-06,9,0.6629999999999999,-16.677,1,0,0.0769,79.891,0.302,7
0.0135,0.5379999999999999,230907,0.884,0,2.08e-06,2,0.0947,-4.364,1,53,0.0441,92.999,0.426,1
0.636,0.542,256350,0.6679999999999999,0,0.0,7,0.0334,-4.507,0,28,0.0432,169.78400000000005,0.964,5
0.121,0.359,258067,0.696,0,0.0,10,0.14400000000000002,-6.045,1,44,0.0473,152.82,0.552,2
0.958,0.464,138400,0.197,0,5.07e-05,1,0.103,-12.758,1,7,0.036000000000000004,53.57100000000001,0.155,8
0.8009999999999999,0.665,368747,0.359,0,0.106,1,0.145,-8.887,1,41,0.0326,111.639,0.4,3
0.995,0.5489999999999999,189420,0.18600000000000005,0,0.868,11,0.107,-14.583,1,0,0.102,137.595,0.8079999999999999,8
0.7290000000000001,0.484,251093,0.438,0,0.0683,2,0.0524,-10.011,1,31,0.0422,171.204,0.79,7
0.506,0.459,245600,0.377,0,0.0204,5,0.123,-13.658,1,36,0.0364,116.697,0.28800000000000003,5
0.687,0.516,153493,0.307,0,0.0,7,0.248,-15.11,1,11,0.0371,132.506,0.8079999999999999,8
0.723,0.521,172480,0.516,0,0.0,2,0.257,-7.456,0,59,0.0369,136.483,0.569,2
0.7759999999999999,0.7909999999999999,349280,0.677,0,0.00121,5,0.224,-9.724,1,65,0.0356,110.64,0.8759999999999999,4
0.394,0.613,311933,0.645,0,0.000321,4,0.34,-8.978,1,22,0.0393,92.006,0.669,5
0.0981,0.519,356000,0.415,0,0.000672,0,0.227,-13.78,0,22,0.0305,147.41899999999995,0.644,5
0.64,0.551,214570,0.239,0,0.0,2,0.0823,-13.793,1,30,0.0336,105.063,0.125,4
0.111,0.691,180575,0.7859999999999999,0,6.7e-05,11,0.239,-5.947,0,53,0.0503,164.12599999999995,0.632,1
0.922,0.696,251147,0.335,0,0.8859999999999999,7,0.135,-13.614,0,11,0.0349,105.713,0.277,6
0.963,0.606,179867,0.188,0,9.54e-06,10,0.1,-11.195,1,14,0.0413,93.309,0.486,9
0.484,0.648,178280,0.743,0,0.823,2,0.145,-9.902,0,56,0.0359,107.68,0.527,5
0.375,0.8190000000000001,155933,0.29,0,0.0155,2,0.0966,-15.317,0,18,0.0357,101.776,0.873,6
0.519,0.277,323947,0.501,0,0.609,9,0.124,-11.95,0,44,0.0374,146.263,0.343,5
0.455,0.629,443667,0.759,0,0.0,10,0.18,-9.788,0,32,0.124,106.553,0.491,5
0.341,0.407,258667,0.431,0,2.82e-06,0,0.105,-13.235,1,25,0.0258,164.299,0.358,4
0.682,0.4270000000000001,142400,0.411,0,0.41,1,0.133,-13.82,1,14,0.0645,88.508,0.625,7
0.6579999999999999,0.691,112700,0.259,0,0.0,0,0.126,-21.684,1,0,0.944,102.94,0.725,9
0.341,0.448,267173,0.475,0,0.0,7,0.753,-11.307,1,44,0.0375,131.261,0.375,2
0.912,0.61,162373,0.229,0,0.0,4,0.104,-12.305,0,36,0.0332,140.928,0.434,4
0.611,0.569,280627,0.414,0,0.000243,7,0.0499,-19.175,1,39,0.248,166.868,0.642,5
0.746,0.423,183856,0.12,0,0.182,7,0.109,-19.038,0,36,0.0364,89.63,0.253,6
0.99,0.189,362354,0.0343,0,0.926,9,0.0957,-27.421,0,53,0.0414,100.968,0.0416,1
0.194,0.593,230147,0.608,0,1.66e-06,9,0.219,-8.378,1,32,0.0344,121.364,0.525,5
0.00999,0.625,156293,0.797,0,0.0,7,0.212,-5.09,1,43,0.034,96.008,0.378,1
0.5539999999999999,0.716,200600,0.519,0,0.0,7,0.0993,-7.472,1,67,0.0554,87.963,0.466,1
0.0641,0.315,239067,0.391,0,0.0,10,0.292,-16.064,1,46,0.0407,83.16,0.5529999999999999,2
0.696,0.71,93880,0.321,0,0.0,2,0.196,-16.307000000000002,0,30,0.0523,95.633,0.816,6
0.151,0.777,262707,0.84,0,1.24e-06,7,0.249,-4.384,1,61,0.08199999999999999,97.979,0.804,1
0.897,0.601,407133,0.256,0,0.371,9,0.662,-13.706,0,0,0.0589,79.244,0.655,8
0.0781,0.612,294600,0.542,0,0.0,5,0.0763,-7.563,1,38,0.0264,76.744,0.433,3
0.474,0.325,221227,0.594,0,0.00441,0,0.0663,-12.992,1,37,0.0609,174.07299999999995,0.5,5
0.926,0.5870000000000001,314800,0.198,0,0.904,0,0.618,-18.515,1,17,0.0458,142.523,0.349,7
0.995,0.5760000000000001,183347,0.0791,0,0.888,10,0.107,-21.118,1,0,0.203,169.34099999999995,0.6679999999999999,8
0.679,0.5770000000000001,394467,0.295,0,0.000944,1,0.0974,-13.308,1,22,0.0404,146.719,0.61,6
0.4,0.759,118080,0.897,0,0.00117,0,0.0861,-8.12,1,25,0.0401,146.683,0.962,7
