0.994,0.4270000000000001,319520,0.0342,0,0.899,0,0.103,-23.595,1,8,0.0641,133.319,0.256,8
0.0902,0.43,183219,0.7,1,0.0,6,0.21600000000000005,-5.35,1,86,0.264,158.373,0.731,0
0.0766,0.602,198933,0.6459999999999999,0,1.03e-05,2,0.237,-8.323,1,27,0.0273,94.212,0.7340000000000001,6
0.464,0.665,96400,0.16899999999999998,1,0.0,0,0.136,-15.355,1,0,0.889,91.777,0.685,9
0.703,0.657,103960,0.4320000000000001,0,1.91e-06,1,0.0873,-14.027,0,22,0.0679,141.227,0.758,5
8.12e-06,0.242,442733,0.998,0,0.88,3,0.284,-5.64,0,59,0.0895,114.831,0.18,2
0.613,0.532,550189,0.3720000000000001,0,0.0019,8,0.32,-13.911,1,29,0.0408,123.322,0.7829999999999999,7
0.036000000000000004,0.376,175427,0.718,0,0.755,9,0.126,-8.611,0,22,0.0468,118.66,0.728,4
0.276,0.37,207827,0.562,0,0.000214,9,0.108,-6.801,1,23,0.0278,168.104,0.516,5
0.7190000000000001,0.366,522933,0.635,0,0.000629,8,0.389,-12.321,1,58,0.0549,77.529,0.396,3
2.05e-05,0.214,206560,0.945,0,7.01e-05,4,0.381,-6.022,0,44,0.114,78.494,0.252,2
0.8590000000000001,0.659,79027,0.182,0,0.909,9,0.109,-24.522,0,3,0.0471,67.366,0.6940000000000001,7
0.993,0.172,197000,0.0223,0,0.937,2,0.0959,-30.281,1,68,0.0395,71.37899999999998,0.0381,1
0.00177,0.491,179987,0.87,0,0.0,2,0.517,-5.31,1,54,0.136,163.268,0.532,2
0.055,0.612,254499,0.918,0,0.028,9,0.183,-6.0520000000000005,0,30,0.0337,101.531,0.8390000000000001,4
0.7809999999999999,0.171,487000,0.152,0,0.863,0,0.32,-18.581,0,10,0.038,125.401,0.0514,6
0.141,0.42,218000,0.512,0,0.00493,7,0.0848,-14.296,1,45,0.0367,171.237,0.654,3
0.8590000000000001,0.71,151373,0.287,0,7.170000000000001e-05,7,0.575,-14.646,1,6,0.0641,78.814,0.767,7
0.0564,0.618,210160,0.79,0,0.238,3,0.253,-8.802,1,40,0.0308,121.114,0.688,4
0.8390000000000001,0.43,224067,0.202,0,0.00106,4,0.133,-15.892,1,47,0.0289,139.144,0.134,4
0.0442,0.696,279547,0.6409999999999999,0,0.0271,9,0.302,-8.633,1,43,0.0309,126.97,0.7490000000000001,5
0.405,0.679,178827,0.728,0,0.0026100000000000003,8,0.0506,-9.539,1,62,0.0378,109.623,0.852,5
0.404,0.59,164160,0.737,0,0.0,7,0.108,-5.867000000000001,1,65,0.0384,132.966,0.877,6
0.158,0.748,225960,0.747,0,0.000478,5,0.0642,-10.852,1,35,0.051,115.708,0.77,3
0.99,0.304,199067,0.0143,0,0.938,8,0.106,-30.75,1,44,0.0404,148.583,0.126,3
0.995,0.464,189413,0.0145,0,0.917,8,0.142,-27.517,1,0,0.0408,64.851,0.061,8
0.491,0.672,164307,0.552,0,1.26e-05,2,0.0839,-6.3,1,46,0.0397,186.79,0.851,2
0.00839,0.664,190718,0.828,1,0.0,0,0.294,-6.053,1,71,0.0404,103.985,0.82,0
0.0289,0.4320000000000001,503240,0.524,0,0.0,4,0.682,-8.721,1,71,0.0321,135.95600000000002,0.183,1
0.0378,0.353,240733,0.464,0,0.000969,7,0.0944,-8.543,1,51,0.0272,144.222,0.14800000000000002,3
0.965,0.16699999999999998,538919,0.0658,0,0.465,3,0.13,-27.945,1,0,0.045,70.913,0.14400000000000002,7
0.0143,0.545,196733,0.621,0,0.0,4,0.196,-16.257,1,23,0.0329,130.606,0.825,4
0.225,0.94,191739,0.435,0,0.000669,9,0.0366,-10.849,1,0,0.294,113.891,0.7040000000000001,8
0.7559999999999999,0.29100000000000004,228107,0.368,0,7.84e-06,0,0.107,-13.472,1,32,0.0323,79.059,0.419,4
0.631,0.69,306457,0.215,0,0.0,1,0.19,-18.181,1,0,0.955,103.373,0.382,9
0.8190000000000001,0.736,205333,0.6729999999999999,0,0.000225,5,0.0895,-4.952,1,37,0.0523,97.932,0.907,2
0.000692,0.364,234140,0.828,0,0.00672,11,0.156,-8.665,0,26,0.0483,125.228,0.6709999999999999,4
0.0679,0.6579999999999999,174493,0.94,0,0.004070000000000001,2,0.982,-6.659,1,39,0.16899999999999998,144.662,0.532,4
0.209,0.7040000000000001,351813,0.35200000000000004,0,3.16e-06,6,0.155,-18.891,1,14,0.943,108.657,0.748,9
0.83,0.226,283933,0.0563,0,4.35e-06,2,0.121,-20.185,1,38,0.0323,76.477,0.13,4
0.373,0.7170000000000001,206587,0.474,1,0.000253,7,0.13699999999999998,-10.347,1,69,0.123,94.945,0.6729999999999999,0
0.000396,0.495,202147,0.907,0,0.000959,5,0.102,-4.291,0,50,0.0466,106.984,0.22,2
0.0626,0.914,256973,0.607,1,0.0,7,0.0515,-5.658,1,53,0.32,98.054,0.6659999999999999,2
0.373,0.325,197733,0.421,0,1.03e-06,10,0.126,-8.859,1,50,0.0278,104.146,0.39,2
0.0262,0.799,245627,0.718,1,0.0,6,0.0671,-4.417,0,43,0.29,90.084,0.647,2
0.489,0.857,239627,0.602,0,0.0244,10,0.317,-8.311,1,47,0.029,105.157,0.957,3
0.00131,0.409,165280,0.908,0,0.00212,10,0.0954,-5.965,1,24,0.0636,149.859,0.703,4
0.6759999999999999,0.597,425627,0.197,0,0.0168,10,0.128,-16.144000000000002,0,34,0.0516,93.371,0.41,6
0.986,0.527,170693,0.295,0,0.102,2,0.166,-12.209,1,0,0.0922,116.607,0.595,9
0.988,0.29100000000000004,266667,0.206,0,0.000942,5,0.0904,-14.125,1,0,0.0394,129.30700000000002,0.0553,7
0.72,0.41,229425,0.475,0,0.0,8,0.349,-6.1229999999999976,1,43,0.0634,58.9,0.964,3
0.762,0.521,297160,0.2,0,0.433,8,0.138,-15.759,1,52,0.0407,117.811,0.348,2
0.939,0.732,280227,0.243,0,0.0,0,0.111,-6.023,1,58,0.0435,102.087,0.106,1
0.000628,0.334,148307,0.956,1,5.29e-06,11,0.375,-4.189,1,43,0.262,199.911,0.532,2
0.623,0.722,242649,0.6679999999999999,0,0.00025,9,0.206,-6.686,1,55,0.0358,93.872,0.784,3
0.892,0.29100000000000004,245440,0.298,0,0.948,0,0.134,-14.572,1,33,0.0326,131.28,0.15,4
0.846,0.303,278314,0.183,0,0.000661,0,0.113,-15.349,1,36,0.0283,92.911,0.127,4
0.662,0.448,148000,0.105,0,0.0,9,0.16899999999999998,-23.727,1,0,0.0282,106.297,0.484,8
0.412,0.6970000000000001,95100,0.196,1,0.0,11,0.21600000000000005,-15.553,0,0,0.8809999999999999,97.988,0.741,9
0.006229999999999999,0.6859999999999999,164533,0.649,0,0.0625,7,0.0592,-12.935,1,46,0.0642,109.984,0.76,3
0.0108,0.374,182133,0.995,1,0.964,10,0.0791,-4.45,0,52,0.17600000000000002,100.656,0.131,3
0.0725,0.6579999999999999,355387,0.636,0,0.0019,9,0.722,-9.854,1,31,0.151,129.415,0.581,5
0.305,0.55,227800,0.542,0,1.41e-06,2,0.0722,-9.5,1,34,0.0402,173.247,0.603,3
0.0117,0.562,284093,0.8959999999999999,0,0.0,10,0.322,-7.974,0,54,0.203,93.378,0.362,3
0.101,0.7070000000000001,214480,0.505,0,0.0,6,0.173,-13.643,0,38,0.338,140.944,0.8029999999999999,7
0.135,0.623,291782,0.52,0,6.45e-06,5,0.0328,-11.815,1,30,0.0635,174.653,0.8320000000000001,4
0.000348,0.269,385067,0.893,0,0.0051600000000000005,1,0.446,-9.949,1,35,0.0613,189.86900000000003,0.193,3
0.934,0.609,166667,0.348,0,0.494,7,0.098,-10.259,1,8,0.0545,132.596,0.856,7
0.309,0.867,209227,0.618,0,0.0208,1,0.0793,-11.083,1,32,0.109,100.557,0.835,5
0.103,0.8079999999999999,235333,0.417,0,0.0,9,0.0609,-15.226,0,46,0.0316,114.558,0.887,4
0.763,0.6970000000000001,199707,0.49,0,8.400000000000001e-06,7,0.0998,-11.050999999999998,1,38,0.0375,125.339,0.972,3
0.297,0.871,158719,0.525,0,0.0,7,0.184,-4.957,1,73,0.0512,115.01,0.547,0
0.718,0.578,193880,0.477,0,0.000181,0,0.181,-9.499,1,49,0.0343,118.916,0.7659999999999999,2
0.0464,0.8140000000000001,228867,0.537,1,0.000319,1,0.0928,-10.198,1,39,0.0691,104.21,0.556,3
0.308,0.586,161496,0.388,0,0.233,4,0.0958,-12.947,1,40,0.0749,106.843,0.329,3
0.265,0.464,242248,0.5710000000000001,0,0.000445,0,0.435,-12.41,1,26,0.0528,81.836,0.6829999999999999,5
0.972,0.634,190490,0.4270000000000001,0,0.742,1,0.292,-11.667,1,0,0.225,128.591,0.898,8
0.735,0.6609999999999999,157267,0.14800000000000002,0,0.0,8,0.232,-13.962,1,32,0.044,116.818,0.408,7
0.98,0.556,176588,0.307,0,0.000188,6,0.095,-12.694,0,0,0.0349,111.391,0.7190000000000001,8
0.914,0.53,235013,0.209,0,0.945,10,0.114,-16.994,1,44,0.0273,80.033,0.304,2
0.398,0.518,192387,0.8440000000000001,0,2.09e-05,0,0.107,-4.503,1,44,0.108,149.125,0.8190000000000001,5
0.031,0.5589999999999999,268773,0.81,0,0.196,0,0.109,-6.783,1,43,0.0385,174.55200000000005,0.476,3
0.846,0.129,299667,0.208,0,0.956,4,0.116,-21.351,1,44,0.0394,173.93,0.0426,3
0.631,0.6920000000000001,302733,0.674,0,1.8100000000000006e-05,0,0.0643,-10.685,1,44,0.0405,165.203,0.934,2
0.0895,0.47,213973,0.738,0,4.33e-06,9,0.0539,-9.945,1,38,0.0567,100.154,0.804,5
0.6409999999999999,0.293,163933,0.272,0,0.000285,3,0.0844,-12.486,1,10,0.0313,104.789,0.321,6
0.00147,0.575,133213,0.6709999999999999,0,0.008490000000000001,5,0.161,-6.902,0,21,0.0303,111.369,0.35200000000000004,6
0.613,0.618,165840,0.664,0,0.171,5,0.209,-10.852,1,5,0.0456,118.823,0.928,7
0.97,0.468,311600,0.175,0,0.8640000000000001,2,0.058,-17.294,1,42,0.0344,113.8,0.06,5
0.359,0.609,193734,0.596,1,0.0,8,0.094,-6.85,0,55,0.267,159.917,0.61,1
0.358,0.48,202427,0.508,0,0.0008849999999999998,0,0.101,-9.35,1,25,0.0354,153.626,0.54,5
0.871,0.568,149080,0.17600000000000002,0,0.0,8,0.0878,-12.487,1,29,0.0405,125.192,0.488,7
0.0642,0.636,212364,0.7859999999999999,0,9.2e-05,2,0.138,-5.103,1,22,0.129,95.389,0.937,4
0.957,0.2,430160,0.0624,0,0.885,5,0.11,-28.519,1,29,0.034,89.39299999999999,0.0382,4
0.0759,0.6579999999999999,284587,0.711,0,1.77e-05,2,0.0446,-7.423999999999999,0,53,0.0425,172.365,0.614,2
0.461,0.458,149200,0.696,0,1.23e-06,2,0.28300000000000003,-7.789,1,23,0.0343,131.237,0.785,6
0.5710000000000001,0.599,173267,0.506,0,0.00884,2,0.696,-8.012,1,17,0.035,137.741,0.884,6
0.993,0.5770000000000001,148846,0.139,0,2.39e-05,5,0.354,-7.848,0,0,0.0444,80.437,0.524,7
0.316,0.348,254973,0.653,0,0.373,7,0.0586,-8.561,1,25,0.0774,137.30100000000002,0.149,5
0.331,0.241,371440,0.338,0,0.89,2,0.107,-14.484000000000002,1,53,0.0426,92.517,0.0362,2
0.16899999999999998,0.654,244880,0.774,0,2.74e-06,4,0.0976,-5.456,1,50,0.102,76.54899999999998,0.883,2
0.0032600000000000003,0.224,96026,0.996,0,0.8959999999999999,9,0.0305,-4.578,1,41,0.131,214.396,0.207,2
0.142,0.484,284653,0.711,1,0.0,1,0.378,-4.584,1,59,0.239,90.961,0.46,2
0.0435,0.595,234453,0.913,0,0.0,10,0.259,-3.428,0,66,0.0884,128.02100000000002,0.762,1
0.0503,0.667,212927,0.635,1,0.0,11,0.3670000000000001,-5.761,0,69,0.0518,98.011,0.478,1
0.0119,0.624,199693,0.86,0,0.0,0,0.0598,-3.129,0,57,0.043,110.018,0.521,1
0.804,0.467,202360,0.335,0,0.0,7,0.109,-8.586,1,45,0.0485,107.657,0.221,6
0.341,0.56,195147,0.736,0,9.81e-06,0,0.155,-7.306,1,67,0.0446,79.843,0.8240000000000001,1
0.513,0.595,169000,0.853,0,0.0,5,0.313,-2.137,0,32,0.0479,129.29399999999998,0.691,6
0.629,0.518,249400,0.35200000000000004,0,0.0,10,0.13,-9.089,1,34,0.0261,76.984,0.396,3
0.482,0.5479999999999999,288093,0.727,0,2.52e-05,2,0.16899999999999998,-8.354,1,33,0.0572,150.899,0.609,5
0.8640000000000001,0.226,202173,0.17800000000000002,0,8.81e-06,5,0.358,-13.550999999999998,1,9,0.0315,70.726,0.0989,7
0.611,0.5660000000000001,109960,0.711,0,6.59e-06,0,0.417,-6.5360000000000005,1,57,0.0335,159.629,0.961,7
0.0285,0.6940000000000001,148561,0.414,0,0.00992,7,0.535,-12.117,0,71,0.0401,125.069,0.941,1
0.317,0.632,199920,0.616,0,0.0,7,0.0685,-5.52,1,48,0.0567,200.096,0.934,2
0.00484,0.34700000000000003,208933,0.8320000000000001,0,1.6800000000000002e-05,4,0.103,-4.811,1,51,0.0807,126.693,0.384,1
0.959,0.838,168680,0.62,0,0.29100000000000004,9,0.099,-7.877999999999999,1,0,0.209,121.911,0.674,10
0.755,0.435,234200,0.266,0,2e-05,5,0.564,-13.076,1,20,0.0252,81.695,0.233,5
0.332,0.797,188587,0.454,0,1.06e-06,10,0.258,-7.072,1,69,0.0365,126.059,0.568,1
0.995,0.358,90933,0.193,0,0.885,11,0.189,-19.492,0,0,0.0398,87.527,0.405,10
0.951,0.438,213733,0.261,0,0.0029,2,0.345,-15.793,1,6,0.0409,172.09,0.713,8
0.943,0.635,152907,0.208,0,0.0,5,0.29600000000000004,-15.385,1,8,0.0397,114.382,0.8759999999999999,6
0.0188,0.425,177625,0.625,0,9.44e-05,9,0.118,-6.863,1,70,0.0339,200.631,0.518,1
0.0629,0.797,364159,0.636,0,0.0,7,0.0846,-9.618,1,37,0.0317,132.999,0.967,3
0.209,0.42,310427,0.713,0,0.000586,2,0.12,-10.286,1,43,0.0409,117.853,0.555,5
0.878,0.68,148864,0.574,0,0.943,10,0.318,-7.519,1,0,0.0589,137.358,0.965,8
0.782,0.586,184427,0.6,0,0.00894,5,0.259,-6.144,0,2,0.034,96.363,0.934,9
0.715,0.53,232627,0.243,0,0.0,1,0.122,-11.15,0,27,0.0419,122.345,0.407,7
0.126,0.68,122760,0.626,0,1.3e-06,7,0.0995,-8.519,1,56,0.0255,104.333,0.96,4
0.00451,0.224,185000,0.362,0,0.245,5,0.185,-10.317,1,40,0.0398,122.296,0.0781,4
0.585,0.388,242760,0.75,0,0.0004570000000000001,2,0.962,-9.083,1,36,0.0407,98.816,0.47,5
0.239,0.5489999999999999,198320,0.87,0,0.0,7,0.101,-4.981,1,35,0.032,133.077,0.7959999999999999,3
0.972,0.659,203440,0.15,0,8.34e-06,9,0.152,-21.753,0,14,0.479,116.148,0.545,7
0.0382,0.602,327893,0.609,0,0.0002,0,0.127,-7.803,1,61,0.0243,93.06,0.337,1
0.000727,0.524,265093,0.947,0,4.07e-05,5,0.0486,-10.147,1,30,0.0324,140.861,0.745,4
0.579,0.37,153320,0.379,0,5.42e-05,0,0.0754,-15.374,1,35,0.033,108.913,0.187,6
0.907,0.353,91987,0.135,0,1.75e-06,1,0.523,-19.692,1,0,0.0525,114.114,0.309,8
0.0034200000000000003,0.6,207867,0.8140000000000001,0,0.00209,0,0.0605,-9.411,1,49,0.0415,120.037,0.873,4
0.0756,0.69,289867,0.653,0,0.7020000000000001,2,0.0317,-9.445,1,28,0.0482,89.48700000000002,0.6829999999999999,5
0.384,0.727,213173,0.456,0,0.00104,2,0.126,-10.023,0,41,0.0392,86.95700000000002,0.919,3
0.7020000000000001,0.455,422067,0.255,0,0.894,6,0.0591,-18.989,1,38,0.0492,79.76100000000002,0.303,3
0.004370000000000001,0.379,202973,0.978,0,0.0,2,0.423,-3.144,1,45,0.093,182.007,0.482,2
0.8340000000000001,0.371,161400,0.244,0,0.00579,7,0.345,-16.917,1,23,0.0385,133.776,0.208,6
0.0275,0.684,195373,0.603,0,0.000311,11,0.191,-8.127,0,74,0.0989,81.0,0.504,1
0.987,0.214,150453,0.165,0,0.0502,6,0.203,-11.436,0,12,0.0324,92.518,0.125,7
0.0506,0.654,322000,0.5770000000000001,0,0.0499,0,0.481,-8.217,0,45,0.0285,116.903,0.657,3
0.18600000000000005,0.738,287067,0.616,1,0.0,1,0.145,-7.192,1,48,0.193,141.971,0.28,1
0.142,0.6679999999999999,293733,0.77,0,0.515,6,0.0585,-7.661,0,42,0.0447,92.079,0.611,3
0.615,0.727,187960,0.326,0,0.00213,9,0.035,-13.189,0,12,0.0526,109.712,0.96,7
0.0556,0.8059999999999999,255667,0.847,1,0.0,11,0.0617,-1.788,1,42,0.317,91.449,0.8320000000000001,2
0.161,0.7709999999999999,205520,0.815,0,2.01e-05,1,0.189,-5.422999999999999,0,69,0.0719,94.016,0.524,2
0.0826,0.574,259773,0.691,0,1.65e-05,6,0.149,-5.103,1,58,0.035,91.969,0.195,2
0.436,0.584,96973,0.524,0,0.0,11,0.125,-7.277,1,15,0.0315,131.608,0.958,6
0.183,0.5379999999999999,161013,0.614,0,0.0,6,0.0962,-7.22,0,32,0.0452,130.27700000000002,0.711,6
0.0703,0.6579999999999999,185587,0.695,0,0.0,0,0.13,-5.499,1,63,0.0279,133.94899999999998,0.5710000000000001,1
0.652,0.523,259760,0.568,0,0.00534,9,0.1,-12.584,1,48,0.0751,135.44799999999998,0.813,3
0.00273,0.524,199973,0.772,0,0.000169,7,0.224,-6.6960000000000015,0,63,0.152,169.855,0.237,1
0.00598,0.7,228960,0.8490000000000001,0,0.0156,11,0.28600000000000003,-6.556,0,53,0.129,130.989,0.455,3
0.0106,0.588,338267,0.5710000000000001,0,0.000215,11,0.28,-11.627,0,21,0.031,105.073,0.482,5
0.00104,0.922,181263,0.581,1,5.86e-05,10,0.105,-7.495,1,77,0.27,140.02200000000002,0.595,1
0.461,0.68,152520,0.7240000000000001,0,0.0,7,0.135,-8.542,1,15,0.0329,138.942,0.968,6
0.324,0.565,217804,0.426,0,0.0,7,0.0471,-11.031,1,42,0.0434,178.767,0.924,3
0.222,0.402,278520,0.754,1,0.0,7,0.527,-5.955,1,46,0.0874,145.493,0.246,1
0.626,0.612,139200,0.813,0,0.0,8,0.0968,-9.244,1,26,0.0772,130.1,0.742,6
0.271,0.6459999999999999,156631,0.438,0,0.0,8,0.0945,-10.837,1,67,0.8079999999999999,160.433,0.524,1
0.0253,0.665,95218,0.218,1,0.0,5,0.247,-19.827,1,0,0.923,69.547,0.596,10
0.6920000000000001,0.394,378960,0.441,0,0.0375,8,0.105,-14.237,1,27,0.0371,90.05799999999998,0.629,7
0.0197,0.693,298893,0.899,1,0.0,0,0.0594,-4.084,1,59,0.259,86.04799999999999,0.319,1
0.995,0.342,200347,0.0474,0,0.9,4,0.413,-26.305,1,0,0.0623,140.091,0.573,7
0.163,0.807,190067,0.765,0,0.0,10,0.0911,-7.548999999999999,1,57,0.0416,112.263,0.976,1
0.737,0.398,210760,0.405,0,4.9700000000000015e-05,11,0.131,-6.664,0,39,0.0258,99.694,0.443,2
0.0383,0.8909999999999999,211474,0.648,1,0.0,1,0.235,-4.8039999999999985,1,64,0.261,127.942,0.652,0
0.171,0.424,189560,0.74,0,0.0,5,0.273,-3.2430000000000003,1,63,0.0347,169.91400000000004,0.585,2
0.995,0.462,30000,0.267,0,0.000679,6,0.364,-10.877,1,0,0.0336,137.435,0.7609999999999999,9
0.0123,0.56,560067,0.49,0,0.529,4,0.0449,-13.044,0,39,0.0296,116.05,0.5820000000000001,5
0.581,0.498,169293,0.401,0,1.5e-06,11,0.0595,-20.534,0,21,0.277,111.464,0.6459999999999999,6
0.413,0.626,223062,0.475,0,0.0,7,0.22,-7.534,1,60,0.0267,124.133,0.201,1
0.621,0.61,298148,0.493,0,0.000551,11,0.128,-7.332000000000002,0,48,0.0284,132.224,0.387,1
0.449,0.5770000000000001,170800,0.7509999999999999,0,0.0,5,0.158,-4.822,1,49,0.0301,84.04799999999999,0.8290000000000001,1
0.552,0.779,240160,0.7759999999999999,0,0.000113,2,0.0998,-7.393,1,26,0.13699999999999998,119.889,0.7609999999999999,5
6.32e-05,0.622,189000,0.8320000000000001,1,0.664,0,0.29100000000000004,-13.264,1,24,0.0334,115.45,0.877,4
0.0949,0.6890000000000001,248867,0.665,0,0.0129,0,0.119,-12.474,1,23,0.0643,120.473,0.732,4
0.774,0.659,169200,0.193,0,0.584,4,0.16,-13.974,0,4,0.0919,145.076,0.6629999999999999,9
0.00353,0.883,213947,0.963,0,0.45,0,0.096,-4.62,1,40,0.195,126.997,0.242,2
0.114,0.491,199343,0.878,0,7.47e-06,2,0.233,-6.949,1,33,0.097,130.836,0.405,4
0.0166,0.527,176658,0.835,0,0.0,6,0.249,-5.297999999999999,1,81,0.0433,125.983,0.654,1
0.59,0.607,272640,0.795,0,0.841,2,0.29600000000000004,-10.786,0,40,0.0295,103.513,0.916,2
0.0838,0.8170000000000001,221880,0.794,0,0.0,0,0.0869,-6.294,1,44,0.0658,122.004,0.672,1
0.000975,0.541,251573,0.81,0,0.00158,0,0.0681,-11.745,1,61,0.0367,155.582,0.647,4
0.856,0.409,278840,0.12,0,0.000201,3,0.127,-19.036,1,25,0.0383,143.47899999999996,0.38,5
0.289,0.561,294222,0.485,0,0.00164,1,0.194,-8.343,0,58,0.0362,118.017,0.0663,1
5.23e-05,0.441,208067,0.961,0,0.000211,9,0.0931,-4.7780000000000005,1,44,0.0598,163.149,0.61,2
0.0302,0.682,307480,0.591,0,0.0542,6,0.0939,-9.306,1,47,0.0388,91.979,0.66,1
0.664,0.428,227667,0.297,0,2.7000000000000004e-06,11,0.146,-10.82,1,31,0.0257,98.558,0.439,5
0.981,0.672,91293,0.117,0,0.8859999999999999,0,0.121,-22.773000000000003,1,0,0.0952,138.804,0.8590000000000001,7
0.996,0.684,177173,0.262,0,0.975,10,0.149,-14.356,1,0,0.0666,120.389,0.8140000000000001,10
0.0203,0.326,321773,0.7879999999999999,0,0.00152,2,0.8340000000000001,-11.163,1,30,0.353,99.739,0.536,5
0.117,0.8540000000000001,246173,0.58,1,0.00471,1,0.0921,-10.008,1,58,0.217,162.116,0.7,3
0.971,0.539,175533,0.349,0,0.14,5,0.139,-16.407,0,0,0.0491,132.996,0.67,8
0.961,0.512,151707,0.113,0,0.0,9,0.107,-14.106,1,20,0.0304,81.865,0.227,7
0.919,0.254,189973,0.0981,0,0.00164,8,0.132,-18.117,1,13,0.0364,129.957,0.131,7
0.174,0.485,247213,0.643,0,0.00294,0,0.966,-8.956,1,45,0.0422,127.759,0.343,5
0.304,0.818,235382,0.67,0,1.22e-06,8,0.0601,-4.4510000000000005,0,47,0.0472,119.988,0.939,1
0.000206,0.521,193400,0.992,0,0.0354,0,0.394,-4.642,0,46,0.0556,115.042,0.391,3
0.927,0.515,365533,0.177,0,0.915,5,0.07,-18.041,1,17,0.067,139.689,0.0697,6
0.0946,0.6970000000000001,190955,0.921,0,1.9e-05,5,0.159,-4.283,1,81,0.0424,123.988,0.722,0
0.043,0.588,353160,0.664,0,4.3e-05,7,0.639,-5.18,1,53,0.159,106.502,0.333,1
0.989,0.578,188587,0.301,0,0.0183,6,0.131,-23.892,1,0,0.0487,109.396,0.359,10
0.992,0.586,171024,0.434,0,0.22,1,0.152,-12.706,0,0,0.107,87.831,0.636,9
0.852,0.306,223027,0.0503,0,0.0,1,0.108,-21.153,1,24,0.0346,103.238,0.161,5
0.00725,0.4320000000000001,176320,0.868,0,0.0,6,0.233,-2.01,0,70,0.0882,156.128,0.5670000000000001,1
0.332,0.345,253120,0.316,0,0.0382,2,0.355,-13.867,1,33,0.0272,100.139,0.0786,6
0.654,0.394,304053,0.447,0,7.16e-06,9,0.953,-10.716,1,56,0.0313,87.744,0.353,1
9.09e-05,0.602,279067,0.75,0,0.00148,11,0.28,-10.877,0,28,0.0483,113.917,0.738,3
0.514,0.4970000000000001,214107,0.552,0,1.15e-05,5,0.113,-6.581,1,51,0.0272,81.461,0.369,3
0.11,0.8340000000000001,272533,0.696,0,0.0,5,0.13,-3.224,1,72,0.197,94.09,0.804,2
0.386,0.6679999999999999,238733,0.459,0,0.0,10,0.0845,-11.746,1,41,0.028,119.825,0.6609999999999999,2
0.228,0.517,189093,0.375,0,0.0,9,0.102,-14.122,1,44,0.165,157.678,0.7909999999999999,3
0.041,0.8079999999999999,232020,0.6970000000000001,0,0.0,10,0.0546,-5.899,1,67,0.241,95.06,0.5539999999999999,2
0.34,0.633,354933,0.62,0,0.605,0,0.0977,-11.271,1,35,0.0648,81.117,0.421,4
0.0316,0.875,256333,0.6509999999999999,1,0.0,9,0.0754,-12.139,0,41,0.236,133.029,0.715,3
0.784,0.6,162547,0.262,0,0.0,11,0.279,-8.942,0,0,0.0468,140.22299999999998,0.7879999999999999,9
0.0183,0.416,335093,0.6659999999999999,0,0.265,8,0.809,-9.026,1,38,0.204,110.822,0.518,3
0.303,0.284,323960,0.797,1,0.0,2,0.242,-5.292999999999998,0,61,0.158,67.984,0.556,1
0.648,0.423,179587,0.469,0,0.00035,1,0.157,-11.623,1,20,0.0359,187.001,0.523,7
0.536,0.374,145000,0.315,0,3.76e-06,0,0.299,-11.739,0,10,0.0517,143.916,0.371,6
0.828,0.713,180293,0.339,0,0.00414,11,0.0676,-13.547,0,2,0.0768,79.878,0.906,8
0.0957,0.531,176600,0.8270000000000001,0,1.84e-06,7,0.07400000000000001,-3.7,1,58,0.081,183.977,0.8009999999999999,1
0.897,0.268,131427,0.0846,0,0.000256,9,0.0975,-14.531,1,10,0.0325,84.75299999999999,0.13,7
0.0809,0.853,199105,0.8809999999999999,1,0.0,1,0.141,-4.949,1,69,0.17800000000000002,139.97899999999998,0.922,0
0.32299999999999995,0.45,240760,0.597,0,0.000682,6,0.105,-9.356,1,39,0.037000000000000005,109.987,0.688,2
0.6859999999999999,0.23,215667,0.424,0,0.927,7,0.206,-14.937,1,2,0.0471,81.19800000000002,0.388,8
0.918,0.5770000000000001,125493,0.434,0,0.11,1,0.0931,-11.703,1,0,0.0544,93.853,0.623,8
0.498,0.366,220133,0.321,0,0.00257,0,0.335,-11.895,1,25,0.0307,150.81799999999996,0.485,5
0.0528,0.883,259293,0.691,1,0.0,9,0.0274,-11.002,0,38,0.235,133.028,0.727,3
0.992,0.537,169867,0.0728,0,0.45,0,0.0864,-18.884,1,0,0.0642,108.329,0.0472,7
0.991,0.511,303160,0.0331,0,0.78,0,0.103,-21.835,1,1,0.0576,69.648,0.151,7
0.994,0.426,140944,0.177,0,0.912,9,0.108,-17.127,0,10,0.044,70.46,0.0482,6
0.7879999999999999,0.487,151680,0.85,0,1.9e-06,6,0.69,-13.459,1,17,0.866,128.26,0.333,6
0.8859999999999999,0.51,90427,0.448,0,0.379,7,0.203,-12.42,1,41,0.0305,115.807,0.28600000000000003,2
0.8370000000000001,0.17800000000000002,234969,0.461,0,0.0187,11,0.133,-7.479,1,57,0.0312,180.28,0.135,1
0.016,0.484,181933,0.8540000000000001,0,0.000128,2,0.382,-8.142000000000001,1,36,0.048,113.201,0.669,5
5.23e-05,0.208,246480,0.82,1,0.0,0,0.701,-7.354,1,44,0.253,173.91299999999995,0.483,2
0.349,0.395,256760,0.632,0,0.0174,9,0.13,-14.299,0,35,0.0503,91.171,0.7,5
0.939,0.315,235000,0.274,0,4.44e-05,11,0.208,-10.365,0,22,0.0342,79.131,0.192,6
0.748,0.625,189000,0.268,0,0.0,7,0.607,-13.542,1,1,0.142,154.817,0.757,8
0.98,0.419,182667,0.306,0,0.721,3,0.151,-16.813,1,0,0.203,145.925,0.5329999999999999,7
0.97,0.263,174693,0.263,0,0.000254,10,0.117,-10.618,1,23,0.0394,89.33,0.394,8
0.958,0.655,71560,0.57,0,0.0,9,0.3720000000000001,-14.755,0,11,0.892,112.322,0.541,8
0.94,0.294,204187,0.185,0,3.5000000000000016e-06,0,0.111,-13.449000000000002,0,31,0.0301,78.714,0.244,7
0.952,0.403,171667,0.215,0,0.0,0,0.123,-12.437,1,14,0.0348,139.483,0.236,6
0.608,0.488,198107,0.573,0,8.51e-06,9,0.13699999999999998,-9.069,1,34,0.0307,168.102,0.344,3
0.907,0.225,107400,0.282,0,0.903,0,0.531,-12.4,0,18,0.0316,71.502,0.117,6
0.0246,0.531,239280,0.7440000000000001,0,0.0,0,0.194,-4.51,0,61,0.0325,158.026,0.504,2
0.122,0.537,256200,0.7070000000000001,0,0.0,0,0.181,-8.104,1,29,0.0269,88.141,0.232,4
0.794,0.359,344534,0.393,0,2.69e-05,7,0.737,-14.179,1,33,0.11,141.304,0.3670000000000001,5
0.3670000000000001,0.818,181394,0.475,0,9.14e-06,9,0.0524,-11.088,0,56,0.17,78.49600000000002,0.7240000000000001,1
0.993,0.343,226413,0.0561,0,0.865,8,0.124,-26.43,1,3,0.0414,141.284,0.213,8
0.0515,0.65,157000,0.648,0,1.51e-05,5,0.0951,-5.4170000000000025,1,36,0.0343,137.704,0.81,3
0.695,0.7290000000000001,113467,0.49,0,0.0,0,0.13699999999999998,-13.929,1,22,0.0423,139.43200000000002,0.944,6
0.0851,0.688,243053,0.7929999999999999,0,0.00524,9,0.13699999999999998,-7.579,1,32,0.0275,128.653,0.887,5
0.764,0.629,199888,0.0735,1,0.0,2,0.459,-20.036,1,0,0.965,79.656,0.555,8
0.13699999999999998,0.535,242078,0.609,0,0.0,9,0.146,-11.72,1,31,0.105,200.243,0.925,4
0.52,0.685,138307,0.484,0,0.00316,2,0.109,-16.035999999999998,1,29,0.0383,111.967,0.961,5
0.259,0.787,295667,0.7759999999999999,0,0.0,7,0.0692,-5.863,1,43,0.032,92.065,0.951,2
0.4320000000000001,0.7170000000000001,137907,0.457,0,0.0,11,0.15,-14.624,0,16,0.0648,97.41,0.882,6
0.91,0.611,170128,0.225,0,0.153,10,0.133,-16.551,1,35,0.0853,147.484,0.615,5
0.879,0.665,176533,0.184,0,0.9,1,0.108,-21.2,1,7,0.0682,118.123,0.539,7
0.569,0.618,180707,0.643,0,0.0,4,0.443,-4.086,1,53,0.0297,128.99200000000002,0.722,1
0.927,0.477,305733,0.235,0,0.753,10,0.106,-17.781,1,28,0.0365,136.942,0.159,6
0.462,0.487,161267,0.897,0,0.0,9,0.117,-8.96,1,18,0.0407,117.415,0.853,6
0.0315,0.315,499507,0.452,0,0.0,2,0.6859999999999999,-8.387,1,62,0.0326,138.909,0.112,1
0.126,0.447,234880,0.7959999999999999,0,0.0259,0,0.297,-6.17,1,50,0.0307,136.01,0.716,5
0.217,0.653,131187,0.5760000000000001,0,0.000362,4,0.0854,-9.034,0,29,0.0431,129.72,0.795,5
0.463,0.5770000000000001,266107,0.348,0,8.290000000000001e-05,2,0.206,-13.192,1,39,0.0391,103.454,0.39,5
0.552,0.655,211187,0.425,0,0.201,10,0.142,-12.599,0,33,0.243,166.637,0.8190000000000001,5
0.755,0.645,207973,0.298,0,0.815,0,0.279,-10.550999999999998,1,0,0.0381,112.946,0.5429999999999999,8
0.989,0.534,187147,0.0989,0,0.00179,4,0.0697,-20.621,0,13,0.0495,83.51299999999998,0.418,7
0.0409,0.743,265213,0.928,0,0.00262,8,0.0476,-8.301,1,31,0.0386,116.792,0.908,4
0.853,0.464,166400,0.435,0,0.0,5,0.299,-9.541,0,0,0.0731,183.96,0.708,9
0.494,0.464,188600,0.9,1,0.0,2,0.206,-3.512,1,58,0.349,141.27100000000004,0.677,1
0.45,0.858,97297,0.519,1,0.0,0,0.0884,-9.02,0,72,0.208,148.08700000000005,0.752,1
0.263,0.664,95400,0.247,1,0.0,11,0.71,-19.093,0,0,0.921,152.55100000000004,0.401,10
0.828,0.52,233629,0.355,0,0.0,7,0.0898,-7.228,1,52,0.0503,78.062,0.743,1
0.972,0.438,180973,0.123,0,0.000508,7,0.748,-14.591,1,27,0.0335,140.945,0.457,4
0.841,0.317,210667,0.241,0,0.0,10,0.16899999999999998,-14.77,0,27,0.0337,81.086,0.18600000000000005,5
0.989,0.232,87640,0.0877,0,0.838,10,0.0872,-29.214,0,0,0.0331,131.743,0.359,10
0.906,0.259,160253,0.249,0,0.0,10,0.0795,-9.12,1,42,0.0293,87.531,0.187,7
0.885,0.66,169533,0.0933,0,0.0,10,0.113,-15.385,0,20,0.0506,139.976,0.601,8
0.8959999999999999,0.28300000000000003,214720,0.779,0,0.696,9,0.189,-9.725,1,27,0.116,117.129,0.157,4
0.0666,0.629,262000,0.915,0,0.7929999999999999,10,0.0928,-6.567,1,46,0.0383,118.345,0.892,4
0.00134,0.889,240107,0.608,1,0.0,11,0.0852,-9.396,1,31,0.287,104.005,0.569,3
0.211,0.836,190107,0.34,0,0.6509999999999999,10,0.104,-17.304000000000002,1,26,0.0499,103.919,0.8740000000000001,5
0.269,0.575,197560,0.545,0,0.0,7,0.126,-9.412,1,35,0.0278,86.99700000000001,0.56,3
0.042,0.642,187747,0.812,0,0.00581,0,0.17600000000000002,-5.685,1,39,0.185,155.121,0.831,2
0.0474,0.8320000000000001,217680,0.4270000000000001,1,0.0,8,0.101,-8.516,0,55,0.257,99.935,0.369,1
0.991,0.38,239507,0.0424,0,0.8590000000000001,7,0.0713,-27.765,1,22,0.0378,106.427,0.0667,7
0.684,0.523,191267,0.389,0,1.57e-05,10,0.0916,-12.312,0,28,0.057,131.615,0.371,6
0.264,0.618,165707,0.83,0,0.0,9,0.266,-5.722,1,24,0.048,112.58,0.8640000000000001,6
0.0221,0.738,186107,0.952,0,0.0,9,0.231,-1.95,1,70,0.0941,125.963,0.544,0
0.985,0.426,104160,0.202,0,0.00035800000000000003,5,0.135,-16.727999999999998,1,11,0.0467,136.011,0.429,8
0.921,0.574,120200,0.123,0,0.0,2,0.162,-23.641,0,0,0.936,171.732,0.355,7
0.65,0.62,315587,0.396,0,0.0,5,0.122,-10.63,0,19,0.0387,90.595,0.612,7
0.132,0.6409999999999999,274027,0.8540000000000001,0,0.0,7,0.1,-4.628,1,39,0.0274,114.433,0.679,2
0.931,0.454,156400,0.14800000000000002,0,0.0,3,0.8290000000000001,-19.816,1,0,0.13699999999999998,110.083,0.213,8
0.317,0.71,172213,0.83,1,0.0,2,0.644,-8.32,1,37,0.515,86.15700000000002,0.8759999999999999,3
0.987,0.716,151573,0.301,0,0.0,5,0.277,-14.07,1,0,0.105,129.153,0.969,10
0.742,0.747,156933,0.404,0,0.885,0,0.111,-9.843,1,0,0.331,139.389,0.797,8
0.995,0.361,214587,0.0134,0,0.923,8,0.108,-29.128,1,1,0.0383,141.394,0.13,10
0.00015,0.563,202600,0.909,0,0.307,6,0.13,-8.126,0,35,0.0554,94.861,0.524,3
0.0123,0.5379999999999999,260347,0.585,0,0.0,5,0.0566,-7.232,1,25,0.0276,113.31,0.732,5
0.973,0.343,192827,0.0697,0,0.459,1,0.109,-19.141,0,0,0.0509,73.529,0.316,8
0.994,0.691,150093,0.217,0,0.8390000000000001,2,0.117,-14.828,1,0,0.14800000000000002,103.341,0.902,10
0.595,0.6859999999999999,242187,0.457,0,0.0,11,0.105,-8.322000000000001,1,82,0.0468,150.953,0.718,2
0.979,0.461,153147,0.141,0,0.116,0,0.122,-18.256,1,0,0.108,205.172,0.434,9
0.986,0.28,152173,0.113,0,0.00617,9,0.508,-19.782,1,24,0.0446,105.746,0.0606,8
0.00646,0.831,502240,0.616,0,0.202,10,0.0776,-12.678,0,27,0.0651,123.138,0.7609999999999999,5
0.991,0.64,167973,0.298,0,0.0,9,0.373,-13.806,1,0,0.133,75.743,0.846,10
0.926,0.34,346427,0.132,0,0.941,2,0.215,-15.357,1,0,0.0398,135.554,0.342,7
0.113,0.5539999999999999,353720,0.7909999999999999,0,1.76e-05,7,0.166,-8.326,1,51,0.0288,91.108,0.6970000000000001,5
0.993,0.465,203693,0.0977,0,0.951,4,0.188,-22.199,1,0,0.0635,68.47,0.476,8
0.7290000000000001,0.392,225000,0.628,1,0.0,1,0.127,-7.315,1,45,0.0919,131.189,0.773,1
0.898,0.4270000000000001,189000,0.429,0,0.828,2,0.102,-10.142,0,19,0.0721,206.147,0.271,6
0.618,0.855,140964,0.363,0,0.00027400000000000005,10,0.109,-14.077,0,9,0.103,102.619,0.8240000000000001,6
0.648,0.659,130173,0.89,0,0.0,9,0.254,-13.698,0,37,0.0524,121.857,0.413,7
0.0694,0.877,234055,0.5539999999999999,1,0.0,1,0.0521,-5.905,1,65,0.302,126.073,0.585,0
0.994,0.295,243707,0.138,0,0.8759999999999999,4,0.112,-17.58,1,1,0.0374,77.082,0.101,10
0.35600000000000004,0.634,153227,0.733,0,0.00981,7,0.0669,-10.464,1,27,0.0372,137.892,0.83,4
0.994,0.369,309667,0.0151,0,0.93,7,0.0829,-29.499,1,37,0.0458,78.867,0.126,6
0.0457,0.634,188141,0.713,0,0.0868,1,0.171,-6.234,1,36,0.0294,137.38,0.889,3
0.389,0.78,145200,0.457,0,0.0,6,0.13699999999999998,-8.502,0,63,0.0383,109.991,0.867,1
0.659,0.631,189520,0.35200000000000004,0,1.5e-05,6,0.0763,-9.982,1,28,0.0302,139.19799999999998,0.517,5
0.691,0.769,149427,0.537,0,0.0,7,0.14300000000000002,-5.438,0,14,0.0703,127.553,0.902,6
0.34600000000000003,0.797,148000,0.489,0,0.0,5,0.128,-7.225,1,25,0.0343,100.606,0.903,4
0.597,0.62,112205,0.496,0,1.36e-05,7,0.322,-7.508999999999999,1,68,0.133,126.032,0.636,1
0.0652,0.5479999999999999,62827,0.392,0,0.977,8,0.0997,-15.005999999999998,1,43,0.0759,170.102,0.215,3
0.979,0.565,195080,0.28,0,0.87,8,0.14300000000000002,-14.556,1,19,0.0621,168.06599999999997,0.715,7
0.0757,0.45,406774,0.782,0,0.0,9,0.0818,-6.92,1,54,0.046,146.041,0.244,1
0.0441,0.847,302000,0.669,0,0.00774,11,0.19,-7.318,0,45,0.113,113.736,0.84,4
0.7040000000000001,0.487,242720,0.449,0,0.0,5,0.116,-6.485,0,42,0.0645,122.784,0.226,2
0.114,0.7290000000000001,274000,0.78,0,0.106,5,0.0759,-7.604,1,68,0.0631,111.833,0.795,5
0.936,0.157,202160,0.206,0,0.5529999999999999,11,0.0944,-13.445,1,0,0.0316,84.23100000000002,0.102,8
0.89,0.264,269627,0.436,0,4.19e-05,0,0.5820000000000001,-11.04,0,15,0.035,172.3,0.507,7
0.992,0.299,34613,0.152,0,0.852,2,0.13699999999999998,-27.41800000000001,1,22,0.0463,100.745,0.7040000000000001,7
0.0342,0.385,135707,0.737,0,0.527,1,0.0952,-8.332,1,34,0.0459,147.994,0.907,5
0.892,0.7140000000000001,187960,0.131,0,2.81e-06,7,0.119,-15.459,1,6,0.0446,109.51,0.7190000000000001,9
0.972,0.5579999999999999,211453,0.279,0,0.00838,10,0.153,-10.212,1,0,0.0412,118.909,0.747,7
0.188,0.8759999999999999,275342,0.42,0,0.00186,0,0.0668,-18.246,0,58,0.279,98.304,0.706,3
0.985,0.412,166227,0.198,0,0.5429999999999999,5,0.135,-13.713,1,2,0.0308,129.101,0.364,8
0.969,0.727,161593,0.327,0,8.06e-06,2,0.0449,-11.404000000000002,1,1,0.128,120.754,0.779,8
0.0379,0.701,208773,0.728,0,0.0244,10,0.125,-8.012,1,43,0.0294,140.836,0.916,5
0.765,0.393,120667,0.643,0,0.0,9,0.585,-12.395,1,17,0.0809,174.984,0.731,7
0.984,0.314,133467,0.0134,0,0.0,0,0.086,-20.87,1,3,0.0382,71.343,0.0816,7
0.7809999999999999,0.6709999999999999,259133,0.4320000000000001,0,6.43e-06,11,0.601,-9.494,0,36,0.0661,131.88,0.624,5
0.325,0.758,119667,0.6559999999999999,0,0.0,7,0.293,-5.249,1,25,0.0324,135.976,0.932,7
0.539,0.461,237427,0.0262,0,0.000422,11,0.111,-23.805,1,23,0.0368,112.489,0.28300000000000003,5
0.977,0.353,550987,0.076,0,0.911,7,0.141,-22.521,1,0,0.0442,88.48299999999998,0.057,8
0.6509999999999999,0.612,181120,0.442,1,0.0,6,0.26,-8.874,1,65,0.289,119.235,0.253,1
0.77,0.745,117467,0.195,0,0.0,2,0.21600000000000005,-10.916,1,38,0.139,129.44799999999998,0.745,3
0.0334,0.569,228733,0.691,1,0.0,1,0.153,-6.4620000000000015,0,49,0.318,180.05599999999995,0.189,1
0.696,0.399,170500,0.391,0,0.0,5,0.104,-10.2,1,3,0.034,74.54,0.469,7
0.573,0.701,192830,0.738,0,0.132,2,0.0932,-8.925,1,40,0.0516,154.80700000000004,0.5539999999999999,3
0.123,0.429,148600,0.657,0,2.86e-06,9,0.387,-8.6,1,16,0.037000000000000005,118.333,0.848,6
0.107,0.931,259960,0.657,0,0.000522,0,0.0878,-6.312,0,54,0.0573,131.94299999999998,0.962,2
0.0567,0.473,171920,0.507,0,0.000306,0,0.111,-9.378,1,31,0.0278,134.25,0.6629999999999999,3
0.994,0.507,217493,0.257,0,0.777,0,0.122,-17.611,1,1,0.131,182.181,0.574,7
0.982,0.386,173987,0.211,0,0.0,6,0.16899999999999998,-8.708,1,0,0.0386,79.757,0.521,7
0.883,0.251,354933,0.28800000000000003,0,0.708,5,0.134,-14.092,1,23,0.0299,86.898,0.0771,6
0.00793,0.383,226333,0.988,0,0.0,11,0.175,-3.056,0,45,0.175,96.608,0.392,2
0.299,0.642,121500,0.0892,0,0.0,7,0.14800000000000002,-28.23,1,0,0.8109999999999999,105.9,0.328,7
0.917,0.607,217780,0.233,0,5.15e-05,8,0.0834,-8.277999999999999,0,0,0.293,100.97,0.8590000000000001,8
0.922,0.29600000000000004,244800,0.109,0,0.13699999999999998,9,0.103,-27.717,0,27,0.0511,167.842,0.039,4
0.624,0.862,254000,0.654,0,0.007409999999999998,9,0.369,-6.8610000000000015,1,50,0.0514,119.993,0.8590000000000001,1
0.909,0.28300000000000003,97413,0.203,0,0.000661,2,0.11,-11.228,1,63,0.0342,84.656,0.18,1
0.125,0.7040000000000001,194133,0.583,0,0.0,6,0.0988,-7.565,1,31,0.0282,109.895,0.4270000000000001,3
0.0537,0.619,281133,0.746,1,0.0,10,0.295,-5.479,0,64,0.36,149.944,0.757,2
0.0055,0.703,138353,0.7,1,0.0,2,0.115,-2.417,1,71,0.221,169.861,0.34,1
0.16899999999999998,0.631,316600,0.833,0,0.0222,9,0.0745,-8.695,0,36,0.0286,126.041,0.901,5
0.93,0.813,153200,0.415,0,0.0248,9,0.0988,-9.322,1,7,0.0286,101.912,0.923,9
0.00267,0.6579999999999999,308347,0.879,0,0.000675,7,0.239,-5.464,0,48,0.0499,125.041,0.448,4
0.98,0.6729999999999999,183973,0.266,0,0.0963,2,0.125,-13.653,1,16,0.232,205.142,0.782,9
0.947,0.69,149160,0.334,0,0.0,9,0.0895,-5.626,1,54,0.066,74.721,0.8,1
0.7659999999999999,0.39,201613,0.687,0,0.17600000000000002,1,0.285,-6.044,1,0,0.045,107.372,0.569,8
0.765,0.625,153713,0.857,0,0.0,0,0.154,-4.954,1,15,0.142,139.111,0.794,6
0.87,0.275,162867,0.493,0,0.00135,6,0.055,-10.81,1,21,0.0379,115.195,0.498,7
0.141,0.512,226307,0.645,0,0.0,8,0.0987,-5.631,1,42,0.029,111.015,0.28300000000000003,2
0.0554,0.39,275933,0.8340000000000001,0,0.18,9,0.103,-6.367000000000001,1,56,0.0444,157.077,0.684,1
0.0516,0.481,290800,0.69,0,1.89e-06,5,0.173,-4.177,1,49,0.0363,128.003,0.459,2
0.49,0.6509999999999999,193560,0.214,0,3.68e-06,9,0.1,-17.123,1,52,0.0292,114.533,0.295,4
0.995,0.43,65920,0.0826,0,0.866,9,0.0966,-28.136,0,38,0.052000000000000005,130.393,0.29,6
0.229,0.556,228751,0.486,0,0.0,2,0.226,-6.98,0,19,0.0302,96.382,0.672,5
0.0421,0.425,236667,0.6729999999999999,0,0.0025800000000000003,7,0.146,-10.625,1,10,0.031,149.769,0.701,9
0.92,0.677,220013,0.446,0,0.2,11,0.34,-5.149,1,1,0.0419,92.975,0.629,7
0.887,0.34600000000000003,157027,0.726,0,0.00195,7,0.22,-12.937,0,28,0.0363,160.43,0.472,4
0.91,0.21,264600,0.35100000000000003,0,0.00197,9,0.196,-8.279,1,46,0.033,82.42299999999999,0.152,2
0.77,0.561,137573,0.599,0,1.6899999999999994e-05,8,0.12,-8.756,1,10,0.051,82.86,0.753,7
0.583,0.6759999999999999,246400,0.6459999999999999,0,0.0,11,0.0786,-9.772,1,33,0.0333,114.828,0.809,5
0.066,0.578,218067,0.629,0,0.419,6,0.08900000000000001,-7.315,1,35,0.0315,172.99,0.328,2
0.944,0.313,146360,0.201,0,0.00121,5,0.376,-11.918,0,1,0.029,106.704,0.468,7
0.158,0.498,410867,0.5710000000000001,0,0.00945,0,0.0553,-8.341000000000001,1,30,0.0281,139.226,0.4920000000000001,5
0.153,0.399,279867,0.185,0,0.0104,9,0.166,-11.373,1,44,0.0344,96.376,0.198,2
0.5,0.648,178560,0.63,0,0.0,8,0.125,-11.873,1,31,0.0407,79.83800000000002,0.929,5
0.979,0.271,131227,0.273,0,0.863,9,0.0947,-18.823,1,14,0.0356,108.571,0.242,6
2.02e-05,0.429,119533,0.701,0,0.00127,1,0.0374,-11.364,0,33,0.0523,112.97,0.501,4
0.14300000000000002,0.325,205040,0.77,0,0.901,0,0.0731,-6.789,1,50,0.0334,101.958,0.312,2
0.8170000000000001,0.546,130760,0.165,0,0.0,10,0.198,-15.688,1,16,0.03,70.506,0.611,7
0.123,0.5379999999999999,150627,0.7440000000000001,0,0.0,5,0.459,-5.18,1,23,0.0278,141.928,0.96,7
0.975,0.212,299653,0.146,0,0.897,8,0.157,-16.816,1,0,0.035,80.6,0.101,7
0.993,0.37,76213,0.153,0,0.6729999999999999,5,0.163,-20.868,0,0,0.0425,134.899,0.235,8
0.943,0.718,423800,0.185,0,0.0,2,0.6829999999999999,-22.065,1,20,0.937,119.567,0.741,5
0.5329999999999999,0.659,239707,0.777,0,0.0,5,0.138,-6.086,1,27,0.0468,113.243,0.871,5
0.76,0.399,381947,0.453,0,0.015,8,0.11,-9.525,1,8,0.0327,144.918,0.505,7
0.115,0.585,210333,0.753,0,0.736,2,0.34,-7.928,1,19,0.0422,171.14,0.611,4
0.442,0.644,267400,0.443,0,0.0,1,0.117,-7.308,0,51,0.0295,109.936,0.0534,3
0.7609999999999999,0.608,139960,0.388,0,0.0539,1,0.693,-15.458,1,26,0.0361,91.235,0.7909999999999999,5
0.989,0.458,147587,0.0183,0,0.879,4,0.07400000000000001,-29.244,1,45,0.0453,117.004,0.219,2
0.00233,0.454,244827,0.631,0,0.0,0,0.177,-4.7330000000000005,1,56,0.0268,87.88799999999998,0.313,2
0.0217,0.7959999999999999,254000,0.488,1,0.0,11,0.0737,-6.699,0,57,0.0894,96.032,0.26,1
0.974,0.537,194933,0.16699999999999998,0,0.732,7,0.134,-20.805,0,2,0.0454,132.327,0.669,7
0.97,0.888,174749,0.584,0,0.001,7,0.6509999999999999,-10.349,1,0,0.117,122.168,0.883,9
0.00777,0.378,231920,0.894,0,0.0,5,0.199,-3.849,1,47,0.185,107.398,0.542,1
0.966,0.365,97360,0.208,0,0.363,5,0.116,-18.008,0,34,0.0689,161.718,0.301,5
0.0158,0.551,214933,0.863,0,0.0,11,0.0843,-3.506,1,52,0.0322,143.952,0.8170000000000001,1
0.8290000000000001,0.539,192867,0.684,0,0.000151,6,0.298,-6.443,0,0,0.038,142.906,0.937,7
0.7440000000000001,0.721,308333,0.259,0,7.82e-06,2,0.0865,-17.409000000000002,0,35,0.0389,93.512,0.769,4
0.925,0.6920000000000001,155733,0.299,0,5.2e-05,0,0.194,-13.084,1,0,0.0464,113.177,0.838,10
0.967,0.2,279427,0.0423,0,0.226,8,0.103,-25.075,1,0,0.0395,87.405,0.0422,8
0.275,0.6890000000000001,203600,0.354,0,1.42e-05,0,0.107,-14.979,1,25,0.046,116.539,0.387,4
0.991,0.37,295773,0.109,0,0.8270000000000001,11,0.103,-18.91,1,0,0.0547,92.311,0.16399999999999998,8
0.523,0.493,218533,0.7879999999999999,0,0.0004969999999999999,4,0.399,-9.374,0,27,0.0468,129.252,0.769,5
0.8079999999999999,0.627,139813,0.374,0,0.0444,5,0.228,-16.956,1,0,0.0475,115.37,0.913,8
0.00103,0.458,223800,0.644,0,0.0,4,0.0701,-11.064,1,36,0.032,155.487,0.616,5
0.8640000000000001,0.16699999999999998,184267,0.113,0,0.768,9,0.105,-20.428,1,32,0.0362,60.609,0.0441,3
0.93,0.34700000000000003,105973,0.0585,0,0.0,11,0.248,-15.372,0,26,0.0464,86.081,0.371,6
0.135,0.667,152825,0.407,0,0.121,9,0.0961,-9.467,1,60,0.0321,73.998,0.547,1
0.293,0.536,226760,0.737,0,0.000115,0,0.306,-7.36,1,61,0.0504,176.717,0.857,5
0.000492,0.5820000000000001,269973,0.672,0,0.3,9,0.0839,-11.219,1,41,0.0336,135.795,0.81,4
0.901,0.5720000000000001,297827,0.219,0,0.00742,2,0.373,-15.23,1,29,0.233,141.972,0.465,5
0.135,0.636,227213,0.907,0,1.16e-06,9,0.0989,-5.96,0,35,0.0429,129.063,0.465,4
0.0122,0.6459999999999999,317133,0.409,0,0.0,0,0.179,-14.908,0,50,0.051,119.723,0.63,4
0.957,0.337,40773,0.129,0,2.76e-06,9,0.494,-15.793,1,6,0.0597,70.685,0.0495,7
0.953,0.334,73307,0.389,0,0.0972,5,0.598,-11.703,0,0,0.0416,91.83,0.155,8
0.0445,0.293,414333,0.461,0,0.0,1,0.298,-11.343,0,26,0.0677,149.52,0.131,4
0.889,0.629,136400,0.256,0,9.75e-06,2,0.446,-9.816,0,3,0.0974,143.64,0.583,7
0.99,0.603,189418,0.138,0,0.0,5,0.556,-18.907,1,0,0.354,81.67399999999998,0.5670000000000001,9
0.949,0.317,181184,0.0596,0,0.468,2,0.227,-13.955,0,29,0.0393,177.889,0.33,7
0.994,0.23,210445,0.298,0,0.8420000000000001,2,0.196,-10.388,1,0,0.0503,80.652,0.261,9
0.986,0.5479999999999999,174960,0.00931,0,0.0609,0,0.106,-21.426,1,29,0.0573,82.12700000000002,0.521,7
0.00165,0.662,188960,0.741,0,0.0303,0,0.114,-5.4060000000000015,1,73,0.0334,131.0,0.404,2
0.0585,0.49,190107,0.925,0,0.228,7,0.111,-8.161,1,31,0.0665,125.725,0.3720000000000001,5
0.13699999999999998,0.392,176627,0.7020000000000001,0,0.0,6,0.109,-6.509,1,62,0.0848,188.606,0.7709999999999999,1
0.809,0.568,336600,0.902,0,0.000232,7,0.0824,-7.489,0,29,0.099,94.656,0.525,6
0.0618,0.7809999999999999,195976,0.5670000000000001,1,0.0,7,0.138,-9.75,1,53,0.122,84.485,0.723,1
0.0841,0.732,225893,0.693,0,0.0465,11,0.154,-11.095,0,22,0.0546,169.791,0.916,7
0.0662,0.506,151628,0.665,1,0.0,5,0.146,-7.11,1,64,0.229,149.872,0.14400000000000002,0
0.932,0.597,167693,0.126,0,0.922,0,0.17,-20.31,1,20,0.0359,79.611,0.203,6
0.763,0.738,252693,0.47,0,0.0741,5,0.0876,-15.751,1,34,0.0553,116.476,0.557,3
0.518,0.528,153067,0.479,0,0.0,6,0.104,-9.771,0,47,0.0298,118.476,0.6990000000000001,6
0.08199999999999999,0.5760000000000001,237107,0.619,0,1.28e-06,9,0.101,-10.784,0,44,0.0389,91.226,0.614,4
0.424,0.613,250653,0.477,0,3.31e-06,7,0.165,-9.914,0,41,0.0309,93.307,0.478,2
0.583,0.476,187933,0.119,0,0.779,5,0.121,-17.328,0,8,0.047,148.23,0.358,7
0.901,0.435,400267,0.759,0,6.42e-05,5,0.362,-11.478,1,12,0.47,108.977,0.223,8
0.207,0.395,308600,0.647,0,3.2899999999999987e-05,9,0.113,-12.074000000000002,0,49,0.0376,75.824,0.632,5
0.0619,0.424,255680,0.289,0,0.0004440000000000001,5,0.104,-12.063,1,25,0.0271,77.941,0.335,5
0.125,0.445,270800,0.464,0,0.00034,2,0.0974,-11.644,1,19,0.0306,110.658,0.382,6
0.124,0.511,240867,0.782,0,0.000379,9,0.965,-8.177999999999999,1,28,0.0471,112.324,0.561,5
0.6729999999999999,0.345,153400,0.271,0,0.0111,6,0.115,-12.598,1,27,0.0267,148.14700000000005,0.138,5
0.882,0.35200000000000004,115920,0.413,0,5.81e-05,4,0.299,-10.909,1,30,0.0343,122.052,0.687,5
0.98,0.653,250413,0.0416,0,0.0448,3,0.0756,-15.706,1,0,0.0595,97.055,0.311,9
0.544,0.564,220133,0.564,0,1.6e-05,2,0.241,-9.412,0,26,0.0286,89.948,0.7340000000000001,4
0.0493,0.794,145735,0.48,1,0.0,4,0.12,-7.501,0,52,0.132,77.045,0.45,0
0.81,0.35200000000000004,236267,0.397,0,0.0,7,0.162,-14.66,1,0,0.0373,124.263,0.33,9
0.139,0.846,175533,0.905,0,1.01e-05,6,0.228,-3.686,0,56,0.0588,95.018,0.843,2
0.932,0.19,239867,0.184,0,8.63e-05,0,0.229,-14.029000000000002,1,17,0.0348,89.594,0.0908,7
0.141,0.376,209440,0.696,0,0.0,0,0.11,-4.785,0,77,0.0949,169.515,0.303,1
0.929,0.32,150733,0.14400000000000002,0,0.000537,7,0.117,-17.043,0,44,0.0371,124.651,0.341,4
0.762,0.405,206560,0.28800000000000003,0,1.26e-06,10,0.0799,-14.682,1,11,0.0412,150.08,0.655,7
0.996,0.828,165477,0.294,0,0.792,7,0.104,-16.36,1,0,0.0521,131.689,0.967,8
0.187,0.59,237120,0.439,0,5.95e-06,10,0.101,-9.928,0,42,0.0378,90.525,0.429,5
0.8370000000000001,0.462,64784,0.228,0,0.0,3,0.6609999999999999,-16.183,0,0,0.0768,88.961,0.512,8
0.006529999999999999,0.7909999999999999,245000,0.6579999999999999,0,0.0,7,0.0472,-11.128,1,63,0.0445,120.066,0.8420000000000001,3
0.991,0.7140000000000001,51520,0.0299,0,0.00287,5,0.0988,-22.437,1,0,0.8109999999999999,81.41199999999998,0.321,7
0.996,0.471,151227,0.265,0,0.913,8,0.456,-13.012,1,0,0.14,72.97800000000002,0.625,10
0.946,0.37,317672,0.273,0,3.2500000000000004e-05,4,0.114,-8.705,0,52,0.0367,64.686,0.294,3
0.0956,0.42,217373,0.725,0,0.0,0,0.16,-3.518,1,51,0.038,86.428,0.534,2
0.8240000000000001,0.539,166293,0.242,0,0.007759999999999999,4,0.112,-17.017,1,30,0.0332,97.015,0.242,5
0.00889,0.794,185107,0.8640000000000001,0,0.000145,8,0.0398,-5.964,1,57,0.0755,100.516,0.9,2
0.992,0.424,185200,0.425,0,0.916,5,0.181,-17.133,1,12,0.393,134.83700000000002,0.5770000000000001,6
0.0463,0.546,229605,0.8320000000000001,0,0.0,8,0.162,-5.812,1,45,0.0377,134.05100000000002,0.35700000000000004,1
0.774,0.693,152187,0.532,0,0.0,4,0.317,-9.712,1,45,0.0368,120.83,0.7909999999999999,7
0.0912,0.746,95700,0.18600000000000005,1,0.0,7,0.15,-19.648,1,0,0.923,63.08600000000001,0.529,8
0.31,0.466,310733,0.8740000000000001,0,0.163,1,0.423,-4.423,1,39,0.149,92.233,0.84,7
0.0875,0.482,157560,0.642,0,7.34e-06,10,0.31,-8.535,0,56,0.325,151.32299999999995,0.6,2
0.8390000000000001,0.431,237827,0.24,0,0.0,9,0.0967,-10.902,0,11,0.0373,93.379,0.364,6
0.0484,0.867,347109,0.611,0,0.0114,1,0.258,-9.22,1,40,0.0613,116.401,0.652,4
0.16,0.7190000000000001,186267,0.815,0,0.0,5,0.0367,-3.5460000000000003,1,59,0.0305,93.126,0.937,2
0.7759999999999999,0.484,174173,0.431,0,5.29e-06,5,0.0826,-8.256,1,39,0.0719,205.698,0.971,3
0.887,0.415,204573,0.0791,0,0.0,7,0.0573,-20.023,1,45,0.0488,137.314,0.312,2
0.953,0.225,233467,0.0724,0,0.88,10,0.14400000000000002,-19.228,0,0,0.0366,104.152,0.0384,8
0.58,0.557,247493,0.196,0,0.226,6,0.227,-19.233,1,9,0.0304,92.359,0.39,7
0.458,0.4370000000000001,238267,0.282,0,0.0,0,0.18,-17.567,0,50,0.035,115.517,0.198,4
0.00186,0.444,145227,0.58,0,0.0118,10,0.0813,-9.02,1,36,0.0278,96.489,0.52,6
0.00034,0.369,246039,0.643,0,0.11,4,0.14300000000000002,-9.201,1,30,0.084,138.499,0.529,3
0.562,0.4970000000000001,221493,0.645,0,0.000388,9,0.19,-12.219,1,25,0.0323,127.027,0.57,5
0.894,0.7709999999999999,43032,0.0607,0,0.0,9,0.16399999999999998,-21.932,1,4,0.826,106.198,0.12,7
0.975,0.335,200400,0.0489,0,3.85e-06,5,0.166,-17.147000000000002,1,3,0.032,84.10799999999998,0.183,7
0.959,0.54,175973,0.146,0,0.0,4,0.234,-15.347,1,50,0.0759,131.56,0.594,2
0.969,0.256,234132,0.0639,0,0.63,0,0.171,-23.775,1,0,0.0448,135.037,0.172,7
0.994,0.71,178480,0.37,0,0.29600000000000004,5,0.319,-10.905,1,0,0.108,111.279,0.818,10
0.00216,0.518,215093,0.951,0,0.0,7,0.222,-6.206,1,53,0.0957,115.004,0.339,2
0.5,0.894,273067,0.521,0,0.772,4,0.068,-7.047999999999999,1,33,0.0847,126.805,0.91,5
0.992,0.583,216987,0.136,0,0.17,1,0.15,-17.43,1,0,0.14400000000000002,78.709,0.5489999999999999,9
0.415,0.718,297444,0.239,1,0.0,0,0.277,-17.485,1,0,0.911,124.944,0.728,10
0.99,0.396,144680,0.246,0,0.893,6,0.165,-21.15,1,0,0.0565,63.823,0.6679999999999999,10
0.00161,0.443,162107,0.973,0,0.0,4,0.353,-4.386,0,59,0.133,157.872,0.458,2
0.341,0.657,177227,0.7340000000000001,0,0.46,0,0.505,-15.193,1,29,0.0437,134.265,0.939,5
0.721,0.6679999999999999,243427,0.317,1,0.4320000000000001,1,0.14300000000000002,-15.705,0,51,0.0329,85.831,0.348,3
0.000971,0.28800000000000003,231853,0.933,0,0.0,8,0.133,-6.947,0,46,0.0968,98.918,0.4970000000000001,2
0.89,0.433,527267,0.302,0,0.00397,10,0.331,-12.214,0,29,0.035,121.41,0.124,6
0.983,0.728,171587,0.218,0,0.625,8,0.0821,-11.744000000000002,1,0,0.053,116.464,0.8220000000000001,10
0.00041500000000000017,0.366,200707,0.6509999999999999,0,0.00526,4,0.271,-3.842,1,68,0.031,151.343,0.257,1
0.181,0.617,252573,0.895,0,0.0,2,0.122,-3.5980000000000003,1,25,0.0334,131.681,0.958,4
0.528,0.628,118911,0.087,1,0.0,4,0.438,-17.939,0,0,0.963,168.926,0.35600000000000004,8
0.954,0.618,229227,0.124,0,0.546,1,0.142,-16.883,1,37,0.0344,111.114,0.491,3
0.363,0.655,300745,0.679,0,0.00288,1,0.0381,-7.6629999999999985,1,27,0.0457,88.65299999999998,0.937,5
0.00517,0.449,177960,0.828,0,0.541,6,0.107,-4.901,1,36,0.0664,170.196,0.623,3
0.287,0.499,234861,0.8320000000000001,0,3.77e-05,4,0.6779999999999999,-6.994,1,42,0.0506,138.024,0.489,5
0.804,0.7240000000000001,174760,0.14800000000000002,0,0.0,6,0.112,-13.421,1,24,0.0366,74.13,0.809,7
0.847,0.29,535267,0.294,0,0.905,10,0.199,-14.603,1,25,0.0408,107.024,0.139,7
0.0253,0.794,226154,0.524,1,0.00613,4,0.11,-7.625,1,56,0.115,130.122,0.604,1
0.7609999999999999,0.5379999999999999,212467,0.35600000000000004,0,1.83e-05,4,0.103,-13.669,1,42,0.0392,133.88299999999998,0.499,5
6.76e-06,0.424,127343,0.619,0,0.16399999999999998,2,0.214,-5.925,1,65,0.0434,120.022,0.454,0
0.355,0.7829999999999999,236693,0.669,0,0.0,9,0.0826,-9.438,1,35,0.043,122.772,0.871,3
0.000132,0.477,222800,0.8740000000000001,0,0.102,7,0.146,-5.432,1,38,0.0332,95.056,0.688,3
0.5529999999999999,0.617,250973,0.339,0,0.00241,7,0.102,-14.841,1,27,0.0276,76.205,0.527,5
0.989,0.8029999999999999,20253,0.00551,0,0.0,3,0.13,-22.426,1,0,0.0667,92.809,0.0,7
0.614,0.459,249057,0.528,0,0.0623,5,0.253,-9.554,1,0,0.0703,93.226,0.387,8
0.879,0.189,243893,0.21,0,0.00205,8,0.147,-15.554,0,18,0.0308,144.453,0.187,6
0.113,0.7070000000000001,119759,0.399,0,0.215,7,0.308,-12.086,1,0,0.0354,103.729,0.477,8
0.6759999999999999,0.622,106267,0.584,0,7.99e-06,7,0.0584,-7.345,1,30,0.0296,82.529,0.897,6
0.957,0.234,73427,0.0369,0,0.569,1,0.505,-30.725,1,0,0.0439,117.325,0.126,7
0.0243,0.721,221240,0.371,0,0.0,6,0.0483,-14.586,0,35,0.459,119.623,0.675,3
0.5770000000000001,0.8,153880,0.379,0,0.0,4,0.142,-11.139,1,44,0.13,113.463,0.941,3
0.0054,0.599,218760,0.525,0,0.0,4,0.0843,-12.568,0,35,0.0281,111.656,0.617,3
0.00484,0.426,196107,0.977,1,0.361,3,0.29,-7.371,1,41,0.268,170.00799999999995,0.449,3
0.0026,0.272,635272,0.8320000000000001,0,0.147,0,0.0547,-6.896,0,30,0.0632,85.399,0.625,5
0.4970000000000001,0.616,217133,0.679,0,1.39e-06,10,0.0874,-8.092,0,46,0.0677,172.69799999999995,0.8059999999999999,2
0.994,0.392,206707,0.299,0,0.126,8,0.139,-11.175999999999998,0,0,0.0409,102.409,0.424,7
0.522,0.369,226453,0.305,0,0.0,1,0.0579,-14.303,1,63,0.0267,94.791,0.376,6
0.348,0.597,205400,0.399,0,3.26e-05,7,0.107,-11.169,1,22,0.0322,146.297,0.6990000000000001,4
0.988,0.4370000000000001,167413,0.09,0,0.923,3,0.126,-25.301,1,0,0.0951,93.413,0.481,7
0.029,0.782,250200,0.639,1,0.0,1,0.197,-8.154,1,47,0.365,95.116,0.487,3
0.0579,0.802,172196,0.82,1,0.0,10,0.149,-5.9689999999999985,0,71,0.146,164.005,0.613,1
0.8290000000000001,0.6970000000000001,169874,0.812,0,2.02e-05,3,0.445,-9.751,0,0,0.127,80.092,0.7,9
0.277,0.5720000000000001,216067,0.416,0,0.0,9,0.0968,-9.733,1,33,0.0236,93.509,0.257,3
0.0646,0.6509999999999999,98400,0.324,1,0.0,5,0.183,-12.299,0,0,0.949,160.314,0.472,10
0.594,0.383,273867,0.35100000000000003,0,1.18e-06,10,0.942,-9.385,1,50,0.0298,135.582,0.192,3
0.8859999999999999,0.279,150000,0.413,0,0.823,3,0.371,-13.723,1,0,0.0416,125.967,0.376,8
0.562,0.715,121834,0.146,0,0.0,5,0.173,-18.413,1,1,0.903,112.286,0.473,7
0.858,0.593,191987,0.122,0,0.332,10,0.23,-18.109,0,2,0.0476,126.644,0.458,9
0.000103,0.455,328333,0.816,0,2.78e-05,8,0.255,-7.896,1,27,0.0617,126.047,0.468,4
0.00473,0.33,370493,0.823,0,0.00233,1,0.634,-9.94,1,33,0.0748,125.862,0.657,5
0.99,0.526,202533,0.235,0,1.14e-06,5,0.0825,-9.349,1,2,0.0291,93.486,0.57,9
0.615,0.51,283533,0.54,0,0.0,4,0.258,-12.67,1,11,0.0507,107.453,0.569,6
0.5329999999999999,0.551,296267,0.512,0,0.0,2,0.156,-12.123,1,41,0.033,104.135,0.394,3
0.981,0.21600000000000005,120333,0.128,0,0.0,11,0.18600000000000005,-18.953,0,0,0.0749,170.80900000000003,0.0385,7
0.065,0.733,96053,0.314,1,0.0,1,0.365,-14.554,1,0,0.926,122.487,0.417,10
0.915,0.46,123427,0.168,0,0.975,5,0.103,-15.64,1,12,0.0263,90.145,0.205,6
0.8109999999999999,0.381,214427,0.387,0,1e-05,10,0.0595,-14.202,0,25,0.0497,76.161,0.32299999999999995,6
0.000195,0.417,344400,0.7979999999999999,0,2.89e-05,0,0.0831,-4.967,1,47,0.0368,98.117,0.156,3
0.00014199999999999998,0.438,179427,0.5710000000000001,0,0.00587,5,0.101,-10.898,1,40,0.0397,138.296,0.616,5
0.7659999999999999,0.59,178846,0.493,0,0.0102,5,0.243,-8.15,1,14,0.0464,90.417,0.603,7
0.0727,0.698,101648,0.16699999999999998,1,1.1e-05,1,0.0736,-20.365,1,0,0.945,104.178,0.575,8
0.917,0.578,81067,0.0226,0,0.823,1,0.139,-20.664,1,53,0.173,137.05200000000002,0.145,5
0.505,0.335,124640,0.369,0,0.0,5,0.18600000000000005,-11.396,1,36,0.0322,121.748,0.711,6
0.425,0.643,152375,0.329,1,0.665,1,0.0958,-12.598,1,63,0.0898,156.959,0.202,1
0.7240000000000001,0.638,233157,0.196,0,0.0,1,0.249,-21.198,1,0,0.962,87.756,0.472,9
0.83,0.398,402400,0.5379999999999999,0,1.18e-06,10,0.746,-7.972,1,39,0.0472,124.625,0.369,2
0.0118,0.773,284693,0.297,1,0.000132,10,0.13699999999999998,-17.819000000000006,0,53,0.335,88.265,0.442,3
0.38,0.464,187240,0.334,0,0.0,4,0.103,-10.941,1,35,0.0257,73.104,0.161,3
0.94,0.124,198147,0.0642,0,0.975,8,0.123,-22.157,1,18,0.036000000000000004,170.08599999999996,0.151,6
0.0563,0.67,214093,0.695,0,0.00136,9,0.0464,-11.196,1,34,0.0422,94.841,0.898,3
0.963,0.133,377948,0.408,0,0.843,8,0.14800000000000002,-11.263,1,0,0.0467,62.403,0.0501,8
0.233,0.5710000000000001,165733,0.6579999999999999,0,1.15e-06,7,0.0396,-7.17,1,40,0.237,211.195,0.941,3
0.128,0.34,124053,0.991,0,0.0,7,0.105,-4.205,1,53,0.252,169.88,0.598,3
0.8740000000000001,0.45,166947,0.284,0,0.0,9,0.376,-9.715,0,1,0.0276,106.799,0.256,7
0.007909999999999999,0.679,143208,0.182,1,0.0,2,0.452,-21.238000000000003,1,0,0.929,144.166,0.585,10
0.991,0.375,214173,0.14,0,4.34e-05,8,0.114,-12.327,1,15,0.0301,102.77,0.221,7
0.884,0.705,289200,0.0674,0,0.0,5,0.197,-26.5,1,0,0.868,126.101,0.257,7
0.866,0.5479999999999999,186133,0.444,0,0.0,3,0.134,-9.4,1,64,0.0384,169.917,0.62,1
0.519,0.591,247400,0.303,0,0.000113,0,0.0688,-11.472,1,33,0.027000000000000003,167.96400000000003,0.6629999999999999,4
0.79,0.494,145773,0.198,0,0.0,9,0.294,-11.384,1,40,0.0594,140.87,0.648,5
0.127,0.6579999999999999,257733,0.495,0,0.0,11,0.29600000000000004,-13.923,1,29,0.0309,140.36,0.725,3
0.914,0.179,282627,0.32,0,0.00243,2,0.0929,-11.895,1,37,0.0318,86.75200000000002,0.0393,3
0.6679999999999999,0.7559999999999999,206800,0.784,0,0.0,2,0.287,-7.627999999999999,1,16,0.177,102.874,0.918,7
0.828,0.35700000000000004,149307,0.358,0,0.0925,11,0.127,-12.317,1,36,0.0277,180.413,0.597,6
0.979,0.5760000000000001,76800,0.175,0,0.00157,7,0.345,-16.432000000000002,0,13,0.0775,108.781,0.652,7
0.962,0.247,599874,0.234,0,0.588,6,0.45,-10.34,1,0,0.0508,168.321,0.282,8
0.669,0.6659999999999999,114800,0.289,1,0.0,2,0.12,-15.15,1,0,0.833,94.344,0.597,7
0.995,0.629,101653,0.0649,0,0.926,11,0.0921,-24.904,1,0,0.0398,81.443,0.421,8
0.00081,0.534,232000,0.635,0,0.0,5,0.0699,-7.145,1,40,0.0248,76.569,0.57,3
0.0778,0.713,177107,0.7,0,0.0127,4,0.0861,-7.778,1,40,0.0318,140.52,0.973,4
0.518,0.7170000000000001,380960,0.325,0,0.000616,6,0.293,-22.639,0,3,0.925,123.573,0.606,7
0.0264,0.8220000000000001,241933,0.7390000000000001,0,4.26e-05,1,0.181,-4.541,0,70,0.0311,118.992,0.745,2
0.552,0.725,274693,0.526,0,0.00013000000000000002,5,0.115,-12.166,1,37,0.0309,112.811,0.479,4
0.983,0.578,61309,0.498,0,0.8490000000000001,3,0.262,-13.15,1,1,0.247,194.746,0.96,9
0.287,0.764,260907,0.878,0,0.00356,5,0.18,-5.647,0,42,0.0523,112.37,0.825,3
0.0434,0.494,316867,0.933,0,0.00108,2,0.228,-5.977,1,63,0.0808,121.201,0.507,4
0.935,0.718,192200,0.259,0,0.000321,2,0.308,-11.036,0,19,0.0379,128.843,0.68,8
0.979,0.589,255974,0.233,0,0.00156,9,0.0715,-11.365,1,0,0.052000000000000005,122.404,0.588,8
0.957,0.423,174890,0.21,0,0.0,5,0.277,-13.043,1,0,0.0389,97.341,0.35,9
0.122,0.529,372147,0.505,0,0.585,7,0.247,-14.447,1,42,0.039,117.685,0.338,5
0.0748,0.615,174267,0.637,1,0.0,1,0.0779,-6.1960000000000015,1,56,0.463,85.428,0.833,2
0.893,0.188,186853,0.171,0,0.168,2,0.358,-15.236,0,7,0.0354,91.849,0.146,7
0.975,0.7020000000000001,92709,0.44,0,0.238,8,0.777,-12.09,0,0,0.39,129.041,0.873,8
0.794,0.19,266707,0.0281,0,0.561,8,0.154,-29.433000000000003,1,18,0.0401,133.559,0.0659,6
0.85,0.5660000000000001,204040,0.334,0,0.0,4,0.632,-13.626,1,38,0.0309,124.193,0.64,5
0.16399999999999998,0.404,167173,0.81,0,0.0,9,0.504,-4.033,0,69,0.189,154.918,0.34,1
0.0197,0.455,156040,0.8809999999999999,0,0.0,9,0.0622,-5.7170000000000005,1,11,0.13,182.935,0.82,6
0.516,0.336,243987,0.355,0,1.7e-06,5,0.13,-11.783,1,50,0.0362,67.765,0.136,4
0.516,0.563,409507,0.179,0,0.0892,0,0.0994,-21.453000000000007,1,17,0.0602,72.96600000000002,0.423,6
0.13,0.579,262800,0.454,0,2.5e-06,4,0.0628,-9.351,0,44,0.0267,84.62700000000002,0.226,3
0.316,0.611,420960,0.478,0,0.0,0,0.0677,-13.737,1,48,0.145,171.28799999999995,0.742,4
0.00377,0.316,619969,0.877,0,0.378,9,0.28600000000000003,-11.049,1,32,0.101,138.093,0.574,5
0.955,0.728,188760,0.243,0,0.00219,5,0.0882,-12.76,0,26,0.0777,110.777,0.8029999999999999,9
0.981,0.3670000000000001,21629,0.14400000000000002,0,0.888,8,0.0974,-26.339,1,0,0.0593,147.236,0.951,9
0.993,0.536,273867,0.0397,0,0.000801,9,0.0866,-21.575,1,1,0.066,126.73,0.269,7
0.0132,0.454,132707,0.618,0,0.0,4,0.0729,-8.225,1,14,0.0255,82.102,0.748,6
0.853,0.723,178733,0.358,0,0.0,4,0.108,-12.406,1,36,0.0312,82.723,0.866,3
0.921,0.441,98026,0.312,0,0.0,7,0.147,-6.2170000000000005,1,0,0.0285,113.094,0.18600000000000005,8
0.981,0.782,212387,0.521,0,0.828,7,0.142,-10.843,1,1,0.0723,110.851,0.955,9
0.964,0.622,107347,0.05,0,5.48e-06,10,0.287,-21.498,0,4,0.8540000000000001,145.04,0.644,7
0.359,0.599,358307,0.5579999999999999,0,1.3e-06,2,0.217,-9.163,0,39,0.0526,164.34400000000005,0.8420000000000001,5
0.153,0.775,183693,0.63,0,0.0,5,0.138,-6.938,1,27,0.0503,75.122,0.889,4
0.965,0.383,119733,0.0372,0,0.0,9,0.109,-24.174,0,0,0.0511,137.49,0.146,7
0.901,0.442,166613,0.122,0,0.0105,9,0.105,-20.102,1,30,0.0354,114.333,0.392,5
0.962,0.336,778227,0.209,0,0.696,3,0.0864,-16.683,1,0,0.0374,131.283,0.319,8
0.502,0.65,170093,0.385,0,1.82e-05,11,0.183,-15.443,0,0,0.235,105.712,0.8220000000000001,9
0.926,0.388,145533,0.301,0,1.04e-05,7,0.08800000000000001,-10.224,1,12,0.0267,84.316,0.214,7
0.473,0.696,98800,0.35,1,0.0,2,0.191,-18.92,0,0,0.903,84.318,0.18600000000000005,7
0.172,0.39,299760,0.649,0,0.0,2,0.21600000000000005,-5.1629999999999985,1,74,0.0345,121.16,0.14400000000000002,3
0.833,0.6709999999999999,161773,0.364,0,3.83e-06,1,0.0705,-10.582,1,0,0.0416,79.15899999999998,0.6920000000000001,9
0.152,0.442,158960,0.932,0,0.000681,4,0.338,-3.358,1,27,0.0763,130.72299999999998,0.8440000000000001,6
0.00252,0.768,267933,0.5329999999999999,1,0.899,6,0.331,-11.189,1,54,0.147,100.839,0.4370000000000001,3
0.6940000000000001,0.6890000000000001,164973,0.647,0,0.0,3,0.112,-10.457,1,25,0.0937,143.564,0.89,6
0.000819,0.504,249840,0.966,0,0.0747,5,0.226,-3.116,1,33,0.0329,129.595,0.742,3
0.866,0.759,178427,0.483,0,0.951,5,0.183,-9.587,1,27,0.0283,92.985,0.746,6
0.525,0.698,120500,0.18600000000000005,0,0.0,1,0.439,-23.475,1,0,0.929,84.251,0.4970000000000001,7
0.104,0.809,188200,0.5429999999999999,0,0.0008289999999999999,6,0.317,-11.193,1,24,0.0327,117.915,0.889,4
3.03e-06,0.23,209573,0.985,0,0.894,2,0.0949,-14.46,1,31,0.0855,111.79,0.0365,4
0.889,0.433,303000,0.226,0,0.903,5,0.335,-20.231,0,16,0.045,196.502,0.6579999999999999,6
0.757,0.556,154370,0.438,0,0.0,8,0.155,-4.142,1,0,0.04,111.388,0.64,7
0.228,0.68,217627,0.8809999999999999,0,0.0,0,0.363,-6.774,0,43,0.0336,111.532,0.946,4
0.6990000000000001,0.708,228080,0.556,0,0.00861,5,0.114,-12.831,1,37,0.034,111.269,0.701,3
0.992,0.506,81733,0.0151,0,0.868,1,0.104,-19.422,0,0,0.117,136.22899999999998,0.584,10
0.741,0.8,211255,0.464,0,1.54e-06,7,0.131,-7.432,1,71,0.0323,100.718,0.87,3
0.0354,0.778,247133,0.669,0,0.0132,7,0.0973,-9.735,1,47,0.0367,123.543,0.8340000000000001,4
0.964,0.343,384933,0.414,0,0.5920000000000001,0,0.421,-11.431,0,0,0.0345,139.667,0.381,8
0.264,0.402,184347,0.217,0,0.0,7,0.787,-11.279000000000002,1,0,0.0411,112.602,0.429,9
0.322,0.208,164133,0.253,0,0.5710000000000001,2,0.261,-13.175,1,44,0.033,68.92,0.121,5
0.818,0.5710000000000001,162480,0.449,0,0.688,0,0.281,-16.077,1,44,0.0382,113.165,0.172,1
0.271,0.598,311867,0.2,0,1.75e-06,1,0.15,-23.134,1,9,0.047,90.024,0.7120000000000001,7
0.344,0.5379999999999999,249320,0.449,0,0.0,1,0.157,-8.078,1,71,0.0463,132.639,0.27,1
0.00558,0.489,190560,0.868,0,0.0,6,0.602,-3.8,1,44,0.13,164.98,0.6579999999999999,2
0.78,0.35700000000000004,213533,0.373,0,0.596,8,0.163,-10.501,1,15,0.033,129.11,0.563,7
0.816,0.635,278867,0.725,0,6.13e-06,4,0.0884,-5.4510000000000005,0,45,0.0456,98.955,0.58,2
0.00787,0.6629999999999999,299640,0.792,0,0.00183,9,0.5820000000000001,-11.255,1,59,0.0456,115.386,0.443,4
0.0162,0.489,215000,0.595,0,0.0,3,0.101,-6.747000000000001,1,47,0.0437,119.985,0.171,1
0.0738,0.546,269933,0.685,0,0.0144,2,0.0412,-9.508,0,39,0.0426,113.209,0.858,4
0.588,0.633,199587,0.632,0,0.0,7,0.0499,-9.55,1,54,0.0643,150.024,0.792,2
0.00239,0.429,266773,0.6609999999999999,0,0.00013000000000000002,11,0.234,-7.227,1,51,0.0281,173.365,0.285,2
0.6459999999999999,0.679,129400,0.242,0,0.0,1,0.168,-18.66,1,0,0.949,78.929,0.821,10
0.7809999999999999,0.738,201773,0.251,0,2.88e-06,3,0.184,-9.761,1,15,0.0436,113.161,0.8959999999999999,6
0.412,0.777,111300,0.133,1,0.0,7,0.443,-16.651,1,0,0.952,65.561,0.715,8
0.384,0.624,153627,0.344,0,0.7190000000000001,1,0.0991,-13.597,1,21,0.029,133.26,0.466,6
0.973,0.391,159707,0.0798,0,0.000128,9,0.093,-16.114,0,8,0.0371,83.228,0.2,8
0.65,0.503,192427,0.586,0,2.04e-05,4,0.28300000000000003,-2.521,0,60,0.0283,105.155,0.6679999999999999,2
0.193,0.799,215773,0.687,0,0.000188,2,0.0307,-5.682,1,71,0.0431,108.804,0.965,4
0.00265,0.624,230707,0.757,0,1.87e-06,7,0.189,-2.94,1,62,0.0296,121.07,0.6579999999999999,1
0.619,0.632,174467,0.575,0,0.0,5,0.174,-11.244000000000002,0,14,0.311,98.597,0.743,6
0.973,0.35100000000000003,195109,0.527,0,0.000112,3,0.221,-9.731,1,0,0.0482,121.105,0.448,9
0.0762,0.6920000000000001,174586,0.7090000000000001,0,1.64e-06,9,0.103,-5.8889999999999985,1,60,0.03,80.015,0.662,1
0.932,0.209,155027,0.116,0,2.58e-06,4,0.121,-17.461,1,34,0.0345,80.749,0.19,7
0.993,0.507,180693,0.0593,0,0.966,8,0.142,-18.78,1,38,0.0417,142.388,0.518,7
0.525,0.6709999999999999,232173,0.731,0,0.000731,4,0.108,-6.843,0,21,0.061,85.775,0.812,5
0.441,0.562,157307,0.728,0,3.33e-05,5,0.35100000000000003,-9.14,1,42,0.0984,78.205,0.731,7
0.913,0.469,226200,0.326,0,0.0267,9,0.188,-11.932,0,0,0.0384,101.315,0.568,8
0.0509,0.743,203373,0.732,1,1.77e-05,8,0.227,-4.511,1,78,0.104,123.994,0.339,1
0.128,0.563,171573,0.917,1,8.47e-06,8,0.404,-4.753,1,60,0.158,92.074,0.573,1
0.0897,0.659,221120,0.664,0,0.0,6,0.109,-7.741,1,64,0.0282,151.996,0.621,1
0.337,0.555,171000,0.6559999999999999,0,7.809999999999999e-05,7,0.0961,-9.721,0,55,0.0313,107.862,0.68,3
0.562,0.358,175107,0.0779,0,0.789,7,0.115,-22.451,1,1,0.0338,74.428,0.0549,8
0.977,0.544,207693,0.251,0,0.203,7,0.114,-11.849,1,1,0.0706,125.393,0.4,8
0.00911,0.59,262307,0.561,0,0.0,2,0.0981,-7.612999999999999,1,47,0.058,134.936,0.15,1
0.00901,0.639,156933,0.7809999999999999,0,0.000107,4,0.151,-10.675999999999998,1,36,0.0545,154.4,0.8809999999999999,5
0.0724,0.551,225547,0.715,1,0.0,6,0.145,-7.442,0,52,0.0338,139.966,0.414,2
0.72,0.165,162627,0.436,0,0.0,2,0.225,-7.921,1,27,0.0341,175.835,0.314,6
0.865,0.606,186773,0.156,0,0.0,8,0.348,-14.084,1,0,0.0494,140.82,0.662,8
0.804,0.655,167467,0.29100000000000004,0,0.058,0,0.312,-13.81,0,38,0.0364,153.826,0.629,5
0.982,0.615,381467,0.136,0,0.799,4,0.107,-17.272000000000002,0,22,0.0522,145.884,0.448,7
0.113,0.563,222920,0.75,1,0.0,11,0.0788,-4.496,1,73,0.127,173.90599999999995,0.812,2
0.995,0.847,191120,0.225,0,0.626,0,0.126,-12.448,1,0,0.134,113.45,0.858,10
0.0009880000000000002,0.8809999999999999,308733,0.83,0,0.00165,0,0.312,-12.192,1,29,0.127,131.16299999999998,0.7509999999999999,3
0.987,0.228,70754,0.0277,0,0.636,8,0.249,-35.598,1,31,0.0417,69.089,0.0341,4
0.815,0.458,124800,0.364,0,0.0,8,0.0674,-9.989,1,7,0.151,163.461,0.635,7
0.974,0.638,168800,0.146,0,1.06e-05,10,0.274,-15.832,1,6,0.0463,104.924,0.426,9
0.182,0.79,169620,0.629,1,7.06e-06,8,0.338,-4.055,1,60,0.142,170.023,0.267,1
8.08e-05,0.522,177267,0.789,0,0.775,5,0.328,-7.997999999999997,1,28,0.0274,77.02199999999998,0.265,4
0.162,0.675,223760,0.927,0,1.77e-06,0,0.337,-3.455,1,51,0.0446,119.992,0.629,2
0.855,0.809,94933,0.541,1,0.000977,3,0.142,-6.525,1,63,0.252,92.132,0.8109999999999999,1
0.746,0.6659999999999999,179086,0.428,0,0.0,7,0.12,-6.7929999999999975,1,30,0.032,114.589,0.831,6
0.596,0.449,176053,0.32,0,2.24e-05,2,0.468,-11.774,1,36,0.0304,99.498,0.471,5
0.484,0.474,158613,0.478,0,0.0,7,0.0833,-8.951,1,57,0.0343,120.326,0.831,6
0.308,0.767,150213,0.8440000000000001,0,0.0,5,0.0788,-7.181,1,17,0.0399,126.038,0.851,6
0.7759999999999999,0.411,220133,0.387,0,0.000108,1,0.703,-12.565,1,50,0.0308,90.303,0.329,2
0.995,0.5,198533,0.204,0,0.964,0,0.105,-18.324,0,13,0.0398,102.308,0.5379999999999999,7
0.000252,0.273,277093,0.831,0,0.00485,9,0.06,-14.001,0,41,0.0654,146.875,0.307,4
0.901,0.278,373880,0.239,0,0.141,6,0.18,-15.248,1,48,0.0353,169.229,0.204,1
0.0419,0.8240000000000001,310387,0.82,0,0.00492,1,0.14,-6.678,1,37,0.106,112.822,0.909,4
0.161,0.649,334560,0.341,0,0.000805,7,0.0586,-13.004,1,31,0.0819,129.409,0.535,6
0.0166,0.629,193067,0.773,0,1.5e-05,9,0.196,-6.035,1,54,0.0272,121.941,0.524,3
0.0929,0.556,237947,0.574,1,0.000219,10,0.113,-8.555,0,50,0.0951,138.954,0.29,1
0.993,0.321,184879,0.201,0,0.416,3,0.146,-12.3,0,0,0.0504,97.132,0.349,9
0.015,0.58,228438,0.6709999999999999,0,0.00241,4,0.155,-11.125,1,41,0.0507,130.627,0.51,3
0.433,0.51,85227,0.7040000000000001,0,0.378,2,0.316,-9.127,1,21,0.0398,150.165,0.934,4
0.0328,0.388,200920,0.753,0,1e-05,10,0.958,-8.25,1,31,0.0477,166.28900000000004,0.716,3
0.0716,0.568,202867,0.458,0,0.00101,2,0.0783,-12.749,1,25,0.0447,116.589,0.528,5
0.977,0.438,384293,0.27,0,0.181,7,0.108,-8.648,0,0,0.0663,84.589,0.495,8
0.7959999999999999,0.579,344760,0.586,0,0.0188,9,0.182,-12.747,0,33,0.0392,127.748,0.5770000000000001,5
0.777,0.4270000000000001,215360,0.396,0,2e-06,7,0.102,-7.725,1,57,0.0304,133.131,0.369,1
0.00381,0.61,198920,0.8190000000000001,0,7.92e-06,8,0.285,-8.323,1,56,0.0666,100.057,0.454,3
0.727,0.643,90813,0.196,0,0.0,11,0.125,-18.158,0,6,0.946,78.913,0.297,7
0.508,0.588,224867,0.684,0,0.0,1,0.141,-5.154,1,65,0.0288,85.99700000000001,0.121,1
0.8,0.5429999999999999,153293,0.0439,0,0.0,0,0.119,-19.752,1,36,0.041,102.493,0.34,7
0.5710000000000001,0.607,202253,0.457,0,0.00376,2,0.25,-12.943,1,42,0.0272,137.613,0.355,5
0.994,0.8009999999999999,166493,0.113,0,0.206,4,0.129,-12.147,1,0,0.0837,117.063,0.672,10
0.8220000000000001,0.544,291587,0.403,0,5.17e-05,5,0.109,-12.093,0,31,0.0711,127.027,0.534,4
0.652,0.457,505693,0.395,0,4.52e-06,5,0.31,-15.072,0,39,0.0376,106.404,0.479,4
0.853,0.51,254919,0.363,0,0.0,5,0.109,-8.635,1,68,0.0304,78.0,0.426,1
0.762,0.459,276280,0.276,0,0.0,8,0.108,-9.092,1,49,0.0274,92.917,0.238,2
0.965,0.236,223000,0.173,0,0.889,0,0.226,-17.686,1,8,0.0367,79.882,0.467,6
0.000305,0.211,107573,0.7959999999999999,0,0.00274,11,0.306,-10.598,0,40,0.0431,141.27100000000004,0.496,3
0.111,0.657,166693,0.872,0,0.713,2,0.0857,-7.279,1,17,0.0512,136.512,0.738,6
0.519,0.758,174907,0.325,0,1.94e-05,5,0.152,-8.937999999999997,1,15,0.0355,127.075,0.6759999999999999,7
0.00633,0.867,364800,0.597,1,0.0,7,0.279,-8.576,1,33,0.254,94.659,0.393,4
0.00984,0.847,238748,0.736,1,0.0,11,0.889,-7.195,0,41,0.218,94.4,0.563,3
0.986,0.246,221426,0.193,0,0.000315,1,0.34700000000000003,-15.366,1,0,0.056,81.594,0.0739,7
0.263,0.648,200773,0.6809999999999999,0,0.00783,2,0.0971,-8.389,0,76,0.0378,157.941,0.767,0
0.99,0.182,397800,0.26,0,0.0111,10,0.354,-16.355,1,0,0.0376,81.312,0.112,7
0.914,0.752,145240,0.17,0,0.353,0,0.115,-18.77,1,37,0.0406,121.212,0.495,3
0.161,0.55,205463,0.415,0,0.0,9,0.108,-6.557,0,75,0.052000000000000005,172.065,0.274,1
0.951,0.384,162760,0.262,0,0.857,5,0.0804,-17.907,1,10,0.0437,82.31200000000003,0.196,6
0.13,0.5529999999999999,173531,0.396,0,1.25e-06,8,0.17,-14.02,1,31,0.0393,121.215,0.6970000000000001,3
0.378,0.732,83632,0.643,0,0.0,10,0.363,-8.318,0,62,0.474,88.544,0.644,1
0.0441,0.3670000000000001,153759,0.8640000000000001,0,0.193,4,0.156,-4.753,0,0,0.224,62.203,0.721,9
0.6,0.363,376827,0.738,0,0.00585,9,0.1,-10.107,0,0,0.0677,112.56,0.628,8
0.00132,0.557,245373,0.8,0,0.0012,10,0.0906,-8.477,1,74,0.0601,135.47,0.5820000000000001,2
0.951,0.499,111893,0.245,0,0.0,5,0.226,-11.359000000000002,1,23,0.0344,83.228,0.63,7
0.337,0.679,225307,0.6409999999999999,0,5.72e-06,4,0.106,-11.52,1,21,0.0397,98.117,0.963,4
0.203,0.306,136613,0.662,0,0.0,7,0.312,-11.077,1,25,0.0365,98.391,0.902,6
0.0653,0.665,155368,0.588,1,0.0,5,0.0868,-7.9529999999999985,0,58,0.13699999999999998,80.928,0.157,1
0.0804,0.691,291307,0.413,0,0.024,2,0.0401,-5.632999999999999,1,45,0.0345,116.326,0.487,5
0.504,0.461,168920,0.7140000000000001,0,0.0171,11,0.684,-9.159,0,62,0.313,94.372,0.454,6
0.654,0.259,199320,0.441,0,4.320000000000001e-05,1,0.162,-12.454,1,18,0.0316,100.415,0.151,6
0.223,0.597,232800,0.7559999999999999,0,0.0393,4,0.306,-7.0710000000000015,1,42,0.0409,110.603,0.422,4
0.153,0.276,570667,0.823,0,0.0425,2,0.0922,-7.559,1,19,0.168,147.075,0.255,5
0.0294,0.452,281880,0.8340000000000001,0,0.0,0,0.138,-5.039,1,61,0.0296,186.141,0.321,2
0.7,0.414,338361,0.402,0,0.0,10,0.365,-8.911,0,39,0.0427,105.368,0.171,2
0.0323,0.931,186733,0.54,1,2.63e-06,11,0.249,-10.876,0,40,0.274,99.853,0.617,3
0.789,0.422,223960,0.0548,0,0.943,2,0.111,-25.354,0,16,0.0317,97.611,0.0377,6
0.68,0.196,330000,0.29600000000000004,0,0.868,5,0.131,-18.333,0,21,0.0415,142.015,0.155,5
0.413,0.483,145813,0.411,0,0.284,2,0.055,-15.443,1,26,0.0313,87.86,0.542,5
0.00197,0.442,224667,0.746,0,0.0,1,0.123,-5.4110000000000005,1,54,0.0309,131.957,0.332,2
0.0101,0.476,248000,0.895,0,1.02e-06,4,0.127,-4.857,1,50,0.0299,108.087,0.632,2
0.0441,0.565,233400,0.73,0,0.0,11,0.128,-12.817,0,43,0.04,111.563,0.6920000000000001,4
0.6859999999999999,0.45,646307,0.166,0,0.18600000000000005,1,0.135,-19.058,1,17,0.0338,113.933,0.203,7
0.755,0.3670000000000001,273360,0.34,0,1.56e-05,9,0.0868,-7.877000000000002,1,57,0.0306,149.78799999999995,0.0704,2
0.395,0.536,224373,0.674,0,1.7100000000000002e-05,3,0.231,-9.418,1,48,0.0648,162.94799999999995,0.586,2
0.332,0.306,330267,0.762,0,0.00605,5,0.0835,-7.519,1,45,0.051,99.903,0.15,3
0.317,0.72,338920,0.649,1,0.0,5,0.0886,-5.187,0,45,0.239,147.941,0.243,1
0.117,0.743,107147,0.203,1,0.0,7,0.193,-25.208,1,0,0.772,115.274,0.501,10
0.627,0.586,122440,0.354,0,0.0,9,0.158,-13.329,1,23,0.0395,126.822,0.846,6
0.204,0.602,281027,0.442,0,0.00569,0,0.162,-12.288,1,28,0.0302,85.751,0.688,5
0.628,0.28300000000000003,296707,0.29600000000000004,0,0.0,9,0.887,-4.312,0,50,0.0288,95.284,0.1,1
0.4370000000000001,0.7070000000000001,169853,0.3,0,8.52e-06,10,0.124,-11.295,1,16,0.0383,111.588,0.482,7
0.0516,0.64,263000,0.617,0,0.0,1,0.32299999999999995,-4.6160000000000005,1,36,0.0362,76.99600000000002,0.902,2
0.993,0.453,162973,0.112,0,0.0,9,0.146,-20.313,1,0,0.0563,102.936,0.159,8
0.934,0.514,192000,0.408,0,0.0034100000000000003,5,0.241,-9.29,1,0,0.0566,102.878,0.875,9
0.8320000000000001,0.0896,1163160,0.12,0,0.8640000000000001,11,0.113,-18.803,0,27,0.0406,68.138,0.0388,7
0.7140000000000001,0.68,222947,0.715,0,1.18e-05,0,0.0541,-3.052,1,55,0.0409,92.992,0.8390000000000001,1
0.257,0.484,270667,0.74,0,0.000105,0,0.0999,-6.671,1,58,0.029,84.956,0.393,1
0.00188,0.398,189293,0.96,1,0.0208,5,0.14800000000000002,-4.841,1,42,0.0593,129.944,0.682,3
0.154,0.8109999999999999,264920,0.726,0,0.0,0,0.116,-3.995,1,51,0.0813,131.02700000000002,0.6659999999999999,2
0.249,0.8690000000000001,264867,0.381,0,0.0513,11,0.0644,-10.572,0,41,0.0441,134.392,0.6509999999999999,4
0.0624,0.7979999999999999,98073,0.12,1,8.14e-05,5,0.13699999999999998,-21.639,0,0,0.944,51.872,0.55,8
0.741,0.623,150000,0.727,0,3.59e-05,6,0.516,-7.07,1,9,0.0446,99.281,0.931,6
0.995,0.458,173610,0.227,0,0.0299,8,0.115,-10.965,0,0,0.0798,86.589,0.512,8
0.768,0.452,142693,0.101,0,0.933,1,0.122,-18.548,1,18,0.0295,76.402,0.22,7
0.504,0.765,146861,0.0813,0,1.95e-06,9,0.0682,-20.627,1,56,0.0882,106.018,0.198,1
0.942,0.18600000000000005,394333,0.17,0,0.91,1,0.0669,-14.625,1,20,0.0329,86.587,0.0462,6
0.943,0.446,228893,0.173,0,0.602,3,0.399,-22.202,1,0,0.0561,101.804,0.145,8
0.193,0.443,217400,0.784,0,0.0,6,0.0717,-4.433,0,63,0.0422,176.06,0.525,2
0.0827,0.585,271187,0.779,0,1.77e-06,11,0.151,-5.083,1,54,0.0269,118.015,0.58,1
0.00509,0.8029999999999999,213308,0.759,1,0.0,7,0.0921,-4.692,0,83,0.0494,104.0,0.284,0
0.471,0.503,160360,0.62,0,0.0,11,0.159,-6.069,1,63,0.0296,116.599,0.713,6
0.7959999999999999,0.563,119333,0.821,0,0.0,9,0.16399999999999998,-7.711,1,21,0.229,166.37900000000005,0.815,6
0.172,0.327,462000,0.451,0,0.866,0,0.0939,-12.028,1,16,0.0408,111.868,0.139,6
0.914,0.369,311327,0.46,0,0.000589,7,0.2,-9.261,0,30,0.0344,78.118,0.619,4
0.995,0.29600000000000004,204507,0.596,0,0.8859999999999999,6,0.156,-6.659,0,0,0.0411,79.321,0.7809999999999999,9
0.7120000000000001,0.511,144347,0.47,0,2.7e-05,9,0.159,-5.931,1,0,0.0549,122.864,0.726,7
0.984,0.138,68493,0.28600000000000003,0,0.14800000000000002,10,0.0874,-15.171,1,1,0.0456,69.039,0.127,8
0.988,0.227,178027,0.0516,0,0.0826,1,0.129,-19.345,1,18,0.0426,87.60799999999998,0.0382,7
0.945,0.491,187467,0.07400000000000001,0,0.0,1,0.112,-18.186,0,26,0.0554,109.439,0.201,7
0.0276,0.569,250920,0.836,1,0.0,4,0.479,-3.831,0,62,0.226,75.70100000000002,0.0927,1
0.6709999999999999,0.461,220240,0.404,0,0.0581,0,0.0924,-8.215,1,27,0.043,167.595,0.362,7
0.0346,0.7340000000000001,272093,0.828,0,0.118,10,0.071,-11.018,0,59,0.0318,127.06,0.964,3
0.181,0.471,183760,0.7559999999999999,0,0.0206,1,0.326,-9.436,1,51,0.0577,162.57399999999996,0.862,5
0.904,0.325,136979,0.266,0,0.0805,6,0.1,-11.9,0,0,0.0367,73.956,0.254,7
0.348,0.439,418000,0.512,0,0.0,8,0.154,-12.875,1,65,0.0515,131.386,0.197,4
0.0329,0.6729999999999999,259246,0.696,0,0.428,0,0.138,-11.583,1,0,0.0355,139.995,0.568,9
0.105,0.52,380267,0.905,0,0.0408,9,0.307,-7.587999999999999,0,44,0.0518,174.267,0.8959999999999999,3
0.317,0.353,269640,0.672,0,3.05e-05,8,0.0962,-5.795,1,47,0.04,168.299,0.523,4
0.213,0.6659999999999999,125880,0.706,0,0.000766,4,0.188,-6.1320000000000014,1,48,0.083,148.751,0.925,2
0.967,0.528,205000,0.405,0,0.6659999999999999,5,0.218,-11.651,1,0,0.0751,61.688,0.626,8
0.0157,0.713,209787,0.621,0,0.0181,9,0.165,-4.72,0,45,0.054000000000000006,126.253,0.96,5
0.168,0.634,247613,0.8420000000000001,0,0.000203,11,0.0983,-3.5460000000000003,1,62,0.0295,99.973,0.358,2
0.000311,0.318,286347,0.363,0,0.0,2,0.114,-11.248,1,56,0.0264,90.807,0.418,5
0.76,0.687,138040,0.375,0,0.00126,5,0.135,-13.629,1,2,0.0325,86.083,0.926,7
0.953,0.287,35800,0.32299999999999995,0,0.936,0,0.417,-22.693,1,0,0.0454,142.44,0.104,8
0.138,0.5479999999999999,346333,0.539,0,1.83e-05,4,0.16399999999999998,-6.67,0,63,0.0247,74.956,0.435,1
0.84,0.521,223707,0.37,0,0.000807,0,0.108,-9.345,1,46,0.03,78.12,0.55,7
0.0274,0.556,161613,0.947,0,1.34e-05,9,0.0436,-3.588,0,35,0.0392,137.47799999999998,0.411,5
0.126,0.639,169333,0.78,0,0.0141,0,0.0753,-11.053,1,34,0.032,123.556,0.916,4
0.00232,0.525,161719,0.8490000000000001,0,0.00196,10,0.322,-7.727,0,59,0.0484,128.055,0.277,2
0.292,0.748,240000,0.526,1,0.0,8,0.0471,-10.896,0,45,0.065,136.028,0.7709999999999999,3
0.905,0.61,186958,0.152,0,0.0,3,0.0628,-7.348,1,1,0.0452,107.497,0.487,8
0.988,0.32299999999999995,91440,0.29,0,0.862,8,0.7190000000000001,-21.648000000000003,1,1,0.0752,72.184,0.361,8
0.8390000000000001,0.627,183973,0.23,0,0.944,7,0.0931,-13.964,1,7,0.0581,133.202,0.444,7
0.0474,0.8320000000000001,217680,0.4270000000000001,1,0.0,8,0.101,-8.516,0,50,0.257,99.935,0.369,1
0.986,0.759,178631,0.18,0,0.895,8,0.113,-18.514,1,7,0.0411,97.459,0.8079999999999999,8
0.992,0.679,174840,0.3720000000000001,0,0.321,9,0.442,-6.53,1,0,0.0641,118.763,0.932,10
0.138,0.747,276000,0.609,1,0.0,4,0.105,-6.985,0,54,0.0347,120.051,0.555,3
0.316,0.583,183400,0.642,0,7.049999999999999e-05,11,0.064,-7.576,0,51,0.0248,137.839,0.818,3
0.857,0.433,484467,0.199,0,0.0,7,0.125,-13.765,1,14,0.0374,103.549,0.335,6
0.995,0.206,148133,0.0281,0,0.0117,7,0.0656,-25.34,1,0,0.0416,170.607,0.147,10
0.984,0.544,285573,0.123,0,0.0924,0,0.103,-13.245,1,0,0.049,73.238,0.277,9
0.0283,0.394,266560,0.818,0,0.00147,5,0.245,-7.909,1,32,0.0444,152.852,0.845,5
0.0177,0.513,227623,0.406,0,0.0,8,0.0918,-9.423,1,30,0.13,160.946,0.625,5
0.984,0.546,191733,0.251,0,6.3e-05,8,0.268,-9.035,1,0,0.0854,181.428,0.772,7
0.954,0.168,331307,0.0528,0,0.233,0,0.0618,-26.608,0,2,0.0429,101.801,0.0395,9
0.16399999999999998,0.667,175533,0.6779999999999999,0,9.32e-05,5,0.118,-8.18,1,32,0.0264,110.444,0.92,6
0.000445,0.593,272920,0.933,1,0.384,5,0.068,-4.894,1,54,0.119,153.993,0.4970000000000001,2
0.995,0.456,212627,0.0487,0,0.942,0,0.112,-29.581,1,0,0.0427,74.081,0.401,8
0.0791,0.362,185200,0.882,0,0.0,3,0.15,-3.717,1,62,0.0973,199.811,0.8640000000000001,1
0.583,0.736,123907,0.448,0,0.00035,4,0.0781,-9.194,1,3,0.0349,95.469,0.901,7
0.969,0.522,192493,0.355,0,0.0187,3,0.16,-7.936,1,0,0.0844,86.583,0.735,8
0.00388,0.705,370812,0.701,0,0.0,5,0.058,-4.314,1,53,0.0287,108.992,0.591,1
0.217,0.544,326813,0.557,1,0.000125,7,0.0771,-10.554,1,51,0.0765,87.97,0.105,1
0.028,0.633,231718,0.471,1,4.42e-06,1,0.166,-9.284,1,64,0.282,129.17,0.375,0
0.000328,0.613,232240,0.833,0,0.0006900000000000001,4,0.0765,-4.694,1,48,0.0365,125.025,0.537,1
0.0678,0.645,274000,0.92,0,0.0,7,0.0797,-7.113,1,48,0.042,115.995,0.921,1
0.575,0.0628,1820760,0.0451,0,0.932,3,0.11,-34.09,1,36,0.0387,69.824,0.0342,3
0.08,0.448,53893,0.922,0,4.77e-05,2,0.139,-6.749,1,31,0.0387,205.882,0.905,5
0.632,0.612,125427,0.452,0,0.0,9,0.0599,-11.851,1,22,0.0394,144.299,0.938,6
0.961,0.302,150947,0.179,0,0.909,0,0.195,-13.97,0,15,0.0322,91.096,0.138,7
0.5429999999999999,0.255,311560,0.447,0,0.0147,9,0.0667,-13.761,1,35,0.0285,167.563,0.362,5
0.977,0.0,32707,0.223,0,0.0108,5,0.337,-19.146,0,14,0.0,0.0,0.0,9
6.02e-05,0.349,271307,0.925,0,0.000312,9,0.0577,-6.767,0,40,0.157,138.946,0.282,3
0.209,0.481,192933,0.96,0,0.003820000000000001,1,0.459,-6.364,1,39,0.151,116.06,0.281,5
0.35700000000000004,0.602,234000,0.237,0,0.0,9,0.0958,-13.12,1,25,0.038,130.624,0.442,7
0.52,0.419,338162,0.27,0,0.0438,1,0.0866,-18.742,1,22,0.0379,147.987,0.586,5
0.00234,0.368,195467,0.823,0,1.91e-06,2,0.174,-6.245,1,48,0.0804,128.004,0.32299999999999995,1
0.975,0.455,194677,0.32,0,0.004520000000000001,4,0.606,-13.276,0,0,0.0461,81.085,0.5589999999999999,8
0.8809999999999999,0.451,129720,0.375,0,0.496,7,0.6970000000000001,-21.998,1,41,0.161,85.167,0.835,6
0.958,0.532,198693,0.0981,0,0.000918,4,0.112,-15.384,1,31,0.0381,89.06,0.136,6
0.454,0.342,279267,0.341,0,0.0,11,0.246,-15.613,1,41,0.0933,77.582,0.401,4
0.633,0.629,193160,0.737,0,0.0013800000000000002,0,0.951,-8.497,1,30,0.0762,140.262,0.8740000000000001,4
0.171,0.6409999999999999,227267,0.911,0,0.0,9,0.08199999999999999,-5.959,1,32,0.0418,112.212,0.6809999999999999,4
0.393,0.537,176480,0.731,0,0.0,5,0.0717,-10.523,1,35,0.0521,122.191,0.841,5
0.862,0.685,62467,0.18,0,1.18e-05,6,0.245,-14.612,0,20,0.0753,112.043,0.802,5
0.8190000000000001,0.4970000000000001,189013,0.132,0,2.96e-06,4,0.0883,-18.248,1,13,0.0423,129.403,0.472,7
0.691,0.508,253440,0.407,0,0.5589999999999999,0,0.134,-14.503,1,48,0.0285,147.88,0.285,3
0.971,0.606,168093,0.254,0,0.000642,5,0.188,-13.111,1,4,0.0573,131.88299999999998,0.602,9
0.632,0.621,158707,0.366,0,0.0,11,0.15,-12.201,1,35,0.0288,100.815,0.622,6
0.995,0.256,282013,0.0198,0,0.887,11,0.101,-27.385,1,22,0.0492,72.335,0.127,6
0.0316,0.414,240039,0.708,0,0.0,0,0.0623,-4.181,0,64,0.0912,199.9,0.392,1
0.728,0.7240000000000001,116667,0.258,0,0.0,1,0.0851,-17.032,1,27,0.57,81.255,0.6759999999999999,7
0.0912,0.7929999999999999,248827,0.32,0,0.000496,7,0.13699999999999998,-15.615,0,33,0.0375,114.562,0.639,4
0.000387,0.541,180533,0.905,0,0.0,4,0.385,-4.349,0,41,0.0698,95.986,0.611,2
0.877,0.5920000000000001,176253,0.55,0,0.0,3,0.255,-3.982,1,0,0.026,139.498,0.7609999999999999,10
0.0388,0.932,176640,0.547,1,0.0,0,0.0924,-7.787000000000001,0,75,0.333,94.998,0.695,1
0.743,0.679,180960,0.541,0,0.000833,9,0.114,-6.461,0,9,0.0805,141.187,0.845,7
0.983,0.476,184467,0.132,0,3.22e-06,0,0.107,-12.906,0,8,0.0375,83.565,0.428,9
0.8029999999999999,0.8,169040,0.528,0,0.00656,7,0.151,-10.078,1,0,0.0719,105.054,0.976,9
0.464,0.52,166627,0.448,1,5.79e-06,1,0.285,-8.121,1,62,0.443,195.09,0.451,0
0.682,0.451,533667,0.595,0,5.03e-05,0,0.208,-8.505,1,37,0.0369,102.696,0.4270000000000001,4
0.0204,0.27,173053,0.878,0,4.26e-06,9,0.142,-5.645,1,39,0.0696,123.01,0.495,2
0.785,0.33,147733,0.5379999999999999,0,0.0,2,0.0845,-6.473,1,16,0.0557,206.036,0.823,6
0.961,0.0752,801160,0.0962,0,0.865,6,0.158,-22.731,1,0,0.0421,79.942,0.0361,8
0.98,0.136,498213,0.0955,0,0.917,4,0.085,-21.049,0,51,0.0456,73.976,0.0392,2
0.493,0.928,144200,0.452,0,0.0,2,0.0509,-9.474,1,43,0.125,126.072,0.984,3
0.126,0.493,198733,0.536,0,0.0,4,0.123,-9.931,0,14,0.0326,91.789,0.645,6
0.672,0.308,239250,0.642,0,0.0,1,0.0843,-7.216,1,47,0.13699999999999998,190.057,0.401,2
0.101,0.706,236160,0.8009999999999999,0,0.00159,5,0.138,-11.615,1,67,0.0288,104.535,0.816,3
0.0589,0.617,196427,0.807,0,1.59e-05,7,0.188,-8.867,1,34,0.0344,157.489,0.894,4
0.302,0.507,192373,0.463,0,0.698,9,0.101,-13.065,1,33,0.0374,166.63099999999997,0.7879999999999999,5
0.902,0.259,179600,0.0705,0,0.000595,7,0.0948,-18.49,0,39,0.0337,49.103,0.0551,4
0.0975,0.693,135000,0.5760000000000001,1,0.0,0,0.207,-6.955,1,61,0.0868,159.97799999999995,0.691,1
0.234,0.445,266720,0.706,0,0.000252,8,0.205,-9.803,1,75,0.0461,80.82300000000002,0.768,5
0.621,0.735,236650,0.607,1,2.55e-06,11,0.0793,-5.369,0,74,0.0466,142.006,0.57,0
0.139,0.637,185587,0.769,1,0.0,1,0.29100000000000004,-4.936,0,46,0.29600000000000004,179.884,0.77,2
0.129,0.706,205861,0.7829999999999999,1,0.0,2,0.0952,-5.3370000000000015,1,59,0.424,130.195,0.513,1
0.805,0.703,147040,0.292,0,3.76e-06,1,0.08,-10.924,1,44,0.036000000000000004,84.03200000000002,0.855,5
0.956,0.619,276493,0.341,0,6.03e-06,3,0.878,-12.511,1,37,0.0425,127.241,0.79,6
0.174,0.755,249360,0.833,0,0.0,5,0.997,-5.4910000000000005,1,49,0.0376,92.0,0.764,2
0.00199,0.391,224160,0.94,0,0.00328,6,0.381,-4.158,0,42,0.106,172.42,0.479,2
0.758,0.173,124307,0.54,0,0.000504,2,0.633,-9.991,1,7,0.0329,89.285,0.445,6
0.34700000000000003,0.386,188476,0.453,0,1.16e-06,10,0.25,-8.281,1,42,0.0462,179.832,0.967,3
0.6,0.485,212880,0.253,0,0.0368,5,0.104,-14.639,1,38,0.0275,77.885,0.334,4
0.324,0.52,339973,0.778,1,0.0,9,0.8959999999999999,-4.1610000000000005,1,56,0.26,164.67700000000005,0.388,1
0.993,0.349,176400,0.253,0,0.341,6,0.171,-11.485,0,0,0.0461,180.049,0.429,8
0.248,0.464,345160,0.688,0,0.000261,1,0.629,-7.444,1,53,0.0549,75.054,0.183,1
0.906,0.5920000000000001,134773,0.28,0,0.00122,11,0.109,-14.453,1,45,0.0495,107.384,0.631,1
0.918,0.404,202347,0.25,0,0.000459,10,0.107,-11.797,0,11,0.0414,152.415,0.53,7
0.995,0.573,95867,0.0574,0,0.94,8,0.109,-26.037,0,2,0.0467,94.268,0.705,9
0.00201,0.455,148800,0.815,0,0.544,2,0.241,-6.494,1,24,0.0428,146.924,0.5529999999999999,4
0.957,0.569,114867,0.151,0,3.4200000000000005e-05,10,0.0948,-16.009,1,17,0.0448,119.531,0.562,7
0.991,0.705,200594,0.256,0,0.442,8,0.121,-11.366,0,0,0.0536,133.82299999999998,0.7070000000000001,7
1.2e-05,0.5589999999999999,264373,0.868,0,0.00394,11,0.0418,-4.738,0,59,0.0475,140.02100000000002,0.684,1
0.0413,0.784,302133,0.8909999999999999,0,0.0147,8,0.244,-12.602,0,48,0.0737,127.269,0.955,4
0.7909999999999999,0.816,198333,0.5489999999999999,0,3.4e-05,7,0.117,-8.649,1,70,0.0312,111.032,0.8859999999999999,1
0.846,0.7120000000000001,231448,0.217,0,5.610000000000002e-05,7,0.265,-12.944,1,55,0.0813,136.986,0.468,1
0.691,0.529,171886,0.463,0,0.0,4,0.406,-11.575,1,1,0.158,84.46700000000001,0.64,7
0.0235,0.28,300373,0.965,0,0.0,11,0.199,-5.2879999999999985,0,41,0.188,177.41299999999995,0.255,2
0.361,0.599,220199,0.363,0,0.0,11,0.112,-7.18,1,40,0.025,141.571,0.256,3
0.17600000000000002,0.383,118693,0.528,0,0.00316,1,0.34600000000000003,-8.841000000000003,1,17,0.0309,136.579,0.462,6
0.631,0.387,281173,0.484,0,0.385,9,0.0818,-8.399,1,25,0.0309,169.451,0.644,6
0.413,0.5539999999999999,515067,0.46,0,1.82e-06,0,0.287,-10.798,0,16,0.0452,134.048,0.531,6
0.199,0.6940000000000001,207269,0.679,1,0.0,2,0.111,-6.9110000000000005,1,57,0.118,103.98,0.0703,1
0.947,0.285,193394,0.28800000000000003,0,0.094,7,0.135,-12.816,1,9,0.0453,65.14,0.247,9
0.333,0.35,123533,0.544,0,0.00014099999999999998,6,0.271,-8.821,1,12,0.0329,154.769,0.905,6
0.431,0.62,573800,0.5579999999999999,0,7.929999999999999e-05,9,0.105,-14.233,0,28,0.213,94.228,0.902,5
0.994,0.6,202000,0.174,0,0.805,4,0.173,-9.047,1,0,0.0449,118.107,0.594,9
0.8029999999999999,0.241,195853,0.307,0,2.52e-05,1,0.0585,-10.856,1,24,0.0317,113.384,0.152,7
0.973,0.441,279316,0.104,0,0.354,6,0.119,-22.399,0,59,0.0459,120.266,0.156,1
0.375,0.672,214987,0.6,0,4.05e-06,2,0.212,-5.693,1,41,0.0248,105.04,0.498,2
0.0147,0.662,317360,0.805,0,0.00155,6,0.0775,-6.3870000000000005,1,42,0.0572,77.88,0.763,3
0.0329,0.425,279933,0.922,0,0.019,1,0.0773,-9.41,1,29,0.0426,122.273,0.7709999999999999,4
0.093,0.336,182547,0.907,1,0.451,4,0.114,-6.085,1,32,0.345,156.819,0.215,4
0.992,0.578,68500,0.00713,0,0.711,6,0.104,-22.499,0,57,0.0972,122.316,0.348,1
0.00257,0.515,209558,0.8690000000000001,0,2.01e-06,11,0.21,-4.732,1,58,0.0672,93.24,0.452,1
0.99,0.343,165360,0.0614,0,0.0275,4,0.0644,-19.082,1,0,0.0495,132.887,0.0391,10
5.17e-05,0.377,251333,0.937,0,0.578,5,0.0676,-4.898,1,55,0.0649,120.532,0.375,2
0.936,0.257,206867,0.198,0,1.05e-05,7,0.111,-17.386,1,7,0.0316,78.615,0.197,6
0.911,0.115,175040,0.328,0,0.7709999999999999,7,0.101,-11.154000000000002,0,53,0.0416,51.096,0.0611,3
0.0159,0.465,203227,0.636,0,0.00506,7,0.153,-10.184,1,23,0.08900000000000001,92.871,0.7879999999999999,6
0.601,0.529,142360,0.551,0,0.75,7,0.371,-12.874,1,16,0.0343,134.401,0.84,6
0.816,0.462,192840,0.327,0,0.000243,0,0.0889,-12.863,1,14,0.0318,140.45,0.6779999999999999,7
0.501,0.725,282907,0.7879999999999999,0,0.568,11,0.292,-8.312000000000001,0,44,0.0837,144.418,0.942,4
0.995,0.583,134844,0.419,0,0.785,0,0.324,-9.928,1,0,0.09,140.543,0.931,7
0.944,0.397,192027,0.165,0,0.0,0,0.0803,-13.51,1,0,0.0485,131.322,0.321,9
0.413,0.659,178286,0.672,1,0.0,9,0.125,-7.442,1,62,0.264,139.868,0.452,1
0.737,0.7659999999999999,174160,0.603,0,0.0,5,0.115,-11.759,1,33,0.0438,115.957,0.98,4
0.911,0.128,120790,0.00154,0,0.944,4,0.0893,-36.356,1,63,0.0519,78.291,0.0377,1
0.16399999999999998,0.483,225880,0.757,0,0.00328,0,0.184,-5.249,1,36,0.0296,134.04,0.386,4
0.856,0.502,227706,0.4,0,0.000375,7,0.333,-13.697,0,68,0.0294,127.182,0.435,5
0.993,0.629,160659,0.238,0,0.431,0,0.115,-11.720999999999998,1,0,0.4270000000000001,175.01,0.616,8
0.262,0.601,219067,0.365,0,7.18e-05,7,0.246,-9.205,1,46,0.0261,71.95,0.234,2
0.113,0.5539999999999999,353720,0.7909999999999999,0,1.76e-05,7,0.166,-8.326,1,38,0.0288,91.108,0.6970000000000001,5
0.616,0.613,297293,0.277,0,0.0,2,0.0854,-18.312,0,12,0.038,81.214,0.616,7
0.277,0.574,209200,0.53,0,0.0,7,0.134,-9.766,0,49,0.0588,167.483,0.721,2
0.956,0.38,668413,0.255,0,0.785,9,0.0565,-10.344,1,2,0.0425,112.066,0.165,7
0.726,0.479,210888,0.417,0,0.0,6,0.0831,-7.263,0,54,0.0325,140.658,0.387,1
0.995,0.41,114427,0.00824,0,0.935,4,0.0719,-30.419,0,26,0.0563,64.956,0.0362,5
0.696,0.696,214893,0.6709999999999999,0,0.0311,2,0.13699999999999998,-9.246,1,38,0.0824,102.256,0.325,5
0.073,0.662,191786,0.823,0,0.0,9,0.0833,-4.7,1,67,0.0971,118.958,0.435,1
0.754,0.499,154341,0.406,0,4.17e-05,5,0.116,-12.104,0,42,0.0712,136.329,0.8370000000000001,7
0.5329999999999999,0.434,249400,0.28600000000000003,0,0.000164,6,0.105,-10.803,0,59,0.0296,136.924,0.122,2
0.975,0.464,174493,0.0536,0,0.0,7,0.17800000000000002,-16.162,1,6,0.0307,77.178,0.28800000000000003,7
0.000849,0.431,212400,0.952,0,0.522,2,0.0276,-8.956,1,32,0.11,160.952,0.407,3
0.995,0.6609999999999999,179493,0.131,0,0.845,7,0.115,-14.465,1,0,0.0614,116.622,0.667,10
0.0201,0.514,170600,0.767,0,0.0514,7,0.107,-14.048,1,25,0.0351,137.642,0.648,6
0.0114,0.55,223653,0.917,0,0.0,11,0.221,-5.075,1,55,0.096,156.958,0.879,2
0.765,0.0872,101206,0.62,0,0.953,3,0.6459999999999999,-7.794,1,1,0.0426,77.028,0.471,8
0.944,0.239,202173,0.297,0,0.228,9,0.117,-13.824000000000002,1,56,0.0367,139.80100000000002,0.32299999999999995,3
0.96,0.251,217667,0.12,0,0.000769,4,0.111,-15.419,1,47,0.0364,85.385,0.126,3
0.612,0.544,280427,0.593,0,6.75e-06,6,0.146,-5.8870000000000005,1,51,0.0362,135.877,0.139,2
0.6970000000000001,0.546,148333,0.293,0,0.000108,3,0.116,-14.206,1,32,0.0358,143.079,0.366,5
0.741,0.569,315067,0.677,0,6.7e-05,1,0.0629,-4.997,1,21,0.0912,103.569,0.901,5
0.892,0.615,190440,0.338,0,0.00218,5,0.0837,-10.603,1,0,0.14400000000000002,93.704,0.973,8
0.00209,0.405,272347,0.966,0,0.192,9,0.16399999999999998,-5.096,1,34,0.0733,116.395,0.476,4
0.982,0.655,252573,0.245,0,0.924,1,0.0734,-19.796,1,34,0.162,119.682,0.272,5
0.915,0.429,86160,0.0876,0,0.948,8,0.0965,-17.999000000000006,1,36,0.0356,120.363,0.4320000000000001,5
0.987,0.706,198533,0.16699999999999998,0,0.885,3,0.0941,-16.867,1,0,0.0792,118.346,0.486,7
0.71,0.388,149705,0.8190000000000001,0,0.0,0,0.106,-9.349,1,34,0.103,174.261,0.7090000000000001,3
0.0242,0.7190000000000001,95500,0.213,1,5.51e-05,2,0.0967,-21.856,1,0,0.787,125.58,0.4970000000000001,8
0.00413,0.349,174333,0.93,1,0.0517,0,0.506,-3.575,1,43,0.114,113.05,0.466,2
0.00598,0.418,241493,0.764,0,0.0,5,0.149,-3.307,0,53,0.0559,175.669,0.33,1
0.775,0.362,140573,0.265,0,3.79e-05,9,0.0966,-14.208,1,15,0.0328,90.523,0.3,6
0.994,0.267,208013,0.231,0,0.938,8,0.177,-18.201,1,0,0.0364,78.753,0.277,10
